1,GLY,1.531,0.84679203539823,1.20404,0.28837,-0.0113699999999998,0,0.0,0,0.0,0.4556,0.0,1.0,0.5062,0.4168849299999999,0.8067550699999999,1.14458562,1.40916851,-0.187506895,-0.365636437,-0.0288770975,-0.0822177217,1.7659024140000013,-2.4217591179999998,0.2936266525999998,-0.5714421147
2,PRO,1.521,0.6820627802690583,1.76614,0.8059000000000001,-0.0968999999999999,2,0.5,0,0.0,0.3222,0.3764,0.8594,0.3827,0.55485259,1.06797774,1.5010897,1.8224833,-0.448083951,-0.8744391169999999,-0.0687564136,-0.1961062286,1.886151363999998,-3.650625771,0.2963957952999998,-0.8304121482000004
3,GLY,0.961,0.5315265486725663,0.99951,0.61202,0.23498,2,0.4,0,0.0,0.4556,0.0,1.0,0.5062,0.5548009,1.06756689,1.4997179000000005,1.81928098,-0.4030373232999999,-0.7782688472,-0.07309249271,-0.20648587184,1.8798483009999991,-3.545635878399999,0.3440918014999997,-0.9734118699899998
4,GLY,0.852,0.4712389380530973,0.89426,0.8221400000000001,0.1338599999999999,3,0.428571428571429,0,0.0,0.4556,0.0,1.0,0.5062,0.97345353,1.88805135,2.68909547,3.3298703900000004,-0.6835763124,-1.332497873,-0.1056784159,-0.3007240478,5.148516138000008,-8.41384391000001,0.7868504638,-1.8411940575999983
5,GLY,0.407,0.2251106194690265,0.95711,0.88266,0.51834,4,0.363636363636364,1,0.0909090909090909,0.4556,0.0,1.0,0.5062,1.3921371500000002,2.7087762100000004,3.87925737,4.84223517,-1.0522302058,-2.0520881277000003,-0.16106061812,-0.4584779766,6.643932010999979,-11.198788689799995,1.0001341301999995,-2.519149312099997
6,PRO,1.117,0.5008968609865471,1.87364,1.11087,0.0021299999999999,4,0.210526315789474,1,0.0526315789473684,0.3222,0.3764,0.8594,0.3827,1.5308630199999995,2.97581715,4.2545038900000005,5.297258,-1.334504736,-2.598869045,-0.21063669656,-0.5990985427000001,6.807188534000014,-13.891772115000007,0.9781841464000014,-2.9139350883999997
7,GLY,0.404,0.2234513274336283,0.81513,0.94582,0.45818,1,0.0625,0,0.0,0.4556,0.0,1.0,0.5062,1.25153875,2.42709762,3.45593588,4.277386310000001,-1.0914188396000002,-2.1253455265,-0.1736672248,-0.4942468573999999,6.710452208999997,-9.128661181200012,1.1159181408000023,-2.1736830796999995
8,GLY,1.022,0.5652654867256637,1.06414,0.59632,0.18968,1,0.111111111111111,0,0.0,0.4556,0.0,1.0,0.5062,1.2529135,2.43784507,3.49123855,4.3580502,-1.0097997046000002,-1.9614369255,-0.16542927778,-0.4690980422,6.992719711999979,-9.571380037999992,1.0930700644,-2.440343541100001
9,SER,0.441,0.2026654411764705,1.46839,1.2178599999999995,0.5171400000000004,4,0.2,0,0.0,0.4111,0.1877,0.8514,0.5309,1.8091811900000003,3.51667106,5.02723614,6.258094579999999,-1.1470666316340004,-2.2448083595299995,-0.165723410191,-0.473740417287,8.611149138,-16.887940806530022,1.3026892064999973,-3.693145738187
10,HIS,1.673,0.6050632911392405,3.01005,1.1240800000000002,-0.0320800000000001,2,0.181818181818182,0,0.0,0.1444,0.561,0.1124,0.679,1.11235024,2.15642468,3.06870741,3.7948313,-0.6186571161299999,-1.1899514523699997,-0.118175389826,-0.3327883970699999,9.531211926000028,-10.010184144349967,1.627754874500005,-2.757330247720005
11,MET,1.749,0.5865191146881288,2.5525800000000003,0.93503,0.2979700000000002,2,0.285714285714286,0,0.0,0.7111,0.6196,0.0,0.0988,1.25287453,2.43754372,3.4902598199999995,4.35584753,-1.1304838326,-2.2050151855000006,-0.1724307223299999,-0.4908783391699998,9.555444333999938,-13.0573445305,1.4123279080000035,-2.979467585799996
12,GLY,0.247,0.1366150442477876,0.74759,0.98121,0.57979,4,0.235294117647059,0,0.0,0.4556,0.0,1.0,0.5062,1.3897938600000002,2.69051359,3.81947043,4.706248,-1.2876294267,-2.5080017495000004,-0.2027081962299999,-0.5766892562,7.972619971000005,-11.830751491000012,1.2764232900000017,-2.7784974460999994
13,GLY,0.848,0.4690265486725663,0.94309,0.6603899999999998,0.2996100000000002,3,0.2,0,0.0,0.4556,0.0,1.0,0.5062,1.39098319,2.69976631,3.84970616,4.77485204,-0.9444339765,-1.8348588818,-0.1547527146499999,-0.4390803393299999,9.69539131099994,-18.792398100999996,1.588826063699997,-4.54128749225
14,ASN,0.734,0.3002044989775051,2.22349,1.30418,0.4068199999999999,5,0.333333333333333,1,0.0666666666666667,0.1111,0.3976,0.6747,0.8272,1.80969586,3.5206963900000003,5.040463900000001,6.288337139999999,-0.6660024716999998,-1.2932464788999998,-0.11045628061,-0.3133584026000001,9.450437439000018,-13.862537659399994,1.6320219933999949,-3.675338298699993
15,TYR,0.7,0.2053990610328638,3.63864,1.86577,0.8422300000000003,5,0.384615384615385,0,0.0,0.3556,0.8063,0.502,0.1605,1.53050308,2.97305067,4.24558088,5.27737032,-1.0912420066,-2.1188006665999994,-0.18073895008,-0.51255337813,7.14289902500001,-9.982298266600004,1.1789827310999976,-2.506148119000004
16,GLY,0.427,0.2361725663716814,0.83967,0.96599,0.41501,1,0.0909090909090909,0,0.0,0.4556,0.0,1.0,0.5062,1.25153705,2.42709705,3.4559796499999997,4.27762756,-1.7000336309900002,-3.29570168578,-0.2893534135579999,-0.8196897010179999,5.645273502999995,-6.988073827450004,0.9843392763999984,-2.031525037555
17,ASP,0.76,0.2834763148079074,2.08901,1.1657300000000002,0.7552699999999999,0,0.0,0,0.0,0.1111,0.3239,0.8675,1.0,1.66980395,3.24454514,4.63531398,5.765056820000001,-1.92435298412,-3.7451808379,-0.3090240750849999,-0.8789187944999998,5.106232508000005,-5.992627913700003,0.8111365942000013,-1.4738167624999992
18,ASP,1.013,0.3778440880268556,2.39183,0.94784,0.7201600000000001,0,0.0,0,0.0,0.1111,0.3239,0.8675,1.0,1.66973454,3.24402786,4.63370421,5.761655080000001,-2.4105486272099994,-4.68270204645,-0.3970512568279999,-1.1268158935230002,4.281281804000003,-5.546027671150004,0.6769168633999998,-1.4013447984289995
19,ARG,1.346,0.4014315538323889,3.53067,1.52967,0.4773300000000002,0,0.0,0,0.0,0.0,0.7346,0.9398,0.6914,2.22801948,4.338670570000001,6.22181023,7.781229490000002,-1.4985671198230002,-2.91311133311,-0.2432797283239999,-0.690628039678,5.459987054000008,-5.780850282399996,0.8614789123000006,-1.4587754877199988
20,ARG,1.529,0.4560095436922158,3.52066,1.43669,0.3873100000000002,3,0.136363636363636,0,0.0,0.0,0.7346,0.9398,0.6914,2.50712041,4.885607150000001,7.014396619999999,8.7870521,-1.4049933059500002,-2.7275350074700007,-0.2344205534229999,-0.66502140451,5.695971966999987,-6.105665495999999,0.8971912290000004,-1.54259419406
21,GLY,0.166,0.0918141592920354,0.61665,1.02493,0.61707,6,0.272727272727273,0,0.0,0.4556,0.0,1.0,0.5062,2.5077698400000004,4.890662519999999,7.030923490000001,8.824569339999998,-1.3197188850300003,-2.5714057795,-0.20704868675,-0.5893304924999999,7.39055830799999,-8.8732151955,1.1245459217000011,-2.08284042162
22,GLY,0.433,0.2394911504424778,0.80293,0.94208,0.4329199999999999,5,0.25,0,0.0,0.4556,0.0,1.0,0.5062,1.8089634300000004,3.51499937,5.0218487,6.24609872,-1.5355566247600003,-2.9897557687000003,-0.24400382299,-0.6940405216700002,10.209560408,-12.833539729699998,1.6448539732999974,-2.9970205450199985
23,ARG,1.986,0.5923053981509095,3.84092,1.02685,0.3401500000000002,4,0.235294117647059,0,0.0,0.0,0.7346,0.9398,0.6914,1.52997039,2.96885346,4.23168388,5.245281589999999,-1.7215007242999998,-3.330010721700001,-0.3043564314400001,-0.8610391179200004,9.963327077999994,-10.671369074699996,1.6992027088999957,-2.7638098548600025
24,GLY,0.538,0.2975663716814159,0.95889,0.80284,0.46716,4,0.19047619047619,0,0.0,0.4556,0.0,1.0,0.5062,2.5075223,4.88874724,7.02470335,8.81057581,-1.6812903196000004,-3.2767895455,-0.2614645049199999,-0.74415278247,6.761937787999999,-9.374769284099994,1.0210516380999994,-2.158776816699998
25,GLY,0.423,0.2339601769911504,0.7953100000000001,0.99359,0.3914099999999999,4,0.142857142857143,0,0.0,0.4556,0.0,1.0,0.5062,2.50520721,4.8707198400000005,6.965734800000001,8.676593379999998,-1.7446171573199998,-3.38832479193,-0.2883402467840001,-0.8181244670600001,5.149276286000004,-9.563201671000003,0.7821148052999992,-2.1416076861
26,TYR,0.779,0.2285798122065727,3.45667,1.92706,0.7019399999999998,10,0.344827586206897,0,0.0,0.3556,0.8063,0.502,0.1605,2.2253032699999995,4.317375470000001,6.15165916,7.62033082,-1.7224123838100005,-3.342150605390001,-0.2920801215119999,-0.8289762994749998,5.180337862000012,-7.443215050999997,0.8652530358999996,-1.8388015998600011
27,ASP,1.199,0.4472211861245804,2.27137,1.08722,0.3947800000000001,2,0.25,0,0.0,0.1111,0.3239,0.8675,1.0,1.81078687,3.5292257899999995,5.068479180000001,6.352341919999999,-1.6770558697100009,-3.27282583157,-0.2547466676220001,-0.7259309814460001,6.527872975999991,-9.30483193329,0.9682569604999998,-2.1294975774360005
28,ARG,2.002,0.5970772442588725,3.65717,1.06929,0.2817100000000003,2,0.285714285714286,1,0.142857142857143,0.0,0.7346,0.9398,0.6914,1.25288722,2.43766104,3.4907094999999995,4.35707374,-1.1730909076399998,-2.28946282975,-0.1768889783309999,-0.5038468218739999,7.817383332000013,-5.776071467920004,1.2234506109999994,-1.3667565834039996
29,GLY,0.703,0.3888274336283185,0.92442,0.81233,0.29267,3,0.3,1,0.1,0.4556,0.0,1.0,0.5062,1.25282952,2.43719592,3.48913151,4.353313470000001,-1.4995597147699995,-2.9298250706,-0.2214330579100001,-0.6313727471199999,6.837358921000012,-5.774051956599998,1.0539970174999986,-1.3844289785400017
30,GLY,0.0,0.0,0.58921,1.1080100000000002,0.6999899999999999,4,0.235294117647059,3,0.176470588235294,0.4556,0.0,1.0,0.5062,1.6701607900000002,3.24732258,4.644392870000001,5.785664679999999,-1.6348991924,-3.185799547,-0.2563642105300001,-0.7298321895,5.702084963000015,-2.762508028800001,0.8535071707000006,-0.6439962782999993
31,TYR,1.378,0.4043427230046948,3.68703,1.32811,0.7018900000000001,3,0.333333333333333,4,0.444444444444444,0.3556,0.8063,0.502,0.1605,1.25268183,2.43603524,3.4852981499999998,4.34449039,-1.21418916009,-2.35897305044,-0.1979935932499999,-0.5614964825569999,5.612071152000002,-6.291060439399999,0.9256155409999997,-1.6613348635600027
32,ARG,1.419,0.4232031016999701,3.5727,1.44104,0.4929600000000003,5,0.5,3,0.3,0.0,0.7346,0.9398,0.6914,1.531952,2.9843404499999995,4.28253574,5.361412539999999,-1.37579034523,-2.6918220660299994,-0.198553963375,-0.5672173186099999,6.17742132699999,-7.741075541790008,0.8870173795000006,-1.69939510373
33,GLY,0.696,0.3849557522123893,0.95438,0.75169,0.3603100000000001,4,0.571428571428571,1,0.142857142857143,0.4556,0.0,1.0,0.5062,0.6941954,1.33983146,1.8921091000000003,2.31343268,-0.6333609377,-1.221331617,-0.1168602708,-0.3296920470999999,4.385838601999992,-7.805830560000009,0.8056482456000004,-2.279346412400001
34,ARG,2.357,0.7029525797793021,3.82194,0.95274,0.04326,3,0.5,1,0.166666666666667,0.0,0.7346,0.9398,0.6914,0.6944295100000001,1.34167293,1.89819722,2.32746464,-0.6408497919999999,-1.248193777,-0.1013775919,-0.2885055946,4.401523133000004,-8.626448897999985,0.6810128874999992,-1.9775563690000035
35,GLY,0.64,0.3539823008849557,0.97281,0.7378499999999999,0.4301500000000002,1,0.2,0,0.0,0.4556,0.0,1.0,0.5062,0.6943197700000001,1.34080699,1.8953249,2.32081568,-0.5539229357000001,-1.072528658,-0.0961667638499999,-0.2721583648,4.747198849000004,-6.109340109000009,0.7992839448999987,-1.5108313815000018
36,GLY,0.843,0.4662610619469026,0.91818,0.7732600000000001,0.19174,2,0.25,0,0.0,0.4556,0.0,1.0,0.5062,1.2526618900000002,2.4358729999999995,3.4847429,4.34315276,-0.5662510467,-1.1097883455,-0.07779289692,-0.2223599810999999,6.214834209999975,-5.956081865400002,0.9057306790999996,-1.2134170032
37,ASP,1.217,0.4539350988437151,2.47981,0.96792,0.4960799999999999,0,0.0,1,0.2,0.1111,0.3239,0.8675,1.0,1.11335194,2.1642751,3.09456173,3.85411297,-0.94613137353,-1.8477367628,-0.1401960870559999,-0.3993864297700001,6.262156658000009,-9.40202565270001,0.8420738075000007,-1.85878748709
38,ARG,2.508,0.747986877423203,4.0984,0.73047,0.1145300000000002,0,0.0,1,0.2,0.0,0.7346,0.9398,0.6914,0.83380039,1.61376175,2.2900423400000003,2.8204652,-1.1743245266999998,-2.2938525454,-0.17498303627,-0.4990317505799999,5.307935423999979,-11.575801925600002,0.7998922926,-2.511124992250001
39,GLY,0.85,0.4701327433628318,1.01513,0.78698,0.17102,0,0.0,1,0.166666666666667,0.4556,0.0,1.0,0.5062,0.8340500800000001,1.61571884,2.29648815,2.8352453800000004,-0.9136887824700002,-1.78359137125,-0.137575140648,-0.392035248676,5.298424336999992,-8.332547774699998,0.8723350646000012,-2.0074355572899987
40,GLY,0.957,0.5293141592920354,0.95445,0.76896,0.0820400000000001,0,0.0,0,0.0,0.4556,0.0,1.0,0.5062,1.11307418,2.1620974,3.08738697,3.8376533399999992,-1.4276928722899995,-2.78542986783,-0.217517373819,-0.61956925101,6.207820402999984,-8.544493842979989,0.9640546326999996,-1.9035614671799996
41,PHE,1.063,0.3419105821807655,3.4318,1.6700500000000005,0.37595,1,0.0909090909090909,0,0.0,0.8111,0.783,0.0763,0.037,1.95024507,3.802024180000001,5.462750590000001,6.85118019,-1.666832284,-3.2454744674700007,-0.263027138148,-0.747753276586,7.821279982999996,-7.138697306480005,1.1947000571999975,-1.773673214074002
42,ARG,0.739,0.2203996421115419,3.3738,1.7106600000000003,0.90334,2,0.117647058823529,2,0.117647058823529,0.0,0.7346,0.9398,0.6914,2.9266592900000004,5.71301863,8.22652244,10.3496017,-1.5519572430400002,-3.0286976689000005,-0.2353857768049999,-0.67069931001,5.6236634509999925,-6.684190812300001,0.8305997081999995,-1.5045951467900012
43,GLY,0.027,0.014933628318584,0.6552899999999999,1.10212,0.6788800000000001,2,0.0689655172413793,0,0.0,0.4556,0.0,1.0,0.5062,2.50551042,4.873057690000001,6.973307200000002,8.693575659999999,-2.13871579087,-4.146842242250001,-0.3633764955319998,-1.029647809273,4.636518249999995,-8.481346211359998,0.7264674126000001,-1.9545153969629996
44,GLY,0.027,0.014933628318584,0.66757,1.13834,0.6426600000000002,1,0.0277777777777778,0,0.0,0.4556,0.0,1.0,0.5062,2.36424994,4.58624366,6.53324906,8.0908783,-1.5862412152699998,-3.0748124647799995,-0.272213850818,-0.7715854768799999,6.357089354000005,-8.794413749159997,1.0677035008999995,-2.1608147962999995
45,ARG,1.512,0.4509394572025052,3.40459,1.48489,0.3561100000000001,0,0.0,0,0.0,0.0,0.7346,0.9398,0.6914,1.9482033900000004,3.78603932,5.41016431,6.730780939999999,-2.2288877151,-4.337510387299999,-0.3562039983560001,-1.01245347276,5.530626775000001,-8.619370105900005,0.944338430099999,-2.156635073850002
46,GLY,0.492,0.2721238938053097,0.8050499999999999,0.85984,0.45616,0,0.0,0,0.0,0.4556,0.0,1.0,0.5062,1.8114922,3.5347916400000003,5.08694546,6.395102849999999,-2.0885278193400008,-4.081942034760001,-0.305412957276,-0.8709300583599996,7.945425893000005,-9.871907375449998,1.1559509191000004,-2.2129908147899977
47,GLY,0.951,0.5259955752212389,0.94639,0.66931,0.1876900000000001,0,0.0,0,0.0,0.4556,0.0,1.0,0.5062,1.11336699,2.16438792,3.09491401,3.85486086,-1.4908973210999996,-2.9035085344,-0.23397279607,-0.6651395274999999,8.987791642000005,-10.0254917042,1.4681601102000037,-2.5470674889200007
48,GLY,0.48,0.2654867256637168,0.96993,0.93815,0.3898500000000001,0,0.0,0,0.0,0.4556,0.0,1.0,0.5062,1.39151093,2.70387006,3.86310655,4.805222720000001,-0.7023888516600001,-1.3741092739000005,-0.1023579294,-0.2925435295299999,7.701749701000014,-3.143258154000001,1.2017035284000013,-0.6779442661600001
49,ASP,1.449,0.5404699738903395,2.55928,0.8315899999999999,0.40041,0,0.0,0,0.0,0.1111,0.3239,0.8675,1.0,0.97320695,1.88612667,2.6827853800000003,3.31548952,-0.5509237292099999,-1.05806862566,-0.1073060793779999,-0.301837086834,9.73222895900002,-7.3780183646000035,1.6069212204999943,-2.1675872850399984
50,ARG,2.357,0.7029525797793021,4.02379,0.8597899999999999,0.13621,0,0.0,0,0.0,0.0,0.7346,0.9398,0.6914,1.39137341,2.70281006,3.85967672,4.79754646,-1.0484460474,-2.0458544969,-0.159874268696,-0.45562088682,12.738366088999976,-10.459480305399996,1.919200676000009,-2.3607498241799987
51,GLY,0.367,0.2029867256637168,0.8444799999999999,0.95143,0.4895699999999999,2,0.111111111111111,0,0.0,0.4556,0.0,1.0,0.5062,1.52953329,2.96546262,4.220633460000001,5.220297159999999,-1.2103145118999998,-2.355172686299999,-0.1947627628799999,-0.55385645574,11.978948050999993,-12.904730104600016,1.921311893900001,-3.081101108679998
52,GLY,0.835,0.4618362831858407,0.9296,0.7365499999999999,0.2364500000000001,2,0.222222222222222,0,0.0,0.4556,0.0,1.0,0.5062,1.11246229,2.15730907,3.071642270000001,3.80162795,-1.292006677133,-2.514822753905,-0.20484562124,-0.582092081152,12.294385783000054,-17.448753662184963,1.9443393590000064,-4.116217954906007
53,PHE,1.102,0.3544548086201351,3.45993,1.59233,0.4146699999999996,4,0.444444444444444,0,0.0,0.8111,0.783,0.0763,0.037,1.39203224,2.7079601,3.8765917500000007,4.83619055,-1.4249504276299998,-2.785421425399999,-0.20998320002,-0.59941496686,10.336917072000034,-15.9437747491,1.5852900438000002,-3.5187825750099946
54,GLY,0.704,0.3893805309734512,0.93727,0.83446,0.2695400000000001,3,0.5,0,0.0,0.4556,0.0,1.0,0.5062,1.2532799100000005,2.4407217,3.50072852,4.37985801,-1.623475630599999,-3.179983205400001,-0.2265339651899999,-0.6472759055,7.201140389999992,-12.729962351999994,1.021324813,-2.637869390099999
55,PRO,1.342,0.6017937219730942,2.02022,0.96217,-0.0741700000000001,2,0.5,0,0.0,0.3222,0.3764,0.8594,0.3827,0.69416885,1.33963542,1.89150454,2.3121729,-0.7808556610999999,-1.5144002944,-0.1320356419,-0.3741443513,3.762962202,-5.783151062399996,0.6611207247000009,-1.5034890523000013
56,GLY,0.903,0.4994469026548672,0.93124,0.6800900000000001,0.2249099999999999,1,0.333333333333333,0,0.0,0.4556,0.0,1.0,0.5062,0.6945988500000001,1.34299602,1.90253943,2.33737311,-0.7643078945000001,-1.4876408790000002,-0.1220244919,-0.3469441123,3.770509551,-6.7503936760000025,0.6012290650000003,-1.6458811782000016
57,LYS,1.621,0.5203852327447833,2.95488,1.18317,0.3108300000000001,2,0.4,0,0.0,0.0667,0.6942,0.6867,0.7901,0.8338292900000001,1.61399053,2.29080326,2.82223277,-0.8919331736,-1.7281947763000003,-0.1524901635499999,-0.43161051186,4.863298070000004,-8.355957952399994,0.8275941733000006,-2.2058008302200007
58,MET,1.257,0.4215291750503017,2.2071,1.27489,0.4501100000000002,5,0.625,0,0.0,0.7111,0.6196,0.0,0.0988,1.53183129,2.98339458,4.279420200000001,5.35426762,-0.6402373006500002,-1.24713956784,-0.100145559693,-0.28477358658,7.589805564000001,-8.140984671599997,1.1204399703000014,-1.8404337244100024
59,ASP,0.638,0.237970906378217,2.04116,1.29263,0.7503700000000002,2,0.153846153846154,1,0.0769230769230769,0.1111,0.3239,0.8675,1.0,1.39075806,2.69801429,3.84397461,4.7618236000000005,-0.8285138161,-1.6096254386,-0.13597752001,-0.38583917323,5.612960088000007,-5.780559844299994,0.921824980099998,-1.5005935234299996
60,SER,0.469,0.2155330882352941,1.4948500000000002,1.19479,0.5122100000000003,0,0.0,1,0.0769230769230769,0.4111,0.1877,0.8514,0.5309,1.53074443,2.9748982700000006,4.25151632,5.29052459,-1.0786767406,-2.103442106,-0.16582091456,-0.4720919750999999,5.897160259999993,-7.193482327600004,0.8915546312000004,-1.6209796640999987
61,ARG,2.177,0.6492693110647182,3.73601,1.03993,0.1360700000000001,0,0.0,1,0.142857142857143,0.0,0.7346,0.9398,0.6914,0.97278676,1.88285627,2.67209314,3.2912127800000004,-0.9728813365000002,-1.88210134122,-0.1706112785449999,-0.4823714679039998,3.885477606999992,-5.490347327760003,0.642693112499999,-1.4213524603119996
62,GLY,0.617,0.3412610619469026,0.94887,0.7734300000000001,0.41757,1,0.111111111111111,1,0.111111111111111,0.4556,0.0,1.0,0.5062,0.97184662,1.87551413,2.64800475,3.2362624,-1.0238928500000002,-1.978170923,-0.1853021264,-0.5240286150000002,4.313477429999997,-7.458008997000001,0.7490498046000003,-1.9644833029999995
63,GLU,1.494,0.5476539589442815,2.8506400000000003,1.05154,0.1824600000000003,0,0.0,0,0.0,0.1111,0.4884,0.8112,0.9136,1.11302688,2.16174602,3.08629707,3.83536054,-0.9090102665,-1.7769540766999996,-0.1330918169,-0.3797449813,4.0518798109999965,-6.855223371200001,0.5861258208000004,-1.502779843700001
64,HIS,2.382,0.8614828209764919,3.45073,0.69741,-0.3144099999999999,0,0.0,0,0.0,0.1444,0.561,0.1124,0.679,0.83398064,1.6151657,2.29463576,2.83090345,-0.6969556020000001,-1.352118071,-0.11709969256,-0.3318784328999999,3.4120922399999976,-7.8765095170000015,0.5826646105000001,-1.979683367400001
65,ARG,1.956,0.5833581866984789,3.60791,1.25846,0.1385400000000001,0,0.0,0,0.0,0.0,0.7346,0.9398,0.6914,0.69429874,1.34066128,1.89491248,2.32007789,-0.552663619,-1.071720194,-0.0940309674,-0.2665646475,1.8396812999999987,-5.177227314,0.3453739640000001,-1.4013772670000009
66,GLN,1.719,0.5979130434782609,2.84712,0.8437699999999999,0.31223,0,0.0,0,0.0,0.1111,0.5388,0.7952,0.6914,0.69458758,1.3429110699999998,1.90227208,2.33679908,-0.551659383,-1.077480307,-0.0819814583,-0.233691831,1.8489519200000013,-5.350821985999999,0.2682734847999999,-1.1272864030000007
67,ASP,0.69,0.2573666542334949,2.10074,1.3176899999999998,0.6733100000000003,0,0.0,0,0.0,0.1111,0.3239,0.8675,1.0,0.69418939,1.3397993,1.8920556,2.31347109,-0.3124628890000001,-0.606666287,-0.0519780623999999,-0.147457961,1.84557454,-2.641761646000002,0.2952630036000001,-0.5767252079999995
68,ARG,2.532,0.7551446465851476,4.05189,0.74526,0.0757400000000001,0,0.0,0,0.0,0.0,0.7346,0.9398,0.6914,0.6946142100000001,1.34312121,1.90296922,2.33841335,-0.4616673,-0.895236001,-0.0782284949,-0.221654261,1.1394815919999997,-2.344563605000001,0.1760870934,-0.549526587
69,ARG,2.455,0.7321801371905756,4.07933,0.8258000000000001,0.0722,0,0.0,0,0.0,0.0,0.7346,0.9398,0.6914,0.5547316,1.06702638,1.49794646,1.8152453,-0.471887237,-0.909754624,-0.087654858,-0.247354851,0.8215921340000002,-1.843035055,0.1570957325,-0.505007002
70,GLU,1.794,0.657624633431085,3.05609,0.78565,0.1483500000000002,0,0.0,0,0.0,0.1111,0.4884,0.8112,0.9136,0.6944304499999999,1.34167994,1.8982188,2.32750914,-0.209537575,-0.40529219,-0.037181348,-0.1052035289999999,0.5882404800000001,-1.5169046700000002,0.101955495,-0.38697368
71,ARG,2.135,0.6367432150313151,3.65501,1.08966,0.1283400000000005,0,0.0,1,0.333333333333333,0.0,0.7346,0.9398,0.6914,0.55447252,1.065013,1.49137516,1.8003605,-0.174098008,-0.336272906,-0.03149762,-0.089012043,0.235057824,-0.6788007420000001,0.042507682,-0.179506907
72,PRO,1.594,0.7147982062780269,1.96993,0.8230899999999999,-0.1870899999999999,0,0.0,1,0.5,0.3222,0.3764,0.8594,0.3827,0.41553827,0.7963341399999999,1.1107181700000002,1.33288416,-0.185677003,-0.358607535,-0.033671037,-0.0951598529999999,0.234730572,-0.70841002,0.0449167092,-0.197193322
73,TYR,2.415,0.7086267605633804,4.77698,0.7634699999999999,0.22953,0,0.0,1,1.0,0.3556,0.8063,0.502,0.1605,0.41673559,0.80560763,1.14088664,1.40093267,-0.176821393,-0.34524872,-0.026574794,-0.075767035,0.235743864,-0.723140012,0.0369010409999999,-0.167286244
