1,GLY,1.37,0.7577433628318584,0.80065,0.48899,-0.05099,0,0.0,0,0.0,0.4556,0.0,1.0,0.5062,0.41684412,0.80643916,1.14355821,1.40685277,-0.31799870842,-0.62048975594,-0.0488606405329999,-0.13932844282,1.5722381000000007,-2.2599920626999985,0.2427706319999998,-0.5234248785399996
2,PRO,1.711,0.7672645739910314,2.0585400000000003,0.71726,-0.1982600000000001,0,0.0,0,0.0,0.3222,0.3764,0.8594,0.3827,0.41553827,0.7963341399999999,1.1107181700000002,1.33288416,-0.4227135223,-0.812460739,-0.0816929576,-0.2299677285999999,1.56487048,-3.1650451679999985,0.299444728,-0.9384943736
3,GLY,0.697,0.385508849557522,0.94985,0.7717399999999999,0.3392600000000003,0,0.0,0,0.0,0.4556,0.0,1.0,0.5062,0.9733511,1.88725022,2.6864629200000003,3.32385198,-0.5899559930400001,-1.14901267626,-0.09325485672,-0.26533282479,6.492285712000026,-8.341584284299994,0.9368981789000002,-1.8604006626499991
4,GLY,0.832,0.4601769911504424,1.03568,0.7533500000000001,0.22265,1,0.1,0,0.0,0.4556,0.0,1.0,0.5062,1.1126130600000002,2.15846712,3.07537382,3.80993218,-0.5740614876999999,-1.112180687,-0.09882299216,-0.27983125262,6.915140163999999,-10.2785566104,1.084774400800001,-2.368365041029997
5,GLY,0.384,0.2123893805309734,0.8712399999999999,1.04848,0.3755199999999998,3,0.1875,1,0.0625,0.4556,0.0,1.0,0.5062,1.39135668,2.70264429,3.8590107,4.79565251,-0.6369136301,-1.2368738921000004,-0.10577289377,-0.3001608159,7.630456878000025,-9.292224728500006,1.1317781447000013,-2.055603056480001
6,PRO,1.521,0.6820627802690583,1.47135,0.84218,-0.1331799999999999,2,0.222222222222222,0,0.0,0.3222,0.3764,0.8594,0.3827,1.11291071,2.16080663,3.08310093,3.82771756,-0.6416302209999999,-1.2488082190000005,-0.1026814970399999,-0.2919830535,7.593331679999993,-9.218570060000006,1.0975703819000011,-2.0120776904
7,GLY,0.636,0.3517699115044247,0.98152,0.7083999999999999,0.4636000000000002,1,0.111111111111111,0,0.0,0.4556,0.0,1.0,0.5062,0.83390427,1.6145724499999998,2.29270021,2.82652158,-0.5503327998999998,-1.0667722286,-0.0940508470499999,-0.2664715982999999,6.328087154999984,-6.5860057388,0.9695351852000024,-1.5343187785999992
8,GLY,0.633,0.3501106194690265,0.90781,0.8238599999999999,0.3511400000000001,1,0.111111111111111,0,0.0,0.4556,0.0,1.0,0.5062,0.97343527,1.88791261,2.68865522,3.32891298,-0.5963559101599999,-1.1541710702,-0.1039745239,-0.2940778006,5.810451235000001,-6.405502758399991,0.9370953800000004,-1.7172381091
9,SER,0.733,0.3368566176470587,1.5593199999999998,1.07523,0.3677699999999999,2,0.125,1,0.0625,0.4111,0.1877,0.8514,0.5309,1.5306398599999995,2.97403303,4.24850375,5.28311547,-0.5626911592,-1.0967002197000002,-0.08791631177,-0.2503239347,5.859344313999991,-6.996581289399987,0.8820943204999965,-1.5387757374000004
10,HIS,1.353,0.4893309222423146,2.98084,1.13971,0.2722900000000001,2,0.166666666666667,3,0.25,0.1444,0.561,0.1124,0.679,1.81005155,3.523492079999999,5.04970067,6.30960584,-0.6999098064,-1.367888835,-0.1031385449,-0.2942857267,5.853230621000003,-10.137814031,0.9264455836,-2.417342166100002
11,MET,1.915,0.642186452045607,2.7668,0.75944,0.3075600000000001,3,0.375,3,0.375,0.7111,0.6196,0.0,0.0988,1.1131451099999998,2.1626612899999995,3.08927375,3.84207071,-0.6452582374600002,-1.2409293711999998,-0.12307343307,-0.34641474593,6.596582543999984,-6.449017587900007,1.0548755922000022,-1.777756653700002
12,GLY,0.326,0.1803097345132743,0.7795300000000001,0.936,0.5459999999999999,5,0.357142857142857,2,0.142857142857143,0.4556,0.0,1.0,0.5062,1.2506823299999998,2.42042881,3.43412454,4.22784087,-1.0096620225,-1.9649807947,-0.1601545095799999,-0.4549690509000001,5.734270218000009,-4.218094864800001,0.9163643527,-0.904552233
13,GLY,0.866,0.4789823008849557,0.94458,0.69009,0.2519100000000001,5,0.333333333333333,2,0.133333333333333,0.4556,0.0,1.0,0.5062,1.5298710399999995,2.96804953,4.22894774,5.23873727,-0.73136294405,-1.4201675622,-0.1221387010679999,-0.34673402421,6.193606081000008,-11.100254815999994,1.0893475286000007,-2.82394559035
14,ASN,1.203,0.4920245398773006,2.34072,0.95039,0.2916099999999998,5,0.416666666666667,1,0.0833333333333333,0.1111,0.3976,0.6747,0.8272,1.81034053,3.5257323800000004,5.05698848,6.32603709,-0.6834475917999999,-1.3252512288999998,-0.1159946531,-0.3286750974,6.114813470000002,-12.138494882600003,1.0774562683999998,-3.234860998100002
15,TYR,1.156,0.3392018779342723,3.71898,1.59519,0.6568099999999997,3,0.333333333333333,0,0.0,0.3556,0.8063,0.502,0.1605,1.39110675,2.70075648,3.8530405,4.78271845,-1.6365437027999998,-3.1861019539999997,-0.2578269633,-0.7326127872299999,4.436725968000003,-6.111707847099999,0.7155579864999989,-1.4743999509000012
16,GLY,0.577,0.3191371681415929,0.82622,0.90253,0.3284700000000001,0,0.0,0,0.0,0.4556,0.0,1.0,0.5062,1.2520248,2.4308855,3.46833651,4.30559275,-2.417613948249999,-4.705701844459999,-0.3855644412200001,-1.096220107412,5.1411258139999925,-7.8940402594,0.8523322274000013,-2.0277802163500027
17,ASP,1.037,0.3867959716523685,2.23767,1.04657,0.5974300000000001,0,0.0,0,0.0,0.1111,0.3239,0.8675,1.0,1.39059234,2.69669002,3.8395246,4.75134916,-2.6506347939999992,-5.1485305444,-0.4395397859600001,-1.2477897155000002,5.493215635999995,-9.509987612399993,0.9245182531000018,-2.3729925723000003
18,ASP,0.388,0.144722118612458,1.94484,1.40479,0.8882100000000002,0,0.0,0,0.0,0.1111,0.3239,0.8675,1.0,2.22567391,4.32048113,6.16256547,7.647388350000001,-2.0078722763200005,-3.897900176699999,-0.3337467477499999,-0.9464310056459996,6.366659142000008,-5.820646203279995,0.9776346621000012,-1.4099225389860013
19,ARG,0.561,0.1673128541604533,3.1779,2.1529900000000004,0.6390099999999999,3,0.125,0,0.0,0.0,0.7346,0.9398,0.6914,2.7853703800000007,5.4260161700000005,7.785964230000001,9.74612833,-1.4703343152600006,-2.8662312895000004,-0.226674961329,-0.6449590368999999,4.006748799,-3.056698404999997,0.6297988997000002,-0.7493813708800002
20,ARG,1.415,0.4220101401729794,3.52623,1.3830200000000004,0.5549799999999998,6,0.272727272727273,0,0.0,0.0,0.7346,0.9398,0.6914,2.36763794,4.6126222,6.619525460000001,8.28688384,-1.3981844018999996,-2.7095182608000004,-0.24017080245,-0.6803532987,5.4952523260000055,-4.110451342099999,0.9042627654000016,-1.1075578591999993
21,GLY,0.177,0.0978982300884955,0.57495,1.03546,0.59554,5,0.25,0,0.0,0.4556,0.0,1.0,0.5062,2.22895511,4.3459303600000005,6.2454659800000005,7.834697609999999,-1.98394512888,-3.869157149600001,-0.3051001004349998,-0.8689095451299998,5.779132571999996,-6.9868414914,0.8725150943999993,-1.597785756440001
22,GLY,0.32,0.1769911504424778,0.78719,0.99685,0.49115,4,0.166666666666667,0,0.0,0.4556,0.0,1.0,0.5062,1.80908709,3.5159347600000004,5.02481367,6.25254697,-2.0238963757600006,-3.94181939481,-0.321001276138,-0.9136306593500004,9.464708000000003,-11.436997018700009,1.520797504899998,-2.708148037410004
23,ARG,1.916,0.5714285714285714,3.83087,1.1886100000000002,0.2483900000000001,4,0.235294117647059,0,0.0,0.0,0.7346,0.9398,0.6914,1.81040755,3.52625439,5.05869749,6.329925470000001,-1.92730736371,-3.748558115970001,-0.311377455442,-0.8846877454500003,9.783328401000038,-11.74698015022,1.533032253700005,-2.8231488326799985
24,GLY,0.25,0.1382743362831858,0.8201900000000001,0.91222,0.64578,3,0.125,0,0.0,0.4556,0.0,1.0,0.5062,2.50712422,4.885672700000001,7.01473249,8.788184039999999,-1.7993862802500002,-3.508322828960001,-0.2778049650079998,-0.7909182297719999,6.957145531999996,-10.572126656640004,1.0628710472999996,-2.4464612980380003
25,GLY,0.265,0.1465707964601769,0.77228,1.04118,0.5018200000000002,5,0.15625,0,0.0,0.4556,0.0,1.0,0.5062,2.50389821,4.860551760000002,6.93255283,8.601430549999998,-1.8809238012,-3.644666757400001,-0.3233998908000001,-0.9160495989099998,4.906915559000003,-8.861804471599992,0.8062933547999992,-2.1979959874000032
26,TYR,0.997,0.2925469483568075,3.46013,1.7347100000000002,0.6762899999999998,12,0.413793103448276,0,0.0,0.3556,0.8063,0.502,0.1605,2.5049292699999994,4.868452810000001,6.95796795,8.65787349,-1.9990520726700003,-3.8942999678,-0.3155568743399999,-0.8983055340500001,4.560037984999997,-9.730006682,0.6946711811000001,-2.1819827514000014
27,ASP,0.931,0.3472584856396867,2.13824,1.28018,0.4698200000000001,3,0.333333333333333,0,0.0,0.1111,0.3239,0.8675,1.0,2.0904973300000003,4.08098507,5.877102180000001,7.3953985699999985,-2.1946666290399994,-4.287217879990001,-0.3254741784989999,-0.9279571886900002,8.25954769899998,-11.32943401420001,1.2109249743999986,-2.5506318452400016
28,ARG,2.146,0.6400238592305397,3.62705,1.19482,0.0121800000000003,2,0.25,0,0.0,0.0,0.7346,0.9398,0.6914,1.39227618,2.70989797,3.88306622,4.851319999999999,-1.3608619972199998,-2.64763948986,-0.217145939318,-0.6167302229200001,9.038332763999978,-10.083511921199996,1.391019371499998,-2.4550231587400004
29,GLY,0.647,0.3578539823008849,1.00214,0.74987,0.41113,1,0.0769230769230769,0,0.0,0.4556,0.0,1.0,0.5062,1.39207515,2.70830278,3.8777437,4.83890443,-1.0813067725,-2.1084478938999998,-0.1660186087,-0.47250962374,10.604423498999992,-10.533968233199989,1.6794784571,-2.534853576500001
30,GLY,0.144,0.079646017699115,0.68274,0.98638,0.6776200000000001,2,0.111111111111111,1,0.0555555555555556,0.4556,0.0,1.0,0.5062,1.80948988,3.51908986,5.03519988,6.276349409999999,-1.7442091040900003,-3.408183457040001,-0.259647365172,-0.741083098215,6.331260509999991,-6.1467389336000124,0.949965538200001,-1.3590260261000002
31,TYR,1.822,0.53462441314554,3.90682,1.24769,0.3383099999999999,0,0.0,1,0.1,0.3556,0.8063,0.502,0.1605,1.11267483,2.15896597,3.07706858,3.813976100000001,-1.3532077672399996,-2.624919164300001,-0.227373111294,-0.64418663646,7.188508303999999,-5.293844971800001,1.1337768982999972,-1.319444009819999
32,ARG,1.078,0.3215031315240083,3.41111,1.61417,0.6608300000000005,0,0.0,1,0.0833333333333333,0.0,0.7346,0.9398,0.6914,1.53110444,2.9776869500000003,4.26058445,5.31096126,-0.8740984702099999,-1.7040804905400002,-0.1367344624039999,-0.3896366682899998,6.681916490999987,-3.5712852543200007,1.0271350189,-0.8989879833400015
33,GLY,0.543,0.3003318584070796,0.85839,0.93497,0.3300300000000001,0,0.0,0,0.0,0.4556,0.0,1.0,0.5062,1.11276345,2.15967157,3.07943081,3.81951207,-0.6967007214,-1.3564463637000002,-0.10924103167,-0.3103142616,7.154373720000014,-7.439318694500008,1.077147570999999,-1.8565410174999997
34,ARG,2.378,0.7092156277960036,4.07347,0.69018,0.2848200000000001,0,0.0,0,0.0,0.0,0.7346,0.9398,0.6914,0.69420889,1.33995759,1.89259614,2.31476972,-0.6755638419999999,-1.3063710704999996,-0.1195848185,-0.3380907723,4.626769226999992,-8.641891399499993,0.7979534224999981,-2.4073259234000006
35,GLY,0.717,0.3965707964601769,0.87741,0.8228200000000001,0.2681800000000001,0,0.0,0,0.0,0.4556,0.0,1.0,0.5062,0.83378179,1.6136115599999998,2.28953247,2.8192490400000003,-0.4347378789999999,-0.8487983780999999,-0.0659804465,-0.1882421568999999,5.071601037999997,-4.010012612999999,0.7724245288,-0.935039493600001
36,GLY,0.615,0.3401548672566371,0.81692,0.87219,0.32081,0,0.0,0,0.0,0.4556,0.0,1.0,0.5062,0.8331259,1.60848201,2.27267694,2.78071767,-0.4109418412,-0.7951969780000001,-0.0720830505699999,-0.2039199869,5.058960232,-4.1204609730000055,0.8720239697999984,-1.0408870873999985
37,ASP,1.015,0.3785900783289816,2.22135,1.05981,0.6061900000000002,0,0.0,0,0.0,0.1111,0.3239,0.8675,1.0,1.53268919,2.99012593,4.30161567,5.405242339999999,-0.9289402647,-1.8265021612,-0.1192700546599999,-0.3422972274459999,8.275401071999996,-10.773642970869991,1.0686967972000008,-2.0146532368850005
38,ARG,2.265,0.6755144646585147,3.60387,1.17836,-0.09036,0,0.0,0,0.0,0.0,0.7346,0.9398,0.6914,0.97365759,1.88964411,2.69431863,3.34177739,-1.2444892653999995,-2.430141983999999,-0.18614340674,-0.5305651171,5.466308110999988,-11.163698557,0.8133319798999971,-2.361867812199997
39,GLY,0.69,0.3816371681415929,1.00446,0.74776,0.3702400000000001,0,0.0,0,0.0,0.4556,0.0,1.0,0.5062,0.6944749699999999,1.34202444,1.89933748,2.33002556,-1.252550331,-2.43274620918,-0.206594015058,-0.5860812700529998,5.060357356000008,-11.278878864860005,0.8556051738000018,-2.7968606887059964
40,GLY,0.955,0.5282079646017699,0.93279,0.74156,0.1114400000000001,0,0.0,0,0.0,0.4556,0.0,1.0,0.5062,1.25296343,2.43824091,3.4925585800000003,4.36112702,-1.5799484576000005,-3.0856922093,-0.23643661537,-0.6742557092099998,7.549242549999999,-11.45604650450001,1.1272375250000006,-2.542330406260004
41,PHE,1.227,0.3946606625924735,3.3461200000000004,1.53778,0.3442199999999999,0,0.0,0,0.0,0.8111,0.783,0.0763,0.037,1.6706659300000002,3.25129462,4.65752007,5.81590471,-1.7073756219999998,-3.3103819060800013,-0.2906491276370001,-0.8236359127000001,8.52640143499999,-10.796406945200008,1.3282062510000014,-2.6061168968599984
42,ARG,0.769,0.2293468535639725,3.06999,2.00399,0.5800100000000001,2,0.0869565217391304,1,0.0434782608695652,0.0,0.7346,0.9398,0.6914,2.78590939,5.430130740000001,7.799140080000001,9.77520003,-1.3467942632999994,-2.61750803429,-0.2204406967329999,-0.6259365167339999,7.543317840000004,-9.157189481150006,1.184338819799998,-2.23195355002
43,GLY,0.061,0.0337389380530973,0.67137,1.06769,0.6793100000000001,3,0.0833333333333333,0,0.0,0.4556,0.0,1.0,0.5062,2.64424552,5.14024643,7.349293300000001,9.15105314,-1.6855768482100004,-3.26410916,-0.291217097502,-0.8240637584299997,4.747254071999995,-6.514712685200005,0.7982713649999996,-1.6909953576999996
44,GLY,0.0,0.0,0.54185,1.0225,0.7855000000000001,4,0.0888888888888889,0,0.0,0.4556,0.0,1.0,0.5062,2.3628763900000003,4.57568191,6.49915137,8.01477072,-1.4213353445600003,-2.74792042367,-0.25332865356,-0.7163688848149999,6.739461251,-6.622876603009997,1.202381230099998,-1.8559721018649984
45,ARG,1.258,0.3751864002385923,3.18185,1.5613799999999998,0.5336200000000004,0,0.0,0,0.0,0.0,0.7346,0.9398,0.6914,1.94762409,3.7815993,5.395886110000001,6.6990911,-2.3989567034999992,-4.6581334095,-0.3969888296799999,-1.1259050168300004,6.868068372000016,-8.405780163300003,1.1346094546000018,-2.213045944780001
46,GLY,0.26,0.1438053097345132,0.70662,1.0704599999999995,0.4775400000000003,0,0.0,0,0.0,0.4556,0.0,1.0,0.5062,1.94979368,3.79845526,5.4508877700000005,6.823645119999998,-1.7465190936600004,-3.4050368328,-0.269899901195,-0.7683509670399998,7.781383289999975,-8.604424304700006,1.2012462557999994,-2.06137911333
47,GLY,0.627,0.34679203539823,0.89697,0.93375,0.2472499999999999,0,0.0,1,0.0769230769230769,0.4556,0.0,1.0,0.5062,1.53142622,2.9802209,4.2689704,5.33031342,-1.3838696634500007,-2.7037151354099995,-0.204999486087,-0.5846216931549999,9.439128845999978,-8.532375264520004,1.392335482899998,-1.9596589038699983
48,GLY,0.845,0.4673672566371681,0.95627,0.6478800000000001,0.3151199999999999,1,0.1,1,0.1,0.4556,0.0,1.0,0.5062,0.8335496,1.6117838999999998,2.28348552,2.80529863,-0.9104212034000002,-1.7632300812,-0.15783040548,-0.4468619210000001,8.864743202000016,-12.60901070720004,1.5137804296000028,-3.3602402172200034
49,ASP,1.365,0.5091383812010444,2.302,0.95098,0.36502,1,0.111111111111111,1,0.111111111111111,0.1111,0.3239,0.8675,1.0,0.83332239,1.61001909,2.27772948,2.792273,-1.22736636,-2.3863118,-0.2005498544999999,-0.5699002416000001,8.869259688000007,-17.652574780999988,1.482383421600006,-4.331925187599997
50,ARG,1.797,0.5359379660005964,3.80489,1.2340399999999998,0.3219600000000004,0,0.0,1,0.0909090909090909,0.0,0.7346,0.9398,0.6914,1.2523519600000002,2.43346387,3.47688111,4.325350619999999,-1.2707736720499998,-2.4825530381000003,-0.1885689806204999,-0.537773089569,10.22452707699999,-12.077696560999977,1.5183765977000023,-2.736771356244996
51,GLY,0.383,0.2118362831858407,0.80401,0.98076,0.4442399999999999,2,0.181818181818182,0,0.0,0.4556,0.0,1.0,0.5062,1.53215004,2.98590173,4.287710290000001,5.37337781,-1.2715629644399995,-2.4868978075,-0.18300310889,-0.5220732602000001,11.607315232999984,-13.076970065899989,1.6546263691000045,-2.8552467695400003
52,GLY,0.577,0.3191371681415929,0.88843,0.93427,0.29673,2,0.133333333333333,0,0.0,0.4556,0.0,1.0,0.5062,2.08963828,4.07425604,5.8549552600000005,7.344662609999999,-1.0605550379999993,-2.0779940527000007,-0.1482921134599999,-0.4241647394399999,10.389039932999989,-8.99983092879998,1.4794988907999955,-1.8988914632999971
53,PHE,1.046,0.3364425860405275,3.52256,1.5447400000000002,0.5182599999999995,2,0.2,0,0.0,0.8111,0.783,0.0763,0.037,1.53121772,2.9786202200000003,4.26381588,5.31885373,-1.3889248662000002,-2.6963689774999997,-0.23043545707,-0.6533859047999999,7.268072836999996,-9.131306153599995,1.141050413699999,-2.180974403429999
54,GLY,0.737,0.4076327433628318,0.89849,0.80162,0.2693800000000002,3,0.5,0,0.0,0.4556,0.0,1.0,0.5062,1.25258113,2.43523484,3.48262285,4.33823515,-1.45979313565,-2.85111351726,-0.2176664050629999,-0.620567886532,7.275418460999997,-10.787904347099984,1.0739954449,-2.369801038219999
55,PRO,1.097,0.4919282511210762,1.78214,1.08307,0.04993,6,0.857142857142857,1,0.142857142857143,0.3222,0.3764,0.8594,0.3827,0.8331951800000001,1.60903763,2.27455093,2.78514835,-0.9729351527,-1.8927664114000005,-0.1568213611,-0.44572074806,4.433950365,-8.991897526799999,0.7417563559999992,-2.27376696496
56,GLY,1.029,0.5691371681415929,1.00515,0.60717,0.1718300000000001,4,0.8,1,0.2,0.4556,0.0,1.0,0.5062,0.8340652099999999,1.61583179,2.29684077,2.83599466,-0.8672889561000001,-1.6946462896,-0.12844022004,-0.3664079605999999,4.444792302000005,-8.078510565399998,0.6515843662000008,-1.7563308487999998
57,LYS,2.043,0.6558587479935795,2.93459,1.01808,0.0539200000000001,4,0.666666666666667,1,0.166666666666667,0.0667,0.6942,0.6867,0.7901,0.69381667,1.33689278,1.88253325,2.29178856,-0.6052500914999999,-1.1700521445,-0.10787507978,-0.3049832651,5.51800384699999,-8.4124778588,1.040521395099997,-2.2115955991999985
58,MET,1.428,0.4788732394366197,2.49429,1.11588,0.4381200000000003,5,0.833333333333333,0,0.0,0.7111,0.6196,0.0,0.0988,1.2525468000000002,2.43497705,3.4818152400000004,4.33651163,-0.7466052267999999,-1.4625768521999998,-0.10416626039,-0.2977386733000001,5.271902589000006,-5.471375459599999,0.7636580372999993,-1.115076734599998
59,ASP,1.209,0.4509511376352108,2.36577,0.8696,0.6023999999999999,1,0.25,0,0.0,0.1111,0.3239,0.8675,1.0,0.69430607,1.34070512,1.89500898,2.32015135,-0.5392525362,-1.0388648603,-0.10056448766,-0.2834403934,4.028437064999994,-5.709139507899995,0.7765496930999989,-1.6500770845
60,SER,0.917,0.4214154411764705,1.59525,0.97409,0.2849100000000002,1,0.2,0,0.0,0.4111,0.1877,0.8514,0.5309,0.97370892,1.89005027,2.69566911,3.34491321,-1.2660875249,-2.4678676142,-0.19587010917,-0.55735332136,5.425403966999999,-7.692645427500002,0.8209147450999992,-1.804202255999998
61,ARG,2.459,0.7333730987175663,4.0017700000000005,0.88766,0.0063400000000001,0,0.0,0,0.0,0.0,0.7346,0.9398,0.6914,0.83397238,1.61511511,2.2945195,2.83079272,-0.626822155,-1.2212154125,-0.0972321088,-0.2764069068999999,2.870991096999999,-4.550151588499999,0.4181229664,-1.0345093457
62,GLY,0.858,0.4745575221238938,0.98931,0.7583000000000001,0.1916999999999999,1,0.2,0,0.0,0.4556,0.0,1.0,0.5062,0.6944474199999999,1.34180695,1.89861605,2.32835501,-0.5781820879999999,-1.122173679,-0.0970398752,-0.275280496,2.1573150959999983,-4.548132644999997,0.3667179525999999,-1.0880961920000003
63,GLU,1.907,0.6990469208211143,2.76647,0.77696,0.0440400000000001,1,0.25,0,0.0,0.1111,0.4884,0.8112,0.9136,0.69449076,1.3421534299999998,1.89978129,2.33110186,-0.6013185169999999,-1.165628414,-0.1021839650999999,-0.289367669,2.075499809999999,-5.636357877999996,0.3800679955000001,-1.5094522939999993
64,HIS,1.613,0.5833634719710669,3.09058,1.09554,0.0564600000000001,1,0.25,1,0.25,0.1444,0.561,0.1124,0.679,0.83391389,1.61465629,2.29300608,2.8273148,-0.4378072190000001,-0.854726258,-0.066113867,-0.1885081092999999,1.8084188570000008,-4.514307846000002,0.2742714309999999,-0.9839120554000004
65,ARG,2.609,0.7781091559797196,4.0053,0.6868,0.0572000000000002,0,0.0,1,0.333333333333333,0.0,0.7346,0.9398,0.6914,0.69456048,1.34269739,1.90156353,2.33515972,-0.5050155269999999,-0.977275869,-0.088011357,-0.248848061,1.09549684,-3.0197824199999994,0.2084027551000001,-0.8514202940000001
66,GLN,1.279,0.4448695652173913,2.7583100000000003,1.13518,0.4608200000000002,0,0.0,1,0.25,0.1111,0.5388,0.7952,0.6914,0.8336410799999999,1.6125267600000002,2.28602412,2.81140267,-0.290629632,-0.566037708,-0.0459540274999999,-0.130763946,1.022075444,-2.054037337,0.1555421425999999,-0.4675432020000001
67,ASP,1.225,0.4569190600522193,2.47562,0.92131,0.53469,0,0.0,0,0.0,0.1111,0.3239,0.8675,1.0,0.8341403600000001,1.6164270799999998,2.29882371,2.8406106500000003,-0.497155736,-0.969138856,-0.0762092908,-0.216723786,0.746939233,-2.039070604,0.1120191879999999,-0.450888643
68,ARG,2.278,0.6793915896212347,3.87601,0.7985000000000001,0.2765000000000001,0,0.0,0,0.0,0.0,0.7346,0.9398,0.6914,0.8340303099999999,1.6155712800000002,2.29602936,2.83427819,-0.400089736,-0.780836305,-0.060704115,-0.173011135,0.5886601200000001,-0.92722794,0.0973562322,-0.2246500529999999
69,ARG,1.935,0.5770951386817775,3.71136,1.15451,0.26349,0,0.0,0,0.0,0.0,0.7346,0.9398,0.6914,0.6943098400000001,1.34073302,1.89509471,2.32032856,-0.528169323,-1.024113456,-0.0896376053,-0.253965751,0.431968942,-1.03651222,0.0692627835,-0.238416939
70,GLU,1.99,0.7294721407624633,3.0601100000000003,0.75931,-0.0213099999999998,0,0.0,0,0.0,0.1111,0.4884,0.8112,0.9136,0.83433311,1.6179355000000002,2.30378426,2.85196327,-0.188811099,-0.367611374,-0.0297201201,-0.0844590317,0.3533604260000001,-0.5771984440000001,0.056947804,-0.140103543
71,ARG,2.009,0.5991649269311065,3.73103,1.06376,0.2802400000000002,0,0.0,1,0.333333333333333,0.0,0.7346,0.9398,0.6914,0.69430483,1.3407074499999998,1.8950587,2.32039463,-0.1824299589999999,-0.3553753739999999,-0.0284586039,-0.0809158657,0.5105185040000001,-0.76936888,0.0810950158,-0.1806674634
72,PRO,1.326,0.5946188340807175,2.0081800000000003,0.79981,0.1041899999999999,0,0.0,1,0.5,0.3222,0.3764,0.8594,0.3827,0.41560705,0.79687109,1.11247883,1.33689752,-0.2932551359999999,-0.565572271,-0.054094431,-0.152658021,0.352336981,-1.010087841,0.0654976505,-0.277008269
73,TYR,2.338,0.6860328638497653,4.808879999999999,0.74787,0.3221299999999998,0,0.0,1,1.0,0.3556,0.8063,0.502,0.1605,0.41690417,0.80692228,1.14519435,1.41074305,-0.257178762,-0.502074871,-0.0387831451,-0.110568072,0.35392918,-0.897942103,0.052529166,-0.201428803
