1,GLY,1.094,0.6050884955752213,1.09223,0.5918000000000001,0.1221999999999998,5,0.625,0,0.0,0.4556,0.0,1.0,0.5062,1.11447691,2.17295915,3.12271027,3.917288080000001,-1.3023910864780004,-2.5403758259,-0.199533106558,-0.568300091816,7.3988724340000065,-6.932673296029992,1.0499376490999996,-1.442253818587999
2,PRO,1.038,0.4654708520179372,1.852,1.03316,0.1588399999999998,11,0.785714285714286,1,0.0714285714285714,0.3222,0.3764,0.8594,0.3827,1.11196294,2.15342361,3.0589426,3.77280391,-0.9699473053,-1.8789208127,-0.1672771096999999,-0.4736249326999999,5.682882529000006,-6.9810700999999975,1.0092134085,-1.8078018354000007
3,GLY,0.813,0.4496681415929203,1.0416800000000002,0.71435,0.28065,6,0.6,0,0.0,0.4556,0.0,1.0,0.5062,1.3919836,2.70756032,3.87520931,4.83281853,-0.2362564929999999,-0.4599126381999999,-0.03758591079,-0.10686697565,6.755613471999996,-4.7661526052,1.0820358703999993,-1.1841493927499995
4,GLY,0.746,0.4126106194690265,1.00652,0.72848,0.33352,3,0.428571428571429,0,0.0,0.4556,0.0,1.0,0.5062,0.9736698,1.88973608,2.69460707,3.34239462,-0.2643086678,-0.5114279836000001,-0.04626724174,-0.1308438797,5.581725936000016,-1.0431104349999996,0.8482237323999986,-0.3577198569000001
5,GLY,0.644,0.3561946902654867,0.8991800000000001,0.68899,0.4750100000000001,2,0.4,0,0.0,0.4556,0.0,1.0,0.5062,0.69451786,1.34236711,1.90048984,2.33274122,-0.5411138184000002,-1.0450176499999997,-0.09780928532,-0.2762921389,3.841230328,-5.740853835000003,0.6752120795000007,-1.580433371800002
6,PRO,1.542,0.6914798206278027,1.76637,0.6878900000000001,0.0001099999999998,1,0.2,0,0.0,0.3222,0.3764,0.8594,0.3827,0.97378173,1.8906284,2.69760071,3.34942754,-0.376224225286,-0.7321587060000002,-0.059942266157,-0.1703228876829999,4.678341637999998,-5.493623082700003,0.7038734394999988,-1.2711962182749978
7,GLY,0.49,0.2710176991150442,0.85382,0.95137,0.36663,3,0.333333333333333,2,0.222222222222222,0.4556,0.0,1.0,0.5062,1.25199793,2.4306852999999995,3.4677150800000005,4.3042853,-0.4999955529,-0.9806542837,-0.068544007,-0.1962951819,4.802577745000016,-8.267901879799997,0.6712825472999997,-1.6658598267999982
8,GLY,0.932,0.5154867256637168,0.9438,0.67759,0.1984099999999999,0,0.0,2,0.4,0.4556,0.0,1.0,0.5062,0.8337179600000001,1.61313724,2.28806128,2.81615436,-0.3616320072,-0.6997886276,-0.06315370621,-0.1785983064,3.961504248999998,-5.232346441599995,0.6709851629000009,-1.2817741346000011
9,SER,1.272,0.5845588235294117,1.71389,0.69821,0.2057900000000001,0,0.0,1,0.333333333333333,0.4111,0.1877,0.8514,0.5309,0.8342292099999999,1.61712479,2.30112709,2.84590982,-0.7168203947999999,-1.397338279,-0.1105253187599999,-0.3144826720999999,3.5770295620000008,-8.919148718999999,0.5412257306999994,-1.9883507421
10,HIS,1.356,0.4904159132007233,2.89536,1.26297,0.1460300000000001,1,0.166666666666667,3,0.5,0.1444,0.561,0.1124,0.679,0.97258539,1.88129327,2.66700067,3.2797066,-0.5496606277,-1.0676065929999998,-0.0907496387399999,-0.2575133726999999,4.280752113000002,-8.917972474999985,0.6816332850000013,-2.122261976100001
11,MET,1.953,0.6549295774647887,2.15447,0.7921799999999999,0.2368200000000002,1,0.25,1,0.25,0.7111,0.6196,0.0,0.0988,1.2529805500000002,2.43838126,3.49304245,4.36230261,-0.7056989975,-1.3705401902999998,-0.11578733316,-0.3282715882000001,6.128793972999971,-11.803606573200003,0.9520508685999992,-2.831556961300005
12,GLY,0.451,0.2494469026548672,0.95479,0.91943,0.43757,6,0.5,2,0.166666666666667,0.4556,0.0,1.0,0.5062,1.53160921,2.98165417,4.273689850000001,5.341133149999999,-0.5894594302739999,-1.15094433221,-0.0882166636508,-0.251403968894,7.039364577999984,-8.938475258350008,1.037635717699996,-1.856836046445005
13,GLY,0.506,0.2798672566371681,0.97413,0.87532,0.42668,7,0.538461538461538,1,0.0769230769230769,0.4556,0.0,1.0,0.5062,1.53162165,2.98175931,4.274062959999999,5.34207183,-1.029393633017,-2.0000056298600004,-0.16887859942,-0.4792543362249999,8.217457165999996,-8.397445678560038,1.2273153377000012,-2.0836119946480025
14,ASN,0.896,0.3664621676891615,2.09408,1.2175700000000005,0.3314299999999996,11,0.846153846153846,1,0.0769230769230769,0.1111,0.3976,0.6747,0.8272,1.53068909,2.97447984,4.2501881500000005,5.287628979999999,-1.3440110847999998,-2.617614268899999,-0.21098592272,-0.59990106678,7.857341368999996,-12.654809411799995,1.2270403851000014,-3.0671731897599983
15,TYR,0.876,0.2570422535211267,3.40844,2.05233,0.47967,10,0.714285714285714,0,0.0,0.3556,0.8063,0.502,0.1605,1.8100131900000005,3.5231775400000003,5.04861658,6.30697349,-1.6951668295000002,-3.3068374424000004,-0.25895636244,-0.7375687948,5.936001860000002,-8.061636329999995,0.8998308382000024,-1.7635212009999983
16,GLY,0.676,0.3738938053097345,0.93957,0.9118,0.2202,5,0.333333333333333,0,0.0,0.4556,0.0,1.0,0.5062,1.5312090100000002,2.97849243,4.26318745,5.3167744,-1.772546320024,-3.44050822462,-0.2968126178529999,-0.8419277727599999,8.255583677999988,-7.734831910249998,1.256713395599999,-1.867687267829998
17,ASP,1.445,0.5389779932860873,2.51596,0.84733,0.3886699999999999,1,0.125,0,0.0,0.1111,0.3239,0.8675,1.0,1.39238329,2.71069659,3.88554996,4.856565,-1.60076529853,-3.1086523350100004,-0.2650437310659999,-0.7519234670180002,7.304892471999989,-9.262005242215984,1.1625235033999994,-2.3276779280459974
18,ASP,0.843,0.3144349123461394,2.31813,1.10715,0.73085,0,0.0,2,0.2,0.1111,0.3239,0.8675,1.0,1.39026604,2.69417896,3.8314170599999993,4.73325545,-0.8426999343999999,-1.6401783518,-0.13373368191,-0.37999072552,6.204768005999991,-8.11320581310002,0.9922272534000012,-1.9981776405800005
19,ARG,0.804,0.2397852669251416,3.18329,1.67723,0.8717700000000004,1,0.05,4,0.2,0.0,0.7346,0.9398,0.6914,1.38879169,2.6827202800000003,3.79401394,4.648519579999999,-0.6667468132000001,-1.3044897689,-0.09556694889,-0.2728255626,4.559579534000006,-6.9499606661,0.6930360633999991,-1.599611625299999
20,ARG,2.369,0.7065314643602744,3.81656,0.8623500000000001,0.1216499999999999,1,0.0714285714285714,3,0.214285714285714,0.0,0.7346,0.9398,0.6914,0.97163213,1.87382898,2.64244052,3.22346145,-0.44690261625,-0.8627888786999999,-0.081430994,-0.23004925426,8.146557596999964,-12.896973750299985,1.4923377794999988,-3.458080699939996
21,GLY,0.829,0.4585176991150442,0.93602,0.70953,0.2694700000000001,0,0.0,2,0.222222222222222,0.4556,0.0,1.0,0.5062,0.97254107,1.88092491,2.66571358,3.27652953,-0.7122287519999999,-1.386074563,-0.1139528807999999,-0.323971485,6.125894693999992,-14.623981663999992,0.9905972232,-3.4687951710000067
22,GLY,0.33,0.1825221238938053,0.72834,0.9005,0.5775,1,0.0666666666666667,3,0.2,0.4556,0.0,1.0,0.5062,1.11066675,2.14334142,3.02600365,3.698089570000001,-0.518270403,-1.005636186,-0.0870167579,-0.246716909,6.7461573,-12.67752058700002,1.1538642236999987,-3.243886080499997
23,ARG,2.431,0.7250223680286311,3.9486,0.80871,0.1132900000000001,2,0.117647058823529,5,0.294117647058824,0.0,0.7346,0.9398,0.6914,1.2502706800000003,2.41722053,3.4236199900000006,4.20394146,-0.3080618066,-0.6017491245000002,-0.0460860606999999,-0.1314810034,6.164669764999992,-5.70181522,1.0012471488000023,-1.3366750794999982
24,GLY,0.397,0.2195796460176991,0.80373,0.8821499999999999,0.5288500000000002,3,0.1875,5,0.3125,0.4556,0.0,1.0,0.5062,1.11105505,2.14633424,3.03568558,3.7197585,-0.4760614591,-0.9222569166,-0.0821958316199999,-0.23279151427,7.56719751399999,-13.191685376599986,1.3174361285000027,-3.482951603719999
25,GLY,0.294,0.1626106194690265,0.74566,0.97005,0.5439500000000002,3,0.25,5,0.416666666666667,0.4556,0.0,1.0,0.5062,1.11194831,2.15329998,3.0585053800000006,3.77171125,-0.5576236053,-1.0811135609,-0.0952447283699999,-0.2699617723,7.416494852999986,-6.780041519500005,1.239387381000001,-1.7279471293999988
26,TYR,1.985,0.5824530516431925,4.21861,1.03882,0.3841799999999997,4,0.666666666666667,3,0.5,0.3556,0.8063,0.502,0.1605,0.97360201,1.88920547,2.69286272,3.33840435,-1.4083828569,-2.7375268627,-0.2292194963499999,-0.65068198198,5.691776755999987,-7.596516157899998,0.9271763125000012,-1.8925628187499988
27,ASP,0.691,0.2577396493845579,2.17897,1.3725999999999998,0.6174000000000004,1,0.111111111111111,1,0.111111111111111,0.1111,0.3239,0.8675,1.0,1.11284127,2.16025341,3.0812477,3.82337223,-2.1930824371999997,-4.264986596900001,-0.35488043126,-1.00813318893,4.124798795999997,-7.022464325199994,0.6522531908999996,-1.5665357761400012
28,ARG,2.517,0.7506710408589322,4.05771,0.8531899999999999,-0.0171899999999995,1,0.0909090909090909,1,0.0909090909090909,0.0,0.7346,0.9398,0.6914,1.81125622,3.53292892,5.0807619,6.380772279999999,-1.7783503196,-3.462576298799999,-0.2806144901599999,-0.7977082589299999,6.873802642000002,-5.3710475889999945,1.0785184293,-1.3097348012999992
29,GLY,0.313,0.1731194690265486,0.78675,1.1256400000000002,0.3693599999999999,1,0.037037037037037,0,0.0,0.4556,0.0,1.0,0.5062,2.506548,4.88115997,6.99988041,8.75416141,-1.2430493469900006,-2.41646598981,-0.2025065199159999,-0.5751290425350001,4.955198547999992,-5.881258615050002,0.7352246568999992,-1.2929547785020004
30,GLY,0.267,0.1476769911504424,0.78776,1.0465600000000002,0.4944399999999997,5,0.119047619047619,0,0.0,0.4556,0.0,1.0,0.5062,2.22448427,4.311110930000001,6.13155045,7.575808659999999,-0.9791981708600004,-1.8958730347300008,-0.1702838217479999,-0.48195058334,8.04558679299999,-7.159726472419987,1.3278791964000007,-1.9032092924790016
31,TYR,1.537,0.4509976525821596,3.68777,1.48876,0.3822400000000001,5,0.151515151515152,0,0.0,0.3556,0.8063,0.502,0.1605,2.5050298100000004,4.869359440000001,6.961361650000002,8.66689853,-1.1686182371,-2.2818035948,-0.1753266560599999,-0.4998028726,8.064741658999976,-12.086199016499991,1.164255649899997,-2.682019143860004
32,ARG,1.581,0.4715180435430957,3.58992,1.33976,0.4322400000000002,2,0.1,0,0.0,0.0,0.7346,0.9398,0.6914,1.66945567,3.24182903,4.62641549,5.74479711,-1.22114619058,-2.3741889138600003,-0.1979172905349999,-0.5619801204000001,12.28373365100004,-14.211415401359998,2.038278232699999,-3.529033244790001
33,GLY,0.284,0.1570796460176991,0.68982,0.93951,0.58449,2,0.0952380952380952,0,0.0,0.4556,0.0,1.0,0.5062,1.52842881,2.95691985,4.19288673,5.1578555900000005,-1.47066822048,-2.8530640502499995,-0.247779882026,-0.7024485215699999,10.161094140000012,-16.363866166199983,1.713369352799999,-3.992359348520008
34,ARG,2.68,0.7992842230838055,4.05658,0.6646700000000001,0.0083299999999999,1,0.0454545454545455,0,0.0,0.0,0.7346,0.9398,0.6914,1.3899707899999998,2.69184085,3.82363339,4.715154139999999,-1.63760161749,-3.181011395146,-0.2723004256980001,-0.773362857612,8.951254780000017,-14.892185676799992,1.4698789612999978,-3.531620023548001
35,GLY,0.46,0.2544247787610619,0.80753,0.96284,0.38516,3,0.142857142857143,0,0.0,0.4556,0.0,1.0,0.5062,1.52903285,2.96158627,4.20802369,5.191861499999999,-1.85773715022,-3.605426778640001,-0.3116779321069999,-0.8840691536740002,8.717019404999984,-15.387064126360016,1.4084500129999988,-3.759830332829997
36,GLY,0.812,0.4491150442477876,0.95632,0.76464,0.23136,2,0.153846153846154,0,0.0,0.4556,0.0,1.0,0.5062,1.6706762900000005,3.2513717499999992,4.65775899,5.816405959999999,-1.7796313144499991,-3.4648072226,-0.2823561488739999,-0.8029510393220002,7.861136390999987,-11.8490962262,1.2011567627999995,-2.7691651627099967
37,ASP,0.471,0.17568071615069,1.86815,1.4901599999999997,0.7198400000000003,2,0.2,0,0.0,0.1111,0.3239,0.8675,1.0,1.53120293,2.97848287,4.263289599999999,5.31742195,-0.96882106046,-1.8830924314,-0.1591808791400001,-0.45226541135,7.034164347000004,-4.2051025949000005,1.0876192527000017,-0.999178488219999
38,ARG,1.409,0.4202206978824933,3.2984,1.58536,0.35864,1,0.0909090909090909,1,0.0909090909090909,0.0,0.7346,0.9398,0.6914,1.11188028,2.1527784000000003,3.0568293200000003,3.76799723,-0.95369277854,-1.8556213239,-0.15147719021,-0.4301171226099999,4.912190357999999,-4.339858846500003,0.7570864561000007,-1.0651497349299996
39,GLY,0.937,0.5182522123893806,0.97714,0.6717399999999999,0.1992600000000001,0,0.0,0,0.0,0.4556,0.0,1.0,0.5062,0.83291947,1.60687141,2.2673975,2.76868843,-0.8974732789999998,-1.7442991709999998,-0.1482263279,-0.4212849331999999,4.900937920000003,-8.140110055999997,0.8585270069999998,-2.0390457454000006
40,GLY,0.957,0.5293141592920354,0.94138,0.6824300000000001,0.16857,0,0.0,0,0.0,0.4556,0.0,1.0,0.5062,0.69418084,1.33973671,1.89186485,2.31308077,-0.7645666053,-1.4845498939999997,-0.1264509097999999,-0.3585809182,5.054413167000003,-12.269060795000016,0.906056790099998,-3.2432054334000022
41,PHE,1.779,0.5722097137343197,3.4297500000000003,1.0755400000000002,0.2544599999999999,0,0.0,1,0.125,0.8111,0.783,0.0763,0.037,0.97283785,1.88325704,2.67341552,3.29425481,-1.0430390424999998,-2.038812136,-0.1526766182999999,-0.4355563109999999,5.657160218000006,-12.245466451000004,0.8845448924000012,-2.887829679000001
42,ARG,0.753,0.2245750074560095,3.27399,1.946,0.6540000000000001,0,0.0,1,0.0833333333333333,0.0,0.7346,0.9398,0.6914,1.11162795,2.15077594,3.05014678,3.7524058,-1.0750533559000002,-2.0886792639,-0.17820614047,-0.5062215682000001,5.725617893999988,-9.593274955999997,0.991781952400002,-2.4623126227000034
43,GLY,0.444,0.245575221238938,0.81987,0.89208,0.4719200000000001,1,0.125,0,0.0,0.4556,0.0,1.0,0.5062,0.97376099,1.890473,2.6971144600000003,3.34839117,-1.019184169416,-1.96518258896,-0.1873710225914999,-0.5283542526600002,7.806572801999963,-8.362117452239989,1.3084305184999987,-2.462613842939999
44,GLY,0.239,0.1321902654867256,0.77945,1.02593,0.5430699999999999,2,0.133333333333333,0,0.0,0.4556,0.0,1.0,0.5062,1.6704704700000002,3.2497419300000003,4.65233228,5.80378074,-0.9956280982,-1.9372233045999996,-0.16016871344,-0.4553416546899999,6.75186464700002,-4.258930578499998,1.1044950691000024,-1.0927016324000012
45,ARG,1.592,0.4747986877423203,3.62696,1.43706,0.3239400000000001,4,0.19047619047619,0,0.0,0.0,0.7346,0.9398,0.6914,1.94993896,3.79959853,5.454667660000001,6.83235762,-1.0888243486470002,-2.1286525173899995,-0.1601525776745,-0.457255778708,4.795865609999998,-3.72249233835,0.7304316627999988,-0.8170290228099998
46,GLY,0.546,0.3019911504424779,0.94665,0.8409,0.4211,3,0.157894736842105,0,0.0,0.4556,0.0,1.0,0.5062,2.22981355,4.352649810000001,6.26756848,7.885294179999999,-1.9357813013000005,-3.7860934730000007,-0.2790565618899999,-0.7962988074000003,4.914689323999994,-3.455513449000001,0.7379921789000004,-0.8047551707000006
47,GLY,0.635,0.351216814159292,0.81262,0.8281999999999999,0.3448000000000001,3,0.176470588235294,0,0.0,0.4556,0.0,1.0,0.5062,1.81025194,3.5250334599999995,5.05467376,6.32069153,-1.9310593050799996,-3.753437781730001,-0.3157644016009999,-0.89673912185,5.737856978999987,-4.516867027650003,0.8830006836000007,-1.153344589200001
48,GLY,0.277,0.1532079646017699,0.7747799999999999,0.96392,0.5670800000000001,2,0.117647058823529,0,0.0,0.4556,0.0,1.0,0.5062,1.94869804,3.7899497,5.42315865,6.760930559999999,-2.3673210256300004,-4.6117013886,-0.37131697242,-1.05634821447,6.369675121999999,-8.254239043099998,0.9541931044000012,-1.8416158353400005
49,ASP,0.775,0.289071242073853,2.14655,1.3544000000000005,0.5515999999999999,0,0.0,0,0.0,0.1111,0.3239,0.8675,1.0,2.08689436,4.0528946,5.78509635,7.18598243,-1.65289409262,-3.2070087667,-0.2775937397419999,-0.7869494251660001,7.025799316999994,-7.579656921109994,1.158451154600004,-1.9099357069279992
50,ARG,2.065,0.615866388308977,3.72205,1.23586,0.0521400000000003,0,0.0,0,0.0,0.0,0.7346,0.9398,0.6914,2.0868382,4.05240894,5.783346990000002,7.18152013,-1.390644831177,-2.6956633849600005,-0.2374819798786,-0.6727874885739998,9.028338705000005,-14.150503359800004,1.479010516299996,-3.59994770346
51,GLY,0.14,0.077433628318584,0.73818,1.0570799999999998,0.6109200000000004,2,0.0588235294117647,0,0.0,0.4556,0.0,1.0,0.5062,2.3637333300000005,4.5822401500000005,6.52022055,8.06148403,-0.9942795617000002,-1.9322559777,-0.1625279958899999,-0.4613926572999999,8.128783970999999,-13.326198541599975,1.3089252914000011,-3.200964529699997
52,GLY,0.345,0.1908185840707964,0.74527,0.99473,0.4682699999999999,1,0.0555555555555556,0,0.0,0.4556,0.0,1.0,0.5062,1.94745363,3.780293,5.3916821100000005,6.689745489999999,-1.4446899962000002,-2.8143180897000013,-0.2263995760999999,-0.6440167301699999,10.376816183999964,-19.54675780250001,1.5810077659000012,-4.377306418350004
53,PHE,2.027,0.6519781280154391,3.17328,1.09929,-0.0172900000000002,1,0.1,0,0.0,0.8111,0.783,0.0763,0.037,1.39121738,2.70156952,3.85553161,4.78786156,-1.6139822557,-3.139218209,-0.2610175328899999,-0.7417409440800001,12.72338588700002,-19.195342261000015,2.0421284956000068,-4.547757830980001
54,GLY,0.332,0.1836283185840708,0.6656799999999999,1.05487,0.42113,1,0.0909090909090909,0,0.0,0.4556,0.0,1.0,0.5062,1.3910196,2.70006613,3.850742040000001,4.77737421,-1.6919862079799994,-3.30011106984,-0.260234347008,-0.741372852536,11.039936991999967,-18.578018128320004,1.736759998300006,-4.253814794796002
55,PRO,1.397,0.626457399103139,2.13088,0.76466,0.0683399999999999,1,0.142857142857143,0,0.0,0.3222,0.3764,0.8594,0.3827,1.25242351,2.4340005499999995,3.47856128,4.32893391,-1.39298537506,-2.7107977611999994,-0.22237988271,-0.6319843054500002,11.541007970000038,-14.886450868000008,1.8890161948000077,-3.900099357119999
56,GLY,0.334,0.1847345132743363,0.8637600000000001,0.99733,0.47667,0,0.0,0,0.0,0.4556,0.0,1.0,0.5062,1.94820563,3.78616304,5.410935910000001,6.733660049999999,-1.58783735907,-3.089842817,-0.253237085976,-0.7195527531,9.773675933000009,-12.007029044600015,1.6022058872000051,-3.1620278890500018
57,LYS,1.859,0.5967897271268058,2.94914,0.99495,0.2610500000000002,1,0.0769230769230769,0,0.0,0.0667,0.6942,0.6867,0.7901,1.8098977,3.5223000300000007,5.045821040000001,6.30085143,-1.7748943507,-3.4546092172,-0.2813430226499999,-0.7993872822699997,9.46795442599999,-10.879026833800005,1.4849218835000046,-2.5712819061600025
58,MET,0.473,0.158618376928236,2.17098,1.81989,0.6891100000000006,5,0.333333333333333,0,0.0,0.7111,0.6196,0.0,0.0988,1.6692915700000002,3.24055187,4.622237910000001,5.73530317,-2.221822094615,-4.320817656299999,-0.3608512912949999,-1.025459888502,6.912375232999984,-8.919510525219998,1.108130306399997,-2.1751221312499998
59,ASP,0.963,0.3591943304737038,2.23262,1.0835,0.6345000000000001,2,0.222222222222222,0,0.0,0.1111,0.3239,0.8675,1.0,1.39247914,2.7114699100000004,3.88817696,4.862835479999999,-1.5984397671199997,-3.107912142859999,-0.258526798312,-0.7340245766600001,8.289348739000003,-9.51569592323999,1.2892500992999982,-2.445832241668
60,SER,0.536,0.2463235294117647,1.45152,1.152,0.4880000000000002,5,0.333333333333333,0,0.0,0.4111,0.1877,0.8514,0.5309,1.94924774,3.79419744,5.43693696,6.791874689999999,-1.821976162454,-3.559086323769999,-0.2717049467099999,-0.7749863881770003,5.894904152999995,-9.152409020900016,0.9134725002999992,-2.050128155099999
61,ARG,1.567,0.467342678198628,3.56195,1.23414,0.5518600000000002,4,0.333333333333333,0,0.0,0.0,0.7346,0.9398,0.6914,1.5309693599999998,2.97666013,4.25731556,5.303811039999999,-1.2607773369400002,-2.4475934983000007,-0.2086993034699999,-0.5915981103399999,10.354983008000064,-9.879108102600002,1.763693236400006,-2.7702902939699974
62,GLY,0.651,0.3600663716814159,0.7995,0.72984,0.42716,3,0.333333333333333,0,0.0,0.4556,0.0,1.0,0.5062,1.39203653,2.70799075,3.8766818,4.83636426,-1.3032301142999996,-2.5385718556000003,-0.20421026783,-0.5807788841999999,9.941152879000008,-6.3222176048000005,1.5502299665000048,-1.6495419934999975
63,GLU,0.929,0.3405425219941349,2.62981,1.36615,0.4328500000000002,1,0.25,0,0.0,0.1111,0.4884,0.8112,0.9136,1.11313854,2.16262574,3.0892104400000004,3.84209076,-1.1714634851650003,-2.28486075647,-0.1784249309764999,-0.5078414818779999,8.955037237999989,-14.618653873280005,1.4147010610000037,-3.503365403070004
64,HIS,1.583,0.57251356238698,2.94164,1.01725,0.1647500000000001,0,0.0,0,0.0,0.1444,0.561,0.1124,0.679,0.69450346,1.3422487899999995,1.90007995,2.33173906,-0.889923579,-1.726743969,-0.1490518837999999,-0.422456156,7.223805517999995,-16.160644470999987,1.1712769867000012,-3.923293944399996
65,ARG,1.955,0.5830599463167313,3.5118400000000003,1.21972,0.1782800000000002,0,0.0,0,0.0,0.0,0.7346,0.9398,0.6914,0.69455106,1.34262687,1.90134318,2.3346915,-0.553856296,-1.076783397,-0.0903293803,-0.256616881,3.209526367999996,-7.1188775719999855,0.6033825779999994,-1.910189521
66,GLN,1.477,0.5137391304347826,2.73761,1.0626300000000002,0.3353699999999997,0,0.0,0,0.0,0.1111,0.5388,0.7952,0.6914,0.6945459300000001,1.34258779,1.90121932,2.33442258,-0.5878848329999999,-1.144070381,-0.0930107007,-0.2641357139999999,3.227263847999998,-8.488002951999997,0.4557177235999998,-1.748894936
67,ASP,1.368,0.5102573666542335,2.51135,0.7760100000000001,0.5369899999999999,0,0.0,0,0.0,0.1111,0.3239,0.8675,1.0,0.6943515299999999,1.34105621,1.8961459,2.32269887,-0.427831298,-0.8299576339999999,-0.0720031199,-0.204065335,1.800481261999998,-5.276828379999999,0.3366178179000001,-1.4469263050000003
68,ARG,2.331,0.6951983298538622,3.93437,0.90188,0.1201200000000002,0,0.0,0,0.0,0.0,0.7346,0.9398,0.6914,0.69448418,1.34210389,1.89962567,2.33076822,-0.406438765,-0.79029535,-0.0661608892,-0.187992626,1.8100793229999996,-4.224745073000004,0.2597233439,-0.8798630619999995
69,ARG,2.537,0.756635848493886,3.98604,0.71865,0.0973500000000002,0,0.0,0,0.0,0.0,0.7346,0.9398,0.6914,0.55483266,1.06781611,1.5005389000000002,1.82116417,-0.421096627,-0.809886865,-0.0806141095,-0.227019004,0.7823361800000002,-2.128568775,0.1505620450000001,-0.5945984600000002
70,GLU,1.327,0.4864369501466275,2.84026,1.19447,0.2065300000000003,0,0.0,1,0.2,0.1111,0.4884,0.8112,0.9136,0.8338628899999999,1.61423987,2.29157664,2.82385885,-0.231431065,-0.4517632459999999,-0.0353062657,-0.100720809,0.7861350400000002,-2.258816305,0.1213942889999999,-0.503604075
71,ARG,2.108,0.6286907247241277,3.65764,1.1625299999999998,0.0824700000000002,0,0.0,2,0.5,0.0,0.7346,0.9398,0.6914,0.55483266,1.06781611,1.5005389,1.82116417,-0.1883325129999999,-0.361833848,-0.0364731096,-0.102607064,0.313127176,-0.723667708,0.0585422292,-0.205214128
72,PRO,1.278,0.5730941704035875,1.7847,0.8142100000000001,0.1377899999999998,0,0.0,2,0.666666666666667,0.3222,0.3764,0.8594,0.3827,0.41560705,0.79687109,1.11247883,1.33689752,-0.2304633019999999,-0.446859634,-0.0394297834999999,-0.111800176,0.235096388,-0.6827949600000001,0.0421710999999999,-0.17427804
73,TYR,2.405,0.7056924882629108,4.7486500000000005,0.95321,0.0497900000000002,0,0.0,2,1.0,0.3556,0.8063,0.502,0.1605,0.41690918,0.80694785,1.14523036,1.41067698,-0.221229551,-0.433123559,-0.03166252,-0.090540451,0.236009076,-0.619192988,0.034811833,-0.131267654
