1,GLY,1.428,0.7898230088495575,0.80489,0.44279,-0.0627899999999999,0,0.0,0,0.0,0.4556,0.0,1.0,0.5062,0.5567397000000001,1.08264191,1.54895936,1.93095907,-0.43174155832,-0.8404385686,-0.06796408553,-0.1930536293,3.3819967320000046,-1.6945770936000009,0.4948425644999997,-0.34689840533
2,PRO,1.69,0.757847533632287,2.0974500000000003,0.72211,-0.18211,1,0.142857142857143,1,0.142857142857143,0.3222,0.3764,0.8594,0.3827,0.8342732399999999,1.61748084,2.30233668,2.8487956700000003,-0.3833700327999999,-0.7448379381000001,-0.06239159198,-0.1769193285,3.025143510999996,-3.3786991951999967,0.4666927152000005,-0.9523127117799997
3,GLY,0.888,0.4911504424778761,0.91819,0.73632,0.18368,1,0.142857142857143,1,0.142857142857143,0.4556,0.0,1.0,0.5062,0.97343378,1.88790298,2.68863065,3.3288778600000004,-0.2966559416,-0.5807924622999999,-0.0422618939,-0.1208067645,3.069384762000002,-3.4472133767000037,0.4384920807000005,-0.7432153021999997
4,GLY,0.828,0.4579646017699115,0.93773,0.7351,0.2449000000000001,1,0.142857142857143,1,0.142857142857143,0.4556,0.0,1.0,0.5062,1.1130799699999998,2.16215298,3.0876048600000003,3.83826,-0.303677486,-0.596492718,-0.0400376732,-0.1147977905,3.1516637400000014,-5.735633210999998,0.4158974033999996,-1.100620269500001
5,GLY,0.448,0.247787610619469,0.99797,0.71791,0.64209,0,0.0,0,0.0,0.4556,0.0,1.0,0.5062,0.97313718,1.88558301,2.68100588,3.31144295,-0.5205856783,-1.016596382,-0.07760337382,-0.2211660916499999,3.3817829280000016,-7.3727782719999935,0.5006460767999997,-1.6083286112499986
6,PRO,1.533,0.6874439461883408,1.9735,0.73352,-0.0365199999999998,0,0.0,0,0.0,0.3222,0.3764,0.8594,0.3827,0.83386212,1.6142608499999995,2.2917388,2.82451646,-0.620266925,-1.208932865,-0.0960160949,-0.2731861754,3.1850479349999943,-6.784230706000001,0.4734530944000002,-1.467277287699999
7,GLY,0.916,0.5066371681415929,1.01143,0.6750200000000001,0.2169799999999999,0,0.0,0,0.0,0.4556,0.0,1.0,0.5062,0.83425178,1.6172944699999998,2.30165926,2.84704769,-0.5605071607,-1.0889841975,-0.0916228993,-0.2599075024999999,3.575322576000005,-5.90296306,0.5591547558999997,-1.341711623000001
8,GLY,0.526,0.290929203539823,0.85336,0.8851899999999999,0.3968100000000001,0,0.0,0,0.0,0.4556,0.0,1.0,0.5062,1.25181483,2.4292601,3.46305531,4.293705139999999,-0.3921028182999999,-0.7593167239999999,-0.06722198,-0.1900776789,4.589857167999991,-5.925415332999995,0.7668528890000007,-1.5163286707000014
9,SER,0.95,0.4365808823529411,1.2687,1.01823,0.2077700000000002,0,0.0,0,0.0,0.4111,0.1877,0.8514,0.5309,1.81159517,3.53558771,5.0895256500000015,6.400889769999999,-0.7832908378000001,-1.5351549218000002,-0.1088898756799999,-0.3115485602,7.362683397999977,-10.152997883200008,1.0115372574999986,-2.0164400287799986
10,HIS,2.024,0.7320072332730561,3.32402,0.7916,-0.0505999999999998,0,0.0,0,0.0,0.1444,0.561,0.1124,0.679,0.8338873200000001,1.6144457899999998,2.29230537,2.82568565,-0.7000814186000001,-1.3487342110000005,-0.13050663165,-0.3678412635,6.304980804000016,-8.850184995600026,1.1488406574000023,-2.4511192382000004
11,MET,1.258,0.4218645204560697,2.50337,1.1930999999999998,0.5309000000000004,0,0.0,0,0.0,0.7111,0.6196,0.0,0.0988,1.11262807,2.15863224,3.07608297,3.81206389,-1.005450506,-1.9589354765,-0.1574362524,-0.44798749854,6.79476791900001,-3.992126107000006,1.084404316000002,-1.0076377185400005
12,GLY,0.866,0.4789823008849557,1.02734,0.62798,0.3140200000000001,1,0.2,0,0.0,0.4556,0.0,1.0,0.5062,0.97318964,1.88598812,2.68231792,3.31438268,-0.9231174111599998,-1.7942813487,-0.1507980430699999,-0.4282129052399999,6.399230732999978,-3.2040513946,1.0379135201000025,-0.8327434812799988
13,GLY,0.271,0.1498893805309734,0.57482,0.99658,0.5404199999999999,3,0.333333333333333,0,0.0,0.4556,0.0,1.0,0.5062,1.39143853,2.70333322,3.86144485,4.801738680000001,-1.051278613,-2.048608478,-0.162987524,-0.4635634742999999,4.329170441999998,-7.868292411000001,0.6128690325,-1.6242657629
14,ASN,1.46,0.5971370143149285,2.57777,0.90846,0.0765399999999999,2,0.4,0,0.0,0.1111,0.3976,0.6747,0.8272,1.39223486,2.70954176,3.8817774,4.8480091,-0.8761425410400001,-1.7124342290000003,-0.1282728013,-0.3658375855,4.917568233000004,-6.406605422999996,0.7114995283000013,-1.377522250300001
15,TYR,0.912,0.2676056338028169,3.21736,1.90658,0.58942,5,0.5,0,0.0,0.3556,0.8063,0.502,0.1605,1.39076596,2.69805228,3.84402001,4.76168551,-1.0020467005,-1.954503465,-0.1543278089499999,-0.43973651277,5.217563270999998,-5.367542981200005,0.8870815534999995,-1.328264543700001
16,GLY,0.594,0.3285398230088495,0.90521,0.85834,0.35566,1,0.166666666666667,0,0.0,0.4556,0.0,1.0,0.5062,1.39252281,2.71180653,3.88926602,4.8652729,-1.4713551507999998,-2.8713663574000003,-0.22271002177,-0.6344395257000001,5.350223194000006,-7.713827308599993,0.7729985658000007,-1.7283664892999997
17,ASP,1.35,0.5035434539350989,2.13876,0.8874200000000001,0.4435799999999998,1,0.166666666666667,0,0.0,0.1111,0.3239,0.8675,1.0,0.97362905,1.88941979,2.69357697,3.34006702,-1.0797145874999998,-2.083830065000001,-0.1966805486999999,-0.5552066275999998,6.547205226999993,-12.962405193799988,1.1399330722999987,-3.463871810700009
18,ASP,0.614,0.2290190227527042,2.03215,1.27825,0.7887500000000003,0,0.0,1,0.0909090909090909,0.1111,0.3239,0.8675,1.0,1.5307206000000002,2.97469439,4.25078512,5.288665020000001,-0.8553923735,-1.6755512530000003,-0.12062639957,-0.345016676,6.571957515999992,-12.608820218999991,0.937722242400004,-2.626228983999998
19,ARG,1.433,0.4273784670444378,3.37115,1.40223,0.5177700000000003,1,0.0714285714285714,3,0.214285714285714,0.0,0.7346,0.9398,0.6914,1.11119289,2.14739034,3.03908228,3.72729773,-0.431682243,-0.834452203,-0.076650382,-0.2165803247,4.506900175,-8.145809515999998,0.7996496585,-2.186008833999996
20,ARG,2.154,0.6424097822845213,3.83357,0.943,0.2560000000000003,3,0.272727272727273,4,0.363636363636364,0.0,0.7346,0.9398,0.6914,0.83288251,1.60658398,2.2664603100000003,2.76656889,-0.4687549433,-0.9082896775,-0.0810914226,-0.2298211104999999,3.880808534999996,-6.2262656615,0.6854634475000005,-1.5724887955000006
21,GLY,0.702,0.3882743362831858,0.88441,0.7669300000000001,0.33907,3,0.272727272727273,3,0.272727272727273,0.4556,0.0,1.0,0.5062,0.97257291,1.88118863,2.66663184,3.27878573,-0.2633787669,-0.5096987319999999,-0.0462110234,-0.130770365,4.592551395000002,-2.982354685,0.753394600499999,-0.7560271435000003
22,GLY,0.406,0.2245575221238938,0.84038,0.8890800000000001,0.51292,2,0.153846153846154,3,0.230769230769231,0.4556,0.0,1.0,0.5062,1.2513829900000002,2.42588462,3.45197017,4.26838543,-0.1619337735,-0.3171830201,-0.02264768277,-0.06472262508,4.524448968000002,-1.617492731,0.6519579584000004,-0.3235371148199999
23,ARG,1.888,0.5630778407396361,3.5277100000000003,1.37007,0.0949300000000004,4,0.25,4,0.25,0.0,0.7346,0.9398,0.6914,1.11144452,2.14936167,3.0455725,3.74217304,-0.383709433,-0.7455835955,-0.06286949015,-0.1784338831,4.475703059999994,-7.747559781999986,0.727148934499999,-1.8419562598
24,GLY,0.559,0.3091814159292035,0.95533,0.83826,0.4107400000000001,2,0.181818181818182,2,0.181818181818182,0.4556,0.0,1.0,0.5062,1.11244742,2.15717224,3.07112034,3.80021283,-0.4134887169999999,-0.8047785060000001,-0.0662310087999999,-0.1883455726999999,4.477505941999997,-8.931619486000004,0.7170841214000011,-2.1221977284000006
25,GLY,0.72,0.3982300884955752,1.02852,0.7623899999999999,0.3256100000000002,2,0.333333333333333,0,0.0,0.4556,0.0,1.0,0.5062,0.97341167,1.88771504,2.6879598700000003,3.32717995,-0.6170658569000002,-1.1981480299999998,-0.1024497002,-0.2906192476999999,4.988188332000008,-7.743104198899999,0.7949453768999986,-1.915989687
26,TYR,1.995,0.585387323943662,3.84701,1.15233,0.2606699999999997,1,0.333333333333333,1,0.333333333333333,0.3556,0.8063,0.502,0.1605,0.69456611,1.34273987,1.90169697,2.33544578,-0.736096796,-1.4225402852999998,-0.1311545401999999,-0.3705103027,4.423123996999998,-6.707999300299994,0.8242949622999995,-2.0134738144000037
27,ASP,0.828,0.3088399850801939,2.06339,1.3124,0.5406000000000002,0,0.0,1,0.111111111111111,0.1111,0.3239,0.8675,1.0,0.83339304,1.61055537,2.27943487,2.7959979,-1.05584023017,-2.0500348589000006,-0.177017230315,-0.50258245248,5.730801418999993,-7.874772767000002,0.9521049239000006,-1.9247463267200016
28,ARG,2.21,0.6591112436623918,3.99641,0.95644,0.1865600000000002,0,0.0,1,0.111111111111111,0.0,0.7346,0.9398,0.6914,0.97343047,1.88785582,2.6883988,3.32810914,-1.4001195001200002,-2.72191035247,-0.227715100697,-0.646610405715,7.303303655999999,-10.814185612800014,1.1791701407999982,-2.585150150799996
29,GLY,0.547,0.3025442477876106,1.07017,0.80147,0.4595300000000001,1,0.0588235294117647,0,0.0,0.4556,0.0,1.0,0.5062,1.80994798,3.52268591,5.047063349999999,6.30361246,-1.4919806737,-2.9015714265000003,-0.2422041452499999,-0.6883242519,7.432356217999981,-14.404424165700028,1.1055688478999948,-3.166011815700001
30,GLY,0.83,0.4590707964601769,1.00603,0.7135900000000001,0.26441,1,0.0769230769230769,0,0.0,0.4556,0.0,1.0,0.5062,1.5314975199999998,2.98077425,4.27077507,5.33439688,-1.2026229278000005,-2.333805682799999,-0.2005560092960001,-0.5684023109099999,8.874980004000017,-13.13573452339998,1.4217234080999963,-3.176998612039997
31,TYR,0.95,0.2787558685446009,3.3803,1.7958500000000002,0.66215,6,0.375,1,0.0625,0.3556,0.8063,0.502,0.1605,1.6700796100000002,3.24669577,4.64236144,5.781107290000001,-1.1878472238200002,-2.3158140515399994,-0.18454869872,-0.5256254465,8.134176807000006,-9.27918735589999,1.2741421429000048,-2.1643874370499976
32,ARG,2.244,0.6692514166418133,3.93681,0.8230400000000001,0.2859599999999999,3,0.333333333333333,0,0.0,0.0,0.7346,0.9398,0.6914,1.2528340899999997,2.43721781,3.48915467,4.35321596,-1.2518113879,-2.4393254346,-0.19425562794,-0.5524840001500003,7.633625716000009,-10.411711704499998,1.0906313702999983,-2.2076010711499987
33,GLY,0.267,0.1476769911504424,0.64153,1.01944,0.52156,3,0.25,1,0.0833333333333333,0.4556,0.0,1.0,0.5062,1.1120403,2.15400878,3.0607979400000005,3.77683885,-0.997528467958,-1.934264851305,-0.1701568706585,-0.48240975584,3.5303111680000003,-5.948293840609997,0.6017432603999993,-1.5071105739799993
34,ARG,2.083,0.6212347151804355,3.67599,1.1431899999999997,0.1268100000000003,1,0.125,0,0.0,0.0,0.7346,0.9398,0.6914,1.1123063199999998,2.15611282,3.06779364,3.79308342,-1.2157036275,-2.3753635592,-0.1805304966,-0.51510916023,3.539773891000003,-7.765797245000002,0.5225985187000008,-1.704034208150001
35,GLY,0.843,0.4662610619469026,0.99341,0.62528,0.3397200000000001,0,0.0,0,0.0,0.4556,0.0,1.0,0.5062,0.6943360799999999,1.340954,1.89587601,2.32228455,-0.7319312373,-1.417181902,-0.12684781228,-0.3589431926,5.607906755000004,-10.608456604999988,0.9618659821,-2.7670301207000034
36,GLY,0.771,0.4264380530973451,0.86795,0.7631299999999999,0.27387,0,0.0,0,0.0,0.4556,0.0,1.0,0.5062,0.83346184,1.61110713,2.28129538,2.8003951700000003,-0.5526689307,-1.0695330923,-0.09690131807,-0.2741716593,6.509934391999987,-7.798126500400007,1.1223926265999986,-2.01260806002
37,ASP,0.438,0.1633718761656098,1.74965,1.50967,0.7333299999999998,1,0.0769230769230769,1,0.0769230769230769,0.1111,0.3239,0.8675,1.0,1.5299904399999995,2.96902967,4.23233108,5.2469706700000005,-0.424597963983456,-0.8297520848647052,-0.0627364467158193,-0.1789834003070693,5.306712912999995,-3.799192105917641,0.8055213057999995,-0.9010739499565554
38,ARG,0.636,0.1896808827915299,2.76379,2.14718,0.56982,2,0.153846153846154,3,0.230769230769231,0.0,0.7346,0.9398,0.6914,1.5303469,2.97183302,4.24159546,5.26831077,-0.40843741016,-0.79835176186,-0.0597063058969999,-0.17030457983,5.6596529200000205,-5.114989722560009,0.866006880400001,-1.1806018842299992
39,GLY,0.997,0.5514380530973452,1.09496,0.60824,0.20276,0,0.0,2,0.333333333333333,0.4556,0.0,1.0,0.5062,0.83306184,1.6079801299999998,2.2710248,2.77693184,-0.7261001932229999,-1.40395437269,-0.1297228423349999,-0.3670239054149999,5.99391318799999,-11.925551899520013,1.085450626900001,-3.0829664921200037
40,GLY,0.731,0.4043141592920354,0.91706,0.74328,0.3337199999999999,0,0.0,2,0.4,0.4556,0.0,1.0,0.5062,0.83374642,1.61336208,2.28880739,2.81788217,-0.95307054592,-1.8535595526,-0.1534220715799999,-0.4357124668,5.186265591000007,-12.800697882000009,0.8044569684999995,-2.980440434650005
41,PHE,2.217,0.7130910260533934,2.9451,0.98889,-0.0968900000000001,0,0.0,3,0.375,0.8111,0.783,0.0763,0.037,0.97290386,1.88377225,2.6751051400000003,3.29810694,-1.142866207,-2.230291736,-0.1731306124999999,-0.4932661612,4.163965429999997,-9.104365695999997,0.6557094376,-2.1464870691999987
42,ARG,1.363,0.4065016403220995,3.37361,1.4871900000000002,0.50281,1,0.0833333333333333,3,0.25,0.0,0.7346,0.9398,0.6914,1.11191018,2.15299195,3.05745826,3.76920951,-0.9293978537,-1.8063141681,-0.15259427269,-0.4334276138,4.432674261000002,-7.081331200800004,0.7505071817999993,-1.7628320705000002
43,GLY,0.352,0.1946902654867256,0.80537,1.01519,0.4408099999999999,0,0.0,0,0.0,0.4556,0.0,1.0,0.5062,1.25282989,2.43722223,3.48930119,4.35395774,-1.1920305697713216,-2.308364838969617,-0.2046425331310197,-0.5787117914236439,4.439706886,-3.7029514269999977,0.6876234808000009,-0.9771931219000016
44,GLY,0.444,0.245575221238938,0.7913800000000001,1.02662,0.3373800000000002,0,0.0,0,0.0,0.4556,0.0,1.0,0.5062,1.80981741,3.52165037,5.04361062,6.29556676,-1.72481360324,-3.359916079700001,-0.2709546231900001,-0.77085215286,5.7749170570000015,-3.7091247018000018,0.9115930550000004,-0.9335596858799994
45,ARG,1.469,0.4381151207873546,3.65739,1.4250800000000003,0.4589199999999998,0,0.0,0,0.0,0.0,0.7346,0.9398,0.6914,1.5302350200000003,2.97089538,4.23829645,5.26009984,-1.5127536421000003,-2.94124868895,-0.2471169743259999,-0.702260848894,7.176735217999996,-4.297322489000004,1.231879445599999,-1.113967855509998
46,GLY,0.663,0.3667035398230088,0.85153,0.7974399999999999,0.3475600000000001,0,0.0,0,0.0,0.4556,0.0,1.0,0.5062,1.81019646,3.5246085799999998,5.053307440000001,6.317660450000001,-1.8496960529100008,-3.6026251547999983,-0.29155103687,-0.8293977805900004,5.225346330000006,-5.133283174899998,0.8172469504000015,-1.3232905165999989
47,GLY,0.186,0.1028761061946902,0.76057,0.93502,0.6869800000000001,1,0.05,0,0.0,0.4556,0.0,1.0,0.5062,1.66910186,3.23904839,4.61722987,5.723650289999999,-1.40750941097,-2.7256539196,-0.2452313681619999,-0.6945310021799997,6.784671807999992,-6.6670031926599975,1.1667591607999994,-1.7360750872499977
48,GLY,0.124,0.0685840707964601,0.67396,1.0726099999999998,0.6113900000000003,2,0.0625,1,0.03125,0.4556,0.0,1.0,0.5062,2.36507547,4.59270012,6.55446793,8.139400720000001,-1.3888612314000002,-2.7041690309,-0.2195943213599999,-0.6243476158999999,4.006395369999994,-5.068171833500007,0.6370658404999988,-1.2310199427000008
49,ASP,0.285,0.1063036180529653,2.11266,1.51767,0.87833,1,0.0384615384615385,0,0.0,0.1111,0.3239,0.8675,1.0,2.64507472,5.14659682,7.369698700000001,9.196293109999996,-1.07583753054,-2.0905051034200004,-0.176973728708,-0.50252395809,8.124239662999978,-13.095810750099968,1.3471455087999942,-3.310698368799998
50,ARG,1.327,0.3957649865791828,3.50861,1.68317,0.3428300000000002,0,0.0,2,0.142857142857143,0.0,0.7346,0.9398,0.6914,1.9488195900000005,3.79082159,5.425748760000001,6.76600785,-1.0631430012600005,-2.068923613899999,-0.1701223880449999,-0.48358143977,10.609163253000052,-10.043467406800016,1.6556448050000037,-2.4356822306399994
51,GLY,1.002,0.5542035398230089,0.92329,0.70837,0.09763,0,0.0,1,0.142857142857143,0.4556,0.0,1.0,0.5062,0.97333576,1.8871256,2.6860374,3.32282964,-0.916335695794,-1.77275532577,-0.1609723039839999,-0.4552059820899999,10.483090137999987,-11.78214845629,1.697266971900009,-3.1746065151050065
52,GLY,0.716,0.3960176991150442,0.85139,0.77324,0.31876,0,0.0,1,0.2,0.4556,0.0,1.0,0.5062,0.69447563,1.34204098,1.89943248,2.33036768,-1.0249546998,-1.9908714727,-0.1687148876299999,-0.4786633935,8.402355552,-16.542979331599955,1.3575992004000026,-4.037586884300006
53,PHE,2.049,0.6590543583145706,3.57941,0.95269,0.1073099999999999,0,0.0,2,0.285714285714286,0.8111,0.783,0.0763,0.037,0.9731414,1.88561513,2.6811081,3.31166683,-0.7859525061999999,-1.5278746235,-0.12776050226,-0.3627529758,11.431952169999972,-13.803546383100036,1.7962337802,-3.385227919280001
54,GLY,0.399,0.2206858407079646,0.8079000000000001,1.00123,0.4077699999999999,1,0.0833333333333333,1,0.0833333333333333,0.4556,0.0,1.0,0.5062,1.3917217000000002,2.70551058,3.86846921,4.81739657,-1.04573424039,-2.0420190577,-0.1571841773939999,-0.4482201281780002,10.97042899699996,-14.994392695499997,1.6462792230999994,-3.2760950326819973
55,PRO,1.25,0.5605381165919282,1.72066,0.95362,0.0263799999999999,3,0.272727272727273,1,0.0909090909090909,0.3222,0.3764,0.8594,0.3827,1.39170259,2.70535715,3.86795061,4.81616634,-1.4903065878099997,-2.9042959495,-0.2327675835300001,-0.6625503857499997,9.039568668999978,-15.988376015899968,1.3886809111999978,-3.6546095129099982
56,GLY,0.481,0.2660398230088495,0.99629,0.82114,0.50586,5,0.25,2,0.1,0.4556,0.0,1.0,0.5062,1.80904815,3.5156633900000003,5.02403531,6.251115129999999,-1.0119667473600005,-1.9609284737,-0.1745952868,-0.4947468001,9.654936393999986,-11.3151520718,1.598551714300004,-3.0362422735000005
57,LYS,1.627,0.5223113964686998,2.81241,1.13142,0.3565800000000001,3,0.214285714285714,2,0.142857142857143,0.0667,0.6942,0.6867,0.7901,1.53016437,2.9703813199999995,4.236735920000001,5.25692328,-1.6475427644000002,-3.1996161067,-0.2721268226700001,-0.7719414247000002,7.886152738999984,-10.636080300499994,1.3221285172999986,-2.7840688671
58,MET,0.604,0.2025486250838363,2.25272,1.76611,0.61189,1,0.0769230769230769,1,0.0769230769230769,0.7111,0.6196,0.0,0.0988,1.80937006,3.51820355,5.0324652,6.27064242,-1.9570417628,-3.810328063300001,-0.31101551272,-0.8846580612999999,7.309150721999988,-10.4475082758,1.1328654654999992,-2.470679069700002
59,ASP,1.185,0.4419992540096978,2.3992400000000003,0.96943,0.52657,0,0.0,0,0.0,0.1111,0.3239,0.8675,1.0,1.1129008,2.16074817,3.08297517,3.82763403,-1.9094700208300004,-3.698163638100001,-0.3287344815569999,-0.9301703673,8.233339781999998,-13.4113028414,1.4248625007000004,-3.5390767698000016
60,SER,0.93,0.4273897058823529,1.46368,1.00974,0.2362599999999999,1,0.0833333333333333,0,0.0,0.4111,0.1877,0.8514,0.5309,2.0900833600000004,4.07778138,5.866694590000001,7.371975589999999,-2.0242055126000005,-3.9581486094,-0.29474058474,-0.8412690791000002,5.38923818899999,-9.225493659000009,0.7859629118999995,-1.9880768311000003
61,ARG,1.184,0.3531166119892633,3.35807,1.75097,0.4180300000000003,4,0.25,0,0.0,0.0,0.7346,0.9398,0.6914,1.80985281,3.5219586,5.04473037,6.2984512,-1.56505509483,-3.04662232507,-0.247701646872,-0.703962760844,5.136744538999991,-8.880674288499991,0.8842124357999979,-2.3717035164
62,GLY,0.466,0.2577433628318584,0.7641899999999999,0.78551,0.55649,3,0.25,0,0.0,0.4556,0.0,1.0,0.5062,1.2516156,2.42768012,3.4577866000000004,4.281423599999999,-0.9605266466000004,-1.8605299959000003,-0.16632224695,-0.47101920585,6.360609545000004,-6.859761160500004,1.0343777746000005,-1.698588737100001
63,GLU,0.942,0.345307917888563,2.69504,1.2677999999999998,0.5182000000000004,2,0.25,0,0.0,0.1111,0.4884,0.8112,0.9136,1.2524539200000002,2.43426894,3.47954921,4.33151617,-0.8521103145,-1.6618750472,-0.13028737949,-0.3708915046,7.183503915999993,-8.23107553600001,1.172043969700003,-2.0361757779
64,HIS,1.528,0.552622061482821,3.01278,1.19615,0.04085,1,0.333333333333333,1,0.333333333333333,0.1444,0.561,0.1124,0.679,0.69439954,1.34143805,1.89742297,2.32568664,-0.8061215883,-1.561566425,-0.1386868739499999,-0.3925734501,6.240236301000008,-13.049924366999988,1.0298277419999988,-3.269676205099997
65,ARG,2.211,0.6594094840441395,3.834940000000001,0.81368,0.3283200000000004,0,0.0,1,0.333333333333333,0.0,0.7346,0.9398,0.6914,0.5550034399999999,1.0691498,1.5049135800000002,1.8311409,-0.610639474,-1.182089402,-0.1066396957999999,-0.301819756,3.251795878,-9.401662222000006,0.5844855992999999,-2.4804196069999973
66,GLN,1.533,0.5332173913043478,2.83412,1.08989,0.25211,0,0.0,1,0.333333333333333,0.1111,0.5388,0.7952,0.6914,0.6945154600000001,1.3423496499999998,1.90043605,2.33262945,-0.601075529,-1.173057589,-0.0908628826,-0.258851757,3.147633078,-9.061000237000007,0.4525794942,-1.9084409589999989
67,ASP,1.318,0.4916076091010817,2.55173,0.7735900000000001,0.5894099999999999,0,0.0,0,0.0,0.1111,0.3239,0.8675,1.0,0.55493656,1.06862682,1.50319607,1.82721762,-0.429247771,-0.8267654640000001,-0.0805157510999999,-0.226962674,1.6439176739999986,-4.149620880000002,0.3073467033000001,-1.168893954
68,ARG,2.32,0.6919176856546375,3.99784,0.7974800000000001,0.2355200000000002,0,0.0,0,0.0,0.0,0.7346,0.9398,0.6914,0.6946106299999999,1.34308437,1.90281565,2.3379622,-0.375270662,-0.7282045450000001,-0.0629674761,-0.1785305559999999,1.059252714,-3.301901990999999,0.1795089483,-0.8137271550000003
69,ARG,2.023,0.6033402922755741,3.76268,1.08157,0.2484299999999999,0,0.0,1,0.333333333333333,0.0,0.7346,0.9398,0.6914,0.69424683,1.34025214,1.89355586,2.31693867,-0.231504955,-0.448347476,-0.040244484,-0.1139729508,0.7052891640000002,-2.0096535360000005,0.1265133,-0.522374544
70,GLU,2.017,0.7393695014662756,3.13107,0.67315,0.0378500000000002,0,0.0,1,0.333333333333333,0.1111,0.4884,0.8112,0.9136,0.5550034399999999,1.0691498,1.5049135800000002,1.8311409,-0.267067456,-0.515278748,-0.0488807212,-0.137956986,0.313780108,-0.926403628,0.0537232758,-0.233496662
71,ARG,1.545,0.4607813898001789,3.14079,1.57593,0.2320700000000002,0,0.0,2,0.666666666666667,0.0,0.7346,0.9398,0.6914,0.69415611,1.33954016,1.89120717,2.31154063,-0.1107617029999999,-0.216289734,-0.0166791753,-0.04757437,0.314703592,-0.59572068,0.046011744,-0.127518006
72,PRO,1.467,0.657847533632287,1.94144,0.79375,-0.03075,0,0.0,1,0.5,0.3222,0.3764,0.8594,0.3827,0.5553376600000001,1.07177387,1.51357217,1.85104455,-0.136770605,-0.265486296,-0.0225624518,-0.063916609,0.3924390340000001,-0.66321723,0.0646311799,-0.166169785
73,TYR,2.504,0.7347417840375587,4.58419,0.95379,-0.0497900000000002,0,0.0,1,1.0,0.3556,0.8063,0.502,0.1605,0.2774006599999999,0.53378517,0.74986435,0.90965158,-0.169570342,-0.327452916,-0.0307743765,-0.086951133,0.274035488,-0.335634078,0.051030199,-0.091916761
