1,GLY,0.883,0.4883849557522123,1.10007,0.67437,0.25063,0,0.0,0,0.0,0.4556,0.0,1.0,0.5062,1.3910011299999998,2.6999151299999995,3.85022451,4.77612635,-1.04013882164,-2.0236893101,-0.16741820124,-0.47590297527,8.752744973999972,-12.815457606799978,1.4432210627,-3.190374964189997
2,PRO,1.102,0.494170403587444,1.80903,1.03582,0.0921799999999999,0,0.0,0,0.0,0.3222,0.3764,0.8594,0.3827,1.2515254,2.42702278,3.45579426,4.2773854,-1.1468475489600003,-2.2266313731,-0.1905263876199999,-0.5404355502300002,6.242010854000001,-9.885427390999997,1.0164728668,-2.4817636441599995
3,GLY,0.587,0.3246681415929203,0.87371,0.88697,0.33403,0,0.0,0,0.0,0.4556,0.0,1.0,0.5062,1.80877546,3.5135544700000003,5.01719301,6.235744990000001,-0.8892890170999997,-1.7276873170000002,-0.146910667524,-0.4171398169600001,6.240962302,-7.644580708200009,1.0267022763999996,-1.9625734580999996
4,GLY,0.735,0.4065265486725664,0.93623,0.7824400000000001,0.2905599999999998,0,0.0,0,0.0,0.4556,0.0,1.0,0.5062,1.80897603,3.51510872,5.0222481000000005,6.247141010000001,-1.890302711,-3.6773225929,-0.304492312319,-0.8653673638799997,4.911512651999994,-8.090432701600013,0.7613423453999995,-1.85271030888
5,GLY,0.511,0.2826327433628318,0.85834,0.87923,0.4177700000000002,1,0.0588235294117647,0,0.0,0.4556,0.0,1.0,0.5062,1.6702567200000005,3.2481029599999998,4.647060809999999,5.792081219999999,-2.4567968639,-4.774389917800001,-0.40143143398,-1.13943143477,5.069945494000006,-5.3447723650000025,0.7755674491000004,-1.2790924600999989
6,PRO,0.492,0.2206278026905829,1.68975,1.4389999999999998,0.2990000000000001,1,0.0588235294117647,0,0.0,0.3222,0.3764,0.8594,0.3827,1.9496065600000003,3.7970107,5.446206780000001,6.813147969999998,-2.496505161349999,-4.868629803163998,-0.384700900437,-1.0957371396650002,4.681272624000004,-5.352926234099998,0.6837217817999998,-1.1409136435500011
7,GLY,0.728,0.4026548672566371,0.94472,0.77064,0.3093600000000001,0,0.0,0,0.0,0.4556,0.0,1.0,0.5062,1.53117531,2.9782666,4.26257851,5.31579349,-1.5135103740999991,-2.9452166012000007,-0.24206375706,-0.6879874314600002,4.320289475000004,-5.368087203699996,0.6867940142999995,-1.277014119519999
8,GLY,0.53,0.2931415929203539,0.8812000000000001,0.8226099999999998,0.4553900000000002,0,0.0,0,0.0,0.4556,0.0,1.0,0.5062,1.80854379,3.51169956,5.010948420000001,6.22101301,-1.50619699272,-2.9303106363,-0.241294933853,-0.6855222911300002,4.752520778999998,-7.447981536200005,0.7574010566000015,-1.80492573148
9,SER,0.406,0.1865808823529411,1.3919,1.17275,0.5972500000000001,0,0.0,0,0.0,0.4111,0.1877,0.8514,0.5309,1.80530642,3.4865619700000003,4.928960219999999,6.03544515,-1.5159136245000002,-2.944407332799999,-0.2522929017499999,-0.7164768473199998,5.916620531999994,-9.72947351340001,1.0602681766000013,-2.414346855599998
10,HIS,1.0,0.3616636528028933,2.86634,1.32358,0.4414200000000001,0,0.0,0,0.0,0.1444,0.561,0.1124,0.679,2.22602585,4.32305865,6.170441650000001,7.66359461,-1.6617754826999998,-3.2348250491,-0.26430854307,-0.7514947088299997,4.475346238000002,-7.046759222599996,0.733237743,-1.7812979291900006
11,MET,0.995,0.3336686787391013,2.28564,1.4335200000000003,0.5534799999999997,0,0.0,0,0.0,0.7111,0.6196,0.0,0.0988,1.80815067,3.50870304,5.00136362,6.19989213,-1.6355282673999998,-3.178451696800001,-0.2668299111259999,-0.7572904390799997,10.007223767999962,-12.759133711200008,1.6604067414999972,-3.2693086204999964
12,GLY,0.25,0.1382743362831858,0.6522,0.97361,0.58439,0,0.0,0,0.0,0.4556,0.0,1.0,0.5062,1.39024417,2.69404852,3.83112789,4.733018820000001,-1.5000075526999996,-2.9165047793999994,-0.2432127191999999,-0.6907092994999999,8.672590899000026,-12.837033888200036,1.4440826083,-3.1511179474999995
13,GLY,0.518,0.286504424778761,0.82226,0.95966,0.3303400000000001,0,0.0,0,0.0,0.4556,0.0,1.0,0.5062,1.11155533,2.15022669,3.04840738,3.74862929,-1.3260730118000004,-2.5771309512000005,-0.2180883596799999,-0.61947407983,6.516218719999986,-12.840488903800017,1.072800883900002,-3.153374639620001
14,ASN,1.727,0.7063394683026586,2.66123,0.68501,0.0329899999999997,0,0.0,0,0.0,0.1111,0.3976,0.6747,0.8272,1.11334321,2.1641986,3.09427963,3.853373420000001,-1.2738196668999997,-2.4868360380000003,-0.1910959271199999,-0.5444955411000001,4.759593558000001,-8.963736814600006,0.6925262275000007,-1.9650099904
15,TYR,1.11,0.3257042253521127,3.67892,1.6651900000000002,0.6328099999999999,0,0.0,0,0.0,0.3556,0.8063,0.502,0.1605,1.11314773,2.16266918,3.08925348,3.84188267,-0.8416720334000002,-1.641932469,-0.1284386762,-0.3657993981,4.358536329999997,-7.552119806999999,0.7005378965999988,-1.7563694760999986
16,GLY,0.605,0.3346238938053097,0.9343,0.9242,0.2787999999999999,0,0.0,1,0.25,0.4556,0.0,1.0,0.5062,0.69442476,1.34163804,1.8980899,2.32724212,-0.5639500017,-1.090870945,-0.0990050988,-0.2798683475,2.5442531449999977,-5.345750309999999,0.4750392229000003,-1.499014656000001
17,ASP,1.462,0.5453189108541588,2.53308,0.7945500000000001,0.42445,0,0.0,1,0.333333333333333,0.1111,0.3239,0.8675,1.0,0.69465496,1.34343758,1.90400035,2.34074495,-0.4989902834,-0.9700006407,-0.0813314688,-0.230965053,1.961599161,-4.101325635400001,0.3314274991000001,-1.0347110964000004
18,ASP,0.735,0.2741514360313316,2.19762,1.32254,0.6234600000000001,0,0.0,1,0.333333333333333,0.1111,0.3239,0.8675,1.0,0.83388163,1.61440333,2.29217253,2.82540236,-0.5760684717,-1.1214962446,-0.09070766851,-0.25772102638,2.0073540190000005,-4.572429381000003,0.2816647655000002,-0.9528938915599996
19,ARG,2.559,0.7631971368923353,3.97054,0.6995,0.0945,0,0.0,0,0.0,0.0,0.7346,0.9398,0.6914,0.97355487,1.88885334,2.69176518,3.33607959,-0.2166553026,-0.4217549970000001,-0.0342942568099999,-0.0974673313,2.16189657,-1.7824263529999993,0.3283234895,-0.4094614537000001
20,ARG,2.267,0.6761109454220101,3.6946,1.11482,-0.0288199999999998,0,0.0,0,0.0,0.0,0.7346,0.9398,0.6914,0.8340982000000001,1.6161004799999998,2.29776216,2.83822014,-0.2087844953,-0.3997781564,-0.04231982646,-0.118820043,2.627280024,-1.6008842034,0.4494923281999999,-0.4972467010000003
21,GLY,0.567,0.3136061946902654,0.90218,0.89875,0.34225,1,0.111111111111111,0,0.0,0.4556,0.0,1.0,0.5062,1.11260704,2.1584344699999995,3.07531653,3.80995504,-0.2655636593,-0.5172458371,-0.0418764551799999,-0.11913846094,1.9259313349999991,-1.7655663964000008,0.2953313978999998,-0.4185396227600002
22,GLY,0.73,0.4037610619469026,0.98035,0.67513,0.40287,0,0.0,0,0.0,0.4556,0.0,1.0,0.5062,0.9735596,1.88888835,2.69187331,3.33630528,-0.4960612339999999,-0.968915782,-0.0740096726,-0.2110527414999999,2.1231098370000008,-4.477269737999999,0.3190160236000001,-0.9720695739999994
23,ARG,2.535,0.7560393677303907,3.94221,0.7878499999999999,0.0301500000000001,1,0.166666666666667,1,0.166666666666667,0.0,0.7346,0.9398,0.6914,0.83415825,1.61656144,2.29924525,2.8415128,-0.4063661205,-0.7907911105999998,-0.06474144724,-0.1839483885,2.001952982000001,-4.308510851600002,0.3261289793000003,-1.0201473473999996
24,GLY,0.286,0.1581858407079646,0.65642,0.94711,0.57489,1,0.125,1,0.125,0.4556,0.0,1.0,0.5062,0.97311073,1.88538653,2.68039716,3.31016564,-0.4189686966,-0.8185231700000001,-0.0620172383999999,-0.1768460865999999,1.8072252010000005,-4.072472056000001,0.2807420501000001,-0.8951278195999998
25,GLY,0.801,0.4430309734513274,0.93194,0.6435,0.3635000000000001,1,0.2,1,0.2,0.4556,0.0,1.0,0.5062,0.97390609,1.89160375,2.70081474,3.35680322,-0.6176620126,-1.2097386197,-0.0866197972599999,-0.24755664436,1.9674244540000008,-5.4727725957,0.2821000714999997,-1.15691224656
26,TYR,1.394,0.409037558685446,3.63995,1.48974,0.5242600000000002,2,0.333333333333333,1,0.166666666666667,0.3556,0.8063,0.502,0.1605,0.97322446,1.88627181,2.68329069,3.3167315299999998,-0.46872624844,-0.9054726575999998,-0.0852035845799999,-0.24097677182,1.9573584039999987,-5.4644289630000005,0.3652784535,-1.501966035
27,ASP,1.584,0.5908243192838494,2.55354,0.65968,0.4373199999999999,0,0.0,0,0.0,0.1111,0.3239,0.8675,1.0,0.83415449,1.6165332299999997,2.29915712,2.84132561,-1.0974420095999995,-2.1220302896,-0.1932646798499999,-0.54602236504,3.7298778420000023,-7.830033822200005,0.5999759027000002,-1.86465966858
28,ARG,1.439,0.4291679093349239,3.47714,1.6634399999999998,0.2505600000000003,0,0.0,0,0.0,0.0,0.7346,0.9398,0.6914,1.39242481,2.71102886,3.88667045,4.8592153,-1.0102510189000002,-1.9669728961,-0.1600366627059999,-0.4550635449,6.448183167999988,-11.610128299499992,0.9656231851000032,-2.6622394122000004
29,GLY,0.36,0.1991150442477876,0.8193699999999999,0.99899,0.4490099999999999,0,0.0,0,0.0,0.4556,0.0,1.0,0.5062,1.38995584,2.69174228,3.823374610000001,4.714763649999999,-1.4009583941,-2.720559422,-0.2326212636,-0.6601251087000001,8.24225529599998,-18.04940657300001,1.361174503599995,-4.412526456000005
30,GLY,0.589,0.3257743362831858,0.83516,0.7755299999999999,0.4434700000000001,0,0.0,0,0.0,0.4556,0.0,1.0,0.5062,1.52966054,2.9665034299999995,4.22421109,5.228956999999999,-1.6143134565999997,-3.1436315915000006,-0.2545912593,-0.7239721475400003,9.66289492699997,-20.2249234002,1.5299218948000024,-4.731807069900005
31,TYR,1.496,0.4389671361502347,3.64113,1.4037099999999998,0.5082900000000001,0,0.0,0,0.0,0.3556,0.8063,0.502,0.1605,1.66851133,3.2345154099999998,4.60262652,5.69115188,-1.3373029920000004,-2.5936220049999994,-0.2275410274659999,-0.6452297316299999,14.361756514999987,-20.980860065300025,2.403505072800001,-5.361461562020011
32,ARG,0.99,0.2952579779302117,3.11073,1.6352099999999998,0.7277900000000006,0,0.0,0,0.0,0.0,0.7346,0.9398,0.6914,1.80754565,3.50395467,4.98570824,6.16394967,-1.4785524635899998,-2.872385087846,-0.2437447296779999,-0.6918920165320002,12.983006771999982,-19.789343878300013,2.2222456762000067,-5.102773184912013
33,GLY,0.186,0.1028761061946902,0.64983,0.95507,0.66693,0,0.0,0,0.0,0.4556,0.0,1.0,0.5062,1.52824102,2.9554382,4.18797227,5.14647832,-1.3734040208000005,-2.6662753892999995,-0.229300289125,-0.6505642628900004,11.725671213999997,-16.065028678100017,2.022415924700003,-4.151155586349992
34,ARG,2.393,0.7136892335222188,3.98814,0.70441,0.2555900000000004,0,0.0,0,0.0,0.0,0.7346,0.9398,0.6914,1.39087625,2.69893586,3.84699644,4.7687141,-1.5344926336,-2.9906285026999995,-0.2389946733499999,-0.6802786762000002,11.741982172000045,-17.45315169740004,1.8851987005000048,-4.174301956200003
35,GLY,0.193,0.1067477876106194,0.6589100000000001,1.00847,0.60653,0,0.0,1,0.0526315789473684,0.4556,0.0,1.0,0.5062,1.39039835,2.69517751,3.834575370000001,4.74010338,-1.479422397,-2.8741965628,-0.243743781384,-0.6919184700699998,11.10736707799994,-15.687579093999998,1.840740517500006,-3.7945509197799936
36,GLY,0.201,0.1111725663716814,0.6609999999999999,0.99529,0.61171,0,0.0,1,0.0277777777777778,0.4556,0.0,1.0,0.5062,1.94485881,3.7601189000000006,5.325799140000001,6.54038304,-1.5074323759999997,-2.9362602965000004,-0.2365768209,-0.6728794459000002,5.92179051399999,-9.928362754500002,1.0171013244999996,-2.4249520945999983
37,ASP,0.261,0.0973517344274524,2.0562,1.53757,0.88243,0,0.0,1,0.0384615384615385,0.1111,0.3239,0.8675,1.0,2.08724923,4.05559908,5.793743780000002,7.205025339999999,-1.058504733874,-2.0590917878649995,-0.1701097209929999,-0.483285891141,8.292801955999995,-5.317864444700009,1.2709442977999998,-1.2614872800400023
38,ARG,1.228,0.3662391887861616,3.59652,1.71506,0.4099399999999999,2,0.166666666666667,1,0.0833333333333333,0.0,0.7346,0.9398,0.6914,2.09016042,4.0783754,5.868617770000001,7.376284059999999,-1.4321251910569996,-2.78174290383,-0.2352126476639998,-0.6671456953129998,7.503717793999995,-6.814596123039992,1.173190807699999,-1.7968741351340034
39,GLY,0.512,0.2831858407079646,1.00265,0.91259,0.38341,3,0.375,0,0.0,0.4556,0.0,1.0,0.5062,1.8113055,3.53330768,5.08198193,6.38348553,-1.1191421976000002,-2.1726036507,-0.18555368765,-0.5260588430099999,9.304404034000006,-7.741471983399997,1.5012183980000025,-2.059301071760005
40,GLY,0.723,0.3998893805309734,0.95478,0.74017,0.3448299999999999,2,0.25,0,0.0,0.4556,0.0,1.0,0.5062,1.5317711699999998,2.98291222,4.27779094,5.3504057000000005,-1.3306319141099996,-2.598096717060001,-0.1995055919645,-0.5686211661870002,6.289222873000012,-5.7121697143400025,0.9580091350999989,-1.318725924376002
41,PHE,1.434,0.4612415567706658,3.61891,1.52371,0.1512900000000001,2,0.181818181818182,0,0.0,0.8111,0.783,0.0763,0.037,1.25130856,2.42528287,3.44992224,4.26348532,-1.2431304697,-2.4151343335,-0.2056890251399999,-0.5841023598000001,5.845971693999992,-8.327652004999996,0.985510231200001,-2.105815881899997
42,ARG,1.787,0.5329555621831196,3.62467,1.18923,0.3767700000000002,4,0.285714285714286,0,0.0,0.0,0.7346,0.9398,0.6914,1.25036564,2.41798688,3.42621683,4.2101137600000005,-1.5705532898600003,-3.0448841917300005,-0.26754754438,-0.7581046776599998,6.079132854999986,-9.858918008999993,1.0419931992,-2.5129955958
43,GLY,0.641,0.3545353982300885,0.94812,0.81476,0.35224,1,0.0714285714285714,0,0.0,0.4556,0.0,1.0,0.5062,1.39063014,2.6970312199999995,3.8408019,4.7547441,-1.7505236195400002,-3.4026969867,-0.2860994300799999,-0.8125678061799999,8.130153852000003,-9.407630300600006,1.2983057307000012,-2.258364772620004
44,GLY,0.655,0.3622787610619469,0.8471299999999999,0.8380199999999999,0.3149800000000001,2,0.125,0,0.0,0.4556,0.0,1.0,0.5062,1.3901225900000005,2.69304219,3.827632420000001,4.72445699,-1.6217329587599998,-3.141892896199998,-0.2809087845399999,-0.79598138535,9.178795376,-12.15885343869999,1.563781294000003,-3.210174712850001
45,ARG,2.369,0.7065314643602744,3.757730000000001,1.04308,-0.05908,2,0.125,0,0.0,0.0,0.7346,0.9398,0.6914,1.66935669,3.24112714,4.624351890000001,5.740815360000001,-1.2781311966,-2.4713041709999994,-0.22762766483,-0.6437823326,9.14676836100002,-9.479917923000006,1.4950617740000012,-2.5142526803399994
46,GLY,0.347,0.1919247787610619,0.6645699999999999,1.04491,0.41609,1,0.0434782608695652,0,0.0,0.4556,0.0,1.0,0.5062,1.80769408,3.50515498,4.989788540000001,6.17369249,-0.794842334,-1.5361356501000003,-0.14253907887,-0.4029992968999999,8.206385583,-10.389206666400002,1.3225988585000028,-2.7728856113999987
47,GLY,0.591,0.3268805309734513,0.81849,0.82627,0.3907300000000001,1,0.0625,0,0.0,0.4556,0.0,1.0,0.5062,1.5302733599999998,2.9712158900000003,4.2394226,5.262900089999999,-0.98351997257,-1.9178686483000005,-0.15239851107,-0.43420676887,8.410501670999967,-13.732879219599988,1.2966315372999997,-3.102174643760001
48,GLY,0.71,0.3926991150442477,0.8660800000000001,0.7586299999999999,0.3393700000000001,0,0.0,0,0.0,0.4556,0.0,1.0,0.5062,1.11270214,2.15920721,3.07795738,3.81630413,-1.103143553,-2.1452968957000005,-0.1776058422999999,-0.5043059083599999,9.190383158000024,-16.440721725000003,1.460712543400002,-3.8674205432599993
49,ASP,1.48,0.5520328235732935,2.54575,0.7884899999999999,0.4125100000000001,0,0.0,0,0.0,0.1111,0.3239,0.8675,1.0,1.25169986,2.4283553400000004,3.46006172,4.286798919999999,-1.1529137389,-2.2453440074,-0.1814694454999999,-0.5160653916000001,9.348415084000026,-17.72905581700003,1.483757979599995,-4.182296283799999
50,ARG,1.53,0.4563077840739636,3.20267,1.51154,0.3114600000000003,0,0.0,0,0.0,0.0,0.7346,0.9398,0.6914,1.6665715,3.2194251100000004,4.553317560000001,5.57928041,-0.9349324948,-1.8210817995,-0.1472914873699999,-0.4190818465999999,7.772945255999994,-12.559196154200023,1.2710659585999986,-2.987472316999997
51,GLY,0.434,0.2400442477876106,0.77424,0.9325099999999998,0.4414900000000002,0,0.0,0,0.0,0.4556,0.0,1.0,0.5062,1.94572937,3.766780640000001,5.3471897,6.5877651,-0.752134471,-1.4577634722000006,-0.12887322048,-0.3651097248999999,6.198175951000001,-6.50695659079999,1.0529222765999997,-1.5995263868999985
52,GLY,0.106,0.0586283185840707,0.7512000000000001,1.06906,0.6329400000000001,2,0.0540540540540541,0,0.0,0.4556,0.0,1.0,0.5062,2.50388725,4.860470760000001,6.932308070000002,8.60094501,-1.1227779598,-2.192710119,-0.16718882883,-0.4765072153,5.185905163,-9.857295413000006,0.8115964947000002,-2.2172862194000005
53,PHE,0.721,0.2319073657124477,2.95873,1.85808,0.52992,3,0.09375,0,0.0,0.8111,0.783,0.0763,0.037,2.36563809,4.5970109,6.568328410000001,8.170159279999998,-1.79132986823,-3.4811362907800003,-0.293666586557,-0.8337846194450003,4.988185453999999,-7.460004302559994,0.7968537093999989,-1.7865714373499992
54,GLY,0.094,0.0519911504424778,0.61731,1.00926,0.7047399999999999,3,0.130434782608696,0,0.0,0.4556,0.0,1.0,0.5062,1.9471666,3.778050840000001,5.3843204700000005,6.67293427,-1.3995219314,-2.7184001766,-0.23101839399,-0.6555508742299999,5.415587924000006,-3.704782193199999,0.8976760822999977,-0.9498375013999996
55,PRO,0.806,0.3614349775784753,1.80288,1.11285,0.31115,4,0.307692307692308,0,0.0,0.3222,0.3764,0.8594,0.3827,1.94972799,3.79796677,5.44937069,6.82044863,-1.5594576597679997,-3.0478916103740006,-0.2290669768554999,-0.653457278222,4.131923412999995,-4.706737800999998,0.5862707272999991,-1.009356449459999
56,GLY,0.411,0.2273230088495575,0.8587,0.95365,0.4433500000000001,5,0.416666666666667,1,0.0833333333333333,0.4556,0.0,1.0,0.5062,1.53090277,2.97614881,4.255668910000001,5.300151789999999,-1.5887238767999998,-3.1011342489,-0.2385095606199999,-0.6793885980800001,4.636544449999997,-4.250734605400001,0.7205319133000001,-1.0822652835000002
57,LYS,2.047,0.6571428571428571,2.99303,0.78295,0.28505,3,0.5,1,0.166666666666667,0.0667,0.6942,0.6867,0.7901,0.97359068,1.88912116,2.69260107,3.33785363,-1.2588098459999997,-2.4302510806,-0.2289081416299999,-0.6465292986600001,6.280502779999999,-6.180618994400003,1.0229429386999982,-1.8018274563399996
58,MET,1.471,0.4932930918846411,2.69191,1.10013,0.41087,6,0.75,0,0.0,0.7111,0.6196,0.0,0.0988,1.6712271500000002,3.25567031,4.671850110000001,5.84851296,-1.8086897099600008,-3.534220444799999,-0.2675933320949999,-0.7633596659799999,7.004362170999996,-8.1413885656,1.0054321656000014,-1.717944975910001
59,ASP,0.865,0.3226408056695263,2.14771,1.24287,0.5731300000000001,1,0.125,1,0.125,0.1111,0.3239,0.8675,1.0,1.6715780400000002,3.25845326,4.68113195,5.87015501,-1.2450218082999998,-2.4304363555,-0.18492367841,-0.52634427326,6.842982902999991,-9.950328758000005,0.9994347418,-2.268853203120001
60,SER,0.839,0.3855698529411764,1.59117,0.94701,0.3899900000000001,1,0.0714285714285714,2,0.142857142857143,0.4111,0.1877,0.8514,0.5309,1.3901765600000002,2.69350166,3.82926994,4.72858935,-0.9547464275999998,-1.8584007538000005,-0.1517100062699999,-0.4312455404,4.595196797999996,-7.728518858299999,0.7266818081999985,-1.7741065281
61,ARG,1.552,0.4628690724724127,3.50592,1.3246000000000002,0.4763999999999999,0,0.0,2,0.166666666666667,0.0,0.7346,0.9398,0.6914,1.1107151700000002,2.1437124,3.0271958000000003,3.70073228,-0.8557232765000001,-1.662954262,-0.14037593784,-0.3986023179,4.115679741999996,-7.293120364799988,0.7241874429999997,-1.8487716808
62,GLY,0.93,0.5143805309734514,1.0195999999999998,0.6179699999999999,0.2600300000000001,0,0.0,2,0.25,0.4556,0.0,1.0,0.5062,0.8335041000000001,1.6114477,2.28244891,2.80313769,-0.6126784657,-1.18950148,-0.10243895444,-0.29072527665,4.8264517649999865,-6.872843000999999,0.8074305942999995,-1.7389693255999978
63,GLU,1.971,0.7225073313782991,3.09061,0.70654,0.0504600000000001,0,0.0,1,0.25,0.1111,0.4884,0.8112,0.9136,0.8336837500000001,1.61285581,2.28708767,2.81377937,-0.435975033,-0.8392561266,-0.08253470115,-0.2326082557,4.826371973999996,-3.995233265000001,0.8000953568999984,-1.1401645681
64,HIS,0.772,0.2792043399638336,2.89148,1.6577800000000005,0.3352199999999998,0,0.0,2,0.166666666666667,0.1444,0.561,0.1124,0.679,1.52969434,2.96678078,4.22516849,5.231288059999999,-1.2980713157,-2.5416659430000004,-0.1840067107899999,-0.5259265393999999,5.946778025999986,-11.3127852959,0.8047280944999989,-2.2460287437
65,ARG,1.995,0.5949895615866388,3.77531,1.0835199999999998,0.2744800000000003,0,0.0,1,0.0909090909090909,0.0,0.7346,0.9398,0.6914,1.25092582,2.42232589,3.4403329700000005,4.241956119999999,-0.4522001364,-0.8697667310000001,-0.0860410212899999,-0.2421847146999999,4.113604831999995,-4.850607045000002,0.7386547639999987,-1.3154178311000018
66,GLN,0.884,0.3074782608695652,2.5012600000000003,1.32234,0.66866,0,0.0,1,0.1,0.1111,0.5388,0.7952,0.6914,1.39150419,2.70382821,3.86300743,4.805116859999999,-0.579008305,-1.1260297734,-0.0930576059,-0.26419958424,4.128963280000004,-3.496997084999997,0.6191930534000003,-0.7665433614200005
67,ASP,0.713,0.2659455427079448,1.96345,1.37915,0.5888500000000001,0,0.0,0,0.0,0.1111,0.3239,0.8675,1.0,0.97364992,1.88961051,2.69430084,3.3420226,-0.7884831077,-1.5354151440000006,-0.12365338154,-0.3514246877,3.929689424,-4.568253392000002,0.6007118617999991,-1.1833551145000007
68,ARG,2.226,0.6638830897703548,3.70448,1.0086799999999998,0.1183200000000004,0,0.0,0,0.0,0.0,0.7346,0.9398,0.6914,0.83413988,1.61642375,2.29881427,2.8405941400000003,-0.8643544109999999,-1.68498621,-0.1334957975,-0.379931256,4.6696968909999965,-11.750160143999995,0.7742641019999991,-2.8963062209999992
69,ARG,1.636,0.4879212645392185,3.49876,1.36519,0.3518100000000002,0,0.0,1,0.142857142857143,0.0,0.7346,0.9398,0.6914,0.6936379300000001,1.33548367,1.87786542,2.28100484,-0.5461454050000001,-1.0568457926,-0.09662292584,-0.2736079154,3.1767433320000005,-5.782399262499999,0.5521511864999996,-1.4246532466999984
70,GLU,1.739,0.6374633431085044,2.9760700000000004,0.89603,0.0929700000000001,0,0.0,2,0.4,0.1111,0.4884,0.8112,0.9136,0.97375649,1.89042893,2.69693749,3.34788741,-0.2657891854,-0.5220948980000001,-0.03505768503,-0.1005324675,3.190946738000004,-4.883981226000005,0.4225340557000002,-0.9374490638000006
71,ARG,1.409,0.4202206978824933,3.30631,1.37108,0.5729200000000001,0,0.0,2,0.333333333333333,0.0,0.7346,0.9398,0.6914,0.8338396,1.61409056,2.29120148,2.8233573,-0.208456329,-0.40746536,-0.030370332,-0.0866034728,2.4801013980000013,-2.767552715999998,0.3408535708999998,-0.5685143079000002
72,PRO,1.496,0.6708520179372197,2.01608,0.80534,-0.0713399999999999,0,0.0,1,0.333333333333333,0.3222,0.3764,0.8594,0.3827,0.41550315,0.7960603799999999,1.1098216600000002,1.33084407,-0.376065709,-0.7235505799999999,-0.07178333,-0.2022532859999999,0.9003823320000002,-2.2038273400000006,0.168174278,-0.6193301050000001
73,TYR,2.374,0.6965962441314555,4.60936,0.90877,0.1252299999999997,0,0.0,1,0.5,0.3556,0.8063,0.502,0.1605,0.41670754,0.80538675,1.14015535,1.39924372,-0.283763563,-0.55241205,-0.0452553719,-0.1287323623,0.9041128749999996,-1.3200214689999998,0.1377993152,-0.307811302
