1,GLY,1.037,0.5735619469026548,0.69056,0.39572,0.3752800000000001,0,0.0,0,0.0,0.4556,0.0,1.0,0.5062,0.55579452,1.0752524600000002,1.52468658,1.87549677,-0.201712709,-0.392883926,-0.0319817761,-0.0910392036,2.23837252,-3.778813503,0.3626434315999995,-0.8795686098000006
2,PRO,1.75,0.7847533632286996,2.05589,0.63773,-0.15773,0,0.0,0,0.0,0.3222,0.3764,0.8594,0.3827,0.5552983499999999,1.07146817,1.51257456,1.84878549,-0.160633988,-0.31019496,-0.0288834167,-0.0815302853,2.2357132230000007,-2.873119121000004,0.3781004883000001,-0.7607706332999995
3,GLY,0.596,0.329646017699115,0.8883199999999999,0.84594,0.3660600000000001,0,0.0,0,0.0,0.4556,0.0,1.0,0.5062,0.8338042999999999,1.61381877,2.29032216,2.82138794,-0.2398386,-0.47160054,-0.0307477556,-0.0882479389999999,3.7830959130000026,-8.716400160000001,0.4880203609999996,-1.6318382580000002
4,GLY,0.778,0.4303097345132743,0.9583,0.78908,0.24092,0,0.0,0,0.0,0.4556,0.0,1.0,0.5062,0.83351691,1.61152743,2.28264082,2.8033622100000004,-0.242411524,-0.473445514,-0.0366156139,-0.104506578,3.773688123999995,-8.78280251999999,0.5808570044999996,-1.943658397999998
5,GLY,0.869,0.4806415929203539,0.95702,0.66766,0.27134,0,0.0,0,0.0,0.4556,0.0,1.0,0.5062,0.8341729,1.61667078,2.29958671,2.84223857,-0.27048474,-0.52155483,-0.0500263727,-0.141155095,3.758773799000007,-9.95500336800001,0.6949066044999987,-2.715771560000001
6,PRO,1.486,0.6663677130044843,1.99273,0.88451,-0.14051,0,0.0,0,0.0,0.3222,0.3764,0.8594,0.3827,0.83407038,1.6158707199999998,2.29696346,2.83625894,-0.57206950013,-1.1118862137,-0.09352633447,-0.2655668556399999,4.163112144000001,-5.326202044000005,0.6628044806000002,-1.2899669172000012
7,GLY,0.615,0.3401548672566371,0.9683,0.8945000000000001,0.2985,0,0.0,0,0.0,0.4556,0.0,1.0,0.5062,0.97357276,1.88898714,2.69218278,3.3369654699999995,-0.6562404512000001,-1.2679096228,-0.11678546601,-0.3296995303,4.784148912999994,-4.608915792800009,0.8210684186000017,-1.3065852933000008
8,GLY,0.273,0.1509955752212389,0.78719,1.00519,0.5298100000000001,0,0.0,0,0.0,0.4556,0.0,1.0,0.5062,1.67096487,3.25363186,4.66519768,5.833447759999999,-1.8757151692000005,-3.661073196400001,-0.2839742617759999,-0.80932174598,4.211086551000002,-5.948694774599999,0.5971310509999997,-1.2589739153000017
9,SER,1.341,0.6162683823529411,1.47136,0.67813,0.1568700000000001,0,0.0,0,0.0,0.4111,0.1877,0.8514,0.5309,1.25255134,2.43501411,3.4819411399999995,4.33681117,-1.5134853702,-2.9439215946,-0.24334881196,-0.6912383105399998,4.473209151999999,-4.978208594200004,0.742896201799999,-1.32094130078
10,HIS,0.636,0.2300180831826401,2.47548,1.74382,0.3851800000000001,0,0.0,0,0.0,0.1444,0.561,0.1124,0.679,1.8095558500000004,3.51962121,5.03700028,6.28063125,-1.8607006522500005,-3.6267379317,-0.28955591018,-0.82432338889,4.401006582999999,-5.1782251954000085,0.6827654816000005,-1.196437151340001
11,MET,0.493,0.1653252850435949,2.01781,1.85413,0.6348700000000003,2,0.1,0,0.0,0.7111,0.6196,0.0,0.0988,1.80904378,3.51558004,5.023595320000001,6.24960235,-1.8904280414000003,-3.6828496083,-0.29847311171,-0.8497490339699998,4.279788982000001,-5.8441335465999975,0.6974912525000007,-1.4845976840799997
12,GLY,0.659,0.3644911504424779,0.8640000000000001,0.82082,0.32818,1,0.125,0,0.0,0.4556,0.0,1.0,0.5062,1.5320899300000002,2.98541902,4.2860776,5.36950215,-1.6183538143000005,-3.1559737535,-0.24899128484,-0.7090091797500001,6.247140962000007,-7.653471396799996,0.9713457270000008,-1.75712272504
13,GLY,0.922,0.5099557522123894,0.91602,0.69753,0.18847,2,0.181818181818182,0,0.0,0.4556,0.0,1.0,0.5062,1.39173729,2.70564917,3.8689848899999992,4.81876311,-1.3131417656499995,-2.5492516641000003,-0.2192362311199999,-0.62199703014,8.59492928699999,-5.610729614499999,1.424602162600002,-1.4121005009200005
14,ASN,0.186,0.0760736196319018,1.89088,1.6556800000000005,0.6033199999999996,6,0.285714285714286,0,0.0,0.1111,0.3976,0.6747,0.8272,1.94866425,3.78967282,5.422205300000001,6.758617299999999,-1.6068140526999997,-3.1343186509,-0.24598176044,-0.7006596582000001,7.93193032000001,-8.06450420700001,1.283190397300001,-1.9922835850000007
15,TYR,1.94,0.5692488262910798,4.07878,1.0964,0.3715999999999999,2,0.181818181818182,0,0.0,0.3556,0.8063,0.502,0.1605,1.2514124999999998,2.4261161,3.4527346800000003,4.27014526,-1.5505869158000003,-3.006469432999999,-0.2646343814999999,-0.7501798636000002,10.004186284999983,-14.255804624999998,1.692159868100003,-3.688122389000002
16,GLY,0.436,0.2411504424778761,0.7717700000000001,0.93783,0.43417,2,0.2,0,0.0,0.4556,0.0,1.0,0.5062,1.25221092,2.43234469,3.47314369,4.31662154,-1.6223371451299995,-3.1620058652699994,-0.253708221921,-0.7224918163,10.102475656000037,-13.138534263670005,1.5408413601000028,-2.936820925399992
17,ASP,1.139,0.4248414770607982,2.5160400000000003,1.03896,0.5030400000000002,0,0.0,0,0.0,0.1111,0.3239,0.8675,1.0,1.11356256,2.16591751,3.0999407700000003,3.86635438,-1.3425411343,-2.6126690165,-0.2123101818699999,-0.6028613680499999,7.159234535000002,-9.15755803300002,1.0398956792999987,-1.9254261409999995
18,ASP,0.61,0.227527042148452,2.27478,1.3997,0.6713000000000002,0,0.0,0,0.0,0.1111,0.3239,0.8675,1.0,1.3920740800000002,2.70829659,3.87772921,4.83888922,-0.6175349055,-1.2018351339999995,-0.09792762757,-0.2781834925000001,5.388503641999998,-6.392222802999998,0.7873950043999984,-1.4337403584000012
19,ARG,1.826,0.5445869370712795,3.43935,1.27112,0.2558800000000001,0,0.0,2,0.125,0.0,0.7346,0.9398,0.6914,1.1105026,2.14204203,3.02168055,3.68804455,-0.4965020780000001,-0.961802097,-0.0857722706,-0.242894283,3.138492190999998,-6.212526249000001,0.5305555793000001,-1.6092652651999984
20,ARG,1.963,0.5854458693707127,3.82235,0.95498,0.4350200000000002,0,0.0,2,0.166666666666667,0.0,0.7346,0.9398,0.6914,0.9720722,1.87727715,2.65379395,3.24948583,-0.4839044204,-0.9427715032,-0.07578393968,-0.2156273377,2.7089270950000017,-5.8520113003999965,0.4423488739999999,-1.3835498519000011
21,GLY,0.822,0.454646017699115,0.92836,0.68434,0.3016600000000001,0,0.0,1,0.166666666666667,0.4556,0.0,1.0,0.5062,0.83360585,1.6122539999999996,2.28513654,2.8093992400000003,-0.504418405,-0.9830013550000002,-0.0783772386999999,-0.2229923652,3.4554146480000005,-9.524741440000009,0.5562446974999999,-2.2431139843999994
22,GLY,0.434,0.2400442477876106,0.75804,0.8811599999999999,0.4928400000000001,0,0.0,2,0.222222222222222,0.4556,0.0,1.0,0.5062,0.83277666,1.6057901,2.2639687,2.7612315,-0.428405783,-0.8326327499999999,-0.0701279013,-0.1991462695,3.451823795000004,-8.307123429999994,0.5898756544999999,-2.0288708579999994
23,ARG,2.035,0.6069191768565464,3.57338,1.02662,0.2913800000000002,0,0.0,3,0.25,0.0,0.7346,0.9398,0.6914,0.97194064,1.87625029,2.65042742,3.2418112599999995,-0.450087298,-0.8753206659999999,-0.072849133,-0.2069664709999999,4.002139655999996,-9.697908799999986,0.6734988466000009,-2.402401293999996
24,GLY,0.551,0.3047566371681416,1.0108199999999998,0.8995200000000001,0.35748,0,0.0,2,0.166666666666667,0.4556,0.0,1.0,0.5062,1.11162635,2.15078231,3.0502320900000006,3.7527965,-0.375849075,-0.727157649,-0.0665594202999999,-0.1884047969999999,3.720967707999999,-5.4848101580000055,0.6793781467000004,-1.5103062925000013
25,GLY,0.927,0.5127212389380531,0.90559,0.72327,0.15773,0,0.0,0,0.0,0.4556,0.0,1.0,0.5062,0.97370728,1.8900274,2.69555857,3.34455118,-1.1263863726,-2.1883057254,-0.18502421432,-0.5250209454000001,4.674504766000005,-9.610494949999996,0.7386685347000008,-2.224362150099997
26,TYR,1.214,0.3562206572769953,3.83127,1.65847,0.5355299999999998,0,0.0,0,0.0,0.3556,0.8063,0.502,0.1605,0.83392781,1.614771,2.29340394,2.82828954,-1.4443515888000005,-2.8114011643999994,-0.22900470295,-0.6508230530800001,5.377174896999989,-10.239929069799992,0.8790010460000017,-2.5412455784599985
27,ASP,1.085,0.4046997389033942,2.35847,0.95495,0.6410500000000001,0,0.0,0,0.0,0.1111,0.3239,0.8675,1.0,1.11290464,2.16076054,3.08295496,3.82740162,-1.4842761188,-2.8836390182000016,-0.2444917843999999,-0.6940080398600004,5.302169030999994,-5.3251997427,0.8440373769999995,-1.4400790394000016
28,ARG,0.869,0.2591708917387414,3.08924,1.85573,0.6282699999999999,2,0.117647058823529,0,0.0,0.0,0.7346,0.9398,0.6914,1.67036858,3.248944689999999,4.6497130900000005,5.79779579,-1.1339611766999995,-2.1968554558,-0.19564278533,-0.5540775321399997,4.790351693000001,-3.430358753799998,0.7760936248,-0.9141043063199992
29,GLY,0.481,0.2660398230088495,0.8423,0.8629800000000001,0.4640199999999999,5,0.227272727272727,0,0.0,0.4556,0.0,1.0,0.5062,2.6472649200000005,5.163743010000001,7.42610299,9.32542921,-0.83444364757,-1.6202124246000005,-0.13872596758,-0.3935961509299999,5.424719159999999,-0.5985095815999992,0.8222209775000002,-0.2384194202799996
30,GLY,0.128,0.0707964601769911,0.58721,1.0796000000000003,0.6003999999999998,6,0.162162162162162,1,0.027027027027027,0.4556,0.0,1.0,0.5062,2.6437097200000004,5.13601662,7.33525168,9.1185102,-1.24345060573,-2.408501619100001,-0.2144479901399999,-0.6070331907500001,4.082154998999997,-4.000298906999998,0.6733526172,-1.069093659500001
31,TYR,0.454,0.1332159624413145,2.8583,2.0043800000000003,0.9496199999999996,12,0.292682926829268,1,0.024390243902439,0.3556,0.8063,0.502,0.1605,2.7833257500000004,5.41002638,7.73343099,9.62606965,-0.8371574620000001,-1.6297916703,-0.13272580953,-0.37736245856,3.574779439999995,-3.267717051400002,0.5641330367000007,-0.7832169804800003
32,ARG,1.641,0.489412466447957,3.2289800000000004,1.50162,0.2103800000000002,3,0.15,1,0.05,0.0,0.7346,0.9398,0.6914,1.94788082,3.7835418,5.402045590000001,6.712493139999999,-1.1568954561999998,-2.24594783582,-0.1924538083599999,-0.5458450721839999,6.436883668999993,-6.320900595440004,1.0600577911999984,-1.587288945168
33,GLY,0.12,0.0663716814159292,0.63387,1.03401,0.6539900000000003,3,0.176470588235294,1,0.0588235294117647,0.4556,0.0,1.0,0.5062,1.6687709600000002,3.2365088500000003,4.60905168,5.70546363,-1.50209145394,-2.9207287334500003,-0.24427498729,-0.6940511294200001,6.239229582999988,-9.102844806899997,1.0442684882999995,-2.1840337465099995
34,ARG,2.585,0.7709513868177751,3.97679,0.71732,0.0506800000000002,2,0.285714285714286,1,0.142857142857143,0.0,0.7346,0.9398,0.6914,1.25261488,2.43552796,3.48368744,4.34098005,-1.3376862585999991,-2.5964577023,-0.2224072941499999,-0.6304674965599999,8.207282521000007,-9.047287163900004,1.3132237408999996,-2.2588860023999997
35,GLY,0.646,0.3573008849557522,0.85181,0.8178200000000001,0.3441799999999998,3,0.1875,1,0.0625,0.4556,0.0,1.0,0.5062,1.66988767,3.24521123,4.637540100000001,5.770258419999999,-2.2837790836600003,-4.454047020900001,-0.3515388467669998,-1.0013166261900004,7.859794685999991,-13.0312438097,1.2128958186999996,-2.9711252088600024
36,GLY,0.06,0.0331858407079646,0.6226700000000001,1.0514100000000002,0.6965899999999998,6,0.171428571428571,2,0.0571428571428571,0.4556,0.0,1.0,0.5062,1.94489884,3.760365900000001,5.326391620000001,6.541077099999999,-1.6509615583900004,-3.19314424062,-0.2937673755099999,-0.8314042118560002,6.468083011999999,-7.840988981879999,1.137895411799999,-2.113543603514
37,ASP,0.54,0.2014173815740395,2.04702,1.26096,0.8800400000000002,2,0.0645161290322581,1,0.032258064516129,0.1111,0.3239,0.8675,1.0,2.36556175,4.59656113,6.56734944,8.16943373,-1.449500066,-2.8144377417,-0.2412910750299999,-0.6846731233100001,4.871214626000003,-5.095270630200001,0.7675763027000008,-1.2989175571400002
38,ARG,2.36,0.7038473009245451,4.0415,0.8559300000000001,0.1370700000000002,0,0.0,0,0.0,0.0,0.7346,0.9398,0.6914,1.53121601,2.97856815,4.263510800000001,5.31774489,-1.99187587564,-3.8729830881000007,-0.3231022311550001,-0.91767325242,6.7958912470000055,-8.236709729799989,1.073100209699999,-1.9470074511899984
39,GLY,0.351,0.1941371681415929,0.74645,1.04715,0.40985,2,0.1,0,0.0,0.4556,0.0,1.0,0.5062,1.80856702,3.51195437,5.01203572,6.22425938,-2.3343546718,-4.537502173399999,-0.37995297326,-1.07868562614,8.132389654000002,-11.763285413799998,1.2758405880000017,-2.775067818379999
40,GLY,0.698,0.3860619469026548,0.9947,0.7817000000000001,0.3283,2,0.105263157894737,0,0.0,0.4556,0.0,1.0,0.5062,2.0885941000000003,4.06607331,5.8280097600000005,7.282889359999999,-1.6523114627700002,-3.2199400262600006,-0.2595591673469999,-0.7391713285560003,6.168348047999991,-7.977944052159996,0.973396673600002,-1.821924962856
41,PHE,1.867,0.6005146349308459,3.55764,0.98763,0.2543699999999999,0,0.0,0,0.0,0.8111,0.783,0.0763,0.037,1.39143598,2.70327194,3.86109887,4.80050503,-0.9126688235999998,-1.7684150852,-0.15632766587,-0.4425843841999999,6.319527862999989,-6.807186391799999,1.0369880522999992,-1.8160113145000003
42,ARG,1.966,0.5863405905159558,3.75346,1.14378,0.2432200000000002,0,0.0,0,0.0,0.0,0.7346,0.9398,0.6914,1.25008476,2.41578179,3.4189425300000003,4.19339785,-1.0183821351,-1.9806272905999995,-0.16461712577,-0.46769937103,5.370602764999993,-9.169369638100004,0.9410209690000004,-2.3547481890399995
43,GLY,0.526,0.290929203539823,0.92479,0.75916,0.5228400000000001,0,0.0,0,0.0,0.4556,0.0,1.0,0.5062,1.11174796,2.15174301,3.0534267,3.76021806,-0.945842127,-1.844802495,-0.1449632846,-0.4128473115,5.61392629000001,-13.819905985000004,0.918958218,-3.312488185500002
44,GLY,0.843,0.4662610619469026,0.9425,0.6945199999999999,0.2704800000000001,0,0.0,0,0.0,0.4556,0.0,1.0,0.5062,0.97310726,1.88534839,2.68023317,3.30967112,-0.98435411,-1.920295146,-0.1499272464,-0.4269563594,6.244850636000006,-14.274478785999996,0.9950699061999996,-3.3479321990000024
45,ARG,2.569,0.7661795407098121,3.96034,0.78847,-0.0044699999999997,0,0.0,0,0.0,0.0,0.7346,0.9398,0.6914,1.1121069300000002,2.15452552,3.0624809500000003,3.780641819999999,-1.1014365791,-2.151100727,-0.16417216185,-0.4679859719000002,4.990218983000003,-7.879814571899992,0.776411528799998,-1.838706202900001
46,GLY,0.614,0.3396017699115044,0.81509,0.8842199999999999,0.30978,0,0.0,0,0.0,0.4556,0.0,1.0,0.5062,1.39096073,2.69958803,3.8491092,4.77345304,-0.8752782786999999,-1.7156892893,-0.12122660082,-0.34687690914,4.762097134000002,-4.891397182999994,0.6729107570999997,-1.0173620983999994
47,GLY,0.574,0.3174778761061946,0.97653,0.8723799999999999,0.36162,0,0.0,0,0.0,0.4556,0.0,1.0,0.5062,1.39019623,2.69364363,3.82969113,4.729407049999999,-0.6337366798999999,-1.2381607450999998,-0.0943577003499999,-0.26921737625,5.810930070999991,-4.1719604278999975,0.9474402651000008,-0.9119750637999996
48,GLY,0.664,0.3672566371681416,0.90258,0.8661,0.2779000000000001,0,0.0,1,0.166666666666667,0.4556,0.0,1.0,0.5062,1.11329256,2.16380838,3.09301871,3.8505570899999992,-0.8998815956,-1.7440153641000005,-0.1532109181099999,-0.43373496293,5.965109718999994,-5.824917634400002,0.9794035889999982,-1.54028216608
49,ASP,1.389,0.5180902648265573,2.5584800000000003,0.7312399999999999,0.5607600000000001,0,0.0,1,0.166666666666667,0.1111,0.3239,0.8675,1.0,1.2531247,2.43950463,3.49671854,4.37065905,-1.6769931082000007,-3.2653764468999995,-0.26378625256,-0.7497283731600001,5.5435596770000055,-7.589585735899998,0.8297775506000008,-1.7975433506600011
50,ARG,1.899,0.5663584849388607,3.61494,1.35152,0.1024800000000001,0,0.0,2,0.285714285714286,0.0,0.7346,0.9398,0.6914,1.11245242,2.15724907,3.07150424,3.80149394,-1.085348635,-2.108985141,-0.1770281178,-0.5022645336,5.211626537999992,-10.942311399,0.9225810180999988,-2.8258460489000017
51,GLY,0.907,0.5016592920353983,1.10779,0.71138,0.18962,0,0.0,1,0.142857142857143,0.4556,0.0,1.0,0.5062,1.2521141999999998,2.43158661,3.47064895,4.31090695,-0.5920154174999999,-1.1525268201000003,-0.09362924125,-0.2661295491299999,4.203352939999998,-5.688525582199995,0.6645603976999999,-1.3296771967000007
52,GLY,0.53,0.2931415929203539,0.8591,0.89053,0.38747,0,0.0,1,0.0833333333333333,0.4556,0.0,1.0,0.5062,1.25179048,2.42906838,3.46242055,4.292238380000001,-0.6033001671999999,-1.1790186063,-0.08889004433,-0.2535872919,3.930456037999999,-6.242102884199999,0.5994670360000004,-1.3923320069000016
53,PHE,1.864,0.5995496944355099,3.75393,1.17566,0.0693399999999999,0,0.0,1,0.1,0.8111,0.783,0.0763,0.037,0.83338967,1.61053071,2.27935897,2.79583832,-0.3464995393999999,-0.6734551807999998,-0.05715998709,-0.162440696,3.8025831519999977,-4.343859075000006,0.6686913402000003,-1.0646835147000009
54,GLY,0.758,0.4192477876106195,0.93636,0.75375,0.29625,1,0.111111111111111,0,0.0,0.4556,0.0,1.0,0.5062,0.9737191200000002,1.89013728,2.69598274,3.34571623,-0.5362839339999999,-1.044094285,-0.0840910287,-0.2388567129999999,3.578973582,-5.446250475,0.5278309099999999,-1.161705639100001
55,PRO,0.894,0.4008968609865471,1.95721,1.0530199999999998,0.28298,2,0.166666666666667,1,0.0833333333333333,0.3222,0.3764,0.8594,0.3827,1.25229822,2.43301796,3.47532348,4.32150364,-0.3982696476,-0.7788293165000002,-0.0581889283499999,-0.1661581895,3.8873546679999977,-3.8599830926000016,0.6261949015999998,-0.8604222746000012
56,GLY,0.464,0.2566371681415929,0.93737,0.91721,0.4267900000000001,2,0.153846153846154,1,0.0769230769230769,0.4556,0.0,1.0,0.5062,1.39078444,2.6981885400000003,3.844438420000001,4.762552599999999,-0.7274755954,-1.42065714,-0.1095961698,-0.3126582518,3.3794985220000027,-6.672545604000005,0.5277682417999997,-1.5068542253999997
57,LYS,2.21,0.7094703049759229,3.23008,0.68835,0.2166500000000002,0,0.0,0,0.0,0.0667,0.6942,0.6867,0.7901,0.97296794,1.88425251,2.67660924,3.3013155500000004,-0.9257986871,-1.7899788429999994,-0.16439922525,-0.46476983945,3.2203445059999964,-6.541252646000003,0.5145253887,-1.5539416317000012
58,MET,1.372,0.460093896713615,2.54512,1.257,0.3530000000000002,2,0.2,2,0.2,0.7111,0.6196,0.0,0.0988,1.1123614,2.15653279,3.06913616,3.79603751,-0.6355501478000001,-1.2336722301000005,-0.10603314235,-0.3007333504,2.42966007,-3.367695130799998,0.4346378985999999,-0.9004070917000002
59,ASP,1.121,0.4181275643416635,2.32887,1.0063,0.5537000000000001,0,0.0,1,0.166666666666667,0.1111,0.3239,0.8675,1.0,1.25234075,2.4333863099999995,3.47665943,4.32494414,-0.275157367,-0.534398988,-0.0454850363,-0.1290503136999999,2.670951359000001,-2.055122501,0.4214773436000001,-0.5148584697
60,SER,1.123,0.5160845588235293,1.62667,0.6742299999999999,0.3787700000000003,0,0.0,1,0.111111111111111,0.4111,0.1877,0.8514,0.5309,1.53141961,2.9801716000000003,4.268816460000001,5.329986180000001,-0.3312934832,-0.6488902475,-0.04693598945,-0.1342642804,3.5044670689999946,-4.226920226000002,0.4805037227999995,-0.8363212988999993
61,ARG,1.835,0.5472711005070086,3.61207,1.1868899999999998,0.3311100000000004,0,0.0,0,0.0,0.0,0.7346,0.9398,0.6914,0.83358151,1.6120466999999998,2.28439545,2.80752112,-0.6820327701000001,-1.3162913169999997,-0.12403675966,-0.3500750054999999,1.4503621459999991,-2.6061992240000005,0.2538572556,-0.7124762374000001
62,GLY,0.859,0.4751106194690265,0.92581,0.69441,0.2545900000000001,0,0.0,0,0.0,0.4556,0.0,1.0,0.5062,0.69450536,1.34226276,1.9001231,2.33182914,-0.786950639,-1.5286709865,-0.1301873233999999,-0.3695713717,1.5299964399999988,-3.332102613,0.2582510012,-0.8269335903999999
63,GLU,1.9,0.6964809384164222,3.04078,0.8754299999999999,-0.0474299999999996,0,0.0,0,0.0,0.1111,0.4884,0.8112,0.9136,0.97357181,1.88897994,2.69215912,3.33691162,-0.5835798406,-1.1384680898,-0.08873402754,-0.2526441442,1.3755711860000006,-2.2386552482,0.2104942225,-0.5121978946000001
64,HIS,1.542,0.5576853526220614,2.85551,1.0913700000000002,0.1316299999999999,1,0.125,1,0.125,0.1444,0.561,0.1124,0.679,1.25229478,2.43299459,3.47525771,4.32138742,-0.6129397196,-1.199131406,-0.0889200124999999,-0.2540601470999999,1.101578092,-1.946926288,0.1609257234,-0.4195713074
65,ARG,2.246,0.6698478974053086,3.9699,0.7755000000000001,0.3315000000000001,0,0.0,1,0.333333333333333,0.0,0.7346,0.9398,0.6914,0.5547667199999999,1.06730014,1.49884297,1.81728539,-0.5788996384999999,-1.1128968073,-0.1115425589399999,-0.3140403765,0.9375496560000004,-0.8345974340000002,0.1894424230000001,-0.269598083
66,GLN,1.285,0.4469565217391304,2.73288,1.20263,0.38737,0,0.0,1,0.333333333333333,0.1111,0.5388,0.7952,0.6914,0.97367993,1.88984509,2.69507298,3.34379216,-0.5491120871,-1.0668799792,-0.08970487576,-0.2544897517,0.865659004,-0.861601312,0.1238398837999999,-0.1859920963999999
67,ASP,1.178,0.4393882879522566,2.35611,0.91826,0.58474,0,0.0,1,0.166666666666667,0.1111,0.3239,0.8675,1.0,0.9730678,1.88502969,2.67915106,3.30709102,-0.5514445146,-1.0743209070000002,-0.0856533947,-0.2434911459,0.8632348280000002,-1.877844807,0.142866138,-0.4827509652999999
68,ARG,2.15,0.6412168207575305,3.55338,0.89476,0.3082400000000003,0,0.0,1,0.25,0.0,0.7346,0.9398,0.6914,0.69395679,1.3379829,1.8860964300000005,2.29987743,-0.50801755,-0.981706593,-0.091218358,-0.2578654894999999,0.54828106,-1.2554860399999996,0.1006600596,-0.335371325
69,ARG,2.536,0.7563376081121383,3.97315,0.7274999999999999,0.0895000000000002,0,0.0,1,0.166666666666667,0.0,0.7346,0.9398,0.6914,0.83349965,1.61141019,2.28231857,2.80281999,-0.45806126,-0.8944262339999999,-0.0688275275,-0.1962571243,0.550903209,-1.59078503,0.0786041716999999,-0.334827379
70,GLU,1.368,0.501466275659824,2.85531,0.94588,0.41412,0,0.0,1,0.142857142857143,0.1111,0.4884,0.8112,0.9136,0.83329356,1.60980437,2.27706135,2.7908611599999995,-0.1687053569999999,-0.328365968,-0.0273031697,-0.0777321463,0.8614058930000001,-1.0528173159999996,0.159744291,-0.2528214228000001
71,ARG,2.172,0.6477781091559798,3.96277,0.8320299999999999,0.3489700000000001,0,0.0,1,0.2,0.0,0.7346,0.9398,0.6914,0.833377,1.61045086,2.2791650100000003,2.7956059200000003,-0.1293618249,-0.2532527297999999,-0.0185964462999999,-0.0531884773,0.8649448650000003,-0.7643014892000001,0.1316736701,-0.1592477141
72,PRO,1.219,0.5466367713004485,1.9168,0.99575,0.0152499999999999,0,0.0,1,0.333333333333333,0.3222,0.3764,0.8594,0.3827,0.5547301800000001,1.06701591,1.4979142600000002,1.81517884,-0.1722516609999999,-0.333185535,-0.0305544265,-0.0864579018,1.057926547,-1.035124652,0.1902175215,-0.2776969949999999
73,TYR,2.909,0.8535798122065728,4.80077,0.7310099999999999,-0.2320099999999998,0,0.0,1,1.0,0.3556,0.8063,0.502,0.1605,0.41677405,0.80590567,1.14185686,1.40312255,-0.273702207,-0.52949027,-0.0482297201,-0.1364334726,0.941831946,-1.7794536819999998,0.156259748,-0.4675609032000001
