1,GLY,1.307,0.7228982300884955,1.19654,0.30564,0.1953600000000001,0,0.0,0,0.0,0.4556,0.0,1.0,0.5062,0.55662257,1.08173304,1.5459986300000002,1.92427038,-0.2689288106999999,-0.5258385435999999,-0.03881349784,-0.1106862379999999,0.590572532,-1.419634167,0.0805317414,-0.27653430653
2,PRO,1.393,0.6246636771300449,1.95103,0.87081,-0.03381,0,0.0,1,0.166666666666667,0.3222,0.3764,0.8594,0.3827,0.69452231,1.3423899,1.90052058,2.3326756,-0.209222122,-0.408381511,-0.0320431603399999,-0.0914244251,0.7077948599999999,-1.3108715929999997,0.1069909319999999,-0.2929901195999999
3,GLY,0.725,0.4009955752212389,0.87857,0.7964,0.2866000000000002,0,0.0,0,0.0,0.4556,0.0,1.0,0.5062,0.6936341699999999,1.33545579,1.87777987,2.28082826,-0.248936015,-0.483206058,-0.0420550034,-0.1194158099999999,0.7060979779999998,-1.391770616,0.121072927,-0.3422828260000001
4,GLY,0.957,0.5293141592920354,0.9601,0.6466600000000001,0.2043399999999999,0,0.0,0,0.0,0.4556,0.0,1.0,0.5062,0.83415114,1.61650857,2.29908059,2.84116425,-0.0957213074,-0.1852982643,-0.01657754407,-0.0468809501,0.98125247,-0.8392057306000004,0.1614501329999999,-0.2151959221999999
5,GLY,0.65,0.3595132743362831,0.8322499999999999,0.8268399999999999,0.33116,0,0.0,0,0.0,0.4556,0.0,1.0,0.5062,0.8334976,1.61139771,2.28228921,2.80278744,-0.1186932994999999,-0.2321417639999999,-0.01746555972,-0.0499275374,0.9023630219999996,-0.737935604,0.151210766,-0.1426200076
6,PRO,1.159,0.5197309417040359,2.09778,0.95366,0.1173399999999998,0,0.0,1,0.111111111111111,0.3222,0.3764,0.8594,0.3827,1.11285263,2.16035903,3.0816544399999994,3.82448797,-0.187063563,-0.367172265,-0.0250661719999999,-0.071815169,0.9056360140000004,-2.786160864999999,0.1239753147,-0.551812151
7,GLY,0.671,0.3711283185840708,0.93428,0.82022,0.31678,0,0.0,0,0.0,0.4556,0.0,1.0,0.5062,0.69425629,1.34032236,1.89377389,2.31739769,-0.4537499445,-0.87196686,-0.08774315226,-0.2469274081,0.9007926859999996,-2.81577888,0.164643884,-0.7485969990000003
8,GLY,0.95,0.5254424778761062,0.92414,0.7113499999999999,0.1466500000000001,0,0.0,0,0.0,0.4556,0.0,1.0,0.5062,0.69454375,1.34256139,1.90109814,2.33403892,-0.6454959960000001,-1.2551020739999998,-0.1052233553,-0.2989928659999999,1.3335458029999991,-3.289913280000002,0.2292585645,-0.8408738570000005
9,SER,0.818,0.3759191176470587,1.56857,0.94534,0.41266,0,0.0,0,0.0,0.4111,0.1877,0.8514,0.5309,0.69464839,1.34338796,1.90384415,2.34040894,-0.522590278,-1.0151553893,-0.08567491053,-0.2430114196999999,2.781366368000004,-4.822093267999999,0.5027894977999996,-1.2439625090000006
10,HIS,1.606,0.5808318264014467,3.05236,1.01501,0.14399,0,0.0,0,0.0,0.1444,0.561,0.1124,0.679,0.97360105,1.88919871,2.69284289,3.33836679,-1.0830087023,-2.10578737,-0.1753073829999999,-0.4977913351999999,4.087059507999997,-8.645841136999998,0.6278504531999995,-1.9837849411999984
11,MET,0.863,0.289403085177733,2.1728,1.60017,0.5188300000000003,0,0.0,0,0.0,0.7111,0.6196,0.0,0.0988,1.11094398,2.14545617,3.0327685,3.71299099,-1.0909975349999996,-2.112158416000001,-0.1914576479999999,-0.5422964582,4.311863212000004,-7.208891351499994,0.7636287408000014,-1.8998995549000004
12,GLY,0.559,0.3091814159292035,0.91267,0.8673,0.3817000000000001,0,0.0,0,0.0,0.4556,0.0,1.0,0.5062,1.25089789,2.42208955,3.4394963800000005,4.2398597,-0.9664883347999998,-1.872229324,-0.16717072842,-0.47346526646,4.746445760000015,-7.157689518799991,0.8069458126000001,-1.8458892990199969
13,GLY,0.173,0.0956858407079646,0.69057,1.05244,0.58256,3,0.142857142857143,0,0.0,0.4556,0.0,1.0,0.5062,1.66750392,3.22671315,4.57725119,5.63394416,-1.0198078754,-1.9773376680000003,-0.17317709544,-0.4906639005000001,6.205415736999981,-8.831400322000006,0.986526387099998,-2.0929165005000003
14,ASN,0.931,0.3807770961145195,2.08991,1.28354,0.2304599999999996,7,0.411764705882353,0,0.0,0.1111,0.3976,0.6747,0.8272,1.80910404,3.51609814,5.02545759,6.2543491300000005,-1.0318485862,-2.0051579578000003,-0.1679236929499999,-0.4763970940299999,4.041556523999999,-4.713859887599996,0.6726524968999994,-1.2200535972600004
15,TYR,0.998,0.2928403755868544,3.48959,1.7717200000000002,0.63828,9,0.5,0,0.0,0.3556,0.8063,0.502,0.1605,1.80830013,3.50983377,5.00495415,6.20772587,-0.72507959113,-1.4081607281,-0.11996763845,-0.3403826145099999,3.8135370000000006,-2.152450393100002,0.5742728425999994,-0.5253372543199999
16,GLY,0.461,0.2549778761061947,0.81296,0.94693,0.40007,4,0.285714285714286,0,0.0,0.4556,0.0,1.0,0.5062,1.66880015,3.23684726,4.61053429,5.709972829999999,-1.0877128451000002,-2.1174052649999995,-0.17190567152,-0.4884878208999999,3.776162652000004,-5.411297052999993,0.5517889772000002,-1.2383609614999993
17,ASP,0.744,0.2775083923908989,2.3723,1.20934,0.7276600000000002,1,0.111111111111111,0,0.0,0.1111,0.3239,0.8675,1.0,1.6704869999999998,3.24990231,4.65296854,5.80557336,-1.2339808713000002,-2.4021990901999994,-0.1958696905,-0.5568680100300001,3.685518458,-5.445307176200002,0.6403582454000001,-1.4732333104999975
18,ASP,1.436,0.53562103692652,2.50103,0.8010600000000001,0.44394,1,0.125,0,0.0,0.1111,0.3239,0.8675,1.0,1.11311382,2.16239283,3.0883051700000004,3.83959081,-1.5458710330999998,-3.004105427800001,-0.25303043889,-0.7182663601700002,2.397577181999998,-1.7072345423999995,0.3649024060000002,-0.3623417208
19,ARG,2.49,0.7426185505517447,3.93009,0.97187,-0.1088699999999999,0,0.0,1,0.0909090909090909,0.0,0.7346,0.9398,0.6914,1.39221279,2.70938991,3.88135197,4.84726258,-1.4506901859999997,-2.8188437718,-0.23655149776,-0.6710964682000001,2.912354838000001,-1.7939540129999996,0.4109130683999994,-0.4284758788999997
20,ARG,1.244,0.3710110348941246,3.4424200000000003,1.54258,0.5664199999999999,1,0.0666666666666667,2,0.133333333333333,0.0,0.7346,0.9398,0.6914,1.95011677,3.8010076,5.45936353,6.84329522,-0.74202330663,-1.454908166,-0.102009950732,-0.29195988397,3.380850262000004,-2.6524088529999985,0.5064557232000002,-0.55227022377
21,GLY,0.186,0.1028761061946902,0.67388,1.07161,0.5503900000000002,4,0.266666666666667,2,0.133333333333333,0.4556,0.0,1.0,0.5062,1.11095794,2.14557116,3.03316804,3.71397235,-0.5561984242,-1.069923825,-0.106179537,-0.2990486463999999,4.232155809999999,-5.150377191000002,0.7539497815000008,-1.4510256010000009
22,GLY,0.739,0.4087389380530973,0.84638,0.80963,0.25937,3,0.333333333333333,1,0.111111111111111,0.4556,0.0,1.0,0.5062,0.83331093,1.60992045,2.27737382,2.79136216,-0.5193225595500001,-1.008349232,-0.0869733537599999,-0.24692015744,3.3738408959999964,-4.332455424000004,0.573688226,-1.1224005950000011
23,ARG,2.796,0.8338801073665373,4.09786,0.6709700000000001,-0.1139699999999996,3,0.375,1,0.125,0.0,0.7346,0.9398,0.6914,0.8338496599999999,1.6141407799999998,2.29126536,2.8231915100000005,-0.5819665935999999,-1.1387827266,-0.08386004519,-0.23960469035,3.381407545999994,-6.414501742000001,0.5081416336000001,-1.3863033352000005
24,GLY,0.612,0.3384955752212389,0.9092,0.8325,0.3635000000000001,2,0.222222222222222,1,0.111111111111111,0.4556,0.0,1.0,0.5062,0.97268168,1.88203321,2.66938663,3.28502136,-0.7531825892999999,-1.4714863859999998,-0.1119948857999999,-0.3195097923,3.617301282000004,-8.889498062,0.5438909761999999,-1.9733457506000007
25,GLY,0.92,0.5088495575221239,0.94191,0.66717,0.2208299999999999,2,0.222222222222222,0,0.0,0.4556,0.0,1.0,0.5062,0.97254694,1.88095821,2.66577835,3.27653794,-0.5375257273,-1.0409983882999998,-0.09312894122,-0.26363689706,3.6064758880000025,-6.581272060399993,0.632528306700001,-1.6653265177
26,TYR,0.904,0.2652582159624413,3.46802,1.88103,0.62297,4,0.285714285714286,2,0.142857142857143,0.3556,0.8063,0.502,0.1605,1.52991293,2.96841563,4.23028436,5.24220205,-0.7441491667,-1.4532331739,-0.11171836257,-0.31862826942,4.3640282300000015,-7.599603446399996,0.657662713200001,-1.7117095989199984
27,ASP,1.337,0.4986945169712793,2.42065,0.91219,0.4318100000000001,1,0.166666666666667,1,0.166666666666667,0.1111,0.3239,0.8675,1.0,1.2527928199999998,2.43689877,3.4881200100000003,4.35089262,-0.7701742500000001,-1.4901143693999996,-0.134803208444,-0.3811489478600001,4.479763935000005,-6.104490128999998,0.6890507653999998,-1.4804042079000008
28,ARG,1.505,0.4488517745302713,3.43889,1.43238,0.4156200000000003,2,0.166666666666667,1,0.0833333333333333,0.0,0.7346,0.9398,0.6914,1.25210768,2.43151448,3.4703365,4.30996001,-0.9735855659,-1.8942393754000004,-0.15657280137,-0.4450340699999999,3.655804362000001,-2.912179880399999,0.559649445799999,-0.6449973287
29,GLY,0.277,0.1532079646017699,0.8207599999999999,1.01117,0.51983,3,0.2,0,0.0,0.4556,0.0,1.0,0.5062,1.25049475,2.41903436,3.42978513,4.21865094,-1.1295729613,-2.1976023269,-0.18184420006,-0.5168800993,4.117810941999998,-4.377207576399998,0.7043277588999994,-1.1237044102999998
30,GLY,0.666,0.368362831858407,0.8521,0.8552599999999999,0.28674,2,0.2,0,0.0,0.4556,0.0,1.0,0.5062,1.1113798700000002,2.14888023,3.04406949,3.73897507,-1.2808955270399998,-2.4741581949,-0.23106474918,-0.6528630320400001,4.470603430000001,-8.810816710400003,0.7716342499999983,-2.3204390256000016
31,TYR,1.398,0.4102112676056338,3.81878,1.4007299999999998,0.60927,7,0.411764705882353,0,0.0,0.3556,0.8063,0.502,0.1605,1.66939519,3.2413871599999995,4.625068870000001,5.742040079999999,-1.11217328046,-2.1684022727500003,-0.17220932598,-0.4904094387700001,4.1253479440000005,-5.833048794499997,0.6464145581000004,-1.3950248601000008
32,ARG,1.975,0.5890247539516851,3.67612,1.25075,0.12725,4,0.307692307692308,0,0.0,0.0,0.7346,0.9398,0.6914,1.3907047600000002,2.6975862699999995,3.84253178,4.75841585,-1.2788778267999996,-2.4832219771000004,-0.2124977366,-0.6028878881499999,5.806592283,-10.601731903200008,0.9808914194999988,-2.700704513649997
33,GLY,0.688,0.3805309734513274,0.90109,0.8433499999999999,0.2766500000000002,2,0.125,0,0.0,0.4556,0.0,1.0,0.5062,1.25011701,2.41603541,3.4197812500000007,4.195331789999999,-1.288233182,-2.4988122949,-0.2180095207999999,-0.6180877073300002,5.805805563999991,-12.272112555799984,0.9874299645000012,-3.039810543119993
34,ARG,1.399,0.4172382940650164,3.3074700000000004,1.52276,0.43124,0,0.0,0,0.0,0.0,0.7346,0.9398,0.6914,1.38986932,2.6910774500000008,3.82122982,4.70998142,-0.95372038553,-1.85597019653,-0.152353621526,-0.43300115751,5.219348943999996,-9.033786359399992,0.8680168439000007,-2.176148605689998
35,GLY,0.274,0.1515486725663717,0.85968,0.91454,0.6194599999999999,1,0.05,0,0.0,0.4556,0.0,1.0,0.5062,1.80820567,3.5091465500000005,5.0028711800000005,6.20349554,-1.0371644856,-2.030491265,-0.1476830265599999,-0.422096851,6.016512160000014,-10.112554488,0.8952099165000001,-2.2027093416000034
36,GLY,0.66,0.3650442477876106,0.83084,0.8971199999999999,0.2508800000000002,0,0.0,0,0.0,0.4556,0.0,1.0,0.5062,1.25277194,2.43672997,3.48754592,4.34952154,-1.0738510520000002,-2.0831644275,-0.1800788999899999,-0.5101868793000001,5.419852137999984,-10.945877265699982,0.8582774748000008,-2.6180120599000025
37,ASP,1.367,0.5098843715031705,2.49175,0.90746,0.40654,0,0.0,1,0.2,0.1111,0.3239,0.8675,1.0,0.83390968,1.61462421,2.29290382,2.82709131,-1.06234511738,-2.0511301378,-0.19225435589,-0.5428617098,4.037738819999992,-6.758644196199995,0.7038011316000001,-1.8544904655999987
38,ARG,0.932,0.2779600357888458,3.34909,1.92049,0.5005100000000002,0,0.0,1,0.25,0.0,0.7346,0.9398,0.6914,1.3927046,2.71323425,3.89397766,4.87610543,-1.0070124258600004,-1.9715705935000003,-0.1424752338139999,-0.4070575711299999,1.6090900790000005,-3.083435042000001,0.2652889928,-0.7911064088
39,GLY,0.63,0.3484513274336283,0.98179,0.81767,0.3603299999999999,1,0.2,3,0.6,0.4556,0.0,1.0,0.5062,0.97329062,1.88678583,2.68496926,3.32053762,-0.8871720724599998,-1.7245675941999996,-0.14415864955,-0.4092606778899999,2.429741236999999,-3.660436916799998,0.4281996495000001,-0.9233607977
40,GLY,0.569,0.3147123893805309,0.84104,0.8095999999999999,0.4294000000000002,1,0.125,2,0.25,0.4556,0.0,1.0,0.5062,1.25244793,2.43420681,3.4792934899999994,4.33077511,-1.7210228793000006,-3.3570694754999986,-0.2626926180099999,-0.7480135371000002,2.4355708439999995,-4.5778887729,0.3829991500000003,-1.0874813481000003
41,PHE,1.635,0.5258925699581859,3.6188,1.26722,0.2067799999999999,2,0.333333333333333,1,0.166666666666667,0.8111,0.783,0.0763,0.037,1.11310319,2.16232499,3.08813778,3.83937861,-1.1490429907000002,-2.2331769190999995,-0.18723686682,-0.5314316397900001,3.333792668999995,-4.6736079027,0.5664956535,-1.2030980319000002
42,ARG,1.827,0.5448851774530271,3.64927,1.20049,0.3255100000000002,3,0.428571428571429,2,0.285714285714286,0.0,0.7346,0.9398,0.6914,1.39159223,2.7045107500000003,3.86522845,4.8101255,-1.2847856139,-2.492093311420001,-0.21780117873,-0.61757939846,4.352506675999995,-6.70680539067,0.7554286484000002,-1.6620766461299992
43,GLY,0.322,0.1780973451327433,0.79553,0.9638600000000002,0.5221399999999998,2,0.111111111111111,1,0.0555555555555556,0.4556,0.0,1.0,0.5062,2.22793065,4.33796447,6.219451789999999,7.77572522,-0.7636327823099999,-1.4845693354400002,-0.1231084473579999,-0.3493155852699999,3.457146331999997,-5.7037405662799925,0.5414757882000006,-1.3449477280000004
44,GLY,0.033,0.0182522123893805,0.73423,1.16095,0.6140500000000002,1,0.0476190476190476,1,0.0476190476190476,0.4556,0.0,1.0,0.5062,2.3665245999999995,4.603966600000001,6.59125923,8.22280284,-0.12670977344,-0.2460382215999999,-0.0211760478,-0.06011288939,3.7298347239999976,-3.682342766499997,0.6049920885000001,-0.9130232034399998
45,ARG,2.113,0.6301819266328661,3.6844,1.2215300000000002,0.0184699999999999,1,0.0714285714285714,1,0.0714285714285714,0.0,0.7346,0.9398,0.6914,1.25029045,2.41739912,3.42428861,4.20571854,-0.6533889704300001,-1.2571767543,-0.1244596525199999,-0.35061691432,3.2987447049999994,-2.1493033080999995,0.5304092573999997,-0.5578410607999992
46,GLY,0.93,0.5143805309734514,0.98627,0.60807,0.26993,0,0.0,1,0.166666666666667,0.4556,0.0,1.0,0.5062,0.8335412799999999,1.61174869,2.28347431,2.8055938900000004,-0.7525958739499999,-1.4621986942999998,-0.1238615548839999,-0.3516002385899999,2.592673655999997,-2.8286736617,0.4068440143000001,-0.71188411325
47,GLY,1.029,0.5691371681415929,0.94765,0.6467799999999999,0.1322200000000002,0,0.0,1,0.166666666666667,0.4556,0.0,1.0,0.5062,0.69425246,1.3402944799999998,1.89368874,2.31722272,-0.9060933024,-1.7652938904999995,-0.14190987485,-0.4037619389,2.5120428580000027,-5.024652050999998,0.4136243714999999,-1.2336690269000008
48,GLY,0.491,0.2715707964601769,0.82044,0.91076,0.4062400000000001,0,0.0,1,0.1,0.4556,0.0,1.0,0.5062,0.8322365599999999,1.60159631,2.25028889,2.73026426,-0.9515408037,-1.8417206115,-0.16692389775,-0.47249523465,2.8603315190000025,-4.042428746800002,0.5139901720000002,-1.0825044962399988
49,ASP,1.163,0.4337933606863111,2.3395,0.97935,0.5386500000000001,0,0.0,0,0.0,0.1111,0.3239,0.8675,1.0,1.53074371,2.97491866,4.25167354,5.29116161,-0.5672839708,-1.0963479305999997,-0.1014130221499999,-0.2866398935499999,2.9872552990000005,-1.9259034520999996,0.4530039975999999,-0.5224533001100005
50,ARG,0.987,0.2943632567849686,3.46004,1.68492,0.6810800000000001,0,0.0,2,0.117647058823529,0.0,0.7346,0.9398,0.6914,1.66936811,3.24115846,4.62425899,5.74001013,-0.5392993053999999,-1.04357259,-0.0950503637,-0.2690362622999999,3.1856485210000045,-1.4534407855000009,0.4713022396,-0.3013211643000004
51,GLY,0.656,0.3628318584070796,0.90091,0.76649,0.3855100000000001,0,0.0,1,0.142857142857143,0.4556,0.0,1.0,0.5062,0.97326745,1.88659184,2.6842849600000003,3.31882837,-0.7987979081700001,-1.54940268616,-0.134985078735,-0.3826033563959999,3.418523586999997,-0.4688567933499996,0.5318965784999997,-0.1642405152399999
52,GLY,0.938,0.5188053097345132,0.96957,0.71985,0.1501500000000001,0,0.0,1,0.2,0.4556,0.0,1.0,0.5062,0.8341754800000001,1.61670097,2.2997214,2.84265619,-0.79782812365,-1.5465139365200002,-0.136089272894,-0.385503594742,3.378347816000001,-0.6319496726799995,0.5283181833999995,-0.274197939042
53,PHE,0.985,0.3168221293020263,3.40503,1.5594800000000002,0.5645199999999999,0,0.0,2,0.166666666666667,0.8111,0.783,0.0763,0.037,1.39124305,2.7017729799999994,3.85620987,4.78944121,-0.94594139467,-1.8363016685,-0.1580506789899999,-0.4483703817000001,3.854492676000001,-4.7511976512000045,0.5706724478000004,-1.0125294726800005
54,GLY,0.394,0.2179203539823009,0.7976000000000001,0.94248,0.4715200000000001,1,0.0454545454545455,2,0.0909090909090909,0.4556,0.0,1.0,0.5062,2.08798385,4.06135438,5.8126904,7.2484423699999985,-0.7976779760000001,-1.5582281630000003,-0.1188099491,-0.3388900742,3.7368975399999993,-8.018525968999995,0.5452549024999996,-1.6876169865000024
55,PRO,0.954,0.4278026905829596,1.78464,1.1740499999999998,0.1019500000000002,1,0.0769230769230769,1,0.0769230769230769,0.3222,0.3764,0.8594,0.3827,1.11223204,2.15549478,3.06563297,3.78774527,-1.0098788066,-1.9556196077,-0.1751831962,-0.4959037973,3.259166904000002,-4.521873844899999,0.5259363295000002,-1.0080255081000002
56,GLY,0.737,0.4076327433628318,0.8871800000000001,0.7563,0.3147000000000002,1,0.142857142857143,0,0.0,0.4556,0.0,1.0,0.5062,0.97330041,1.88686074,2.68520871,3.32106336,-1.05169462534,-2.0501245886,-0.16359833171,-0.46585884482,2.711119018,-4.6215010898,0.4232571597,-1.0370280607000004
57,LYS,2.223,0.7136436597110754,3.01384,0.65865,0.2333500000000004,0,0.0,0,0.0,0.0667,0.6942,0.6867,0.7901,0.97377726,1.89058404,2.69742129,3.3489137599999994,-0.9835848159999998,-1.9175643856,-0.15125563068,-0.4303639713499999,2.712849655000002,-6.101874701000004,0.4065874087999998,-1.3290166114
58,MET,0.831,0.2786720321931589,2.23928,1.7025299999999997,0.4484700000000006,1,0.125,0,0.0,0.7111,0.6196,0.0,0.0988,1.53128359,2.9791071,4.265318270000001,5.32198924,-0.77106935655,-1.5040690836,-0.118431331008,-0.3374154653039999,3.26396908,-6.664630867999999,0.4857708567999997,-1.4912965418800015
59,ASP,1.224,0.4565460649011563,2.32234,0.94299,0.5140100000000001,0,0.0,0,0.0,0.1111,0.3239,0.8675,1.0,1.11380923,2.16786264,3.10638985,3.8812746199999992,-0.6848876962899999,-1.3250926933999998,-0.118942649598,-0.3360329002739999,3.417500128000002,-4.765622563000001,0.5330794565000002,-1.23958875077
60,SER,1.213,0.5574448529411765,1.52401,0.77545,0.1875500000000001,0,0.0,0,0.0,0.4111,0.1877,0.8514,0.5309,0.6946535199999999,1.34342698,1.90396788,2.34067669,-0.6861728128,-1.333531412,-0.11198074607,-0.3178408124,0.8622084220000001,-1.179220051,0.152581397,-0.3014206507999999
61,ARG,2.363,0.7047420220697882,4.0111,0.8455900000000001,0.1444100000000001,0,0.0,0,0.0,0.0,0.7346,0.9398,0.6914,0.5548345800000001,1.0678301099999998,1.50058207,1.82125398,-0.6911326860000001,-1.3347691167000002,-0.1251370416,-0.3535647778999999,0.7044518160000001,-1.6490221976999997,0.1324784223,-0.4677341382999999
62,GLY,0.895,0.4950221238938053,0.92799,0.70598,0.2070199999999999,0,0.0,0,0.0,0.4556,0.0,1.0,0.5062,0.973973,1.8921263,2.70252891,3.36071226,-0.4465186940599999,-0.8673263935,-0.0735688010299999,-0.2087366316599999,1.1354175759999998,-3.4599762100000016,0.210486458,-0.926772952
63,GLU,1.53,0.5608504398826979,2.95058,1.07618,0.1218200000000002,0,0.0,0,0.0,0.1111,0.4884,0.8112,0.9136,0.97388685,1.89145868,2.7003586699999995,3.35582452,-0.326905038,-0.6343698394000001,-0.054218702264,-0.1535703449799999,1.141225532,-3.508645636,0.1625802804,-0.7294198559999997
64,HIS,1.267,0.4582278481012657,2.9136900000000003,1.3372100000000002,0.16079,0,0.0,0,0.0,0.1444,0.561,0.1124,0.679,0.97297868,1.88431859,2.67676141,3.3014643,-0.317056864,-0.613162417,-0.0559699964,-0.1582195591,1.095945116,-2.9885152500000007,0.2048978022,-0.8279525749999996
65,ARG,2.089,0.6230241574709215,3.76328,0.98762,0.2763800000000002,0,0.0,0,0.0,0.0,0.7346,0.9398,0.6914,0.97359426,1.88915843,2.69275768,3.3383173800000003,-0.3699888896,-0.724306288,-0.05287683577,-0.1511604038,1.101620884,-2.27531803,0.1592540235999999,-0.4860445969999999
66,GLN,1.756,0.6107826086956522,2.85639,0.89475,0.2242499999999999,0,0.0,0,0.0,0.1111,0.5388,0.7952,0.6914,0.83391395,1.61465552,2.29299963,2.8272882,-0.585000422,-1.1376969224000002,-0.0938850615999999,-0.2665213724,0.787094586,-1.6252082867999995,0.110110391,-0.3308716488000001
67,ASP,0.899,0.3353226408056695,2.16314,1.1106200000000002,0.6713799999999999,0,0.0,0,0.0,0.1111,0.3239,0.8675,1.0,0.97312476,1.88549321,2.68073578,3.31090184,-0.2280317364,-0.4431309282999999,-0.0376355900799999,-0.1069247705999999,0.627797334,-0.4489161236,0.1057957119999999,-0.1044868253999999
68,ARG,2.445,0.7291977333730987,3.96785,0.8410500000000001,0.0669500000000002,0,0.0,0,0.0,0.0,0.7346,0.9398,0.6914,1.11278537,2.15982428,3.07986535,3.82029745,-0.1746039559,-0.3375852748999999,-0.0307542411,-0.0868690826,0.6277959340000001,-0.1685848747999999,0.1050716164,-0.0470506338
69,ARG,1.338,0.3990456307784074,3.28744,1.65939,0.3556100000000002,0,0.0,1,0.142857142857143,0.0,0.7346,0.9398,0.6914,1.5306426,2.9741447,4.249188520000001,5.28565876,-0.1471356285,-0.289352749,-0.0187951737,-0.0539489635,1.1034803359999996,-1.905750393,0.14149513,-0.3552914137000003
70,GLU,1.53,0.5608504398826979,2.4611,1.05269,0.14531,0,0.0,0,0.0,0.1111,0.4884,0.8112,0.9136,0.8340781300000001,1.61593972,2.29721944,2.83693433,-0.3601628918999999,-0.6930654277,-0.068093260584,-0.1917256288,0.706446708,-0.7483570280000001,0.116605978,-0.1785157544
71,ARG,1.611,0.4804652549955263,3.33835,1.31318,0.4288200000000002,0,0.0,3,0.6,0.0,0.7346,0.9398,0.6914,0.69392456,1.33774435,1.88535907,2.29833416,-0.3565150984,-0.6893153503,-0.0635894197999999,-0.1798830447,0.47094142,-0.4481429499999999,0.0777850368,-0.1065580493999999
72,PRO,0.933,0.4183856502242152,1.76732,1.03525,0.2617499999999999,0,0.0,3,0.5,0.3222,0.3764,0.8594,0.3827,0.97323488,1.88636363,2.68362777,3.31761003,-0.0946350010999999,-0.1843373119999999,-0.0149103558,-0.0424288821,0.629698198,-0.473441903,0.089321512,-0.0917643099
73,TYR,2.386,0.7001173708920189,4.43527,0.92712,0.0948799999999998,0,0.0,2,1.0,0.3556,0.8063,0.502,0.1605,0.55662093,1.08170932,1.54588133,1.9238803,-0.2362073533,-0.4557390948,-0.0428629578599999,-0.12086722925,0.23548516,-0.0800148956,0.038449738,-0.0331063629
