1,GLY,0.261,0.144358407079646,0.77755,1.11823,0.4287700000000001,0,0.0,2,0.0952380952380952,0.4556,0.0,1.0,0.5062,1.80811138,3.5083205699999995,4.99986102,6.195724899999999,-0.3523897875,-0.6853622090999999,-0.05715991918,-0.16246918005,2.0829932200000014,-3.836038602,0.3216834523999999,-0.8705461293999996
2,PRO,1.464,0.6565022421524663,2.03453,0.7174200000000001,0.0485799999999999,0,0.0,0,0.0,0.3222,0.3764,0.8594,0.3827,1.25259761,2.43539587,3.48326569,4.34005527,-0.91977911153,-1.7919238626000005,-0.142293496537,-0.40435273808,2.0461006540000004,-4.796674123999996,0.2903104383999998,-1.0160968640000003
3,GLY,1.002,0.5542035398230089,1.03595,0.59674,0.20926,0,0.0,0,0.0,0.4556,0.0,1.0,0.5062,0.69420941,1.33996024,1.89259966,2.31476221,-0.8654734201999998,-1.6767331673399997,-0.149419351412,-0.42323988974,1.9198875480000013,-3.2490228046000014,0.3431050970000002,-0.8185211851000005
4,GLY,0.545,0.3014380530973451,0.89303,0.78369,0.4793099999999999,0,0.0,0,0.0,0.4556,0.0,1.0,0.5062,1.11195382,2.15335048,3.05869837,3.77223711,-0.94533214565,-1.83907282184,-0.152376478858,-0.433119967866,2.042624994000002,-3.1191043455600007,0.3241820680000002,-0.7263998316239999
5,GLY,0.25,0.1382743362831858,0.6107,0.97585,0.5821500000000001,0,0.0,3,0.142857142857143,0.4556,0.0,1.0,0.5062,1.38974523,2.6901226199999995,3.81814471,4.70308723,-0.5614296173499999,-1.0854652673,-0.09998797822,-0.28274562873,2.1966944739999983,-2.8598363743999995,0.3727949804000003,-0.7629302796000001
6,PRO,1.224,0.5488789237668161,1.89724,0.96755,0.0384499999999999,0,0.0,3,0.130434782608696,0.3222,0.3764,0.8594,0.3827,1.9489428900000003,3.79181301,5.42910268,6.7739713,-0.3416675198,-0.6684268212,-0.0494992821,-0.1414146554999999,0.5113198460000001,-1.224026058,0.0756463959999999,-0.261244999
7,GLY,0.337,0.1863938053097345,0.75803,0.91329,0.5577100000000002,1,0.04,2,0.08,0.4556,0.0,1.0,0.5062,1.66864116,3.2354737800000004,4.60558306,5.69732945,-0.5826792929999999,-1.1318759282,-0.0970743877099999,-0.27577798778,0.509399901,-1.099910248,0.0920221079,-0.282132345
8,GLY,0.659,0.3644911504424779,0.8765999999999999,0.73858,0.41042,2,0.1,1,0.05,0.4556,0.0,1.0,0.5062,1.6697399500000003,3.24405747,4.63375561,5.7616304,-0.6227782775,-1.2072559332,-0.10654710054,-0.3019425662,0.509620738,-1.186876,0.0903573139999999,-0.2995225649999999
9,SER,0.659,0.3028492647058823,1.46819,1.01763,0.4993700000000001,2,0.0769230769230769,2,0.0769230769230769,0.4111,0.1877,0.8514,0.5309,1.80676701,3.4979193799999995,4.96605854,6.11958034,-0.4679343407,-0.9118165042999998,-0.07344447371,-0.2091105973,0.510449003,-1.587107028,0.083034355,-0.3761282029999999
10,HIS,0.599,0.216636528028933,2.33421,1.7271999999999998,0.4388000000000005,0,0.0,4,0.148148148148148,0.1444,0.561,0.1124,0.679,1.8068885,3.49879828,4.96870741,6.12491378,-0.3801620553,-0.7380197690000001,-0.06367875725,-0.1807202645,2.079092466,-3.5222112260000005,0.3551851260999999,-0.8616972887999996
11,MET,1.764,0.5915492957746479,2.58347,0.92186,0.2961400000000003,0,0.0,1,0.125,0.7111,0.6196,0.0,0.0988,1.1125588700000002,2.15806928,3.07415507,3.80741658,-0.6993916122599998,-1.3540202172900002,-0.1213316133989999,-0.343247743716,2.356295364000001,-2.779195531599999,0.3780065843999998,-0.7004178396499997
12,GLY,1.1,0.6084070796460177,0.97004,0.6123200000000001,0.0956799999999998,1,0.166666666666667,1,0.166666666666667,0.4556,0.0,1.0,0.5062,0.6940819899999999,1.33895099,1.88923806,2.30693787,-1.0623142521,-2.0533450027,-0.19029082609,-0.5381031614999999,1.7241032560000005,-3.685884195,0.3085755059999999,-0.9603159810000004
13,GLY,0.382,0.2112831858407079,0.7739100000000001,0.93811,0.4878900000000001,1,0.0833333333333333,1,0.0833333333333333,0.4556,0.0,1.0,0.5062,1.39064613,2.69718077,3.841383930000001,4.756357889999999,-0.65132193916,-1.2648696427999997,-0.1077461505099999,-0.30569657498,2.081485024,-1.881248807,0.3320856496999999,-0.5363790232000002
14,ASN,1.411,0.5770961145194274,2.31564,0.9163,0.1176999999999998,3,0.1875,1,0.0625,0.1111,0.3976,0.6747,0.8272,1.52941475,2.96457403,4.21784011,5.21429178,-0.8174522626,-1.5892498997999998,-0.13286893476,-0.37733680847,0.508668428,-1.1584327010000002,0.0963358607999999,-0.318903819
15,TYR,1.159,0.3400821596244132,3.40055,1.7663399999999998,0.4826599999999998,2,0.1,1,0.05,0.3556,0.8063,0.502,0.1605,1.3895391199999998,2.68850926,3.81284088,4.6909583,-1.19464345168,-2.31396095366,-0.2071937278019999,-0.586858993717,0.5485411599999999,-1.645204027999999,0.0983883543,-0.426678978
16,GLY,0.848,0.4690265486725663,0.97146,0.7483,0.2117000000000001,0,0.0,1,0.125,0.4556,0.0,1.0,0.5062,1.2523590100000002,2.43349512,3.47689726,4.32512057,-1.936572518,-3.772718571,-0.30316253755,-0.8623791673000001,1.296608364,-3.3270677600000007,0.2009314686000001,-0.7543707560000003
17,ASP,1.127,0.4203655352480417,2.36034,1.01896,0.5350400000000002,0,0.0,1,0.2,0.1111,0.3239,0.8675,1.0,0.83388782,1.6144491099999998,2.29231464,2.82570199,-1.4607268446400004,-2.8293269752300008,-0.25242428667,-0.714679047406,1.648523845999999,-3.17382429723,0.2708550262,-0.7676186079060004
18,ASP,1.357,0.5061544199925401,2.53532,0.8258199999999999,0.4981800000000002,0,0.0,0,0.0,0.1111,0.3239,0.8675,1.0,1.11269519,2.1591159499999995,3.0775277900000004,3.81492363,-1.342271846,-2.6098281359999995,-0.21805236707,-0.6193421797,2.0006457989999995,-4.640292312999996,0.3380138385999996,-1.1801562119000002
19,ARG,1.233,0.3677303906949001,3.2426,1.53206,0.5879400000000001,0,0.0,1,0.0666666666666667,0.0,0.7346,0.9398,0.6914,1.52872389,2.9592223700000004,4.20043768,5.1750747200000005,-0.7211236480000001,-1.4075559856000004,-0.10862957197,-0.3095046570999999,1.805883159,-3.0411592080000003,0.2947704259999998,-0.7629925115100004
20,ARG,2.034,0.6066209364747986,3.90365,0.9756,0.3434000000000003,0,0.0,0,0.0,0.0,0.7346,0.9398,0.6914,1.38975014,2.69014114,3.81813815,4.70286793,-0.5830567820000001,-1.134422282,-0.0937678258999999,-0.2665326504,2.746370706999998,-5.152734934,0.4631485859000002,-1.2279596620000013
21,GLY,0.379,0.2096238938053097,0.64629,0.91172,0.5172800000000001,0,0.0,1,0.0416666666666667,0.4556,0.0,1.0,0.5062,1.3879413000000005,2.6761205,3.77250202,4.59987358,-0.4937953395,-0.95569913,-0.0863621665,-0.2443730106,2.2338122840000008,-3.5311904000000025,0.3966581271999997,-0.9493829228000004
22,GLY,0.151,0.0835176991150442,0.6877800000000001,1.01119,0.64581,0,0.0,2,0.08,0.4556,0.0,1.0,0.5062,1.52747891,2.94951081,4.16861037,5.102570280000001,-0.3806617613,-0.7387921848000001,-0.063771890274,-0.18087554951,2.077376377999999,-2.9516550553999963,0.3657480419999999,-0.7505394170800003
23,ARG,2.459,0.7333730987175663,4.00955,0.8256399999999999,0.0683600000000002,0,0.0,2,0.117647058823529,0.0,0.7346,0.9398,0.6914,1.52892909,2.9607896,4.205458350000001,5.18615756,-0.503297624,-0.9815290704,-0.07651471928,-0.2176760855,1.845440520999999,-4.690318757200002,0.2965364832999998,-1.1022429729999996
24,GLY,0.592,0.327433628318584,0.9177,0.79308,0.4229200000000002,0,0.0,1,0.0666666666666667,0.4556,0.0,1.0,0.5062,1.24998873,2.41502539,3.4164412200000003,4.18763583,-0.6393009090000001,-1.241801109,-0.1060340282,-0.3010607317,3.1352308180000024,-6.015046637000002,0.5570932780000003,-1.482475894000001
25,GLY,0.373,0.2063053097345132,0.74187,0.92697,0.50803,0,0.0,1,0.0714285714285714,0.4556,0.0,1.0,0.5062,1.2507571300000002,2.4210125600000003,3.4360372800000003,4.232195099999999,-0.817038065,-1.590444235,-0.129891054,-0.3692738438,2.863894929,-6.037477552999996,0.4861185720000001,-1.4809633669999998
26,TYR,1.883,0.5525234741784038,3.94502,1.1277199999999998,0.3972800000000001,1,0.0666666666666667,1,0.0666666666666667,0.3556,0.8063,0.502,0.1605,1.38991484,2.69147402,3.8226729700000006,4.713708689999999,-0.7539323949999999,-1.467117599,-0.1205481598,-0.3426258999,2.7098082640000025,-5.905851634999998,0.4345171662999998,-1.3829588902000003
27,ASP,1.116,0.4162625885863484,2.4863,0.88762,0.67738,1,0.0555555555555556,1,0.0555555555555556,0.1111,0.3239,0.8675,1.0,1.529328,2.96392683,4.21582025,5.20999641,-0.4661339475,-0.9073232446,-0.0740197962299999,-0.2103731646999999,2.7493530269999997,-3.5754758968000018,0.4375261844999994,-0.8462733174000001
28,ARG,2.281,0.6802863107664778,3.85925,0.97837,0.0936299999999999,1,0.111111111111111,0,0.0,0.0,0.7346,0.9398,0.6914,1.39203836,2.70802765,3.87688411,4.837076929999999,-0.9149208254,-1.780347131,-0.14579109895,-0.4141994742999999,3.1055514700000013,-4.863230068000001,0.4685994227999999,-1.1192687414000004
29,GLY,0.885,0.4894911504424779,0.98102,0.73678,0.18622,1,0.166666666666667,0,0.0,0.4556,0.0,1.0,0.5062,0.97397864,1.89216877,2.7026628200000005,3.36100023,-0.941247719,-1.8341278029999992,-0.14633453127,-0.4162565178999999,2.3572612559999992,-2.990549748600002,0.3663648735999997,-0.6721121215000001
30,GLY,0.825,0.4563053097345132,1.04022,0.73207,0.2509300000000001,0,0.0,0,0.0,0.4556,0.0,1.0,0.5062,0.8336378799999999,1.61247846,2.2857818,2.81059056,-0.947712786,-1.848281269,-0.1466466956999999,-0.4178735453,1.3336451859999998,-2.146926375,0.2274298012,-0.4999213033999999
31,TYR,2.299,0.6745892018779343,4.06981,0.9096,0.1993999999999999,0,0.0,0,0.0,0.3556,0.8063,0.502,0.1605,0.83431772,1.61781038,2.30335506,2.8509253,-0.807276279,-1.571794014,-0.1270490197,-0.361057941,1.1772497300000002,-2.649487400000001,0.1943931842,-0.6566093279999999
32,ARG,2.347,0.6999701759618252,3.95617,0.93896,0.0670400000000002,0,0.0,0,0.0,0.0,0.7346,0.9398,0.6914,0.97376901,1.89053308,2.69730242,3.3487919,-0.4287996768,-0.8365849766,-0.06475535119,-0.18430269022,1.451927914000001,-1.8675546582,0.2388017646000001,-0.4192607292399999
33,GLY,0.739,0.4087389380530973,0.90125,0.76079,0.30821,0,0.0,0,0.0,0.4556,0.0,1.0,0.5062,1.11252103,2.1577801,3.07323184,3.80539198,-0.3965170557,-0.7760564465000002,-0.0566934803199999,-0.1619847609,1.4539982219999994,-1.6502491126000003,0.2238779903999998,-0.3561171914999999
34,ARG,2.632,0.7849686847599164,4.10623,0.64037,0.08063,0,0.0,0,0.0,0.0,0.7346,0.9398,0.6914,0.8339087399999999,1.61461726,2.29288262,2.8270480100000004,-0.4257239883,-0.8269727535999999,-0.0698983923,-0.1982851532,2.001894319,-2.253680315,0.3271784719000001,-0.5651890985199999
35,GLY,0.822,0.454646017699115,0.91233,0.75541,0.23059,0,0.0,0,0.0,0.4556,0.0,1.0,0.5062,0.8336053900000001,1.61224978,2.2851199,2.80935307,-0.77073414,-1.498573914,-0.1251252316,-0.3554092,1.8055409300000005,-3.974379561999999,0.2961750346000002,-0.96884838
36,GLY,0.763,0.4220132743362831,1.0546,0.7176900000000002,0.3273099999999997,0,0.0,0,0.0,0.4556,0.0,1.0,0.5062,0.97281413,1.88306757,2.67277998,3.29276223,-0.5043571131,-0.9793259022,-0.0841049690499999,-0.23872154284,1.8462030860000005,-2.4436529152000013,0.2916071222,-0.57861813384
37,ASP,1.467,0.5471838866094741,2.43857,0.8154800000000001,0.3985199999999999,0,0.0,0,0.0,0.1111,0.3239,0.8675,1.0,1.11317982,2.16294471,3.09024464,3.84441227,-0.5956794750000001,-1.161586039,-0.0903697144,-0.256976529,1.925995246,-3.9782046419999975,0.2910578270000001,-0.9061048649999998
38,ARG,1.845,0.5502535043244855,3.48917,1.31169,0.1963100000000002,0,0.0,0,0.0,0.0,0.7346,0.9398,0.6914,0.97259818,1.88138774,2.66729173,3.28031259,-0.501648087,-0.974732636,-0.0822762096,-0.2335452335,1.963625980000001,-3.8669579309999977,0.3125245886000001,-0.9071971848
39,GLY,0.963,0.5326327433628318,1.05342,0.62752,0.2174800000000001,0,0.0,0,0.0,0.4556,0.0,1.0,0.5062,0.83393678,1.61483789,2.29361237,2.82873067,-0.683772318,-1.334926174,-0.102747061,-0.2928322279999999,1.808394979000001,-5.113025441999997,0.2723718756999998,-1.1216614609999995
40,GLY,0.778,0.4303097345132743,0.97844,0.7317100000000001,0.2982899999999999,0,0.0,0,0.0,0.4556,0.0,1.0,0.5062,0.69414011,1.33942064,1.89083548,2.31075636,-0.587249473,-1.140522326,-0.0972190958,-0.275883281,1.803807782,-4.828388223999999,0.3114909148000001,-1.2255729000000009
41,PHE,1.345,0.4326149887423609,3.31716,1.4838600000000002,0.2801399999999998,0,0.0,0,0.0,0.8111,0.783,0.0763,0.037,0.83322721,1.60928481,2.27535321,2.78695393,-0.4682748665999999,-0.9084041327,-0.07895475291,-0.2238202832999999,2.0384178619999997,-3.872323695800002,0.3574143036,-1.0260706341999994
42,ARG,2.492,0.74321503131524,3.95784,0.7706200000000001,0.0903800000000001,0,0.0,0,0.0,0.0,0.7346,0.9398,0.6914,0.97397395,1.89213366,2.70255371,3.36077064,-0.4729537112,-0.924027121,-0.0693567056,-0.1976190037,1.806260899999999,-2.683971103000002,0.2881544154000001,-0.6114865812000001
43,GLY,0.511,0.2826327433628318,0.91171,0.90101,0.3959900000000002,0,0.0,0,0.0,0.4556,0.0,1.0,0.5062,0.6943678,1.34118886,1.8966017800000003,2.32380242,-0.8973654010000001,-1.7456454010000004,-0.1444779743,-0.410540423,0.862041912,-2.047422725,0.1537419972,-0.5287499399999999
44,GLY,0.719,0.3976769911504424,0.87618,0.8303499999999999,0.25865,0,0.0,0,0.0,0.4556,0.0,1.0,0.5062,0.5550029799999999,1.06914619,1.5049027,1.83111795,-0.725057863,-1.402187711,-0.1284754681,-0.363315318,0.862134002,-1.897400442,0.1532559818,-0.502161622
45,ARG,2.57,0.7664777810915597,3.86237,0.88282,-0.0998199999999996,1,0.166666666666667,0,0.0,0.0,0.7346,0.9398,0.6914,1.11329685,2.1638404,3.09312018,3.85077715,-1.1351660001,-2.2155260040000004,-0.17079285065,-0.4864104153,0.90536357,-1.9251125469999997,0.1267750832,-0.3882665899999999
46,GLY,0.484,0.2676991150442477,0.8215600000000001,0.91355,0.4104500000000002,5,0.384615384615385,1,0.0769230769230769,0.4556,0.0,1.0,0.5062,1.3912139900000002,2.70156058,3.85556266,4.78811688,-0.8375284505999998,-1.6282029240000002,-0.13678946747,-0.3886131848499999,0.8243333499999999,-1.181922448,0.1345677919,-0.2708349417
47,GLY,0.444,0.245575221238938,0.76137,0.91668,0.44732,7,0.368421052631579,2,0.105263157894737,0.4556,0.0,1.0,0.5062,1.3901612,2.69339114,3.828938990000001,4.727928820000001,-1.0408439766,-2.0104764677,-0.18756695119,-0.5299046198999999,0.7440800119999998,-1.738197648,0.1360042026,-0.4783468389999999
48,GLY,0.506,0.2798672566371681,0.98292,0.8710300000000001,0.4309699999999999,5,0.192307692307692,2,0.0769230769230769,0.4556,0.0,1.0,0.5062,1.8071812,3.5012040200000003,4.97700386,6.14505988,-0.4894776319999999,-0.950858489,-0.0810478885,-0.230135963,0.7843164529999997,-1.894478489,0.1354933599999999,-0.479769862
49,ASP,1.251,0.4666169339798582,2.53584,0.9426,0.4874000000000001,0,0.0,0,0.0,0.1111,0.3239,0.8675,1.0,1.6703954900000002,3.24914499,4.65033545,5.7991072,-0.5119891320000001,-0.999925495,-0.076296105,-0.2174840275,1.375972516000001,-2.879945493999999,0.2074994631999999,-0.6455876214000001
50,ARG,2.166,0.6459886668654935,3.98561,1.04847,0.1385300000000002,0,0.0,0,0.0,0.0,0.7346,0.9398,0.6914,1.53087343,2.97589489,4.2547483800000006,5.29778145,-0.4870013647999999,-0.9494601160000002,-0.07539597378,-0.21467796695,1.3763942860000005,-2.3087997950000005,0.2043413632000001,-0.5192203673000002
51,GLY,0.928,0.5132743362831859,0.84782,0.7625399999999999,0.1174600000000001,0,0.0,0,0.0,0.4556,0.0,1.0,0.5062,1.1130706899999998,2.16205958,3.08722537,3.83716847,-0.6712842312999999,-1.3042873409999998,-0.1096743831,-0.3111373688,2.2777646599999994,-3.3183655929999976,0.3624972444000001,-0.8585570342000005
52,GLY,0.745,0.4120575221238938,0.93542,0.78009,0.2829100000000002,0,0.0,0,0.0,0.4556,0.0,1.0,0.5062,1.11303679,2.16180519,3.08642775,3.8354646,-0.7459060500000001,-1.4597779849999997,-0.1073060599,-0.3066753243,2.281544676000001,-3.736133126000001,0.3342289084000002,-0.8098825349999998
53,PHE,2.309,0.7426825345770345,3.40911,0.7623300000000001,0.0376699999999997,0,0.0,0,0.0,0.8111,0.783,0.0763,0.037,1.11263335,2.15861863,3.07584626,3.81093352,-0.5534295738,-1.0814712855,-0.0824930490099999,-0.23550509975,2.2789261729999994,-2.6555086708,0.3573542052999999,-0.5939690207999996
54,GLY,0.526,0.290929203539823,0.97314,0.67808,0.60392,0,0.0,0,0.0,0.4556,0.0,1.0,0.5062,1.25254085,2.43492332,3.48161323,4.33597074,-0.4078005831999999,-0.7954071380000001,-0.06257318817,-0.178233811,1.8464823989999988,-1.727554627,0.2883499091000001,-0.4034780348
55,PRO,1.479,0.6632286995515696,2.04575,0.72963,0.0213699999999998,1,0.142857142857143,0,0.0,0.3222,0.3764,0.8594,0.3827,1.53203528,2.9849879900000005,4.28464825,5.366194599999999,-0.2782137094999999,-0.540188619,-0.04626545695,-0.131253547,1.6123817479999998,-1.342887364,0.2390487672999999,-0.3269906824999998
56,GLY,0.32,0.1769911504424778,0.81872,1.04441,0.4435899999999999,4,0.173913043478261,2,0.0869565217391304,0.4556,0.0,1.0,0.5062,1.66825452,3.23251327,4.596065360000001,5.6762029,-0.3967237581,-0.7692596866,-0.06767958615,-0.1918594241999999,1.3719250649999997,-1.8654140932,0.2420038165,-0.4722399317999999
57,LYS,1.796,0.5765650080256821,2.82628,1.06464,0.2543600000000001,7,0.368421052631579,2,0.105263157894737,0.0667,0.6942,0.6867,0.7901,1.52909626,2.96210238,4.20978898,5.19610726,-0.9102678318,-1.758687021,-0.1631471366,-0.4609051182,0.745062376,-1.608920278,0.1290467108,-0.4187051729999999
58,MET,1.493,0.5006706908115359,2.2901,1.1384199999999998,0.3505800000000003,5,0.454545454545455,2,0.181818181818182,0.7111,0.6196,0.0,0.0988,1.53101008,2.97697562,4.258339750000001,5.30611301,-1.1989101910000002,-2.33753176,-0.1850374887999999,-0.5267674742,0.825611946,-1.6338354350000004,0.1245529605999999,-0.349466296
59,ASP,0.789,0.2942931741887356,2.11087,1.26917,0.6228299999999998,0,0.0,0,0.0,0.1111,0.3239,0.8675,1.0,0.8339484699999999,1.61492697,2.29389534,2.82934747,-0.9446476406000002,-1.8270595504,-0.1661339547,-0.46958621595,1.019898458,-1.77966349,0.1718382105000001,-0.4406914
60,SER,1.306,0.6001838235294118,1.40933,0.63279,0.2372100000000001,0,0.0,0,0.0,0.4111,0.1877,0.8514,0.5309,0.6944410299999999,1.34177006,1.89854075,2.32832485,-0.683825885,-1.3288309909999998,-0.1125201804,-0.319552018,0.9395332170000004,-2.243601738,0.17365355,-0.599693392
61,ARG,2.041,0.6087086191470324,3.84645,1.088,0.2240000000000002,0,0.0,0,0.0,0.0,0.7346,0.9398,0.6914,0.6940028199999999,1.33833694,1.88723907,2.30242606,-0.641683916,-1.2494605760000002,-0.1020676623,-0.290393742,0.941194406,-2.27412365,0.1632469036,-0.5744447520000001
62,GLY,0.843,0.4662610619469026,0.9534,0.7007,0.2643000000000001,0,0.0,0,0.0,0.4556,0.0,1.0,0.5062,0.69431758,1.34080228,1.89535282,2.32101336,-0.366594768,-0.710467576,-0.0625695352,-0.1771702325,1.6483127779999982,-3.490291998000001,0.2710846881,-0.8701916110000002
63,GLU,1.857,0.6807184750733137,3.06955,0.78943,0.0815700000000002,0,0.0,0,0.0,0.1111,0.4884,0.8112,0.9136,0.69457961,1.34285101,1.90208349,2.33639558,-0.480604325,-0.932394404,-0.0810069708,-0.229665454,1.4121001639999995,-3.287527056,0.2384870995,-0.8392518320000002
64,HIS,1.72,0.6220614828209765,2.97825,0.96109,0.0839100000000001,0,0.0,0,0.0,0.1444,0.561,0.1124,0.679,0.5548654000000001,1.06807226,1.50138136,1.8230915,-0.589026074,-1.136667015,-0.1077668357999999,-0.30426827,1.6826124549999988,-4.829257035000001,0.3192100745,-1.327790449
65,ARG,2.066,0.6161646286907246,3.59205,1.19689,0.0901100000000003,0,0.0,0,0.0,0.0,0.7346,0.9398,0.6914,0.6945529800000001,1.34264087,1.90138635,2.33478131,-0.5265947639999999,-1.0228383040000002,-0.0866995578,-0.245961197,0.8632163359999999,-2.604090582,0.1456416066,-0.6419014990000002
66,GLN,1.308,0.4549565217391304,2.7030200000000004,1.1989199999999998,0.3680800000000002,0,0.0,0,0.0,0.1111,0.5388,0.7952,0.6914,0.6944756299999999,1.34204098,1.89943248,2.33036768,-0.403096291,-0.782907195,-0.0663897302999999,-0.1883207855,0.235208788,-0.736385352,0.04115968,-0.189262498
67,ASP,1.062,0.3961208504289444,2.28611,0.95052,0.66848,0,0.0,0,0.0,0.1111,0.3239,0.8675,1.0,0.6945315099999999,1.3424696699999998,1.9008112400000003,2.33342801,-0.521868019,-1.015392669,-0.0834903025,-0.237216129,0.234730572,-0.6211585499999999,0.0449167092,-0.169629645
68,ARG,2.026,0.6042350134208171,3.50455,1.2840399999999998,0.0429600000000005,0,0.0,0,0.0,0.0,0.7346,0.9398,0.6914,0.83402563,1.61553566,2.29591613,2.83403104,-0.492502059,-0.9601231,-0.075845971,-0.215823527,0.235917828,-0.7569732399999998,0.0353878074,-0.165897045
69,ARG,2.767,0.8252311362958544,4.012370000000001,0.77454,-0.1885399999999997,0,0.0,0,0.0,0.0,0.7346,0.9398,0.6914,0.83415114,1.61650857,2.29908059,2.84116425,-0.39395406,-0.765154661,-0.0645546118,-0.183026396,0.431914562,-1.2436686300000002,0.0689606859,-0.289170454
70,GLU,1.755,0.6433284457478005,2.6567700000000003,0.84459,0.1284100000000003,0,0.0,0,0.0,0.1111,0.4884,0.8112,0.9136,0.8339608100000001,1.6150176800000002,2.29417397,2.82992403,-0.154401805,-0.300866413,-0.0241094762,-0.068608462,0.39261242,-0.6301828960000001,0.0635684196,-0.1423608029999999
71,ARG,2.054,0.6125857441097524,3.61865,1.21078,0.0882200000000004,0,0.0,1,0.25,0.0,0.7346,0.9398,0.6914,0.6941620000000001,1.33959517,1.89142001,2.31212675,-0.29095132,-0.56605857,-0.046318403,-0.131522605,0.353348417,-0.836203008,0.0569410092,-0.2019549089999999
72,PRO,1.405,0.6300448430493274,1.81139,0.81933,0.0056699999999999,0,0.0,1,0.333333333333333,0.3222,0.3764,0.8594,0.3827,0.5551032300000001,1.06994208,1.50755907,1.83731682,-0.341896106,-0.6656568800000001,-0.0541259678999999,-0.153890761,0.392500988,-1.10235674,0.0645800532,-0.26308978
73,TYR,2.457,0.7209507042253521,4.5577,0.7333799999999999,0.2176200000000001,0,0.0,1,1.0,0.3556,0.8063,0.502,0.1605,0.4167839399999999,0.8059793399999999,1.14208529,1.40360255,-0.35862769,-0.69769332,-0.057530957,-0.163459549,0.392521094,-1.1699041,0.0642329,-0.274795663
