1,GLY,0.351,0.1941371681415929,0.91187,0.97432,0.48268,0,0.0,1,0.0454545454545455,0.4556,0.0,1.0,0.5062,1.6682115900000003,3.23210858,4.594515900000001,5.672014849999999,-0.4886203832999999,-0.9474540855,-0.08348454315,-0.23674039074,2.473703592999999,-3.584431139200003,0.4002935322000001,-0.9004935748199997
2,PRO,1.359,0.6094170403587444,2.03506,0.76664,0.10436,0,0.0,0,0.0,0.3222,0.3764,0.8594,0.3827,1.25220622,2.43233964,3.47323772,4.31717468,-1.1292826809,-2.2025643614999995,-0.17228880832,-0.4904138727,3.2247480539999995,-5.069033368999999,0.4770064017999996,-1.1589913973000012
3,GLY,1.032,0.5707964601769911,0.99951,0.61983,0.15617,0,0.0,0,0.0,0.4556,0.0,1.0,0.5062,0.8334591499999999,1.61109971,2.28131905,2.80059737,-1.1297431508400002,-2.19127060505,-0.191141630743,-0.5418333077299999,2.4330553720000005,-4.929991946150003,0.4045829969999998,-1.1526400408000004
4,GLY,0.572,0.3163716814159292,0.8046899999999999,0.8986999999999999,0.3373000000000002,0,0.0,2,0.153846153846154,0.4556,0.0,1.0,0.5062,1.39069237,2.69754055,3.84255745,4.75901199,-0.8999198662500001,-1.7548008409999991,-0.138909448586,-0.39559218404,3.380253884000002,-6.429849182399998,0.5162587871999998,-1.4371510462200008
5,GLY,0.186,0.1028761061946902,0.7676900000000001,0.8026899999999999,0.8193100000000002,0,0.0,3,0.157894736842105,0.4556,0.0,1.0,0.5062,1.6698000700000002,3.2445402100000003,4.63538791,5.76550486,-0.5393165965199999,-1.048156715,-0.0873973195069999,-0.24792828277,2.357061787000001,-3.767748580600004,0.3690371823999999,-0.91036667344
6,PRO,1.062,0.4762331838565022,1.92534,0.89591,0.2720899999999999,2,0.0833333333333333,3,0.125,0.3222,0.3764,0.8594,0.3827,2.08820129,4.06301303,5.81799603,7.260128259999997,-0.3084768813,-0.603002948,-0.0455383055999999,-0.1300225316,1.0610381019999997,-1.6762025360000004,0.1660289632999999,-0.3799047092000001
7,GLY,0.224,0.1238938053097345,0.7167,0.92397,0.6600300000000001,3,0.0967741935483871,2,0.0645161290322581,0.4556,0.0,1.0,0.5062,1.8073884,3.50269459,4.98146247,6.153922189999999,-0.5478957421999999,-1.063756533,-0.09192642444,-0.2609966626999999,1.058171288,-1.2988991770000002,0.1881189379999999,-0.3342793894
8,GLY,0.3,0.165929203539823,0.77594,0.84054,0.66746,3,0.136363636363636,0,0.0,0.4556,0.0,1.0,0.5062,1.80843449,3.5108979099999997,5.00849814,6.21597247,-0.5875142006300001,-1.13669051097,-0.10310157624,-0.2915941549599999,0.7068851730000001,-1.4093388299999998,0.1129216889,-0.327169027
9,SER,0.672,0.3088235294117647,1.45642,0.9682,0.5357999999999999,3,0.115384615384615,2,0.0769230769230769,0.4111,0.1877,0.8514,0.5309,1.94684169,3.77544459,5.375539630000001,6.65220837,-0.483875134,-0.9409226604,-0.07839913295,-0.2227072369,1.0572382500000004,-2.200202386,0.1947511939,-0.5797053700000002
10,HIS,0.758,0.2741410488245931,2.56885,1.61651,0.39049,1,0.0416666666666667,4,0.166666666666667,0.1444,0.561,0.1124,0.679,1.80728406,3.501857190000001,4.978640660000001,6.14726138,-0.5346108044,-1.040613809,-0.08574340345,-0.2439291024,2.4722489239999987,-4.736158708000003,0.4151270313999997,-1.1413970377999998
11,MET,1.773,0.5945674044265593,2.65306,0.85222,0.3567800000000003,0,0.0,1,0.142857142857143,0.7111,0.6196,0.0,0.0988,1.25277971,2.4368136400000004,3.48790016,4.35057492,-0.75240477316,-1.4586137838,-0.12773328505,-0.36174280965,3.419824678999998,-4.0939354615,0.5194703707999999,-1.0177233564
12,GLY,0.832,0.4601769911504424,0.99473,0.6932600000000001,0.28274,0,0.0,1,0.142857142857143,0.4556,0.0,1.0,0.5062,0.83358366,1.61207362,2.28452077,2.80792164,-1.1197089852400002,-2.1656936811,-0.1985768874899999,-0.5618167821,2.5905691819999994,-3.9178383555999994,0.4265244182,-1.0245686466999997
13,GLY,0.197,0.1089601769911504,0.66374,1.00379,0.60721,2,0.142857142857143,1,0.0714285714285714,0.4556,0.0,1.0,0.5062,1.39027532,2.6942433500000003,3.831601920000001,4.733599270000001,-0.7400144139999999,-1.4342621817,-0.1270428808,-0.36001241789,2.471605247999999,-2.153917346199999,0.4174286606000001,-0.6345081930099998
14,ASN,1.366,0.5586912065439673,2.33278,0.95912,0.1198799999999998,3,0.166666666666667,1,0.0555555555555556,0.1111,0.3976,0.6747,0.8272,1.66935756,3.2410822200000005,4.624029440000001,5.739547719999999,-0.87729551132,-1.7090630051400002,-0.13787081613,-0.39233205898,0.7067046489999997,-1.1001109220000005,0.1135238300999999,-0.2458909674
15,TYR,1.183,0.3471244131455399,3.17422,1.83518,0.3898199999999996,4,0.235294117647059,1,0.0588235294117647,0.3556,0.8063,0.502,0.1605,1.66902946,3.2385414400000005,4.615770110000001,5.720943200000001,-1.3167161577599995,-2.5603986557000007,-0.2130641141,-0.60515413077,0.7860548039999997,-2.0222588760000004,0.1198174371999999,-0.4503595920000001
16,GLY,0.846,0.4679203539823008,1.00715,0.75518,0.2068200000000001,1,0.125,1,0.125,0.4556,0.0,1.0,0.5062,1.25238788,2.43372349,3.47765592,4.326879249999999,-1.84789438958,-3.6018250721,-0.286999283055,-0.8168946632799999,1.0221536610000002,-2.384172343,0.1540526049999999,-0.509002825
17,ASP,1.151,0.4293174188735546,2.09141,1.1787,0.3512999999999999,0,0.0,1,0.2,0.1111,0.3239,0.8675,1.0,0.97341623,1.88777283,2.68822631,3.32802501,-1.87570365853,-3.6456601113,-0.3057537786,-0.8679916690500001,1.3718800499999988,-2.622543635000001,0.2421595901,-0.6823149157999999
18,ASP,1.266,0.4722118612458038,2.18475,1.04026,0.3747400000000001,0,0.0,0,0.0,0.1111,0.3239,0.8675,1.0,1.25242445,2.43402283,3.47868622,4.32937747,-1.5738666995,-3.0693370778,-0.24095337506,-0.68588177395,1.8840561239999996,-3.857826409000001,0.309328128,-0.9459843629999998
19,ARG,1.668,0.4974649567551445,3.3441,1.34846,0.3365400000000003,0,0.0,0,0.0,0.0,0.7346,0.9398,0.6914,1.5291911700000005,2.9628146,4.21203144,5.200941579999999,-0.77532771134,-1.5098344170600002,-0.122204652675,-0.3475115017399999,1.058901658,-1.6847239210000002,0.1810122405999999,-0.4573843295499998
20,ARG,1.766,0.5266925141664182,3.4398700000000004,1.27912,0.3078800000000001,0,0.0,0,0.0,0.0,0.7346,0.9398,0.6914,1.3900588,2.6925603599999994,3.826106,4.72113951,-0.5771734879999998,-1.126113841,-0.0883671451,-0.251860728,1.6473148420000008,-2.6128970490000007,0.2810941073999999,-0.6155717556999998
21,GLY,0.436,0.2411504424778761,0.70004,0.80782,0.5641800000000001,0,0.0,0,0.0,0.4556,0.0,1.0,0.5062,1.24920974,2.40895484,3.3965715800000007,4.14245414,-0.539691838,-1.0426851629999998,-0.09721462146,-0.2747789923,2.390307743999998,-4.444234005999999,0.4270546886000002,-1.1815458942
22,GLY,0.113,0.0625,0.7711,1.06167,0.6333300000000002,0,0.0,0,0.0,0.4556,0.0,1.0,0.5062,1.52783315,2.9522802299999995,4.1777075,5.12335812,-0.40709839695,-0.7946382499699999,-0.06127858506,-0.17459948519,2.1585953080000007,-3.591423723399997,0.3581647230999998,-0.8756220325399997
23,ARG,2.245,0.669549657023561,3.93736,0.8758600000000001,0.23214,0,0.0,0,0.0,0.0,0.7346,0.9398,0.6914,1.38947381,2.68796565,3.810943210000001,4.68628089,-0.3011366678,-0.5864534070000001,-0.0477847917,-0.1359870177999999,2.394083844999999,-3.73963576,0.399221809,-0.9153228612999996
24,GLY,0.396,0.2190265486725663,0.84531,0.9186099999999998,0.4933900000000001,0,0.0,0,0.0,0.4556,0.0,1.0,0.5062,1.24979475,2.4135051900000004,3.41143624,4.17616583,-0.582758443,-1.1321293370000003,-0.0966326033999999,-0.2744549307,2.392525549999999,-5.285765161,0.4119479414000002,-1.3193480651000005
25,GLY,0.587,0.3246681415929203,0.85425,0.8433,0.3777,0,0.0,0,0.0,0.4556,0.0,1.0,0.5062,1.11130705,2.14829445,3.04209071,3.73428759,-0.619175267,-1.199745197,-0.10623919108,-0.3008317840999999,3.6877441060000016,-6.788843917000001,0.6256112419999997,-1.6593032559
26,TYR,1.446,0.4242957746478873,3.69372,1.3967500000000002,0.5652499999999998,0,0.0,0,0.0,0.3556,0.8063,0.502,0.1605,1.3898982,2.69132844,3.82214421,4.71234813,-0.8215034570000002,-1.603998887,-0.1230034476,-0.350564129,3.4563532630000022,-8.229396722000013,0.5513443379000003,-1.8748626080000017
27,ASP,1.285,0.4792987691160014,2.33922,0.90672,0.4892800000000002,0,0.0,0,0.0,0.1111,0.3239,0.8675,1.0,1.5300754800000005,2.96975165,4.23488892,5.253372589999999,-0.7410154596,-1.44467199,-0.1142970562,-0.3253088837,3.4587839540000016,-6.841626563000005,0.5272645135999998,-1.5755760934999998
28,ARG,1.903,0.5675514464658514,3.4705,1.3396100000000002,0.1103899999999999,0,0.0,0,0.0,0.0,0.7346,0.9398,0.6914,0.97336103,1.88732419,2.68669367,3.32434116,-1.0604503943,-2.0495435315,-0.18916045261,-0.5345388302999999,2.629521809999998,-5.016862260899996,0.4350186610999999,-1.2407080101999997
29,GLY,0.628,0.3473451327433628,0.94571,0.81472,0.3652800000000001,3,0.3,0,0.0,0.4556,0.0,1.0,0.5062,1.2525290999999998,2.43483419,3.4813294,4.33535042,-0.7153082006000001,-1.4013103953,-0.1003059108999999,-0.2868524907599999,2.28226231,-2.9548237758000013,0.3255796989,-0.6014007346600002
30,GLY,0.815,0.4507743362831858,0.93256,0.76779,0.2252100000000001,3,0.428571428571429,0,0.0,0.4556,0.0,1.0,0.5062,0.97337774,1.88747564,2.68726368,3.32586653,-0.4204014953,-0.82323879706,-0.059388872067,-0.16974375204,1.611401317,-1.35488028971,0.2465483496000001,-0.28527703863
31,TYR,2.789,0.818368544600939,4.38364,0.5691299999999999,0.0498699999999998,1,0.25,0,0.0,0.3556,0.8063,0.502,0.1605,0.6944024,1.34145906,1.89748751,2.32582019,-0.5943043593,-1.1523192947,-0.10082250215,-0.2856304014,1.253577160000001,-2.3604256771999994,0.2256476722,-0.5926381414000002
32,ARG,2.085,0.6218311959439308,3.82439,1.09744,0.1705600000000002,4,0.5,1,0.125,0.0,0.7346,0.9398,0.6914,0.97275061,1.88258358,2.67123441,3.28936639,-0.592485724,-1.1552375819999998,-0.0914061991,-0.260269626,1.3358173630000003,-2.7988915310000007,0.2085242096999999,-0.635121595
33,GLY,0.991,0.5481194690265486,1.0353,0.6158300000000001,0.2011699999999999,1,0.166666666666667,1,0.166666666666667,0.4556,0.0,1.0,0.5062,0.97348161,1.88827204,2.68982593,3.33155575,-0.506239621,-0.986380737,-0.0789305016,-0.2245289683,1.29475982,-2.610413073000001,0.2158147195000001,-0.6339857782999999
34,ARG,1.953,0.5824634655532359,3.79164,1.05659,0.3434100000000002,2,0.285714285714286,1,0.142857142857143,0.0,0.7346,0.9398,0.6914,1.11258113,2.15825609,3.07481615,3.8090745,-0.3306475809999999,-0.6439039140000001,-0.0522164489,-0.1485045589999999,0.981386156,-1.0737612260000002,0.1609944038,-0.2619027024
35,GLY,0.948,0.5243362831858407,1.0644,0.63208,0.2279200000000001,1,0.142857142857143,0,0.0,0.4556,0.0,1.0,0.5062,0.83357166,1.61197212,2.28415936,2.80700964,-0.4925496683,-0.9528406585,-0.0865823036,-0.2448349853,1.8438893329999984,-2.0615552589999995,0.3090808214,-0.5954634414000001
36,GLY,0.596,0.329646017699115,0.89845,0.91346,0.2985400000000001,1,0.166666666666667,0,0.0,0.4556,0.0,1.0,0.5062,0.69424257,1.34022081,1.89346031,2.31674272,-0.52181936,-1.0096161769999998,-0.0920085214,-0.2603615493,1.4127453099999994,-1.327692218,0.2345672693999999,-0.3647228901000001
37,ASP,1.519,0.5665796344647519,2.53532,0.82787,0.3341300000000001,0,0.0,0,0.0,0.1111,0.3239,0.8675,1.0,0.8340098300000001,1.6154065599999998,2.29547172,2.83295264,-0.576198493,-1.12266385,-0.0896845195999999,-0.2550739397,1.651733867999999,-2.805287428,0.2429490159999998,-0.6135137503999997
38,ARG,1.794,0.5350432448553534,3.39967,1.36498,0.19402,0,0.0,0,0.0,0.0,0.7346,0.9398,0.6914,0.8334598800000002,1.61107819,2.2811523,2.79992041,-0.3763268257,-0.7322618181999999,-0.0609235217,-0.1733174772,1.6090433220000009,-2.820242437200001,0.2692164325999999,-0.6690410947999997
39,GLY,0.744,0.411504424778761,0.90381,0.7720100000000001,0.2919899999999999,0,0.0,0,0.0,0.4556,0.0,1.0,0.5062,0.69424683,1.34025214,1.89355586,2.31693867,-0.502963916,-0.97440917,-0.0866143651,-0.245267094,1.648312498,-4.7043411200000005,0.2730672665000001,-1.1507507970000002
40,GLY,1.022,0.5652654867256637,1.0593899999999998,0.63245,0.15355,0,0.0,0,0.0,0.4556,0.0,1.0,0.5062,0.5547316,1.06702638,1.49794646,1.8152453,-0.437579669,-0.8445981949999999,-0.080004252,-0.2259806279999999,1.9560371499999984,-4.869385084000005,0.3747248575000001,-1.333763134
41,PHE,1.361,0.4377613380508202,3.27758,1.46841,0.27959,0,0.0,0,0.0,0.8111,0.783,0.0763,0.037,0.97330866,1.88693322,2.6854747,3.32175808,-0.279110165,-0.5469032345,-0.0389995492499999,-0.1115680174,1.2986549700000003,-2.838202668500001,0.1850928768999999,-0.5871935524000003
42,ARG,2.634,0.7855651655234118,3.66202,0.8701499999999999,-0.1511499999999995,0,0.0,0,0.0,0.0,0.7346,0.9398,0.6914,0.69446319,1.3419361499999998,1.89906139,2.32943764,-0.290250893,-0.558695165,-0.05479322367,-0.1543484092,1.488736497,-3.037658264,0.2665969158999999,-0.8368219147999999
43,GLY,0.573,0.3169247787610619,0.97602,0.82742,0.40758,0,0.0,0,0.0,0.4556,0.0,1.0,0.5062,0.55493704,1.0686302799999998,1.5032069,1.82724034,-0.714436478,-1.384019287,-0.1236535706,-0.3502574422999999,0.7824071440000001,-2.090607452,0.1495234563,-0.592559872
44,GLY,0.761,0.4209070796460177,0.90888,0.79555,0.2514500000000002,0,0.0,0,0.0,0.4556,0.0,1.0,0.5062,0.6946886400000001,1.3437008,1.90486452,2.34271795,-1.01029853,-1.95858964,-0.1714848522999999,-0.485649869,0.62893424,-1.3283312580000002,0.0953332727,-0.3067514729999999
45,ARG,2.15,0.6412168207575305,3.84296,1.24464,-0.0416399999999996,0,0.0,0,0.0,0.0,0.7346,0.9398,0.6914,1.25323051,2.44032921,3.49941731,4.376795560000001,-0.5392489445999998,-1.0371780232999996,-0.10292693616,-0.28978604849,0.431680768,-0.8475725639999998,0.0713358476999999,-0.2212592493
46,GLY,0.379,0.2096238938053097,0.8382999999999999,0.95041,0.4785899999999999,1,0.0625,0,0.0,0.4556,0.0,1.0,0.5062,1.53020344,2.9706218800000004,4.23730452,5.257545300000001,-0.4735403657,-0.9198911552,-0.07863286747,-0.223314661,0.548204699,-1.064657466,0.1008818054,-0.2891025517999999
47,GLY,0.18,0.0995575221238938,0.7963899999999999,1.14194,0.4860600000000001,1,0.0454545454545455,1,0.0454545454545455,0.4556,0.0,1.0,0.5062,1.66735717,3.2255970899999995,4.573688729999999,5.626116659999999,-0.5819120864,-1.1285611530000002,-0.09856645235,-0.2793662855,0.7059581490000002,-1.96312142,0.120805053,-0.497278566
48,GLY,0.484,0.2676991150442477,0.92423,0.93883,0.3851700000000001,0,0.0,0,0.0,0.4556,0.0,1.0,0.5062,1.6696790100000003,3.24355228,4.631996409999999,5.75730368,-0.3544751442999999,-0.689385335,-0.05747179661,-0.1633098203,0.746337376,-1.540907856,0.1185776533,-0.3461160730000001
49,ASP,1.114,0.4155165982842223,2.37749,1.0296499999999995,0.5373500000000002,0,0.0,0,0.0,0.1111,0.3239,0.8675,1.0,1.5313352800000002,2.97950328,4.26659147,5.324812109999999,-0.34226959586,-0.6620631992000001,-0.06045903747,-0.1710042565,1.100807162,-1.1712522878000002,0.1666653586,-0.2791941906000001
50,ARG,2.356,0.7026543393975544,3.8974,0.98715,0.0098500000000004,0,0.0,0,0.0,0.0,0.7346,0.9398,0.6914,0.97276599,1.88267138,2.6714090500000003,3.28941506,-0.5170590815999999,-1.0043088812000005,-0.0854633829499999,-0.2425486296,1.8047669659999988,-1.44185606,0.3038860976,-0.3889170635999999
51,GLY,0.87,0.4811946902654867,1.03742,0.62021,0.31779,0,0.0,0,0.0,0.4556,0.0,1.0,0.5062,0.83394366,1.61487776,2.29369386,2.8287643100000004,-0.5582584117999999,-1.0899649423,-0.0841902302,-0.24005721025,1.8857216319999988,-1.5657591380000009,0.2981113411999999,-0.3753445522
52,GLY,0.86,0.4756637168141592,0.92464,0.78769,0.16031,0,0.0,0,0.0,0.4556,0.0,1.0,0.5062,0.69401132,1.3383997799999998,1.88743226,2.30282667,-0.3902205848999999,-0.7517449954,-0.07333556222,-0.20686179566,2.2332382639999997,-1.151350229,0.4015994648000001,-0.31318904286
53,PHE,2.117,0.6809263428755227,3.59803,0.99453,-0.0025299999999999,0,0.0,0,0.0,0.8111,0.783,0.0763,0.037,1.5319085600000002,2.9839949700000004,4.2813792500000005,5.35870279,-0.4620696819,-0.9034802106,-0.06711769325,-0.19149231167,1.1019652880000002,-1.5933649872000002,0.154961541,-0.34012720174
54,GLY,0.231,0.1277654867256637,0.8778199999999999,1.00817,0.56883,0,0.0,0,0.0,0.4556,0.0,1.0,0.5062,1.6688734,3.23725647,4.61132699,5.71011194,-0.368833294,-0.718439206,-0.0584040458,-0.1662671469999999,1.1009437679999998,-1.913153266,0.165675698,-0.429876944
55,PRO,1.426,0.6394618834080718,2.02102,0.87303,-0.0690299999999999,0,0.0,0,0.0,0.3222,0.3764,0.8594,0.3827,1.11267875,2.1589918599999995,3.0771369600000007,3.81408195,-0.6403415824,-1.2347374471,-0.1185275208599999,-0.33447446701,1.4130662069999995,-1.867489686,0.2324167609000001,-0.4788844379999999
56,GLY,0.504,0.2787610619469026,0.8862300000000001,0.85319,0.45081,0,0.0,1,0.0833333333333333,0.4556,0.0,1.0,0.5062,1.25103975,2.4232625,3.4435657500000003,4.249814949999999,-0.7488817559000001,-1.4530991100999997,-0.12643589377,-0.3586694083,0.90243832,-1.1627567052,0.1514386556999999,-0.3127920052
57,LYS,1.973,0.6333868378812199,2.98963,0.93377,0.2082300000000001,1,0.0833333333333333,1,0.0833333333333333,0.0667,0.6942,0.6867,0.7901,1.1115001400000002,2.14985296,3.04737173,3.74683927,-0.9795827151,-1.8950590855,-0.17217944721,-0.4869037935999998,0.8618951,-1.248257582,0.1549104591,-0.3438458241
58,MET,1.421,0.4765258215962441,2.55009,1.21854,0.3424600000000002,1,0.1,1,0.1,0.7111,0.6196,0.0,0.0988,1.25158006,2.4274319,3.4570731999999995,4.280105829999999,-1.0342950232,-2.0087694261,-0.1715887255849999,-0.4870385952700001,0.7085420840000001,-1.945914416,0.0993532862,-0.393044803
59,ASP,0.857,0.319656844461022,2.04445,1.26801,0.5559900000000002,0,0.0,0,0.0,0.1111,0.3239,0.8675,1.0,0.69430607,1.34070512,1.89500898,2.32015135,-0.8899801658000001,-1.7256971484,-0.1507623308,-0.42708995,0.9006905560000004,-1.6616330925000002,0.1647617237,-0.4743354518
60,SER,1.272,0.5845588235294117,1.5804900000000002,0.62894,0.2750600000000001,0,0.0,0,0.0,0.4111,0.1877,0.8514,0.5309,0.55490336,1.06836706,1.50234273,1.82526734,-0.549501182,-1.06295713,-0.0971510972,-0.274839896,1.0184358299999998,-2.448715776,0.184887346,-0.661066092
61,ARG,2.233,0.6659707724425887,3.77458,1.13795,-0.0179499999999999,0,0.0,0,0.0,0.0,0.7346,0.9398,0.6914,0.69422593,1.34008347,1.89298393,2.31557644,-0.4605784389999999,-0.89793926,-0.0713100926,-0.203039203,1.0207455850000005,-2.0689038639999997,0.1663298986,-0.4941669934
62,GLY,0.851,0.4706858407079646,0.98728,0.7293499999999999,0.2276500000000001,0,0.0,0,0.0,0.4556,0.0,1.0,0.5062,0.5549693,1.06888297,1.50403853,1.82914495,-0.403157798,-0.7769323840000001,-0.0750095264,-0.211509433,1.2916045289999998,-3.63724806,0.2421346325000001,-1.0172558929999995
63,GLU,1.787,0.6550586510263929,3.0562,0.81907,0.1219300000000003,0,0.0,0,0.0,0.1111,0.4884,0.8112,0.9136,0.5547657800000001,1.06729313,1.4988213900000005,1.81724089,-0.4788172339999999,-0.92688942,-0.084050493,-0.238009516,1.096837968,-3.14599713,0.1993296895,-0.8288769790000002
64,HIS,1.634,0.5909584086799275,3.15064,1.10486,0.0261400000000002,0,0.0,0,0.0,0.1444,0.561,0.1124,0.679,0.5549351199999999,1.06861622,1.5031636,1.82714936,-0.500641799,-0.96757956,-0.0896851972,-0.253538633,0.8615370200000001,-2.187385786000001,0.157569108,-0.5941161099999999
65,ARG,2.101,0.6266030420518938,3.73228,1.11135,0.1406500000000001,0,0.0,0,0.0,0.0,0.7346,0.9398,0.6914,0.6944922,1.34216397,1.89981363,2.33116895,-0.458998094,-0.8883485900000001,-0.0799141162,-0.2260061415,0.3136669180000001,-0.7612828400000001,0.054734133,-0.19452048
66,GLN,1.032,0.3589565217391304,2.7635500000000004,1.42487,0.4181300000000001,0,0.0,0,0.0,0.1111,0.5388,0.7952,0.6914,0.83390395,1.61458247,2.29277666,2.82683105,-0.3995160819999999,-0.7784653370000001,-0.0621567145,-0.176804543,0.274035488,-0.7932296780000001,0.051030199,-0.21494967
67,ASP,1.209,0.4509511376352108,2.33509,0.95067,0.5213299999999998,0,0.0,0,0.0,0.1111,0.3239,0.8675,1.0,0.6943155,1.34077531,1.8952262,2.32060649,-0.474354784,-0.920888435,-0.0789859997,-0.22402832,0.235018768,-0.7294146300000002,0.0428439116,-0.193524706
68,ARG,2.124,0.6334625708320907,3.72924,1.24008,-0.0110799999999999,0,0.0,0,0.0,0.0,0.7346,0.9398,0.6914,0.83357515,1.61202513,2.28442312,2.80788839,-0.411637367,-0.8027889340000001,-0.0633407438,-0.1804172799999999,0.236033596,-0.7194280339999999,0.0342886568,-0.154177216
69,ARG,2.691,0.80256486728303,4.1229700000000005,0.6516000000000001,0.0104000000000002,0,0.0,0,0.0,0.0,0.7346,0.9398,0.6914,0.69446505,1.34195014,1.89910453,2.32952691,-0.45221163,-0.8754584889999999,-0.0783935528,-0.2217532779999999,0.274701815,-0.754188784,0.045319739,-0.178386354
70,GLU,1.159,0.4248533724340175,2.79555,1.20321,0.36579,0,0.0,0,0.0,0.1111,0.4884,0.8112,0.9136,0.97337633,1.88746505,2.68722995,3.32579332,-0.1561391479999999,-0.3059459249999999,-0.0217760984,-0.062284326,0.2753162939999999,-0.504514854,0.0405683038,-0.1042993
71,ARG,2.093,0.6242171189979123,3.61522,1.14242,0.1175800000000002,0,0.0,1,0.25,0.0,0.7346,0.9398,0.6914,0.6942126500000001,1.33998539,1.89268093,2.31494308,-0.306369194,-0.592566786,-0.0536033402,-0.151441788,0.3529551030000001,-0.7199639680000001,0.060207918,-0.193404851
72,PRO,1.545,0.6928251121076233,1.79359,0.7918000000000001,-0.1068,0,0.0,1,0.5,0.3222,0.3764,0.8594,0.3827,0.41557287,0.79660434,1.1116039,1.33490193,-0.337321253,-0.651890675,-0.060579074,-0.171275723,0.274035488,-0.71003915,0.051030199,-0.1922208389999999
73,TYR,2.415,0.7086267605633804,4.78829,0.73935,0.2536499999999999,0,0.0,1,1.0,0.3556,0.8063,0.502,0.1605,0.41681199,0.80620022,1.14281658,1.4052915,-0.361086145,-0.705784014,-0.0531727352999999,-0.151759048,0.275206918,-0.8485669299999999,0.04158154,-0.187167528
