1,GLY,1.414,0.7820796460176991,0.94452,0.45489,-0.0608899999999998,0,0.0,0,0.0,0.4556,0.0,1.0,0.5062,0.5565825799999999,1.08141088,1.54490695,1.92167278,-0.20147552906,-0.39172530665,-0.03272348516,-0.0929360915199999,2.788740926000004,-0.8287221320999995,0.4397399606999992,-0.1766944591199999
2,PRO,1.548,0.694170403587444,2.11248,0.7241500000000001,-0.0421500000000001,1,0.166666666666667,1,0.166666666666667,0.3222,0.3764,0.8594,0.3827,0.8340424,1.6156494,2.29622761,2.83455058,-0.47414154,-0.929001702,-0.066308783,-0.189675187,2.4397655620000007,-4.935029237999999,0.3493078677999996,-1.0250886280000004
3,GLY,0.555,0.3069690265486726,0.82627,0.94658,0.3064200000000001,1,0.111111111111111,1,0.111111111111111,0.4556,0.0,1.0,0.5062,0.8326713699999999,1.60495354,2.26117509,2.7547088800000004,-0.5221144104,-1.01723818,-0.0823482016,-0.2344719837,2.433986028000002,-4.395300075,0.4008460746999994,-1.0368676100000007
4,GLY,1.093,0.6045353982300885,1.01582,0.60193,0.1130700000000001,0,0.0,1,0.2,0.4556,0.0,1.0,0.5062,0.83423723,1.61718487,2.30131505,2.84631055,-0.5522062426000001,-1.0780705486,-0.08307003541,-0.2367727500299999,2.4352423480000014,-4.6788860612,0.3847790148000002,-1.1132752480000006
5,GLY,0.76,0.4203539823008849,0.9237,0.7334700000000001,0.31453,0,0.0,1,0.166666666666667,0.4556,0.0,1.0,0.5062,0.83349578,1.61139774,2.28233851,2.80305119,-0.42561815077,-0.8228418652000001,-0.0757999438699999,-0.214324681,2.627301784,-1.8638217175999976,0.4509480572000001,-0.5193956384000004
6,PRO,0.954,0.4278026905829596,1.9348,1.0110900000000005,0.2649099999999997,2,0.2,2,0.2,0.3222,0.3764,0.8594,0.3827,1.3913405500000002,2.7025622,3.85889643,4.79586954,-0.72143715965,-1.4082885907,-0.107268765474,-0.3053156632719999,3.9301445960000048,-5.852587773999997,0.5953216682000004,-1.3790258173200016
7,GLY,0.39,0.2157079646017699,0.71774,0.95388,0.4641200000000001,1,0.0833333333333333,1,0.0833333333333333,0.4556,0.0,1.0,0.5062,1.67094924,3.25350095,4.66473736,5.832303349999998,-1.1205995621440004,-2.18915696628,-0.1675194504259999,-0.478027163583,3.698256100000003,-5.2746400254000045,0.5373774578000015,-1.1436009744999989
8,GLY,0.8,0.4424778761061947,0.92394,0.7337100000000001,0.2742899999999999,1,0.125,1,0.125,0.4556,0.0,1.0,0.5062,0.97330892,1.88692404,2.6854051200000004,3.32147671,-1.2553152648,-2.437053431,-0.2089685150199999,-0.59271752516,4.318353745999999,-6.994465930000008,0.7030545372000006,-1.6781114876000007
9,SER,1.175,0.5399816176470588,1.64478,0.8050000000000002,0.1959999999999999,0,0.0,0,0.0,0.4111,0.1877,0.8514,0.5309,1.25232958,2.43326344,3.47613109,4.32335413,-1.1147521852,-2.1707014733999994,-0.1775501465399999,-0.5052760932,6.796468240999998,-5.071060500000006,1.0702161527000007,-1.28681636286
10,HIS,0.412,0.149005424954792,2.35088,1.85136,0.5016400000000001,1,0.0588235294117647,0,0.0,0.1444,0.561,0.1124,0.679,1.5297763600000005,2.96733362,4.22668232,5.23382558,-1.1782817045999996,-2.3002347624999997,-0.1787430272,-0.5097842092999999,4.359232656999992,-3.813582907199998,0.704405402499999,-0.9412149381
11,MET,2.033,0.6817572099262239,2.24644,0.7697299999999999,0.1792700000000003,0,0.0,0,0.0,0.7111,0.6196,0.0,0.0988,0.97353921,1.88873821,2.69141284,3.33535331,-0.9444247468000002,-1.8354241270000005,-0.15346302172,-0.4354136924999998,5.377651302999991,-6.304283771000002,0.8771277110999999,-1.5385688442
12,GLY,0.771,0.4264380530973451,1.02568,0.66001,0.3769899999999999,1,0.142857142857143,0,0.0,0.4556,0.0,1.0,0.5062,1.25287375,2.4375502199999994,3.49032524,4.356133590000001,-0.99024783875,-1.92809270528,-0.156796497403,-0.445885846806,4.796094766000008,-5.293714486979999,0.7205792167000005,-1.362291186476002
13,GLY,0.354,0.1957964601769911,0.7698,0.96846,0.4855400000000002,6,0.260869565217391,0,0.0,0.4556,0.0,1.0,0.5062,1.52844924,2.95697967,4.19274598,5.156511310000001,-1.1614850266499996,-2.2496746752000005,-0.20171641791,-0.57137972343,2.9017105080000016,-3.539095263900001,0.5059059729999997,-0.9171096538299996
14,ASN,0.62,0.2535787321063394,2.18138,1.19487,0.6301299999999996,9,0.428571428571429,0,0.0,0.1111,0.3976,0.6747,0.8272,1.9485724,3.78894778,5.419800689999999,6.753055000000001,-1.02380718833,-1.98819577925,-0.1704642979009999,-0.48389480843,2.434395314999999,-3.222619893700001,0.3961375828999999,-0.7890076166700002
15,TYR,0.743,0.2180164319248826,3.24919,1.91762,0.7473800000000002,14,0.482758620689655,1,0.0344827586206897,0.3556,0.8063,0.502,0.1605,1.80816648,3.50875014,5.00125983,6.198870610000001,-1.4758464473,-2.8531747589,-0.26415360117,-0.7472268694999998,2.5509291510000014,-4.194198979500001,0.4273133890999994,-1.0534952592000009
16,GLY,0.06,0.0331858407079646,0.58539,1.07201,0.6759899999999999,7,0.333333333333333,2,0.0952380952380952,0.4556,0.0,1.0,0.5062,2.08822143,4.06322732,5.818894720000001,7.262776769999999,-1.3233418374,-2.5758121432000007,-0.20996445225,-0.5966884478000001,2.5532142920000025,-4.138962919,0.4026081178000007,-1.0228883349999998
17,ASP,0.83,0.30958597538232,2.0839,1.23252,0.6184799999999999,5,0.555555555555556,3,0.333333333333333,0.1111,0.3239,0.8675,1.0,1.5317960000000002,2.98312942,4.278587679999999,5.35248532,-0.9030664542999998,-1.754586138,-0.1478605286099999,-0.4195514350400001,5.148652489999995,-3.842856984999999,0.786231975000001,-1.015305016000001
18,ASP,1.639,0.6113390525923162,2.38278,0.6353599999999999,0.4066400000000001,3,0.428571428571429,3,0.428571428571429,0.1111,0.3239,0.8675,1.0,1.11351444,2.16553642,3.09867044,3.86339502,-0.7927569035,-1.5396628884,-0.1308386973099999,-0.3711557810399999,2.5920562460000016,-4.078192934800001,0.4101495053000004,-1.0700973082399992
19,ARG,1.354,0.4038174768863704,3.46403,1.54971,0.4492900000000002,1,0.142857142857143,3,0.428571428571429,0.0,0.7346,0.9398,0.6914,0.97288745,1.88362642,2.67456494,3.29668293,-0.8179125638,-1.5966364461999996,-0.1243037073299999,-0.3545171276999999,2.317439009000001,-3.433735855900002,0.3684826524000003,-0.7581243855999998
20,ARG,2.498,0.7450044736057262,3.80871,0.6572399999999999,0.19776,0,0.0,2,0.5,0.0,0.7346,0.9398,0.6914,0.69464741,1.34338097,1.90382256,2.34036363,-0.6799453465999998,-1.317394897,-0.11617433023,-0.32877968,3.4921489840000013,-5.136308693000002,0.5808506030000004,-1.3137646593999992
21,GLY,0.67,0.370575221238938,0.87101,0.8251999999999999,0.3127999999999999,1,0.142857142857143,2,0.285714285714286,0.4556,0.0,1.0,0.5062,1.11336435,2.16438042,3.09493664,3.855059330000001,-0.298286834,-0.577218988,-0.05184570981,-0.14655073396,6.086235743999997,-4.2212272609999975,0.9737106627999992,-1.1212638923400002
22,GLY,0.524,0.2898230088495575,0.9322,0.94933,0.3346700000000001,5,0.3125,4,0.25,0.4556,0.0,1.0,0.5062,1.53041849,2.9723462,4.24312003,5.2712997800000005,-0.6055423988,-1.1868593662,-0.08421350524,-0.2409932041599999,2.755804185000004,-3.8531925322,0.3825468826999995,-0.7924895270599996
23,ARG,2.523,0.7524604831494184,3.92891,0.8520300000000001,-0.0220299999999999,2,0.181818181818182,1,0.0909090909090909,0.0,0.7346,0.9398,0.6914,0.97314195,1.88561853,2.6811172400000003,3.31168205,-0.7051685936999998,-1.3703860319,-0.1144751726199999,-0.32472056,2.595161175999999,-3.2527982359999994,0.3869494683999998,-0.7017678332000005
24,GLY,0.886,0.4900442477876106,0.89569,0.7686299999999999,0.1533700000000001,2,0.333333333333333,1,0.166666666666667,0.4556,0.0,1.0,0.5062,0.83379473,1.61371958,2.28991122,2.82018866,-0.8599118038000001,-1.6755439313000002,-0.13512776289,-0.3847174793999999,3.924145065999993,-5.683916462599994,0.6550757385000001,-1.3434842336
25,GLY,0.723,0.3998893805309734,0.93484,0.82579,0.2592099999999999,3,0.333333333333333,1,0.111111111111111,0.4556,0.0,1.0,0.5062,0.97307755,1.88512685,2.67954405,3.30821656,-0.7366589052,-1.4278346258999997,-0.12567074265,-0.35592702976,5.262605751999993,-6.541385290199988,0.8394941005000002,-1.6398657484600003
26,TYR,1.587,0.465669014084507,3.76215,1.22671,0.59429,7,0.5,3,0.214285714285714,0.3556,0.8063,0.502,0.1605,1.5303309500000002,2.9716450999999995,4.24075774,5.26571983,-0.6229247137999999,-1.2000021695,-0.1169218600999999,-0.3297404805,3.644483535999997,-5.278760006499999,0.6498159341000014,-1.5157845145999993
27,ASP,0.572,0.2133532264080566,2.28823,1.33919,0.7698099999999999,3,0.1875,1,0.0625,0.1111,0.3239,0.8675,1.0,1.94897152,3.79206756,5.43003901,6.77641332,-1.1215953517000004,-2.1887878100000004,-0.1704940616399999,-0.4858570213999999,2.909196618,-5.320502093999997,0.4414559000999999,-1.1787598987
28,ARG,1.901,0.566954965702356,3.67669,1.14254,0.30946,2,0.25,1,0.125,0.0,0.7346,0.9398,0.6914,1.2518442200000002,2.42947777,3.46372937,4.29511987,-1.3535244716,-2.6314927256,-0.22038508836,-0.6259920919400003,2.474579735999999,-3.715971386499998,0.3941479099000001,-0.8509316310199997
29,GLY,0.685,0.3788716814159292,0.8514,0.7332099999999999,0.3897900000000001,3,0.375,0,0.0,0.4556,0.0,1.0,0.5062,0.97347974,1.88825759,2.68977883,3.3314495499999994,-1.3518546708000003,-2.6254381609,-0.22385012937,-0.6351849184999999,2.4743777919999967,-2.2484774697999987,0.3931223200000001,-0.6100282788999998
30,GLY,0.795,0.439712389380531,0.91094,0.7141099999999999,0.29889,4,0.4,0,0.0,0.4556,0.0,1.0,0.5062,1.25253369,2.43487108,3.481453,4.335640539999999,-1.7426878188999997,-3.3968463787000003,-0.27074542637,-0.77069183715,2.2007606460000004,-2.2106449442,0.3378468727999998,-0.5884921709200003
31,TYR,0.754,0.221244131455399,3.08262,1.97127,0.6827300000000001,14,0.7,0,0.0,0.3556,0.8063,0.502,0.1605,1.66903372,3.2385212300000004,4.61551638,5.71978744,-1.7947506670999995,-3.4860736366,-0.2971078788299999,-0.8433029994,2.0414308079999994,-3.0052318639999998,0.3354114645999995,-0.7084143060000004
32,ARG,0.929,0.2770653146436027,2.8863600000000003,1.98132,0.4426800000000002,8,0.307692307692308,0,0.0,0.0,0.7346,0.9398,0.6914,2.22724744,4.33260057,6.20175636,7.735061959999999,-1.3840791606000005,-2.6855121895,-0.23128869125,-0.65539620956,2.117139663,-3.7397195703,0.3659303289999999,-1.0572805729199988
33,GLY,0.508,0.2809734513274336,0.8951399999999999,0.92242,0.3775799999999999,7,0.25,0,0.0,0.4556,0.0,1.0,0.5062,2.2269567,4.33029303,6.19405421,7.717082760000001,-1.1236165532,-2.187893592,-0.1784643674,-0.5077103857,1.766115555999998,-1.3346271629999995,0.2919602347999999,-0.3580926017999998
34,ARG,1.282,0.3823441694005368,3.15355,1.7624099999999998,0.3085900000000003,7,0.259259259259259,0,0.0,0.0,0.7346,0.9398,0.6914,1.80828551,3.50969452,5.0044113800000005,6.20622518,-1.4493444410399998,-2.816246619,-0.23814578362,-0.6761254111999999,2.0414503539999997,-1.8084438562,0.3351598423999997,-0.4815772794999999
35,GLY,0.697,0.385508849557522,0.8863800000000001,0.7815,0.3295000000000002,2,0.125,0,0.0,0.4556,0.0,1.0,0.5062,1.39120937,2.70152436,3.855443380000001,4.78784398,-1.2069068802999998,-2.3496803995000004,-0.1923400164299999,-0.54713882678,4.200836958000003,-4.545451106999995,0.6832563447999987,-1.1423367766000003
36,GLY,0.635,0.351216814159292,0.8443999999999999,0.78264,0.39036,1,0.1,0,0.0,0.4556,0.0,1.0,0.5062,0.8336182000000001,1.61235969,2.28551502,2.8103597700000003,-1.448484708,-2.810573365,-0.24232390053,-0.6868141958999999,4.077518007999997,-7.633234541000004,0.7049905397999997,-1.9623825692000016
37,ASP,0.985,0.3674002237970906,2.37417,1.06685,0.6291500000000001,0,0.0,0,0.0,0.1111,0.3239,0.8675,1.0,0.972414,1.87994241,2.6625256000000004,3.26936545,-1.4677087582000004,-2.8549052979,-0.2377426833599999,-0.6758532911,3.923766813999995,-7.029772111999997,0.6641355737999988,-1.7276189839999998
38,ARG,2.178,0.6495675514464658,3.92244,1.09992,0.0750800000000002,0,0.0,0,0.0,0.0,0.7346,0.9398,0.6914,1.25197742,2.43050544,3.4670553500000008,4.30256621,-1.4253291222000002,-2.7790603437,-0.22106500293,-0.6296572748299999,4.087158806999997,-7.614577299999995,0.6360120479999992,-1.734383211300001
39,GLY,0.377,0.2085176991150442,0.99212,0.93001,0.50099,1,0.142857142857143,0,0.0,0.4556,0.0,1.0,0.5062,1.11269363,2.159114,3.07755951,3.81511428,-0.70796946662,-1.3629574132100002,-0.1339656368789999,-0.3775933327299999,4.000263032999998,-5.5046407454,0.6826994274000006,-1.6267934132900002
40,GLY,0.127,0.0702433628318584,0.7215,1.0098699999999998,0.6711300000000002,3,0.166666666666667,0,0.0,0.4556,0.0,1.0,0.5062,1.3893073800000002,2.68679881,3.80756165,4.67991806,-0.635960234,-1.235652812,-0.1045267341,-0.2967192527,3.416008403999999,-7.174911107000007,0.5507904020999999,-1.7677715169999997
41,PHE,1.707,0.5490511418462528,3.48068,1.31503,0.0869699999999999,1,0.0833333333333333,0,0.0,0.8111,0.783,0.0763,0.037,1.11182903,2.15233363,3.05521244,3.76382319,-0.4457076758200001,-0.8633729073000002,-0.0771787620299999,-0.21858733245,4.116597894000001,-7.860996686280009,0.7211230368000012,-2.048003429609998
42,ARG,1.979,0.5902177154786759,3.603450000000001,1.14925,0.2247500000000002,1,0.0833333333333333,1,0.0833333333333333,0.0,0.7346,0.9398,0.6914,1.11198836,2.15362176,3.05959412,3.77429639,-0.5400284985000001,-1.055836949,-0.0792976855999999,-0.2264288652,4.128980085000004,-9.683569425000009,0.6169640210999993,-2.0638384574999997
43,GLY,0.872,0.4823008849557522,0.95978,0.66206,0.2739400000000001,1,0.125,1,0.125,0.4556,0.0,1.0,0.5062,0.97351585,1.88855282,2.69079261,3.33390207,-0.54623859746,-1.06428863747,-0.085050564973,-0.24190222886,2.9483183249999976,-6.196212335999999,0.4463832957,-1.3698715842000018
44,GLY,0.908,0.5022123893805309,0.95012,0.64118,0.25882,2,0.166666666666667,1,0.0833333333333333,0.4556,0.0,1.0,0.5062,1.11207166,2.15425355,3.06160017,3.77866651,-0.5565660598000001,-1.0804109252999998,-0.09271488015,-0.26293409137,3.062411732999999,-7.1942388960000025,0.4985490389999998,-1.741915996800001
45,ARG,1.759,0.5246048314941842,3.62675,1.33085,0.2631500000000002,4,0.2,1,0.05,0.0,0.7346,0.9398,0.6914,1.3892681,2.686439130000001,3.80620937,4.67631939,-0.555511113,-1.085445702,-0.0820350659,-0.2339860869999999,3.419378165999992,-7.420297035000001,0.5226350639999998,-1.6446873099999997
46,GLY,0.806,0.4457964601769911,0.92561,0.79495,0.2070499999999999,3,0.2,0,0.0,0.4556,0.0,1.0,0.5062,1.39017914,2.6935411799999995,3.82945853,4.72918904,-0.4945604116,-0.9601869655,-0.082345356,-0.2335942124,3.4120747260000006,-5.894500598,0.5853519630000003,-1.4651120126000003
47,GLY,0.866,0.4789823008849557,0.97443,0.75864,0.18336,1,0.1,0,0.0,0.4556,0.0,1.0,0.5062,1.39110575,2.70070405,3.85271217,4.78149134,-0.45586656713,-0.8838874387,-0.0774423498949999,-0.21941761129,2.35258467,-3.331991932500001,0.4100248824000001,-0.9067613324400006
48,GLY,0.874,0.4834070796460177,1.02462,0.7108,0.2232,0,0.0,1,0.2,0.4556,0.0,1.0,0.5062,0.8341601200000001,1.6165757099999998,2.29929056,2.84161167,-0.8313554552799999,-1.6034524980000002,-0.152453753991,-0.43003242504,1.6493878319999995,-2.5119409790000007,0.2629204851000001,-0.6641437931999997
49,ASP,1.542,0.5751585229392018,2.54761,0.8192200000000001,0.3197799999999999,0,0.0,1,0.166666666666667,0.1111,0.3239,0.8675,1.0,0.8340775199999999,1.6159228199999998,2.29712136,2.83657965,-0.8479139697,-1.649801057,-0.1353151111999999,-0.3843899067999999,1.530207266999999,-3.5038984159999997,0.2554127027999999,-0.9032113894000002
50,ARG,2.359,0.7035490605427974,3.89144,0.83926,0.1547400000000002,0,0.0,1,0.25,0.0,0.7346,0.9398,0.6914,0.8337880700000001,1.61367057,2.28976126,2.81987904,-0.902349301,-1.7645599550000002,-0.1315078744999999,-0.3754422024,1.532984486000001,-3.543984383999999,0.2339001470999999,-0.791349034
51,GLY,0.82,0.4535398230088495,1.04486,0.65293,0.3350700000000001,0,0.0,0,0.0,0.4556,0.0,1.0,0.5062,0.69468207,1.3436511799999995,1.90470832,2.34238194,-0.6356325610000001,-1.2366049369999998,-0.1019027972999999,-0.2895103825,0.90282693,-1.9623862059999992,0.1478054250999999,-0.4898258140000001
52,GLY,0.685,0.3788716814159292,0.93744,0.8610499999999999,0.2619500000000001,1,0.166666666666667,0,0.0,0.4556,0.0,1.0,0.5062,0.6939486800000001,1.33790857,1.88581412,2.2991147300000003,-0.5816802160000001,-1.1201376449999998,-0.1095366851,-0.3087660875,0.900841257,-1.658511991,0.1644956935,-0.4532300430000001
53,PHE,1.798,0.5783210035381152,3.5761900000000004,1.3074100000000002,0.0035899999999997,1,0.142857142857143,2,0.285714285714286,0.8111,0.783,0.0763,0.037,1.3924458,2.7111963,3.88723199,4.860534479999999,-0.5561475309999999,-1.091312223,-0.0751239869,-0.2151909379999999,0.8270720259999998,-1.8011186999999995,0.1114148082,-0.3543844860000001
54,GLY,0.488,0.2699115044247787,0.93354,0.76272,0.5572800000000001,2,0.25,2,0.25,0.4556,0.0,1.0,0.5062,0.97320695,1.88612667,2.6827853800000003,3.31548952,-0.6767052610000001,-1.3155329250000003,-0.1098166983,-0.311770125,2.0789315159999977,-5.050112887000002,0.350499463,-1.2805838862
55,PRO,1.697,0.7609865470852019,1.5861,0.6732400000000001,-0.1402400000000001,1,0.2,1,0.2,0.3222,0.3764,0.8594,0.3827,0.6942433599999999,1.34021417,1.89339274,2.31644772,-0.7350885089999998,-1.4276075020000003,-0.1220436786,-0.3463796296999999,1.1384128260000006,-3.020043624,0.1875752507,-0.7345672060999999
56,GLY,1.028,0.5685840707964602,1.01774,0.66322,0.11678,1,0.166666666666667,1,0.166666666666667,0.4556,0.0,1.0,0.5062,0.69421018,1.33995413,1.89253683,2.31448658,-0.639022354,-1.24053164,-0.1067286632999999,-0.3027887999999999,1.1391795859999998,-2.476608331,0.1802153387999999,-0.5670778080000001
57,LYS,1.236,0.3967897271268057,2.79317,1.4010900000000002,0.47791,1,0.111111111111111,2,0.222222222222222,0.0667,0.6942,0.6867,0.7901,1.11226468,2.15575952,3.06653887,3.78992807,-0.504107148,-0.981588684,-0.0796922779,-0.2266251876999999,1.4538127639999991,-2.853246721000001,0.2269115542999999,-0.6549590254
58,MET,1.606,0.5385647216633133,2.68509,1.06821,0.30779,0,0.0,0,0.0,0.7111,0.6196,0.0,0.0988,1.25208342,2.4313586,3.4699439200000004,4.309430819999999,-0.349580714,-0.685119001,-0.0487546999,-0.1395217774,1.25949414,-1.805388659,0.1779837399999999,-0.3764096509999999
59,ASP,1.524,0.5684446102200671,2.47333,0.6797,0.4773,0,0.0,0,0.0,0.1111,0.3239,0.8675,1.0,0.83417548,1.61670084,2.29972022,2.84265074,-0.5639794616999999,-1.094702786,-0.0937207625,-0.2656734391999999,1.102494314,-1.3463630249999998,0.15097001,-0.2881285433999999
60,SER,0.923,0.424172794117647,1.48111,0.95996,0.2930400000000001,0,0.0,0,0.0,0.4111,0.1877,0.8514,0.5309,0.69398104,1.33817568,1.88674117,2.3013859,-0.746498264,-1.444515326,-0.1312781256,-0.371500783,0.7824266980000003,-1.99053662,0.149537964,-0.563499108
61,ARG,2.154,0.6424097822845213,3.93254,1.0257,0.1733000000000002,0,0.0,0,0.0,0.0,0.7346,0.9398,0.6914,0.97341006,1.88771271,2.68798866,3.32735861,-0.6871572120000001,-1.3407039049999998,-0.1049371921,-0.2990166504999999,0.5499082830000002,-1.5201355599999995,0.0871699827,-0.347111372
62,GLY,0.571,0.3158185840707964,0.92031,0.8733599999999999,0.3636400000000002,0,0.0,0,0.0,0.4556,0.0,1.0,0.5062,0.97383921,1.89108077,2.69909723,3.35287994,-0.722974188,-1.4120913990000004,-0.1065957733,-0.303638828,1.0600034489999997,-2.734824756,0.1708847079000001,-0.6496050100000001
63,GLU,1.831,0.6711876832844574,2.83992,0.78565,0.1113500000000002,0,0.0,0,0.0,0.1111,0.4884,0.8112,0.9136,0.69440146,1.34145205,1.8974659300000003,2.32577569,-0.5392630151,-1.044397173,-0.093264452,-0.2640008205999999,1.0187802160000003,-2.29763562,0.182760459,-0.6052782090000003
64,HIS,1.51,0.5461121157323688,3.0694099999999995,1.00974,0.24526,0,0.0,0,0.0,0.1444,0.561,0.1124,0.679,0.69440146,1.3414520499999998,1.89746593,2.32577569,-0.499755907,-0.971272415,-0.0818539199,-0.232431676,1.0208341039999995,-1.597528443,0.1645812356,-0.3851474301999998
65,ARG,2.975,0.8872651356993737,4.0482,0.72462,-0.3466199999999999,0,0.0,0,0.0,0.0,0.7346,0.9398,0.6914,0.83415964,1.61657211,2.29927917,2.84158694,-0.352782274024,-0.684623879626,-0.0583954858806999,-0.165389032632,0.628183976,-1.163996248,0.1009927556,-0.288096232
66,GLN,1.096,0.3812173913043478,2.784,1.2582300000000002,0.5207699999999997,0,0.0,0,0.0,0.1111,0.5388,0.7952,0.6914,0.9732144900000002,1.88619812,2.68306294,3.31625515,-0.522004076,-1.01971108,-0.0773349213,-0.220472516,0.8240599520000002,-2.3537600800000003,0.1370114194,-0.56564974
67,ASP,1.689,0.6299888101454681,2.68043,0.63085,0.3611499999999999,0,0.0,0,0.0,0.1111,0.3239,0.8675,1.0,0.69455106,1.34262687,1.90134318,2.3346915,-0.5399017250000001,-1.0497694600000005,-0.0870026039999999,-0.246947198,0.5869502220000001,-1.7131268900000003,0.1109714181,-0.478820604
68,ARG,2.024,0.6036385326573218,3.54904,1.22909,0.0999100000000001,0,0.0,0,0.0,0.0,0.7346,0.9398,0.6914,0.69403848,1.33862796,1.88823746,2.30483744,-0.4279790029999999,-0.830652686,-0.0719307733,-0.204096145,0.5891964999999999,-1.235814777,0.0938169275999999,-0.29105538
69,ARG,2.319,0.6916194452728899,3.89709,0.84577,0.1882300000000002,0,0.0,1,0.2,0.0,0.7346,0.9398,0.6914,0.6942233900000001,1.34005253,1.89284259,2.31513127,-0.338285982,-0.6538102990000001,-0.0603925721,-0.1706745267,0.7456775080000002,-0.8379408090000002,0.1237510577,-0.1942284638
70,GLU,1.429,0.5238269794721407,2.81628,1.07965,0.2193500000000001,0,0.0,2,0.4,0.1111,0.4884,0.8112,0.9136,0.97383826,1.89107357,2.69907449,3.35283035,-0.0520858516879999,-0.1021889424799999,-0.0070514163272999,-0.020192745251,0.7482313560000001,-0.34788066896,0.1012967919999999,-0.069475311684
71,ARG,2.37,0.7068297047420221,3.8895,0.93438,0.0486200000000001,0,0.0,2,0.5,0.0,0.7346,0.9398,0.6914,0.55469415,1.06673526,1.49699656,1.81309509,-0.34448033,-0.662312515,-0.0661930947,-0.186348384,0.313051716,-0.8626045019999999,0.059216134,-0.243566501
72,PRO,1.371,0.614798206278027,1.50551,0.8059799999999999,0.05302,0,0.0,1,0.333333333333333,0.3222,0.3764,0.8594,0.3827,0.41560705,0.79687109,1.11247883,1.33689752,-0.316583909,-0.613836669,-0.054173828,-0.153603995,0.274074052,-0.8425019119999999,0.0506936169999999,-0.227204981
73,TYR,3.014,0.8843896713615023,5.1257600000000005,0.4028299999999999,-0.0088299999999998,0,0.0,0,0.0,0.3556,0.8063,0.502,0.1605,0.4168949899999999,0.80684226,1.14490182,1.40998272,-0.28330943,-0.555138264,-0.0396532016,-0.113452008,0.275269211,-0.76981379,0.0411688351,-0.165537348
