1,GLY,0.869,0.4806415929203539,0.98558,0.6899700000000001,0.2490299999999999,1,0.0555555555555556,0,0.0,0.4556,0.0,1.0,0.5062,1.94915074,3.7934636999999993,5.434620799999999,6.786882759999999,-1.3120116004300002,-2.5537817717000006,-0.208471609894,-0.5925665441400001,7.425488219999973,-11.321152997499995,1.1593403081000002,-2.5365437941999978
2,PRO,0.925,0.4147982062780269,1.77744,1.15275,0.15225,6,0.260869565217391,1,0.0434782608695652,0.3222,0.3764,0.8594,0.3827,1.39044732,2.69554384,3.83571904,4.74253011,-1.9666212387999995,-3.8191398033,-0.32835096656,-0.9323204789000002,6.795624000999995,-9.999134527799994,1.0832824331000013,-2.352222735300004
3,GLY,0.66,0.3650442477876106,0.93717,0.74934,0.3986600000000001,4,0.2,1,0.05,0.4556,0.0,1.0,0.5062,1.5300557000000004,2.9695287500000003,4.2339297700000005,5.250498049999999,-1.5846684380200005,-3.06661718024,-0.278224184938,-0.7873443247999999,5.182876944999996,-5.271174408549999,0.8425064293999983,-1.38031151545
4,GLY,0.113,0.0625,0.6827200000000001,0.96285,0.7321500000000001,4,0.111111111111111,0,0.0,0.4556,0.0,1.0,0.5062,2.366191810000001,4.6013683,6.58273632,8.20336495,-1.0638487240100003,-2.0648165733500004,-0.178380610589,-0.5060163330599999,6.64195134499999,-9.319646368150003,1.0234028555999986,-2.214324054100001
5,GLY,0.0,0.0,0.6241599999999999,1.0312099999999995,0.7767900000000003,6,0.107142857142857,0,0.0,0.4556,0.0,1.0,0.5062,2.64210272,5.123463799999999,7.294062949999999,9.02454362,-1.268434725,-2.473779174,-0.1957019395,-0.5575606654999998,6.64258129399999,-12.650660089,1.0212880740000003,-2.9295248629999984
6,PRO,0.531,0.2381165919282511,1.6172300000000002,1.36908,0.32992,8,0.242424242424242,0,0.0,0.3222,0.3764,0.8594,0.3827,2.22587078,4.32181015,6.16621679,7.65356441,-1.3376362227,-2.6037114853000003,-0.21346694279,-0.6070279869999998,6.522173274999992,-12.2096087483,1.0239976880000008,-2.843726745579998
7,GLY,0.616,0.3407079646017699,0.92832,0.8508,0.3412000000000001,8,0.421052631578947,0,0.0,0.4556,0.0,1.0,0.5062,1.80994466,3.52262414,5.0467341,6.30247044,-1.2079556133999998,-2.3370674283000006,-0.21232675111,-0.60056061724,7.615789326000007,-9.19532246480001,1.2445446457999991,-2.456439865260005
8,GLY,0.299,0.1653761061946902,0.7441200000000001,1.08632,0.4226800000000001,10,0.4,1,0.04,0.4556,0.0,1.0,0.5062,2.3673808000000003,4.61063039,6.6130433,8.2722566,-1.3007160481200004,-2.53216111804,-0.2077627912580001,-0.5910271495500001,4.361685250999999,-5.945493584300002,0.6794415894999992,-1.3875172684000003
9,SER,0.033,0.0151654411764705,1.05717,1.3072400000000002,0.8357600000000001,13,0.302325581395349,1,0.0232558139534884,0.4111,0.1877,0.8514,0.5309,2.78284305,5.40623886,7.720944299999999,9.597403939999998,-0.9495987895,-1.84647528753,-0.1549178984399999,-0.44030059161,3.493700591000002,-4.557072008700001,0.5732584895999997,-1.1262688048800007
10,HIS,0.355,0.1283905967450271,2.20546,1.7646399999999995,0.6453600000000006,12,0.292682926829268,1,0.024390243902439,0.1444,0.561,0.1124,0.679,2.7837083500000004,5.412968070000001,7.742924980000001,9.64725011,-0.9702745629,-1.8836509904,-0.1624249401499999,-0.4609585203999999,4.989964197999999,-3.2702686776,0.7748271663000009,-0.7602637111000004
11,MET,1.023,0.3430583501006036,2.28506,1.42372,0.5352800000000002,10,0.37037037037037,2,0.0740740740740741,0.7111,0.6196,0.0,0.0988,2.2273598,4.33346839,6.204568140000001,7.74136327,-1.47613313659,-2.8640130742800003,-0.2482534265369999,-0.7038211372099997,4.869246712999995,-4.981689210759999,0.7838143913999988,-1.2155081811099997
12,GLY,0.333,0.1841814159292035,0.77154,1.00866,0.46634,6,0.222222222222222,1,0.037037037037037,0.4556,0.0,1.0,0.5062,1.94762737,3.78160922,5.395855930000001,6.698822239999998,-2.19099114943,-4.2529178804,-0.3663094131760001,-1.0390458911799996,3.966419963,-6.596845097200003,0.6375414098000001,-1.6195985541599995
13,GLY,0.16,0.0884955752212389,0.8695999999999999,1.08936,0.55864,9,0.28125,1,0.03125,0.4556,0.0,1.0,0.5062,2.08660283,4.05052517,5.77700854,7.16657769,-2.2988573426700003,-4.4761767775,-0.367606006655,-1.04641607643,3.770603276000001,-6.996116181499993,0.6042742072000007,-1.6678212073300005
14,ASN,1.34,0.5480572597137015,2.38255,0.99003,0.1149699999999998,4,0.444444444444444,0,0.0,0.1111,0.3976,0.6747,0.8272,1.6714409800000003,3.25736017,4.6774651,5.861540469999999,-1.6577817184,-3.2373068396999995,-0.2456209962,-0.6995923710399998,5.463018365999987,-5.301718084499997,0.8358929900000011,-1.2429875810400024
15,TYR,1.622,0.4759389671361503,3.91994,1.33155,0.4544499999999998,5,0.416666666666667,3,0.25,0.3556,0.8063,0.502,0.1605,1.53102083,2.977064920000001,4.2586533,5.306893840000001,-1.0165883863,-1.9689623144,-0.1767899300799999,-0.5007985577999999,4.943225940000005,-6.0974075564,0.8351400337999999,-1.5043554974000002
16,GLY,0.547,0.3025442477876106,0.95065,0.86006,0.4009400000000001,4,0.285714285714286,1,0.0714285714285714,0.4556,0.0,1.0,0.5062,1.39013238,2.69319281,3.82837389,4.72689575,-1.4259478854499996,-2.758783651969999,-0.2510284260850001,-0.71011791208,4.316931141000002,-4.441102713599995,0.7155154052000012,-1.215471846643999
17,ASP,0.916,0.3416635583737411,2.18154,1.2004799999999998,0.5645200000000004,1,0.142857142857143,2,0.285714285714286,0.1111,0.3239,0.8675,1.0,1.25222169,2.43244906,3.47355943,4.31779588,-0.91070753348,-1.7698708653500002,-0.14821833017,-0.42056187748,4.710583956000009,-5.60575179265,0.7676630594999987,-1.474439795540002
18,ASP,1.551,0.5785154792987691,2.54949,0.7053499999999999,0.4246500000000002,0,0.0,1,0.111111111111111,0.1111,0.3239,0.8675,1.0,1.1127107500000002,2.15923176,3.07788683,3.81567743,-0.7783542399999999,-1.514092069,-0.1253873706,-0.3562745642,5.766729263999997,-13.08529016399999,0.9742217761999968,-3.2285712280000003
19,ARG,2.247,0.6701461377870563,3.70982,1.13768,-0.0316799999999997,0,0.0,0,0.0,0.0,0.7346,0.9398,0.6914,0.97358286,1.8890746,2.69250053,3.33778589,-0.645791726,-1.263107753,-0.0934336787999999,-0.2667280736,5.899265170000016,-10.405273248000013,0.8681245032000008,-2.216352129800001
20,ARG,2.683,0.8001789442290486,4.10639,0.81683,-0.1468299999999995,0,0.0,0,0.0,0.0,0.7346,0.9398,0.6914,0.8339908100000002,1.6152522499999995,2.29494538,2.8316902299999995,-0.3033490055,-0.5945295190000001,-0.04212372177,-0.12051744225,6.241522974000013,-4.074159477400007,1.0164110589999988,-0.8555000210000003
21,GLY,0.737,0.4076327433628318,0.93398,0.81031,0.2606900000000002,0,0.0,0,0.0,0.4556,0.0,1.0,0.5062,0.97376312,1.89047769,2.69708615,3.3481917,-0.4729728702,-0.92256821899,-0.072165262155,-0.205469983236,6.0626551340000026,-7.705526544640006,0.8389398049999998,-1.612317359731998
22,GLY,0.841,0.4651548672566371,0.94046,0.7108599999999999,0.2561400000000001,1,0.142857142857143,0,0.0,0.4556,0.0,1.0,0.5062,0.97330454,1.886879,2.6852196700000004,3.3209377199999994,-0.5567131852999999,-1.0842450806,-0.08742101803,-0.2485715419759999,6.364642484000014,-10.910168957800003,0.9945660796000002,-2.438234717608
23,ARG,1.43,0.4264837458991947,3.30327,1.54122,0.3817800000000002,3,0.428571428571429,2,0.285714285714286,0.0,0.7346,0.9398,0.6914,1.11352931,2.16565813,3.09909117,3.86441927,-0.6798747612999999,-1.3269774959999996,-0.10246480972,-0.2918774235999999,6.057109049999989,-10.045604197999994,0.8873449940000009,-2.20543981
24,GLY,0.529,0.2925884955752212,0.85026,0.8254600000000001,0.4535399999999998,2,0.4,1,0.2,0.4556,0.0,1.0,0.5062,0.69414011,1.33942064,1.89083548,2.31075636,-0.6867549126000001,-1.3258975148,-0.12464205937,-0.35201798,2.901057490999996,-4.279416232399998,0.5057682424,-1.1715293065000003
25,GLY,0.938,0.5188053097345132,0.89188,0.70123,0.1687700000000001,1,0.2,0,0.0,0.4556,0.0,1.0,0.5062,0.6945566999999999,1.3426693399999998,1.90147709,2.33497947,-0.6971075740999999,-1.3565455050000002,-0.1111530845499999,-0.31582500596,2.352097533999999,-4.823500289000002,0.4103505230000002,-1.2089388388000009
26,TYR,1.541,0.4521713615023474,3.81411,1.36348,0.50352,2,0.4,1,0.2,0.3556,0.8063,0.502,0.1605,0.97328331,1.88673522,2.68482463,3.32027228,-0.9646964200000002,-1.886886334,-0.1402428697,-0.4005298693,2.082736591000001,-3.398197418000002,0.3204325984000005,-0.7721933075000001
27,ASP,1.27,0.4737038418500559,2.48008,0.92771,0.48329,1,0.166666666666667,1,0.166666666666667,0.1111,0.3239,0.8675,1.0,0.97350018,1.88842218,2.69033565,3.33277181,-0.9595267263,-1.868298949,-0.1512426492,-0.4299124050999999,1.965435224000002,-4.475694168000001,0.2975170062999999,-1.0197555162999994
28,ARG,2.623,0.7822845213241874,4.0037,0.75226,-0.02226,1,0.25,1,0.25,0.0,0.7346,0.9398,0.6914,0.97363399,1.88946796,2.69376905,3.3406116600000004,-0.68082341339,-1.3235342710900002,-0.1102540415899999,-0.3129408268099999,2.431275001999997,-3.565348266239999,0.4160875680000001,-0.8949314484599998
29,GLY,0.439,0.2428097345132743,0.88934,0.90409,0.4649099999999999,1,0.166666666666667,2,0.333333333333333,0.4556,0.0,1.0,0.5062,1.11253059,2.1578644,3.07354209,3.80620384,-0.7442946537599997,-1.4513179039500002,-0.1146089182329999,-0.326320762564,1.6112350229999994,-2.971211515,0.2477106931999999,-0.6848019582000001
30,GLY,0.852,0.4712389380530973,0.90229,0.75813,0.1978700000000001,1,0.166666666666667,2,0.333333333333333,0.4556,0.0,1.0,0.5062,0.69418084,1.33973671,1.89186485,2.31308077,-0.8317737885,-1.6057090956,-0.15095791013,-0.42623364353,2.7427366720000004,-5.404441433999997,0.4906188898000003,-1.4770348949999996
31,TYR,0.982,0.2881455399061033,3.28712,1.71636,0.7096400000000003,1,0.166666666666667,2,0.333333333333333,0.3556,0.8063,0.502,0.1605,1.112695,2.15913989,3.0776962999999995,3.8155851,-0.4873389725,-0.9484884632,-0.0779270058999999,-0.22157889295,2.831955855999998,-3.4543626948000026,0.41729396,-0.7533281365499993
32,ARG,2.294,0.6841634357291977,3.78287,1.04054,0.0184600000000001,1,0.166666666666667,2,0.333333333333333,0.0,0.7346,0.9398,0.6914,1.39150657,2.70386128,3.86316652,4.805635280000001,-0.2404805543,-0.4695813926999999,-0.0363478982499999,-0.103697058,3.0296689099999985,-2.5937377020000034,0.4376968183999999,-0.5680776191999996
33,GLY,0.231,0.1277654867256637,0.76493,1.01337,0.5636299999999999,0,0.0,0,0.0,0.4556,0.0,1.0,0.5062,1.25154151,2.42711238,3.45596412,4.277391939999999,-0.3815983951,-0.7428599212000001,-0.06047511725,-0.1718999573,2.6333891759999988,-3.0653557600000005,0.4054508190000001,-0.7070388690399998
34,ARG,2.635,0.7858634059051595,4.03475,0.7060600000000001,0.0119400000000002,0,0.0,0,0.0,0.0,0.7346,0.9398,0.6914,0.97309169,1.88523207,2.67986996,3.3088997,-0.49130346816,-0.9543650574500002,-0.0811930999,-0.2304740602,3.063966456000001,-3.888276768600002,0.4840381909999996,-0.9395694491800002
35,GLY,0.859,0.4751106194690265,1.03048,0.68218,0.26682,0,0.0,0,0.0,0.4556,0.0,1.0,0.5062,0.8339283200000001,1.61477452,2.29341457,2.82831114,-0.7004740287000001,-1.3629430859999996,-0.1122027012,-0.3188776247,2.984441824000001,-6.000803998000006,0.4779122452000003,-1.4506066373000002
36,GLY,0.379,0.2096238938053097,0.82857,0.8508,0.5782,0,0.0,0,0.0,0.4556,0.0,1.0,0.5062,0.97302153,1.88468482,2.67807788,3.30482304,-0.5603687602,-1.0881732115,-0.09220531798,-0.2614120931,2.746086201,-5.280144129000006,0.4625309513000002,-1.3567297967000005
37,ASP,1.312,0.4893696381947034,2.46556,0.87863,0.49037,0,0.0,2,0.2,0.1111,0.3239,0.8675,1.0,1.3912794900000005,2.70205812,3.85714656,4.791581379999999,-0.6838835431499999,-1.3406653346,-0.0948924886899999,-0.27164535218,1.5739907860000002,-2.7312181517999994,0.2262063675000001,-0.5640996316400001
38,ARG,2.085,0.6218311959439308,3.51533,1.2629200000000005,0.0050799999999999,0,0.0,2,0.25,0.0,0.7346,0.9398,0.6914,1.3923327200000002,2.71030613,3.88428712,4.85373998,-0.6218734175100001,-1.21270057107,-0.09601771119,-0.27348622927,1.571868017999999,-2.75732178454,0.2434399106000001,-0.6555792140199999
39,GLY,0.843,0.4662610619469026,0.91061,0.7847900000000001,0.1802099999999999,0,0.0,1,0.2,0.4556,0.0,1.0,0.5062,0.83416416,1.61661646,2.29945788,2.8420976600000003,-1.1872502812000003,-2.3005525937,-0.2018615997599999,-0.5711593652,1.804804402999999,-3.1866520475000017,0.3003129297999998,-0.8249342799000001
40,GLY,0.751,0.4153761061946902,0.9363,0.77327,0.2837299999999999,0,0.0,0,0.0,0.4556,0.0,1.0,0.5062,1.11275128,2.1595573,3.07898755,3.818289880000001,-1.2973794614999998,-2.5290414690000005,-0.2015246669,-0.5737742951000001,2.161140108,-3.802220684000001,0.3355942134,-0.8667299099999997
41,PHE,1.639,0.5271791572853007,3.2699700000000003,1.1173000000000002,0.3526999999999998,0,0.0,0,0.0,0.8111,0.783,0.0763,0.037,1.53172993,2.98261506,4.27690594,5.34866571,-1.13489960784,-2.2161475782,-0.1699316453999999,-0.4844310139,2.55531696,-4.517448555000002,0.3845591500000003,-1.0331547154999998
42,ARG,1.914,0.570832090665076,3.71622,1.1247199999999995,0.3142800000000005,0,0.0,0,0.0,0.0,0.7346,0.9398,0.6914,1.25203282,2.43094553,3.4685240600000005,4.30599279,-1.0139377612699998,-1.961413638,-0.178607948436,-0.50513035906,3.300670861999999,-3.594382669700001,0.5143130319999999,-0.8977638443100007
43,GLY,0.829,0.4585176991150442,0.94947,0.7007099999999999,0.2782900000000001,0,0.0,0,0.0,0.4556,0.0,1.0,0.5062,1.3907012599999995,2.69760838,3.84277354,4.75948426,-0.6313514614,-1.2252037680000003,-0.10630622726,-0.30157626004,2.983055247999999,-2.4382723470000025,0.4877571584000001,-0.60992775884
44,GLY,0.505,0.2793141592920354,0.8466400000000001,0.7830800000000001,0.5199199999999998,0,0.0,0,0.0,0.4556,0.0,1.0,0.5062,1.53024576,2.971013919999999,4.2388067,5.2616369,-0.7759585090000002,-1.5076463650000005,-0.1280414162,-0.363617753,3.0235806910000007,-4.009629566000001,0.4883241844999998,-0.9873418351999996
45,ARG,1.668,0.4974649567551445,3.2674000000000003,1.53266,0.1523400000000003,0,0.0,2,0.117647058823529,0.0,0.7346,0.9398,0.6914,1.66893495,3.23780174,4.61333754,5.71537681,-0.743134541,-1.4518106389999998,-0.1097373882999999,-0.3128353801,3.063274610000006,-6.244174829000008,0.4901836543999992,-1.460174752999999
46,GLY,0.291,0.1609513274336283,0.8239,0.95935,0.5576500000000002,0,0.0,2,0.1,0.4556,0.0,1.0,0.5062,1.38860309,2.6812146500000003,3.7889605400000006,4.6366403,-0.7120077817999999,-1.3848016740000002,-0.1155211064,-0.3283515043,3.723124384,-6.220933621000002,0.6649611963999998,-1.5931493303999984
47,GLY,0.897,0.4961283185840708,0.98449,0.61739,0.29361,0,0.0,2,0.222222222222222,0.4556,0.0,1.0,0.5062,1.25210548,2.43152476,3.47046573,4.31054818,-0.6530569207000001,-1.2772026319999998,-0.0950941859,-0.2715359462999999,5.426324994000004,-9.177729572999995,0.8128279028000002,-1.9870024373999997
48,GLY,1.053,0.5824115044247787,1.03411,0.58999,0.1650100000000001,0,0.0,2,0.333333333333333,0.4556,0.0,1.0,0.5062,0.69415176,1.33949466,1.89101776,2.3109854700000003,-0.7598931338999999,-1.4701935202000005,-0.1340727873399999,-0.3793732777999999,4.978787726000001,-7.702222943700002,0.8712564059999987,-1.9779860662000024
49,ASP,0.611,0.2279000372995151,1.91654,1.29475,0.7752500000000002,0,0.0,3,0.25,0.1111,0.3239,0.8675,1.0,1.11136196,2.14875302,3.043700100000001,3.7382824,-0.8084612471000001,-1.5677193686000002,-0.13733416905,-0.3892449650999999,5.256674696999993,-11.05440365400001,0.890227110999999,-2.791695746599997
50,ARG,1.762,0.5254995526394274,3.52981,1.16075,0.4302500000000002,0,0.0,2,0.153846153846154,0.0,0.7346,0.9398,0.6914,1.3911121200000005,2.70076305,3.85294022,4.78211757,-0.8562765830000002,-1.669991255,-0.1317050591,-0.3751399188,6.366652514999994,-13.441970804000029,0.9806093610999992,-3.0279704621000016
51,GLY,0.17,0.0940265486725663,0.6574599999999999,1.07216,0.5658400000000001,1,0.0833333333333333,1,0.0833333333333333,0.4556,0.0,1.0,0.5062,1.39081961,2.69849179,3.84553153,4.765348449999999,-0.9909008584,-1.9276212958,-0.1599896379699999,-0.4547633667999999,8.092588261999996,-15.302025439099982,1.2738447132999968,-3.543688631299995
52,GLY,0.85,0.4701327433628318,0.99147,0.68585,0.2721500000000001,1,0.166666666666667,0,0.0,0.4556,0.0,1.0,0.5062,0.83402876,1.61554734,2.29590977,2.83387821,-1.3746084327999994,-2.6706254652,-0.22455879317,-0.6369548556,6.161938147999996,-13.001058623000016,1.017360101300003,-3.222970307600001
53,PHE,1.554,0.4998391765841106,3.28446,1.32572,0.2292799999999999,2,0.4,0,0.0,0.8111,0.783,0.0763,0.037,0.8338098400000001,1.61383244,2.29026376,2.82093799,-1.1366194209,-2.207162824,-0.1892298932999999,-0.5370716746,6.389972946999999,-9.33756131299999,1.1133208365999965,-2.5571123371999978
54,GLY,0.438,0.2422566371681415,0.80051,0.79671,0.5732900000000001,1,0.125,0,0.0,0.4556,0.0,1.0,0.5062,1.2526411400000002,2.43573357,3.48436459,4.3425341,-1.1079558153,-2.1573366756,-0.1735456709199999,-0.49303423446,5.54038696599999,-5.8500240031000015,0.8542035765999983,-1.4259649307999989
55,PRO,0.606,0.2717488789237668,1.86001,1.2073000000000005,0.4166999999999998,4,0.235294117647059,0,0.0,0.3222,0.3764,0.8594,0.3827,1.80895344,3.5148876,5.02136751,6.24465441,-2.0230141124000003,-3.9520013114999992,-0.30270496473,-0.8637987980000001,3.0247443950000004,-5.1852460690000015,0.4801285345999994,-1.1945830848
56,GLY,0.51,0.2820796460176991,0.89027,0.7832399999999999,0.5147600000000001,2,0.2,0,0.0,0.4556,0.0,1.0,0.5062,1.25219645,2.43224896,3.4728911800000004,4.31623506,-1.6316465747,-3.1787969944000003,-0.25476409822,-0.7246410692,3.9637239739999943,-5.611218984599998,0.6553342490999995,-1.4148765961999992
57,LYS,2.318,0.7441412520064206,3.27276,0.7378800000000001,0.05912,1,0.166666666666667,0,0.0,0.0667,0.6942,0.6867,0.7901,1.1130323,2.1617605,3.08624671,3.83494415,-1.886934085310001,-3.66213175108,-0.3149392234909998,-0.8928442618940001,4.591538486999999,-5.838034545439999,0.7592392869999987,-1.5238780888200003
58,MET,0.725,0.2431254191817571,2.10987,1.71685,0.5401500000000001,7,0.388888888888889,0,0.0,0.7111,0.6196,0.0,0.0988,2.08832577,4.0640180400000006,5.82140793,7.268264349999998,-1.9910022879000004,-3.8724989476,-0.32254274314,-0.9167452232,4.477004745999996,-5.490529297400003,0.7194026843999989,-1.3123462215999997
59,ASP,1.082,0.4035807534502051,2.29089,0.94818,0.65082,3,0.214285714285714,0,0.0,0.1111,0.3239,0.8675,1.0,1.9493358,3.7949173,5.439412030000001,6.797870529999999,-1.2290988065,-2.3780633106000004,-0.21599903109,-0.6110002271499998,5.965835992999998,-4.0066269368,0.9836358018999988,-1.1395124628599995
60,SER,0.44,0.2022058823529411,1.37987,1.10121,0.6347900000000002,5,0.185185185185185,0,0.0,0.4111,0.1877,0.8514,0.5309,2.0867298300000003,4.05156849,5.78060821,7.175328399999999,-1.0638942631,-2.0607246833000006,-0.18481375059,-0.5235686274999999,7.615391539999974,-8.475392992900002,1.2527831726000016,-2.202945303399999
61,ARG,1.72,0.5129734566060244,3.59024,1.1789,0.4541000000000001,6,0.375,0,0.0,0.0,0.7346,0.9398,0.6914,1.66929703,3.2405737200000004,4.62223991,5.735096249999999,-1.39559232361,-2.7138638205400003,-0.227163674555,-0.6456150345100002,7.583273858000003,-8.730849398600004,1.1888184336999992,-2.0719029312899995
62,GLY,0.504,0.2787610619469026,0.84209,0.8185800000000001,0.4854199999999999,5,0.357142857142857,0,0.0,0.4556,0.0,1.0,0.5062,1.39091997,2.6992722700000003,3.8480839100000006,4.77114584,-1.4552395694500002,-2.8259256159600006,-0.24278018195,-0.6892310277099999,7.422200938999985,-10.411683350990003,1.1923136296999992,-2.5091655313400016
63,GLU,1.571,0.5758797653958944,2.63024,0.89991,0.2570900000000002,2,0.153846153846154,0,0.0,0.1111,0.4884,0.8112,0.9136,1.39146101,2.70348087,3.8618339000000006,4.80233543,-1.5004881693800003,-2.9184238413999988,-0.24263348181,-0.6894800057799999,7.740126627999994,-12.19492560769999,1.2087195173000025,-2.739907275700003
64,HIS,0.513,0.1855334538878842,2.42693,1.7822299999999998,0.4697700000000004,1,0.0454545454545455,0,0.0,0.1444,0.561,0.1124,0.679,1.94820553,3.7861038199999992,5.41053951,6.73213579,-1.5356578883199998,-2.99049779604,-0.241425437007,-0.68637974937,6.485496983999996,-11.962646334599992,0.9907910226000016,-2.6421449635899985
65,ARG,2.469,0.7363555025350431,3.97613,0.9095,-0.0254999999999997,0,0.0,0,0.0,0.0,0.7346,0.9398,0.6914,1.25239503,2.43377601,3.4778172900000004,4.32721424,-1.4965533841000005,-2.9088153479,-0.2446071336099999,-0.69458299016,5.305038242999991,-6.797433389700006,0.8235558402999984,-1.5897569041000004
66,GLN,1.636,0.5690434782608695,2.84305,1.04009,0.1989100000000001,0,0.0,0,0.0,0.1111,0.5388,0.7952,0.6914,0.8340265600000001,1.61552054,2.29578538,2.83348133,-1.2642115217,-2.4610104084,-0.200765412676,-0.5707456642399998,3.4572442980000027,-3.712120869099997,0.5410651348000002,-0.8538380842000001
67,ASP,1.445,0.5389779932860873,2.40884,0.89184,0.34416,0,0.0,0,0.0,0.1111,0.3239,0.8675,1.0,0.83408568,1.61599606,2.29739528,2.83730743,-0.9543915787,-1.8619061493,-0.14478210957,-0.41218657612,2.354145173999998,-4.982206512299997,0.3939758231,-1.3033726316199992
68,ARG,2.271,0.6773039069490008,3.87303,0.91423,0.1677700000000003,0,0.0,0,0.0,0.0,0.7346,0.9398,0.6914,0.6945590800000001,1.3426869499999998,1.90153114,2.33509223,-0.7947687370000002,-1.5487749710000005,-0.1236534949,-0.351816502,2.633031148000001,-7.149566841999998,0.4028907370000001,-1.6042359000000004
69,ARG,2.525,0.7530569639129138,4.02917,0.72498,0.1030200000000003,0,0.0,0,0.0,0.0,0.7346,0.9398,0.6914,0.55486918,1.06810031,1.5014678,1.82327175,-0.436597783,-0.8418666029999999,-0.0807426292999999,-0.227827852,1.8780789119999977,-3.864897821999997,0.3573162960000001,-1.0626720540000003
70,GLU,1.649,0.6044721407624634,2.73001,0.85196,0.2270400000000001,0,0.0,0,0.0,0.1111,0.4884,0.8112,0.9136,0.8340936999999999,1.61605614,2.29758324,2.83770816,-0.258488163,-0.505799766,-0.0373650174,-0.106785304,1.88775264,-4.717658772000004,0.2811812688,-1.017529296
71,ARG,1.993,0.5943930808231435,3.63427,1.08576,0.27424,0,0.0,1,0.333333333333333,0.0,0.7346,0.9398,0.6914,0.55461678,1.06613556,1.4950442,1.80868792,-0.222319494,-0.427463141,-0.0426565427999999,-0.120081401,1.2523587839999994,-3.346917335000001,0.2355171952000001,-0.941556977
72,PRO,1.514,0.6789237668161435,1.92243,0.94552,-0.2295199999999999,0,0.0,1,0.5,0.3222,0.3764,0.8594,0.3827,0.41557287,0.79660434,1.1116039,1.33490193,-0.206225847,-0.39931127,-0.03604868,-0.102097374,0.745342976,-1.81001134,0.1274181429999999,-0.451394005
73,TYR,2.324,0.681924882629108,4.32205,0.93193,0.1520700000000001,0,0.0,1,1.0,0.3556,0.8063,0.502,0.1605,0.41683956,0.8064175,1.14353648,1.40695572,-0.248571063,-0.48660777,-0.0353605049,-0.101046725,0.7481122739999998,-2.331312275,0.1023929071999999,-0.4676494879999999
