1,GLY,1.361,0.7527654867256637,1.2102,0.4437399999999999,0.00326,0,0.0,0,0.0,0.4556,0.0,1.0,0.5062,0.27733094,0.5332412099999999,0.74808211,0.90559372,-0.335915735,-0.64841474,-0.061438789,-0.173575807,0.6659597680000001,-1.8160148920000003,0.1210168349999999,-0.4812755740000001
2,PRO,1.481,0.6641255605381167,1.78526,0.7420199999999999,0.0069799999999999,0,0.0,0,0.0,0.3222,0.3764,0.8594,0.3827,0.55512165,1.07007951,1.50798713,1.83822303,-0.296697834,-0.574028731,-0.0519139235,-0.146765507,1.4906420080000005,-3.073736175,0.2521050665999998,-0.794868621
3,GLY,0.754,0.4170353982300885,0.86535,0.8154399999999999,0.2385600000000001,0,0.0,0,0.0,0.4556,0.0,1.0,0.5062,0.8335587700000001,1.6118787799999998,2.28387822,2.80644504,-0.243173607,-0.476708456,-0.0337489619,-0.096611269,2.636848840999998,-6.261509957,0.3748097548000004,-1.2612866328999996
4,GLY,1.01,0.5586283185840708,1.05368,0.6240600000000001,0.1739399999999999,0,0.0,0,0.0,0.4556,0.0,1.0,0.5062,0.69429311,1.34059649,1.89462483,2.31918913,-0.3671881615,-0.713461259,-0.0604412266999999,-0.1716028455,2.631994954999996,-6.575664299999993,0.4178116683999992,-1.4556199350000012
5,GLY,0.531,0.2936946902654867,0.90864,0.84342,0.4335800000000002,0,0.0,0,0.0,0.4556,0.0,1.0,0.5062,0.83362498,1.61240724,2.28565274,2.81061954,-0.3932094979999999,-0.7642363710000001,-0.0640810875,-0.181910832,4.202972140000008,-9.952156410000011,0.6593073738000003,-2.3884997449999954
6,PRO,1.418,0.6358744394618834,1.87208,0.7145699999999999,0.0974300000000001,0,0.0,0,0.0,0.3222,0.3764,0.8594,0.3827,0.83412527,1.61629271,2.29832383,2.83928735,-0.5125191290000001,-0.999442228,-0.0785488606,-0.223565453,3.7700636469999966,-6.8028221409999965,0.6022066795000001,-1.5349480550000012
7,GLY,0.758,0.4192477876106195,0.96432,0.81111,0.23889,0,0.0,0,0.0,0.4556,0.0,1.0,0.5062,0.97330182,1.88687141,2.68524211,3.3211348500000004,-0.7300436650000001,-1.426635119,-0.1077986998,-0.3075507605,4.321437399,-10.111456024999995,0.6735696911000002,-2.2477794020000017
8,GLY,1.009,0.5580752212389379,1.04149,0.613,0.1860000000000001,0,0.0,0,0.0,0.4556,0.0,1.0,0.5062,0.8343714499999999,1.6182341999999998,2.30476075,2.85417893,-0.6501207193000003,-1.2591212394999998,-0.1118882193,-0.3165833527000001,5.890034412000007,-9.315725664300006,0.9438794626000006,-2.283680162599998
9,SER,1.032,0.4742647058823529,1.25277,0.87859,0.2654100000000001,0,0.0,1,0.166666666666667,0.4111,0.1877,0.8514,0.5309,1.11312125,2.16247194,3.08863989,3.84058509,-1.3771679294999994,-2.687873981,-0.20739369774,-0.5907270998499999,9.907932532000055,-15.092208264999975,1.4782914290000015,-3.4390354392500013
10,HIS,0.845,0.3056057866184448,2.6693900000000004,1.62018,0.2998200000000002,0,0.0,1,0.0769230769230769,0.1444,0.561,0.1124,0.679,1.39121986,2.70160063,3.85567444,4.78831202,-1.95978805462,-3.823126229550001,-0.3010920781500001,-0.85807085001,9.501187447999984,-12.975682715299982,1.5549205802000032,-3.075344701560003
11,MET,1.971,0.6609657947686116,2.67965,0.8164099999999999,0.1945900000000002,0,0.0,1,0.142857142857143,0.7111,0.6196,0.0,0.0988,1.25232497,2.4332419999999995,3.47611141,4.32346544,-1.8170772640000004,-3.5312682630000007,-0.29623435136,-0.8406839016000002,7.534927469999969,-10.656827304499986,1.2486732277000037,-2.754221309499996
12,GLY,0.212,0.1172566371681415,0.82837,1.02793,0.5680700000000001,0,0.0,0,0.0,0.4556,0.0,1.0,0.5062,1.94944416,3.79575685,5.44214275,6.80402863,-1.5688800334199997,-3.05785768545,-0.24469001441,-0.6966994883900003,6.052356189999995,-3.8404998300999984,0.929431840299998,-0.9206942781999988
13,GLY,0.299,0.1653761061946902,0.8115300000000001,0.92372,0.58528,0,0.0,0,0.0,0.4556,0.0,1.0,0.5062,1.8074864500000003,3.50344193,4.98385357,6.159191060000001,-1.7897937276999996,-3.4781425242999986,-0.29421230203,-0.8355491464000002,4.397511747999992,-3.4658866545,0.7174257791000016,-0.8063284185000003
14,ASN,0.094,0.0384458077709611,1.70981,1.5762,0.7747999999999999,0,0.0,0,0.0,0.1111,0.3976,0.6747,0.8272,2.5030467600000006,4.85392226,6.9108769,8.55222044,-2.2539007547,-4.3902244811,-0.35497235195,-1.00991973524,3.809569898999997,-5.546344678300007,0.6096300434999996,-1.3497901218599997
15,TYR,0.69,0.2024647887323943,3.33012,1.86707,0.85093,0,0.0,1,0.03125,0.3556,0.8063,0.502,0.1605,2.5048895600000005,4.86812836,6.956847500000001,8.655142009999999,-1.97918639854,-3.8429831694,-0.3300705969549999,-0.93675256338,6.126606085999994,-5.921236642799998,0.9838782185000003,-1.4718396740799993
16,GLY,0.186,0.1028761061946902,0.67192,1.01046,0.61154,1,0.04,1,0.04,0.4556,0.0,1.0,0.5062,2.22678907,4.3290609600000005,6.19027727,7.709279489999999,-1.38602507063,-2.6745965885699987,-0.2534914604429999,-0.7156621567050001,8.282556889,-4.591510064899992,1.356422759699999,-1.2878629900099996
17,ASP,0.603,0.2249160760910108,2.15635,1.26076,0.8172400000000004,1,0.0384615384615385,1,0.0384615384615385,0.1111,0.3239,0.8675,1.0,2.78528615,5.425302249999999,7.783430320000001,9.73976554,-1.7323528959,-3.381437904600001,-0.2619155476599999,-0.7464763669,5.4642517699999935,-9.031335302200002,0.8308037657000011,-2.022380536
18,ASP,0.529,0.1973144349123461,2.00778,1.3233199999999998,0.8286800000000003,0,0.0,2,0.0645161290322581,0.1111,0.3239,0.8675,1.0,1.6670973299999998,3.22347689,4.5664218100000005,5.60859631,-1.27553658497,-2.4687559517000004,-0.22386118972,-0.6336457667800002,6.153770601000016,-9.499196121800004,1.0878408530999977,-2.4629158605199963
19,ARG,1.475,0.4399045630778407,3.4067700000000003,1.3325499999999997,0.5454500000000004,0,0.0,1,0.0526315789473684,0.0,0.7346,0.9398,0.6914,1.38988515,2.69120602,3.821669940000001,4.71104218,-1.5112008354000002,-2.9347776727,-0.25202555389,-0.7155661588799999,7.382389556,-11.778770789699994,1.193534866000001,-2.90183901342
20,ARG,2.682,0.7998807038473008,4.05578,0.7360599999999999,-0.0650599999999996,0,0.0,1,0.142857142857143,0.0,0.7346,0.9398,0.6914,0.9732212,1.88626175,2.6833116,3.31694475,-1.2663110298,-2.470142055,-0.19283229296,-0.5490108303999999,6.285435136999979,-10.903638832000013,0.9832453249000016,-2.601635904900002
21,GLY,0.564,0.3119469026548672,0.8878499999999999,0.73467,0.5093300000000002,0,0.0,2,0.166666666666667,0.4556,0.0,1.0,0.5062,0.9720403,1.87705933,2.65318785,3.24843362,-0.8774503898400001,-1.7036517643,-0.1461763039699999,-0.4147911092600001,7.0972059549999935,-9.75338884600002,1.2298422039999997,-2.565111967799999
22,GLY,0.535,0.2959070796460177,0.75882,0.8145600000000001,0.45844,0,0.0,2,0.117647058823529,0.4556,0.0,1.0,0.5062,1.11065632,2.14327962,3.02586873,3.697989610000001,-0.9063078233600004,-1.7573563061200002,-0.153905709833,-0.4361293516,7.328921334999998,-11.830981534119989,1.2988276021,-3.194470157979996
23,ARG,1.463,0.4363256784968685,3.28562,1.43061,0.4593900000000002,1,0.0526315789473684,2,0.105263157894737,0.0,0.7346,0.9398,0.6914,1.39027636,2.69425719,3.83166416,4.733789829999999,-1.0622133782,-2.0714702426,-0.1643494191399999,-0.4682629397499999,6.327335227999999,-10.670215997000009,0.9796079651000014,-2.5607613549000003
24,GLY,0.641,0.3545353982300885,0.8593999999999999,0.8539599999999999,0.3130400000000001,1,0.1,0,0.0,0.4556,0.0,1.0,0.5062,1.25231979,2.43320316,3.47599025,4.323207689999999,-1.2998532843,-2.538179334,-0.19513312354,-0.5563438759000001,5.940787895999995,-11.807495050999991,0.8586484063999977,-2.555770979099998
25,GLY,0.817,0.4518805309734512,0.90852,0.79307,0.19793,1,0.125,0,0.0,0.4556,0.0,1.0,0.5062,1.11291545,2.16084204,3.08321197,3.82795544,-1.7247194958,-3.3606840042999995,-0.2702688364649999,-0.7692653353600001,5.463376744000003,-12.133502076999996,0.839149903799998,-2.7368017668000006
26,TYR,0.613,0.1798708920187793,3.17538,1.96307,0.8319300000000001,2,0.142857142857143,2,0.142857142857143,0.3556,0.8063,0.502,0.1605,1.25066336,2.4202668,3.4335422800000006,4.22635368,-2.13202456567,-4.1362340408,-0.36128023918,-1.02483127215,6.317125328000004,-12.1795104551,1.066406070300001,-3.101656127989999
27,ASP,1.125,0.4196195449459157,2.2295,1.06938,0.48662,1,0.0833333333333333,1,0.0833333333333333,0.1111,0.3239,0.8675,1.0,1.3911599800000003,2.7011620300000003,3.85433578,4.78556619,-1.78361188633,-3.4494765805000003,-0.31645710056,-0.8951680466000002,7.225624150000006,-8.642608330299987,1.1606464071999996,-2.282702372300004
28,ARG,1.091,0.3253802564867282,2.99554,1.89985,0.3621500000000004,0,0.0,1,0.0416666666666667,0.0,0.7346,0.9398,0.6914,2.08748477,4.057436500000001,5.79976725,7.21875171,-1.7710611164,-3.4484766586999998,-0.28135272861,-0.8004163783999999,7.976096399999971,-11.264288742900014,1.2540438900000015,-2.6418587754500065
29,GLY,0.226,0.125,0.66557,1.08882,0.4931800000000002,0,0.0,1,0.0454545454545455,0.4556,0.0,1.0,0.5062,1.6678859900000005,3.22966837,4.58685098,5.655555849999999,-1.6142031180999998,-3.1475837716000004,-0.2480468047000001,-0.7060790077,8.408538485999987,-14.284190585799983,1.304874636799999,-3.229948025299997
30,GLY,0.687,0.3799778761061947,0.92221,0.76962,0.35138,0,0.0,1,0.0833333333333333,0.4556,0.0,1.0,0.5062,1.2514331800000005,2.4262716400000004,3.4532220399999995,4.27118677,-0.9883124696,-1.9265961275,-0.1535561988,-0.4372409982,8.365601952000022,-11.328481391700002,1.3354825454000008,-2.598685554100006
31,TYR,2.7,0.7922535211267606,4.270230000000001,0.62525,0.0827499999999997,0,0.0,1,0.125,0.3556,0.8063,0.502,0.1605,0.97327509,1.88664749,2.68445406,3.31917346,-0.95015514546,-1.8530342569,-0.1466477085759999,-0.4177882911699999,7.776575642000006,-12.032313059300026,1.2464397522,-2.852979135750001
32,ARG,2.355,0.7023560990158066,3.78997,0.97531,0.0226900000000002,0,0.0,1,0.0909090909090909,0.0,0.7346,0.9398,0.6914,0.97193654,1.87621722,2.65031578,3.24154919,-1.162957583,-2.2626180086000005,-0.1883722518,-0.5358022596,7.769354666000039,-15.247623757200012,1.315694107899999,-3.770600441999996
33,GLY,0.835,0.4618362831858407,0.95604,0.67121,0.3017900000000001,0,0.0,0,0.0,0.4556,0.0,1.0,0.5062,0.97245204,1.88022918,2.6634271700000003,3.27130071,-0.987734433,-1.906772388,-0.1795324452999999,-0.5069849852999999,7.757374363999982,-12.762774849999996,1.3997391268999944,-3.589543978300004
34,ARG,1.077,0.3212048911422606,3.13442,1.7316500000000004,0.5443499999999999,0,0.0,0,0.0,0.0,0.7346,0.9398,0.6914,1.80886102,3.5142582,5.01961868,6.2416297,-1.5797269575,-3.0895879213,-0.2295486154599999,-0.6554205599399999,7.196700750000004,-12.944023469399996,1.060282950800001,-2.7605077621000014
35,GLY,0.752,0.415929203539823,0.98207,0.71741,0.33859,0,0.0,0,0.0,0.4556,0.0,1.0,0.5062,2.0879228500000004,4.060842040000001,5.810887290000001,7.243956720000001,-1.6627275067,-3.2467218617,-0.2497567789299999,-0.7120863646,8.298444263999999,-15.379910459399955,1.2217391424000006,-3.3711538316000027
36,GLY,0.159,0.0879424778761061,0.6681900000000001,1.03206,0.61694,0,0.0,0,0.0,0.4556,0.0,1.0,0.5062,1.94720769,3.778319,5.3850269200000005,6.67402645,-1.6283004143299995,-3.153605292,-0.2823334326,-0.7995019600700005,7.925033771000014,-8.736447787800001,1.339830183700002,-2.323038816900002
37,ASP,1.2,0.4475941812756434,2.33052,0.95982,0.5211800000000002,0,0.0,0,0.0,0.1111,0.3239,0.8675,1.0,2.0880737000000003,4.06208766,5.8152056000000005,7.254515449999999,-1.9104621302,-3.7264010653200006,-0.2932908065119999,-0.8354901461599996,5.851621022999999,-9.592559287759997,0.9349144992,-2.3485600004600014
38,ARG,1.922,0.5732180137190575,3.85781,0.9101,0.5209000000000003,0,0.0,0,0.0,0.0,0.7346,0.9398,0.6914,1.52963814,2.96632533,4.22361464,5.22756062,-1.8139885389,-3.5174583612000005,-0.3069699796600001,-0.86962246872,4.834212196999992,-4.853059290000001,0.7389480956999994,-1.1927218746999992
39,GLY,0.579,0.3202433628318584,0.8201,0.7949700000000001,0.43403,0,0.0,0,0.0,0.4556,0.0,1.0,0.5062,1.9481637,3.78575257,5.409301500000001,6.729051,-2.11703389707,-4.123333919600001,-0.3338388391740001,-0.9497373206500004,3.7726794269999937,-3.8229666812,0.5866408594999988,-0.8977239734599995
40,GLY,0.257,0.142146017699115,0.69628,0.9865,0.5645000000000002,0,0.0,0,0.0,0.4556,0.0,1.0,0.5062,2.08685,4.05248144,5.783515660000001,7.18169263,-2.238460372600001,-4.354954963000001,-0.3618966303260001,-1.0290960426,4.360548471999996,-5.824534796000004,0.6891912019999986,-1.3514231064000013
41,PHE,1.203,0.3869411386297845,3.06707,1.60723,0.29877,0,0.0,0,0.0,0.8111,0.783,0.0763,0.037,1.6692784400000005,3.24046773,4.622026920000001,5.73502253,-2.414445370699999,-4.689085143,-0.4000181028400001,-1.1351637252600002,5.61112495299999,-8.1600062892,0.9365680801999988,-2.1419611840000004
42,ARG,2.438,0.7271100507008649,3.77491,0.95463,-0.0396299999999998,0,0.0,0,0.0,0.0,0.7346,0.9398,0.6914,1.39195138,2.70732171,3.87447153,4.831273479999999,-2.29613663112,-4.46788083083,-0.3659803788119999,-1.0396375356700005,6.869099366999989,-7.748006808359998,1.127737820200001,-1.955833465230001
43,GLY,0.367,0.2029867256637168,0.87197,0.97225,0.4687500000000001,0,0.0,0,0.0,0.4556,0.0,1.0,0.5062,2.22702775,4.33085529,6.1959257800000005,7.721438400000001,-2.5887052245000004,-5.045702704600002,-0.4027378569100001,-1.14647659186,3.3359609489999995,-5.921965185800001,0.552703831,-1.4086829902400004
44,GLY,0.455,0.2516592920353982,0.7614700000000001,0.9003599999999999,0.45264,0,0.0,0,0.0,0.4556,0.0,1.0,0.5062,2.36822208,4.617209290000001,6.634660450000001,8.321671929999999,-2.565512726743,-5.00495030672,-0.3914215798619998,-1.1148663767,7.034882204999996,-10.249280012799993,1.0784348025999986,-2.4783357895819984
45,ARG,1.404,0.4187294959737548,3.35867,1.53041,0.4185900000000002,0,0.0,0,0.0,0.0,0.7346,0.9398,0.6914,1.66982027,3.24471435,4.63601018,5.76707475,-1.8258983906000004,-3.5433455718000006,-0.3055119584899999,-0.8661346804000002,8.471180514000004,-10.381884833000004,1.4416421064000011,-2.8938482155000025
46,GLY,0.726,0.4015486725663716,0.92204,0.7357,0.3463,0,0.0,0,0.0,0.4556,0.0,1.0,0.5062,1.8093021100000004,3.51765961,5.03063477,6.266325119999999,-2.1067202573,-4.1040773444,-0.33012735539,-0.9391359564,7.1495650530000106,-14.28282173440001,1.1281135816999994,-3.369698719300006
47,GLY,0.439,0.2428097345132743,0.83966,0.8801699999999999,0.4888300000000001,0,0.0,2,0.0952380952380952,0.4556,0.0,1.0,0.5062,1.80739572,3.50286558,4.98241103,6.157264400000001,-1.3581112561000002,-2.646258755499999,-0.2113277361600001,-0.60109739253,8.128347415999999,-18.083575572500035,1.3029782496999969,-4.3097290733
48,GLY,0.307,0.1698008849557522,0.65132,0.97493,0.5260700000000001,0,0.0,2,0.133333333333333,0.4556,0.0,1.0,0.5062,1.11091949,2.14531046,3.03244543,3.71272618,-1.3632485604000002,-2.641102105,-0.23463840273,-0.6644124951000002,7.650434396999987,-14.8375640084,1.2925797291999996,-3.667508035399993
49,ASP,1.364,0.5087653860499813,2.41576,0.85521,0.4617899999999999,0,0.0,2,0.2,0.1111,0.3239,0.8675,1.0,1.11226972,2.15579906,3.06666687,3.79021449,-1.4932636842299996,-2.902889857880001,-0.243036933257,-0.6901642050799998,7.667203977000018,-11.688651681599993,1.1515728380999992,-2.6454590356120016
50,ARG,1.52,0.4533253802564867,3.50484,1.39141,0.4415900000000001,0,0.0,2,0.133333333333333,0.0,0.7346,0.9398,0.6914,1.53005862,2.96956398,4.23408904,5.250994909999999,-1.1442882068000002,-2.2291827657,-0.17944222778,-0.5105040621,6.480346765999989,-12.455063780000009,1.0347736083,-2.837832733700007
51,GLY,0.389,0.2151548672566371,0.66682,0.99153,0.4274700000000001,2,0.0869565217391304,1,0.0434782608695652,0.4556,0.0,1.0,0.5062,1.80876019,3.51342105,5.01670232,6.23445987,-1.0342850793000002,-2.015259646,-0.1620133851199999,-0.4610964833999998,6.197809201999991,-8.659306874,1.0556484565999986,-2.062829168299997
52,GLY,0.647,0.3578539823008849,0.91112,0.82831,0.33269,1,0.0476190476190476,1,0.0476190476190476,0.4556,0.0,1.0,0.5062,1.8079711,3.50731682,4.99686682,6.189785329999999,-0.923117604116,-1.7914082953899997,-0.155020642588,-0.439662360852,7.223973110999987,-10.387464220229994,1.175906183700001,-2.6175053217699977
53,PHE,1.562,0.5024123512383403,3.2363,1.39192,0.1550799999999998,4,0.235294117647059,0,0.0,0.8111,0.783,0.0763,0.037,1.5305416500000002,2.9732872499999994,4.24613476,5.27795311,-1.0413981402,-2.024681015,-0.1695283028999999,-0.4815248762599999,7.226336362999998,-12.676859938900018,1.154843906799998,-3.0902194101199982
54,GLY,0.291,0.1609513274336283,0.82112,0.91904,0.5979600000000002,3,0.272727272727273,0,0.0,0.4556,0.0,1.0,0.5062,1.3912962800000002,2.70222286,3.8578039400000006,4.79343952,-1.1984370076,-2.3457371593,-0.1712768562499999,-0.48941677053,6.4132921479999965,-12.2600489146,0.9232790786999998,-2.5486732042600004
55,PRO,1.359,0.6094170403587444,1.97232,0.798,0.0729999999999999,2,0.4,0,0.0,0.3222,0.3764,0.8594,0.3827,0.97330359,1.88690167,2.6853978200000004,3.32166174,-0.8617303083000002,-1.6814256526999998,-0.13070218717,-0.372258583,6.092491753999998,-8.061403334499992,0.9253445134999994,-1.7991503609999997
56,GLY,0.817,0.4518805309734512,0.8608499999999999,0.7520699999999999,0.2389300000000002,1,0.25,0,0.0,0.4556,0.0,1.0,0.5062,0.6944014600000001,1.34145205,1.89746593,2.32577569,-0.6898647719999998,-1.3335246348,-0.12299397103,-0.34767846775,5.686113532000006,-7.610654524300002,0.9782373246999976,-1.998388706500001
57,LYS,1.493,0.4792937399678972,2.73044,1.26804,0.35396,5,0.416666666666667,0,0.0,0.0667,0.6942,0.6867,0.7901,1.25124585,2.42484488,3.44866708,4.261182099999999,-0.8800476733,-1.7166174899999995,-0.13421754736,-0.3821385582999999,8.601665843999974,-8.965313587000015,1.3672893390000045,-2.099192059600001
58,MET,1.457,0.48859825620389,2.45166,1.2167,0.3083000000000002,4,0.266666666666667,0,0.0,0.7111,0.6196,0.0,0.0988,1.67031527,3.2485098700000004,4.648221820000001,5.79419436,-1.00602749784,-1.9576750532,-0.1609983680299999,-0.4575959995399999,7.547152245,-11.797188628999976,1.158506147300002,-2.6396901684000027
59,ASP,0.414,0.1544199925400969,1.84049,1.51319,0.7538099999999999,3,0.15,0,0.0,0.1111,0.3239,0.8675,1.0,1.80935866,3.51808248,5.03195233,6.2691167100000005,-1.02416053183,-1.9880265946,-0.17097419889,-0.4849424493400001,7.305614549999977,-12.284403772999964,1.168947724700001,-2.9625321173999994
60,SER,0.69,0.317095588235294,1.45388,1.16228,0.3237200000000002,0,0.0,2,0.181818181818182,0.4111,0.1877,0.8514,0.5309,1.39076855,2.69812761,3.84445807,4.76327184,-1.2945307837000004,-2.5216319192000007,-0.2021728449,-0.5748086688999999,6.366916509999987,-13.59635656939998,0.9727485859000008,-3.084378612999997
61,ARG,2.418,0.7211452430659111,4.0355,0.84315,0.0918500000000001,0,0.0,2,0.285714285714286,0.0,0.7346,0.9398,0.6914,0.97283502,1.88325098,2.67345181,3.29450892,-1.1430614116,-2.230304876,-0.1733652715,-0.4937485459999999,3.379058387000001,-5.731428250999998,0.5251588964999996,-1.3112866909
62,GLY,0.916,0.5066371681415929,0.9595,0.64257,0.24943,0,0.0,3,0.428571428571429,0.4556,0.0,1.0,0.5062,0.83336185,1.61035345,2.27891787,2.79526382,-1.001140478,-1.950388473,-0.1568152057,-0.4461264874,2.472969070999999,-4.395853740999997,0.4036892112,-1.0201768644
63,GLU,1.503,0.5509530791788856,2.94524,0.8586200000000002,0.3663800000000001,0,0.0,2,0.2,0.1111,0.4884,0.8112,0.9136,1.1115295200000002,2.1500691,3.04804026,3.74824898,-1.0577313206,-2.0631067747000005,-0.1625606219,-0.463105538,3.6179854640000033,-7.949064870999998,0.5372775880999996,-1.6476368000000006
64,HIS,1.119,0.4047016274864376,2.91464,1.3468,0.2992000000000001,0,0.0,4,0.4,0.1444,0.561,0.1124,0.679,1.1114555000000002,2.14947074,3.04601022,3.74341683,-0.8898896385000001,-1.7263597761999994,-0.1488180120299999,-0.4215682216999999,2.317279262,-5.119354970999996,0.3665037992000001,-1.187271911
65,ARG,1.671,0.4983596779003877,3.48223,1.47117,0.21083,0,0.0,2,0.285714285714286,0.0,0.7346,0.9398,0.6914,1.39185635,2.70658636,3.8720846499999992,4.825909759999999,-0.6453186649,-1.2598203195000002,-0.0970855826,-0.2767019391,1.8475081720000004,-3.0289350760000007,0.2789926369,-0.714011648
66,GLN,1.477,0.5137391304347826,2.7914,0.98091,0.4170899999999998,0,0.0,1,0.166666666666667,0.1111,0.5388,0.7952,0.6914,0.8334866000000001,1.61130288,2.281946,2.80190604,-0.6787493612000002,-1.3166148916,-0.11521816925,-0.3267761932599999,2.036716601999998,-1.8530378808000008,0.3688768330000001,-0.4573501259799999
67,ASP,1.129,0.4211115255501678,2.29421,0.92303,0.6289700000000001,0,0.0,0,0.0,0.1111,0.3239,0.8675,1.0,0.97328201,1.88673829,2.68488099,3.3205433600000003,-0.6243272809999999,-1.21483224,-0.0995247124999999,-0.282739292,2.1581705390000003,-3.876556065999999,0.3609536835000002,-0.955841136
68,ARG,2.109,0.6289889651058753,3.71797,1.17618,0.0678200000000002,0,0.0,2,0.333333333333333,0.0,0.7346,0.9398,0.6914,0.97297985,1.88433884,2.67686903,3.3018366400000003,-0.424272455,-0.8272757490000001,-0.0658339712,-0.1875429343999999,2.1993807879999987,-4.836070976000006,0.3525628605999998,-1.1089238370000007
69,ARG,1.181,0.3522218908440203,3.33442,1.5703800000000003,0.6016199999999998,0,0.0,3,0.333333333333333,0.0,0.7346,0.9398,0.6914,0.97216661,1.87800261,2.6561331,3.2546954500000003,-0.4533704881999999,-0.880701972,-0.0757477146,-0.2152648114999999,2.197532495999999,-4.390770648,0.3721490407999996,-1.0858388971
70,GLU,1.54,0.564516129032258,2.9412000000000003,0.8606599999999999,0.3273400000000003,0,0.0,1,0.25,0.1111,0.4884,0.8112,0.9136,0.8339612900000001,1.61502114,2.29418459,2.82994599,-0.5268638185,-1.0257006002,-0.0827394414599999,-0.2350142167999999,1.732332539000001,-4.073493111600001,0.2381228472,-0.8176420637999996
71,ARG,1.352,0.403220996122875,3.30187,1.52095,0.4800500000000003,1,0.166666666666667,4,0.666666666666667,0.0,0.7346,0.9398,0.6914,0.83331982,1.61001032,2.27774138,2.79242646,-0.303395705,-0.5885020870000001,-0.05140985572,-0.1457830575,1.2563493009999998,-2.1267631989999995,0.2033291545,-0.5325898755
72,PRO,1.302,0.5838565022421525,1.92413,0.8278399999999999,0.10016,1,0.5,1,0.5,0.3222,0.3764,0.8594,0.3827,0.69477451,1.3443782199999998,1.90711074,2.34791367,-0.401424005,-0.7840727490000001,-0.0596220412,-0.1699540855,1.060672044,-2.320987855,0.1660733788,-0.5303490969999999
73,TYR,2.237,0.6563967136150235,4.48041,1.18418,-0.0131800000000001,1,1.0,1,1.0,0.3556,0.8063,0.502,0.1605,0.2773660599999999,0.5335149699999999,0.74897862,0.90763381,-0.296280768,-0.571249126,-0.0549699027,-0.1551296154999999,1.2521845799999995,-2.575319564,0.2374829848,-0.7081438689999999
