1,GLY,0.946,0.5232300884955752,0.98955,0.68164,0.18036,0,0.0,0,0.0,0.4556,0.0,1.0,0.5062,0.8337158600000001,1.61304235,2.28748719,2.81405383,-0.1837971179999999,-0.359606955,-0.0264204975,-0.075452225,0.4718098319999999,-1.078820961,0.0707596557,-0.226356702
2,PRO,1.566,0.7022421524663678,2.05632,0.67607,-0.01207,0,0.0,0,0.0,0.3222,0.3764,0.8594,0.3827,0.69420308,1.33991632,1.89247414,2.31453109,-0.0689795694,-0.13456657083,-0.010591068786,-0.03018289797,0.3924107089999999,-0.21887872166,0.0653345669,-0.04954029694
3,GLY,0.968,0.5353982300884955,1.02121,0.57979,0.26021,0,0.0,0,0.0,0.4556,0.0,1.0,0.5062,0.6944058900000001,1.34149718,1.89765114,2.3263135,-0.0489788474,-0.09374292,-0.00990308097,-0.0277707107999999,0.3925392259999999,-0.181687049,0.0641541393,-0.052992715
4,GLY,0.469,0.2594026548672566,0.7935899999999999,0.91665,0.42235,0,0.0,0,0.0,0.4556,0.0,1.0,0.5062,0.83256919,1.60415826,2.2585737,2.7487971300000003,-0.1040731231999999,-0.2030472482999999,-0.0160500845699999,-0.0457664409,0.47069466,-0.6091418349000001,0.0803297279999999,-0.1372993457999999
5,GLY,0.611,0.3379424778761061,0.90714,0.84797,0.34903,0,0.0,0,0.0,0.4556,0.0,1.0,0.5062,0.97257286,1.88118902,2.6666346600000006,3.2787973900000003,-0.22187535,-0.434901764,-0.0305966321,-0.087522112,1.142631316,-3.299058758,0.148420167,-0.6262214740000003
6,PRO,1.82,0.8161434977578476,2.12068,0.70465,-0.2946500000000001,0,0.0,0,0.0,0.3222,0.3764,0.8594,0.3827,0.97361871,1.88934163,2.6933296600000003,3.33953159,-0.255908401,-0.4961741899999999,-0.043598961,-0.123552829,1.1390804820000002,-3.6865063400000007,0.18231275,-0.8633728059999999
7,GLY,0.869,0.4806415929203539,1.04244,0.73248,0.20652,0,0.0,0,0.0,0.4556,0.0,1.0,0.5062,0.8337705099999999,1.61352642,2.28926371,2.81866877,-0.31354724413,-0.6046034980999999,-0.0580302347099999,-0.16375842339,2.0348361539999997,-5.748655882,0.3849048709999995,-1.6055123199999994
8,GLY,0.84,0.4646017699115043,0.98576,0.7297,0.2383,0,0.0,0,0.0,0.4556,0.0,1.0,0.5062,0.83437806,1.6182836699999998,2.30491578,2.8545103000000003,-0.5370680574,-1.0457039825,-0.08455407758,-0.2403069249,1.573220968,-4.879648639999999,0.2336544280000001,-1.058423612
9,SER,1.241,0.5703125,1.48064,0.8421000000000001,0.0928999999999999,0,0.0,0,0.0,0.4111,0.1877,0.8514,0.5309,0.5548009,1.06756689,1.4997179000000005,1.81928098,-0.6044140610000001,-1.166780646,-0.1101638828,-0.3111659580000001,1.563717696,-4.368024859999999,0.3077359184000001,-1.2657739360000004
10,HIS,1.739,0.6289330922242314,3.04296,1.00781,0.0181900000000001,0,0.0,0,0.0,0.1444,0.561,0.1124,0.679,0.69440146,1.34145205,1.8974659300000003,2.32577569,-1.116129507,-2.175089755,-0.1743114241,-0.4961650949999999,3.890552938000004,-10.39996873700001,0.6008122811000013,-2.337304060000001
11,MET,1.775,0.5952380952380951,2.57139,0.79057,0.4164300000000003,0,0.0,0,0.0,0.7111,0.6196,0.0,0.0988,0.8342765400000001,1.6174905700000002,2.30231266,2.84856961,-1.2941769253399995,-2.5201244916000003,-0.20274955359,-0.5761351937399999,4.395382054000009,-10.667872842399998,0.7244034804999998,-2.663611468780003
12,GLY,0.404,0.2234513274336283,0.78621,0.92473,0.4792699999999998,0,0.0,0,0.0,0.4556,0.0,1.0,0.5062,1.25228405,2.4329129499999995,3.47499939,4.32082813,-1.746241648,-3.3912285720000006,-0.28929684834,-0.82083875182,7.343258558999994,-10.752263953400014,1.175806269699998,-2.828998063549999
13,GLY,0.36,0.1991150442477876,0.8179900000000001,0.98931,0.4586899999999999,2,0.111111111111111,0,0.0,0.4556,0.0,1.0,0.5062,1.80963329,3.5202342899999994,5.0390397,6.28537053,-1.77257101427,-3.4480474782059995,-0.2852432512165999,-0.8104370559549996,4.876301505999991,-4.477475489223996,0.7235405067999992,-0.9927310861199976
14,ASN,0.373,0.1525562372188139,1.93362,1.50227,0.5697300000000001,5,0.166666666666667,0,0.0,0.1111,0.3976,0.6747,0.8272,2.08609737,4.04669989,5.764872780000001,7.140155620000001,-2.03400459748,-3.95160373946,-0.33357170449,-0.94645642178,2.868377260000002,-4.963525587680003,0.4460346945999992,-1.14482924782
15,TYR,1.081,0.3171948356807512,3.4259500000000003,1.7667099999999998,0.5602900000000002,9,0.290322580645161,0,0.0,0.3556,0.8063,0.502,0.1605,2.22641609,4.32604283,6.1800105400000005,7.6847423,-1.6598358749999995,-3.2231006572000007,-0.27713362653,-0.7867328136999998,3.1025453670000003,-3.4142017949999994,0.4999485505999994,-0.7998753729999997
16,GLY,0.166,0.0918141592920354,0.8237099999999999,1.13026,0.5117400000000001,6,0.272727272727273,1,0.0454545454545455,0.4556,0.0,1.0,0.5062,2.22740888,4.333871329999999,6.205958949999999,7.744748229999999,-1.6627035513,-3.2286445014,-0.2761632027199998,-0.78357021741,3.380460279000004,-3.743315477200002,0.5155666127999989,-0.8975605825999998
17,ASP,1.058,0.3946288698246923,2.34701,1.13039,0.49261,1,0.0555555555555556,2,0.111111111111111,0.1111,0.3239,0.8675,1.0,2.3684626,4.619072259999999,6.640720149999999,8.33533315,-1.6168563961399998,-3.152803948530001,-0.248311963445,-0.7068217385799999,3.3804128379999976,-6.7741902750000005,0.5166204446000006,-1.5156294716000014
18,ASP,0.529,0.1973144349123461,2.20681,1.23472,0.91728,2,0.0909090909090909,4,0.181818181818182,0.1111,0.3239,0.8675,1.0,1.6684871200000002,3.23428351,4.601720190000001,5.688643699999999,-0.84185619262,-1.6360141921400004,-0.137722469605,-0.3909517369,4.207048283000003,-4.742683440700003,0.6295560215000016,-1.07728162627
19,ARG,2.316,0.6907247241276467,3.79666,0.8696100000000001,0.1673900000000002,0,0.0,3,0.333333333333333,0.0,0.7346,0.9398,0.6914,0.97161435,1.87373181,2.64226444,3.22349494,-0.59145637431,-1.14323325403,-0.1056325535669999,-0.2986109133100001,3.917462161999998,-4.230040383910002,0.7064145446000013,-1.198232069869998
20,ARG,2.396,0.7145839546674619,3.85031,0.66856,0.2884400000000002,0,0.0,2,0.4,0.0,0.7346,0.9398,0.6914,0.83348626,1.61132792,2.28212486,2.8026103900000003,-0.7576189298999999,-1.4767872028000002,-0.1175723456,-0.3346927821,3.7710921919999993,-5.720794787799998,0.5978253074000005,-1.3739545817000014
21,GLY,0.483,0.267146017699115,0.86881,0.80869,0.5163100000000002,1,0.111111111111111,3,0.333333333333333,0.4556,0.0,1.0,0.5062,0.8325612400000001,1.60411315,2.25848575,2.7487812500000004,-0.5166316043,-1.0007726094999998,-0.0894983635199999,-0.25352776961,3.763023337999996,-4.561489508640001,0.6646141489999992,-1.1879161487959995
22,GLY,0.386,0.2134955752212389,0.7475799999999999,0.8500800000000001,0.5719200000000001,2,0.142857142857143,3,0.214285714285714,0.4556,0.0,1.0,0.5062,1.11133856,2.14859809,3.04328607,3.73762662,-0.5348028334,-1.038813039,-0.08794401664,-0.2494933111,4.239530971000004,-6.471650412000011,0.6912695858000003,-1.6737648686999993
23,ARG,1.48,0.4413957649865792,3.39494,1.49584,0.3771600000000001,4,0.235294117647059,4,0.235294117647059,0.0,0.7346,0.9398,0.6914,1.38996627,2.69181941,3.8236130900000007,4.7152627,-0.8896239912999999,-1.7366645410000003,-0.1349005816,-0.3846918061,3.4148651679999964,-6.737698519999995,0.5635040030000004,-1.6017344927000008
24,GLY,0.843,0.4662610619469026,0.99339,0.71618,0.24882,3,0.333333333333333,1,0.111111111111111,0.4556,0.0,1.0,0.5062,1.11311494,2.16241285,3.08841083,3.83995427,-1.2220297936500002,-2.3834818349,-0.18657549268,-0.5311505388200001,3.3373632169999974,-6.397400631999999,0.5384447004000004,-1.4334944909999994
25,GLY,0.753,0.4164823008849557,0.96279,0.8048,0.2502000000000002,2,0.25,1,0.125,0.4556,0.0,1.0,0.5062,1.11277924,2.15977834,3.07972076,3.81998708,-1.5749461324999998,-3.065806915399999,-0.25158095323,-0.7155377154200002,3.0252740399999984,-6.453277251999997,0.4756642951999994,-1.5046589817
26,TYR,0.534,0.1566901408450704,3.0973,2.10418,0.7698199999999997,5,0.357142857142857,3,0.214285714285714,0.3556,0.8063,0.502,0.1605,1.39038359,2.69506989,3.834249050000001,4.739439849999999,-1.9975148491799992,-3.87997525304,-0.3309253290779999,-0.9394499742919996,3.76871024,-6.305234019400001,0.6189502938000003,-1.6012034717600012
27,ASP,0.652,0.2431928384930995,2.0882300000000003,1.25323,0.7757699999999998,4,0.285714285714286,1,0.0714285714285714,0.1111,0.3239,0.8675,1.0,1.6702597,3.24812287,4.647115660000001,5.7921754,-1.5302543506999997,-2.9653775729999987,-0.26297837911,-0.7449853376000002,3.887867423000003,-4.9822042727,0.6232954797000002,-1.2598232914999994
28,ARG,1.137,0.3390993140471219,2.96431,1.94244,0.2735600000000002,7,0.241379310344828,2,0.0689655172413793,0.0,0.7346,0.9398,0.6914,2.08680537,4.05212386,5.782311870000001,7.17885333,-1.3398595695000004,-2.6037848113000006,-0.221016573656,-0.6279119513500001,3.495719394000001,-4.541371205999998,0.5604629596000003,-1.0846880578000009
29,GLY,0.173,0.0956858407079646,0.6745300000000001,1.00925,0.62575,2,0.0769230769230769,4,0.153846153846154,0.4556,0.0,1.0,0.5062,1.8068520600000004,3.49864115,4.96863003,6.126075019999999,-1.6949287603999994,-3.304155194,-0.26136862073,-0.7437732750999999,4.948849173999989,-8.408485410999994,0.7824551861000016,-1.9796908897999987
30,GLY,0.786,0.4347345132743362,0.91499,0.67365,0.34835,0,0.0,2,0.153846153846154,0.4556,0.0,1.0,0.5062,1.2513534400000002,2.42566969,3.45131926,4.267066359999999,-1.3891528967000002,-2.7041486666,-0.22017165684,-0.6257929693299998,7.070460112000018,-10.7808520422,1.1159376940999994,-2.5920676866000014
31,TYR,2.362,0.6930751173708921,3.89494,0.82111,0.2248899999999998,0,0.0,2,0.181818181818182,0.3556,0.8063,0.502,0.1605,1.2509940700000002,2.42289772,3.44234053,4.24693118,-1.4399166254,-2.8027775453999992,-0.2290693735999999,-0.6512088323400002,7.069278975999968,-12.764845748999994,1.129889255299999,-3.082536557299997
32,ARG,2.188,0.6525499552639428,3.73557,0.88376,0.28124,0,0.0,2,0.153846153846154,0.0,0.7346,0.9398,0.6914,1.11094412,2.14550008,3.03306159,3.7141173200000006,-1.4756488658000009,-2.866352343,-0.244399113,-0.6938576217999999,6.627591699999985,-12.748573708000016,1.144229654100002,-3.267307861899996
33,GLY,0.848,0.4690265486725663,0.9267,0.67995,0.28005,1,0.0714285714285714,2,0.142857142857143,0.4556,0.0,1.0,0.5062,1.25083334,2.42160703,3.43798329,4.23662062,-1.3292125097000005,-2.576090498,-0.22708899377,-0.6430996232999999,5.801090251999988,-8.195169428,1.0230612050999988,-2.237539733449998
34,ARG,1.369,0.4082910826125857,3.11655,1.6819799999999998,0.3020200000000004,5,0.178571428571429,2,0.0714285714285714,0.0,0.7346,0.9398,0.6914,2.08659001,4.0504991,5.777176540000001,7.167732159999999,-1.4318771181099998,-2.7925820864000004,-0.22130416701,-0.63061019214,4.128229396999998,-5.392300270799996,0.6223421319999998,-1.2072248201799998
35,GLY,0.332,0.1836283185840708,0.98081,0.88573,0.59027,3,0.0909090909090909,2,0.0606060606060606,0.4556,0.0,1.0,0.5062,2.08547925,4.041874119999999,5.74904841,7.104082269999999,-1.3122149524,-2.558491803,-0.2031174924,-0.5784240269,5.381042025999995,-7.3954507809999965,0.8537286172000005,-1.6997964044
36,GLY,0.14,0.077433628318584,0.67659,1.04906,0.61894,3,0.0967741935483871,0,0.0,0.4556,0.0,1.0,0.5062,2.5051457000000004,4.870248129999999,6.964217670000001,8.67322725,-1.2148126175999998,-2.3637170212,-0.19371776417,-0.55032502586,5.021980415999991,-5.3326452876,0.8433449878000003,-1.3537423760400018
37,ASP,0.999,0.3726221559119731,2.339,1.04274,0.6392599999999999,2,0.0909090909090909,0,0.0,0.1111,0.3239,0.8675,1.0,2.22768632,4.33606753,6.213265580000001,7.761723339999999,-1.362709958700001,-2.6549088,-0.2135735331499999,-0.6076948632899999,4.008637586,-6.4848634972,0.6169215000999998,-1.4426274112399993
38,ARG,2.211,0.6594094840441395,3.79417,0.91965,0.2223500000000002,2,0.133333333333333,0,0.0,0.0,0.7346,0.9398,0.6914,1.39092792,2.6993476499999995,3.84837547,4.77194655,-1.8179887058000004,-3.524892499799998,-0.30845029858,-0.8738341034,4.824291690999999,-6.739213424499998,0.8197823108000004,-1.7862083586999993
39,GLY,0.74,0.40929203539823,0.8868600000000001,0.81046,0.2575400000000001,1,0.0909090909090909,0,0.0,0.4556,0.0,1.0,0.5062,1.53134432,2.97958449,4.26689522,5.32561916,-1.8354837690300003,-3.5797160751600003,-0.281697118228,-0.8021625230800002,4.009018039999999,-4.055492253199996,0.6124663244000008,-0.9144603604000008
40,GLY,0.552,0.3053097345132743,0.87751,0.8129799999999999,0.4430200000000001,1,0.0625,0,0.0,0.4556,0.0,1.0,0.5062,1.80989539,3.5222447300000006,5.04550718,6.29972823,-2.3058989119,-4.5098223090000005,-0.33740059761,-0.9639089157000004,3.3008620839999967,-6.288168203999992,0.5154288315999999,-1.432262191
41,PHE,1.278,0.4110646510131875,3.05913,1.5031,0.3279000000000001,2,0.133333333333333,0,0.0,0.8111,0.783,0.0763,0.037,1.80958181,3.51982101,5.03764702,6.28208143,-2.2044827043000006,-4.2956361699,-0.345678734155,-0.98410790793,3.296514740000001,-5.201199960799992,0.5449819669999999,-1.3419096576399996
42,ARG,2.361,0.7041455413062929,3.87243,0.8802399999999999,0.11176,0,0.0,0,0.0,0.0,0.7346,0.9398,0.6914,1.2524892,2.43452594,3.48032961,4.33310449,-1.6305587407359998,-3.1797505096240006,-0.2492366808229999,-0.70926488173,3.6919422099999935,-5.791494477096,0.5896577984999997,-1.35004886052
43,GLY,0.786,0.4347345132743362,0.93893,0.7610699999999999,0.2609300000000001,0,0.0,0,0.0,0.4556,0.0,1.0,0.5062,0.97266249,1.88187981,2.66886915,3.28379596,-1.3535085486,-2.6276141314,-0.22662268474,-0.6431622155699999,4.667929711999995,-8.144571890999993,0.7922560036000001,-2.044584095250001
44,GLY,0.859,0.4751106194690265,1.01137,0.76753,0.18147,0,0.0,0,0.0,0.4556,0.0,1.0,0.5062,1.11297619,2.16131949,3.08478924,3.83158658,-1.5102721726,-2.9518680967,-0.22264534332,-0.63536214385,4.710898033999998,-6.209493865100002,0.7684706913000002,-1.463392776349999
45,ARG,1.407,0.4196242171189979,3.46846,1.6349900000000002,0.31101,0,0.0,0,0.0,0.0,0.7346,0.9398,0.6914,1.11195169,2.15333828,3.05867209,3.77221651,-0.9300003668500004,-1.80562058736,-0.15523411477,-0.44053174351,7.016748116000002,-9.92508391864001,1.2317251540999958,-2.608031443309997
46,GLY,0.756,0.4181415929203539,0.90158,0.74489,0.30711,0,0.0,0,0.0,0.4556,0.0,1.0,0.5062,1.3920273900000002,2.70792548,3.87648822,4.8359848,-0.5911016271,-1.1504124009,-0.0942124997599999,-0.2677573780100001,6.136954498,-7.638906039300001,0.8969093033000023,-1.6129431665799985
47,GLY,0.364,0.2013274336283185,0.78159,0.93201,0.51199,0,0.0,0,0.0,0.4556,0.0,1.0,0.5062,1.5291419000000002,2.9624438700000004,4.21085369,5.19836058,-1.0160971691400005,-1.9744889751,-0.16663469457,-0.47304827939,5.531976393000003,-6.981877577300009,0.9256298301999992,-1.8141308593700007
48,GLY,0.239,0.1321902654867256,0.6846800000000001,1.03548,0.53352,0,0.0,0,0.0,0.4556,0.0,1.0,0.5062,1.8092270800000003,3.5171147,5.028990390000001,6.263017089999999,-1.15234861976,-2.2506226175,-0.1716407208039999,-0.48932881778,5.066104092999994,-9.101094258000003,0.8160549548999984,-2.137909075300001
49,ASP,1.093,0.4076837001118985,2.44336,1.04857,0.5394300000000001,0,0.0,0,0.0,0.1111,0.3239,0.8675,1.0,1.53022976,2.97084237,4.23808172,5.259484270000001,-1.1529573206,-2.2433747846999994,-0.1856332303499999,-0.5277901810999999,4.205249531000002,-8.066532056600003,0.6487860543999999,-1.8051278801
50,ARG,2.411,0.7190575603936773,3.98371,0.7432400000000001,0.19876,0,0.0,0,0.0,0.0,0.7346,0.9398,0.6914,1.5307363400000005,2.9748388,4.2513333,5.290143919999999,-1.359065461276,-2.6481187473700003,-0.2122233787345,-0.6038371713649999,3.455546903,-7.087015773,0.5539082746000004,-1.6176067037999995
51,GLY,0.239,0.1321902654867256,0.78196,1.03039,0.5386099999999998,0,0.0,0,0.0,0.4556,0.0,1.0,0.5062,1.66889237,3.23751634,4.61255712,5.714065699999999,-1.21256588577,-2.3568704086999994,-0.198054322945,-0.5624110049399998,4.6363525849999965,-9.079920515999994,0.7215030624,-2.077297931599998
52,GLY,0.953,0.5271017699115044,0.99709,0.63222,0.2227800000000001,1,0.0909090909090909,0,0.0,0.4556,0.0,1.0,0.5062,1.53180397,2.98318931,4.278775789999999,5.35288688,-0.9945741173,-1.9352858884000008,-0.15817407997,-0.44926192996,3.104847065999999,-4.5358944210000045,0.4746446489999997,-1.0712433931000005
53,PHE,0.844,0.2714699260212286,3.12012,1.95368,0.31132,1,0.0588235294117647,1,0.0588235294117647,0.8111,0.783,0.0763,0.037,1.52944062,2.96473019,4.21820351,5.214675700000001,-0.8096716520399999,-1.5800156754,-0.1235719739159999,-0.3522496920999999,2.8282660440000003,-3.4881285063999967,0.4485110246999995,-0.8154798900999999
54,GLY,0.55,0.3042035398230088,0.79857,0.87023,0.38777,2,0.181818181818182,2,0.181818181818182,0.4556,0.0,1.0,0.5062,1.1118915,2.15286445,3.05710604,3.76860984,-0.8598656506,-1.6733969328,-0.13647413598,-0.38768272385,3.2211023360000026,-6.0719801036,0.5074424695999994,-1.4538753535599995
55,PRO,1.375,0.6165919282511211,2.0203100000000003,0.7181,0.1369,1,0.2,1,0.2,0.3222,0.3764,0.8594,0.3827,0.83384748,1.61415181,2.2913998300000005,2.82380104,-0.7635505931,-1.4886280589999998,-0.11758730931,-0.33464578542,2.8280645739999986,-6.325965987000007,0.4452407618000006,-1.4883048146300009
56,GLY,0.786,0.4347345132743362,0.87721,0.7264499999999998,0.2955500000000002,1,0.25,1,0.25,0.4556,0.0,1.0,0.5062,0.6942799,1.34049834,1.89432107,2.31855307,-0.7176261102999999,-1.395036888,-0.1171246271799999,-0.33265923824,2.8220122880000003,-5.839282268000002,0.4980303652999999,-1.493805614200001
57,LYS,1.355,0.434991974317817,2.62633,1.34027,0.4197300000000001,1,0.0909090909090909,2,0.181818181818182,0.0667,0.6942,0.6867,0.7901,0.97154624,1.87319662,2.6404989700000003,3.21944034,-0.63318172853,-1.224788126,-0.11214941092,-0.31732420357,3.0198345860000044,-4.138550711000001,0.5182513519999996,-1.1019733221900003
58,MET,1.584,0.5311871227364185,2.47634,1.06583,0.3321700000000001,0,0.0,1,0.1,0.7111,0.6196,0.0,0.0988,1.39188471,2.70681191,3.87283782,4.827668019999999,-0.7376890415,-1.4310247555000002,-0.1236994701599999,-0.3504521794,2.7504602700000005,-1.9328522455,0.4247181248999998,-0.5431611993
59,ASP,0.74,0.2760164117866467,2.27408,1.20836,0.7326400000000002,0,0.0,0,0.0,0.1111,0.3239,0.8675,1.0,1.67019579,3.2475979700000006,4.64530333,5.7877618900000005,-0.7325992738,-1.4127742123999998,-0.13503250221,-0.3809748326300001,3.3814628599999987,-2.1565589075000005,0.5050254929999998,-0.4872082639499998
60,SER,0.447,0.205422794117647,1.48036,1.26963,0.45937,0,0.0,0,0.0,0.4111,0.1877,0.8514,0.5309,2.0888541100000007,4.068108970000001,5.83470602,7.29821833,-0.87372747645,-1.7025612064000002,-0.13569400799,-0.38594681317,3.1864124179999997,-5.0721928372,0.4653652639999999,-1.0364745741099994
61,ARG,1.907,0.5687444079928422,3.82294,1.17972,0.26628,1,0.125,1,0.125,0.0,0.7346,0.9398,0.6914,1.53111096,2.9777592200000003,4.26089814,5.31191294,-1.1167971897700002,-2.17135419025,-0.18021464627,-0.5115127545799999,2.2796170599999988,-2.32384798178,0.3484310045,-0.55303679155
62,GLY,0.614,0.3396017699115044,0.90381,0.7767,0.4173,1,0.111111111111111,1,0.111111111111111,0.4556,0.0,1.0,0.5062,1.11243163,2.1570801,3.07092826,3.80011472,-1.0051392125,-1.9545990971,-0.16316068985,-0.46358332843,2.5534801209999984,-2.6643370255000005,0.4026012439999999,-0.6131695984000002
63,GLU,1.428,0.5234604105571847,2.7151,1.05244,0.2475600000000002,1,0.125,1,0.125,0.1111,0.4884,0.8112,0.9136,1.11294041,2.16105108,3.0839488100000003,3.82979375,-0.9750395019,-1.9005286782000004,-0.1518383519599999,-0.4323107808999999,2.515839900999999,-1.8185470523,0.3799520204000001,-0.4589461331
64,HIS,1.053,0.3808318264014466,2.83655,1.4117799999999998,0.3002200000000004,1,0.125,2,0.25,0.1444,0.561,0.1124,0.679,0.97263214,1.88164096,2.6680793300000003,3.2819754100000003,-1.1357833256999998,-2.2053807025000003,-0.1882488902,-0.5339687398999999,1.919678828999999,-3.826841202,0.3464910150000002,-1.0540531417999996
65,ARG,2.476,0.738443185207277,3.80263,1.0109499999999998,-0.1339499999999995,0,0.0,1,0.111111111111111,0.0,0.7346,0.9398,0.6914,1.25230684,2.43311076,3.47571739,4.32267737,-0.9117225225,-1.7873555420000002,-0.1262535944,-0.3613935789,1.7708080589999993,-3.295952633999999,0.2542522298000001,-0.696853091
66,GLN,1.628,0.5662608695652174,2.8326100000000003,0.93146,0.3155400000000001,0,0.0,1,0.125,0.1111,0.5388,0.7952,0.6914,0.97343613,1.88792036,2.68868309,3.3289842,-0.6317427371000001,-1.2335934014,-0.09447317293,-0.2692665843599999,1.846050382,-2.968688806,0.2900714176000001,-0.6639117844
67,ASP,0.725,0.2704214845207012,2.0854,1.24133,0.7146699999999999,0,0.0,0,0.0,0.1111,0.3239,0.8675,1.0,0.83324086,1.60941693,2.27587404,2.7884088,-0.5196259341499999,-1.0055916328,-0.0910400469199999,-0.25759496831,2.1153761099999997,-2.439668969599999,0.380869983,-0.6763992936000003
68,ARG,2.194,0.6543393975544288,3.70163,1.0647300000000002,0.09427,0,0.0,1,0.166666666666667,0.0,0.7346,0.9398,0.6914,0.83371616,1.6130856999999998,2.28775965,2.81505906,-0.6147105034999999,-1.197906312,-0.0962997614999999,-0.274157023,2.0022075300000006,-4.307319136000003,0.3267284421000003,-1.036027774
69,ARG,2.219,0.661795407098121,3.75686,1.02467,0.1093300000000003,0,0.0,1,0.2,0.0,0.7346,0.9398,0.6914,0.97297679,1.8843423,2.67697643,3.3023782500000003,-0.622886187,-1.216413588,-0.0932490215,-0.265872419,2.0048853540000016,-5.119546039999999,0.3058854529,-1.1170302299999997
70,GLU,1.386,0.5080645161290321,2.68967,0.97973,0.3622700000000003,0,0.0,0,0.0,0.1111,0.4884,0.8112,0.9136,0.8338597499999999,1.6142285099999998,2.29158547,2.82402143,-0.144087985,-0.277677477,-0.0266126194999999,-0.0749863086,2.158214309999998,-2.202202310000001,0.358362946,-0.5801006524999996
71,ARG,1.896,0.5654637637936176,3.57474,1.30715,0.1498500000000002,0,0.0,1,0.2,0.0,0.7346,0.9398,0.6914,0.6938115899999999,1.3368382399999998,1.88230347,2.29111059,-0.206748541,-0.401749077,-0.0343113508,-0.0975152025,1.3340086610000004,-1.580193960000001,0.226306512,-0.3848712335000001
72,PRO,1.281,0.574439461883408,1.80601,0.7868999999999999,0.1621000000000001,0,0.0,0,0.0,0.3222,0.3764,0.8594,0.3827,0.55508628,1.06981542,1.50716423,1.83648089,-0.246177478,-0.478025053,-0.0405201179,-0.1148698839,1.09978466,-1.882439365,0.173333532,-0.4696391340000001
73,TYR,2.671,0.783744131455399,4.87679,0.8273,-0.0902999999999999,0,0.0,0,0.0,0.3556,0.8063,0.502,0.1605,0.4168865,0.80677897,1.14470478,1.40956632,-0.223113953,-0.433210104,-0.0370666422,-0.1051576083,1.0599236760000006,-2.014603541,0.172637439,-0.4967129031999999
