1,GLY,1.363,0.7538716814159292,0.95714,0.28129,0.16371,0,0.0,0,0.0,0.4556,0.0,1.0,0.5062,0.2773660599999999,0.5335149699999999,0.74897862,0.90763381,-0.268238552,-0.5177383760000001,-0.049057012,-0.138568329,1.056143476,-2.698199292,0.2031615902,-0.7474754430000001
2,PRO,1.52,0.6816143497757847,1.76696,0.71296,-0.00296,1,0.5,0,0.0,0.3222,0.3764,0.8594,0.3827,0.55535913,1.07194507,1.51414728,1.85239785,-0.298059735,-0.580311344,-0.046902005,-0.133276864,0.9025124160000002,-2.664193114,0.149322503,-0.6433066420000002
3,GLY,0.89,0.4922566371681416,1.03376,0.74049,0.17751,1,0.333333333333333,0,0.0,0.4556,0.0,1.0,0.5062,0.69434377,1.34100907,1.89604018,2.32260906,-0.3382154059999999,-0.6599801299999999,-0.0507810159,-0.144531251,0.5493366199999999,-1.2566899499999995,0.090960442,-0.3214599465
4,GLY,1.137,0.6288716814159292,0.99469,0.6333599999999999,0.0376400000000001,1,0.25,0,0.0,0.4556,0.0,1.0,0.5062,0.69457272,1.3427892,1.90185144,2.33577514,-0.6338967060000001,-1.2377163100000002,-0.0951543917999999,-0.2712438432999999,0.51150206,-0.76551845,0.0740470138,-0.1636939335
5,GLY,0.633,0.3501106194690265,0.8923300000000001,0.8435100000000001,0.3314899999999999,0,0.0,0,0.0,0.4556,0.0,1.0,0.5062,0.6943437699999999,1.34100907,1.89604018,2.32260906,-0.578077171,-1.117320979,-0.1034460565,-0.2924686027000001,0.5087270039999999,-0.464235891,0.0962831377999999,-0.1368619285
6,PRO,1.303,0.5843049327354259,1.88678,0.93367,-0.0066699999999999,2,0.25,0,0.0,0.3222,0.3764,0.8594,0.3827,1.11313718,2.16257812,3.08892395,3.84103602,-0.7418856877600001,-1.4432954278,-0.1185810631649999,-0.33677721808,0.5896511029999999,-0.9330068000000002,0.0901296702999999,-0.2034041916999999
7,GLY,0.538,0.2975663716814159,0.8327,0.8324,0.4376,2,0.153846153846154,0,0.0,0.4556,0.0,1.0,0.5062,1.39119511,2.70142007,3.85512607,4.78719656,-0.7582018239999999,-1.475586696,-0.1212425648999999,-0.3446876918,0.628550812,-1.0841462920000002,0.1001373839999999,-0.2586761939999999
8,GLY,0.702,0.3882743362831858,0.83773,0.79611,0.3098900000000001,1,0.111111111111111,1,0.111111111111111,0.4556,0.0,1.0,0.5062,1.25244216,2.43415082,3.47907132,4.33015046,-0.4938466956999999,-0.9581927856,-0.08250580377,-0.2337737483999999,0.7078784640000001,-1.75975694,0.1043454952,-0.3730690129999999
9,SER,0.802,0.3685661764705882,1.49496,0.96341,0.4105900000000001,0,0.0,1,0.0666666666666667,0.4111,0.1877,0.8514,0.5309,1.38958988,2.68891353,3.81419461,4.69413004,-0.5050701750000001,-0.98511752,-0.0776948936,-0.2213548509999999,0.7065684679999998,-1.8497835139999996,0.116505112,-0.4336423590000001
10,HIS,1.484,0.5367088607594936,2.99345,1.08331,0.1976900000000001,0,0.0,1,0.1,0.1444,0.561,0.1124,0.679,1.11203453,2.15397441,3.06072429,3.77679363,-0.5991146169999999,-1.166707738,-0.0938604239599999,-0.2667523591,1.8456702810000003,-3.403656656,0.2961350489999999,-0.8117512412000002
11,MET,1.914,0.641851106639839,2.66859,0.7836399999999999,0.2843600000000004,0,0.0,0,0.0,0.7111,0.6196,0.0,0.0988,0.83413496,1.6163758,2.29862292,2.84005269,-0.695976624,-1.355077157,-0.1102604461,-0.313526792,2.002266478000001,-3.872569226000001,0.3246107921,-0.909349894
12,GLY,0.791,0.4375,0.97926,0.72665,0.2903499999999999,0,0.0,0,0.0,0.4556,0.0,1.0,0.5062,0.8335570300000001,1.61186348,2.28382363,2.80630737,-0.6134780637999999,-1.1909361636,-0.10206671634,-0.2894582536,1.9219276480000005,-3.812583265000001,0.3267166816,-0.9245484378999996
13,GLY,0.386,0.2134955752212389,0.8511,0.914,0.5080000000000002,0,0.0,0,0.0,0.4556,0.0,1.0,0.5062,1.25119891,2.42445381,3.4473007100000004,4.25780917,-0.32266230975,-0.6289014109000001,-0.0497937177,-0.14164092372,1.0606478300000004,-1.8175972765999997,0.1660647605999999,-0.4230420353
14,ASN,1.46,0.5971370143149285,2.4949700000000004,0.8045,0.1804999999999998,0,0.0,0,0.0,0.1111,0.3976,0.6747,0.8272,1.39098884,2.69981667,3.849889670000001,4.77532295,-0.3013496912,-0.5878446917,-0.0457915639,-0.1303475456,1.3369924480000004,-2.3912379299999995,0.1986212739999998,-0.5025798486000002
15,TYR,1.295,0.3799882629107981,3.55886,1.7526599999999997,0.3603400000000003,2,0.142857142857143,1,0.0714285714285714,0.3556,0.8063,0.502,0.1605,1.39052936,2.6962163399999994,3.83803738,4.7481661,-0.568674277,-1.102136367,-0.0977517869,-0.2770060164,0.979727048,-2.716569858000001,0.1742807885000001,-0.7036750165
16,GLY,0.633,0.3501106194690265,0.97849,0.78035,0.39465,0,0.0,1,0.166666666666667,0.4556,0.0,1.0,0.5062,1.25279624,2.4369224,3.48818696,4.35101441,-0.9722705579,-1.891733029,-0.15573690633,-0.4425294357999999,0.705189078,-1.6304122809999997,0.1269010623,-0.4456199058000001
17,ASP,1.608,0.5997762029093622,2.5510900000000003,0.8036099999999999,0.26939,0,0.0,1,0.333333333333333,0.1111,0.3239,0.8675,1.0,0.6947218399999999,1.34396056,1.90571786,2.34466823,-1.1973044035000002,-2.3150986080000004,-0.2108122774999999,-0.5955690526999999,1.0970368720000006,-1.8721449,0.1956698988000001,-0.5400433176
18,ASP,1.336,0.4983215218202163,2.14289,0.88877,0.45623,0,0.0,0,0.0,0.1111,0.3239,0.8675,1.0,0.97338555,1.88750742,2.68726441,3.32555039,-1.3847129764,-2.700710221,-0.2137521422799999,-0.6090595589999999,1.8076724100000017,-3.4580503341,0.2801972231000002,-0.7911492079999998
19,ARG,2.324,0.6931106471816283,3.8623,0.97712,0.0518800000000004,0,0.0,0,0.0,0.0,0.7346,0.9398,0.6914,0.6937631099999999,1.33646725,1.88111194,2.28847019,-1.0251433342,-1.9837493106000004,-0.1810471782,-0.5125764744,1.800208202000001,-3.9726649749,0.3401483433999999,-1.0671237856999998
20,ARG,2.282,0.6805845511482255,3.90008,0.88075,0.1902500000000001,0,0.0,1,0.142857142857143,0.0,0.7346,0.9398,0.6914,1.11323665,2.16338058,3.09164694,3.84752589,-0.8035544703299998,-1.5618300554,-0.1312491928139999,-0.3726715109799999,2.514223182000002,-4.403171168000001,0.3923747017,-1.0889382971999997
21,GLY,0.339,0.1875,0.95067,0.8050400000000001,0.66396,1,0.0625,1,0.0625,0.4556,0.0,1.0,0.5062,1.3911488,2.70103805,3.85379909,4.78394212,-0.7919713289800001,-1.5424240969400005,-0.1253154895795,-0.356561773944,2.7500003680000003,-4.685931511042001,0.4348677755999997,-1.0974611588400005
22,GLY,0.272,0.1504424778761062,0.61027,0.96888,0.5671200000000001,1,0.0476190476190476,2,0.0952380952380952,0.4556,0.0,1.0,0.5062,1.66842217,3.23372976,4.59974311,5.68364408,-0.701288198,-1.363010095,-0.1156125389999999,-0.328540011,2.1985511630000008,-3.686312594,0.3616061023999998,-0.8961405945000005
23,ARG,2.331,0.6951983298538622,3.82158,0.97774,0.0442600000000001,1,0.0526315789473684,3,0.157894736842105,0.0,0.7346,0.9398,0.6914,1.66957303,3.24277381,4.62961,5.75237245,-0.5776259506000001,-1.118973178,-0.09949737435,-0.2816973428,1.805667768,-3.1012628720000004,0.2961619603000001,-0.7635206847999999
24,GLY,0.264,0.1460176991150442,0.7615099999999999,0.93029,0.61371,1,0.0476190476190476,3,0.142857142857143,0.4556,0.0,1.0,0.5062,1.66882023,3.2369095100000003,4.61042371,5.70877106,-0.5030546857,-0.9774684066,-0.0826071005,-0.2345129959999999,1.844638472000001,-2.266745970000001,0.3044159780000001,-0.5856460342999997
25,GLY,0.959,0.5304203539823008,0.99111,0.6720599999999999,0.1769400000000002,1,0.05,1,0.05,0.4556,0.0,1.0,0.5062,1.52863055,2.9584051,4.19744902,5.167313260000001,-0.3617337531999999,-0.70097790012,-0.0624261051399999,-0.1769079113999999,1.8826897519999992,-1.47959044168,0.3234309227999999,-0.3690930760000002
26,TYR,0.658,0.193075117370892,3.02863,2.08161,0.66839,2,0.08,2,0.08,0.3556,0.8063,0.502,0.1605,1.66748118,3.22646919,4.57622715,5.630934089999999,-0.4023644452,-0.780151588,-0.0684526310999999,-0.1939930598,1.923945065,-2.156095680000001,0.3134707981999999,-0.5416756762
27,ASP,1.607,0.5994032077582991,2.18022,0.8272999999999999,0.2467000000000001,0,0.0,0,0.0,0.1111,0.3239,0.8675,1.0,1.5315177300000002,2.98094868,4.27140641,5.33602103,-0.3843408175,-0.7511899388000001,-0.05697525031,-0.1626691938,2.556444713,-2.694128180600001,0.3766071204000001,-0.5647542325000002
28,ARG,2.207,0.6582165225171487,3.62497,0.93176,0.2142400000000003,0,0.0,0,0.0,0.0,0.7346,0.9398,0.6914,1.53083586,2.97561862,4.253899070000001,5.29601832,-0.623983073,-1.215815919,-0.0980023047,-0.2789950546,2.555301074999998,-4.116261864500001,0.3880532229,-0.9363513235000004
29,GLY,0.186,0.1028761061946902,0.62877,0.98574,0.63626,1,0.0416666666666667,3,0.125,0.4556,0.0,1.0,0.5062,1.52778332,2.95182239,4.17597441,5.118706369999999,-0.57174386535,-1.10526678914,-0.10212478489,-0.28879819946,2.508579725,-3.965111758599999,0.4433699412999999,-1.0537302964999993
30,GLY,0.461,0.2549778761061947,0.94529,0.79369,0.55331,1,0.04,1,0.04,0.4556,0.0,1.0,0.5062,1.66692295,3.22214402,4.5621516600000005,5.59917057,-0.5499583919599997,-1.06925755287,-0.08961908002,-0.2546114589229999,1.5311565909999998,-2.762366824012001,0.2505123493,-0.6522865458079997
31,TYR,1.69,0.4958920187793427,3.85057,1.3335099999999998,0.3844900000000002,1,0.0769230769230769,2,0.153846153846154,0.3556,0.8063,0.502,0.1605,1.5308785900000002,2.97595504,4.2550156,5.298607709999999,-0.7040166712,-1.372697381,-0.1090644551499999,-0.3106445167,1.7302162959999992,-2.646439366000001,0.2577963779,-0.6012449921999998
32,ARG,2.585,0.7709513868177751,4.04128,0.73248,0.0355200000000002,0,0.0,0,0.0,0.0,0.7346,0.9398,0.6914,0.9731005,1.88528561,2.67999178,3.30901159,-1.0185948851,-1.9754706242999995,-0.1728085825699999,-0.48986188277,1.3724319559999998,-2.4276239792000003,0.2361966884,-0.6031723145400001
33,GLY,0.795,0.439712389380531,1.02668,0.74055,0.2724499999999998,0,0.0,0,0.0,0.4556,0.0,1.0,0.5062,1.25226078,2.43272646,3.47437041,4.319341039999999,-1.1616903018800002,-2.26892981774,-0.174261212106,-0.49711733346,1.9258445320000008,-4.378853959,0.295637943,-0.9545634704
34,ARG,2.489,0.7423203101699969,4.06344,0.7525599999999999,0.1114400000000004,1,0.25,0,0.0,0.0,0.7346,0.9398,0.6914,0.97383565,1.89106554,2.69909209,3.35300706,-0.8500154635000001,-1.6534944367200002,-0.13498070423,-0.3830449042,1.767086442,-3.2473947612599985,0.2820370635,-0.7908543930499996
35,GLY,0.528,0.2920353982300885,0.97605,0.8593999999999999,0.4206000000000001,1,0.166666666666667,0,0.0,0.4556,0.0,1.0,0.5062,0.69395579,1.33796093,1.8859743300000005,2.29944549,-0.675124002,-1.3078193370000002,-0.1172025433,-0.3320670882,1.3704356799999995,-2.417378579,0.2532402537000001,-0.6288495096000003
36,GLY,0.848,0.4690265486725663,0.96641,0.6826500000000001,0.27735,1,0.166666666666667,0,0.0,0.4556,0.0,1.0,0.5062,0.97337599,1.88746059,2.68721069,3.32573582,-0.37885678676,-0.7378723626000001,-0.05943611854,-0.1689904099999999,1.4537410080000006,-1.7756578915999994,0.2266860004,-0.4287556466000002
37,ASP,1.592,0.5938082804923536,2.24457,0.7265499999999999,0.36245,0,0.0,0,0.0,0.1111,0.3239,0.8675,1.0,0.97272709,1.88238463,2.67052685,3.28758262,-0.3879926807,-0.755815341,-0.06053193046,-0.1721066217,1.2950084440000005,-2.4153131370000005,0.2147121222999999,-0.6230442928000002
38,ARG,2.594,0.7736355502535043,4.00644,0.8096399999999999,-0.0506399999999995,0,0.0,0,0.0,0.0,0.7346,0.9398,0.6914,0.83293045,1.60696692,2.26774639,2.7695936800000003,-0.3647130111,-0.709719992,-0.05891695815,-0.16761688966,1.606209565,-2.8825748037999994,0.2912430843,-0.7046692858000001
39,GLY,0.877,0.4850663716814159,1.06063,0.61944,0.31156,0,0.0,0,0.0,0.4556,0.0,1.0,0.5062,0.83390779,1.61461006,2.29285988,2.82699842,-0.389471103,-0.75758217,-0.0624802176999999,-0.1774530445,1.453276330000001,-3.049706079000001,0.2298215311,-0.7263272384
40,GLY,0.605,0.3346238938053097,0.90045,0.81826,0.3847400000000001,0,0.0,0,0.0,0.4556,0.0,1.0,0.5062,0.83305246,1.60793947,2.27100543,2.77723738,-0.568942473,-1.102169243,-0.0978978502,-0.277163029,1.452136234,-4.100170272000001,0.2408266495,-0.9948339790000004
41,PHE,1.331,0.428111933097459,3.52335,1.43318,0.3448200000000001,0,0.0,0,0.0,0.8111,0.783,0.0763,0.037,0.97337488,1.88744017,2.68710208,3.32535951,-0.520372622,-1.016665367,-0.0769737227799999,-0.2194867452999999,2.0035487039999995,-4.195839242999997,0.3143275384,-0.9248478895000004
42,ARG,2.541,0.7578288100208768,3.77718,0.76971,0.0422900000000002,0,0.0,0,0.0,0.0,0.7346,0.9398,0.6914,0.83434028,1.61797994,2.30388758,2.85206516,-0.4995636592,-0.972246358,-0.07957454384,-0.2261380224999999,1.5710831520000006,-2.420595061,0.2488973888000001,-0.5691602294000001
43,GLY,0.478,0.2643805309734513,0.8576999999999999,0.86567,0.46433,1,0.2,0,0.0,0.4556,0.0,1.0,0.5062,0.6943526999999999,1.34107604,1.8962493300000005,2.32305345,-0.5699309870000001,-1.099867404,-0.1039981245,-0.2935833195,1.057469651,-2.3849909110000005,0.1923676316000001,-0.6586654355000002
44,GLY,0.856,0.4734513274336283,0.9518,0.66976,0.28224,1,0.142857142857143,0,0.0,0.4556,0.0,1.0,0.5062,0.97354613,1.8887766,2.69148275,3.33533901,-0.454667123,-0.89180419,-0.0621288141999999,-0.1779150179999999,1.0625788820000002,-2.431213084,0.1513156715,-0.4908525769999999
45,ARG,2.17,0.6471816283924843,3.8183,1.04756,0.1354400000000002,1,0.25,0,0.0,0.0,0.7346,0.9398,0.6914,0.8338540600000001,1.6141860499999998,2.29145263,2.82373814,-0.2641878905,-0.5145670884,-0.0412999557,-0.1174048822,1.0996222440000003,-1.7855303761999997,0.1746703843000001,-0.3985726235
46,GLY,0.865,0.478429203539823,0.99634,0.7048300000000001,0.23817,1,0.166666666666667,0,0.0,0.4556,0.0,1.0,0.5062,0.83395326,1.6149611999999998,2.29399736,2.8295481600000003,-0.446852237,-0.871487038,-0.0683932983,-0.1947071075,1.1791536280000006,-3.087743860000001,0.1800841651999999,-0.6833194729999998
47,GLY,0.989,0.5470132743362832,1.03112,0.72598,0.0930200000000001,1,0.142857142857143,0,0.0,0.4556,0.0,1.0,0.5062,0.6941232799999999,1.33927012,1.89027377,2.3092658,-0.544161675,-1.057038024,-0.0903892831,-0.256686534,1.2541624750000009,-3.315089976,0.2223162864000002,-0.8373786009999995
48,GLY,0.786,0.4347345132743362,1.00688,0.74839,0.27361,0,0.0,0,0.0,0.4556,0.0,1.0,0.5062,0.8341320700000001,1.61635483,2.29855927,2.83992272,-0.584036312,-1.1363137709999998,-0.0932338412,-0.264816515,0.9802892470000002,-2.390683446,0.1681468261000001,-0.6188923109999999
49,ASP,1.322,0.4930995897053338,2.54467,0.89532,0.46368,0,0.0,0,0.0,0.1111,0.3239,0.8675,1.0,0.8343172700000001,1.61780664,2.30334203,2.85089402,-0.442326958,-0.857056095,-0.0752657786,-0.2129415648,1.2957988819999997,-2.197870924,0.2072739518,-0.548321781
50,ARG,2.358,0.7032508201610498,3.61787,1.02653,-0.0315299999999998,0,0.0,0,0.0,0.0,0.7346,0.9398,0.6914,0.69422338,1.34005267,1.89284352,2.31513495,-0.6334771309999999,-1.230372243,-0.1050980769,-0.2983192176,0.8233316039999999,-1.7335419779999992,0.1435822407999999,-0.437866303
51,GLY,0.88,0.4867256637168141,0.9312,0.7526299999999999,0.1753700000000001,1,0.25,0,0.0,0.4556,0.0,1.0,0.5062,0.6945108099999999,1.3423140299999998,1.9003228100000005,2.33238249,-0.7352082417000001,-1.429087564,-0.1198588156,-0.3403372265,0.8629640740000004,-1.829411633,0.1461204784999999,-0.486776745
52,GLY,0.658,0.3639380530973451,0.81009,0.93856,0.2114399999999998,3,0.428571428571429,0,0.0,0.4556,0.0,1.0,0.5062,0.8339973900000001,1.61530158,2.29509955,2.83201794,-0.6044476254099999,-1.1761290624500005,-0.096198104805,-0.273229991102,0.7071300390000002,-1.07107613668,0.1106370542999999,-0.21399891942
53,PHE,1.83,0.5886137021550338,3.4722000000000004,1.0912,0.1877999999999999,5,0.5,0,0.0,0.8111,0.783,0.0763,0.037,1.25242994,2.4340587999999994,3.47878284,4.32953314,-0.253616964,-0.495167826,-0.0382540164,-0.1090753902,0.6282524720000002,-1.109433351,0.1012136937,-0.2473513884999999
54,GLY,0.186,0.1028761061946902,0.6407599999999999,1.02168,0.60032,6,0.5,1,0.0833333333333333,0.4556,0.0,1.0,0.5062,1.1115432,2.15016374,3.04831185,3.74875269,-0.219016784,-0.4254738269999999,-0.0360334346,-0.1022562861,0.7852083859999999,-1.058958658,0.1268578845,-0.2608064279
55,PRO,1.073,0.4811659192825112,1.92383,0.96037,0.19663,4,0.5,1,0.125,0.3222,0.3764,0.8594,0.3827,0.83306672,1.6080294399999997,2.27122708,2.77751821,-0.416908086,-0.8081898161999999,-0.0712210734,-0.2018076453,0.9016172320000002,-2.0480256486000004,0.1584029802,-0.5211274418999999
56,GLY,0.904,0.5,0.98729,0.6427999999999999,0.2612000000000001,2,0.4,0,0.0,0.4556,0.0,1.0,0.5062,0.8337558899999999,1.61341754,2.28892584,2.81795787,-0.476357091,-0.9307311339999998,-0.0709219628,-0.202398069,0.904333995,-2.368569046,0.1362246703,-0.5187636579999999
57,LYS,2.156,0.6921348314606741,3.12551,0.93487,0.0241299999999999,2,0.25,1,0.125,0.0667,0.6942,0.6867,0.7901,0.8328664400000001,1.60647964,2.2661915,2.76618137,-0.414352615,-0.8023416800000001,-0.0719898497,-0.20379685,0.901976062,-1.964173956,0.1549353736,-0.500368288
58,MET,1.309,0.4389671361502347,2.37811,1.3344,0.3386000000000002,5,0.416666666666667,1,0.0833333333333333,0.7111,0.6196,0.0,0.0988,1.11126295,2.14793946,3.0408893700000004,3.7314364699999993,-0.4336040109999999,-0.84321893,-0.0704969486999999,-0.2003357106,0.981202392,-1.993278206,0.1632178148,-0.4858574408000001
59,ASP,1.03,0.3841850055949272,2.20571,1.18689,0.46411,0,0.0,0,0.0,0.1111,0.3239,0.8675,1.0,1.11319887,2.16306278,3.090524830000001,3.84472037,-0.3656351347,-0.7076791069999999,-0.06366341987,-0.1800621245999999,1.1380741640000005,-1.8127195120000004,0.1870985831999999,-0.4673433697
60,SER,1.212,0.556985294117647,1.44945,0.81644,0.1475600000000001,0,0.0,0,0.0,0.4111,0.1877,0.8514,0.5309,0.6946947399999999,1.34374688,1.90500931,2.34302887,-0.729962947,-1.41144278153,-0.12881770713,-0.36399982751,1.0597427119999998,-2.5443124490800004,0.1737820402000001,-0.5962262033000001
61,ARG,1.99,0.5934983596779003,3.71487,1.223,0.1400000000000003,0,0.0,0,0.0,0.0,0.7346,0.9398,0.6914,0.69441913,1.3415955599999998,1.89795646,2.32695606,-0.719423009,-1.39972005,-0.115513874,-0.3282867379999999,0.901616165,-2.6079367819999995,0.1570522665,-0.656462426
62,GLY,0.841,0.4651548672566371,0.9389,0.6979,0.2691000000000001,0,0.0,0,0.0,0.4556,0.0,1.0,0.5062,0.6945420899999999,1.34255979,1.90113319,2.33424372,-0.4142164499999999,-0.805578974,-0.0668741714,-0.189965039,0.4704373020000001,-1.441248628,0.0826031044999999,-0.3715340399999999
63,GLU,1.605,0.5883431085043987,2.61661,0.8331900000000001,0.2898100000000001,0,0.0,0,0.0,0.1111,0.4884,0.8112,0.9136,0.69438545,1.34133234,1.89709229,2.32498306,-0.41864793,-0.8109905540000001,-0.0719681932,-0.203711862,0.4706488070000001,-1.266778292,0.0796741969,-0.321628719
64,HIS,1.478,0.5345388788426763,3.1281,1.15016,0.13684,0,0.0,0,0.0,0.1444,0.561,0.1124,0.679,0.8337439,1.6133160599999998,2.28856457,2.81704619,-0.558514908,-1.086972242,-0.0891776143,-0.253490402,0.6269662260000002,-1.8605852839999997,0.1112245988,-0.4824030429999998
65,ARG,2.429,0.7244258872651356,3.89936,0.88905,0.0349500000000003,0,0.0,0,0.0,0.0,0.7346,0.9398,0.6914,0.83400132,1.61534326,2.29527531,2.83253929,-0.7707101879999998,-1.500398488,-0.1219901590999999,-0.346760253,1.0996387049999996,-3.2606562999999977,0.1744130315,-0.7602653150000004
66,GLN,1.254,0.4361739130434782,2.63176,1.10977,0.5112300000000001,0,0.0,0,0.0,0.1111,0.5388,0.7952,0.6914,0.6940195,1.33847372,1.88771139,2.30357578,-0.5615694947999998,-1.0846842866000002,-0.10185329134,-0.28793059834,0.4699582880000001,-1.3402707900000002,0.086359568,-0.3521427549999999
67,ASP,1.051,0.392017903767251,2.38329,1.07999,0.5500100000000001,0,0.0,0,0.0,0.1111,0.3239,0.8675,1.0,0.9731532,1.88570369,2.68138666,3.3122649400000004,-0.3764105821599999,-0.7299872568,-0.0639414776099999,-0.18125491491,0.471511488,-1.269229156,0.074352824,-0.286980314
68,ARG,1.319,0.3933790635252013,3.32925,1.6069099999999998,0.4270900000000004,0,0.0,2,0.25,0.0,0.7346,0.9398,0.6914,1.1115971400000002,2.15059309,3.04974691,3.75210554,-0.211250935,-0.4101722279999999,-0.0348378027,-0.098757607,0.35329526,-0.772448444,0.05744755,-0.188166054
69,ARG,1.847,0.5508499850879809,3.8974,0.95312,0.5528800000000004,0,0.0,2,0.4,0.0,0.7346,0.9398,0.6914,0.83347002,1.61119549,2.28167103,2.80151497,-0.374804013,-0.725976611,-0.0647208078,-0.183233765,0.313846066,-0.660770356,0.05295444,-0.164109232
70,GLU,1.931,0.7078445747800586,3.10762,0.68752,0.1094800000000001,0,0.0,1,0.333333333333333,0.1111,0.4884,0.8112,0.9136,0.8339155300000001,1.61467961,2.29312001,2.8276910400000004,-0.301581901,-0.586499415,-0.0486180710999999,-0.138078189,0.3527648220000001,-0.930989605,0.0617125596,-0.2318477009999999
71,ARG,1.293,0.3856248135997613,3.3227,1.46583,0.5941700000000005,1,0.142857142857143,4,0.571428571428571,0.0,0.7346,0.9398,0.6914,0.8324556600000002,1.60329437,2.25581788,2.74274972,-0.2754277098,-0.534629579,-0.0461150812,-0.13083629,0.352830693,-0.7450363805,0.0620251254,-0.1850440058999999
72,PRO,1.272,0.5704035874439461,1.95586,0.85395,0.1040499999999999,1,0.25,2,0.5,0.3222,0.3764,0.8594,0.3827,0.69450484,1.3422595199999998,1.90011493,2.33181707,-0.1737181125999999,-0.3374382252999999,-0.0287208601299999,-0.08151521494,0.6282854660000001,-0.5358100078000001,0.1010524635,-0.13926468182
73,TYR,2.229,0.6540492957746479,4.7166500000000005,0.98903,0.1899699999999997,1,0.5,2,1.0,0.3556,0.8063,0.502,0.1605,0.55680239,1.08313295,1.55057577,1.93466338,-0.243574035,-0.474475159,-0.0380065631999999,-0.108059411,0.432664034,-0.32145514,0.0630323479999999,-0.077283441
