1,GLY,0.51,0.2820796460176991,0.85714,0.93753,0.3604699999999999,0,0.0,0,0.0,0.4556,0.0,1.0,0.5062,1.10976726,2.13630033,3.0028513,3.64512492,-0.1867086552899999,-0.36025141305,-0.034413433,-0.09722311529,1.4107007639999989,-2.2069149766800007,0.2531187864000001,-0.6026432517600003
2,PRO,1.361,0.6103139013452915,2.07933,0.7651600000000001,0.1038399999999999,0,0.0,0,0.0,0.3222,0.3764,0.8594,0.3827,1.11257993,2.15822197,3.07461728,3.80835369,-0.1237341067,-0.241557416,-0.0188512355,-0.0537854092,1.4163065639999994,-1.6834721190000006,0.2068628952,-0.3737747088000001
3,GLY,1.005,0.555862831858407,1.00093,0.61429,0.1887100000000001,0,0.0,0,0.0,0.4556,0.0,1.0,0.5062,0.6944325200000001,1.3417073199999998,1.89834828,2.32792777,-0.30973514,-0.5934302455000001,-0.0627097549299999,-0.1762619312,1.528216854,-1.7802909104999995,0.2706652008000001,-0.5287858521000002
4,GLY,0.589,0.3257743362831858,0.83024,0.83819,0.3808100000000001,0,0.0,0,0.0,0.4556,0.0,1.0,0.5062,0.97262752,1.88163527,2.66816689,3.28250161,-0.3436918194,-0.6721110690000001,-0.04979687854,-0.1421144232,1.2985637910000003,-3.001040802,0.1848597254999998,-0.6120832728000003
5,GLY,0.648,0.3584070796460177,0.83757,0.82844,0.3315600000000002,0,0.0,0,0.0,0.4556,0.0,1.0,0.5062,0.97223951,1.87859556,2.65815508,3.25953817,-0.3147565076999999,-0.613352955,-0.04942552936,-0.1407328437999999,1.29564435,-2.95905399,0.2114078186999999,-0.6718274828999998
6,PRO,1.479,0.6632286995515696,1.98114,0.79113,-0.0401300000000001,0,0.0,0,0.0,0.3222,0.3764,0.8594,0.3827,1.11259689,2.1584005800000003,3.0753647500000003,3.810555,-0.2828261119999999,-0.5459224260000001,-0.0511993043,-0.1444842393,1.4122112999999987,-3.0510646140000013,0.2367552179999999,-0.8263003556999999
7,GLY,0.571,0.3158185840707964,0.88203,0.82443,0.4125700000000001,0,0.0,0,0.0,0.4556,0.0,1.0,0.5062,1.25195498,2.43037272,3.466766099999999,4.302353399999999,-0.36784344,-0.718361931,-0.0550298393,-0.1568996252,1.1814737399999993,-2.2908750320000006,0.16053528,-0.4545383804
8,GLY,0.444,0.245575221238938,0.8244499999999999,1.0282099999999998,0.3357900000000002,0,0.0,0,0.0,0.4556,0.0,1.0,0.5062,1.25092477,2.4223203800000004,3.4403247100000005,4.24196616,-0.341850819,-0.663081535,-0.0585126533,-0.1660750394,1.1769100679999995,-2.837537340000001,0.202023336,-0.704575764
9,SER,1.06,0.4871323529411764,1.68429,0.80635,0.3096500000000001,0,0.0,0,0.0,0.4111,0.1877,0.8514,0.5309,0.97365006,1.88958725,2.69413867,3.34138699,-0.5617847116000001,-1.087871943,-0.0972619956999999,-0.2752522762,1.17290544,-2.7625773600000008,0.22979325,-0.8098265159999996
10,HIS,1.858,0.6719710669077757,3.05777,0.93712,-0.0301199999999999,0,0.0,0,0.0,0.1444,0.561,0.1124,0.679,0.83361235,1.61228936,2.2851983,2.8093731,-0.6373862209499999,-1.23479871789,-0.110220311932,-0.3122277372099999,0.7055498079999999,-0.934899986,0.1241523996,-0.23203572
11,MET,1.359,0.4557344064386318,2.57379,1.13013,0.4928700000000003,0,0.0,0,0.0,0.7111,0.6196,0.0,0.0988,0.97315698,1.88573146,2.68147093,3.31243602,-0.9666866162,-1.888973083,-0.1434889347,-0.4094827845999999,0.391955188,-0.8508840290000002,0.0683848419999999,-0.203621454
12,GLY,1.043,0.5768805309734513,0.9954,0.63305,0.1319500000000001,1,0.2,0,0.0,0.4556,0.0,1.0,0.5062,0.6943777,1.3412629899999997,1.89683381,2.32429715,-1.0522859084,-2.0406660319,-0.178317588,-0.50532294265,0.5493382559999999,-0.9829909585,0.0920386821,-0.2597951949
13,GLY,0.506,0.2798672566371681,0.9049,0.92054,0.38146,2,0.285714285714286,0,0.0,0.4556,0.0,1.0,0.5062,0.97328469,1.88673164,2.6847633,3.31998044,-0.9710367885,-1.8773731242,-0.1726654447,-0.48816178518,1.100108084,-0.6361852822000003,0.1715482185000001,-0.20166851596
14,ASN,1.315,0.5378323108384458,2.4749,0.99128,0.1387199999999998,4,0.307692307692308,0,0.0,0.1111,0.3976,0.6747,0.8272,1.6705471700000003,3.2503245599999997,4.65418514,5.80782746,-0.65239929855,-1.2693712825000003,-0.103943535516,-0.29520704365,0.8632912580000004,-1.3394536370000003,0.1440681618,-0.3490053430000002
15,TYR,0.847,0.2485328638497652,3.5447,1.81189,0.7491099999999997,8,0.363636363636364,3,0.136363636363636,0.3556,0.8063,0.502,0.1605,1.8084114,3.51064362,5.00740725,6.212696030000001,-0.3990816376999999,-0.7783620023000002,-0.0617515920299999,-0.175992619,1.335473518,-1.6625431436000002,0.2122615086,-0.3832813931
16,GLY,0.471,0.2605088495575221,0.77471,0.90285,0.4341500000000002,6,0.315789473684211,1,0.0526315789473684,0.4556,0.0,1.0,0.5062,1.5294373799999998,2.96472679,4.21826397,5.21502801,-0.6193954435000001,-1.203707983,-0.1013296647,-0.2876491338999999,1.0201196420000005,-1.2250564149999998,0.1714324692,-0.3544460706
17,ASP,0.939,0.3502424468481909,2.0819300000000003,1.0185,0.7235,3,0.166666666666667,2,0.111111111111111,0.1111,0.3239,0.8675,1.0,1.3896618200000002,2.68952191,3.8163435,4.69948825,-0.6958395517999999,-1.3477791173,-0.1201264844899999,-0.34006879228,1.4915807289999996,-1.9650908308,0.2452192961000001,-0.4950722512400001
18,ASP,1.1,0.4102946661693398,2.2212,1.0069899999999998,0.5740100000000001,4,0.166666666666667,3,0.125,0.1111,0.3239,0.8675,1.0,1.38896035,2.6840196899999995,3.79821125,4.65788527,-0.6175318528,-1.1952941447,-0.1083932869899999,-0.30688358082,2.351285024,-2.9820788784999994,0.4201241662999997,-0.7712280372000001
19,ARG,1.088,0.3244855353414852,3.12667,1.5570700000000002,0.70793,2,0.153846153846154,1,0.0769230769230769,0.0,0.7346,0.9398,0.6914,1.2511264300000002,2.42388074,3.44539342,4.25337345,-0.7755532976999999,-1.5116676294999996,-0.12082212454,-0.3439962391,2.356569254,-3.1989411786000006,0.3773715703999998,-0.7497372232999996
20,ARG,2.529,0.7542499254399045,3.99371,0.71273,0.1112700000000003,1,0.2,0,0.0,0.0,0.7346,0.9398,0.6914,0.69405024,1.33871666,1.88851703,2.30543978,-0.8067073055,-1.5594271025999995,-0.14414072415,-0.40759072083,2.3922973789999995,-4.309173509599998,0.4115287686999998,-1.1315883552999988
21,GLY,0.916,0.5066371681415929,1.08367,0.64821,0.24379,1,0.166666666666667,0,0.0,0.4556,0.0,1.0,0.5062,0.6939482100000001,1.3379049499999998,1.88580226,2.2990879900000003,-0.8577898924299999,-1.6519484753000002,-0.16139705831,-0.4549785692,2.390513776,-4.0706643494,0.42654005,-1.1222163260000002
22,GLY,0.144,0.079646017699115,0.7590300000000001,1.03273,0.63127,3,0.166666666666667,2,0.111111111111111,0.4556,0.0,1.0,0.5062,1.6693427200000002,3.2409829300000004,4.6237642,5.73913106,-0.4075242407999999,-0.7975813065,-0.05864291348,-0.16762147276,1.5742107459999997,-1.3554388845000005,0.2243606188999999,-0.2873685767800001
23,ARG,2.043,0.609305099910528,3.88132,0.98683,0.3231699999999999,2,0.105263157894737,2,0.105263157894737,0.0,0.7346,0.9398,0.6914,1.6691337899999998,3.239319020000001,4.618189190000001,5.72605406,-0.4239445334,-0.8239931781,-0.06903111801,-0.1959406822,1.5721243009999988,-1.8199455851,0.2415287219,-0.4276276903
24,GLY,0.251,0.1388274336283186,0.7817799999999999,0.9908,0.5661999999999998,4,0.16,3,0.12,0.4556,0.0,1.0,0.5062,1.5273405,2.94848888,4.1654548700000005,5.095968989999999,-0.6363664226399999,-1.2348926985000002,-0.1067939995239999,-0.30284259754,1.0205002920000004,-1.6204156870000004,0.1686115908999999,-0.3637062203
25,GLY,0.344,0.1902654867256637,0.7542700000000001,1.01943,0.4445699999999999,4,0.285714285714286,0,0.0,0.4556,0.0,1.0,0.5062,1.39059519,2.6967183100000005,3.839641940000001,4.75169486,-0.9096905273,-1.7693657724999998,-0.14723844794,-0.4184382951999999,1.0206200989999998,-1.7130459340000004,0.1679613778999999,-0.4426006543999999
26,TYR,2.391,0.7015845070422535,4.2046,0.947,0.0699999999999998,4,0.444444444444444,1,0.111111111111111,0.3556,0.8063,0.502,0.1605,1.11274821,2.15952351,3.07884157,3.8178477799999992,-1.0966005764000002,-2.1303135939,-0.1807713616,-0.5130602857,1.060107796,-2.2402318124,0.1720232164000001,-0.5506274021
27,ASP,1.09,0.4065647146587094,2.40424,1.1320899999999998,0.4589100000000001,3,0.428571428571429,1,0.142857142857143,0.1111,0.3239,0.8675,1.0,1.11289738,2.16069437,3.0827049100000004,3.8267284999999993,-1.2245099125,-2.3899668865,-0.18639375005,-0.5314340899999999,1.256207618,-2.5116195165,0.2057511244,-0.6097243174
28,ARG,2.479,0.7393379063525202,4.00558,0.76471,0.1092900000000001,1,0.333333333333333,1,0.333333333333333,0.0,0.7346,0.9398,0.6914,0.5550034399999999,1.0691498,1.5049135800000002,1.8311409,-0.6396162983,-1.2308327409999995,-0.12129806393,-0.3416412815999999,1.6046135439999991,-2.658311242000001,0.301233663,-0.7847647319000002
29,GLY,0.835,0.4618362831858407,1.02997,0.7141299999999999,0.2588700000000001,0,0.0,0,0.0,0.4556,0.0,1.0,0.5062,0.69451055,1.34230163,1.9002448,2.33208864,-0.5845913757000001,-1.13473258,-0.0978332701599999,-0.2775243413,1.372441705,-2.2129414840000003,0.237190336,-0.5841275011999997
30,GLY,0.882,0.4878318584070796,1.04689,0.70526,0.22074,0,0.0,0,0.0,0.4556,0.0,1.0,0.5062,0.83426899,1.6174340899999995,2.30213605,2.84819374,-0.418088431,-0.81255807906,-0.067554358373,-0.19158454182,1.3732626920000002,-3.0476069519999998,0.2290573422,-0.7771698760000001
31,TYR,1.572,0.4612676056338028,3.92638,1.2796500000000002,0.5563499999999997,0,0.0,1,0.142857142857143,0.3556,0.8063,0.502,0.1605,0.83328391,1.6097062499999997,2.2766602,2.78970238,-0.37512804,-0.7288920539999999,-0.062054778,-0.1762714966,0.980258464,-2.2927467900000007,0.1706474241999999,-0.5801176245999996
32,ARG,2.491,0.7429167909334924,4.01717,0.7679000000000001,0.0940999999999999,0,0.0,1,0.142857142857143,0.0,0.7346,0.9398,0.6914,0.83348089,1.61126077,2.28181613,2.80163447,-0.403343063,-0.786218972,-0.0630826202,-0.1796986609999999,0.981813968,-2.0899875169999995,0.157564086,-0.4627364730000001
33,GLY,0.815,0.4507743362831858,0.85461,0.70102,0.2919800000000001,0,0.0,1,0.2,0.4556,0.0,1.0,0.5062,0.83410099,1.6161221499999998,2.29783241,2.8383780400000003,-0.411965062,-0.7988564250000001,-0.0693536298,-0.196383132,1.2954764040000004,-3.111029995,0.2097792901999999,-0.7673053750000001
34,ARG,1.812,0.5404115717268118,3.39721,1.26418,0.27682,0,0.0,1,0.111111111111111,0.0,0.7346,0.9398,0.6914,0.8330661300000001,1.60801161,2.27112163,2.77713292,-0.3976755662,-0.7730707341,-0.0654159902799999,-0.18594445267,1.2545520529999998,-2.318580132,0.2200386408,-0.56087019914
35,GLY,0.383,0.2118362831858407,0.7464,0.92909,0.4959099999999999,0,0.0,1,0.142857142857143,0.4556,0.0,1.0,0.5062,1.1126399500000002,2.15870421,3.07624661,3.81221596,-0.2707007765,-0.5283666949999999,-0.0409557589,-0.1167326903,1.3768258900000003,-1.904783859,0.2008323672,-0.4152454423000001
36,GLY,0.633,0.3501106194690265,1.04096,0.7201099999999999,0.4548900000000001,0,0.0,0,0.0,0.4556,0.0,1.0,0.5062,0.6943783699999999,1.34127927,1.89692591,2.32462683,-0.4333461695,-0.831068567,-0.0862256412999999,-0.2423750119999999,0.940028676,-1.681355813,0.1702679104,-0.4923993792000001
37,ASP,0.939,0.3502424468481909,2.1922300000000003,1.13924,0.60276,0,0.0,0,0.0,0.1111,0.3239,0.8675,1.0,0.83323214,1.6093105799999998,2.2753912,2.78689662,-0.5767996105,-1.119637653,-0.0972877023999999,-0.2762222776999999,1.058757649,-2.065351097,0.1836173775,-0.5021648031
38,ARG,2.469,0.7363555025350431,3.9467,0.8981899999999999,-0.0141899999999995,0,0.0,0,0.0,0.0,0.7346,0.9398,0.6914,0.8338384400000001,1.61407064,2.29109704,2.82299788,-0.6863743149999999,-1.338066901,-0.1054343733,-0.299930292,0.7853028060000002,-2.223667988,0.126105847,-0.5142185029999999
39,GLY,1.001,0.553650442477876,1.0580500000000002,0.59634,0.2106600000000001,0,0.0,0,0.0,0.4556,0.0,1.0,0.5062,0.6945670899999999,1.34274686,1.90171856,2.33549109,-0.531444838,-1.032605246,-0.0871443490999999,-0.247325437,0.7861369150000003,-1.9532889680000003,0.1199561990999999,-0.436730289
40,GLY,0.784,0.4336283185840708,0.95583,0.7898299999999999,0.2341700000000001,0,0.0,0,0.0,0.4556,0.0,1.0,0.5062,0.6938058899999999,1.33679657,1.88217689,2.29085271,-0.461958632,-0.8934946680000001,-0.0819874868,-0.23196555,0.783558546,-1.865200466,0.1415933795,-0.5030011426
41,PHE,1.78,0.5725313605660984,3.49897,1.09336,0.2356399999999998,0,0.0,0,0.0,0.8111,0.783,0.0763,0.037,0.8340134100000002,1.61542186,2.29547696,2.83282583,-0.499453304,-0.970455203,-0.0820861151,-0.2330286174,0.901840654,-1.5420397800000003,0.1559280297999999,-0.4111855735999999
42,ARG,2.054,0.6125857441097524,3.82732,1.06043,0.2385700000000004,0,0.0,0,0.0,0.0,0.7346,0.9398,0.6914,0.8341283600000001,1.61632649,2.29846956,2.83972848,-0.3954379097,-0.7636741920000001,-0.0711001643,-0.2007312229999999,1.451600026,-2.446305281,0.2430072862000001,-0.6269408672999998
43,GLY,0.577,0.3191371681415929,0.8821800000000001,0.8479300000000001,0.38307,0,0.0,0,0.0,0.4556,0.0,1.0,0.5062,0.97324833,1.88646056,2.68391936,3.31819534,-0.2884349537,-0.5572623215,-0.05180184183,-0.14637113665,1.020860042,-1.3541226174999996,0.163970428,-0.3714439356500001
44,GLY,0.751,0.4153761061946902,0.9836,0.72347,0.33353,0,0.0,0,0.0,0.4556,0.0,1.0,0.5062,0.83420374,1.61691275,2.30038358,2.84406605,-0.4663253583,-0.910820591,-0.06956259043,-0.1983555512,1.0215795820000002,-2.035771019,0.1588297098999999,-0.4434127006
45,ARG,2.377,0.7089173874142558,3.89316,0.93092,0.0450800000000004,0,0.0,0,0.0,0.0,0.7346,0.9398,0.6914,0.83360339,1.61222216,2.2849873400000003,2.8089214200000003,-0.461818042,-0.8990368160000001,-0.0732941031999999,-0.2083741321,1.0600178929999995,-2.2360512150000003,0.1722418975,-0.5227889863999999
46,GLY,0.77,0.4258849557522124,0.8954000000000001,0.82431,0.21369,0,0.0,0,0.0,0.4556,0.0,1.0,0.5062,0.83384168,1.61408088,2.2910780500000003,2.82279313,-0.3777672933,-0.7354761486000001,-0.0599768673,-0.1705591162499999,1.138474910000001,-1.9712347198,0.1850074701999999,-0.4623793263499999
47,GLY,0.968,0.5353982300884955,0.97533,0.6667799999999999,0.1732200000000001,0,0.0,0,0.0,0.4556,0.0,1.0,0.5062,0.83407658,1.61591615,2.29710254,2.83654617,-0.40337227,-0.78661723,-0.0620749143999999,-0.1767612673,1.019417633,-1.6645827405,0.1760413903,-0.3815083948999999
48,GLY,0.79,0.4369469026548672,0.97106,0.7310000000000001,0.2869999999999999,0,0.0,0,0.0,0.4556,0.0,1.0,0.5062,1.11293001,2.16097366,3.08370784,3.82928414,-0.3941450143000001,-0.767735399,-0.0616410521,-0.1752632718,0.9828606319999998,-2.1855734790000003,0.1474980932,-0.4966064594999998
49,ASP,1.505,0.5613577023498694,2.55871,0.7559499999999999,0.4200500000000002,0,0.0,0,0.0,0.1111,0.3239,0.8675,1.0,0.833696,1.61294767,2.28737551,2.8143939500000004,-0.395171301,-0.7616003299999999,-0.07359226194,-0.2075779127999999,1.607684085000001,-2.5883513620000005,0.2769365489000001,-0.6933958827000002
50,ARG,2.32,0.6919176856546375,4.0243,0.94657,0.0864300000000002,0,0.0,0,0.0,0.0,0.7346,0.9398,0.6914,0.83361431,1.6123028,2.28523633,2.80944164,-0.3621705061,-0.7050735869,-0.05746151104,-0.1633714612,0.9802046540000002,-1.0259658677,0.1707064726,-0.2700033494
51,GLY,0.533,0.2948008849557522,0.95038,0.8273699999999999,0.44763,1,0.142857142857143,0,0.0,0.4556,0.0,1.0,0.5062,0.83320002,1.60907138,2.27464747,2.78532662,-0.579867073,-1.128579167,-0.093117495,-0.2648740195,0.706831044,-1.3750873479999997,0.1139631214,-0.3184451465
52,GLY,0.788,0.4358407079646018,0.91019,0.76952,0.25048,1,0.2,0,0.0,0.4556,0.0,1.0,0.5062,0.69412233,1.3392630499999998,1.89025193,2.30921979,-0.614252186,-1.186602085,-0.1106013424,-0.312501383,0.62737792,-1.505668386,0.1089554316,-0.380408454
53,PHE,2.294,0.7378578321003538,3.52954,0.84643,-0.03143,3,0.5,0,0.0,0.8111,0.783,0.0763,0.037,0.97330791,1.88691777,2.68538958,3.32145702,-0.4994859161999999,-0.9739290111,-0.07672178384,-0.2183695939499999,0.7465421979999998,-1.673163153,0.1157353471999999,-0.3835840804
54,GLY,0.671,0.3711283185840708,0.8972100000000001,0.83,0.307,4,0.5,0,0.0,0.4556,0.0,1.0,0.5062,0.83360895,1.61225027,2.28502556,2.80884276,-0.533968878,-1.0409649,-0.083181988,-0.2369307884,0.8629118339999997,-1.5732341279999995,0.1470744011999999,-0.3638926369999999
55,PRO,1.401,0.6282511210762332,1.6030099999999998,0.94484,-0.11584,4,0.666666666666667,1,0.166666666666667,0.3222,0.3764,0.8594,0.3827,0.69424683,1.34025214,1.89355586,2.31693867,-0.605128321,-1.173596827,-0.1023747603,-0.2901342159999999,1.098028043,-2.790218409999999,0.1889920935,-0.7183088119999997
56,GLY,0.699,0.3866150442477876,0.96377,0.71285,0.39615,4,0.571428571428571,1,0.142857142857143,0.4556,0.0,1.0,0.5062,0.69398097,1.33816111,1.88664401,2.30101242,-0.515600962,-0.999909254,-0.0879550807999999,-0.249430209,1.0979847350000005,-2.518104530000001,0.1904039347999999,-0.6136101779999996
57,LYS,2.237,0.7181380417335473,3.0135300000000003,0.8995200000000001,-0.0215199999999999,3,0.6,1,0.2,0.0667,0.6942,0.6867,0.7901,1.11338623,2.16455538,3.09552466,3.85644353,-0.435548661,-0.855962918,-0.0566781946,-0.162592006,0.9455583500000002,-2.387955568,0.1242560182,-0.458213892
58,MET,1.36,0.4560697518443997,2.51439,1.33882,0.28318,0,0.0,1,0.2,0.7111,0.6196,0.0,0.0988,0.83340512,1.61067063,2.27988708,2.79725721,-0.367106831,-0.7108699656999999,-0.06397360102,-0.1811643716,0.90209811,-1.5214470291,0.1542895492999999,-0.3916425689799999
59,ASP,1.636,0.6102200671391271,2.56619,0.74878,0.2962200000000001,0,0.0,1,0.25,0.1111,0.3239,0.8675,1.0,0.5548654,1.06807226,1.50138136,1.8230915,-0.552365197,-1.06495177,-0.1022267648,-0.288384542,0.7433672810000003,-2.0513198,0.1415032275,-0.5845411399999999
60,SER,1.091,0.5013786764705882,1.44377,0.76818,0.3168200000000002,0,0.0,1,0.25,0.4111,0.1877,0.8514,0.5309,0.83405741,1.61578496,2.29673791,2.83591755,-0.481963321,-0.943124103,-0.0692155048,-0.1977354045,0.825726114,-1.836377041,0.1239990522,-0.4089511800000001
61,ARG,2.364,0.7050402624515358,3.83028,1.09127,-0.1022699999999996,0,0.0,1,0.2,0.0,0.7346,0.9398,0.6914,0.833874,1.61433298,2.29190422,2.82467559,-0.5371585360000001,-1.045912329,-0.0844651224999999,-0.240050907,0.823957794,-2.0445424800000005,0.1373989494,-0.4966883550000001
62,GLY,0.697,0.385508849557522,0.95902,0.78881,0.3221900000000002,0,0.0,0,0.0,0.4556,0.0,1.0,0.5062,0.69464839,1.3433879599999998,1.90384415,2.34040894,-0.49471337,-0.954085375,-0.090746809,-0.255936471,0.548892433,-1.108680095,0.0948257616,-0.295933434
63,GLU,1.94,0.7111436950146627,3.07212,0.7731399999999999,0.0148600000000003,0,0.0,0,0.0,0.1111,0.4884,0.8112,0.9136,0.83412265,1.61628422,2.2983381200000004,2.83945075,-0.463248459,-0.903877137,-0.07047528742,-0.2007638048999999,0.550130888,-0.9831589940000002,0.0850564432999999,-0.2320327177999999
64,HIS,0.925,0.3345388788426763,2.33432,1.65752,0.1824799999999999,0,0.0,1,0.333333333333333,0.1444,0.561,0.1124,0.679,0.69410865,1.33917606,1.89003587,2.30893998,-0.2839163197,-0.5478050320000001,-0.0520130683199999,-0.1468293465,0.822459987,-1.6883536269999997,0.1500685216,-0.4668059378600001
65,ARG,2.333,0.6957948106173576,4.01511,0.66145,0.35855,0,0.0,1,0.25,0.0,0.7346,0.9398,0.6914,0.69447521,1.34203681,1.89941568,2.33032044,-0.317452452,-0.615799578,-0.0534383389,-0.1514471855999999,0.82484161,-1.5164576710000002,0.1304758319999999,-0.3515078635999999
66,GLN,1.075,0.3739130434782609,2.39701,1.37356,0.4264400000000001,0,0.0,1,0.142857142857143,0.1111,0.5388,0.7952,0.6914,0.83353497,1.61168984,2.28324762,2.80497281,-0.364074059,-0.7088191469999999,-0.0577508682999999,-0.164213165,0.6277807590000001,-1.1900741540000002,0.1047043557,-0.2823684509999999
67,ASP,1.429,0.5330100708690787,2.15764,0.8361000000000001,0.4158999999999999,0,0.0,0,0.0,0.1111,0.3239,0.8675,1.0,0.8339561,1.61498274,2.29406603,2.82969901,-0.394664902,-0.769472084,-0.0608096225,-0.173085308,0.5889393300000001,-1.2339571319999998,0.095363706,-0.2931443550000001
68,ARG,2.677,0.7983895019385624,3.99944,0.73828,-0.0622799999999998,0,0.0,0,0.0,0.0,0.7346,0.9398,0.6914,0.55490336,1.06836706,1.50234273,1.82526734,-0.403013598,-0.778494169,-0.0726941119,-0.205407505,0.273794936,-0.53415066,0.0526819911,-0.152561014
69,ARG,1.572,0.4688338801073665,3.4305700000000003,1.5399700000000005,0.2410299999999998,0,0.0,0,0.0,0.0,0.7346,0.9398,0.6914,0.6941176099999999,1.33922809,1.89014415,2.30899557,-0.2391672716,-0.4635487499999999,-0.0410367584,-0.1162754256,0.274896068,-0.0443274139999999,0.0447196589999999,-0.0104921325
70,GLU,1.954,0.7162756598240468,2.80851,0.75495,0.0190500000000002,0,0.0,0,0.0,0.1111,0.4884,0.8112,0.9136,0.6946606000000001,1.34348005,1.90413426,2.34103292,-0.2107884667,-0.405892492,-0.0394208174,-0.11102646176,0.4712259150000001,-0.5933579680000001,0.0749880537,-0.1630522746
71,ARG,1.65,0.4920966298836862,3.37867,1.40707,0.2959300000000002,0,0.0,1,0.333333333333333,0.0,0.7346,0.9398,0.6914,0.55479946,1.0675563499999998,1.49968556,1.81921389,-0.293005727,-0.565481645,-0.0534837695,-0.151001615,0.274112032,-0.7510131040000001,0.0503567818,-0.2033208279999999
72,PRO,1.288,0.5775784753363229,1.95366,0.79658,0.14542,0,0.0,1,0.5,0.3222,0.3764,0.8594,0.3827,0.4157066699999999,0.79765022,1.1150388,1.34274813,-0.25565803,-0.49583654,-0.043362194,-0.122915714,0.274186452,-0.8647145600000001,0.049682197,-0.229137363
73,TYR,2.486,0.7294600938967137,4.50807,0.91354,0.0084599999999996,0,0.0,1,1.0,0.3556,0.8063,0.502,0.1605,0.27733094,0.5332412099999999,0.74808211,0.90559372,-0.162603868,-0.314403426,-0.029066641,-0.082241493,0.313212762,-0.828968228,0.0582359885,-0.2189043189999999
