1,GLY,0.644,0.3561946902654867,0.93806,0.78863,0.3753700000000001,0,0.0,1,0.0526315789473684,0.4556,0.0,1.0,0.5062,1.1104999,2.14199681,3.02145331,3.68728981,-0.6790434352599999,-1.3074215802999998,-0.1285459993319999,-0.3624465583,3.3264279080000008,-5.382347299899997,0.6295788885000003,-1.5611418105999983
2,PRO,1.02,0.4573991031390134,1.77645,1.02914,0.18086,0,0.0,1,0.0625,0.3222,0.3764,0.8594,0.3827,1.80966111,3.5204571499999995,5.039789819999999,6.287137189999999,-0.8613727087999999,-1.6859725347,-0.1226730966399999,-0.3503948728,2.832126224000002,-4.161861457,0.4119921953000002,-0.8878324495999999
3,GLY,0.751,0.4153761061946902,1.05318,0.70647,0.3505299999999999,0,0.0,0,0.0,0.4556,0.0,1.0,0.5062,2.08845022,4.064956179999999,5.824367769999999,7.27465199,-0.7498034985000002,-1.4658225684,-0.11048704278,-0.3154822801399999,2.2810199509999998,-2.7653256559999995,0.3396597883,-0.6074020420999999
4,GLY,0.36,0.1991150442477876,0.79346,0.96364,0.48436,0,0.0,0,0.0,0.4556,0.0,1.0,0.5062,1.3901145300000004,2.69297553,3.82739759,4.72386785,-0.6429618875199999,-1.2415262726699998,-0.1156889105229999,-0.32652972736,2.352662200000001,-3.145982625760001,0.4071912671999995,-0.8571990261400003
5,GLY,0.677,0.3744469026548673,0.51454,0.7840199999999999,0.34698,0,0.0,0,0.0,0.4556,0.0,1.0,0.5062,1.25180502,2.42916274,3.4626608,4.29257407,-0.58447901792,-1.1415580708000004,-0.08768410149,-0.25012732542,2.9091040460000004,-4.214714629409998,0.4414801506999998,-0.9452554118699994
6,PRO,1.45,0.6502242152466368,2.05226,0.72461,0.05539,0,0.0,0,0.0,0.3222,0.3764,0.8594,0.3827,1.11236126,2.15651898,3.06904599,3.79569331,-0.6357861601999999,-1.2453601556999998,-0.08964214207,-0.25637205405,3.341121447999999,-5.245466715499995,0.5097022315000002,-1.1095532805500008
7,GLY,0.55,0.3042035398230088,0.66926,0.88126,0.3767399999999999,0,0.0,1,0.0588235294117647,0.4556,0.0,1.0,0.5062,1.11102615,2.14615067,3.03522271,3.71911929,-0.6034121174999999,-1.172245444,-0.0994798449,-0.2823672694999999,3.3357905250000006,-4.969550933999998,0.5573713360999997,-1.2536340482999997
8,GLY,0.545,0.3014380530973451,0.9336,0.85738,0.4056199999999998,0,0.0,1,0.0454545454545455,0.4556,0.0,1.0,0.5062,1.3896126599999998,2.68903607,3.81440492,4.69402263,-0.6854217616,-1.3361324546000002,-0.10706890814,-0.30499688645,2.353691189999998,-3.7103185236,0.4023395009999998,-0.8860841863
9,SER,0.947,0.4352022058823528,1.50499,1.00014,0.22886,0,0.0,0,0.0,0.4111,0.1877,0.8514,0.5309,1.53122382,2.97861439,4.263608970000001,5.317802879999999,-0.9703149064,-1.8916100666,-0.1499183508299999,-0.4267269550399999,1.807015972,-3.2648814833999995,0.2853763217999999,-0.7742548985800001
10,HIS,1.366,0.4940325497287522,2.94431,1.14395,0.25505,0,0.0,0,0.0,0.1444,0.561,0.1124,0.679,1.39181845,2.70626893,3.870966330000001,4.82312101,-1.5371056892,-2.9745298858,-0.26978082861,-0.7633341260300001,2.1987982839999978,-4.298547140000001,0.3567991163999999,-1.0547054626
11,MET,0.616,0.2065727699530516,2.19007,1.65002,0.7159800000000001,3,0.142857142857143,0,0.0,0.7111,0.6196,0.0,0.0988,2.08738753,4.056721130000001,5.79756742,7.214176209999999,-1.24092484626,-2.4095943106100006,-0.20560114384,-0.58320204416,2.749879698000002,-3.169485878,0.4318274492,-0.8073674569999995
12,GLY,0.166,0.0918141592920354,0.71286,0.99387,0.6481300000000001,3,0.142857142857143,1,0.0476190476190476,0.4556,0.0,1.0,0.5062,2.22655254,4.32727748,6.184638400000001,7.697054490000001,-1.1980598018300002,-2.331337189,-0.1913249305699999,-0.5436761765699999,2.0827438819999995,-2.456885756800001,0.3230475174000002,-0.5605680716799999
13,GLY,0.08,0.0442477876106194,0.7022400000000001,1.1039599999999998,0.6240400000000002,3,0.214285714285714,0,0.0,0.4556,0.0,1.0,0.5062,1.6705042500000002,3.25000427,4.65318877,5.805722050000001,-0.95612462306,-1.8457831373,-0.1743767655599999,-0.4925980576300001,3.0656363870000005,-0.8652599365000002,0.4705649277000001,-0.3083827845300002
14,ASN,1.752,0.7165644171779142,2.52509,0.77185,-0.0788500000000002,7,0.466666666666667,1,0.0666666666666667,0.1111,0.3976,0.6747,0.8272,1.5310006100000002,2.97687545,4.257920700000001,5.3048804800000005,-0.8367430511999997,-1.6222195817000007,-0.14227347143,-0.4030483989,4.162336601000006,-2.9362413622,0.6677361109000014,-0.7818410455999993
15,TYR,0.531,0.1558098591549296,2.9913,1.89515,0.98185,9,0.391304347826087,4,0.173913043478261,0.3556,0.8063,0.502,0.1605,1.9477710400000003,3.78269811,5.39932711,6.70644548,-0.95072052,-1.858762519,-0.1394139772499999,-0.3980188815,3.2612457279999982,-3.831199899199996,0.5111146070000001,-0.8688391053000001
16,GLY,0.274,0.1515486725663717,0.7264400000000001,0.98658,0.54742,7,0.333333333333333,4,0.19047619047619,0.4556,0.0,1.0,0.5062,1.66801219,3.23067314,4.59021385,5.663430620000001,-1.05573270558,-2.05194228156,-0.172028048205,-0.48835176575,4.900273364000002,-6.73879914415,0.8550616144999984,-1.7136777516300004
17,ASP,0.874,0.3259977620290936,2.21017,0.97832,0.8286799999999999,2,0.117647058823529,3,0.176470588235294,0.1111,0.3239,0.8675,1.0,1.94892346,3.79172961,5.42906513,6.774609430000001,-1.0906331537000005,-2.1250732413,-0.1694159431299999,-0.48180038116,2.275154223999998,-3.602663202,0.3843941648000001,-0.919909533
18,ASP,1.16,0.4326743752331219,2.2171700000000003,1.0203600000000002,0.50064,0,0.0,2,0.0833333333333333,0.1111,0.3239,0.8675,1.0,1.80729213,3.50205272,4.97972701,6.151083819999999,-1.3328025071999998,-2.590677759399999,-0.21754658813,-0.6177792010500002,2.0777954989999987,-3.3446900804999986,0.3618562737000001,-0.8606021835
19,ARG,0.951,0.2836266030420518,3.0022800000000003,1.6568900000000002,0.7451099999999999,0,0.0,1,0.0714285714285714,0.0,0.7346,0.9398,0.6914,1.66972109,3.24393167,4.63341788,5.761090879999999,-1.5759254758600003,-3.0794097972999994,-0.23237653355,-0.66273544075,1.612028574,-3.4222568949999994,0.2430662950999999,-0.7376340239
20,ARG,2.644,0.7885475693408888,3.85946,0.8172000000000001,-0.1082,1,0.0909090909090909,0,0.0,0.0,0.7346,0.9398,0.6914,1.39176305,2.70585924,3.86970279,4.82048606,-1.6582405952840005,-3.23383569455,-0.255167772856,-0.7266532639616999,2.5535570469999977,-3.821813352170999,0.3990436418000002,-0.9016265916420998
21,GLY,0.903,0.4994469026548672,0.9626,0.67257,0.23243,2,0.133333333333333,0,0.0,0.4556,0.0,1.0,0.5062,1.39125243,2.7018580399999994,3.8565277400000006,4.790285249999999,-1.7067463234000004,-3.3286462732,-0.26263687794,-0.7480778453800002,2.434295567999999,-4.902577206999997,0.3951792988000001,-1.1316401171999997
22,GLY,0.0,0.0,0.69904,1.02742,0.78058,3,0.1,1,0.0333333333333333,0.4556,0.0,1.0,0.5062,1.80624807,3.493944870000001,4.953284120000001,6.0912457,-1.1956054308,-2.32032382106,-0.2000261447339999,-0.567158272556,2.8620062420000023,-2.8677037686,0.4986348914999999,-0.7391858411000001
23,ARG,1.414,0.4217118997912317,3.39478,1.29402,0.6449800000000003,0,0.0,1,0.0384615384615385,0.0,0.7346,0.9398,0.6914,1.94679649,3.77515303,5.374785930000001,6.65109603,-1.2061923802599996,-2.3371053825000003,-0.20702215993,-0.58619455961,1.7678175059999988,-3.319444609600001,0.2780641435,-0.7926048443499999
24,GLY,0.134,0.0741150442477876,0.71407,1.03171,0.6422899999999998,4,0.125,2,0.0625,0.4556,0.0,1.0,0.5062,2.08511899,4.0390720700000005,5.739894260000001,7.08331798,-1.2573961586639997,-2.451048852561,-0.1953316549532,-0.5561414208233,1.6854697120000002,-3.173503181,0.2974863322000001,-0.7851975664000002
25,GLY,0.539,0.2981194690265487,0.8757299999999999,0.8414200000000001,0.42758,5,0.294117647058824,1,0.0588235294117647,0.4556,0.0,1.0,0.5062,1.52967805,2.9665587800000006,4.22411154,5.22787036,-1.3707700948,-2.6602984330999995,-0.2291229222599999,-0.6495946474400001,4.902987242,-7.706779700900004,0.8393441209999993,-1.9813433387600008
26,TYR,1.61,0.4724178403755869,3.57358,1.35224,0.4457599999999997,6,0.545454545454545,2,0.181818181818182,0.3556,0.8063,0.502,0.1605,1.25089738,2.42212438,3.4397414100000008,4.24081527,-1.4191677484999998,-2.754809515499999,-0.236992776206,-0.6722300347,5.726056232999998,-9.910888645900007,0.9829571132999974,-2.50281380338
27,ASP,0.853,0.3181648638567698,2.14394,1.15135,0.67665,6,0.545454545454545,3,0.272727272727273,0.1111,0.3239,0.8675,1.0,1.3906385200000002,2.69707994,3.84090993,4.754838179999999,-1.4339381935,-2.7910481944,-0.22902138268,-0.6512717640600001,5.538749652999986,-10.5514810687,0.8789577287000002,-2.493344727100001
28,ARG,2.01,0.5994631673128541,3.73165,1.08302,0.2599800000000005,1,0.25,2,0.5,0.0,0.7346,0.9398,0.6914,1.25289858,2.43774551,3.4909722599999995,4.35762914,-1.639675198,-3.2004406869,-0.2460465079599999,-0.7007147779600001,4.680084493,-11.768214442399996,0.6856005456999991,-2.56814239436
29,GLY,0.637,0.3523230088495575,0.98526,0.7606099999999999,0.4103900000000001,0,0.0,2,0.285714285714286,0.4556,0.0,1.0,0.5062,1.11245814,2.15731352,3.07178766,3.80236473,-1.17456507045,-2.2894689735000004,-0.181739145734,-0.51721627246,3.967566165999999,-7.722078841100003,0.6201849443999999,-1.7174144636200004
30,GLY,0.769,0.4253318584070796,0.95253,0.7509700000000001,0.28803,0,0.0,2,0.4,0.4556,0.0,1.0,0.5062,0.9735357,1.88872215,2.69140055,3.33545097,-0.9730480225,-1.8906716560000003,-0.15845031744,-0.449436919,3.0619621970000006,-7.337969061999999,0.4979317571999997,-1.7724995671000014
31,TYR,1.563,0.4586267605633802,3.74642,1.34294,0.50206,4,0.363636363636364,3,0.272727272727273,0.3556,0.8063,0.502,0.1605,1.11206342,2.15418088,3.06133202,3.77796223,-0.5221363579999999,-1.015742707,-0.0845561742,-0.2404256839,3.0624558829999966,-5.292502592000006,0.4990263196999999,-1.2621276227999991
32,ARG,2.397,0.7148821950492096,3.93098,0.88117,0.0748300000000004,3,0.3,2,0.2,0.0,0.7346,0.9398,0.6914,1.11232158,2.15620923,3.06803208,3.79338886,-0.5059549080000001,-0.988670577,-0.07523145974,-0.2147330827999999,3.067842445,-4.932673022000001,0.4526733843,-1.0729524958
33,GLY,0.708,0.3915929203539822,0.81134,0.74558,0.35442,3,0.428571428571429,1,0.142857142857143,0.4556,0.0,1.0,0.5062,0.97388467,1.89143228,2.70023749,3.35544086,-0.563810706,-1.099247082,-0.0865513151,-0.2462614504999999,2.78956658,-5.453752736000003,0.4321462784,-1.282426961499999
34,ARG,2.002,0.5970772442588725,3.84902,0.8937499999999999,0.4572500000000005,4,0.5,1,0.125,0.0,0.7346,0.9398,0.6914,0.83361288,1.6122917,2.28519929,2.80935504,-0.5229206209999999,-1.0143250470000005,-0.0884284999,-0.2506880367999999,3.0577241739999974,-6.169458919999995,0.5363544311999999,-1.5644524350999998
35,GLY,0.626,0.3462389380530973,0.8750100000000001,0.8543700000000001,0.3276299999999998,3,0.3,1,0.1,0.4556,0.0,1.0,0.5062,0.9728829,1.88358263,2.67439025,3.2961884,-0.519831363,-1.0147372870000002,-0.0792863318,-0.2261774964,2.749999835999998,-4.986788157500003,0.4349486841,-1.1065158354999998
36,GLY,0.945,0.5226769911504424,0.92665,0.7347500000000001,0.1282499999999999,1,0.125,0,0.0,0.4556,0.0,1.0,0.5062,1.11309539,2.16225518,3.08787592,3.83867875,-0.6005487774,-1.1720603082,-0.09091744301,-0.2590484289,2.793501256,-6.168233350000004,0.4021586273999999,-1.3253284319999998
37,ASP,1.407,0.5248041775456919,2.47989,0.8388599999999999,0.4351400000000001,0,0.0,0,0.0,0.1111,0.3239,0.8675,1.0,0.69417043,1.33965955,1.89162592,2.31257984,-0.8165934059999999,-1.5746931090000005,-0.1508015834,-0.4255187339999999,2.115084542999998,-3.871550977,0.3828479834999999,-1.1035430274999996
38,ARG,2.564,0.7646883388010737,4.01605,0.7762499999999999,0.0127500000000002,0,0.0,0,0.0,0.0,0.7346,0.9398,0.6914,0.8339653,1.61503971,2.29419934,2.82983586,-1.050891581,-2.040202476,-0.174584854,-0.4950932337,2.0809811070000004,-4.234115425000001,0.3378872806000002,-1.0314039932999992
39,GLY,0.505,0.2793141592920354,0.85962,0.97928,0.32372,0,0.0,0,0.0,0.4556,0.0,1.0,0.5062,1.11274002,2.15948753,3.07882212,3.81810901,-0.5981816553000001,-1.1600793749999998,-0.1014297605,-0.2874887181000001,0.9027842189999998,-1.4180434338,0.1484071127,-0.3878535788
40,GLY,0.916,0.5066371681415929,1.0514400000000002,0.68051,0.21149,0,0.0,0,0.0,0.4556,0.0,1.0,0.5062,0.97312876,1.88549687,2.68065018,3.31040549,-0.6628273658,-1.282939041,-0.1161687237,-0.3288081597000001,0.7849302560000002,-1.5407589749999997,0.1302836856,-0.3994011974000002
41,PHE,1.129,0.3631392730781602,3.09794,1.7322500000000003,0.2477499999999997,0,0.0,0,0.0,0.8111,0.783,0.0763,0.037,1.25054799,2.41936467,3.43058116,4.219597289999999,-0.4506625686,-0.877989476,-0.07096491238,-0.2020131506999999,0.7850042999999997,-1.9267832960999995,0.1305167645999999,-0.45456005961
42,ARG,2.404,0.7169698777214434,3.91223,0.89051,0.0584900000000002,0,0.0,0,0.0,0.0,0.7346,0.9398,0.6914,1.11215021,2.1548721100000003,3.0636475200000004,3.783393690000001,-0.5119609509999999,-0.9971434300000002,-0.080427108,-0.2287325579999999,1.1386754220000002,-3.2240445710000007,0.1836012638,-0.7577267529999999
43,GLY,0.806,0.4457964601769911,0.93996,0.66265,0.33935,0,0.0,0,0.0,0.4556,0.0,1.0,0.5062,0.69379585,1.3367234,1.8819544,2.29039752,-0.6583132328,-1.274864538,-0.11474637514,-0.3250081129,1.4108411429999996,-2.667650323,0.2517542874999999,-0.6966698771999998
44,GLY,0.964,0.5331858407079646,1.0128,0.61178,0.2322200000000001,0,0.0,0,0.0,0.4556,0.0,1.0,0.5062,0.6942546700000001,1.34029829,1.89365297,2.3169925,-0.6193623962999999,-1.198380834,-0.1087369715999999,-0.3075639728,1.4115436140000008,-2.3911772199999994,0.2451592510000001,-0.6341098376000002
45,ARG,1.72,0.5129734566060244,3.32289,1.4739999999999998,0.1590000000000004,0,0.0,0,0.0,0.0,0.7346,0.9398,0.6914,1.25129138,2.42518061,3.44969998,4.2633284,-0.398703997,-0.7782847829999999,-0.0600195375999999,-0.1710155505,1.1398178060000002,-2.67942654,0.1740421686999999,-0.5874010339999998
46,GLY,0.45,0.2488938053097345,0.84027,0.89439,0.4636100000000001,0,0.0,0,0.0,0.4556,0.0,1.0,0.5062,1.39059364,2.6967088,3.83961858,4.75166461,-0.435546211,-0.852256893,-0.0627738993,-0.1793573779999999,1.0219496199999998,-2.5324003150000007,0.1569905433,-0.5496791010000002
47,GLY,0.704,0.3893805309734512,0.99371,0.7215600000000001,0.38244,0,0.0,0,0.0,0.4556,0.0,1.0,0.5062,1.11237681,2.15662042,3.069308370000001,3.79607683,-0.6074244096,-1.1747151440000003,-0.10786928203,-0.3051323374999999,1.0205425819999998,-1.619484665,0.1695325974,-0.4070230105
48,GLY,0.5,0.2765486725663716,0.90092,0.84418,0.46382,0,0.0,0,0.0,0.4556,0.0,1.0,0.5062,0.69420639,1.33992626,1.89245146,2.31431084,-0.8619911384,-1.6629323395,-0.15827834345,-0.4467660597899999,1.1360353740000002,-1.6835762214,0.2050162892,-0.5070700995599999
49,ASP,1.578,0.5885863483774711,2.5481,0.82615,0.2768499999999999,0,0.0,0,0.0,0.1111,0.3239,0.8675,1.0,0.83409934,1.61609876,2.29771821,2.8380006800000004,-0.8285342529999997,-1.6140805459999998,-0.1297039532999999,-0.3689541475,1.2574108300000002,-2.14094954,0.1951534674,-0.5153600382
50,ARG,2.23,0.6650760512973456,3.79792,0.99872,0.1242800000000002,0,0.0,0,0.0,0.0,0.7346,0.9398,0.6914,0.69434891,1.34104817,1.89616396,2.32287771,-0.4133236316999999,-0.7986752849999998,-0.0740618386,-0.2092937644,1.2159921140000007,-1.94945722,0.2060142288000001,-0.5095130821999999
51,GLY,0.813,0.4496681415929203,0.9657,0.71929,0.2757100000000001,0,0.0,0,0.0,0.4556,0.0,1.0,0.5062,0.69451808,1.34235814,1.90042176,2.33246605,-0.510840869,-0.993374424,-0.0827891373,-0.235166735,0.9402056499999998,-2.373917551000001,0.1691126894,-0.6207427594999999
52,GLY,0.746,0.4126106194690265,0.93496,0.79084,0.27116,0,0.0,0,0.0,0.4556,0.0,1.0,0.5062,0.83377426,1.61355535,2.28935789,2.81888094,-0.5185065879999999,-1.0110721,-0.0800735126,-0.228046218,0.8243760719999997,-2.25758325,0.1352263886,-0.5350941379999999
53,PHE,2.546,0.8189128337085879,3.31937,0.7756000000000001,-0.2125999999999999,0,0.0,0,0.0,0.8111,0.783,0.0763,0.037,0.8340927600000001,1.61604913,2.29756166,2.83766366,-0.304439674,-0.590913239,-0.0503108315,-0.1425298575,1.648773231,-3.263238831999999,0.2671342933000001,-0.7930926215000003
54,GLY,0.55,0.3042035398230088,0.88153,0.8806700000000001,0.3773299999999999,0,0.0,0,0.0,0.4556,0.0,1.0,0.5062,0.8335739400000001,1.61199118,2.28422611,2.80717481,-0.295957512,-0.577794993,-0.0448849953,-0.1280222099,1.3357885460000003,-1.7910579169999998,0.2102065985999999,-0.4067556587000003
55,PRO,1.429,0.6408071748878924,1.56635,0.7393,0.0616999999999999,0,0.0,0,0.0,0.3222,0.3764,0.8594,0.3827,0.69433879,1.34096095,1.89584853,2.3220666000000003,-0.418689415,-0.81186307,-0.0712879795,-0.2020609987,1.2162149460000002,-2.13544228,0.2051577465,-0.5463923421
56,GLY,0.728,0.4026548672566371,0.92013,0.85196,0.22804,0,0.0,0,0.0,0.4556,0.0,1.0,0.5062,0.69418084,1.33973671,1.89186485,2.31308077,-0.577325356,-1.1155835040000002,-0.1033682317,-0.292095928,1.4887210069999997,-3.3244262350000007,0.2674901331,-0.877351862
57,LYS,2.026,0.6504012841091492,3.22527,0.73105,0.3579500000000004,0,0.0,0,0.0,0.0667,0.6942,0.6867,0.7901,0.9737308100000002,1.89022533,2.69625789,3.34630066,-0.587860083,-1.151930895,-0.0817817196,-0.233887572,0.9835216760000002,-2.4926913769999994,0.1419640972,-0.5098305540000001
58,MET,1.173,0.3933601609657947,2.4593700000000003,1.38328,0.4257200000000001,0,0.0,0,0.0,0.7111,0.6196,0.0,0.0988,0.69369623,1.3359442700000002,1.87939443,2.28454691,-0.51410721,-0.9952118,-0.0903114058,-0.255767217,0.7838405489999998,-1.800949884,0.1397883879999999,-0.470360637
59,ASP,1.614,0.6020141738157404,2.25979,0.7035899999999999,0.36341,0,0.0,0,0.0,0.1111,0.3239,0.8675,1.0,0.5548355,1.06783709,1.50060363,1.82129875,-0.56098947,-1.083777771,-0.1011488292999999,-0.28587566,0.7831962869999999,-2.1914351079999994,0.1439790615,-0.5974993369999998
60,SER,0.945,0.434283088235294,1.56382,0.88756,0.3434400000000003,0,0.0,0,0.0,0.4111,0.1877,0.8514,0.5309,0.8335127400000001,1.61152443,2.2827331,2.80388608,-0.7800692134999998,-1.5189446640000002,-0.1235797576999999,-0.3514908618,0.627362495,-1.530038947,0.1084988259999999,-0.38528442
61,ARG,1.773,0.5287801968386519,3.59097,1.2960299999999998,0.2839700000000005,0,0.0,0,0.0,0.0,0.7346,0.9398,0.6914,1.11301725,2.16164728,3.08589073,3.83417991,-0.5633973380000001,-1.094769706,-0.0923441631999999,-0.2621287381,0.3928889300000001,-0.673553005,0.06076986,-0.1623149806
62,GLY,0.272,0.1504424778761062,0.84923,0.97809,0.5579100000000001,1,0.0833333333333333,1,0.0833333333333333,0.4556,0.0,1.0,0.5062,0.97189073,1.8758389,2.6490012000000003,3.23832429,-0.8407655080999998,-1.6218627736000002,-0.15491496229,-0.43735779834,0.312894316,-0.7757524699999999,0.06056042,-0.227135709
63,GLU,1.565,0.5736803519061583,2.90098,0.91811,0.2448900000000003,0,0.0,2,0.153846153846154,0.1111,0.4884,0.8112,0.9136,1.39117802,2.70127894,3.85463618,4.7859962000000005,-0.7073271655400001,-1.3765007237,-0.11318432942,-0.321748709,0.3145273999999999,-0.900993976,0.0478826519999999,-0.202542469
64,HIS,0.63,0.2278481012658227,2.3274,1.7014699999999998,0.4335300000000004,0,0.0,3,0.272727272727273,0.1444,0.561,0.1124,0.679,1.25146668,2.42653616,3.4540983600000006,4.27321019,-0.4424939355,-0.8546482730000001,-0.0797935209,-0.2254030507,0.8231673660000003,-1.3617482789999995,0.1448322384,-0.3887250969
65,ARG,2.733,0.815090963316433,3.97262,0.6885,-0.0684999999999999,0,0.0,1,0.166666666666667,0.0,0.7346,0.9398,0.6914,1.11309256,2.1622341,3.08780969,3.83853782,-0.4251368111999999,-0.8228237743000001,-0.07484824757,-0.2119251163,1.1776363859999996,-1.7588328696,0.1930083033,-0.4606731745799999
66,GLN,1.111,0.3864347826086956,2.59945,1.31187,0.4521300000000001,0,0.0,2,0.222222222222222,0.1111,0.5388,0.7952,0.6914,1.11185718,2.15258356,3.05613818,3.76625931,-0.4917648984,-0.9611997100000002,-0.072739178048,-0.20766634938,1.1790399749999994,-2.469368744700001,0.1828042491,-0.5421425026500001
67,ASP,1.385,0.5165982842223051,2.47603,0.7490800000000001,0.54692,0,0.0,0,0.0,0.1111,0.3239,0.8675,1.0,0.83377663,1.6135876899999997,2.28951122,2.8193759700000003,-0.44779950083,-0.8708236669999999,-0.07206558147,-0.2046028133299999,1.139659192,-2.356816242,0.1754744654,-0.5399238757000002
68,ARG,2.819,0.8407396361467342,4.05943,0.6687000000000001,-0.1346999999999998,0,0.0,0,0.0,0.0,0.7346,0.9398,0.6914,0.6946455500000001,1.34336692,1.90377929,2.34027319,-0.4953333763229999,-0.95746181758,-0.0882376084501,-0.2493873798973,0.9017032150000004,-2.1095905710000005,0.1565639517,-0.542656499
69,ARG,1.833,0.5466746197435133,3.5072300000000003,1.36631,0.1536900000000003,0,0.0,1,0.142857142857143,0.0,0.7346,0.9398,0.6914,1.11214921,2.15488128,3.0637367,3.78377819,-0.4143639598,-0.805756195,-0.0668471308,-0.1898038708999999,1.177430643,-2.061354183,0.1945046207999999,-0.5033700003
70,GLU,1.106,0.405425219941349,2.64047,1.17384,0.4481600000000001,0,0.0,2,0.285714285714286,0.1111,0.4884,0.8112,0.9136,1.39208699,2.708368,3.877860160000001,4.83886752,-0.2511349262,-0.4874588589999999,-0.04172166775,-0.1182640874,0.7071591060000002,-1.2205179149999998,0.1106521217999999,-0.2973858822
71,ARG,1.285,0.3832388905457798,3.08394,1.7013699999999996,0.3666300000000009,0,0.0,5,0.333333333333333,0.0,0.7346,0.9398,0.6914,1.25046823,2.41871799,3.428377050000001,4.2143163,-0.3336250573230001,-0.6454459043930001,-0.0591039347178999,-0.1672943750515,0.705366768,-1.0820964570000005,0.1268363124,-0.2718701949
72,PRO,0.808,0.3623318385650224,1.7278,1.14185,0.2801499999999999,1,0.111111111111111,3,0.333333333333333,0.3222,0.3764,0.8594,0.3827,1.11205521,2.15414458,3.0613109400000003,3.77821679,-0.67886231727,-1.3209123824,-0.108638725063,-0.30871887049,0.392682003,-0.8440860120000002,0.063613186,-0.1978379829999999
73,TYR,2.044,0.5997652582159625,4.58252,1.0694,0.2946,1,0.25,2,0.5,0.3556,0.8063,0.502,0.1605,0.8351128700000001,1.62391625,2.32303782,2.89476654,-0.8458670744999999,-1.6472503740000002,-0.1338071883,-0.3806362569,0.393477236,-0.5727536190000001,0.0567192577,-0.1251006007
