1,2,1.00
2,1,1.00
1,3,0.78
3,1,0.78
1,4,0.70
4,1,0.70
2,3,1.00
3,2,1.00
2,4,0.75
4,2,0.75
2,25,0.60
25,2,0.60
2,26,0.64
26,2,0.64
2,27,0.57
27,2,0.57
3,4,1.00
4,3,1.00
3,5,0.71
5,3,0.71
3,6,0.57
6,3,0.57
3,24,0.57
24,3,0.57
3,25,0.66
25,3,0.66
3,26,0.78
26,3,0.78
3,27,0.64
27,3,0.64
4,5,1.00
5,4,1.00
4,6,0.79
6,4,0.79
4,7,0.66
7,4,0.66
4,26,0.62
26,4,0.62
5,6,1.00
6,5,1.00
5,7,0.79
7,5,0.79
5,8,0.58
8,5,0.58
6,7,1.00
7,6,1.00
6,8,0.72
8,6,0.72
7,8,1.00
8,7,1.00
7,9,0.71
9,7,0.71
7,10,0.69
10,7,0.69
8,9,1.00
9,8,1.00
8,10,0.80
10,8,0.80
8,11,0.61
11,8,0.61
9,10,1.00
10,9,1.00
9,11,0.77
11,9,0.77
10,11,1.00
11,10,1.00
10,12,0.74
12,10,0.74
10,41,0.68
41,10,0.68
10,42,0.59
42,10,0.59
11,12,1.00
12,11,1.00
11,13,0.74
13,11,0.74
11,14,0.57
14,11,0.57
11,41,0.70
41,11,0.70
11,42,0.68
42,11,0.68
11,43,0.61
43,11,0.61
12,13,1.00
13,12,1.00
12,14,0.76
14,12,0.76
12,15,0.60
15,12,0.60
12,40,0.61
40,12,0.61
12,41,0.81
41,12,0.81
12,42,0.93
42,12,0.93
12,43,0.82
43,12,0.82
12,44,0.67
44,12,0.67
13,14,1.00
14,13,1.00
13,15,0.79
15,13,0.79
13,16,0.66
16,13,0.66
13,17,0.61
17,13,0.61
13,18,0.73
18,13,0.73
13,19,0.62
19,13,0.62
13,41,0.70
41,13,0.70
13,42,0.92
42,13,0.92
13,43,0.73
43,13,0.73
14,15,1.00
15,14,1.00
14,16,0.74
16,14,0.74
14,17,0.60
17,14,0.60
14,18,0.68
18,14,0.68
14,19,0.66
19,14,0.66
14,42,0.75
42,14,0.75
14,43,0.71
43,14,0.71
15,16,1.00
16,15,1.00
15,17,0.77
17,15,0.77
15,18,0.86
18,15,0.86
15,19,0.95
19,15,0.95
15,20,0.70
20,15,0.70
15,21,0.58
21,15,0.58
15,42,0.68
42,15,0.68
15,43,0.62
43,15,0.62
15,93,0.58
93,15,0.58
15,94,0.67
94,15,0.67
16,17,1.00
17,16,1.00
16,18,0.86
18,16,0.86
16,19,0.86
19,16,0.86
16,20,0.79
20,16,0.79
16,21,0.63
21,16,0.63
16,42,0.70
42,16,0.70
16,43,0.64
43,16,0.64
16,83,0.65
83,16,0.65
16,84,0.63
84,16,0.63
16,93,0.59
93,16,0.59
16,94,0.63
94,16,0.63
17,18,1.00
18,17,1.00
17,19,0.86
19,17,0.86
17,20,0.90
20,17,0.90
17,21,0.81
21,17,0.81
17,22,0.70
22,17,0.70
17,23,0.69
23,17,0.69
17,24,0.59
24,17,0.59
17,42,0.67
42,17,0.67
17,83,0.58
83,17,0.58
18,19,1.00
19,18,1.00
18,20,0.83
20,18,0.83
18,21,0.83
21,18,0.83
18,22,0.65
22,18,0.65
18,23,0.61
23,18,0.61
18,24,0.58
24,18,0.58
18,41,0.57
41,18,0.57
18,42,0.69
42,18,0.69
19,20,1.00
20,19,1.00
19,21,0.82
21,19,0.82
19,22,0.60
22,19,0.60
19,92,0.62
92,19,0.62
19,93,0.70
93,19,0.70
19,94,0.68
94,19,0.68
20,21,1.00
21,20,1.00
20,22,0.74
22,20,0.74
20,23,0.61
23,20,0.61
20,91,0.63
91,20,0.63
20,92,0.79
92,20,0.79
20,93,0.76
93,20,0.76
20,94,0.65
94,20,0.65
21,22,1.00
22,21,1.00
21,23,0.74
23,21,0.74
21,24,0.64
24,21,0.64
21,92,0.61
92,21,0.61
21,93,0.58
93,21,0.58
22,23,1.00
23,22,1.00
22,24,0.78
24,22,0.78
22,25,0.62
25,22,0.62
23,24,1.00
24,23,1.00
23,25,0.74
25,23,0.74
23,26,0.60
26,23,0.60
24,25,1.00
25,24,1.00
24,26,0.76
26,24,0.76
24,27,0.58
27,24,0.58
25,26,1.00
26,25,1.00
25,27,0.78
27,25,0.78
25,28,0.67
28,25,0.67
26,27,1.00
27,26,1.00
26,28,0.73
28,26,0.73
26,29,0.62
29,26,0.62
27,28,1.00
28,27,1.00
27,29,0.80
29,27,0.80
27,30,0.62
30,27,0.62
28,29,1.00
29,28,1.00
28,30,0.78
30,28,0.78
28,31,0.62
31,28,0.62
29,30,1.00
30,29,1.00
29,31,0.76
31,29,0.76
29,32,0.66
32,29,0.66
29,33,0.65
33,29,0.65
30,31,1.00
31,30,1.00
30,32,0.73
32,30,0.73
30,33,0.62
33,30,0.62
31,32,1.00
32,31,1.00
31,33,0.72
33,31,0.72
31,34,0.61
34,31,0.61
31,35,0.57
35,31,0.57
32,33,1.00
33,32,1.00
32,34,0.81
34,32,0.81
32,35,0.75
35,32,0.75
33,34,1.00
34,33,1.00
33,35,0.74
35,33,0.74
33,36,0.58
36,33,0.58
34,35,1.00
35,34,1.00
34,36,0.81
36,34,0.81
34,37,0.72
37,34,0.72
35,36,1.00
36,35,1.00
35,37,0.72
37,35,0.72
35,80,0.58
80,35,0.58
36,37,1.00
37,36,1.00
36,38,0.71
38,36,0.71
36,39,0.58
39,36,0.58
36,79,0.64
79,36,0.64
36,80,0.81
80,36,0.81
36,81,0.71
81,36,0.71
36,82,0.63
82,36,0.63
37,38,1.00
38,37,1.00
37,39,0.74
39,37,0.74
37,40,0.63
40,37,0.63
37,78,0.61
78,37,0.61
37,79,0.72
79,37,0.72
37,80,0.90
80,37,0.90
37,81,0.78
81,37,0.78
37,82,0.61
82,37,0.61
38,39,1.00
39,38,1.00
38,40,0.76
40,38,0.76
38,44,0.65
44,38,0.65
38,77,0.58
77,38,0.58
38,78,0.81
78,38,0.81
38,79,0.87
79,38,0.87
38,80,1.00
80,38,1.00
38,81,0.86
81,38,0.86
38,82,0.62
82,38,0.62
39,40,1.00
40,39,1.00
39,41,0.71
41,39,0.71
39,42,0.66
42,39,0.66
39,43,0.72
43,39,0.72
39,44,0.89
44,39,0.89
39,45,0.68
45,39,0.68
39,46,0.60
46,39,0.60
39,78,0.72
78,39,0.72
39,79,0.68
79,39,0.68
39,80,0.79
80,39,0.79
39,81,0.91
81,39,0.91
39,82,0.64
82,39,0.64
39,83,0.58
83,39,0.58
40,41,1.00
41,40,1.00
40,42,0.79
42,40,0.79
40,43,0.74
43,40,0.74
40,44,0.87
44,40,0.87
40,45,0.62
45,40,0.62
40,80,0.59
80,40,0.59
40,81,0.67
81,40,0.67
41,42,1.00
42,41,1.00
41,43,0.80
43,41,0.80
41,44,0.79
44,41,0.79
41,45,0.58
45,41,0.58
42,43,1.00
43,42,1.00
42,44,0.79
44,42,0.79
42,45,0.60
45,42,0.60
43,44,1.00
44,43,1.00
43,45,0.81
45,43,0.81
43,46,0.61
46,43,0.61
43,81,0.58
81,43,0.58
44,45,1.00
45,44,1.00
44,46,0.79
46,44,0.79
44,47,0.63
47,44,0.63
44,78,0.62
78,44,0.62
44,81,0.62
81,44,0.62
45,46,1.00
46,45,1.00
45,47,0.78
47,45,0.78
45,48,0.59
48,45,0.59
45,76,0.61
76,45,0.61
45,77,0.60
77,45,0.60
45,78,0.64
78,45,0.64
46,47,1.00
47,46,1.00
46,48,0.79
48,46,0.79
46,49,0.62
49,46,0.62
46,58,0.57
58,46,0.57
46,59,0.62
59,46,0.62
46,60,0.63
60,46,0.63
46,76,0.62
76,46,0.62
46,77,0.64
77,46,0.64
46,78,0.66
78,46,0.66
47,48,1.00
48,47,1.00
47,49,0.70
49,47,0.70
47,58,0.70
58,47,0.70
47,59,0.68
59,47,0.68
47,60,0.62
60,47,0.62
48,49,1.00
49,48,1.00
48,50,0.76
50,48,0.76
48,51,0.58
51,48,0.58
48,57,0.69
57,48,0.69
48,58,0.99
58,48,0.99
48,59,0.94
59,48,0.94
48,60,0.79
60,48,0.79
48,61,0.63
61,48,0.63
48,62,0.66
62,48,0.66
48,63,0.58
63,48,0.58
49,50,1.00
50,49,1.00
49,51,0.75
51,49,0.75
49,52,0.59
52,49,0.59
49,55,0.68
55,49,0.68
49,56,0.65
56,49,0.65
49,57,0.73
57,49,0.73
49,58,0.90
58,49,0.90
49,59,0.88
59,49,0.88
49,60,0.82
60,49,0.82
49,61,0.78
61,49,0.78
49,62,0.92
62,49,0.92
49,63,0.79
63,49,0.79
49,64,0.60
64,49,0.60
50,51,1.00
51,50,1.00
50,52,0.79
52,50,0.79
50,53,0.64
53,50,0.64
50,54,0.69
54,50,0.69
50,55,0.89
55,50,0.89
50,56,0.91
56,50,0.91
50,57,0.94
57,50,0.94
50,58,0.93
58,50,0.93
50,59,0.79
59,50,0.79
50,60,0.69
60,50,0.69
50,61,0.69
61,50,0.69
50,62,0.94
62,50,0.94
50,63,0.75
63,50,0.75
51,52,1.00
52,51,1.00
51,53,0.85
53,51,0.85
51,54,0.82
54,51,0.82
51,55,0.86
55,51,0.86
51,56,0.83
56,51,0.83
51,57,0.74
57,51,0.74
51,58,0.67
58,51,0.67
51,59,0.66
59,51,0.66
51,60,0.63
60,51,0.63
51,61,0.71
61,51,0.71
51,62,1.00
62,51,1.00
51,63,0.77
63,51,0.77
51,64,0.61
64,51,0.61
52,53,1.00
53,52,1.00
52,54,0.81
54,52,0.81
52,55,0.77
55,52,0.77
52,56,0.89
56,52,0.89
52,57,0.75
57,52,0.75
52,58,0.62
58,52,0.62
52,59,0.58
59,52,0.58
52,62,0.69
62,52,0.69
53,54,1.00
54,53,1.00
53,55,0.74
55,53,0.74
53,56,0.72
56,53,0.72
53,57,0.57
57,53,0.57
53,62,0.62
62,53,0.62
54,55,1.00
55,54,1.00
54,56,0.79
56,54,0.79
54,57,0.59
57,54,0.59
54,62,0.62
62,54,0.62
54,63,0.61
63,54,0.61
55,56,1.00
56,55,1.00
55,57,0.74
57,55,0.74
55,58,0.62
58,55,0.62
55,62,0.69
62,55,0.69
55,63,0.67
63,55,0.67
56,57,1.00
57,56,1.00
56,58,0.73
58,56,0.73
56,59,0.59
59,56,0.59
56,62,0.63
62,56,0.63
57,58,1.00
58,57,1.00
57,59,0.74
59,57,0.74
57,60,0.58
60,57,0.58
57,62,0.63
62,57,0.63
58,59,1.00
59,58,1.00
58,60,0.72
60,58,0.72
58,61,0.60
61,58,0.60
58,62,0.67
62,58,0.67
59,60,1.00
60,59,1.00
59,61,0.74
61,59,0.74
59,62,0.73
62,59,0.73
60,61,1.00
61,60,1.00
60,62,0.79
62,60,0.79
60,63,0.62
63,60,0.62
61,62,1.00
62,61,1.00
61,63,0.79
63,61,0.79
61,64,0.76
64,61,0.76
61,65,0.58
65,61,0.58
62,63,1.00
63,62,1.00
62,64,0.79
64,62,0.79
62,65,0.59
65,62,0.59
63,64,1.00
64,63,1.00
63,65,0.71
65,63,0.71
63,66,0.59
66,63,0.59
64,65,1.00
65,64,1.00
64,66,0.80
66,64,0.80
64,67,0.67
67,64,0.67
65,66,1.00
66,65,1.00
65,67,0.75
67,65,0.75
66,67,1.00
67,66,1.00
66,68,0.71
68,66,0.71
66,69,0.59
69,66,0.59
67,68,1.00
68,67,1.00
67,69,0.71
69,67,0.71
68,69,1.00
69,68,1.00
68,70,0.71
70,68,0.71
69,70,1.00
70,69,1.00
69,71,0.72
71,69,0.72
69,74,0.61
74,69,0.61
69,75,0.57
75,69,0.57
70,71,1.00
71,70,1.00
70,72,0.76
72,70,0.76
70,73,0.75
73,70,0.75
70,74,0.81
74,70,0.81
70,75,0.69
75,70,0.69
71,72,1.00
72,71,1.00
71,73,0.81
73,71,0.81
71,74,0.75
74,71,0.75
71,75,0.58
75,71,0.58
71,154,0.59
154,71,0.59
72,73,1.00
73,72,1.00
72,74,0.74
74,72,0.74
72,75,0.59
75,72,0.59
72,153,0.62
153,72,0.62
72,154,0.79
154,72,0.79
72,155,0.68
155,72,0.68
73,74,1.00
74,73,1.00
73,75,0.78
75,73,0.78
73,76,0.65
76,73,0.65
73,77,0.60
77,73,0.60
73,152,0.58
152,73,0.58
73,153,0.79
153,73,0.79
73,154,0.89
154,73,0.89
73,155,0.65
155,73,0.65
74,75,1.00
75,74,1.00
74,76,0.72
76,74,0.72
74,77,0.63
77,74,0.63
74,153,0.64
153,74,0.64
74,154,0.63
154,74,0.63
75,76,1.00
76,75,1.00
75,77,0.84
77,75,0.84
75,78,0.60
78,75,0.60
75,153,0.63
153,75,0.63
75,154,0.58
154,75,0.58
76,77,1.00
77,76,1.00
76,78,0.74
78,76,0.74
76,79,0.62
79,76,0.62
76,153,0.67
153,76,0.67
76,154,0.57
154,76,0.57
77,78,1.00
78,77,1.00
77,79,0.77
79,77,0.77
77,80,0.59
80,77,0.59
78,79,1.00
79,78,1.00
78,80,0.77
80,78,0.77
78,81,0.63
81,78,0.63
79,80,1.00
80,79,1.00
79,81,0.71
81,79,0.71
79,82,0.61
82,79,0.61
80,81,1.00
81,80,1.00
80,82,0.80
82,80,0.80
80,83,0.60
83,80,0.60
80,152,0.57
152,80,0.57
81,82,1.00
82,81,1.00
81,83,0.77
83,81,0.77
81,84,0.58
84,81,0.58
81,152,0.58
152,81,0.58
82,83,1.00
83,82,1.00
82,84,0.74
84,82,0.74
82,85,0.62
85,82,0.62
82,86,0.63
86,82,0.63
82,151,0.61
151,82,0.61
82,152,0.72
152,82,0.72
83,84,1.00
84,83,1.00
83,85,0.72
85,83,0.72
83,86,0.67
86,83,0.67
83,87,0.60
87,83,0.60
83,88,0.59
88,83,0.59
83,90,0.57
90,83,0.57
83,151,0.66
151,83,0.66
83,152,0.68
152,83,0.68
84,85,1.00
85,84,1.00
84,86,0.80
86,84,0.80
84,87,0.70
87,84,0.70
84,88,0.76
88,84,0.76
84,89,0.73
89,84,0.73
84,90,0.78
90,84,0.78
84,91,0.64
91,84,0.64
84,151,0.63
151,84,0.63
84,152,0.59
152,84,0.59
85,86,1.00
86,85,1.00
85,87,0.78
87,85,0.78
85,88,0.87
88,85,0.87
85,89,0.99
89,85,0.99
85,90,0.94
90,85,0.94
85,91,0.67
91,85,0.67
85,151,0.59
151,85,0.59
86,87,1.00
87,86,1.00
86,88,0.83
88,86,0.83
86,89,0.78
89,86,0.78
86,90,0.66
90,86,0.66
86,149,0.58
149,86,0.58
86,150,0.64
150,86,0.64
86,151,0.71
151,86,0.71
86,152,0.64
152,86,0.64
87,88,1.00
88,87,1.00
87,89,0.75
89,87,0.75
87,90,0.59
90,87,0.59
87,148,0.57
148,87,0.57
87,149,0.79
149,87,0.79
87,150,0.83
150,87,0.83
87,151,0.83
151,87,0.83
87,152,0.64
152,87,0.64
88,89,1.00
89,88,1.00
88,90,0.73
90,88,0.73
88,91,0.62
91,88,0.62
88,149,0.68
149,88,0.68
88,150,0.62
150,88,0.62
88,151,0.65
151,88,0.65
89,90,1.00
90,89,1.00
89,91,0.76
91,89,0.76
90,91,1.00
91,90,1.00
90,92,0.74
92,90,0.74
90,93,0.61
93,90,0.61
91,92,1.00
92,91,1.00
91,93,0.84
93,91,0.84
91,94,0.71
94,91,0.71
91,95,0.68
95,91,0.68
92,93,1.00
93,92,1.00
92,94,0.71
94,92,0.71
92,95,0.61
95,92,0.61
93,94,1.00
94,93,1.00
93,95,0.76
95,93,0.76
94,95,1.00
95,94,1.00
94,96,0.70
96,94,0.70
95,96,1.00
96,95,1.00
95,97,0.76
97,95,0.76
95,98,0.57
98,95,0.57
96,97,1.00
97,96,1.00
96,98,0.75
98,96,0.75
97,98,1.00
98,97,1.00
97,99,0.70
99,97,0.70
97,142,0.57
142,97,0.57
98,99,1.00
99,98,1.00
98,100,0.70
100,98,0.70
98,142,0.61
142,98,0.61
98,144,0.67
144,98,0.67
99,100,1.00
100,99,1.00
99,101,0.73
101,99,0.73
99,142,0.65
142,99,0.65
99,143,0.60
143,99,0.60
99,144,0.76
144,99,0.76
99,145,0.60
145,99,0.60
99,146,0.61
146,99,0.61
100,101,1.00
101,100,1.00
100,102,0.75
102,100,0.75
100,103,0.59
103,100,0.59
100,142,0.63
142,100,0.63
100,143,0.63
143,100,0.63
100,144,0.82
144,100,0.82
100,145,0.67
145,100,0.67
100,146,0.67
146,100,0.67
101,102,1.00
102,101,1.00
101,103,0.80
103,101,0.80
101,104,0.61
104,101,0.61
101,116,0.59
116,101,0.59
101,119,0.61
119,101,0.61
101,141,0.59
141,101,0.59
101,142,0.69
142,101,0.69
101,143,0.73
143,101,0.73
101,144,0.84
144,101,0.84
101,145,0.70
145,101,0.70
101,146,0.62
146,101,0.62
102,103,1.00
103,102,1.00
102,104,0.77
104,102,0.77
102,105,0.60
105,102,0.60
102,116,0.66
116,102,0.66
102,117,0.62
117,102,0.62
102,118,0.63
118,102,0.63
102,119,0.69
119,102,0.69
102,143,0.57
143,102,0.57
102,144,0.63
144,102,0.63
102,145,0.60
145,102,0.60
103,104,1.00
104,103,1.00
103,105,0.70
105,103,0.70
103,106,0.60
106,103,0.60
103,115,0.63
115,103,0.63
103,116,0.83
116,103,0.83
103,117,0.87
117,103,0.87
103,118,0.88
118,103,0.88
103,119,0.90
119,103,0.90
103,120,0.63
120,103,0.63
103,143,0.59
143,103,0.59
103,144,0.58
144,103,0.58
104,105,1.00
105,104,1.00
104,106,0.80
106,104,0.80
104,107,0.64
107,104,0.64
104,109,0.61
109,104,0.61
104,114,0.62
114,104,0.62
104,115,0.82
115,104,0.82
104,116,1.00
116,104,1.00
104,117,0.95
117,104,0.95
104,118,0.89
118,104,0.89
104,119,0.71
119,104,0.71
105,106,1.00
106,105,1.00
105,107,0.70
107,105,0.70
105,108,0.63
108,105,0.63
105,109,0.75
109,105,0.75
105,115,0.75
115,105,0.75
105,116,0.74
116,105,0.74
105,117,0.72
117,105,0.72
105,118,0.75
118,105,0.75
105,119,0.59
119,105,0.59
106,107,1.00
107,106,1.00
106,108,0.83
108,106,0.83
106,109,0.85
109,106,0.85
106,110,0.60
110,106,0.60
106,115,0.72
115,106,0.72
106,116,0.70
116,106,0.70
106,117,0.74
117,106,0.74
106,118,0.74
118,106,0.74
106,124,0.58
124,106,0.58
106,125,0.70
125,106,0.70
106,126,0.63
126,106,0.63
106,132,0.58
132,106,0.58
107,108,1.00
108,107,1.00
107,109,0.80
109,107,0.80
107,110,0.60
110,107,0.60
107,115,0.67
115,107,0.67
107,116,0.65
116,107,0.65
107,117,0.70
117,107,0.70
107,118,0.64
118,107,0.64
107,124,0.61
124,107,0.61
107,125,0.74
125,107,0.74
107,126,0.76
126,107,0.76
107,127,0.69
127,107,0.69
107,132,0.71
132,107,0.71
107,133,0.67
133,107,0.67
108,109,1.00
109,108,1.00
108,110,0.78
110,108,0.78
108,111,0.57
111,108,0.57
108,115,0.64
115,108,0.64
108,125,0.58
125,108,0.58
108,126,0.64
126,108,0.64
108,127,0.68
127,108,0.68
109,110,1.00
110,109,1.00
109,111,0.72
111,109,0.72
109,112,0.62
112,109,0.62
109,113,0.66
113,109,0.66
109,114,0.61
114,109,0.61
109,115,0.77
115,109,0.77
109,116,0.61
116,109,0.61
110,111,1.00
111,110,1.00
110,112,0.74
112,110,0.74
110,113,0.71
113,110,0.71
110,114,0.58
114,110,0.58
110,115,0.64
115,110,0.64
111,112,1.00
112,111,1.00
111,113,0.82
113,111,0.82
111,114,0.60
114,111,0.60
111,115,0.59
115,111,0.59
112,113,1.00
113,112,1.00
112,114,0.71
114,112,0.71
112,115,0.63
115,112,0.63
113,114,1.00
114,113,1.00
113,115,0.81
115,113,0.81
113,116,0.59
116,113,0.59
114,115,1.00
115,114,1.00
114,116,0.76
116,114,0.76
114,145,0.61
145,114,0.61
115,116,1.00
116,115,1.00
115,117,0.72
117,115,0.72
115,118,0.58
118,115,0.58
116,117,1.00
117,116,1.00
116,118,0.73
118,116,0.73
116,119,0.61
119,116,0.61
116,133,0.60
133,116,0.60
116,145,0.60
145,116,0.60
117,118,1.00
118,117,1.00
117,119,0.77
119,117,0.77
117,120,0.62
120,117,0.62
117,123,0.67
123,117,0.67
117,124,0.60
124,117,0.60
117,125,0.59
125,117,0.59
117,132,0.62
132,117,0.62
117,133,0.73
133,117,0.73
117,134,0.72
134,117,0.72
118,119,1.00
119,118,1.00
118,120,0.80
120,118,0.80
118,121,0.62
121,118,0.62
118,122,0.59
122,118,0.59
118,123,0.74
123,118,0.74
118,124,0.67
124,118,0.67
118,125,0.65
125,118,0.65
118,132,0.59
132,118,0.59
118,133,0.62
133,118,0.62
118,134,0.65
134,118,0.65
119,120,1.00
120,119,1.00
119,121,0.72
121,119,0.72
119,122,0.61
122,119,0.61
119,123,0.68
123,119,0.68
119,134,0.61
134,119,0.61
120,121,1.00
121,120,1.00
120,122,0.76
122,120,0.76
120,123,0.80
123,120,0.80
120,124,0.64
124,120,0.64
120,134,0.61
134,120,0.61
121,122,1.00
122,121,1.00
121,123,0.83
123,121,0.83
121,124,0.63
124,121,0.63
121,134,0.65
134,121,0.65
121,135,0.57
135,121,0.57
121,136,0.64
136,121,0.64
121,137,0.58
137,121,0.58
121,138,0.60
138,121,0.60
122,123,1.00
123,122,1.00
122,124,0.73
124,122,0.73
122,131,0.60
131,122,0.60
122,132,0.62
132,122,0.62
122,133,0.64
133,122,0.64
122,134,0.83
134,122,0.83
122,135,0.74
135,122,0.74
122,136,0.80
136,122,0.80
122,137,0.63
137,122,0.63
122,138,0.58
138,122,0.58
123,124,1.00
124,123,1.00
123,125,0.72
125,123,0.72
123,126,0.59
126,123,0.59
123,131,0.68
131,123,0.68
123,132,0.79
132,123,0.79
123,133,0.76
133,123,0.76
123,134,0.88
134,123,0.88
123,135,0.68
135,123,0.68
123,136,0.63
136,123,0.63
124,125,1.00
125,124,1.00
124,126,0.78
126,124,0.78
124,130,0.58
130,124,0.58
124,131,0.75
131,124,0.75
124,132,0.89
132,124,0.89
124,133,0.70
133,124,0.70
124,134,0.67
134,124,0.67
125,126,1.00
126,125,1.00
125,127,0.71
127,125,0.71
125,128,0.58
128,125,0.58
125,131,0.65
131,125,0.65
125,132,0.81
132,125,0.81
125,133,0.62
133,125,0.62
126,127,1.00
127,126,1.00
126,128,0.80
128,126,0.80
126,129,0.71
129,126,0.71
126,130,0.68
130,126,0.68
126,131,0.72
131,126,0.72
126,132,0.85
132,126,0.85
126,133,0.62
133,126,0.62
127,128,1.00
128,127,1.00
127,129,0.73
129,127,0.73
127,130,0.62
130,127,0.62
127,131,0.58
131,127,0.58
127,132,0.64
132,127,0.64
128,129,1.00
129,128,1.00
128,130,0.73
130,128,0.73
128,131,0.61
131,128,0.61
128,132,0.61
132,128,0.61
129,130,1.00
130,129,1.00
129,131,0.74
131,129,0.74
129,132,0.65
132,129,0.65
130,131,1.00
131,130,1.00
130,132,0.80
132,130,0.80
130,133,0.65
133,130,0.65
131,132,1.00
132,131,1.00
131,133,0.77
133,131,0.77
131,134,0.66
134,131,0.66
131,135,0.62
135,131,0.62
132,133,1.00
133,132,1.00
132,134,0.76
134,132,0.76
132,135,0.63
135,132,0.63
133,134,1.00
134,133,1.00
133,135,0.78
135,133,0.78
133,136,0.59
136,133,0.59
134,135,1.00
135,134,1.00
134,136,0.79
136,134,0.79
134,137,0.60
137,134,0.60
135,136,1.00
136,135,1.00
135,137,0.71
137,135,0.71
135,138,0.58
138,135,0.58
136,137,1.00
137,136,1.00
136,138,0.75
138,136,0.75
137,138,1.00
138,137,1.00
137,139,0.71
139,137,0.71
137,141,0.58
141,137,0.58
138,139,0.99
139,138,0.99
138,140,0.74
140,138,0.74
138,141,0.77
141,138,0.77
138,142,0.58
142,138,0.58
139,140,1.00
140,139,1.00
139,141,0.81
141,139,0.81
139,142,0.59
142,139,0.59
140,141,1.00
141,140,1.00
140,142,0.71
142,140,0.71
141,142,1.00
142,141,1.00
141,143,0.71
143,141,0.71
141,144,0.59
144,141,0.59
142,143,1.00
143,142,1.00
142,144,0.82
144,142,0.82
142,145,0.60
145,142,0.60
143,144,1.00
144,143,1.00
143,145,0.79
145,143,0.79
143,146,0.59
146,143,0.59
144,145,1.00
145,144,1.00
144,146,0.79
146,144,0.79
144,147,0.63
147,144,0.63
145,146,1.00
146,145,1.00
145,147,0.79
147,145,0.79
145,148,0.60
148,145,0.60
146,147,1.00
147,146,1.00
146,148,0.70
148,146,0.70
146,149,0.59
149,146,0.59
147,148,1.00
148,147,1.00
147,149,0.76
149,147,0.76
147,150,0.59
150,147,0.59
148,149,1.00
149,148,1.00
148,150,0.75
150,148,0.75
148,151,0.65
151,148,0.65
149,150,1.00
150,149,1.00
149,151,0.80
151,149,0.80
149,152,0.58
152,149,0.58
150,151,1.00
151,150,1.00
150,152,0.74
152,150,0.74
150,153,0.66
153,150,0.66
151,152,1.00
152,151,1.00
151,153,0.76
153,151,0.76
151,154,0.61
154,151,0.61
152,153,1.00
153,152,1.00
152,154,0.80
154,152,0.80
152,155,0.68
155,152,0.68
152,156,0.57
156,152,0.57
153,154,1.00
154,153,1.00
153,155,0.71
155,153,0.71
154,155,1.00
155,154,1.00
154,156,0.71
156,154,0.71
154,157,0.59
157,154,0.59
155,156,1.00
156,155,1.00
155,157,0.80
157,155,0.80
155,158,0.60
158,155,0.60
156,157,1.00
157,156,1.00
156,158,0.72
158,156,0.72
157,158,1.00
158,157,1.00
157,159,0.72
159,157,0.72
158,159,1.00
159,158,1.00
158,160,0.77
160,158,0.77
158,161,0.58
161,158,0.58
159,160,1.00
160,159,1.00
159,161,0.73
161,159,0.73
160,161,1.00
161,160,1.00
160,162,0.72
162,160,0.72
160,163,0.58
163,160,0.58
161,162,1.00
162,161,1.00
161,163,0.81
163,161,0.81
161,167,0.61
167,161,0.61
161,168,0.59
168,161,0.59
162,163,1.00
163,162,1.00
163,167,0.62
167,163,0.62
164,165,1.00
165,164,1.00
164,166,0.77
166,164,0.77
165,166,1.00
166,165,1.00
167,168,1.00
168,167,1.00
