1,2,1.00
2,1,1.00
1,3,0.71
3,1,0.71
1,4,0.58
4,1,0.58
2,3,1.00
3,2,1.00
2,4,0.77
4,2,0.77
2,5,0.63
5,2,0.63
3,4,1.00
4,3,1.00
3,5,0.81
5,3,0.81
3,6,0.58
6,3,0.58
3,73,0.60
73,3,0.60
3,74,0.65
74,3,0.65
4,5,1.00
5,4,1.00
4,6,0.72
6,4,0.72
4,7,0.61
7,4,0.61
4,73,0.63
73,4,0.63
4,74,0.61
74,4,0.61
5,6,1.00
6,5,1.00
5,7,0.78
7,5,0.78
5,8,0.62
8,5,0.62
5,9,0.68
9,5,0.68
5,10,0.66
10,5,0.66
5,71,0.60
71,5,0.60
5,72,0.63
72,5,0.63
5,73,0.77
73,5,0.77
5,74,0.70
74,5,0.70
6,7,1.00
7,6,1.00
6,8,0.81
8,6,0.81
6,9,0.86
9,6,0.86
6,10,0.80
10,6,0.80
6,11,0.59
11,6,0.59
6,71,0.67
71,6,0.67
6,72,0.64
72,6,0.64
6,73,0.74
73,6,0.74
6,74,0.61
74,6,0.61
7,8,1.00
8,7,1.00
7,9,0.82
9,7,0.82
7,10,0.65
10,7,0.65
8,9,1.00
9,8,1.00
8,10,0.72
10,8,0.72
9,10,1.00
10,9,1.00
9,11,0.71
11,9,0.71
9,12,0.61
12,9,0.61
9,13,0.60
13,9,0.60
9,73,0.65
73,9,0.65
9,74,0.58
74,9,0.58
9,75,0.59
75,9,0.59
10,11,1.00
11,10,1.00
10,12,0.76
12,10,0.76
10,13,0.66
13,10,0.66
10,14,0.60
14,10,0.60
10,70,0.59
70,10,0.59
10,71,0.66
71,10,0.66
10,72,0.69
72,10,0.69
10,73,0.83
73,10,0.83
10,74,0.67
74,10,0.67
10,75,0.68
75,10,0.68
11,12,1.00
12,11,1.00
11,13,0.77
13,11,0.77
11,14,0.74
14,11,0.74
11,15,0.66
15,11,0.66
11,17,0.59
17,11,0.59
11,18,0.58
18,11,0.58
11,70,0.57
70,11,0.57
11,71,0.62
71,11,0.62
11,72,0.70
72,11,0.70
11,73,0.79
73,11,0.79
11,74,0.68
74,11,0.68
11,75,0.74
75,11,0.74
11,76,0.58
76,11,0.58
12,13,1.00
13,12,1.00
12,14,0.82
14,12,0.82
12,15,0.70
15,12,0.70
12,72,0.59
72,12,0.59
12,73,0.70
73,12,0.70
12,74,0.72
74,12,0.72
12,75,0.95
75,12,0.95
12,76,0.72
76,12,0.72
12,77,0.62
77,12,0.62
13,14,1.00
14,13,1.00
13,15,0.72
15,13,0.72
13,18,0.60
18,13,0.60
13,75,0.75
75,13,0.75
13,76,0.70
76,13,0.70
13,77,0.68
77,13,0.68
14,15,1.00
15,14,1.00
14,16,0.70
16,14,0.70
14,17,0.69
17,14,0.69
14,18,0.82
18,14,0.82
14,19,0.69
19,14,0.69
14,75,0.58
75,14,0.58
15,16,1.00
16,15,1.00
15,17,0.82
17,15,0.82
15,18,0.84
18,15,0.84
15,19,0.78
19,15,0.78
15,20,0.62
20,15,0.62
16,17,1.00
17,16,1.00
16,18,0.84
18,16,0.84
16,19,0.88
19,16,0.88
16,20,0.79
20,16,0.79
16,21,0.66
21,16,0.66
16,22,0.59
22,16,0.59
17,18,1.00
18,17,1.00
17,19,0.82
19,17,0.82
17,20,0.83
20,17,0.83
17,21,0.85
21,17,0.85
17,22,0.81
22,17,0.81
17,23,0.67
23,17,0.67
18,19,1.00
19,18,1.00
18,20,0.84
20,18,0.84
18,21,0.79
21,18,0.79
18,22,0.80
22,18,0.80
18,23,0.60
23,18,0.60
19,20,1.00
20,19,1.00
19,21,0.75
21,19,0.75
19,22,0.64
22,19,0.64
20,21,1.00
21,20,1.00
20,22,0.72
22,20,0.72
21,22,1.00
22,21,1.00
21,23,0.76
23,21,0.76
21,24,0.58
24,21,0.58
22,23,1.00
23,22,1.00
22,24,0.76
24,22,0.76
23,24,1.00
24,23,1.00
23,25,0.74
25,23,0.74
23,26,0.58
26,23,0.58
23,66,0.62
66,23,0.62
23,67,0.70
67,23,0.70
23,68,0.57
68,23,0.57
24,25,1.00
25,24,1.00
24,26,0.73
26,24,0.73
24,27,0.62
27,24,0.62
24,62,0.60
62,24,0.60
24,66,0.66
66,24,0.66
24,67,0.84
67,24,0.84
24,68,0.65
68,24,0.65
25,26,1.00
26,25,1.00
25,27,0.77
27,25,0.77
25,28,0.58
28,25,0.58
25,61,0.64
61,25,0.64
25,62,0.80
62,25,0.80
25,63,0.68
63,25,0.68
25,64,0.68
64,25,0.68
25,65,0.69
65,25,0.69
25,66,0.79
66,25,0.79
25,67,0.95
67,25,0.95
25,68,0.67
68,25,0.67
26,27,1.00
27,26,1.00
26,28,0.76
28,26,0.76
26,29,0.58
29,26,0.58
26,61,0.62
61,26,0.62
26,62,0.86
62,26,0.86
26,63,0.85
63,26,0.85
26,64,0.82
64,26,0.82
26,65,0.82
65,26,0.82
26,66,0.87
66,26,0.87
26,67,1.00
67,26,1.00
26,68,0.77
68,26,0.77
26,69,0.59
69,26,0.59
27,28,1.00
28,27,1.00
27,29,0.75
29,27,0.75
27,61,0.69
61,27,0.69
27,62,0.97
62,27,0.97
27,63,0.87
63,27,0.87
27,64,0.68
64,27,0.68
27,65,0.61
65,27,0.61
27,66,0.61
66,27,0.61
27,67,0.74
67,27,0.74
27,68,0.66
68,27,0.66
28,29,1.00
29,28,1.00
28,30,0.72
30,28,0.72
28,31,0.62
31,28,0.62
28,61,0.63
61,28,0.63
28,62,0.81
62,28,0.81
28,63,0.93
63,28,0.93
28,64,0.68
64,28,0.68
28,65,0.57
65,28,0.57
28,67,0.58
67,28,0.58
29,30,1.00
30,29,1.00
29,31,0.74
31,29,0.74
29,62,0.60
62,29,0.60
29,63,0.65
63,29,0.65
30,31,1.00
31,30,1.00
30,32,0.73
32,30,0.73
31,32,1.00
32,31,1.00
31,33,0.71
33,31,0.71
31,34,0.62
34,31,0.62
32,33,1.00
33,32,1.00
32,34,0.73
34,32,0.73
32,35,0.58
35,32,0.58
33,34,1.00
34,33,1.00
33,35,0.71
35,33,0.71
34,35,1.00
35,34,1.00
34,36,0.71
36,34,0.71
35,36,1.00
36,35,1.00
35,37,0.70
37,35,0.70
35,38,0.57
38,35,0.57
36,37,1.00
37,36,1.00
36,38,0.76
38,36,0.76
36,39,0.57
39,36,0.57
36,54,0.58
54,36,0.58
37,38,1.00
38,37,1.00
37,39,0.76
39,37,0.76
37,53,0.62
53,37,0.62
37,54,0.76
54,37,0.76
37,55,0.64
55,37,0.64
38,39,1.00
39,38,1.00
38,40,0.72
40,38,0.72
38,41,0.57
41,38,0.57
38,53,0.62
53,38,0.62
38,54,0.69
54,38,0.69
39,40,1.00
40,39,1.00
39,41,0.77
41,39,0.77
39,42,0.60
42,39,0.60
39,53,0.75
53,39,0.75
39,54,0.74
54,39,0.74
40,41,1.00
41,40,1.00
40,42,0.79
42,40,0.79
40,43,0.60
43,40,0.60
40,53,0.65
53,40,0.65
40,54,0.59
54,40,0.59
41,42,1.00
42,41,1.00
41,43,0.82
43,41,0.82
41,44,0.72
44,41,0.72
41,53,0.66
53,41,0.66
42,43,1.00
43,42,1.00
42,44,0.73
44,42,0.73
43,44,1.00
44,43,1.00
43,45,0.72
45,43,0.72
43,46,0.59
46,43,0.59
44,45,1.00
45,44,1.00
44,46,0.81
46,44,0.81
44,47,0.64
47,44,0.64
45,46,1.00
46,45,1.00
45,47,0.77
47,45,0.77
45,48,0.59
48,45,0.59
46,47,1.00
47,46,1.00
46,48,0.80
48,46,0.80
46,49,0.78
49,46,0.78
46,50,0.61
50,46,0.61
46,51,0.61
51,46,0.61
47,48,1.00
48,47,1.00
47,49,0.75
49,47,0.75
47,50,0.58
50,47,0.58
48,49,1.00
49,48,1.00
48,50,0.72
50,48,0.72
48,51,0.61
51,48,0.61
49,50,1.00
50,49,1.00
49,51,0.79
51,49,0.79
49,52,0.58
52,49,0.58
50,51,1.00
51,50,1.00
50,52,0.75
52,50,0.75
50,53,0.59
53,50,0.59
51,52,1.00
52,51,1.00
51,53,0.78
53,51,0.78
51,54,0.60
54,51,0.60
51,56,0.63
56,51,0.63
51,57,0.60
57,51,0.60
52,53,1.00
53,52,1.00
52,54,0.82
54,52,0.82
52,55,0.73
55,52,0.73
52,56,0.86
56,52,0.86
52,57,0.71
57,52,0.71
53,54,1.00
54,53,1.00
53,55,0.72
55,53,0.72
53,56,0.71
56,53,0.71
54,55,1.00
55,54,1.00
54,56,0.81
56,54,0.81
54,57,0.59
57,54,0.59
55,56,1.00
56,55,1.00
55,57,0.72
57,55,0.72
55,64,0.60
64,55,0.60
56,57,1.00
57,56,1.00
56,58,0.75
58,56,0.75
56,59,0.61
59,56,0.61
56,60,0.66
60,56,0.66
57,58,1.00
58,57,1.00
57,59,0.73
59,57,0.73
57,60,0.68
60,57,0.68
58,59,1.00
59,58,1.00
58,60,0.80
60,58,0.80
58,61,0.63
61,58,0.63
59,60,1.00
60,59,1.00
59,61,0.89
61,59,0.89
59,62,0.69
62,59,0.69
59,63,0.58
63,59,0.58
60,61,1.00
61,60,1.00
60,62,0.79
62,60,0.79
60,63,0.70
63,60,0.70
60,64,0.59
64,60,0.59
61,62,1.00
62,61,1.00
61,63,0.73
63,61,0.73
61,64,0.59
64,61,0.59
62,63,1.00
63,62,1.00
62,64,0.75
64,62,0.75
62,65,0.61
65,62,0.61
62,66,0.57
66,62,0.57
62,67,0.63
67,62,0.63
63,64,1.00
64,63,1.00
63,65,0.72
65,63,0.72
63,66,0.61
66,63,0.61
63,67,0.61
67,63,0.61
64,65,1.00
65,64,1.00
64,66,0.74
66,64,0.74
64,67,0.64
67,64,0.64
65,66,1.00
66,65,1.00
65,67,0.74
67,65,0.74
65,68,0.60
68,65,0.60
66,67,1.00
67,66,1.00
66,68,0.76
68,66,0.76
66,69,0.70
69,66,0.70
66,70,0.58
70,66,0.58
67,68,1.00
68,67,1.00
67,69,0.76
69,67,0.76
67,70,0.60
70,67,0.60
68,69,1.00
69,68,1.00
68,70,0.71
70,68,0.71
68,71,0.59
71,68,0.59
69,70,1.00
70,69,1.00
69,71,0.77
71,69,0.77
70,71,1.00
71,70,1.00
70,72,0.73
72,70,0.73
70,73,0.58
73,70,0.58
71,72,1.00
72,71,1.00
71,73,0.75
73,71,0.75
72,73,1.00
73,72,1.00
72,74,0.71
74,72,0.71
72,75,0.58
75,72,0.58
73,74,1.00
74,73,1.00
73,75,0.77
75,73,0.77
73,76,0.58
76,73,0.58
74,75,1.00
75,74,1.00
74,76,0.75
76,74,0.75
75,76,1.00
76,75,1.00
75,77,0.72
77,75,0.72
76,77,1.00
77,76,1.00
76,78,0.71
78,76,0.71
77,78,1.00
78,77,1.00
77,79,0.78
79,77,0.78
77,80,0.67
80,77,0.67
78,79,1.00
79,78,1.00
78,80,0.76
80,78,0.76
79,80,1.00
80,79,1.00
79,81,0.73
81,79,0.73
79,82,0.58
82,79,0.58
80,81,1.00
81,80,1.00
80,82,0.80
82,80,0.80
80,83,0.58
83,80,0.58
81,82,1.00
82,81,1.00
81,83,0.72
83,81,0.72
81,84,0.59
84,81,0.59
82,83,1.00
83,82,1.00
82,84,0.81
84,82,0.81
82,85,0.64
85,82,0.64
83,84,1.00
84,83,1.00
83,85,0.70
85,83,0.70
83,89,0.60
89,83,0.60
84,85,1.00
85,84,1.00
84,86,0.79
86,84,0.79
84,87,0.62
87,84,0.62
84,88,0.58
88,84,0.58
84,89,0.72
89,84,0.72
84,90,0.59
90,84,0.59
85,86,1.00
86,85,1.00
85,87,0.76
87,85,0.76
85,88,0.67
88,85,0.67
85,89,0.84
89,85,0.84
85,90,0.65
90,85,0.65
86,87,1.00
87,86,1.00
86,88,0.74
88,86,0.74
86,89,0.76
89,86,0.76
87,88,1.00
88,87,1.00
87,89,0.84
89,87,0.84
87,90,0.61
90,87,0.61
88,89,1.00
89,88,1.00
88,90,0.77
90,88,0.77
88,91,0.61
91,88,0.61
89,90,1.00
90,89,1.00
89,91,0.70
91,89,0.70
89,92,0.60
92,89,0.60
90,91,1.00
91,90,1.00
90,92,0.83
92,90,0.83
90,93,0.62
93,90,0.62
91,92,1.00
92,91,1.00
91,93,0.77
93,91,0.77
91,94,0.65
94,91,0.65
92,93,1.00
93,92,1.00
92,94,0.79
94,92,0.79
92,95,0.58
95,92,0.58
93,94,1.00
94,93,1.00
93,95,0.74
95,93,0.74
93,161,0.60
161,93,0.60
94,95,1.00
95,94,1.00
94,96,0.71
96,94,0.71
95,96,1.00
96,95,1.00
95,97,0.75
97,95,0.75
95,98,0.58
98,95,0.58
96,97,1.00
97,96,1.00
96,98,0.79
98,96,0.79
96,99,0.63
99,96,0.63
97,98,1.00
98,97,1.00
97,99,0.83
99,97,0.83
97,100,0.60
100,97,0.60
97,116,0.60
116,97,0.60
97,117,0.61
117,97,0.61
97,118,0.72
118,97,0.72
97,119,0.72
119,97,0.72
98,99,1.00
99,98,1.00
98,100,0.74
100,98,0.74
98,115,0.58
115,98,0.58
98,116,0.59
116,98,0.59
98,118,0.61
118,98,0.61
98,119,0.64
119,98,0.64
99,100,1.00
100,99,1.00
99,101,0.73
101,99,0.73
99,115,0.76
115,99,0.76
99,116,0.73
116,99,0.73
99,117,0.69
117,99,0.69
99,118,0.71
118,99,0.71
99,119,0.71
119,99,0.71
100,101,1.00
101,100,1.00
100,102,0.75
102,100,0.75
100,103,0.61
103,100,0.61
100,113,0.59
113,100,0.59
100,114,0.58
114,100,0.58
100,115,0.77
115,100,0.77
100,116,0.64
116,100,0.64
100,117,0.62
117,100,0.62
100,118,0.60
118,100,0.60
100,119,0.63
119,100,0.63
101,102,1.00
102,101,1.00
101,103,0.82
103,101,0.82
101,104,0.67
104,101,0.67
101,112,0.63
112,101,0.63
101,113,0.71
113,101,0.71
101,114,0.66
114,101,0.66
101,115,0.82
115,101,0.82
101,116,0.62
116,101,0.62
101,117,0.60
117,101,0.60
102,103,1.00
103,102,1.00
102,104,0.70
104,102,0.70
102,105,0.58
105,102,0.58
102,106,0.58
106,102,0.58
102,112,0.60
112,102,0.60
102,113,0.59
113,102,0.59
102,115,0.60
115,102,0.60
103,104,1.00
104,103,1.00
103,105,0.79
105,103,0.79
103,106,0.75
106,103,0.75
103,112,0.61
112,103,0.61
103,113,0.59
113,103,0.59
103,115,0.58
115,103,0.58
104,105,1.00
105,104,1.00
104,106,0.79
106,104,0.79
104,114,0.58
114,104,0.58
105,106,1.00
106,105,1.00
105,112,0.58
112,105,0.58
107,108,1.00
108,107,1.00
107,109,0.74
109,107,0.74
108,109,1.00
109,108,1.00
108,110,0.73
110,108,0.73
108,111,0.62
111,108,0.62
109,110,1.00
110,109,1.00
109,111,0.84
111,109,0.84
110,111,1.00
111,110,1.00
111,128,0.65
128,111,0.65
112,113,1.00
113,112,1.00
112,114,0.72
114,112,0.72
112,115,0.62
115,112,0.62
112,117,0.59
117,112,0.59
112,126,0.58
126,112,0.58
113,114,1.00
114,113,1.00
113,115,0.84
115,113,0.84
113,116,0.75
116,113,0.75
113,117,0.77
117,113,0.77
113,118,0.60
118,113,0.60
113,122,0.58
122,113,0.58
113,124,0.58
124,113,0.58
113,126,0.67
126,113,0.67
114,115,1.00
115,114,1.00
114,116,0.84
116,114,0.84
114,117,0.70
117,114,0.70
114,126,0.62
126,114,0.62
115,116,1.00
116,115,1.00
115,117,0.78
117,115,0.78
115,118,0.62
118,115,0.62
116,117,1.00
117,116,1.00
116,118,0.74
118,116,0.74
116,119,0.58
119,116,0.58
116,122,0.61
122,116,0.61
116,123,0.62
123,116,0.62
116,124,0.77
124,116,0.77
116,125,0.62
125,116,0.62
116,126,0.62
126,116,0.62
117,118,1.00
118,117,1.00
117,119,0.72
119,117,0.72
117,120,0.59
120,117,0.59
117,121,0.67
121,117,0.67
117,122,0.85
122,117,0.85
117,123,0.80
123,117,0.80
117,124,0.90
124,117,0.90
117,125,0.71
125,117,0.71
117,126,0.67
126,117,0.67
117,165,0.58
165,117,0.58
118,119,1.00
119,118,1.00
118,120,0.76
120,118,0.76
118,121,0.81
121,118,0.81
118,122,0.98
122,118,0.98
118,123,0.89
123,118,0.89
118,124,0.77
124,118,0.77
118,125,0.61
125,118,0.61
118,164,0.57
164,118,0.57
118,165,0.58
165,118,0.58
119,120,1.00
120,119,1.00
119,121,0.84
121,119,0.84
119,122,0.77
122,119,0.77
119,123,0.66
123,119,0.66
120,121,1.00
121,120,1.00
120,122,0.75
122,120,0.75
120,123,0.61
123,120,0.61
121,122,1.00
122,121,1.00
121,123,0.70
123,121,0.70
121,124,0.57
124,121,0.57
122,123,1.00
123,122,1.00
122,124,0.79
124,122,0.79
122,125,0.71
125,122,0.71
122,126,0.61
126,122,0.61
122,163,0.63
163,122,0.63
122,164,0.66
164,122,0.66
122,165,0.60
165,122,0.60
123,124,1.00
124,123,1.00
123,125,0.81
125,123,0.81
123,126,0.62
126,123,0.62
123,161,0.60
161,123,0.60
123,162,0.64
162,123,0.64
123,163,0.77
163,123,0.77
123,164,0.89
164,123,0.89
123,165,0.84
165,123,0.84
123,166,0.63
166,123,0.63
123,167,0.57
167,123,0.57
124,125,1.00
125,124,1.00
124,126,0.77
126,124,0.77
124,163,0.60
163,124,0.60
124,164,0.75
164,124,0.75
124,165,0.85
165,124,0.85
124,166,0.69
166,124,0.69
124,167,0.70
167,124,0.70
124,168,0.66
168,124,0.66
125,126,1.00
126,125,1.00
125,164,0.73
164,125,0.73
125,165,0.73
165,125,0.73
125,166,0.70
166,125,0.70
125,167,0.67
167,125,0.67
125,168,0.69
168,125,0.69
126,168,0.64
168,126,0.64
127,128,1.00
128,127,1.00
127,129,0.79
129,127,0.79
127,130,0.63
130,127,0.63
128,129,1.00
129,128,1.00
128,130,0.77
130,128,0.77
129,130,1.00
130,129,1.00
129,131,0.74
131,129,0.74
129,132,0.61
132,129,0.61
130,131,1.00
131,130,1.00
130,132,0.75
132,130,0.75
130,133,0.60
133,130,0.60
131,132,1.00
132,131,1.00
131,133,0.70
133,131,0.70
132,133,1.00
133,132,1.00
132,134,0.70
134,132,0.70
132,135,0.63
135,132,0.63
133,134,1.00
134,133,1.00
133,135,0.79
135,133,0.79
133,136,0.58
136,133,0.58
134,135,1.00
135,134,1.00
134,136,0.75
136,134,0.75
134,137,0.58
137,134,0.58
135,136,1.00
136,135,1.00
135,137,0.77
137,135,0.77
135,138,0.65
138,135,0.65
136,137,1.00
137,136,1.00
136,138,0.76
138,136,0.76
137,138,1.00
138,137,1.00
137,139,0.73
139,137,0.73
137,140,0.58
140,137,0.58
138,139,1.00
139,138,1.00
138,140,0.76
140,138,0.76
138,141,0.71
141,138,0.71
138,142,0.64
142,138,0.64
139,140,1.00
140,139,1.00
139,141,0.76
141,139,0.76
139,142,0.64
142,139,0.64
140,141,1.00
141,140,1.00
140,142,0.80
142,140,0.80
140,143,0.63
143,140,0.63
141,142,1.00
142,141,1.00
141,143,0.77
143,141,0.77
142,143,1.00
143,142,1.00
142,144,0.70
144,142,0.70
142,145,0.58
145,142,0.58
142,146,0.57
146,142,0.57
143,144,1.00
144,143,1.00
143,145,0.80
145,143,0.80
143,146,0.77
146,143,0.77
143,147,0.64
147,143,0.64
143,148,0.58
148,143,0.58
144,145,1.00
145,144,1.00
144,146,0.82
146,144,0.82
144,147,0.62
147,144,0.62
145,146,1.00
146,145,1.00
145,147,0.77
147,145,0.77
145,148,0.58
148,145,0.58
146,147,1.00
147,146,1.00
146,148,0.75
148,146,0.75
146,149,0.57
149,146,0.57
147,148,1.00
148,147,1.00
147,149,0.77
149,147,0.77
147,150,0.60
150,147,0.60
148,149,1.00
149,148,1.00
148,150,0.79
150,148,0.79
148,151,0.60
151,148,0.60
149,150,1.00
150,149,1.00
149,151,0.79
151,149,0.79
149,152,0.60
152,149,0.60
150,151,1.00
151,150,1.00
150,152,0.75
152,150,0.75
151,152,1.00
152,151,1.00
151,153,0.77
153,151,0.77
152,153,1.00
153,152,1.00
154,155,1.00
155,154,1.00
154,156,0.73
156,154,0.73
154,157,0.62
157,154,0.62
155,156,1.00
156,155,1.00
155,157,0.78
157,155,0.78
155,158,0.60
158,155,0.60
155,159,0.61
159,155,0.61
156,157,1.00
157,156,1.00
156,158,0.74
158,156,0.74
156,159,0.79
159,156,0.79
156,160,0.64
160,156,0.64
157,158,1.00
158,157,1.00
157,159,0.84
159,157,0.84
157,160,0.65
160,157,0.65
158,159,1.00
159,158,1.00
158,160,0.78
160,158,0.78
158,161,0.65
161,158,0.65
158,166,0.71
166,158,0.71
158,167,0.58
167,158,0.58
159,160,1.00
160,159,1.00
159,161,0.71
161,159,0.71
159,162,0.57
162,159,0.57
159,166,0.59
166,159,0.59
160,161,1.00
161,160,1.00
160,162,0.79
162,160,0.79
160,163,0.63
163,160,0.63
160,164,0.63
164,160,0.63
160,165,0.64
165,160,0.64
160,166,0.64
166,160,0.64
161,162,1.00
162,161,1.00
161,163,0.77
163,161,0.77
161,164,0.79
164,161,0.79
161,165,0.86
165,161,0.86
161,166,0.75
166,161,0.75
161,167,0.61
167,161,0.61
162,163,1.00
163,162,1.00
162,164,0.81
164,162,0.81
162,165,0.73
165,162,0.73
162,166,0.60
166,162,0.60
163,164,1.00
164,163,1.00
163,165,0.75
165,163,0.75
163,166,0.62
166,163,0.62
164,165,1.00
165,164,1.00
164,166,0.83
166,164,0.83
164,167,0.64
167,164,0.64
165,166,1.00
166,165,1.00
165,167,0.84
167,165,0.84
165,168,0.65
168,165,0.65
166,167,1.00
167,166,1.00
166,168,0.75
168,166,0.75
167,168,1.00
168,167,1.00
