1,2,1.00
2,1,1.00
1,3,0.71
3,1,0.71
1,4,0.61
4,1,0.61
1,15,0.73
15,1,0.73
1,16,0.61
16,1,0.61
1,18,0.64
18,1,0.64
1,19,0.61
19,1,0.61
2,3,1.00
3,2,1.00
2,4,0.82
4,2,0.82
2,5,0.61
5,2,0.61
2,13,0.61
13,2,0.61
2,15,0.70
15,2,0.70
3,4,1.00
4,3,1.00
3,5,0.80
5,3,0.80
3,6,0.64
6,3,0.64
4,5,1.00
5,4,1.00
4,6,0.76
6,4,0.76
4,7,0.64
7,4,0.64
4,8,0.58
8,4,0.58
4,11,0.65
11,4,0.65
4,12,0.62
12,4,0.62
4,13,0.70
13,4,0.70
4,14,0.58
14,4,0.58
4,15,0.60
15,4,0.60
5,6,1.00
6,5,1.00
5,7,0.77
7,5,0.77
5,8,0.63
8,5,0.63
5,11,0.64
11,5,0.64
6,7,1.00
7,6,1.00
6,8,0.85
8,6,0.85
6,9,0.62
9,6,0.62
6,10,0.64
10,6,0.64
6,11,0.68
11,6,0.68
7,8,1.00
8,7,1.00
7,9,0.79
9,7,0.79
7,10,0.89
10,7,0.89
7,11,0.87
11,7,0.87
7,12,0.62
12,7,0.62
8,9,1.00
9,8,1.00
8,10,0.87
10,8,0.87
8,11,0.77
11,8,0.77
8,12,0.60
12,8,0.60
9,10,1.00
10,9,1.00
9,11,0.73
11,9,0.73
9,12,0.59
12,9,0.59
10,11,1.00
11,10,1.00
10,12,0.72
12,10,0.72
11,12,1.00
12,11,1.00
11,13,0.74
13,11,0.74
12,13,1.00
13,12,1.00
12,14,0.73
14,12,0.73
12,15,0.60
15,12,0.60
13,14,1.00
14,13,1.00
13,15,0.83
15,13,0.83
13,16,0.64
16,13,0.64
13,17,0.63
17,13,0.63
13,18,0.59
18,13,0.59
13,24,0.60
24,13,0.60
14,15,1.00
15,14,1.00
14,16,0.81
16,14,0.81
14,17,0.89
17,14,0.89
14,18,0.78
18,14,0.78
14,19,0.60
19,14,0.60
14,22,0.70
22,14,0.70
14,23,0.65
23,14,0.65
14,24,0.74
24,14,0.74
15,16,1.00
16,15,1.00
15,17,0.86
17,15,0.86
15,18,0.88
18,15,0.88
15,19,0.71
19,15,0.71
15,22,0.62
22,15,0.62
16,17,1.00
17,16,1.00
16,18,0.86
18,16,0.86
16,19,0.83
19,16,0.83
16,22,0.64
22,16,0.64
17,18,1.00
18,17,1.00
17,19,0.83
19,17,0.83
17,22,0.91
22,17,0.91
17,23,0.77
23,17,0.77
17,24,0.70
24,17,0.70
18,19,1.00
19,18,1.00
18,22,0.85
22,18,0.85
18,23,0.63
23,18,0.63
18,24,0.58
24,18,0.58
19,22,0.69
22,19,0.69
20,21,1.00
21,20,1.00
22,23,1.00
23,22,1.00
22,24,0.79
24,22,0.79
22,25,0.61
25,22,0.61
23,24,1.00
24,23,1.00
23,25,0.76
25,23,0.76
23,26,0.63
26,23,0.63
24,25,1.00
25,24,1.00
24,26,0.83
26,24,0.83
24,27,0.59
27,24,0.59
25,26,1.00
26,25,1.00
25,27,0.72
27,25,0.72
26,27,1.00
27,26,1.00
26,28,0.75
28,26,0.75
27,28,1.00
28,27,1.00
27,29,0.70
29,27,0.70
28,29,1.00
29,28,1.00
28,33,0.70
33,28,0.70
29,33,0.86
33,29,0.86
30,31,1.00
31,30,1.00
30,32,0.72
32,30,0.72
31,32,1.00
32,31,1.00
31,34,0.60
34,31,0.60
32,34,0.79
34,32,0.79
33,35,0.85
35,33,0.85
33,36,0.72
36,33,0.72
33,37,0.65
37,33,0.65
35,36,1.00
36,35,1.00
35,37,0.77
37,35,0.77
36,37,1.00
37,36,1.00
36,38,0.73
38,36,0.73
36,39,0.57
39,36,0.57
36,60,0.61
60,36,0.61
36,67,0.58
67,36,0.58
36,68,0.64
68,36,0.64
36,69,0.61
69,36,0.61
37,38,1.00
38,37,1.00
37,39,0.76
39,37,0.76
37,40,0.60
40,37,0.60
37,59,0.60
59,37,0.60
37,60,0.71
60,37,0.71
37,61,0.58
61,37,0.58
37,62,0.60
62,37,0.60
37,63,0.64
63,37,0.64
37,64,0.64
64,37,0.64
37,67,0.68
67,37,0.68
37,68,0.70
68,37,0.70
37,69,0.64
69,37,0.64
38,39,1.00
39,38,1.00
38,40,0.76
40,38,0.76
38,58,0.58
58,38,0.58
38,59,0.69
59,38,0.69
38,60,0.91
60,38,0.91
38,61,0.78
61,38,0.78
38,62,0.83
62,38,0.83
38,63,0.86
63,38,0.86
38,64,0.82
64,38,0.82
38,67,0.77
67,38,0.77
38,68,0.81
68,38,0.81
38,69,0.79
69,38,0.79
38,70,0.57
70,38,0.57
39,40,1.00
40,39,1.00
39,57,0.58
57,39,0.58
39,58,0.71
58,39,0.71
39,59,0.80
59,39,0.80
39,60,0.89
60,39,0.89
39,61,0.87
61,39,0.87
39,62,0.79
62,39,0.79
39,63,0.74
63,39,0.74
39,64,0.83
64,39,0.83
39,67,0.61
67,39,0.61
39,68,0.61
68,39,0.61
39,69,0.63
69,39,0.63
40,58,0.62
58,40,0.62
40,59,0.61
59,40,0.61
40,60,0.65
60,40,0.65
40,61,0.75
61,40,0.75
40,62,0.75
62,40,0.75
40,63,0.75
63,40,0.75
40,64,1.00
64,40,1.00
40,67,0.59
67,40,0.59
41,42,1.00
42,41,1.00
41,43,0.75
43,41,0.75
41,44,0.60
44,41,0.60
42,43,1.00
43,42,1.00
42,44,0.79
44,42,0.79
42,45,0.59
45,42,0.59
43,44,1.00
44,43,1.00
43,45,0.79
45,43,0.79
43,46,0.66
46,43,0.66
43,47,0.58
47,43,0.58
44,45,1.00
45,44,1.00
44,46,0.71
46,44,0.71
44,47,0.59
47,44,0.59
45,46,1.00
46,45,1.00
45,47,0.78
47,45,0.78
45,48,0.60
48,45,0.60
46,47,1.00
47,46,1.00
46,48,0.72
48,46,0.72
46,49,0.58
49,46,0.58
46,51,0.59
51,46,0.59
47,48,1.00
48,47,1.00
47,49,0.73
49,47,0.73
47,50,0.63
50,47,0.63
47,51,0.75
51,47,0.75
47,52,0.58
52,47,0.58
48,49,1.00
49,48,1.00
48,50,0.77
50,48,0.77
48,51,0.82
51,48,0.82
48,52,0.60
52,48,0.60
49,50,1.00
50,49,1.00
49,51,0.83
51,49,0.83
49,52,0.65
52,49,0.65
50,51,1.00
51,50,1.00
50,52,0.86
52,50,0.86
50,53,0.63
53,50,0.63
51,52,1.00
52,51,1.00
51,53,0.81
53,51,0.81
51,54,0.61
54,51,0.61
52,53,1.00
53,52,1.00
52,54,0.73
54,52,0.73
53,54,1.00
54,53,1.00
53,55,0.72
55,53,0.72
54,55,1.00
55,54,1.00
56,57,1.00
57,56,1.00
56,58,0.71
58,56,0.71
56,59,0.57
59,56,0.57
57,58,1.00
58,57,1.00
57,59,0.76
59,57,0.76
57,60,0.57
60,57,0.57
57,61,0.59
61,57,0.59
58,59,1.00
59,58,1.00
58,60,0.76
60,58,0.76
58,61,0.82
61,58,0.82
58,62,0.59
62,58,0.59
59,60,1.00
60,59,1.00
59,61,0.83
61,59,0.83
59,62,0.62
62,59,0.62
59,69,0.58
69,59,0.58
60,61,1.00
61,60,1.00
60,62,0.81
62,60,0.81
60,63,0.65
63,60,0.65
60,64,0.61
64,60,0.61
60,68,0.65
68,60,0.65
60,69,0.80
69,60,0.80
60,70,0.62
70,60,0.62
61,62,1.00
62,61,1.00
61,63,0.71
63,61,0.71
61,64,0.66
64,61,0.66
61,68,0.62
68,61,0.62
61,69,0.75
69,61,0.75
61,70,0.60
70,61,0.60
62,63,1.00
63,62,1.00
62,64,0.81
64,62,0.81
62,67,0.71
67,62,0.71
62,68,0.79
68,62,0.79
62,69,0.88
69,62,0.88
62,70,0.66
70,62,0.66
62,71,0.59
71,62,0.59
63,64,1.00
64,63,1.00
63,67,1.00
67,63,1.00
63,68,0.92
68,63,0.92
63,69,0.78
69,63,0.78
63,70,0.59
70,63,0.59
64,67,0.80
67,64,0.80
64,68,0.67
68,64,0.67
64,69,0.60
69,64,0.60
65,66,1.00
66,65,1.00
67,68,1.00
68,67,1.00
67,69,0.71
69,67,0.71
68,69,1.00
69,68,1.00
68,70,0.76
70,68,0.76
68,71,0.57
71,68,0.57
69,70,1.00
70,69,1.00
69,71,0.74
71,69,0.74
70,71,1.00
71,70,1.00
70,72,0.70
72,70,0.70
70,73,0.59
73,70,0.59
71,72,1.00
72,71,1.00
71,73,0.81
73,71,0.81
71,74,0.65
74,71,0.65
72,73,1.00
73,72,1.00
72,74,0.72
74,72,0.72
73,74,1.00
74,73,1.00
73,75,0.73
75,73,0.73
74,75,1.00
75,74,1.00
74,76,0.73
76,74,0.73
74,77,0.60
77,74,0.60
75,76,1.00
76,75,1.00
75,77,0.78
77,75,0.78
75,78,0.60
78,75,0.60
76,77,1.00
77,76,1.00
76,78,0.83
78,76,0.83
76,79,0.63
79,76,0.63
76,80,0.64
80,76,0.64
77,78,1.00
78,77,1.00
77,79,0.71
79,77,0.71
77,80,0.63
80,77,0.63
78,79,1.00
79,78,1.00
78,80,0.84
80,78,0.84
78,81,0.66
81,78,0.66
78,82,0.63
82,78,0.63
78,83,0.61
83,78,0.61
78,84,0.63
84,78,0.63
79,80,1.00
80,79,1.00
79,81,0.88
81,79,0.88
79,82,0.89
82,79,0.89
79,83,0.78
83,79,0.78
79,84,0.71
84,79,0.71
79,85,0.58
85,79,0.58
80,81,1.00
81,80,1.00
80,82,0.85
82,80,0.85
80,83,0.87
83,80,0.87
80,84,0.93
84,80,0.93
80,85,0.79
85,80,0.79
80,86,0.58
86,80,0.58
80,88,0.59
88,80,0.59
81,82,1.00
82,81,1.00
81,83,0.82
83,81,0.82
81,84,0.73
84,81,0.73
81,85,0.69
85,81,0.69
82,83,1.00
83,82,1.00
82,84,0.73
84,82,0.73
82,85,0.61
85,82,0.61
82,92,0.59
92,82,0.59
83,84,1.00
84,83,1.00
83,85,0.75
85,83,0.75
83,86,0.61
86,83,0.61
83,88,0.60
88,83,0.60
83,89,0.59
89,83,0.59
83,90,0.57
90,83,0.57
83,91,0.66
91,83,0.66
83,92,0.76
92,83,0.76
83,93,0.63
93,83,0.63
84,85,1.00
85,84,1.00
84,86,0.77
86,84,0.77
84,87,0.67
87,84,0.67
84,88,0.81
88,84,0.81
84,89,0.72
89,84,0.72
84,90,0.63
90,84,0.63
84,91,0.72
91,84,0.72
84,92,0.70
92,84,0.70
85,86,1.00
86,85,1.00
85,87,0.76
87,85,0.76
85,88,0.79
88,85,0.79
85,89,0.63
89,85,0.63
85,91,0.67
91,85,0.67
85,92,0.63
92,85,0.63
86,87,1.00
87,86,1.00
86,88,0.83
88,86,0.83
86,89,0.66
89,86,0.66
86,90,0.60
90,86,0.60
86,91,0.76
91,86,0.76
86,92,0.65
92,86,0.65
86,93,0.58
93,86,0.58
86,94,0.64
94,86,0.64
87,88,1.00
88,87,1.00
87,89,0.79
89,87,0.79
87,90,0.68
90,87,0.68
87,91,0.76
91,87,0.76
87,92,0.58
92,87,0.58
88,89,1.00
89,88,1.00
88,90,0.73
90,88,0.73
88,91,0.74
91,88,0.74
88,92,0.58
92,88,0.58
89,90,1.00
90,89,1.00
89,91,0.84
91,89,0.84
89,92,0.63
92,89,0.63
90,91,1.00
91,90,1.00
90,92,0.74
92,90,0.74
91,92,1.00
92,91,1.00
91,93,0.73
93,91,0.73
91,94,0.74
94,91,0.74
92,93,1.00
93,92,1.00
92,94,0.83
94,92,0.83
92,95,0.61
95,92,0.61
93,94,1.00
94,93,1.00
93,95,0.79
95,93,0.79
93,96,0.59
96,93,0.59
94,95,1.00
95,94,1.00
94,96,0.77
96,94,0.77
95,96,1.00
96,95,1.00
95,97,0.71
97,95,0.71
95,98,0.68
98,95,0.68
95,100,0.61
100,95,0.61
95,101,0.63
101,95,0.63
96,97,1.00
97,96,1.00
96,98,0.83
98,96,0.83
96,99,0.62
99,96,0.62
96,100,0.63
100,96,0.63
96,101,0.62
101,96,0.62
97,98,1.00
98,97,1.00
97,99,0.72
99,97,0.72
97,100,0.64
100,97,0.64
97,101,0.57
101,97,0.57
98,99,1.00
99,98,1.00
98,100,0.84
100,98,0.84
98,101,0.66
101,98,0.66
98,113,0.62
113,98,0.62
99,100,1.00
100,99,1.00
99,101,0.70
101,99,0.70
99,112,0.57
112,99,0.57
99,113,0.72
113,99,0.72
99,114,0.60
114,99,0.60
99,115,0.60
115,99,0.60
99,160,0.60
160,99,0.60
100,101,1.00
101,100,1.00
100,102,0.77
102,100,0.77
100,103,0.63
103,100,0.63
100,112,0.64
112,100,0.64
100,113,0.83
113,100,0.83
100,114,0.70
114,100,0.70
100,115,0.67
115,100,0.67
100,159,0.60
159,100,0.60
100,160,0.74
160,100,0.74
100,161,0.62
161,100,0.62
100,162,0.64
162,100,0.64
101,102,1.00
102,101,1.00
101,103,0.70
103,101,0.70
101,107,0.65
107,101,0.65
101,112,0.74
112,101,0.74
101,113,0.88
113,101,0.88
101,114,0.75
114,101,0.75
101,115,0.63
115,101,0.63
101,160,0.66
160,101,0.66
101,161,0.62
161,101,0.62
101,162,0.61
162,101,0.61
102,103,1.00
103,102,1.00
102,104,0.71
104,102,0.71
102,105,0.69
105,102,0.69
102,106,0.71
106,102,0.71
102,107,0.76
107,102,0.76
102,112,0.67
112,102,0.67
102,113,0.80
113,102,0.80
102,114,0.89
114,102,0.89
102,115,0.74
115,102,0.74
102,116,0.65
116,102,0.65
102,160,0.63
160,102,0.63
102,161,0.66
161,102,0.66
102,162,0.70
162,102,0.70
103,104,1.00
104,103,1.00
103,105,0.84
105,103,0.84
103,106,0.73
106,103,0.73
103,107,0.76
107,103,0.76
103,112,0.59
112,103,0.59
103,113,0.72
113,103,0.72
103,114,1.00
114,103,1.00
103,115,0.94
115,103,0.94
103,116,0.87
116,103,0.87
103,117,0.62
117,103,0.62
103,161,0.60
161,103,0.60
103,162,0.72
162,103,0.72
103,163,0.57
163,103,0.57
104,105,1.00
105,104,1.00
104,106,0.72
106,104,0.72
104,107,0.65
107,104,0.65
104,114,0.73
114,104,0.73
104,115,0.74
115,104,0.74
104,116,0.84
116,104,0.84
104,117,0.62
117,104,0.62
104,162,0.62
162,104,0.62
105,106,1.00
106,105,1.00
105,107,0.77
107,105,0.77
105,108,0.63
108,105,0.63
105,114,0.68
114,105,0.68
105,115,0.60
115,105,0.60
105,116,0.61
116,105,0.61
106,107,1.00
107,106,1.00
106,108,0.83
108,106,0.83
106,109,0.60
109,106,0.60
106,112,0.60
112,106,0.60
106,113,0.58
113,106,0.58
106,114,0.68
114,106,0.68
107,108,1.00
108,107,1.00
107,109,0.72
109,107,0.72
107,110,0.70
110,107,0.70
107,111,0.65
111,107,0.65
107,112,0.82
112,107,0.82
107,113,0.77
113,107,0.77
107,114,0.86
114,107,0.86
107,115,0.62
115,107,0.62
108,109,1.00
109,108,1.00
108,110,0.86
110,108,0.86
108,111,0.69
111,108,0.69
108,112,0.74
112,108,0.74
108,113,0.61
113,108,0.61
108,114,0.64
114,108,0.64
109,110,1.00
110,109,1.00
109,111,0.73
111,109,0.73
109,112,0.66
112,109,0.66
110,111,1.00
111,110,1.00
110,112,0.82
112,110,0.82
110,113,0.60
113,110,0.60
111,112,1.00
112,111,1.00
111,113,0.73
113,111,0.73
111,114,0.59
114,111,0.59
112,113,1.00
113,112,1.00
112,114,0.76
114,112,0.76
113,114,1.00
114,113,1.00
113,115,0.75
115,113,0.75
114,115,1.00
115,114,1.00
114,116,0.73
116,114,0.73
114,162,0.59
162,114,0.59
115,116,1.00
116,115,1.00
115,117,0.74
117,115,0.74
115,162,0.69
162,115,0.69
115,163,0.60
163,115,0.60
116,117,1.00
117,116,1.00
116,118,0.70
118,116,0.70
116,161,0.57
161,116,0.57
116,162,0.77
162,116,0.77
116,163,0.73
163,116,0.73
117,118,1.00
118,117,1.00
117,119,0.70
119,117,0.70
117,120,0.61
120,117,0.61
117,162,0.72
162,117,0.72
117,163,0.85
163,117,0.85
117,164,0.63
164,117,0.63
118,119,1.00
119,118,1.00
118,120,0.79
120,118,0.79
118,162,0.58
162,118,0.58
118,163,0.75
163,118,0.75
118,164,0.62
164,118,0.62
119,120,1.00
120,119,1.00
119,163,0.59
163,119,0.59
120,163,0.61
163,120,0.61
120,164,0.65
164,120,0.65
120,168,0.58
168,120,0.58
121,122,1.00
122,121,1.00
121,123,0.80
123,121,0.80
121,124,0.63
124,121,0.63
121,125,0.58
125,121,0.58
122,123,1.00
123,122,1.00
122,124,0.86
124,122,0.86
122,125,0.73
125,122,0.73
122,165,0.60
165,122,0.60
122,167,0.62
167,122,0.62
123,124,1.00
124,123,1.00
123,125,0.80
125,123,0.80
123,126,0.62
126,123,0.62
123,165,0.78
165,123,0.78
123,166,0.67
166,123,0.67
123,167,0.79
167,123,0.79
124,125,1.00
125,124,1.00
124,126,0.77
126,124,0.77
124,127,0.63
127,124,0.63
124,165,0.86
165,124,0.86
124,166,0.85
166,124,0.85
124,167,0.94
167,124,0.94
125,126,1.00
126,125,1.00
125,127,0.71
127,125,0.71
125,128,0.62
128,125,0.62
125,157,0.58
157,125,0.58
125,158,0.61
158,125,0.61
125,165,0.89
165,125,0.89
125,166,0.77
166,125,0.77
125,167,0.69
167,125,0.69
126,127,1.00
127,126,1.00
126,128,0.79
128,126,0.79
126,129,0.62
129,126,0.62
126,157,0.70
157,126,0.70
126,158,0.75
158,126,0.75
126,165,0.95
165,126,0.95
126,166,0.87
166,126,0.87
126,167,0.66
167,126,0.66
127,128,1.00
128,127,1.00
127,129,0.73
129,127,0.73
127,157,0.61
157,127,0.61
127,158,0.67
158,127,0.67
127,165,0.76
165,127,0.76
127,166,0.88
166,127,0.88
127,167,0.63
167,127,0.63
128,129,1.00
129,128,1.00
128,130,0.73
130,128,0.73
128,131,0.59
131,128,0.59
128,165,0.57
165,128,0.57
128,166,0.64
166,128,0.64
129,130,1.00
130,129,1.00
129,131,0.76
131,129,0.76
129,132,0.57
132,129,0.57
130,131,1.00
131,130,1.00
130,132,0.75
132,130,0.75
130,133,0.64
133,130,0.64
130,134,0.60
134,130,0.60
130,135,0.75
135,130,0.75
130,136,0.60
136,130,0.60
131,132,1.00
132,131,1.00
131,133,0.76
133,131,0.76
131,134,0.64
134,131,0.64
131,135,0.75
135,131,0.75
131,136,0.58
136,131,0.58
132,133,1.00
133,132,1.00
132,134,0.80
134,132,0.80
132,135,0.89
135,132,0.89
132,136,0.67
136,132,0.67
133,134,1.00
134,133,1.00
133,135,0.84
135,133,0.84
133,136,0.62
136,133,0.62
134,135,1.00
135,134,1.00
134,136,0.77
136,134,0.77
135,136,1.00
136,135,1.00
135,137,0.71
137,135,0.71
135,138,0.59
138,135,0.59
136,137,1.00
137,136,1.00
136,138,0.76
138,136,0.76
137,138,1.00
138,137,1.00
137,139,0.72
139,137,0.72
138,139,1.00
139,138,1.00
138,140,0.72
140,138,0.72
139,140,1.00
140,139,1.00
139,141,0.75
141,139,0.75
139,142,0.66
142,139,0.66
140,141,1.00
141,140,1.00
140,142,0.76
142,140,0.76
140,154,0.58
154,140,0.58
140,155,0.63
155,140,0.63
141,142,1.00
142,141,1.00
141,143,0.75
143,141,0.75
141,144,0.59
144,141,0.59
141,154,0.62
154,141,0.62
141,155,0.60
155,141,0.60
142,143,1.00
143,142,1.00
142,144,0.78
144,142,0.78
142,145,0.65
145,142,0.65
142,148,0.58
148,142,0.58
142,154,0.74
154,142,0.74
142,155,0.63
155,142,0.63
143,144,1.00
144,143,1.00
143,145,0.75
145,143,0.75
143,146,0.59
146,143,0.59
143,154,0.59
154,143,0.59
144,145,1.00
145,144,1.00
144,146,0.83
146,144,0.83
144,147,0.67
147,144,0.67
144,148,0.65
148,144,0.65
144,154,0.63
154,144,0.63
145,146,1.00
146,145,1.00
145,147,0.79
147,145,0.79
145,148,0.79
148,145,0.79
145,154,0.60
154,145,0.60
146,147,1.00
147,146,1.00
146,148,0.78
148,146,0.78
146,149,0.59
149,146,0.59
146,153,0.59
153,146,0.59
146,154,0.58
154,146,0.58
147,148,1.00
148,147,1.00
147,149,0.79
149,147,0.79
147,150,0.58
150,147,0.58
147,153,0.77
153,147,0.77
147,154,0.68
154,147,0.68
148,149,1.00
149,148,1.00
148,150,0.71
150,148,0.71
148,151,0.58
151,148,0.58
148,152,0.60
152,148,0.60
148,153,0.78
153,148,0.78
148,154,0.78
154,148,0.78
148,155,0.58
155,148,0.58
149,150,1.00
150,149,1.00
149,151,0.75
151,149,0.75
149,152,0.72
152,149,0.72
149,153,0.87
153,149,0.87
149,154,0.77
154,149,0.77
149,155,0.62
155,149,0.62
150,151,1.00
151,150,1.00
150,152,0.78
152,150,0.78
150,153,0.77
153,150,0.77
150,154,0.72
154,150,0.72
150,155,0.68
155,150,0.68
150,156,0.58
156,150,0.58
150,157,0.61
157,150,0.61
151,152,1.00
152,151,1.00
151,153,0.78
153,151,0.78
151,154,0.72
154,151,0.72
151,155,0.81
155,151,0.81
151,156,0.75
156,151,0.75
151,157,0.85
157,151,0.85
151,158,0.67
158,151,0.67
152,153,1.00
153,152,1.00
152,154,0.81
154,152,0.81
152,155,0.88
155,152,0.88
152,156,0.88
156,152,0.88
152,157,0.85
157,152,0.85
152,158,0.69
158,152,0.69
153,154,1.00
154,153,1.00
153,155,0.81
155,153,0.81
153,156,0.68
156,153,0.68
153,157,0.61
157,153,0.61
154,155,1.00
155,154,1.00
154,156,0.71
156,154,0.71
154,157,0.59
157,154,0.59
155,156,1.00
156,155,1.00
155,157,0.77
157,155,0.77
156,157,1.00
157,156,1.00
156,158,0.72
158,156,0.72
157,158,1.00
158,157,1.00
157,165,0.63
165,157,0.63
158,165,0.80
165,158,0.80
158,166,0.64
166,158,0.64
159,160,1.00
160,159,1.00
159,161,0.73
161,159,0.73
159,162,0.60
162,159,0.60
160,161,1.00
161,160,1.00
160,162,0.82
162,160,0.82
160,163,0.65
163,160,0.65
160,164,0.62
164,160,0.62
161,162,1.00
162,161,1.00
161,163,0.75
163,161,0.75
161,164,0.68
164,161,0.68
162,163,1.00
163,162,1.00
162,164,0.74
164,162,0.74
163,164,1.00
164,163,1.00
163,168,0.69
168,163,0.69
164,168,0.75
168,164,0.75
165,166,1.00
166,165,1.00
165,167,0.83
167,165,0.83
166,167,1.00
167,166,1.00
