1,2,1.00
2,1,1.00
1,3,0.73
3,1,0.73
1,4,0.59
4,1,0.59
2,3,1.00
3,2,1.00
2,4,0.77
4,2,0.77
2,5,0.60
5,2,0.60
3,4,1.00
4,3,1.00
3,5,0.76
5,3,0.76
4,5,1.00
5,4,1.00
4,6,0.72
6,4,0.72
4,7,0.61
7,4,0.61
5,6,1.00
6,5,1.00
5,7,0.79
7,5,0.79
5,8,0.58
8,5,0.58
6,7,1.00
7,6,1.00
6,8,0.75
8,6,0.75
6,11,0.60
11,6,0.60
7,8,1.00
8,7,1.00
7,9,0.73
9,7,0.73
7,10,0.62
10,7,0.62
7,11,0.68
11,7,0.68
8,9,1.00
9,8,1.00
8,10,0.84
10,8,0.84
8,11,0.83
11,8,0.83
8,12,0.60
12,8,0.60
9,10,1.00
10,9,1.00
9,11,0.83
11,9,0.83
9,12,0.64
12,9,0.64
10,11,1.00
11,10,1.00
10,12,0.76
12,10,0.76
10,13,0.64
13,10,0.64
11,12,1.00
12,11,1.00
11,13,0.72
13,11,0.72
12,13,1.00
13,12,1.00
12,14,0.72
14,12,0.72
13,14,1.00
14,13,1.00
13,18,0.62
18,13,0.62
14,18,0.83
18,14,0.83
14,19,0.67
19,14,0.67
15,16,1.00
16,15,1.00
15,17,0.81
17,15,0.81
15,20,0.62
20,15,0.62
16,17,1.00
17,16,1.00
16,20,0.79
20,16,0.79
17,20,0.86
20,17,0.86
17,22,0.68
22,17,0.68
18,19,1.00
19,18,1.00
18,21,0.81
21,18,0.81
19,21,0.83
21,19,0.83
20,22,0.76
22,20,0.76
20,23,0.59
23,20,0.59
21,43,0.66
43,21,0.66
22,23,1.00
23,22,1.00
22,24,0.75
24,22,0.75
22,25,0.58
25,22,0.58
22,40,0.58
40,22,0.58
22,41,0.71
41,22,0.71
22,42,0.92
42,22,0.92
23,24,1.00
24,23,1.00
23,25,0.75
25,23,0.75
23,26,0.62
26,23,0.62
23,40,0.70
40,23,0.70
23,41,0.82
41,23,0.82
23,42,0.92
42,23,0.92
24,25,1.00
25,24,1.00
24,26,0.74
26,24,0.74
24,40,0.74
40,24,0.74
24,41,0.93
41,24,0.93
24,42,0.79
42,24,0.79
25,26,1.00
26,25,1.00
25,27,0.70
27,25,0.70
25,40,0.93
40,25,0.93
25,41,0.96
41,25,0.96
25,42,0.70
42,25,0.70
26,27,1.00
27,26,1.00
26,40,0.75
40,26,0.75
26,41,0.66
41,26,0.66
27,40,0.63
40,27,0.63
28,29,1.00
29,28,1.00
28,30,0.73
30,28,0.73
28,31,0.69
31,28,0.69
28,34,0.59
34,28,0.59
28,35,0.62
35,28,0.62
28,36,0.80
36,28,0.80
28,37,0.90
37,28,0.90
28,38,0.77
38,28,0.77
28,39,0.65
39,28,0.65
29,30,1.00
30,29,1.00
29,31,0.81
31,29,0.81
29,32,0.60
32,29,0.60
29,34,0.64
34,29,0.64
29,35,0.71
35,29,0.71
29,36,0.95
36,29,0.95
29,37,0.79
37,29,0.79
29,38,0.63
38,29,0.63
30,31,1.00
31,30,1.00
30,32,0.79
32,30,0.79
30,33,0.68
33,30,0.68
30,34,0.81
34,30,0.81
30,35,0.90
35,30,0.90
30,36,0.98
36,30,0.98
30,37,0.71
37,30,0.71
31,32,1.00
32,31,1.00
31,33,0.76
33,31,0.76
31,34,0.86
34,31,0.86
31,35,0.73
35,31,0.73
31,36,0.72
36,31,0.72
31,37,0.62
37,31,0.62
32,33,1.00
33,32,1.00
32,34,0.85
34,32,0.85
32,35,0.67
35,32,0.67
32,36,0.59
36,32,0.59
32,68,0.65
68,32,0.65
33,34,1.00
34,33,1.00
33,35,0.75
35,33,0.75
33,36,0.58
36,33,0.58
33,67,0.70
67,33,0.70
33,68,0.97
68,33,0.97
33,69,0.70
69,33,0.70
34,35,1.00
35,34,1.00
34,36,0.76
36,34,0.76
34,37,0.66
37,34,0.66
34,67,0.60
67,34,0.60
34,68,0.83
68,34,0.83
34,69,0.74
69,34,0.74
35,36,1.00
36,35,1.00
35,37,0.78
37,35,0.78
35,38,0.58
38,35,0.58
35,64,0.62
64,35,0.62
35,68,0.67
68,35,0.67
35,69,0.68
69,35,0.68
36,37,1.00
37,36,1.00
36,38,0.71
38,36,0.71
37,38,1.00
38,37,1.00
37,39,0.74
39,37,0.74
38,39,1.00
39,38,1.00
39,43,0.64
43,39,0.64
39,44,0.61
44,39,0.61
40,41,1.00
41,40,1.00
40,42,0.83
42,40,0.83
41,42,1.00
42,41,1.00
43,44,1.00
44,43,1.00
43,45,0.71
45,43,0.71
43,46,0.67
46,43,0.67
44,45,1.00
45,44,1.00
44,46,0.86
46,44,0.86
44,47,0.62
47,44,0.62
44,48,0.60
48,44,0.60
45,46,1.00
46,45,1.00
45,47,0.76
47,45,0.76
45,48,0.76
48,45,0.76
45,49,0.57
49,45,0.57
46,47,1.00
47,46,1.00
46,48,0.83
48,46,0.83
46,49,0.65
49,46,0.65
46,50,0.58
50,46,0.58
47,48,1.00
48,47,1.00
47,49,0.82
49,47,0.82
47,50,0.65
50,47,0.65
47,51,0.59
51,47,0.59
48,49,1.00
49,48,1.00
48,50,0.75
50,48,0.75
48,51,0.61
51,48,0.61
49,50,1.00
50,49,1.00
49,51,0.80
51,49,0.80
49,52,0.65
52,49,0.65
49,56,0.60
56,49,0.60
49,57,0.60
57,49,0.60
50,51,1.00
51,50,1.00
50,52,0.72
52,50,0.72
50,53,0.59
53,50,0.59
50,56,0.58
56,50,0.58
50,57,0.57
57,50,0.57
51,52,1.00
52,51,1.00
51,53,0.73
53,51,0.73
51,56,0.68
56,51,0.68
51,57,0.72
57,51,0.72
51,71,0.59
71,51,0.59
52,53,1.00
53,52,1.00
52,54,0.73
54,52,0.73
52,55,0.69
55,52,0.69
52,56,0.90
56,52,0.90
52,57,0.93
57,52,0.93
52,58,0.70
58,52,0.70
52,70,0.60
70,52,0.60
52,71,0.62
71,52,0.62
52,72,0.61
72,52,0.61
52,74,0.63
74,52,0.63
53,54,1.00
54,53,1.00
53,55,0.77
55,53,0.77
53,56,0.83
56,53,0.83
53,57,0.72
57,53,0.72
53,58,0.60
58,53,0.60
53,110,0.64
110,53,0.64
53,111,0.69
111,53,0.69
54,55,1.00
55,54,1.00
54,56,0.83
56,54,0.83
54,57,0.64
57,54,0.64
54,74,0.58
74,54,0.58
54,109,0.65
109,54,0.65
54,110,0.83
110,54,0.83
54,111,0.84
111,54,0.84
54,112,0.61
112,54,0.61
55,56,1.00
56,55,1.00
55,57,0.73
57,55,0.73
55,58,0.62
58,55,0.62
55,74,0.76
74,55,0.76
55,75,0.66
75,55,0.66
55,76,0.68
76,55,0.68
55,110,0.65
110,55,0.65
55,111,0.66
111,55,0.66
56,57,1.00
57,56,1.00
56,58,0.72
58,56,0.72
56,72,0.62
72,56,0.62
56,73,0.67
73,56,0.67
56,74,0.83
74,56,0.83
56,75,0.63
75,56,0.63
56,76,0.58
76,56,0.58
56,111,0.59
111,56,0.59
57,58,1.00
58,57,1.00
57,59,0.72
59,57,0.72
57,60,0.64
60,57,0.64
57,70,0.67
70,57,0.67
57,71,0.76
71,57,0.76
57,72,0.85
72,57,0.85
57,73,0.84
73,57,0.84
57,74,0.93
74,57,0.93
57,75,0.66
75,57,0.66
58,59,1.00
59,58,1.00
58,60,0.81
60,58,0.81
58,61,0.63
61,58,0.63
58,65,0.64
65,58,0.64
58,66,0.68
66,58,0.68
58,69,0.60
69,58,0.60
58,70,0.82
70,58,0.82
58,71,0.84
71,58,0.84
58,72,0.88
72,58,0.88
58,73,0.90
73,58,0.90
58,74,0.97
74,58,0.97
58,75,0.76
75,58,0.76
58,76,0.62
76,58,0.62
59,60,1.00
60,59,1.00
59,61,0.74
61,59,0.74
59,64,0.62
64,59,0.62
59,65,0.87
65,59,0.87
59,66,0.98
66,59,0.98
59,67,0.69
67,59,0.69
59,68,0.61
68,59,0.61
59,69,0.74
69,59,0.74
59,70,1.00
70,59,1.00
59,71,0.93
71,59,0.93
59,72,0.83
72,59,0.83
59,73,0.76
73,59,0.76
59,74,0.70
74,59,0.70
59,75,0.63
75,59,0.63
60,61,1.00
61,60,1.00
60,62,0.70
62,60,0.70
60,63,0.64
63,60,0.64
60,64,0.67
64,60,0.67
60,65,0.95
65,60,0.95
60,66,0.81
66,60,0.81
60,67,0.58
67,60,0.58
60,69,0.63
69,60,0.63
60,70,0.73
70,60,0.73
60,71,0.82
71,60,0.82
60,72,0.91
72,60,0.91
60,73,0.87
73,60,0.87
60,74,0.68
74,60,0.68
60,75,0.62
75,60,0.62
61,62,1.00
62,61,1.00
61,63,0.80
63,61,0.80
61,64,0.80
64,61,0.80
61,65,0.97
65,61,0.97
61,66,0.69
66,61,0.69
61,69,0.63
69,61,0.63
61,70,0.64
70,61,0.64
61,71,0.80
71,61,0.80
61,72,0.87
72,61,0.87
61,73,0.73
73,61,0.73
62,63,1.00
63,62,1.00
62,64,0.83
64,62,0.83
62,65,0.77
65,62,0.77
62,71,0.61
71,62,0.61
62,72,0.63
72,62,0.63
63,64,1.00
64,63,1.00
63,65,0.81
65,63,0.81
63,66,0.61
66,63,0.61
64,65,1.00
65,64,1.00
64,66,0.75
66,64,0.75
64,67,0.66
67,64,0.66
64,68,0.64
68,64,0.64
64,69,0.77
69,64,0.77
64,70,0.63
70,64,0.63
64,71,0.67
71,64,0.67
64,72,0.58
72,64,0.58
65,66,1.00
66,65,1.00
65,67,0.74
67,65,0.74
65,68,0.66
68,65,0.66
65,69,0.82
69,65,0.82
65,70,0.79
70,65,0.79
65,71,0.83
71,65,0.83
65,72,0.72
72,65,0.72
65,73,0.61
73,65,0.61
66,67,1.00
67,66,1.00
66,68,0.77
68,66,0.77
66,69,0.84
69,66,0.84
66,70,0.92
70,66,0.92
66,71,0.75
71,66,0.75
66,72,0.62
72,66,0.62
67,68,1.00
68,67,1.00
67,69,0.83
69,67,0.83
67,70,0.78
70,67,0.78
67,71,0.61
71,67,0.61
68,69,1.00
69,68,1.00
68,70,0.79
70,68,0.79
68,71,0.62
71,68,0.62
69,70,1.00
70,69,1.00
69,71,0.87
71,69,0.87
69,72,0.62
72,69,0.62
70,71,1.00
71,70,1.00
70,72,0.72
72,70,0.72
70,73,0.60
73,70,0.60
70,74,0.57
74,70,0.57
71,72,1.00
72,71,1.00
71,73,0.73
73,71,0.73
71,74,0.62
74,71,0.62
72,73,1.00
73,72,1.00
72,74,0.75
74,72,0.75
72,75,0.59
75,72,0.59
73,74,1.00
74,73,1.00
73,75,0.76
75,73,0.76
74,75,1.00
75,74,1.00
74,76,0.75
76,74,0.75
75,76,1.00
76,75,1.00
75,77,0.72
77,75,0.72
75,78,0.62
78,75,0.62
76,77,1.00
77,76,1.00
76,78,0.86
78,76,0.86
76,79,0.65
79,76,0.65
76,102,0.61
102,76,0.61
77,78,1.00
78,77,1.00
77,79,0.80
79,77,0.80
77,80,0.63
80,77,0.63
77,81,0.58
81,77,0.58
77,100,0.67
100,77,0.67
77,101,0.71
101,77,0.71
77,102,0.75
102,77,0.75
78,79,1.00
79,78,1.00
78,80,0.74
80,78,0.74
78,81,0.60
81,78,0.60
78,100,0.64
100,78,0.64
78,101,0.75
101,78,0.75
78,102,0.98
102,78,0.98
78,103,0.71
103,78,0.71
79,80,1.00
80,79,1.00
79,81,0.75
81,79,0.75
79,101,0.67
101,79,0.67
79,102,0.92
102,79,0.92
79,103,0.69
103,79,0.69
80,81,1.00
81,80,1.00
80,82,0.71
82,80,0.71
80,83,0.59
83,80,0.59
80,101,0.70
101,80,0.70
80,102,0.92
102,80,0.92
80,103,0.75
103,80,0.75
80,104,0.57
104,80,0.57
81,82,1.00
82,81,1.00
81,83,0.75
83,81,0.75
81,84,0.65
84,81,0.65
81,85,0.75
85,81,0.75
81,86,0.68
86,81,0.68
81,101,0.67
101,81,0.67
81,102,0.72
102,81,0.72
81,103,0.60
103,81,0.60
82,83,1.00
83,82,1.00
82,84,0.81
84,82,0.81
82,85,0.93
85,82,0.93
82,86,0.83
86,82,0.83
82,87,0.64
87,82,0.64
82,89,0.59
89,82,0.59
83,84,1.00
84,83,1.00
83,85,0.85
85,83,0.85
83,86,0.67
86,83,0.67
83,87,0.58
87,83,0.58
83,89,0.59
89,83,0.59
83,98,0.57
98,83,0.57
83,101,0.58
101,83,0.58
84,85,1.00
85,84,1.00
84,86,0.71
86,84,0.71
84,87,0.62
87,84,0.62
84,88,0.65
88,84,0.65
84,89,0.76
89,84,0.76
84,90,0.68
90,84,0.68
84,91,0.70
91,84,0.70
84,92,0.59
92,84,0.59
84,96,0.58
96,84,0.58
84,98,0.61
98,84,0.61
85,86,1.00
86,85,1.00
85,87,0.76
87,85,0.76
85,88,0.71
88,85,0.71
85,89,0.86
89,85,0.86
85,90,0.67
90,85,0.67
85,91,0.60
91,85,0.60
86,87,1.00
87,86,1.00
86,88,0.76
88,86,0.76
86,89,0.79
89,86,0.79
86,90,0.58
90,86,0.58
87,88,1.00
88,87,1.00
87,89,0.81
89,87,0.81
87,90,0.59
90,87,0.59
88,89,1.00
89,88,1.00
88,90,0.75
90,88,0.75
88,91,0.69
91,88,0.69
89,90,1.00
90,89,1.00
89,91,0.79
91,89,0.79
89,92,0.58
92,89,0.58
90,91,1.00
91,90,1.00
90,92,0.74
92,90,0.74
90,93,0.74
93,90,0.74
91,92,1.00
92,91,1.00
91,93,0.81
93,91,0.81
91,94,0.59
94,91,0.59
91,96,0.60
96,91,0.60
92,93,1.00
93,92,1.00
92,94,0.75
94,92,0.75
92,95,0.67
95,92,0.67
92,96,0.69
96,92,0.69
93,94,1.00
94,93,1.00
93,95,0.87
95,93,0.87
93,96,0.81
96,93,0.81
93,97,0.61
97,93,0.61
94,95,1.00
95,94,1.00
94,96,0.75
96,94,0.75
94,97,0.58
97,94,0.58
95,96,1.00
96,95,1.00
95,97,0.77
97,95,0.77
95,98,0.58
98,95,0.58
96,97,1.00
97,96,1.00
96,98,0.77
98,96,0.77
96,99,0.61
99,96,0.61
97,98,1.00
98,97,1.00
97,99,0.80
99,97,0.80
97,100,0.61
100,97,0.61
98,99,1.00
99,98,1.00
98,100,0.80
100,98,0.80
98,101,0.74
101,98,0.74
99,100,1.00
100,99,1.00
99,101,0.76
101,99,0.76
99,105,0.58
105,99,0.58
100,101,1.00
101,100,1.00
100,102,0.71
102,100,0.71
100,103,0.64
103,100,0.64
100,104,0.58
104,100,0.58
100,105,0.68
105,100,0.68
101,102,1.00
102,101,1.00
101,103,0.82
103,101,0.82
101,104,0.68
104,101,0.68
101,105,0.70
105,101,0.70
102,103,1.00
103,102,1.00
102,104,0.71
104,102,0.71
102,105,0.64
105,102,0.64
103,104,1.00
104,103,1.00
103,105,0.79
105,103,0.79
103,106,0.60
106,103,0.60
104,105,1.00
105,104,1.00
104,106,0.74
106,104,0.74
104,107,0.61
107,104,0.61
105,106,1.00
106,105,1.00
105,107,0.75
107,105,0.75
106,107,1.00
107,106,1.00
106,108,0.71
108,106,0.71
107,108,1.00
108,107,1.00
107,109,0.75
109,107,0.75
107,110,0.67
110,107,0.67
108,109,1.00
109,108,1.00
108,110,0.75
110,108,0.75
108,111,0.59
111,108,0.59
109,110,1.00
110,109,1.00
109,111,0.80
111,109,0.80
109,112,0.66
112,109,0.66
109,113,0.61
113,109,0.61
110,111,1.00
111,110,1.00
110,112,0.74
112,110,0.74
110,113,0.66
113,110,0.66
111,112,1.00
112,111,1.00
111,113,0.75
113,111,0.75
111,114,0.58
114,111,0.58
111,115,0.59
115,111,0.59
112,113,1.00
113,112,1.00
112,114,0.73
114,112,0.73
112,115,0.74
115,112,0.74
113,114,1.00
114,113,1.00
113,115,0.80
115,113,0.80
113,116,0.59
116,113,0.59
114,115,1.00
115,114,1.00
114,116,0.75
116,114,0.75
115,116,1.00
116,115,1.00
115,117,0.72
117,115,0.72
115,118,0.72
118,115,0.72
116,117,1.00
117,116,1.00
116,118,0.82
118,116,0.82
116,119,0.60
119,116,0.60
117,118,1.00
118,117,1.00
117,119,0.75
119,117,0.75
117,120,0.74
120,117,0.74
117,121,0.57
121,117,0.57
118,119,1.00
119,118,1.00
118,120,0.81
120,118,0.81
118,121,0.59
121,118,0.59
119,120,1.00
120,119,1.00
119,121,0.73
121,119,0.73
119,122,0.75
122,119,0.75
119,123,0.60
123,119,0.60
120,121,1.00
121,120,1.00
120,122,0.83
122,120,0.83
120,123,0.66
123,120,0.66
120,124,0.58
124,120,0.58
121,122,1.00
122,121,1.00
121,123,0.80
123,121,0.80
121,124,0.61
124,121,0.61
122,123,1.00
123,122,1.00
122,124,0.76
124,122,0.76
122,125,0.59
125,122,0.59
123,124,1.00
124,123,1.00
123,125,0.81
125,123,0.81
123,126,0.69
126,123,0.69
124,125,1.00
125,124,1.00
124,126,0.70
126,124,0.70
125,126,1.00
126,125,1.00
125,127,0.72
127,125,0.72
125,128,0.63
128,125,0.63
126,127,1.00
127,126,1.00
126,128,0.85
128,126,0.85
126,129,0.66
129,126,0.66
126,143,0.66
143,126,0.66
126,144,0.59
144,126,0.59
127,128,1.00
128,127,1.00
127,129,0.78
129,127,0.78
127,130,0.58
130,127,0.58
127,142,0.62
142,127,0.62
127,143,0.82
143,127,0.82
127,144,0.78
144,127,0.78
127,145,0.77
145,127,0.77
128,129,1.00
129,128,1.00
128,130,0.76
130,128,0.76
128,131,0.73
131,128,0.73
128,137,0.59
137,128,0.59
128,141,0.71
141,128,0.71
128,142,0.80
142,128,0.80
128,143,0.96
143,128,0.96
128,144,0.89
144,128,0.89
128,145,0.73
145,128,0.73
129,130,1.00
130,129,1.00
129,131,0.77
131,129,0.77
129,132,0.58
132,129,0.58
129,135,0.58
135,129,0.58
129,141,0.59
141,129,0.59
129,142,0.68
142,129,0.68
129,143,0.74
143,129,0.74
129,144,0.88
144,129,0.88
129,145,0.80
145,129,0.80
129,146,0.64
146,129,0.64
130,131,1.00
131,130,1.00
130,132,0.78
132,130,0.78
130,133,0.64
133,130,0.64
130,134,0.60
134,130,0.60
130,135,0.74
135,130,0.74
130,136,0.61
136,130,0.61
130,137,0.59
137,130,0.59
130,141,0.58
141,130,0.58
130,142,0.63
142,130,0.63
130,143,0.60
143,130,0.60
130,144,0.66
144,130,0.66
130,145,0.58
145,130,0.58
131,132,1.00
132,131,1.00
131,133,0.73
133,131,0.73
131,134,0.66
134,131,0.66
131,135,0.86
135,131,0.86
131,136,0.73
136,131,0.73
131,137,0.75
137,131,0.75
131,140,0.64
140,131,0.64
131,141,0.74
141,131,0.74
131,142,0.73
142,131,0.73
131,143,0.61
143,131,0.61
131,144,0.60
144,131,0.60
132,133,1.00
133,132,1.00
132,134,0.76
134,132,0.76
132,135,0.83
135,132,0.83
132,136,0.65
136,132,0.65
132,137,0.64
137,132,0.64
132,140,0.59
140,132,0.59
132,141,0.60
141,132,0.60
133,134,1.00
134,133,1.00
133,135,0.84
135,133,0.84
133,136,0.63
136,133,0.63
134,135,1.00
135,134,1.00
134,136,0.73
136,134,0.73
134,137,0.58
137,134,0.58
135,136,1.00
136,135,1.00
135,137,0.76
137,135,0.76
135,141,0.59
141,135,0.59
135,142,0.62
142,135,0.62
136,137,1.00
137,136,1.00
136,138,0.74
138,136,0.74
136,139,0.58
139,136,0.58
136,140,0.63
140,136,0.63
136,141,0.67
141,136,0.67
136,142,0.73
142,136,0.73
137,138,1.00
138,137,1.00
137,139,0.77
139,137,0.77
137,140,0.86
140,137,0.86
137,141,0.94
141,137,0.94
137,142,0.92
142,137,0.92
137,143,0.63
143,137,0.63
138,139,1.00
139,138,1.00
138,140,0.86
140,138,0.86
138,141,0.82
141,138,0.82
138,142,0.76
142,138,0.76
139,140,1.00
140,139,1.00
139,141,0.82
141,139,0.82
139,142,0.65
142,139,0.65
140,141,1.00
141,140,1.00
140,142,0.71
142,140,0.71
141,142,1.00
142,141,1.00
141,143,0.75
143,141,0.75
141,144,0.59
144,141,0.59
142,143,1.00
143,142,1.00
142,144,0.77
144,142,0.77
143,144,1.00
144,143,1.00
143,145,0.72
145,143,0.72
144,145,1.00
145,144,1.00
144,146,0.71
146,144,0.71
145,146,1.00
146,145,1.00
145,147,0.72
147,145,0.72
145,148,0.73
148,145,0.73
145,149,0.57
149,145,0.57
145,160,0.60
160,145,0.60
146,147,1.00
147,146,1.00
146,148,0.83
148,146,0.83
146,149,0.66
149,146,0.66
146,160,0.62
160,146,0.62
147,148,1.00
148,147,1.00
147,149,0.82
149,147,0.82
147,150,0.61
150,147,0.61
147,151,0.59
151,147,0.59
147,158,0.61
158,147,0.61
147,159,0.65
159,147,0.65
147,160,0.71
160,147,0.71
147,161,0.62
161,147,0.62
148,149,1.00
149,148,1.00
148,150,0.71
150,148,0.71
148,151,0.62
151,148,0.62
148,157,0.58
157,148,0.58
148,158,0.79
158,148,0.79
148,159,0.83
159,148,0.83
148,160,0.86
160,148,0.86
148,161,0.65
161,148,0.65
149,150,1.00
150,149,1.00
149,151,0.78
151,149,0.78
149,152,0.58
152,149,0.58
149,156,0.59
156,149,0.59
149,157,0.68
157,149,0.68
149,158,0.90
158,149,0.90
149,159,0.75
159,149,0.75
149,160,0.66
160,149,0.66
150,151,1.00
151,150,1.00
150,152,0.72
152,150,0.72
150,155,0.57
155,150,0.57
150,156,0.80
156,150,0.80
150,157,0.92
157,150,0.92
150,158,0.99
158,150,0.99
150,159,0.72
159,150,0.72
151,152,1.00
152,151,1.00
151,153,0.71
153,151,0.71
151,154,0.57
154,151,0.57
151,155,0.65
155,151,0.65
151,156,0.91
156,151,0.91
151,157,0.82
157,151,0.82
151,158,0.77
158,151,0.77
151,159,0.68
159,151,0.68
152,153,1.00
153,152,1.00
152,154,0.75
154,152,0.75
152,155,0.83
155,152,0.83
152,156,1.00
156,152,1.00
152,157,0.75
157,152,0.75
152,158,0.63
158,152,0.63
152,159,0.60
159,152,0.60
153,154,1.00
154,153,1.00
153,155,0.87
155,153,0.87
153,156,0.79
156,153,0.79
153,157,0.58
157,153,0.58
154,155,1.00
155,154,1.00
154,156,0.74
156,154,0.74
155,156,1.00
156,155,1.00
155,157,0.72
157,155,0.72
156,157,1.00
157,156,1.00
156,158,0.72
158,156,0.72
156,159,0.61
159,156,0.61
157,158,1.00
158,157,1.00
157,159,0.77
159,157,0.77
158,159,1.00
159,158,1.00
158,160,0.72
160,158,0.72
158,161,0.59
161,158,0.59
159,160,1.00
160,159,1.00
159,161,0.82
161,159,0.82
159,162,0.72
162,159,0.72
160,161,1.00
161,160,1.00
160,162,0.72
162,160,0.72
161,162,1.00
162,161,1.00
161,163,0.74
163,161,0.74
161,164,0.59
164,161,0.59
162,163,1.00
163,162,1.00
162,164,0.75
164,162,0.75
163,164,1.00
164,163,1.00
163,165,0.72
165,163,0.72
163,166,0.59
166,163,0.59
164,165,1.00
165,164,1.00
164,166,0.73
166,164,0.73
164,167,0.69
167,164,0.69
165,166,1.00
166,165,1.00
165,167,0.81
167,165,0.81
165,168,0.60
168,165,0.60
166,167,1.00
167,166,1.00
166,168,0.74
168,166,0.74
167,168,1.00
168,167,1.00
