1,2,1.00
2,1,1.00
1,3,0.77
3,1,0.77
1,4,0.58
4,1,0.58
2,3,1.00
3,2,1.00
2,4,0.74
4,2,0.74
3,4,1.00
4,3,1.00
3,5,0.73
5,3,0.73
4,5,1.00
5,4,1.00
4,6,0.71
6,4,0.71
4,7,0.58
7,4,0.58
5,6,1.00
6,5,1.00
5,7,0.77
7,5,0.77
5,8,0.58
8,5,0.58
6,7,1.00
7,6,1.00
6,8,0.76
8,6,0.76
7,8,1.00
8,7,1.00
7,9,0.74
9,7,0.74
7,11,0.60
11,7,0.60
8,9,1.00
9,8,1.00
8,10,0.75
10,8,0.75
8,11,0.80
11,8,0.80
8,12,0.59
12,8,0.59
9,10,1.00
10,9,1.00
9,11,0.83
11,9,0.83
9,12,0.60
12,9,0.60
10,11,1.00
11,10,1.00
10,12,0.74
12,10,0.74
10,13,0.67
13,10,0.67
10,14,0.65
14,10,0.65
11,12,1.00
12,11,1.00
11,13,0.76
13,11,0.76
11,14,0.69
14,11,0.69
12,13,1.00
13,12,1.00
12,14,0.76
14,12,0.76
13,14,1.00
14,13,1.00
14,18,0.59
18,14,0.59
15,16,1.00
16,15,1.00
15,17,0.75
17,15,0.75
15,19,0.71
19,15,0.71
15,20,0.61
20,15,0.61
16,17,1.00
17,16,1.00
16,19,0.83
19,16,0.83
16,20,0.81
20,16,0.81
16,21,0.66
21,16,0.66
16,22,0.59
22,16,0.59
17,19,0.83
19,17,0.83
17,20,0.83
20,17,0.83
17,21,0.82
21,17,0.82
17,22,0.76
22,17,0.76
19,20,1.00
20,19,1.00
19,21,0.82
21,19,0.82
19,22,0.61
22,19,0.61
20,21,1.00
21,20,1.00
20,22,0.74
22,20,0.74
21,22,1.00
22,21,1.00
21,23,0.71
23,21,0.71
22,23,1.00
23,22,1.00
22,24,0.75
24,22,0.75
23,24,1.00
24,23,1.00
23,25,0.74
25,23,0.74
23,26,0.62
26,23,0.62
24,25,1.00
25,24,1.00
24,26,0.73
26,24,0.73
25,26,1.00
26,25,1.00
27,28,1.00
28,27,1.00
27,29,0.75
29,27,0.75
27,30,0.59
30,27,0.59
27,36,0.67
36,27,0.67
27,37,0.81
37,27,0.81
27,38,0.91
38,27,0.91
27,39,0.77
39,27,0.77
27,40,0.62
40,27,0.62
28,29,1.00
29,28,1.00
28,30,0.77
30,28,0.77
28,31,0.59
31,28,0.59
28,35,0.62
35,28,0.62
28,36,0.81
36,28,0.81
28,37,0.90
37,28,0.90
28,38,0.76
38,28,0.76
28,39,0.64
39,28,0.64
29,30,1.00
30,29,1.00
29,31,0.72
31,29,0.72
29,32,0.58
32,29,0.58
29,34,0.59
34,29,0.59
29,35,0.68
35,29,0.68
29,36,0.90
36,29,0.90
29,37,0.75
37,29,0.75
29,38,0.61
38,29,0.61
30,31,1.00
31,30,1.00
30,32,0.77
32,30,0.77
30,33,0.66
33,30,0.66
30,34,0.80
34,30,0.80
30,35,0.92
35,30,0.92
30,36,1.00
36,30,1.00
30,37,0.73
37,30,0.73
30,68,0.58
68,30,0.58
31,32,1.00
32,31,1.00
31,33,0.79
33,31,0.79
31,34,0.88
34,31,0.88
31,35,0.78
35,31,0.78
31,36,0.71
36,31,0.71
32,33,1.00
33,32,1.00
32,34,0.84
34,32,0.84
32,35,0.75
35,32,0.75
32,36,0.62
36,32,0.62
32,68,0.59
68,32,0.59
33,34,1.00
34,33,1.00
33,35,0.78
35,33,0.78
33,36,0.59
36,33,0.59
33,67,0.68
67,33,0.68
33,68,0.76
68,33,0.76
34,35,1.00
35,34,1.00
34,36,0.73
36,34,0.73
34,37,0.60
37,34,0.60
34,67,0.69
67,34,0.69
34,68,0.88
68,34,0.88
34,69,0.65
69,34,0.65
35,36,1.00
36,35,1.00
35,37,0.75
37,35,0.75
35,67,0.62
67,35,0.62
35,68,0.85
68,35,0.85
35,69,0.69
69,35,0.69
36,37,1.00
37,36,1.00
36,38,0.71
38,36,0.71
36,68,0.63
68,36,0.63
36,69,0.58
69,36,0.58
37,38,1.00
38,37,1.00
37,39,0.74
39,37,0.74
37,68,0.57
68,37,0.57
37,69,0.59
69,37,0.59
38,39,1.00
39,38,1.00
38,40,0.76
40,38,0.76
39,40,1.00
40,39,1.00
39,41,0.74
41,39,0.74
39,42,0.61
42,39,0.61
39,43,0.60
43,39,0.60
39,44,0.59
44,39,0.59
40,41,1.00
41,40,1.00
40,42,0.75
42,40,0.75
40,43,0.73
43,40,0.73
40,44,0.73
44,40,0.73
41,42,1.00
42,41,1.00
41,43,0.79
43,41,0.79
41,44,0.68
44,41,0.68
42,43,1.00
43,42,1.00
42,44,0.72
44,42,0.72
43,44,1.00
44,43,1.00
43,45,0.71
45,43,0.71
43,46,0.61
46,43,0.61
43,50,0.60
50,43,0.60
44,45,1.00
45,44,1.00
44,46,0.81
46,44,0.81
44,47,0.63
47,44,0.63
44,48,0.58
48,44,0.58
44,50,0.58
50,44,0.58
45,46,1.00
46,45,1.00
45,47,0.80
47,45,0.80
45,48,0.65
48,45,0.65
46,47,1.00
47,46,1.00
46,48,0.74
48,46,0.74
46,49,0.67
49,46,0.67
46,50,0.61
50,46,0.61
47,48,1.00
48,47,1.00
47,49,0.79
49,47,0.79
47,50,0.64
50,47,0.64
48,49,1.00
49,48,1.00
48,50,0.77
50,48,0.77
48,51,0.59
51,48,0.59
49,50,1.00
50,49,1.00
49,51,0.78
51,49,0.78
49,52,0.64
52,49,0.64
49,56,0.57
56,49,0.57
49,57,0.65
57,49,0.65
49,71,0.64
71,49,0.64
49,72,0.67
72,49,0.67
49,73,0.58
73,49,0.58
50,51,1.00
51,50,1.00
50,52,0.70
52,50,0.70
50,57,0.62
57,50,0.62
51,52,1.00
52,51,1.00
51,53,0.71
53,51,0.71
51,56,0.65
56,51,0.65
51,57,0.76
57,51,0.76
51,58,0.59
58,51,0.59
51,71,0.59
71,51,0.59
52,53,1.00
53,52,1.00
52,54,0.71
54,52,0.71
52,55,0.65
55,52,0.65
52,56,0.86
56,52,0.86
52,57,0.98
57,52,0.98
52,58,0.69
58,52,0.69
52,71,0.58
71,52,0.58
52,72,0.58
72,52,0.58
52,74,0.62
74,52,0.62
53,54,1.00
54,53,1.00
53,55,0.78
55,53,0.78
53,56,0.90
56,53,0.90
53,57,0.77
57,53,0.77
53,58,0.59
58,53,0.59
53,74,0.60
74,53,0.60
53,110,0.64
110,53,0.64
53,111,0.70
111,53,0.70
54,55,1.00
55,54,1.00
54,56,0.87
56,54,0.87
54,57,0.65
57,54,0.65
54,74,0.61
74,54,0.61
54,109,0.62
109,54,0.62
54,110,0.81
110,54,0.81
54,111,0.77
111,54,0.77
54,112,0.61
112,54,0.61
55,56,1.00
56,55,1.00
55,57,0.71
57,55,0.71
55,58,0.62
58,55,0.62
55,73,0.61
73,55,0.61
55,74,0.80
74,55,0.80
55,75,0.69
75,55,0.69
55,76,0.71
76,55,0.71
55,102,0.59
102,55,0.59
55,110,0.63
110,55,0.63
55,111,0.58
111,55,0.58
56,57,1.00
57,56,1.00
56,58,0.74
58,56,0.74
56,72,0.63
72,56,0.63
56,73,0.72
73,56,0.72
56,74,0.88
74,56,0.88
56,75,0.65
75,56,0.65
56,76,0.58
76,56,0.58
57,58,1.00
58,57,1.00
57,59,0.70
59,57,0.70
57,60,0.62
60,57,0.62
57,70,0.64
70,57,0.64
57,71,0.73
71,57,0.73
57,72,0.79
72,57,0.79
57,73,0.79
73,57,0.79
57,74,0.87
74,57,0.87
57,75,0.62
75,57,0.62
58,59,1.00
59,58,1.00
58,60,0.79
60,58,0.79
58,61,0.61
61,58,0.61
58,65,0.66
65,58,0.66
58,66,0.70
66,58,0.70
58,69,0.58
69,58,0.58
58,70,0.77
70,58,0.77
58,71,0.82
71,58,0.82
58,72,0.85
72,58,0.85
58,73,0.84
73,58,0.84
58,74,0.93
74,58,0.93
58,75,0.72
75,58,0.72
59,60,1.00
60,59,1.00
59,61,0.76
61,59,0.76
59,62,0.60
62,59,0.60
59,63,0.57
63,59,0.57
59,64,0.65
64,59,0.65
59,65,0.93
65,59,0.93
59,66,1.00
66,59,1.00
59,67,0.70
67,59,0.70
59,68,0.61
68,59,0.61
59,69,0.72
69,59,0.72
59,70,0.93
70,59,0.93
59,71,0.92
71,59,0.92
59,72,0.84
72,59,0.84
59,73,0.74
73,59,0.74
59,74,0.71
74,59,0.71
59,75,0.63
75,59,0.63
60,61,1.00
61,60,1.00
60,62,0.76
62,60,0.76
60,63,0.66
63,60,0.66
60,64,0.69
64,60,0.69
60,65,0.92
65,60,0.92
60,66,0.81
66,60,0.81
60,67,0.59
67,60,0.59
60,69,0.60
69,60,0.60
60,70,0.68
70,60,0.68
60,71,0.79
71,60,0.79
60,72,0.90
72,60,0.90
60,73,0.86
73,60,0.86
60,74,0.72
74,60,0.72
60,75,0.67
75,60,0.67
61,62,1.00
62,61,1.00
61,63,0.78
63,61,0.78
61,64,0.83
64,61,0.83
61,65,0.99
65,61,0.99
61,66,0.70
66,61,0.70
61,69,0.63
69,61,0.63
61,70,0.63
70,61,0.63
61,71,0.78
71,61,0.78
61,72,0.85
72,61,0.85
61,73,0.71
73,61,0.71
62,63,1.00
63,62,1.00
62,64,0.84
64,62,0.84
62,65,0.78
65,62,0.78
62,66,0.61
66,62,0.61
62,71,0.58
71,62,0.58
62,72,0.61
72,62,0.61
63,64,1.00
64,63,1.00
63,65,0.78
65,63,0.78
63,66,0.65
66,63,0.65
63,67,0.61
67,63,0.61
63,69,0.57
69,63,0.57
64,65,1.00
65,64,1.00
64,66,0.78
66,64,0.78
64,67,0.73
67,64,0.73
64,68,0.69
68,64,0.69
64,69,0.78
69,64,0.78
64,70,0.64
70,64,0.64
64,71,0.66
71,64,0.66
64,72,0.58
72,64,0.58
65,66,1.00
66,65,1.00
65,67,0.77
67,65,0.77
65,68,0.70
68,65,0.70
65,69,0.88
69,65,0.88
65,70,0.84
70,65,0.84
65,71,0.89
71,65,0.89
65,72,0.75
72,65,0.75
65,73,0.61
73,65,0.61
66,67,1.00
67,66,1.00
66,68,0.78
68,66,0.78
66,69,0.84
69,66,0.84
66,70,0.92
70,66,0.92
66,71,0.76
71,66,0.76
66,72,0.64
72,66,0.64
67,68,1.00
68,67,1.00
67,69,0.84
69,67,0.84
67,70,0.76
70,67,0.76
67,71,0.60
71,67,0.60
68,69,1.00
69,68,1.00
68,70,0.77
70,68,0.77
68,71,0.60
71,68,0.60
69,70,1.00
70,69,1.00
69,71,0.82
71,69,0.82
69,72,0.60
72,69,0.60
70,71,1.00
71,70,1.00
70,72,0.70
72,70,0.70
71,72,1.00
72,71,1.00
71,73,0.71
73,71,0.71
71,74,0.61
74,71,0.61
72,73,1.00
73,72,1.00
72,74,0.75
74,72,0.75
72,75,0.59
75,72,0.59
73,74,1.00
74,73,1.00
73,75,0.77
75,73,0.77
73,76,0.58
76,73,0.58
74,75,1.00
75,74,1.00
74,76,0.74
76,74,0.74
75,76,1.00
76,75,1.00
75,77,0.74
77,75,0.74
75,78,0.61
78,75,0.61
76,77,1.00
77,76,1.00
76,78,0.82
78,76,0.82
76,79,0.64
79,76,0.64
76,100,0.64
100,76,0.64
76,101,0.65
101,76,0.65
76,102,0.76
102,76,0.76
76,103,0.60
103,76,0.60
77,78,1.00
78,77,1.00
77,79,0.81
79,77,0.81
77,80,0.63
80,77,0.63
77,81,0.62
81,77,0.62
77,98,0.58
98,77,0.58
77,100,0.69
100,77,0.69
77,101,0.73
101,77,0.73
77,102,0.79
102,77,0.79
77,103,0.61
103,77,0.61
78,79,1.00
79,78,1.00
78,80,0.72
80,78,0.72
78,81,0.63
81,78,0.63
78,100,0.60
100,78,0.60
78,101,0.74
101,78,0.74
78,102,0.95
102,78,0.95
78,103,0.80
103,78,0.80
78,104,0.63
104,78,0.63
79,80,1.00
80,79,1.00
79,81,0.77
81,79,0.77
79,101,0.58
101,79,0.58
79,102,0.67
102,79,0.67
79,103,0.62
103,79,0.62
80,81,1.00
81,80,1.00
80,82,0.70
82,80,0.70
80,83,0.58
83,80,0.58
81,82,1.00
82,81,1.00
81,83,0.79
83,81,0.79
81,84,0.64
84,81,0.64
81,85,0.72
85,81,0.72
81,86,0.68
86,81,0.68
82,83,1.00
83,82,1.00
82,84,0.80
84,82,0.80
82,85,0.88
85,82,0.88
82,86,0.83
86,82,0.83
82,87,0.64
87,82,0.64
83,84,1.00
84,83,1.00
83,85,0.84
85,83,0.84
83,86,0.67
86,83,0.67
83,87,0.57
87,83,0.57
83,98,0.66
98,83,0.66
83,99,0.57
99,83,0.57
84,85,1.00
85,84,1.00
84,86,0.71
86,84,0.71
84,87,0.65
87,84,0.65
84,88,0.63
88,84,0.63
84,89,0.74
89,84,0.74
84,90,0.65
90,84,0.65
84,91,0.66
91,84,0.66
84,96,0.58
96,84,0.58
84,97,0.59
97,84,0.59
84,98,0.71
98,84,0.71
85,86,1.00
86,85,1.00
85,87,0.81
87,85,0.81
85,88,0.75
88,85,0.75
85,89,0.81
89,85,0.81
85,90,0.62
90,85,0.62
85,91,0.58
91,85,0.58
85,98,0.58
98,85,0.58
86,87,1.00
87,86,1.00
86,88,0.77
88,86,0.77
86,89,0.69
89,86,0.69
87,88,1.00
88,87,1.00
87,89,0.76
89,87,0.76
88,89,1.00
89,88,1.00
88,90,0.72
90,88,0.72
88,91,0.67
91,88,0.67
89,90,1.00
90,89,1.00
89,91,0.82
91,89,0.82
89,92,0.59
92,89,0.59
90,91,1.00
91,90,1.00
90,92,0.73
92,90,0.73
90,93,0.71
93,90,0.71
90,96,0.62
96,90,0.62
91,92,1.00
92,91,1.00
91,93,0.81
93,91,0.81
91,94,0.59
94,91,0.59
91,96,0.60
96,91,0.60
92,93,1.00
93,92,1.00
92,94,0.72
94,92,0.72
92,95,0.61
95,92,0.61
92,96,0.60
96,92,0.60
93,94,1.00
94,93,1.00
93,95,0.84
95,93,0.84
93,96,0.77
96,93,0.77
94,95,1.00
95,94,1.00
94,96,0.73
96,94,0.73
95,96,1.00
96,95,1.00
95,97,0.71
97,95,0.71
95,98,0.60
98,95,0.60
96,97,1.00
97,96,1.00
96,98,0.80
98,96,0.80
96,99,0.65
99,96,0.65
97,98,1.00
98,97,1.00
97,99,0.79
99,97,0.79
97,100,0.65
100,97,0.65
98,99,1.00
99,98,1.00
98,100,0.78
100,98,0.78
98,101,0.62
101,98,0.62
99,100,1.00
100,99,1.00
99,101,0.73
101,99,0.73
100,101,1.00
101,100,1.00
100,102,0.73
102,100,0.73
101,102,1.00
102,101,1.00
101,103,0.72
103,101,0.72
101,104,0.62
104,101,0.62
102,103,1.00
103,102,1.00
102,104,0.73
104,102,0.73
102,105,0.65
105,102,0.65
102,106,0.62
106,102,0.62
103,104,1.00
104,103,1.00
103,105,0.84
105,103,0.84
103,106,0.72
106,103,0.72
104,105,1.00
105,104,1.00
104,106,0.71
106,104,0.71
105,106,1.00
106,105,1.00
105,107,0.71
107,105,0.71
106,107,1.00
107,106,1.00
106,108,0.72
108,106,0.72
106,109,0.64
109,106,0.64
106,110,0.66
110,106,0.66
107,108,1.00
108,107,1.00
107,109,0.80
109,107,0.80
107,110,0.70
110,107,0.70
108,109,1.00
109,108,1.00
108,110,0.76
110,108,0.76
108,111,0.61
111,108,0.61
108,113,0.59
113,108,0.59
109,110,1.00
110,109,1.00
109,111,0.79
111,109,0.79
109,112,0.65
112,109,0.65
109,113,0.60
113,109,0.60
110,111,1.00
111,110,1.00
110,112,0.79
112,110,0.79
110,113,0.66
113,110,0.66
111,112,1.00
112,111,1.00
111,113,0.72
113,111,0.72
112,113,1.00
113,112,1.00
112,114,0.72
114,112,0.72
112,115,0.73
115,112,0.73
113,114,1.00
114,113,1.00
113,115,0.84
115,113,0.84
113,116,0.60
116,113,0.60
114,115,1.00
115,114,1.00
114,116,0.73
116,114,0.73
115,116,1.00
116,115,1.00
115,117,0.70
117,115,0.70
116,117,1.00
117,116,1.00
116,118,0.73
118,116,0.73
116,119,0.58
119,116,0.58
117,118,1.00
118,117,1.00
117,119,0.74
119,117,0.74
117,120,0.60
120,117,0.60
118,119,1.00
119,118,1.00
118,120,0.83
120,118,0.83
118,121,0.67
121,118,0.67
118,122,0.65
122,118,0.65
119,120,1.00
120,119,1.00
119,121,0.71
121,119,0.71
119,122,0.67
122,119,0.67
120,121,1.00
121,120,1.00
120,122,0.81
122,120,0.81
120,123,0.61
123,120,0.61
121,122,1.00
122,121,1.00
121,123,0.81
123,121,0.81
121,124,0.59
124,121,0.59
122,123,1.00
123,122,1.00
122,124,0.75
124,122,0.75
122,125,0.62
125,122,0.62
123,124,1.00
124,123,1.00
123,125,0.79
125,123,0.79
123,126,0.69
126,123,0.69
124,125,1.00
125,124,1.00
124,126,0.72
126,124,0.72
125,126,1.00
126,125,1.00
125,127,0.72
127,125,0.72
125,128,0.61
128,125,0.61
126,127,1.00
127,126,1.00
126,128,0.80
128,126,0.80
126,129,0.62
129,126,0.62
126,143,0.63
143,126,0.63
126,144,0.59
144,126,0.59
126,145,0.64
145,126,0.64
127,128,1.00
128,127,1.00
127,129,0.78
129,127,0.78
127,130,0.58
130,127,0.58
127,141,0.58
141,127,0.58
127,142,0.65
142,127,0.65
127,143,0.84
143,127,0.84
127,144,0.83
144,127,0.83
127,145,0.88
145,127,0.88
127,146,0.63
146,127,0.63
128,129,1.00
129,128,1.00
128,130,0.73
130,128,0.73
128,131,0.72
131,128,0.72
128,137,0.59
137,128,0.59
128,141,0.71
141,128,0.71
128,142,0.79
142,128,0.79
128,143,0.91
143,128,0.91
128,144,0.82
144,128,0.82
128,145,0.75
145,128,0.75
128,146,0.58
146,128,0.58
129,130,1.00
130,129,1.00
129,131,0.79
131,129,0.79
129,132,0.62
132,129,0.62
129,141,0.57
141,129,0.57
129,142,0.67
142,129,0.67
129,143,0.76
143,129,0.76
129,144,0.85
144,129,0.85
129,145,0.81
145,129,0.81
129,146,0.69
146,129,0.69
130,131,1.00
131,130,1.00
130,132,0.78
132,130,0.78
130,133,0.65
133,130,0.65
130,134,0.61
134,130,0.61
130,135,0.75
135,130,0.75
130,136,0.64
136,130,0.64
130,137,0.61
137,130,0.61
130,142,0.64
142,130,0.64
130,143,0.65
143,130,0.65
130,144,0.70
144,130,0.70
130,145,0.62
145,130,0.62
130,146,0.58
146,130,0.58
131,132,1.00
132,131,1.00
131,133,0.75
133,131,0.75
131,134,0.68
134,131,0.68
131,135,0.90
135,131,0.90
131,136,0.83
136,131,0.83
131,137,0.84
137,131,0.84
131,138,0.60
138,131,0.60
131,141,0.68
141,131,0.68
131,142,0.76
142,131,0.76
131,143,0.66
143,131,0.66
131,144,0.61
144,131,0.61
132,133,1.00
133,132,1.00
132,134,0.76
134,132,0.76
132,135,0.82
135,132,0.82
132,136,0.70
136,132,0.70
132,137,0.71
137,132,0.71
132,142,0.58
142,132,0.58
133,134,1.00
134,133,1.00
133,135,0.84
135,133,0.84
133,136,0.64
136,133,0.64
133,137,0.59
137,133,0.59
134,135,1.00
135,134,1.00
134,136,0.72
136,134,0.72
134,137,0.59
137,134,0.59
135,136,1.00
136,135,1.00
135,137,0.75
137,135,0.75
135,138,0.59
138,135,0.59
135,142,0.60
142,135,0.60
136,137,1.00
137,136,1.00
136,138,0.78
138,136,0.78
136,141,0.64
141,136,0.64
136,142,0.73
142,136,0.73
136,143,0.59
143,136,0.59
137,138,1.00
138,137,1.00
137,139,0.73
139,137,0.73
137,140,0.75
140,137,0.75
137,141,0.89
141,137,0.89
137,142,0.89
142,137,0.89
137,143,0.64
143,137,0.64
138,139,1.00
139,138,1.00
138,140,0.83
140,138,0.83
138,141,0.77
141,138,0.77
138,142,0.68
142,138,0.68
139,140,1.00
140,139,1.00
139,141,0.73
141,139,0.73
139,142,0.59
142,139,0.59
140,141,1.00
141,140,1.00
140,142,0.70
142,140,0.70
141,142,1.00
142,141,1.00
141,143,0.73
143,141,0.73
142,143,1.00
143,142,1.00
142,144,0.72
144,142,0.72
143,144,1.00
144,143,1.00
143,145,0.72
145,143,0.72
144,145,1.00
145,144,1.00
144,146,0.73
146,144,0.73
144,147,0.57
147,144,0.57
144,148,0.59
148,144,0.59
145,146,1.00
146,145,1.00
145,147,0.76
147,145,0.76
145,148,0.74
148,145,0.74
145,160,0.64
160,145,0.64
146,147,1.00
147,146,1.00
146,148,0.79
148,146,0.79
146,149,0.64
149,146,0.64
146,160,0.58
160,146,0.58
147,148,1.00
148,147,1.00
147,149,0.80
149,147,0.80
147,150,0.58
150,147,0.58
147,159,0.58
159,147,0.58
147,160,0.66
160,147,0.66
147,161,0.66
161,147,0.66
147,162,0.60
162,147,0.60
148,149,1.00
149,148,1.00
148,150,0.71
150,148,0.71
148,151,0.57
151,148,0.57
148,158,0.69
158,148,0.69
148,159,0.79
159,148,0.79
148,160,0.91
160,148,0.91
148,161,0.82
161,148,0.82
148,162,0.70
162,148,0.70
149,150,1.00
150,149,1.00
149,151,0.75
151,149,0.75
149,157,0.65
157,149,0.65
149,158,0.83
158,149,0.83
149,159,0.80
159,149,0.80
149,160,0.72
160,149,0.72
149,161,0.68
161,149,0.68
149,162,0.67
162,149,0.67
150,151,1.00
151,150,1.00
150,152,0.71
152,150,0.71
150,156,0.77
156,150,0.77
150,157,0.88
157,150,0.88
150,158,1.00
158,150,1.00
150,159,0.78
159,150,0.78
150,160,0.62
160,150,0.62
150,162,0.59
162,150,0.59
151,152,1.00
152,151,1.00
151,153,0.72
153,151,0.72
151,154,0.60
154,151,0.60
151,155,0.65
155,151,0.65
151,156,0.89
156,151,0.89
151,157,0.87
157,151,0.87
151,158,0.78
158,151,0.78
151,159,0.67
159,151,0.67
151,162,0.60
162,151,0.60
152,153,1.00
153,152,1.00
152,154,0.78
154,152,0.78
152,155,0.83
155,152,0.83
152,156,1.00
156,152,1.00
152,157,0.80
157,152,0.80
152,158,0.63
158,152,0.63
153,154,1.00
154,153,1.00
153,155,0.85
155,153,0.85
153,156,0.79
156,153,0.79
153,157,0.60
157,153,0.60
154,155,1.00
155,154,1.00
154,156,0.78
156,154,0.78
154,157,0.57
157,154,0.57
155,156,1.00
156,155,1.00
155,157,0.72
157,155,0.72
156,157,1.00
157,156,1.00
156,158,0.73
158,156,0.73
157,158,1.00
158,157,1.00
157,159,0.76
159,157,0.76
158,159,1.00
159,158,1.00
158,160,0.72
160,158,0.72
158,161,0.61
161,158,0.61
158,162,0.59
162,158,0.59
159,160,1.00
160,159,1.00
159,161,0.84
161,159,0.84
159,162,0.75
162,159,0.75
160,161,1.00
161,160,1.00
160,162,0.74
162,160,0.74
161,162,1.00
162,161,1.00
161,163,0.73
163,161,0.73
162,163,1.00
163,162,1.00
162,164,0.73
164,162,0.73
163,164,1.00
164,163,1.00
163,165,0.74
165,163,0.74
163,166,0.60
166,163,0.60
164,165,1.00
165,164,1.00
164,166,0.81
166,164,0.81
164,167,0.69
167,164,0.69
165,166,1.00
166,165,1.00
165,167,0.73
167,165,0.73
166,167,1.00
167,166,1.00
166,168,0.73
168,166,0.73
167,168,1.00
168,167,1.00
