1,2,1.00
2,1,1.00
1,3,0.84
3,1,0.84
1,4,0.66
4,1,0.66
1,70,0.60
70,1,0.60
1,71,0.82
71,1,0.82
1,72,0.69
72,1,0.69
1,94,0.61
94,1,0.61
1,95,0.58
95,1,0.58
1,96,0.57
96,1,0.57
1,116,0.66
116,1,0.66
1,117,0.64
117,1,0.64
1,118,0.78
118,1,0.78
1,119,0.87
119,1,0.87
1,120,0.73
120,1,0.73
1,121,0.70
121,1,0.70
1,122,0.59
122,1,0.59
2,3,1.00
3,2,1.00
2,4,0.73
4,2,0.73
2,67,0.60
67,2,0.60
2,69,0.60
69,2,0.60
2,70,0.59
70,2,0.59
2,71,0.76
71,2,0.76
2,72,0.61
72,2,0.61
2,93,0.65
93,2,0.65
2,94,0.83
94,2,0.83
2,95,0.70
95,2,0.70
2,96,0.62
96,2,0.62
2,116,0.61
116,2,0.61
2,118,0.70
118,2,0.70
2,119,0.71
119,2,0.71
3,4,1.00
4,3,1.00
3,5,0.71
5,3,0.71
3,71,0.57
71,3,0.57
3,92,0.61
92,3,0.61
3,93,0.64
93,3,0.64
3,94,0.79
94,3,0.79
3,95,0.64
95,3,0.64
3,115,0.66
115,3,0.66
3,116,0.78
116,3,0.78
3,117,0.68
117,3,0.68
3,118,0.87
118,3,0.87
3,119,0.73
119,3,0.73
3,120,0.58
120,3,0.58
4,5,1.00
5,4,1.00
4,6,0.77
6,4,0.77
4,93,0.60
93,4,0.60
4,94,0.75
94,4,0.75
4,95,0.66
95,4,0.66
4,96,0.58
96,4,0.58
4,97,0.60
97,4,0.60
4,101,0.59
101,4,0.59
4,113,0.68
113,4,0.68
4,114,0.66
114,4,0.66
4,115,0.82
115,4,0.82
4,116,0.92
116,4,0.92
4,117,0.67
117,4,0.67
4,118,0.72
118,4,0.72
4,119,0.58
119,4,0.58
5,6,1.00
6,5,1.00
5,7,0.71
7,5,0.71
5,36,0.61
36,5,0.61
5,94,0.63
94,5,0.63
5,112,0.62
112,5,0.62
5,113,0.80
113,5,0.80
5,114,0.82
114,5,0.82
5,115,0.87
115,5,0.87
5,116,0.75
116,5,0.75
5,117,0.58
117,5,0.58
5,118,0.58
118,5,0.58
6,7,1.00
7,6,1.00
6,8,0.75
8,6,0.75
6,36,0.67
36,6,0.67
6,37,0.66
37,6,0.66
6,101,0.62
101,6,0.62
6,102,0.65
102,6,0.65
6,103,0.59
103,6,0.59
6,111,0.71
111,6,0.71
6,112,0.83
112,6,0.83
6,113,0.97
113,6,0.97
6,114,0.80
114,6,0.80
6,115,0.72
115,6,0.72
6,116,0.64
116,6,0.64
7,8,1.00
8,7,1.00
7,9,0.71
9,7,0.71
7,10,0.63
10,7,0.63
7,36,0.70
36,7,0.70
7,37,0.76
37,7,0.76
7,38,0.60
38,7,0.60
7,102,0.63
102,7,0.63
7,103,0.58
103,7,0.58
7,110,0.63
110,7,0.63
7,111,0.83
111,7,0.83
7,112,0.83
112,7,0.83
7,113,0.75
113,7,0.75
7,114,0.65
114,7,0.65
7,145,0.58
145,7,0.58
7,161,0.59
161,7,0.59
8,9,1.00
9,8,1.00
8,10,0.86
10,8,0.86
8,11,0.62
11,8,0.62
8,36,0.68
36,8,0.68
8,37,0.88
37,8,0.88
8,38,0.70
38,8,0.70
8,101,0.57
101,8,0.57
8,102,0.74
102,8,0.74
8,103,0.65
103,8,0.65
8,104,0.61
104,8,0.61
8,108,0.61
108,8,0.61
8,109,0.73
109,8,0.73
8,110,0.83
110,8,0.83
8,111,1.00
111,8,1.00
8,112,0.75
112,8,0.75
8,113,0.63
113,8,0.63
8,145,0.63
145,8,0.63
8,147,0.58
147,8,0.58
8,148,0.71
148,8,0.71
8,149,0.57
149,8,0.57
9,10,1.00
10,9,1.00
9,11,0.73
11,9,0.73
9,12,0.58
12,9,0.58
9,37,0.75
37,9,0.75
9,38,0.72
38,9,0.72
9,39,0.60
39,9,0.60
9,102,0.61
102,9,0.61
9,104,0.59
104,9,0.59
9,108,0.70
108,9,0.70
9,109,0.72
109,9,0.72
9,110,0.81
110,9,0.81
9,111,0.80
111,9,0.80
9,112,0.59
112,9,0.59
9,145,0.62
145,9,0.62
9,146,0.60
146,9,0.60
9,147,0.70
147,9,0.70
9,148,0.98
148,9,0.98
9,149,0.79
149,9,0.79
9,150,0.67
150,9,0.67
9,151,0.57
151,9,0.57
9,159,0.61
159,9,0.61
10,11,1.00
11,10,1.00
10,12,0.75
12,10,0.75
10,13,0.67
13,10,0.67
10,36,0.65
36,10,0.65
10,37,0.91
37,10,0.91
10,38,0.96
38,10,0.96
10,39,0.83
39,10,0.83
10,40,0.74
40,10,0.74
10,41,0.60
41,10,0.60
10,102,0.61
102,10,0.61
10,108,0.74
108,10,0.74
10,109,0.78
109,10,0.78
10,110,0.71
110,10,0.71
10,111,0.65
111,10,0.65
10,148,0.70
148,10,0.70
10,149,0.68
149,10,0.68
10,150,0.68
150,10,0.68
10,151,0.64
151,10,0.64
10,159,0.60
159,10,0.60
11,12,1.00
12,11,1.00
11,13,0.76
13,11,0.76
11,14,0.58
14,11,0.58
11,37,0.68
37,11,0.68
11,38,0.77
38,11,0.77
11,39,0.89
39,11,0.89
11,40,0.90
40,11,0.90
11,41,0.78
41,11,0.78
11,42,0.57
42,11,0.57
11,107,0.63
107,11,0.63
11,108,0.81
108,11,0.81
11,109,0.74
109,11,0.74
11,110,0.61
110,11,0.61
11,148,0.60
148,11,0.60
11,149,0.65
149,11,0.65
11,150,0.71
150,11,0.71
11,151,0.78
151,11,0.78
11,152,0.66
152,11,0.66
12,13,1.00
13,12,1.00
12,14,0.72
14,12,0.72
12,37,0.58
37,12,0.58
12,38,0.73
38,12,0.73
12,39,0.93
39,12,0.93
12,40,0.82
40,12,0.82
12,41,0.77
41,12,0.77
12,42,0.58
42,12,0.58
12,108,0.59
108,12,0.59
12,149,0.58
149,12,0.58
12,150,0.72
150,12,0.72
12,151,0.85
151,12,0.85
12,152,0.86
152,12,0.86
12,153,0.66
153,12,0.66
12,157,0.62
157,12,0.62
13,14,1.00
14,13,1.00
13,15,0.75
15,13,0.75
13,16,0.61
16,13,0.61
13,38,0.71
38,13,0.71
13,39,0.76
39,13,0.76
13,40,0.61
40,13,0.61
13,149,0.62
149,13,0.62
13,150,0.85
150,13,0.85
13,151,0.87
151,13,0.87
13,152,0.91
152,13,0.91
13,153,0.76
153,13,0.76
13,154,0.66
154,13,0.66
13,155,0.61
155,13,0.61
13,156,0.64
156,13,0.64
13,157,0.83
157,13,0.83
13,158,0.71
158,13,0.71
13,159,0.65
159,13,0.65
14,15,1.00
15,14,1.00
14,16,0.78
16,14,0.78
14,19,0.60
19,14,0.60
14,149,0.58
149,14,0.58
14,150,0.81
150,14,0.81
14,151,0.82
151,14,0.82
14,152,0.94
152,14,0.94
14,153,0.95
153,14,0.95
14,154,0.79
154,14,0.79
14,155,0.73
155,14,0.73
14,156,0.67
156,14,0.67
14,157,0.81
157,14,0.81
14,158,0.65
158,14,0.65
14,159,0.60
159,14,0.60
15,16,1.00
16,15,1.00
15,17,0.73
17,15,0.73
15,18,0.60
18,15,0.60
15,19,0.64
19,15,0.64
15,149,0.63
149,15,0.63
15,150,0.83
150,15,0.83
15,151,0.71
151,15,0.71
15,152,0.70
152,15,0.70
15,153,0.71
153,15,0.71
15,154,0.63
154,15,0.63
15,155,0.63
155,15,0.63
15,156,0.58
156,15,0.58
15,157,0.68
157,15,0.68
15,158,0.62
158,15,0.62
15,159,0.62
159,15,0.62
16,17,1.00
17,16,1.00
16,18,0.81
18,16,0.81
16,19,0.85
19,16,0.85
16,20,0.61
20,16,0.61
16,150,0.62
150,16,0.62
16,153,0.59
153,16,0.59
16,154,0.59
154,16,0.59
16,155,0.67
155,16,0.67
16,156,0.62
156,16,0.62
16,157,0.70
157,16,0.70
16,158,0.66
158,16,0.66
16,159,0.63
159,16,0.63
17,18,1.00
18,17,1.00
17,19,0.79
19,17,0.79
17,20,0.59
20,17,0.59
17,159,0.59
159,17,0.59
18,19,1.00
19,18,1.00
18,20,0.77
20,18,0.77
18,21,0.75
21,18,0.75
18,22,0.59
22,18,0.59
18,157,0.58
157,18,0.58
18,158,0.63
158,18,0.63
18,159,0.61
159,18,0.61
19,20,1.00
20,19,1.00
19,21,0.80
21,19,0.80
19,22,0.67
22,19,0.67
19,23,0.58
23,19,0.58
19,155,0.64
155,19,0.64
19,156,0.71
156,19,0.71
19,157,0.77
157,19,0.77
19,158,0.82
158,19,0.82
19,159,0.69
159,19,0.69
19,160,0.60
160,19,0.60
20,21,1.00
21,20,1.00
20,22,0.84
22,20,0.84
20,23,0.78
23,20,0.78
20,156,0.67
156,20,0.67
20,157,0.71
157,20,0.71
20,158,0.84
158,20,0.84
20,159,0.68
159,20,0.68
20,160,0.67
160,20,0.67
20,162,0.59
162,20,0.59
21,22,1.00
22,21,1.00
21,23,0.78
23,21,0.78
21,24,0.57
24,21,0.57
21,158,0.60
158,21,0.60
22,23,1.00
23,22,1.00
22,24,0.73
24,22,0.73
22,25,0.58
25,22,0.58
23,24,1.00
24,23,1.00
23,25,0.75
25,23,0.75
23,26,0.62
26,23,0.62
23,168,0.62
168,23,0.62
24,25,1.00
25,24,1.00
24,26,0.80
26,24,0.80
24,27,0.59
27,24,0.59
24,168,0.67
168,24,0.67
25,26,1.00
26,25,1.00
25,27,0.72
27,25,0.72
25,28,0.58
28,25,0.58
25,164,0.57
164,25,0.57
25,165,0.59
165,25,0.59
25,166,0.59
166,25,0.59
25,167,0.65
167,25,0.65
25,168,0.91
168,25,0.91
26,27,1.00
27,26,1.00
26,28,0.79
28,26,0.79
26,29,0.58
29,26,0.58
26,88,0.65
88,26,0.65
26,89,0.58
89,26,0.58
26,165,0.60
165,26,0.60
26,168,0.68
168,26,0.68
27,28,1.00
28,27,1.00
27,29,0.76
29,27,0.76
27,30,0.58
30,27,0.58
27,31,0.61
31,27,0.61
27,32,0.58
32,27,0.58
27,86,0.59
86,27,0.59
27,87,0.69
87,27,0.69
27,88,0.95
88,27,0.95
27,89,0.79
89,27,0.79
27,163,0.60
163,27,0.60
27,164,0.62
164,27,0.62
27,165,0.70
165,27,0.70
27,166,0.58
166,27,0.58
27,168,0.60
168,27,0.60
28,29,1.00
29,28,1.00
28,30,0.79
30,28,0.79
28,31,0.86
31,28,0.86
28,32,0.74
32,28,0.74
28,60,0.60
60,28,0.60
28,61,0.67
61,28,0.67
28,84,0.59
84,28,0.59
28,85,0.60
85,28,0.60
28,86,0.66
86,28,0.66
28,87,0.69
87,28,0.69
28,88,0.95
88,28,0.95
28,89,0.70
89,28,0.70
29,30,1.00
30,29,1.00
29,31,0.82
31,29,0.82
29,32,0.66
32,29,0.66
29,60,0.63
60,29,0.63
29,61,0.76
61,29,0.76
29,62,0.64
62,29,0.64
29,83,0.58
83,29,0.58
29,84,0.67
84,29,0.67
29,85,0.68
85,29,0.68
29,86,0.84
86,29,0.84
29,87,0.83
87,29,0.83
29,88,1.00
88,29,1.00
29,89,0.73
89,29,0.73
29,90,0.59
90,29,0.59
29,91,0.64
91,29,0.64
30,31,1.00
31,30,1.00
30,32,0.74
32,30,0.74
30,33,0.66
33,30,0.66
30,59,0.63
59,30,0.63
30,60,0.85
60,30,0.85
30,61,0.94
61,30,0.94
30,62,0.76
62,30,0.76
30,63,0.61
63,30,0.61
30,64,0.60
64,30,0.60
30,81,0.58
81,30,0.58
30,82,0.72
82,30,0.72
30,83,0.69
83,30,0.69
30,84,0.74
84,30,0.74
30,85,0.64
85,30,0.64
30,86,0.70
86,30,0.70
30,87,0.62
87,30,0.62
30,88,0.69
88,30,0.69
31,32,1.00
32,31,1.00
31,33,0.77
33,31,0.77
31,34,0.59
34,31,0.59
31,58,0.59
58,31,0.59
31,59,0.78
59,31,0.78
31,60,0.93
60,31,0.93
31,61,0.88
61,31,0.88
31,62,0.64
62,31,0.64
31,64,0.62
64,31,0.62
31,82,0.58
82,31,0.58
31,84,0.62
84,31,0.62
31,88,0.63
88,31,0.63
32,33,1.00
33,32,1.00
32,34,0.79
34,32,0.79
32,35,0.67
35,32,0.67
32,58,0.63
58,32,0.63
32,59,0.88
59,32,0.88
32,60,0.88
60,32,0.88
32,61,0.88
61,32,0.88
32,62,0.62
62,32,0.62
32,63,0.58
63,32,0.58
32,64,0.69
64,32,0.69
32,65,0.66
65,32,0.66
33,34,1.00
34,33,1.00
33,35,0.74
35,33,0.74
33,36,0.57
36,33,0.57
33,57,0.69
57,33,0.69
33,58,0.77
58,33,0.77
33,59,0.95
59,33,0.95
33,60,0.97
60,33,0.97
33,61,0.95
61,33,0.95
33,62,0.72
62,33,0.72
33,63,0.74
63,33,0.74
33,64,0.99
64,33,0.99
33,65,0.95
65,33,0.95
33,66,0.68
66,33,0.68
33,67,0.69
67,33,0.69
33,93,0.61
93,33,0.61
34,35,1.00
35,34,1.00
34,36,0.78
36,34,0.78
34,37,0.64
37,34,0.64
34,38,0.64
38,34,0.64
34,39,0.65
39,34,0.65
34,40,0.58
40,34,0.58
34,58,0.62
58,34,0.62
34,59,0.69
59,34,0.69
34,60,0.66
60,34,0.66
34,61,0.71
61,34,0.71
34,62,0.60
62,34,0.60
34,63,0.61
63,34,0.61
34,64,0.75
64,34,0.75
34,65,0.97
65,34,0.97
34,66,0.70
66,34,0.70
34,67,0.67
67,34,0.67
34,93,0.64
93,34,0.64
34,94,0.60
94,34,0.60
34,95,0.64
95,34,0.64
35,36,1.00
36,35,1.00
35,37,0.72
37,35,0.72
35,38,0.68
38,35,0.68
35,39,0.60
39,35,0.60
35,61,0.63
61,35,0.63
35,64,0.58
64,35,0.58
35,65,0.69
65,35,0.69
35,67,0.58
67,35,0.58
35,92,0.61
92,35,0.61
35,93,0.71
93,35,0.71
35,94,0.64
94,35,0.64
35,95,0.62
95,35,0.62
35,161,0.59
161,35,0.59
35,163,0.60
163,35,0.60
36,37,1.00
37,36,1.00
36,38,0.81
38,36,0.81
36,39,0.66
39,36,0.66
36,65,0.61
65,36,0.61
36,93,0.62
93,36,0.62
36,94,0.63
94,36,0.63
36,95,0.64
95,36,0.64
36,161,0.62
161,36,0.62
37,38,1.00
38,37,1.00
37,39,0.78
39,37,0.78
37,40,0.68
40,37,0.68
37,102,0.63
102,37,0.63
37,109,0.65
109,37,0.65
37,110,0.60
110,37,0.60
37,111,0.63
111,37,0.63
37,161,0.58
161,37,0.58
38,39,1.00
39,38,1.00
38,40,0.73
40,38,0.73
38,150,0.60
150,38,0.60
38,157,0.61
157,38,0.61
38,158,0.67
158,38,0.67
38,159,0.67
159,38,0.67
38,160,0.61
160,38,0.61
38,161,0.60
161,38,0.60
39,40,1.00
40,39,1.00
39,41,0.72
41,39,0.72
39,65,0.59
65,39,0.59
39,109,0.57
109,39,0.57
39,150,0.57
150,39,0.57
39,151,0.59
151,39,0.59
39,152,0.58
152,39,0.58
39,157,0.59
157,39,0.59
39,158,0.57
158,39,0.57
40,41,1.00
41,40,1.00
40,42,0.71
42,40,0.71
40,65,0.60
65,40,0.60
40,108,0.61
108,40,0.61
40,109,0.65
109,40,0.65
41,42,1.00
42,41,1.00
41,43,0.70
43,41,0.70
41,44,0.58
44,41,0.58
41,108,0.61
108,41,0.61
41,109,0.59
109,41,0.59
42,43,1.00
43,42,1.00
42,44,0.76
44,42,0.76
42,45,0.59
45,42,0.59
43,44,1.00
44,43,1.00
43,45,0.72
45,43,0.72
44,45,1.00
45,44,1.00
44,46,0.74
46,44,0.74
45,46,1.00
46,45,1.00
45,47,0.74
47,45,0.74
45,48,0.60
48,45,0.60
45,49,0.60
49,45,0.60
45,50,0.60
50,45,0.60
46,47,1.00
47,46,1.00
46,48,0.80
48,46,0.80
46,49,0.79
49,46,0.79
46,50,0.76
50,46,0.76
46,51,0.59
51,46,0.59
46,53,0.58
53,46,0.58
47,48,1.00
48,47,1.00
47,49,0.77
49,47,0.77
47,50,0.64
50,47,0.64
48,49,1.00
49,48,1.00
48,50,0.71
50,48,0.71
49,50,1.00
50,49,1.00
49,51,0.73
51,49,0.73
49,52,0.59
52,49,0.59
49,53,0.58
53,49,0.58
50,51,1.00
51,50,1.00
50,52,0.82
52,50,0.82
50,53,0.81
53,50,0.81
50,54,0.59
54,50,0.59
51,52,1.00
52,51,1.00
51,53,0.80
53,51,0.80
51,54,0.62
54,51,0.62
52,53,1.00
53,52,1.00
52,54,0.86
54,52,0.86
52,55,0.62
55,52,0.62
52,58,0.70
58,52,0.70
52,59,0.62
59,52,0.62
53,54,1.00
54,53,1.00
53,55,0.75
55,53,0.75
53,58,0.67
58,53,0.67
54,55,1.00
55,54,1.00
54,56,0.73
56,54,0.73
54,57,0.76
57,54,0.76
54,58,0.90
58,54,0.90
54,59,0.66
59,54,0.66
54,64,0.62
64,54,0.62
54,65,0.58
65,54,0.58
55,56,1.00
56,55,1.00
55,57,0.85
57,55,0.85
55,58,0.79
58,55,0.79
55,59,0.59
59,55,0.59
55,64,0.61
64,55,0.61
56,57,1.00
57,56,1.00
56,58,0.74
58,56,0.74
56,59,0.58
59,56,0.58
56,60,0.60
60,56,0.60
56,63,0.69
63,56,0.69
56,64,0.70
64,56,0.70
56,66,0.58
66,56,0.58
56,68,0.65
68,56,0.65
57,58,1.00
58,57,1.00
57,59,0.76
59,57,0.76
57,60,0.78
60,57,0.78
57,61,0.63
61,57,0.63
57,62,0.64
62,57,0.64
57,63,0.86
63,57,0.86
57,64,1.00
64,57,1.00
57,65,0.74
65,57,0.74
57,66,0.72
66,57,0.72
57,67,0.69
67,57,0.69
57,68,0.71
68,57,0.71
57,69,0.57
69,57,0.57
58,59,1.00
59,58,1.00
58,60,0.81
60,58,0.81
58,61,0.62
61,58,0.62
58,63,0.68
63,58,0.68
58,64,0.93
64,58,0.93
58,65,0.79
65,58,0.79
58,66,0.66
66,58,0.66
58,67,0.59
67,58,0.59
59,60,1.00
60,59,1.00
59,61,0.73
61,59,0.73
59,62,0.59
62,59,0.59
59,63,0.64
63,59,0.64
59,64,0.85
64,59,0.85
59,65,0.74
65,59,0.74
59,66,0.57
66,59,0.57
60,61,1.00
61,60,1.00
60,62,0.79
62,60,0.79
60,63,0.79
63,60,0.79
60,64,0.93
64,60,0.93
60,65,0.69
65,60,0.69
60,66,0.57
66,60,0.57
60,67,0.61
67,60,0.61
60,82,0.63
82,60,0.63
61,62,1.00
62,61,1.00
61,63,0.80
63,61,0.80
61,64,0.81
64,61,0.81
61,65,0.67
65,61,0.67
61,67,0.66
67,61,0.66
61,82,0.59
82,61,0.59
61,88,0.60
88,61,0.60
61,91,0.58
91,61,0.58
61,92,0.58
92,61,0.58
61,93,0.68
93,61,0.68
62,63,1.00
63,62,1.00
62,64,0.78
64,62,0.78
62,65,0.62
65,62,0.62
62,66,0.59
66,62,0.59
62,67,0.77
67,62,0.77
62,68,0.70
68,62,0.70
62,80,0.59
80,62,0.59
62,81,0.59
81,62,0.59
62,82,0.62
82,62,0.62
62,91,0.59
91,62,0.59
62,92,0.61
92,62,0.61
62,93,0.74
93,62,0.74
62,94,0.62
94,62,0.62
63,64,1.00
64,63,1.00
63,65,0.74
65,63,0.74
63,66,0.76
66,63,0.76
63,67,0.99
67,63,0.99
63,68,0.95
68,63,0.95
63,69,0.66
69,63,0.66
63,82,0.58
82,63,0.58
63,93,0.63
93,63,0.63
63,94,0.60
94,63,0.60
63,95,0.62
95,63,0.62
64,65,1.00
65,64,1.00
64,66,0.85
66,64,0.85
64,67,0.85
67,64,0.85
64,68,0.73
68,64,0.73
64,69,0.59
69,64,0.59
64,93,0.58
93,64,0.58
64,95,0.60
95,64,0.60
65,66,1.00
66,65,1.00
65,67,0.83
67,65,0.83
65,68,0.64
68,65,0.64
65,69,0.58
69,65,0.58
65,93,0.58
93,65,0.58
65,94,0.59
94,65,0.59
65,95,0.69
95,65,0.69
65,96,0.61
96,65,0.61
66,67,1.00
67,66,1.00
66,68,0.80
68,66,0.80
66,69,0.79
69,66,0.79
66,70,0.58
70,66,0.58
66,94,0.63
94,66,0.63
66,95,0.83
95,66,0.83
66,96,0.80
96,66,0.80
66,97,0.60
97,66,0.60
67,68,1.00
68,67,1.00
67,69,0.84
69,67,0.84
67,70,0.61
70,67,0.61
67,71,0.57
71,67,0.57
67,93,0.72
93,67,0.72
67,94,0.79
94,67,0.79
67,95,0.91
95,67,0.91
67,96,0.74
96,67,0.74
68,69,1.00
69,68,1.00
68,70,0.72
70,68,0.72
68,71,0.64
71,68,0.64
68,94,0.62
94,68,0.62
68,95,0.68
95,68,0.68
68,96,0.65
96,68,0.65
69,70,1.00
70,69,1.00
69,71,0.78
71,69,0.78
69,72,0.60
72,69,0.60
69,94,0.61
94,69,0.61
69,95,0.74
95,69,0.74
69,96,0.82
96,69,0.82
69,97,0.61
97,69,0.61
70,71,1.00
71,70,1.00
70,72,0.78
72,70,0.78
70,73,0.64
73,70,0.64
70,95,0.59
95,70,0.59
70,96,0.69
96,70,0.69
70,97,0.57
97,70,0.57
71,72,1.00
72,71,1.00
71,73,0.74
73,71,0.74
71,74,0.62
74,71,0.62
71,95,0.59
95,71,0.59
71,96,0.64
96,71,0.64
72,73,1.00
73,72,1.00
72,74,0.76
74,72,0.76
73,74,1.00
74,73,1.00
73,75,0.75
75,73,0.75
74,75,1.00
75,74,1.00
74,76,0.74
76,74,0.74
74,77,0.71
77,74,0.71
75,76,1.00
76,75,1.00
75,77,0.81
77,75,0.81
75,78,0.60
78,75,0.60
76,77,1.00
77,76,1.00
76,78,0.74
78,76,0.74
76,79,0.58
79,76,0.58
77,78,1.00
78,77,1.00
77,79,0.78
79,77,0.78
77,80,0.63
80,77,0.63
78,79,1.00
79,78,1.00
78,80,0.78
80,78,0.78
78,81,0.61
81,78,0.61
79,80,1.00
80,79,1.00
79,81,0.77
81,79,0.77
79,82,0.58
82,79,0.58
80,81,1.00
81,80,1.00
80,82,0.71
82,80,0.71
80,83,0.58
83,80,0.58
81,82,1.00
82,81,1.00
81,83,0.79
83,81,0.79
81,84,0.59
84,81,0.59
82,83,1.00
83,82,1.00
82,84,0.73
84,82,0.73
83,84,1.00
84,83,1.00
83,85,0.74
85,83,0.74
83,86,0.66
86,83,0.66
84,85,1.00
85,84,1.00
84,86,0.79
86,84,0.79
84,87,0.59
87,84,0.59
85,86,1.00
86,85,1.00
85,87,0.71
87,85,0.71
85,88,0.62
88,85,0.62
86,87,1.00
87,86,1.00
86,88,0.78
88,86,0.78
86,89,0.60
89,86,0.60
87,88,1.00
88,87,1.00
87,89,0.80
89,87,0.80
87,90,0.67
90,87,0.67
87,91,0.63
91,87,0.63
88,89,1.00
89,88,1.00
88,90,0.72
90,88,0.72
88,91,0.68
91,88,0.68
88,165,0.65
165,88,0.65
89,90,1.00
90,89,1.00
89,91,0.82
91,89,0.82
89,92,0.63
92,89,0.63
89,163,0.63
163,89,0.63
89,164,0.69
164,89,0.69
89,165,0.81
165,89,0.81
89,166,0.59
166,89,0.59
90,91,1.00
91,90,1.00
90,92,0.74
92,90,0.74
90,164,0.62
164,90,0.62
90,165,0.68
165,90,0.68
91,92,1.00
92,91,1.00
91,93,0.74
93,91,0.74
92,93,1.00
93,92,1.00
92,94,0.74
94,92,0.74
93,94,1.00
94,93,1.00
93,95,0.73
95,93,0.73
94,95,1.00
95,94,1.00
94,96,0.70
96,94,0.70
94,97,0.59
97,94,0.59
95,96,1.00
96,95,1.00
95,97,0.76
97,95,0.76
95,98,0.60
98,95,0.60
96,97,1.00
97,96,1.00
96,98,0.76
98,96,0.76
96,101,0.65
101,96,0.65
97,98,1.00
98,97,1.00
97,99,0.72
99,97,0.72
97,100,0.71
100,97,0.71
97,101,0.92
101,97,0.92
97,102,0.72
102,97,0.72
98,99,1.00
99,98,1.00
98,100,0.80
100,98,0.80
98,101,0.88
101,98,0.88
98,102,0.80
102,98,0.80
98,103,0.62
103,98,0.62
98,104,0.59
104,98,0.59
98,105,0.70
105,98,0.70
98,109,0.69
109,98,0.69
99,100,1.00
100,99,1.00
99,101,0.86
101,99,0.86
99,102,0.89
102,99,0.89
99,103,0.77
103,99,0.77
99,104,0.79
104,99,0.79
99,105,1.00
105,99,1.00
99,106,0.71
106,99,0.71
99,108,0.63
108,99,0.63
99,109,0.79
109,99,0.79
99,110,0.66
110,99,0.66
100,101,1.00
101,100,1.00
100,102,0.84
102,100,0.84
100,103,0.84
103,100,0.84
100,104,0.73
104,100,0.73
100,105,0.76
105,100,0.76
100,109,0.63
109,100,0.63
100,110,0.60
110,100,0.60
100,123,0.60
123,100,0.60
100,124,0.66
124,100,0.66
100,125,0.72
125,100,0.72
100,126,0.67
126,100,0.67
100,142,0.59
142,100,0.59
101,102,1.00
102,101,1.00
101,103,0.82
103,101,0.82
101,104,0.65
104,101,0.65
101,105,0.65
105,101,0.65
101,109,0.66
109,101,0.66
101,110,0.62
110,101,0.62
101,111,0.62
111,101,0.62
101,112,0.62
112,101,0.62
101,113,0.65
113,101,0.65
101,116,0.59
116,101,0.59
101,123,0.59
123,101,0.59
101,125,0.58
125,101,0.58
101,126,0.59
126,101,0.59
102,103,1.00
103,102,1.00
102,104,0.83
104,102,0.83
102,105,0.78
105,102,0.78
102,106,0.58
106,102,0.58
102,108,0.64
108,102,0.64
102,109,0.92
109,102,0.92
102,110,0.87
110,102,0.87
102,111,0.81
111,102,0.81
102,112,0.70
112,102,0.70
102,113,0.64
113,102,0.64
102,145,0.57
145,102,0.57
103,104,1.00
104,103,1.00
103,105,0.77
105,103,0.77
103,106,0.59
106,103,0.59
103,108,0.60
108,103,0.60
103,109,0.76
109,103,0.76
103,110,0.90
110,103,0.90
103,111,0.87
111,103,0.87
103,112,0.78
112,103,0.78
103,113,0.66
113,103,0.66
103,128,0.58
128,103,0.58
103,141,0.58
141,103,0.58
103,142,0.78
142,103,0.78
103,143,0.64
143,103,0.64
103,144,0.61
144,103,0.61
103,145,0.71
145,103,0.71
104,105,1.00
105,104,1.00
104,106,0.78
106,104,0.78
104,107,0.67
107,104,0.67
104,108,0.77
108,104,0.77
104,109,0.89
109,104,0.89
104,110,1.00
110,104,1.00
104,111,0.75
111,104,0.75
104,112,0.61
112,104,0.61
104,142,0.66
142,104,0.66
104,145,0.68
145,104,0.68
104,147,0.58
147,104,0.58
105,106,1.00
106,105,1.00
105,107,0.75
107,105,0.75
105,108,0.80
108,105,0.80
105,109,0.90
109,105,0.90
105,110,0.76
110,105,0.76
105,111,0.58
111,105,0.58
106,107,1.00
107,106,1.00
106,108,0.83
108,106,0.83
106,109,0.74
109,106,0.74
106,110,0.64
110,106,0.64
107,108,1.00
108,107,1.00
107,109,0.72
109,107,0.72
107,110,0.63
110,107,0.63
108,109,1.00
109,108,1.00
108,110,0.84
110,108,0.84
108,111,0.61
111,108,0.61
108,147,0.59
147,108,0.59
108,148,0.64
148,108,0.64
108,149,0.63
149,108,0.63
108,150,0.57
150,108,0.57
108,151,0.61
151,108,0.61
109,110,1.00
110,109,1.00
109,111,0.73
111,109,0.73
109,148,0.59
148,109,0.59
110,111,1.00
111,110,1.00
110,112,0.70
112,110,0.70
110,142,0.59
142,110,0.59
110,144,0.58
144,110,0.58
110,145,0.77
145,110,0.77
110,146,0.64
146,110,0.64
110,147,0.68
147,110,0.68
110,148,0.71
148,110,0.71
110,149,0.58
149,110,0.58
111,112,1.00
112,111,1.00
111,113,0.72
113,111,0.72
111,142,0.62
142,111,0.62
111,143,0.62
143,111,0.62
111,144,0.67
144,111,0.67
111,145,0.87
145,111,0.87
111,146,0.66
146,111,0.66
111,147,0.63
147,111,0.63
111,148,0.68
148,111,0.68
112,113,1.00
113,112,1.00
112,114,0.75
114,112,0.75
112,115,0.60
115,112,0.60
112,142,0.68
142,112,0.68
112,143,0.75
143,112,0.75
112,144,0.73
144,112,0.73
112,145,0.77
145,112,0.77
112,146,0.58
146,112,0.58
113,114,1.00
114,113,1.00
113,115,0.83
115,113,0.83
113,116,0.72
116,113,0.72
113,142,0.59
142,113,0.59
113,143,0.65
143,113,0.65
113,144,0.57
144,113,0.57
114,115,1.00
115,114,1.00
114,116,0.72
116,114,0.72
114,117,0.59
117,114,0.59
114,131,0.58
131,114,0.58
114,132,0.62
132,114,0.62
114,143,0.58
143,114,0.58
115,116,1.00
116,115,1.00
115,117,0.81
117,115,0.81
115,118,0.70
118,115,0.70
116,117,1.00
117,116,1.00
116,118,0.85
118,116,0.85
116,119,0.64
119,116,0.64
116,120,0.62
120,116,0.62
116,121,0.68
121,116,0.68
117,118,1.00
118,117,1.00
117,119,0.76
119,117,0.76
117,120,0.79
120,117,0.79
117,121,0.81
121,117,0.81
117,122,0.61
122,117,0.61
118,119,1.00
119,118,1.00
118,120,0.82
120,118,0.82
118,121,0.71
121,118,0.71
119,120,1.00
120,119,1.00
119,121,0.74
121,119,0.74
120,121,1.00
121,120,1.00
120,122,0.71
122,120,0.71
121,122,1.00
122,121,1.00
121,123,0.75
123,121,0.75
122,123,1.00
123,122,1.00
122,124,0.73
124,122,0.73
122,125,0.59
125,122,0.59
122,126,0.64
126,122,0.64
123,124,1.00
124,123,1.00
123,125,0.74
125,123,0.74
123,126,0.75
126,123,0.75
124,125,1.00
125,124,1.00
124,126,0.82
126,124,0.82
124,127,0.61
127,124,0.61
125,126,1.00
126,125,1.00
125,127,0.78
127,125,0.78
125,128,0.64
128,125,0.64
126,127,1.00
127,126,1.00
126,128,0.82
128,126,0.82
126,129,0.60
129,126,0.60
126,141,0.59
141,126,0.59
126,142,0.59
142,126,0.59
127,128,1.00
128,127,1.00
127,129,0.72
129,127,0.72
127,130,0.59
130,127,0.59
127,140,0.61
140,127,0.61
127,141,0.69
141,127,0.69
127,142,0.62
142,127,0.62
128,129,1.00
129,128,1.00
128,130,0.74
130,128,0.74
128,137,0.60
137,128,0.60
128,139,0.60
139,128,0.60
128,140,0.79
140,128,0.79
128,141,0.91
141,128,0.91
128,142,0.84
142,128,0.84
128,143,0.73
143,128,0.73
129,130,1.00
130,129,1.00
129,131,0.73
131,129,0.73
129,136,0.63
136,129,0.63
129,137,0.85
137,129,0.85
129,138,0.72
138,129,0.72
129,139,0.72
139,129,0.72
129,140,1.00
140,129,1.00
129,141,0.87
141,129,0.87
129,142,0.77
142,129,0.77
129,143,0.84
143,129,0.84
129,144,0.61
144,129,0.61
130,131,1.00
131,130,1.00
130,132,0.71
132,130,0.71
130,135,0.72
135,130,0.72
130,136,0.77
136,130,0.77
130,137,0.90
137,130,0.90
130,138,0.67
138,130,0.67
130,139,0.60
139,130,0.60
130,140,0.74
140,130,0.74
130,141,0.62
141,130,0.62
130,142,0.60
142,130,0.60
130,143,0.72
143,130,0.72
131,132,1.00
132,131,1.00
131,133,0.72
133,131,0.72
131,134,0.69
134,131,0.69
131,135,0.92
135,131,0.92
131,136,0.98
136,131,0.98
131,137,0.88
137,131,0.88
131,138,0.62
138,131,0.62
131,140,0.62
140,131,0.62
131,143,0.66
143,131,0.66
132,133,1.00
133,132,1.00
132,134,0.80
134,132,0.80
132,135,0.87
135,132,0.87
132,136,0.79
136,132,0.79
132,137,0.64
137,132,0.64
133,134,1.00
134,133,1.00
133,135,0.81
135,133,0.81
133,136,0.64
136,133,0.64
134,135,1.00
135,134,1.00
134,136,0.71
136,134,0.71
135,136,1.00
136,135,1.00
135,137,0.73
137,135,0.73
135,138,0.59
138,135,0.59
136,137,1.00
137,136,1.00
136,138,0.75
138,136,0.75
136,139,0.58
139,136,0.58
136,140,0.61
140,136,0.61
136,143,0.58
143,136,0.58
137,138,1.00
138,137,1.00
137,139,0.77
139,137,0.77
137,140,0.87
140,137,0.87
137,141,0.62
141,137,0.62
137,142,0.57
142,137,0.57
137,143,0.70
143,137,0.70
137,144,0.59
144,137,0.59
138,139,1.00
139,138,1.00
138,140,0.85
140,138,0.85
138,141,0.61
141,138,0.61
138,143,0.57
143,138,0.57
139,140,1.00
140,139,1.00
139,141,0.76
141,139,0.76
139,142,0.59
142,139,0.59
139,143,0.60
143,139,0.60
140,141,1.00
141,140,1.00
140,142,0.79
142,140,0.79
140,143,0.82
143,140,0.82
140,144,0.66
144,140,0.66
141,142,1.00
142,141,1.00
141,143,0.80
143,141,0.80
141,144,0.65
144,141,0.65
142,143,1.00
143,142,1.00
142,144,0.80
144,142,0.80
142,145,0.73
145,142,0.73
143,144,1.00
144,143,1.00
143,145,0.75
145,143,0.75
143,146,0.58
146,143,0.58
144,145,1.00
145,144,1.00
144,146,0.79
146,144,0.79
144,147,0.59
147,144,0.59
145,146,1.00
146,145,1.00
145,147,0.78
147,145,0.78
145,148,0.67
148,145,0.67
146,147,1.00
147,146,1.00
146,148,0.76
148,146,0.76
146,149,0.58
149,146,0.58
147,148,1.00
148,147,1.00
147,149,0.77
149,147,0.77
148,149,1.00
149,148,1.00
148,150,0.70
150,148,0.70
148,151,0.57
151,148,0.57
149,150,1.00
150,149,1.00
149,151,0.75
151,149,0.75
149,159,0.60
159,149,0.60
150,151,1.00
151,150,1.00
150,152,0.75
152,150,0.75
150,153,0.61
153,150,0.61
150,157,0.59
157,150,0.59
150,158,0.59
158,150,0.59
150,159,0.65
159,150,0.65
151,152,1.00
152,151,1.00
151,153,0.71
153,151,0.71
152,153,1.00
153,152,1.00
152,154,0.71
154,152,0.71
152,155,0.58
155,152,0.58
152,157,0.60
157,152,0.60
153,154,1.00
154,153,1.00
153,155,0.73
155,153,0.73
153,156,0.60
156,153,0.60
153,157,0.62
157,153,0.62
154,155,1.00
155,154,1.00
154,156,0.76
156,154,0.76
154,157,0.68
157,154,0.68
155,156,1.00
156,155,1.00
155,157,0.79
157,155,0.79
155,158,0.59
158,155,0.59
156,157,1.00
157,156,1.00
156,158,0.72
158,156,0.72
157,158,1.00
158,157,1.00
157,159,0.72
159,157,0.72
157,160,0.58
160,157,0.58
158,159,1.00
159,158,1.00
158,160,0.80
160,158,0.80
158,161,0.65
161,158,0.65
158,162,0.58
162,158,0.58
159,160,1.00
160,159,1.00
159,161,0.72
161,159,0.72
159,162,0.58
162,159,0.58
160,161,1.00
161,160,1.00
160,162,0.77
162,160,0.77
160,163,0.57
163,160,0.57
161,162,1.00
162,161,1.00
161,163,0.75
163,161,0.75
161,164,0.57
164,161,0.57
162,163,1.00
163,162,1.00
162,164,0.75
164,162,0.75
162,167,0.60
167,162,0.60
163,164,1.00
164,163,1.00
163,165,0.71
165,163,0.71
163,166,0.59
166,163,0.59
163,167,0.63
167,163,0.63
163,168,0.58
168,163,0.58
164,165,1.00
165,164,1.00
164,166,0.81
166,164,0.81
164,167,0.81
167,164,0.81
164,168,0.67
168,164,0.67
165,166,1.00
166,165,1.00
165,167,0.79
167,165,0.79
165,168,0.69
168,165,0.69
166,167,1.00
167,166,1.00
166,168,0.80
168,166,0.80
167,168,1.00
168,167,1.00
