1,2,1.00
2,1,1.00
1,3,0.79
3,1,0.79
1,4,0.58
4,1,0.58
2,3,1.00
3,2,1.00
2,4,0.70
4,2,0.70
3,4,1.00
4,3,1.00
3,5,0.72
5,3,0.72
3,6,0.57
6,3,0.57
4,5,1.00
5,4,1.00
4,6,0.80
6,4,0.80
4,7,0.68
7,4,0.68
4,12,0.61
12,4,0.61
4,13,0.60
13,4,0.60
5,6,1.00
6,5,1.00
5,7,0.73
7,5,0.73
5,11,0.61
11,5,0.61
5,12,0.66
12,5,0.66
6,7,1.00
7,6,1.00
6,8,0.73
8,6,0.73
6,9,0.57
9,6,0.57
6,10,0.59
10,6,0.59
6,11,0.70
11,6,0.70
6,12,0.66
12,6,0.66
6,13,0.59
13,6,0.59
7,8,1.00
8,7,1.00
7,9,0.79
9,7,0.79
7,10,0.79
10,7,0.79
7,11,0.85
11,7,0.85
7,12,0.72
12,7,0.72
7,13,0.70
13,7,0.70
7,14,0.67
14,7,0.67
8,9,1.00
9,8,1.00
8,10,0.80
10,8,0.80
8,11,0.73
11,8,0.73
8,12,0.58
12,8,0.58
8,13,0.59
13,8,0.59
8,14,0.63
14,8,0.63
9,10,1.00
10,9,1.00
9,11,0.74
11,9,0.74
9,12,0.58
12,9,0.58
9,13,0.63
13,9,0.63
9,14,0.77
14,9,0.77
9,15,0.68
15,9,0.68
10,11,1.00
11,10,1.00
10,12,0.77
12,10,0.77
10,13,0.83
13,10,0.83
10,14,0.92
14,10,0.92
10,15,0.79
15,10,0.79
11,12,1.00
12,11,1.00
11,13,0.82
13,11,0.82
11,14,0.72
14,11,0.72
11,15,0.60
15,11,0.60
12,13,1.00
13,12,1.00
12,14,0.71
14,12,0.71
12,15,0.57
15,12,0.57
13,14,1.00
14,13,1.00
13,15,0.73
15,13,0.73
13,16,0.58
16,13,0.58
14,15,1.00
15,14,1.00
14,16,0.73
16,14,0.73
15,16,1.00
16,15,1.00
15,17,0.75
17,15,0.75
16,17,1.00
17,16,1.00
16,18,0.75
18,16,0.75
17,18,1.00
18,17,1.00
17,19,0.74
19,17,0.74
17,24,0.58
24,17,0.58
18,19,1.00
19,18,1.00
18,20,0.71
20,18,0.71
18,21,0.59
21,18,0.59
18,22,0.60
22,18,0.60
19,20,1.00
20,19,1.00
19,21,0.76
21,19,0.76
19,22,0.72
22,19,0.72
19,23,0.59
23,19,0.59
20,21,1.00
21,20,1.00
20,22,0.76
22,20,0.76
20,23,0.59
23,20,0.59
20,43,0.60
43,20,0.60
21,22,1.00
22,21,1.00
21,23,0.72
23,21,0.72
21,42,0.62
42,21,0.62
21,43,0.83
43,21,0.83
21,44,0.75
44,21,0.75
22,23,1.00
23,22,1.00
22,24,0.73
24,22,0.73
22,41,0.68
41,22,0.68
22,42,0.77
42,22,0.77
22,43,0.94
43,22,0.94
22,44,0.75
44,22,0.75
23,24,1.00
24,23,1.00
23,25,0.72
25,23,0.72
23,40,0.63
40,23,0.63
23,41,0.90
41,23,0.90
23,42,0.89
42,23,0.89
23,43,0.86
43,23,0.86
23,44,0.77
44,23,0.77
23,45,0.64
45,23,0.64
24,25,1.00
25,24,1.00
24,26,0.73
26,24,0.73
24,40,0.72
40,24,0.72
24,41,0.96
41,24,0.96
24,42,0.72
42,24,0.72
24,43,0.63
43,24,0.63
25,26,1.00
26,25,1.00
25,27,0.74
27,25,0.74
25,40,0.96
40,25,0.96
25,41,0.99
41,25,0.99
25,42,0.67
42,25,0.67
26,27,1.00
27,26,1.00
26,40,0.76
40,26,0.76
26,41,0.68
41,26,0.68
27,40,0.63
40,27,0.63
28,29,1.00
29,28,1.00
28,30,0.78
30,28,0.78
28,31,0.63
31,28,0.63
28,32,0.60
32,28,0.60
28,33,0.71
33,28,0.71
28,34,0.77
34,28,0.77
28,35,0.60
35,28,0.60
28,36,0.58
36,28,0.58
28,37,0.73
37,28,0.73
28,38,0.72
38,28,0.72
28,39,0.78
39,28,0.78
29,30,1.00
30,29,1.00
29,31,0.83
31,29,0.83
29,32,0.79
32,29,0.79
29,33,1.00
33,29,1.00
29,34,0.92
34,29,0.92
29,35,0.64
35,29,0.64
29,36,0.57
36,29,0.57
29,37,0.65
37,29,0.65
29,38,0.59
38,29,0.59
29,39,0.58
39,29,0.58
30,31,1.00
31,30,1.00
30,32,0.75
32,30,0.75
30,33,0.80
33,30,0.80
30,34,0.65
34,30,0.65
31,32,1.00
32,31,1.00
31,33,0.83
33,31,0.83
31,34,0.61
34,31,0.61
32,33,1.00
33,32,1.00
32,34,0.70
34,32,0.70
33,34,1.00
34,33,1.00
33,35,0.71
35,33,0.71
33,36,0.57
36,33,0.57
33,37,0.59
37,33,0.59
34,35,1.00
35,34,1.00
34,36,0.78
36,34,0.78
34,37,0.79
37,34,0.79
34,38,0.61
38,34,0.61
35,36,1.00
36,35,1.00
35,37,0.82
37,35,0.82
35,38,0.59
38,35,0.59
36,37,1.00
37,36,1.00
36,38,0.72
38,36,0.72
36,39,0.57
39,36,0.57
37,38,1.00
38,37,1.00
37,39,0.79
39,37,0.79
38,39,1.00
39,38,1.00
40,41,1.00
41,40,1.00
40,42,0.74
42,40,0.74
41,42,1.00
42,41,1.00
41,43,0.71
43,41,0.71
41,44,0.62
44,41,0.62
42,43,1.00
43,42,1.00
42,44,0.79
44,42,0.79
42,45,0.67
45,42,0.67
42,105,0.58
105,42,0.58
43,44,1.00
44,43,1.00
43,45,0.71
45,43,0.71
43,46,0.58
46,43,0.58
44,45,1.00
45,44,1.00
44,46,0.78
46,44,0.78
45,46,1.00
46,45,1.00
47,48,1.00
48,47,1.00
47,49,0.74
49,47,0.74
47,85,0.62
85,47,0.62
47,86,0.71
86,47,0.71
47,87,0.62
87,47,0.62
47,88,0.59
88,47,0.59
47,89,0.66
89,47,0.66
48,49,1.00
49,48,1.00
48,50,0.72
50,48,0.72
48,51,0.58
51,48,0.58
48,85,0.62
85,48,0.62
48,86,0.67
86,48,0.67
48,87,0.63
87,48,0.63
48,89,0.63
89,48,0.63
49,50,1.00
50,49,1.00
49,51,0.71
51,49,0.71
49,52,0.64
52,49,0.64
49,66,0.66
66,49,0.66
50,51,1.00
51,50,1.00
50,52,0.78
52,50,0.78
50,53,0.60
53,50,0.60
50,65,0.66
65,50,0.66
50,66,0.72
66,50,0.72
50,72,0.60
72,50,0.60
51,52,1.00
52,51,1.00
51,53,0.82
53,51,0.82
51,54,0.68
54,51,0.68
51,55,0.67
55,51,0.67
51,65,0.61
65,51,0.61
51,66,0.59
66,51,0.59
51,72,0.79
72,51,0.79
51,73,0.67
73,51,0.67
52,53,1.00
53,52,1.00
52,54,0.77
54,52,0.77
52,55,0.68
55,52,0.68
52,72,0.70
72,52,0.70
52,73,0.63
73,52,0.63
53,54,1.00
54,53,1.00
53,55,0.75
55,53,0.75
53,72,0.81
72,53,0.81
53,73,0.84
73,53,0.84
53,74,0.61
74,53,0.61
54,55,1.00
55,54,1.00
54,56,0.74
56,54,0.74
54,72,0.90
72,54,0.90
54,73,0.85
73,54,0.85
54,74,0.62
74,54,0.62
55,56,1.00
56,55,1.00
55,57,0.74
57,55,0.74
55,65,0.62
65,55,0.62
55,72,0.98
72,55,0.98
55,73,0.74
73,55,0.74
55,74,0.58
74,55,0.58
56,57,1.00
57,56,1.00
56,58,0.76
58,56,0.76
56,59,0.76
59,56,0.76
56,72,0.77
72,56,0.77
56,73,0.63
73,56,0.63
57,58,1.00
58,57,1.00
57,59,0.80
59,57,0.80
57,65,0.60
65,57,0.60
57,72,0.61
72,57,0.61
58,59,1.00
59,58,1.00
60,61,1.00
61,60,1.00
60,62,0.77
62,60,0.77
60,63,0.70
63,60,0.70
61,62,1.00
62,61,1.00
61,63,0.74
63,61,0.74
61,70,0.59
70,61,0.59
61,71,0.72
71,61,0.72
62,63,1.00
63,62,1.00
62,64,0.71
64,62,0.71
62,69,0.69
69,62,0.69
62,70,0.81
70,62,0.81
62,71,0.96
71,62,0.96
63,64,1.00
64,63,1.00
63,68,0.63
68,63,0.63
63,69,0.82
69,63,0.82
63,70,0.81
70,63,0.81
63,71,0.74
71,63,0.74
64,67,0.68
67,64,0.68
64,68,0.80
68,64,0.80
64,69,0.93
69,64,0.93
64,70,0.80
70,64,0.80
64,71,0.63
71,64,0.63
65,66,1.00
66,65,1.00
67,68,1.00
68,67,1.00
67,69,0.73
69,67,0.73
67,70,0.64
70,67,0.64
68,69,1.00
69,68,1.00
68,70,0.75
70,68,0.75
69,70,1.00
70,69,1.00
69,71,0.72
71,69,0.72
70,71,1.00
71,70,1.00
71,78,0.58
78,71,0.58
72,73,1.00
73,72,1.00
72,74,0.74
74,72,0.74
73,74,1.00
74,73,1.00
73,75,0.73
75,73,0.73
74,75,1.00
75,74,1.00
76,77,1.00
77,76,1.00
76,78,0.72
78,76,0.72
76,79,0.61
79,76,0.61
77,78,1.00
78,77,1.00
77,79,0.77
79,77,0.77
77,80,0.60
80,77,0.60
78,79,1.00
79,78,1.00
78,80,0.81
80,78,0.81
78,81,0.59
81,78,0.59
79,80,1.00
80,79,1.00
79,81,0.72
81,79,0.72
80,81,1.00
81,80,1.00
80,82,0.73
82,80,0.73
81,82,1.00
82,81,1.00
81,83,0.76
83,81,0.76
81,84,0.59
84,81,0.59
82,83,1.00
83,82,1.00
82,84,0.79
84,82,0.79
83,84,1.00
84,83,1.00
83,105,0.58
105,83,0.58
84,104,0.58
104,84,0.58
84,105,0.77
105,84,0.77
85,86,1.00
86,85,1.00
85,87,0.74
87,85,0.74
85,88,0.58
88,85,0.58
85,106,0.66
106,85,0.66
85,107,0.60
107,85,0.60
85,129,0.66
129,85,0.66
85,130,0.83
130,85,0.83
85,131,1.00
131,85,1.00
85,132,0.80
132,85,0.80
85,133,0.61
133,85,0.61
86,87,1.00
87,86,1.00
86,88,0.78
88,86,0.78
86,89,0.67
89,86,0.67
86,106,0.62
106,86,0.62
86,107,0.60
107,86,0.60
86,129,0.60
129,86,0.60
86,130,0.65
130,86,0.65
86,131,0.81
131,86,0.81
86,132,0.85
132,86,0.85
86,133,0.64
133,86,0.64
86,134,0.59
134,86,0.59
87,88,1.00
88,87,1.00
87,89,0.81
89,87,0.81
87,90,0.60
90,87,0.60
87,95,0.58
95,87,0.58
87,131,0.72
131,87,0.72
87,132,0.93
132,87,0.93
87,133,0.78
133,87,0.78
87,134,0.80
134,87,0.80
87,135,0.60
135,87,0.60
88,89,1.00
89,88,1.00
88,90,0.72
90,88,0.72
88,91,0.71
91,88,0.71
88,94,0.61
94,88,0.61
88,95,0.75
95,88,0.75
88,96,0.69
96,88,0.69
88,97,0.63
97,88,0.63
88,132,0.70
132,88,0.70
88,133,0.61
133,88,0.61
88,134,0.68
134,88,0.68
89,90,1.00
90,89,1.00
89,91,0.84
91,89,0.84
89,92,0.63
92,89,0.63
89,93,0.58
93,89,0.58
89,94,0.58
94,89,0.58
89,95,0.68
95,89,0.68
89,134,0.60
134,89,0.60
90,91,1.00
91,90,1.00
90,92,0.82
92,90,0.82
90,93,0.68
93,90,0.68
90,94,0.61
94,90,0.61
90,95,0.67
95,90,0.67
91,92,1.00
92,91,1.00
91,93,0.80
93,91,0.80
91,94,0.71
94,91,0.71
91,95,0.86
95,91,0.86
91,96,0.64
96,91,0.64
92,93,1.00
93,92,1.00
92,94,0.72
94,92,0.72
92,95,0.72
95,92,0.72
93,94,1.00
94,93,1.00
93,95,0.81
95,93,0.81
93,96,0.60
96,93,0.60
93,136,0.64
136,93,0.64
94,95,1.00
95,94,1.00
94,96,0.75
96,94,0.75
94,112,0.61
112,94,0.61
94,134,0.59
134,94,0.59
94,135,0.65
135,94,0.65
94,136,0.75
136,94,0.75
94,137,0.62
137,94,0.62
95,96,1.00
96,95,1.00
95,97,0.71
97,95,0.71
95,135,0.57
135,95,0.57
95,136,0.59
136,95,0.59
96,97,1.00
97,96,1.00
96,98,0.75
98,96,0.75
97,98,1.00
98,97,1.00
97,99,0.72
99,97,0.72
98,99,1.00
99,98,1.00
98,100,0.74
100,98,0.74
98,107,0.57
107,98,0.57
98,168,0.59
168,98,0.59
99,100,1.00
100,99,1.00
99,101,0.74
101,99,0.74
99,102,0.65
102,99,0.65
99,106,0.60
106,99,0.60
99,107,0.69
107,99,0.69
99,108,0.58
108,99,0.58
100,101,1.00
101,100,1.00
100,102,0.80
102,100,0.80
100,106,0.68
106,100,0.68
100,107,0.85
107,100,0.85
100,108,0.73
108,100,0.73
100,109,0.58
109,100,0.58
100,126,0.60
126,100,0.60
100,127,0.77
127,100,0.77
100,128,0.64
128,100,0.64
100,129,0.63
129,100,0.63
101,102,1.00
102,101,1.00
101,106,0.61
106,101,0.61
101,107,0.68
107,101,0.68
101,108,0.63
108,101,0.63
101,126,0.59
126,101,0.59
101,127,0.78
127,101,0.78
101,128,0.64
128,101,0.64
102,106,0.70
106,102,0.70
102,107,0.68
107,102,0.68
102,108,0.57
108,102,0.57
102,127,0.67
127,102,0.67
102,128,0.63
128,102,0.63
102,129,0.58
129,102,0.58
103,104,1.00
104,103,1.00
103,105,0.71
105,103,0.71
104,105,1.00
105,104,1.00
106,107,1.00
107,106,1.00
106,108,0.71
108,106,0.71
106,127,0.63
127,106,0.63
106,128,0.75
128,106,0.75
106,129,0.94
129,106,0.94
106,130,0.79
130,106,0.79
106,131,0.65
131,106,0.65
106,132,0.62
132,106,0.62
107,108,1.00
108,107,1.00
107,109,0.71
109,107,0.71
107,110,0.60
110,107,0.60
107,126,0.63
126,107,0.63
107,127,0.80
127,107,0.80
107,128,0.87
128,107,0.87
107,129,1.00
129,107,1.00
107,130,0.74
130,107,0.74
107,131,0.66
131,107,0.66
107,132,0.70
132,107,0.70
108,109,1.00
109,108,1.00
108,110,0.76
110,108,0.76
108,111,0.60
111,108,0.60
108,125,0.63
125,108,0.63
108,126,0.86
126,108,0.86
108,127,0.98
127,108,0.98
108,128,0.98
128,108,0.98
108,129,0.97
129,108,0.97
108,130,0.68
130,108,0.68
108,131,0.63
131,108,0.63
108,132,0.68
132,108,0.68
108,133,0.59
133,108,0.59
109,110,1.00
110,109,1.00
109,111,0.80
111,109,0.80
109,112,0.58
112,109,0.58
109,124,0.60
124,109,0.60
109,125,0.64
125,109,0.64
109,126,0.85
126,109,0.85
109,127,0.75
127,109,0.75
109,128,0.71
128,109,0.71
109,129,0.72
129,109,0.72
109,130,0.58
130,109,0.58
109,131,0.59
131,109,0.59
109,132,0.68
132,109,0.68
109,133,0.66
133,109,0.66
110,111,1.00
111,110,1.00
110,112,0.75
112,110,0.75
110,113,0.69
113,110,0.69
110,123,0.62
123,110,0.62
110,124,0.65
124,110,0.65
110,125,0.65
125,110,0.65
110,126,0.72
126,110,0.72
110,127,0.63
127,110,0.63
110,132,0.58
132,110,0.58
110,133,0.59
133,110,0.59
110,166,0.61
166,110,0.61
111,112,1.00
112,111,1.00
111,113,0.77
113,111,0.77
111,132,0.58
132,111,0.58
111,133,0.66
133,111,0.66
111,134,0.65
134,111,0.65
111,135,0.74
135,111,0.74
111,136,0.58
136,111,0.58
112,113,1.00
113,112,1.00
112,114,0.71
114,112,0.71
112,115,0.58
115,112,0.58
112,134,0.61
134,112,0.61
112,135,0.79
135,112,0.79
112,136,0.67
136,112,0.67
112,137,0.60
137,112,0.60
113,114,1.00
114,113,1.00
113,115,0.82
115,113,0.82
113,116,0.62
116,113,0.62
113,135,0.58
135,113,0.58
113,164,0.63
164,113,0.63
113,165,0.62
165,113,0.62
113,166,0.63
166,113,0.63
114,115,1.00
115,114,1.00
114,116,0.76
116,114,0.76
114,117,0.58
117,114,0.58
114,164,0.61
164,114,0.61
114,165,0.60
165,114,0.60
114,166,0.59
166,114,0.59
115,116,1.00
116,115,1.00
115,117,0.78
117,115,0.78
115,118,0.75
118,115,0.75
115,119,0.69
119,115,0.69
115,120,0.62
120,115,0.62
115,123,0.57
123,115,0.57
115,164,0.71
164,115,0.71
115,165,0.78
165,115,0.78
115,166,0.76
166,115,0.76
115,167,0.61
167,115,0.61
116,117,1.00
117,116,1.00
116,118,0.77
118,116,0.77
116,119,0.69
119,116,0.69
116,165,0.64
165,116,0.64
116,166,0.68
166,116,0.68
116,167,0.63
167,116,0.63
116,168,0.64
168,116,0.64
117,118,1.00
118,117,1.00
117,119,0.80
119,117,0.80
117,120,0.62
120,117,0.62
117,165,0.67
165,117,0.67
117,166,0.76
166,117,0.76
117,167,0.79
167,117,0.79
117,168,0.83
168,117,0.83
118,119,1.00
119,118,1.00
118,120,0.83
120,118,0.83
118,121,0.68
121,118,0.68
118,122,0.61
122,118,0.61
118,123,0.64
123,118,0.64
118,164,0.64
164,118,0.64
118,165,0.90
165,118,0.90
118,166,0.96
166,118,0.96
118,167,0.88
167,118,0.88
118,168,0.75
168,118,0.75
119,120,1.00
120,119,1.00
119,121,0.71
121,119,0.71
119,122,0.60
122,119,0.60
119,164,0.67
164,119,0.67
119,165,0.82
165,119,0.82
119,166,0.71
166,119,0.71
119,167,0.63
167,119,0.63
120,121,1.00
121,120,1.00
120,122,0.79
122,120,0.79
120,123,0.66
123,120,0.66
120,163,0.71
163,120,0.71
120,164,0.82
164,120,0.82
120,165,0.97
165,120,0.97
120,166,0.71
166,120,0.71
120,167,0.59
167,120,0.59
121,122,1.00
122,121,1.00
121,123,0.79
123,121,0.79
121,124,0.61
124,121,0.61
121,163,0.73
163,121,0.73
121,164,0.77
164,121,0.77
121,165,0.88
165,121,0.88
121,166,0.69
166,121,0.69
121,167,0.57
167,121,0.57
122,123,1.00
123,122,1.00
122,124,0.73
124,122,0.73
122,162,0.64
162,122,0.64
122,163,0.90
163,122,0.90
122,164,0.96
164,122,0.96
122,165,0.92
165,122,0.92
122,166,0.71
166,122,0.71
123,124,1.00
124,123,1.00
123,125,0.74
125,123,0.74
123,126,0.59
126,123,0.59
123,163,0.65
163,123,0.65
123,164,0.77
164,123,0.77
123,165,0.90
165,123,0.90
123,166,0.88
166,123,0.88
123,167,0.67
167,123,0.67
124,125,1.00
125,124,1.00
124,126,0.76
126,124,0.76
124,127,0.58
127,124,0.58
124,165,0.63
165,124,0.63
124,166,0.67
166,124,0.67
124,167,0.58
167,124,0.58
125,126,1.00
126,125,1.00
125,127,0.78
127,125,0.78
125,128,0.59
128,125,0.59
125,166,0.61
166,125,0.61
125,167,0.60
167,125,0.60
126,127,1.00
127,126,1.00
126,128,0.79
128,126,0.79
126,129,0.63
129,126,0.63
127,128,1.00
128,127,1.00
127,129,0.75
129,127,0.75
128,129,1.00
129,128,1.00
128,130,0.73
130,128,0.73
128,131,0.59
131,128,0.59
129,130,1.00
130,129,1.00
129,131,0.79
131,129,0.79
129,132,0.73
132,129,0.73
129,133,0.58
133,129,0.58
130,131,1.00
131,130,1.00
130,132,0.74
132,130,0.74
130,133,0.59
133,130,0.59
131,132,1.00
132,131,1.00
131,133,0.78
133,131,0.78
131,134,0.60
134,131,0.60
132,133,1.00
133,132,1.00
132,134,0.77
134,132,0.77
132,135,0.59
135,132,0.59
133,134,1.00
134,133,1.00
133,135,0.75
135,133,0.75
134,135,1.00
135,134,1.00
134,136,0.76
136,134,0.76
135,136,1.00
136,135,1.00
135,137,0.73
137,135,0.73
135,138,0.60
138,135,0.60
136,137,1.00
137,136,1.00
136,138,0.77
138,136,0.77
136,139,0.60
139,136,0.60
137,138,1.00
138,137,1.00
137,139,0.76
139,137,0.76
137,140,0.64
140,137,0.64
137,141,0.59
141,137,0.59
137,142,0.59
142,137,0.59
138,139,1.00
139,138,1.00
138,140,0.71
140,138,0.71
138,141,0.60
141,138,0.60
139,140,1.00
140,139,1.00
139,141,0.74
141,139,0.74
139,142,0.60
142,139,0.60
140,141,1.00
141,140,1.00
140,142,0.72
142,140,0.72
141,142,1.00
142,141,1.00
141,143,0.76
143,141,0.76
141,144,0.62
144,141,0.62
142,143,1.00
143,142,1.00
142,144,0.76
144,142,0.76
142,145,0.60
145,142,0.60
143,144,1.00
144,143,1.00
143,145,0.75
145,143,0.75
143,146,0.57
146,143,0.57
143,157,0.60
157,143,0.60
143,158,0.66
158,143,0.66
143,159,0.60
159,143,0.60
144,145,1.00
145,144,1.00
144,146,0.75
146,144,0.75
144,157,0.67
157,144,0.67
144,158,0.67
158,144,0.67
144,159,0.61
159,144,0.61
145,146,1.00
146,145,1.00
145,147,0.72
147,145,0.72
145,148,0.61
148,145,0.61
145,149,0.58
149,145,0.58
145,157,0.69
157,145,0.69
145,158,0.71
158,145,0.71
145,159,0.71
159,145,0.71
145,160,0.58
160,145,0.58
146,147,1.00
147,146,1.00
146,148,0.84
148,146,0.84
146,149,0.70
149,146,0.70
146,150,0.59
150,146,0.59
146,156,0.59
156,146,0.59
146,157,0.74
157,146,0.74
146,158,0.67
158,146,0.67
146,159,0.65
159,146,0.65
147,148,1.00
148,147,1.00
147,149,0.77
149,147,0.77
147,150,0.58
150,147,0.58
147,157,0.62
157,147,0.62
147,158,0.58
158,147,0.58
147,159,0.59
159,147,0.59
148,149,1.00
149,148,1.00
148,150,0.74
150,148,0.74
148,151,0.61
151,148,0.61
148,156,0.61
156,148,0.61
148,157,0.72
157,148,0.72
148,158,0.61
158,148,0.61
148,159,0.58
159,148,0.58
149,150,1.00
150,149,1.00
149,151,0.78
151,149,0.78
149,156,0.64
156,149,0.64
149,157,0.80
157,149,0.80
149,158,0.73
158,149,0.73
149,159,0.69
159,149,0.69
150,151,1.00
151,150,1.00
150,152,0.74
152,150,0.74
150,153,0.65
153,150,0.65
150,154,0.68
154,150,0.68
150,155,0.74
155,150,0.74
150,156,0.79
156,150,0.79
150,157,0.90
157,150,0.90
150,158,0.78
158,150,0.78
150,159,0.64
159,150,0.64
151,152,1.00
152,151,1.00
151,153,0.74
153,151,0.74
151,154,0.66
154,151,0.66
151,155,0.62
155,151,0.62
151,156,0.61
156,151,0.61
151,157,0.63
157,151,0.63
151,158,0.58
158,151,0.58
152,153,1.00
153,152,1.00
152,154,0.74
154,152,0.74
152,155,0.62
155,152,0.62
153,154,1.00
154,153,1.00
153,155,0.73
155,153,0.73
153,156,0.60
156,153,0.60
154,155,1.00
155,154,1.00
154,156,0.78
156,154,0.78
154,157,0.63
157,154,0.63
155,156,1.00
156,155,1.00
155,157,0.81
157,155,0.81
155,158,0.69
158,155,0.69
156,157,1.00
157,156,1.00
156,158,0.71
158,156,0.71
157,158,1.00
158,157,1.00
157,159,0.71
159,157,0.71
158,159,1.00
159,158,1.00
158,160,0.72
160,158,0.72
159,160,1.00
160,159,1.00
159,161,0.71
161,159,0.71
159,162,0.57
162,159,0.57
160,161,1.00
161,160,1.00
160,162,0.78
162,160,0.78
160,163,0.57
163,160,0.57
161,162,1.00
162,161,1.00
161,163,0.73
163,161,0.73
162,163,1.00
163,162,1.00
162,164,0.75
164,162,0.75
163,164,1.00
164,163,1.00
163,165,0.72
165,163,0.72
164,165,1.00
165,164,1.00
164,166,0.71
166,164,0.71
165,166,1.00
166,165,1.00
165,167,0.71
167,165,0.71
166,167,1.00
167,166,1.00
166,168,0.71
168,166,0.71
167,168,1.00
168,167,1.00
