1,2,1.00
2,1,1.00
1,3,0.80
3,1,0.80
1,4,0.63
4,1,0.63
1,19,0.59
19,1,0.59
1,47,0.58
47,1,0.58
1,48,0.64
48,1,0.64
1,49,0.81
49,1,0.81
1,50,0.80
50,1,0.80
1,51,0.73
51,1,0.73
1,52,0.68
52,1,0.68
1,53,0.60
53,1,0.60
1,54,0.64
54,1,0.64
1,62,0.66
62,1,0.66
1,63,0.66
63,1,0.66
1,64,0.71
64,1,0.71
1,67,0.69
67,1,0.69
1,68,0.91
68,1,0.91
1,69,0.70
69,1,0.70
1,72,0.59
72,1,0.59
2,3,1.00
3,2,1.00
2,4,0.86
4,2,0.86
2,5,0.64
5,2,0.64
2,19,0.67
19,2,0.67
2,20,0.65
20,2,0.65
2,46,0.62
46,2,0.62
2,47,0.78
47,2,0.78
2,48,0.79
48,2,0.79
2,49,0.89
49,2,0.89
2,50,0.93
50,2,0.93
2,51,0.69
51,2,0.69
2,52,0.58
52,2,0.58
2,54,0.58
54,2,0.58
2,68,0.66
68,2,0.66
3,4,1.00
4,3,1.00
3,5,0.80
5,3,0.80
3,6,0.67
6,3,0.67
3,7,0.61
7,3,0.61
3,16,0.57
16,3,0.57
3,19,0.64
19,3,0.64
3,20,0.64
20,3,0.64
3,46,0.58
46,3,0.58
3,47,0.69
47,3,0.69
3,48,0.63
48,3,0.63
3,49,0.69
49,3,0.69
3,50,0.88
50,3,0.88
3,51,0.71
51,3,0.71
3,52,0.59
52,3,0.59
3,68,0.58
68,3,0.58
4,5,1.00
5,4,1.00
4,6,0.71
6,4,0.71
4,7,0.61
7,4,0.61
4,19,0.59
19,4,0.59
4,20,0.68
20,4,0.68
4,45,0.61
45,4,0.61
4,46,0.77
46,4,0.77
4,47,0.82
47,4,0.82
4,48,0.64
48,4,0.64
4,49,0.62
49,4,0.62
4,50,0.70
50,4,0.70
5,6,1.00
6,5,1.00
5,7,0.80
7,5,0.80
5,8,0.58
8,5,0.58
5,16,0.59
16,5,0.59
5,20,0.70
20,5,0.70
5,45,0.64
45,5,0.64
5,46,0.69
46,5,0.69
5,47,0.69
47,5,0.69
5,50,0.63
50,5,0.63
6,7,1.00
7,6,1.00
6,8,0.71
8,6,0.71
6,9,0.61
9,6,0.61
6,16,0.64
16,6,0.64
6,17,0.58
17,6,0.58
6,20,0.62
20,6,0.62
7,8,1.00
8,7,1.00
7,9,0.80
9,7,0.80
7,10,0.59
10,7,0.59
7,14,0.61
14,7,0.61
7,15,0.64
15,7,0.64
7,16,0.87
16,7,0.87
7,17,0.78
17,7,0.78
7,18,0.60
18,7,0.60
7,19,0.62
19,7,0.62
7,20,0.74
20,7,0.74
7,23,0.58
23,7,0.58
7,50,0.61
50,7,0.61
8,9,1.00
9,8,1.00
8,10,0.73
10,8,0.73
8,13,0.64
13,8,0.64
8,14,0.81
14,8,0.81
8,15,0.75
15,8,0.75
8,16,0.88
16,8,0.88
8,17,0.79
17,8,0.79
8,18,0.59
18,8,0.59
8,20,0.62
20,8,0.62
8,23,0.62
23,8,0.62
9,10,1.00
10,9,1.00
9,11,0.73
11,9,0.73
9,12,0.63
12,9,0.63
9,13,0.74
13,9,0.74
9,14,0.97
14,9,0.97
9,15,0.96
15,9,0.96
9,16,0.98
16,9,0.98
9,17,0.72
17,9,0.72
9,18,0.61
18,9,0.61
9,19,0.57
19,9,0.57
10,11,1.00
11,10,1.00
10,12,0.78
12,10,0.78
10,13,0.86
13,10,0.86
10,14,0.88
14,10,0.88
10,15,0.79
15,10,0.79
10,16,0.69
16,10,0.69
11,12,1.00
12,11,1.00
11,13,0.84
13,11,0.84
11,14,0.76
14,11,0.76
11,15,0.71
15,11,0.71
11,16,0.58
16,11,0.58
12,13,1.00
13,12,1.00
12,14,0.78
14,12,0.78
12,15,0.66
15,12,0.66
13,14,1.00
14,13,1.00
13,15,0.71
15,13,0.71
13,16,0.57
16,13,0.57
14,15,1.00
15,14,1.00
14,16,0.78
16,14,0.78
14,17,0.71
17,14,0.71
14,18,0.62
18,14,0.62
14,24,0.58
24,14,0.58
15,16,1.00
16,15,1.00
15,17,0.82
17,15,0.82
15,18,0.80
18,15,0.80
15,19,0.66
19,15,0.66
15,20,0.60
20,15,0.60
15,22,0.58
22,15,0.58
15,51,0.60
51,15,0.60
16,17,1.00
17,16,1.00
16,18,0.85
18,16,0.85
16,19,0.81
19,16,0.81
16,20,0.78
20,16,0.78
16,21,0.62
21,16,0.62
16,22,0.63
22,16,0.63
16,23,0.59
23,16,0.59
16,50,0.71
50,16,0.71
16,51,0.69
51,16,0.69
17,18,1.00
18,17,1.00
17,19,0.83
19,17,0.83
17,20,0.92
20,17,0.92
17,21,0.82
21,17,0.82
17,22,0.91
22,17,0.91
17,23,0.81
23,17,0.81
17,24,0.64
24,17,0.64
17,47,0.60
47,17,0.60
17,48,0.58
48,17,0.58
17,50,0.63
50,17,0.63
18,19,1.00
19,18,1.00
18,20,0.84
20,18,0.84
18,21,0.83
21,18,0.83
18,22,0.82
22,18,0.82
18,23,0.65
23,18,0.65
18,47,0.59
47,18,0.59
18,48,0.64
48,18,0.64
18,49,0.65
49,18,0.65
18,50,0.68
50,18,0.68
18,51,0.62
51,18,0.62
18,54,0.60
54,18,0.60
19,20,1.00
20,19,1.00
19,21,0.83
21,19,0.83
19,22,0.68
22,19,0.68
19,47,0.75
47,19,0.75
19,48,0.85
48,19,0.85
19,49,0.90
49,19,0.90
19,50,0.98
50,19,0.98
19,51,0.77
51,19,0.77
19,54,0.69
54,19,0.69
19,55,0.59
55,19,0.59
20,21,1.00
21,20,1.00
20,22,0.79
22,20,0.79
20,23,0.64
23,20,0.64
20,45,0.68
45,20,0.68
20,46,0.70
46,20,0.70
20,47,0.91
47,20,0.91
20,48,0.81
48,20,0.81
20,49,0.72
49,20,0.72
20,50,0.79
50,20,0.79
20,51,0.61
51,20,0.61
21,22,1.00
22,21,1.00
21,23,0.71
23,21,0.71
21,43,0.63
43,21,0.63
21,44,0.61
44,21,0.61
21,45,0.68
45,21,0.68
21,46,0.66
46,21,0.66
21,47,0.80
47,21,0.80
21,48,0.79
48,21,0.79
21,49,0.64
49,21,0.64
21,50,0.62
50,21,0.62
22,23,1.00
23,22,1.00
22,24,0.73
24,22,0.73
22,25,0.57
25,22,0.57
22,41,0.61
41,22,0.61
22,42,0.67
42,22,0.67
22,43,0.67
43,22,0.67
22,44,0.58
44,22,0.58
22,45,0.59
45,22,0.59
22,47,0.59
47,22,0.59
22,48,0.58
48,22,0.58
23,24,1.00
24,23,1.00
23,25,0.75
25,23,0.75
23,26,0.63
26,23,0.63
23,40,0.58
40,23,0.58
23,41,0.80
41,23,0.80
23,42,0.78
42,23,0.78
23,43,0.71
43,23,0.71
24,25,1.00
25,24,1.00
24,26,0.75
26,24,0.75
24,27,0.57
27,24,0.57
24,40,0.61
40,24,0.61
24,41,0.81
41,24,0.81
24,42,0.67
42,24,0.67
25,26,1.00
26,25,1.00
25,27,0.75
27,25,0.75
25,28,0.58
28,25,0.58
25,39,0.67
39,25,0.67
25,40,0.80
40,25,0.80
25,41,0.99
41,25,0.99
25,42,0.69
42,25,0.69
26,27,1.00
27,26,1.00
26,28,0.71
28,26,0.71
26,39,0.63
39,26,0.63
26,40,0.84
40,26,0.84
26,41,0.89
41,26,0.89
26,42,0.63
42,26,0.63
27,28,1.00
28,27,1.00
27,29,0.78
29,27,0.78
27,30,0.74
30,27,0.74
27,39,0.60
39,27,0.60
27,40,0.72
40,27,0.72
27,41,0.65
41,27,0.65
28,29,1.00
29,28,1.00
28,30,0.76
30,28,0.76
29,30,1.00
30,29,1.00
29,31,0.73
31,29,0.73
29,32,0.64
32,29,0.64
30,31,1.00
31,30,1.00
30,32,0.74
32,30,0.74
30,33,0.62
33,30,0.62
30,34,0.63
34,30,0.63
30,35,0.58
35,30,0.58
30,36,0.60
36,30,0.60
31,32,1.00
32,31,1.00
31,33,0.85
33,31,0.85
31,34,0.83
34,31,0.83
31,35,0.66
35,31,0.66
31,36,0.62
36,31,0.62
32,33,1.00
33,32,1.00
32,34,0.76
34,32,0.76
32,35,0.58
35,32,0.58
33,34,1.00
34,33,1.00
33,35,0.71
35,33,0.71
34,35,1.00
35,34,1.00
34,36,0.74
36,34,0.74
35,36,1.00
36,35,1.00
35,37,0.71
37,35,0.71
35,38,0.62
38,35,0.62
35,39,0.65
39,35,0.65
36,37,1.00
37,36,1.00
36,38,0.84
38,36,0.84
36,39,0.81
39,36,0.81
36,40,0.63
40,36,0.63
37,38,1.00
38,37,1.00
37,39,0.74
39,37,0.74
37,40,0.61
40,37,0.61
38,39,1.00
39,38,1.00
38,40,0.82
40,38,0.82
38,41,0.62
41,38,0.62
38,42,0.60
42,38,0.60
39,40,1.00
40,39,1.00
39,41,0.77
41,39,0.77
39,42,0.68
42,39,0.68
40,41,1.00
41,40,1.00
40,42,0.80
42,40,0.80
40,43,0.60
43,40,0.60
41,42,1.00
42,41,1.00
41,43,0.72
43,41,0.72
42,43,1.00
43,42,1.00
42,44,0.72
44,42,0.72
42,45,0.59
45,42,0.59
43,44,1.00
44,43,1.00
43,45,0.81
45,43,0.81
43,46,0.59
46,43,0.59
44,45,1.00
45,44,1.00
44,46,0.71
46,44,0.71
44,47,0.58
47,44,0.58
45,46,1.00
46,45,1.00
45,47,0.76
47,45,0.76
45,48,0.58
48,45,0.58
46,47,1.00
47,46,1.00
46,48,0.70
48,46,0.70
47,48,1.00
48,47,1.00
47,49,0.76
49,47,0.76
47,50,0.73
50,47,0.73
48,49,1.00
49,48,1.00
48,50,0.79
50,48,0.79
48,51,0.59
51,48,0.59
48,54,0.58
54,48,0.58
49,50,1.00
50,49,1.00
49,51,0.77
51,49,0.77
49,52,0.61
52,49,0.61
49,53,0.59
53,49,0.59
49,54,0.76
54,49,0.76
49,55,0.64
55,49,0.64
49,56,0.64
56,49,0.64
49,60,0.58
60,49,0.58
49,62,0.58
62,49,0.58
49,68,0.68
68,49,0.68
49,69,0.68
69,49,0.68
50,51,1.00
51,50,1.00
50,52,0.71
52,50,0.71
50,53,0.61
53,50,0.61
50,54,0.74
54,50,0.74
50,55,0.57
55,50,0.57
50,68,0.68
68,50,0.68
50,69,0.61
69,50,0.61
51,52,1.00
52,51,1.00
51,53,0.79
53,51,0.79
51,54,0.88
54,51,0.88
51,55,0.62
55,51,0.62
51,67,0.60
67,51,0.60
51,68,0.77
68,51,0.77
51,69,0.67
69,51,0.67
51,70,0.58
70,51,0.58
51,71,0.60
71,51,0.60
51,72,0.67
72,51,0.67
52,53,1.00
53,52,1.00
52,54,0.84
54,52,0.84
52,55,0.61
55,52,0.61
52,66,0.59
66,52,0.59
52,67,0.76
67,52,0.76
52,68,0.88
68,52,0.88
52,69,0.73
69,52,0.73
52,70,0.68
70,52,0.68
52,71,0.78
71,52,0.78
52,72,0.98
72,52,0.98
52,73,0.73
73,52,0.73
52,74,0.59
74,52,0.59
53,54,1.00
54,53,1.00
53,55,0.78
55,53,0.78
53,56,0.58
56,53,0.58
53,67,0.74
67,53,0.74
53,68,0.87
68,53,0.87
53,69,0.93
69,53,0.93
53,70,0.98
70,53,0.98
53,71,1.00
71,53,1.00
53,72,0.92
72,53,0.92
53,73,0.64
73,53,0.64
54,55,1.00
55,54,1.00
54,56,0.73
56,54,0.73
54,67,0.61
67,54,0.61
54,68,0.80
68,54,0.80
54,69,0.93
69,54,0.93
54,70,0.83
70,54,0.83
54,71,0.71
71,54,0.71
54,72,0.67
72,54,0.67
55,56,1.00
56,55,1.00
55,57,0.71
57,55,0.71
55,58,0.61
58,55,0.61
55,68,0.63
68,55,0.63
55,69,0.82
69,55,0.82
55,70,0.85
70,55,0.85
55,71,0.63
71,55,0.63
56,57,1.00
57,56,1.00
56,58,0.86
58,56,0.86
56,59,0.68
59,56,0.68
56,60,0.67
60,56,0.67
56,69,0.68
69,56,0.68
56,70,0.65
70,56,0.65
57,58,1.00
58,57,1.00
57,59,0.76
59,57,0.76
57,60,0.64
60,57,0.64
58,59,1.00
59,58,1.00
58,60,0.82
60,58,0.82
58,61,0.61
61,58,0.61
59,60,1.00
60,59,1.00
59,61,0.75
61,59,0.75
59,62,0.58
62,59,0.58
60,61,1.00
61,60,1.00
60,62,0.76
62,60,0.76
60,69,0.59
69,60,0.59
61,62,1.00
62,61,1.00
61,63,0.72
63,61,0.72
61,69,0.63
69,61,0.63
62,63,1.00
63,62,1.00
62,64,0.73
64,62,0.73
62,67,0.63
67,62,0.63
62,68,0.71
68,62,0.71
62,69,0.76
69,62,0.76
62,70,0.60
70,62,0.60
63,64,1.00
64,63,1.00
63,65,0.71
65,63,0.71
63,66,0.63
66,63,0.63
63,67,0.68
67,63,0.68
63,68,0.68
68,63,0.68
63,69,0.64
69,63,0.64
64,65,1.00
65,64,1.00
64,66,0.81
66,64,0.81
64,67,0.80
67,64,0.80
64,68,0.72
68,64,0.72
64,69,0.60
69,64,0.60
64,72,0.57
72,64,0.57
65,66,1.00
66,65,1.00
65,67,0.76
67,65,0.76
65,68,0.61
68,65,0.61
65,73,0.61
73,65,0.61
66,67,1.00
67,66,1.00
66,68,0.69
68,66,0.69
66,71,0.64
71,66,0.64
66,72,0.75
72,66,0.75
66,73,0.84
73,66,0.84
66,74,0.63
74,66,0.63
67,68,1.00
68,67,1.00
67,69,0.77
69,67,0.77
67,70,0.68
70,67,0.68
67,71,0.85
71,67,0.85
67,72,1.00
72,67,1.00
67,73,0.84
73,67,0.84
67,74,0.60
74,67,0.60
68,69,1.00
69,68,1.00
68,70,0.75
70,68,0.75
68,71,0.79
71,68,0.79
68,72,0.86
72,68,0.86
68,73,0.66
73,68,0.66
69,70,1.00
70,69,1.00
69,71,0.83
71,69,0.83
69,72,0.72
72,69,0.72
70,71,1.00
71,70,1.00
70,72,0.72
72,70,0.72
71,72,1.00
72,71,1.00
71,73,0.72
73,71,0.72
72,73,1.00
73,72,1.00
72,74,0.71
74,72,0.71
73,74,1.00
74,73,1.00
73,75,0.74
75,73,0.74
73,76,0.58
76,73,0.58
74,75,1.00
75,74,1.00
74,76,0.76
76,74,0.76
75,76,1.00
76,75,1.00
75,77,0.70
77,75,0.70
75,78,0.58
78,75,0.58
75,92,0.67
92,75,0.67
75,93,0.69
93,75,0.69
75,94,0.68
94,75,0.68
75,95,0.65
95,75,0.65
76,77,1.00
77,76,1.00
76,78,0.77
78,76,0.77
76,79,0.59
79,76,0.59
76,92,0.68
92,76,0.68
76,93,0.68
93,76,0.68
76,94,0.59
94,76,0.59
76,95,0.58
95,76,0.58
77,78,1.00
78,77,1.00
77,79,0.71
79,77,0.71
77,89,0.58
89,77,0.58
77,92,0.61
92,77,0.61
77,93,0.65
93,77,0.65
78,79,1.00
79,78,1.00
78,80,0.76
80,78,0.76
78,88,0.64
88,78,0.64
78,89,0.69
89,78,0.69
78,90,0.58
90,78,0.58
78,91,0.62
91,78,0.62
78,92,0.65
92,78,0.65
78,93,0.63
93,78,0.63
79,80,1.00
80,79,1.00
79,81,0.72
81,79,0.72
79,87,0.63
87,79,0.63
79,88,0.89
88,79,0.89
79,89,0.88
89,79,0.88
79,90,0.68
90,79,0.68
79,91,0.71
91,79,0.71
79,92,0.65
92,79,0.65
79,93,0.62
93,79,0.62
79,129,0.59
129,79,0.59
80,81,1.00
81,80,1.00
80,82,0.76
82,80,0.76
80,86,0.57
86,80,0.57
80,87,0.69
87,80,0.69
80,88,0.86
88,80,0.86
80,89,0.69
89,80,0.69
80,90,0.59
90,80,0.59
80,91,0.67
91,80,0.67
80,92,0.60
92,80,0.60
81,82,1.00
82,81,1.00
81,83,0.73
83,81,0.73
81,84,0.58
84,81,0.58
81,85,0.63
85,81,0.63
81,86,0.69
86,81,0.69
81,87,0.75
87,81,0.75
81,88,0.80
88,81,0.80
81,89,0.60
89,81,0.60
81,91,0.58
91,81,0.58
81,129,0.60
129,81,0.60
81,130,0.59
130,81,0.59
81,131,0.64
131,81,0.64
81,136,0.58
136,81,0.58
81,137,0.62
137,81,0.62
81,138,0.57
138,81,0.57
81,141,0.59
141,81,0.59
81,142,0.59
142,81,0.59
82,83,1.00
83,82,1.00
82,84,0.76
84,82,0.76
82,85,0.78
85,82,0.78
82,86,0.74
86,82,0.74
82,87,0.70
87,82,0.70
82,88,0.65
88,82,0.65
82,136,0.61
136,82,0.61
82,137,0.68
137,82,0.68
82,138,0.58
138,82,0.58
83,84,1.00
84,83,1.00
83,85,0.82
85,83,0.82
83,86,0.69
86,83,0.69
83,87,0.59
87,83,0.59
83,136,0.76
136,83,0.76
83,137,0.86
137,83,0.86
83,138,0.64
138,83,0.64
84,85,1.00
85,84,1.00
84,86,0.72
86,84,0.72
84,136,0.64
136,84,0.64
84,137,0.80
137,84,0.80
84,138,0.62
138,84,0.62
84,139,0.59
139,84,0.59
85,86,1.00
86,85,1.00
85,87,0.74
87,85,0.74
85,137,0.72
137,85,0.72
85,138,0.64
138,85,0.64
85,139,0.67
139,85,0.67
85,140,0.63
140,85,0.63
85,141,0.59
141,85,0.59
86,87,1.00
87,86,1.00
86,88,0.70
88,86,0.70
86,137,0.72
137,86,0.72
86,138,0.73
138,86,0.73
86,139,0.79
139,86,0.79
86,140,0.82
140,86,0.82
86,141,0.83
141,86,0.83
86,142,0.71
142,86,0.71
86,143,0.60
143,86,0.60
87,88,1.00
88,87,1.00
87,89,0.72
89,87,0.72
87,90,0.73
90,87,0.73
87,91,0.74
91,87,0.74
87,127,0.58
127,87,0.58
87,128,0.65
128,87,0.65
87,129,0.63
129,87,0.63
87,138,0.59
138,87,0.59
87,139,0.61
139,87,0.61
87,140,0.71
140,87,0.71
87,141,0.87
141,87,0.87
87,142,0.68
142,87,0.68
88,89,1.00
89,88,1.00
88,90,0.84
90,88,0.84
88,91,0.82
91,88,0.82
88,92,0.62
92,88,0.62
88,93,0.58
93,88,0.58
88,127,0.64
127,88,0.64
88,128,0.70
128,88,0.70
88,129,0.70
129,88,0.70
88,130,0.58
130,88,0.58
88,141,0.74
141,88,0.74
88,142,0.62
142,88,0.62
89,90,1.00
90,89,1.00
89,91,0.79
91,89,0.79
89,92,0.64
92,89,0.64
89,93,0.68
93,89,0.68
89,126,0.59
126,89,0.59
89,127,0.76
127,89,0.76
89,128,0.73
128,89,0.73
89,129,0.66
129,89,0.66
89,141,0.63
141,89,0.63
90,91,1.00
91,90,1.00
90,92,0.75
92,90,0.75
90,93,0.81
93,90,0.81
90,94,0.63
94,90,0.63
90,126,0.59
126,90,0.59
90,127,0.68
127,90,0.68
90,128,0.61
128,90,0.61
90,141,0.59
141,90,0.59
91,92,1.00
92,91,1.00
91,93,0.83
93,91,0.83
91,94,0.62
94,91,0.62
92,93,1.00
93,92,1.00
92,94,0.75
94,92,0.75
92,95,0.58
95,92,0.58
93,94,1.00
94,93,1.00
93,95,0.78
95,93,0.78
93,96,0.62
96,93,0.62
94,95,1.00
95,94,1.00
94,96,0.70
96,94,0.70
95,96,1.00
96,95,1.00
95,97,0.76
97,95,0.76
95,98,0.58
98,95,0.58
96,97,1.00
97,96,1.00
96,98,0.78
98,96,0.78
96,99,0.69
99,96,0.69
97,98,1.00
98,97,1.00
97,99,0.79
99,97,0.79
97,100,0.60
100,97,0.60
98,99,1.00
99,98,1.00
98,100,0.79
100,98,0.79
98,101,0.59
101,98,0.59
98,105,0.64
105,98,0.64
98,106,0.67
106,98,0.67
99,100,1.00
100,99,1.00
99,101,0.78
101,99,0.78
99,102,0.58
102,99,0.58
99,105,0.61
105,99,0.61
99,106,0.72
106,99,0.72
99,107,0.58
107,99,0.58
99,108,0.62
108,99,0.62
99,111,0.68
111,99,0.68
99,112,0.71
112,99,0.71
99,113,0.61
113,99,0.61
100,101,1.00
101,100,1.00
100,102,0.77
102,100,0.77
100,103,0.74
103,100,0.74
100,104,0.68
104,100,0.68
100,105,0.78
105,100,0.78
100,106,0.98
106,100,0.98
100,107,0.76
107,100,0.76
100,108,0.75
108,100,0.75
100,109,0.63
109,100,0.63
100,110,0.59
110,100,0.59
100,111,0.68
111,100,0.68
100,112,0.65
112,100,0.65
101,102,1.00
102,101,1.00
101,103,0.77
103,101,0.77
101,104,0.61
104,101,0.61
101,105,0.62
105,101,0.62
101,106,0.80
106,101,0.80
101,107,0.79
107,101,0.79
101,108,0.86
108,101,0.86
101,109,0.82
109,101,0.82
101,110,0.78
110,101,0.78
101,111,0.83
111,101,0.83
101,112,0.75
112,101,0.75
102,103,1.00
103,102,1.00
102,104,0.69
104,102,0.69
102,105,0.62
105,102,0.62
102,106,0.75
106,102,0.75
102,107,0.90
107,102,0.90
102,108,0.81
108,102,0.81
102,109,0.84
109,102,0.84
102,110,0.71
110,102,0.71
102,111,0.65
111,102,0.65
102,112,0.57
112,102,0.57
103,104,1.00
104,103,1.00
103,105,0.78
105,103,0.78
103,106,0.82
106,103,0.82
103,107,0.88
107,103,0.88
103,108,0.67
108,103,0.67
103,109,0.62
109,103,0.62
104,105,1.00
105,104,1.00
104,106,0.81
106,104,0.81
104,107,0.73
107,104,0.73
105,106,1.00
106,105,1.00
105,107,0.74
107,105,0.74
105,108,0.59
108,105,0.59
106,107,1.00
107,106,1.00
106,108,0.82
108,106,0.82
106,109,0.62
109,106,0.62
106,111,0.57
111,106,0.57
107,108,1.00
108,107,1.00
107,109,0.77
109,107,0.77
107,110,0.59
110,107,0.59
107,111,0.59
111,107,0.59
108,109,1.00
109,108,1.00
108,110,0.74
110,108,0.74
108,111,0.78
111,108,0.78
108,112,0.59
112,108,0.59
109,110,1.00
110,109,1.00
109,111,0.84
111,109,0.84
109,112,0.62
112,109,0.62
110,111,1.00
111,110,1.00
110,112,0.78
112,110,0.78
110,113,0.63
113,110,0.63
111,112,1.00
112,111,1.00
111,113,0.82
113,111,0.82
111,114,0.62
114,111,0.62
111,115,0.60
115,111,0.60
112,113,1.00
113,112,1.00
112,114,0.71
114,112,0.71
112,115,0.72
115,112,0.72
113,114,1.00
114,113,1.00
113,115,0.83
115,113,0.83
113,116,0.60
116,113,0.60
113,125,0.62
125,113,0.62
113,126,0.65
126,113,0.65
113,127,0.73
127,113,0.73
114,115,1.00
115,114,1.00
114,116,0.74
116,114,0.74
114,117,0.72
117,114,0.72
114,118,0.65
118,114,0.65
114,124,0.59
124,114,0.59
114,125,0.82
125,114,0.82
114,126,0.90
126,114,0.90
114,127,0.95
127,114,0.95
114,128,0.70
128,114,0.70
115,116,1.00
116,115,1.00
115,117,0.79
117,115,0.79
115,118,0.67
118,115,0.67
115,119,0.57
119,115,0.57
115,125,0.65
125,115,0.65
115,126,0.69
126,115,0.69
115,127,0.76
127,115,0.76
115,128,0.67
128,115,0.67
116,117,1.00
117,116,1.00
116,118,0.78
118,116,0.78
116,119,0.67
119,116,0.67
116,125,0.61
125,116,0.61
116,126,0.62
126,116,0.62
116,127,0.64
127,116,0.64
116,128,0.63
128,116,0.63
117,118,1.00
118,117,1.00
117,119,0.73
119,117,0.73
117,120,0.61
120,117,0.61
117,123,0.61
123,117,0.61
117,124,0.63
124,117,0.63
117,125,0.74
125,117,0.74
117,126,0.73
126,117,0.73
117,127,0.66
127,117,0.66
117,128,0.66
128,117,0.66
118,119,1.00
119,118,1.00
118,120,0.83
120,118,0.83
118,121,0.70
121,118,0.70
118,122,0.67
122,118,0.67
118,123,0.76
123,118,0.76
118,124,0.72
124,118,0.72
118,125,0.79
125,118,0.79
118,126,0.66
126,118,0.66
119,120,1.00
120,119,1.00
119,121,0.78
121,119,0.78
119,122,0.67
122,119,0.67
119,123,0.65
123,119,0.65
119,124,0.58
124,119,0.58
119,125,0.61
125,119,0.61
120,121,1.00
121,120,1.00
120,122,0.73
122,120,0.73
120,123,0.67
123,120,0.67
120,124,0.62
124,120,0.62
120,125,0.66
125,120,0.66
121,122,1.00
122,121,1.00
121,123,0.79
123,121,0.79
121,124,0.66
124,121,0.66
121,125,0.61
125,121,0.61
122,123,1.00
123,122,1.00
122,124,0.73
124,122,0.73
122,125,0.60
125,122,0.60
123,124,1.00
124,123,1.00
123,125,0.74
125,123,0.74
123,126,0.59
126,123,0.59
124,125,1.00
125,124,1.00
124,126,0.76
126,124,0.76
125,126,1.00
126,125,1.00
125,127,0.71
127,125,0.71
125,128,0.59
128,125,0.59
126,127,1.00
127,126,1.00
126,128,0.78
128,126,0.78
126,141,0.64
141,126,0.64
127,128,1.00
128,127,1.00
127,129,0.70
129,127,0.70
127,141,0.68
141,127,0.68
127,142,0.57
142,127,0.57
128,129,1.00
129,128,1.00
128,130,0.69
130,128,0.69
128,140,0.63
140,128,0.63
128,141,0.86
141,128,0.86
128,142,0.76
142,128,0.76
128,143,0.62
143,128,0.62
129,130,1.00
130,129,1.00
129,131,0.72
131,129,0.72
129,132,0.58
132,129,0.58
129,140,0.59
140,129,0.59
129,141,0.78
141,129,0.78
129,142,0.86
142,129,0.86
129,143,0.63
143,129,0.63
129,144,0.57
144,129,0.57
130,131,1.00
131,130,1.00
130,132,0.76
132,130,0.76
130,133,0.64
133,130,0.64
130,134,0.65
134,130,0.65
130,135,0.59
135,130,0.59
130,138,0.63
138,130,0.63
130,141,0.65
141,130,0.65
130,142,0.85
142,130,0.85
130,143,0.65
143,130,0.65
130,144,0.62
144,130,0.62
130,145,0.64
145,130,0.64
131,132,1.00
132,131,1.00
131,133,0.84
133,131,0.84
131,134,0.92
134,131,0.92
131,135,0.73
135,131,0.73
131,136,0.64
136,131,0.64
131,137,0.61
137,131,0.61
131,138,0.65
138,131,0.65
131,142,0.69
142,131,0.69
132,133,1.00
133,132,1.00
132,134,0.87
134,132,0.87
132,135,0.63
135,132,0.63
133,134,1.00
134,133,1.00
133,135,0.73
135,133,0.73
133,136,0.58
136,133,0.58
134,135,1.00
135,134,1.00
134,136,0.80
136,134,0.80
134,137,0.63
137,134,0.63
134,138,0.61
138,134,0.61
135,136,1.00
136,135,1.00
135,137,0.77
137,135,0.77
135,138,0.74
138,135,0.74
136,137,1.00
137,136,1.00
136,138,0.77
138,136,0.77
136,139,0.58
139,136,0.58
137,138,1.00
138,137,1.00
137,139,0.76
139,137,0.76
137,140,0.60
140,137,0.60
137,142,0.65
142,137,0.65
137,143,0.60
143,137,0.60
138,139,1.00
139,138,1.00
138,140,0.74
140,138,0.74
138,141,0.68
141,138,0.68
138,142,0.85
142,138,0.85
138,143,0.82
143,138,0.82
138,144,0.65
144,138,0.65
139,140,1.00
140,139,1.00
139,141,0.76
141,139,0.76
139,142,0.82
142,139,0.82
139,143,0.91
143,139,0.91
139,144,0.65
144,139,0.65
140,141,1.00
141,140,1.00
140,142,0.85
142,140,0.85
140,143,0.88
143,140,0.88
140,144,0.62
144,140,0.62
141,142,1.00
142,141,1.00
141,143,0.79
143,141,0.79
141,144,0.59
144,141,0.59
142,143,1.00
143,142,1.00
142,144,0.75
144,142,0.75
142,145,0.63
145,142,0.63
143,144,1.00
144,143,1.00
143,145,0.71
145,143,0.71
144,145,1.00
145,144,1.00
144,146,0.76
146,144,0.76
145,146,1.00
146,145,1.00
147,148,1.00
148,147,1.00
147,149,0.73
149,147,0.73
147,150,0.60
150,147,0.60
148,149,1.00
149,148,1.00
148,150,0.79
150,148,0.79
148,151,0.67
151,148,0.67
149,150,1.00
150,149,1.00
149,151,0.71
151,149,0.71
149,152,0.60
152,149,0.60
150,151,1.00
151,150,1.00
150,152,0.80
152,150,0.80
150,153,0.63
153,150,0.63
150,154,0.57
154,150,0.57
151,152,1.00
152,151,1.00
151,153,0.73
153,151,0.73
151,154,0.60
154,151,0.60
152,153,1.00
153,152,1.00
152,154,0.80
154,152,0.80
152,155,0.72
155,152,0.72
153,154,1.00
154,153,1.00
153,155,0.75
155,153,0.75
153,156,0.57
156,153,0.57
154,155,1.00
155,154,1.00
154,156,0.72
156,154,0.72
154,157,0.58
157,154,0.58
155,156,1.00
156,155,1.00
155,157,0.78
157,155,0.78
156,157,1.00
157,156,1.00
156,158,0.72
158,156,0.72
156,159,0.61
159,156,0.61
157,158,1.00
158,157,1.00
157,159,0.77
159,157,0.77
157,160,0.60
160,157,0.60
157,161,0.61
161,157,0.61
157,163,0.60
163,157,0.60
157,166,0.58
166,157,0.58
158,159,1.00
159,158,1.00
158,160,0.81
160,158,0.81
158,161,0.81
161,158,0.81
158,162,0.67
162,158,0.67
158,163,0.64
163,158,0.64
159,160,1.00
160,159,1.00
159,161,0.81
161,159,0.81
159,162,0.67
162,159,0.67
159,163,0.58
163,159,0.58
160,161,1.00
161,160,1.00
160,162,0.73
162,160,0.73
160,163,0.58
163,160,0.58
161,162,1.00
162,161,1.00
161,163,0.76
163,161,0.76
162,163,1.00
163,162,1.00
162,164,0.71
164,162,0.71
162,165,0.57
165,162,0.57
162,166,0.59
166,162,0.59
163,164,1.00
164,163,1.00
163,165,0.79
165,163,0.79
163,166,0.78
166,163,0.78
163,167,0.62
167,163,0.62
164,165,1.00
165,164,1.00
164,166,0.79
166,164,0.79
164,167,0.65
167,164,0.65
165,166,1.00
166,165,1.00
165,167,0.79
167,165,0.79
165,168,0.69
168,165,0.69
166,167,1.00
167,166,1.00
166,168,0.74
168,166,0.74
167,168,1.00
168,167,1.00
