1,2,1.00
2,1,1.00
1,3,0.82
3,1,0.82
1,4,0.62
4,1,0.62
1,19,0.57
19,1,0.57
1,48,0.60
48,1,0.60
1,49,0.73
49,1,0.73
1,50,0.78
50,1,0.78
1,51,0.75
51,1,0.75
1,52,0.74
52,1,0.74
1,53,0.63
53,1,0.63
1,54,0.65
54,1,0.65
1,64,0.58
64,1,0.58
1,67,0.59
67,1,0.59
1,68,0.77
68,1,0.77
1,69,0.61
69,1,0.61
2,3,1.00
3,2,1.00
2,4,0.78
4,2,0.78
2,5,0.60
5,2,0.60
2,19,0.64
19,2,0.64
2,20,0.61
20,2,0.61
2,46,0.58
46,2,0.58
2,47,0.75
47,2,0.75
2,48,0.79
48,2,0.79
2,49,0.88
49,2,0.88
2,50,0.88
50,2,0.88
2,51,0.69
51,2,0.69
2,52,0.60
52,2,0.60
2,54,0.58
54,2,0.58
2,68,0.59
68,2,0.59
3,4,1.00
4,3,1.00
3,5,0.79
5,3,0.79
3,6,0.66
6,3,0.66
3,7,0.63
7,3,0.63
3,16,0.58
16,3,0.58
3,19,0.69
19,3,0.69
3,20,0.69
20,3,0.69
3,46,0.62
46,3,0.62
3,47,0.77
47,3,0.77
3,48,0.69
48,3,0.69
3,49,0.74
49,3,0.74
3,50,0.95
50,3,0.95
3,51,0.77
51,3,0.77
3,52,0.61
52,3,0.61
4,5,1.00
5,4,1.00
4,6,0.72
6,4,0.72
4,7,0.62
7,4,0.62
4,19,0.58
19,4,0.58
4,20,0.65
20,4,0.65
4,45,0.65
45,4,0.65
4,46,0.76
46,4,0.76
4,47,0.81
47,4,0.81
4,48,0.63
48,4,0.63
4,49,0.60
49,4,0.60
4,50,0.69
50,4,0.69
5,6,1.00
6,5,1.00
5,7,0.79
7,5,0.79
5,8,0.57
8,5,0.57
5,19,0.58
19,5,0.58
5,20,0.70
20,5,0.70
5,45,0.78
45,5,0.78
5,46,0.76
46,5,0.76
5,47,0.73
47,5,0.73
5,50,0.63
50,5,0.63
6,7,1.00
7,6,1.00
6,8,0.72
8,6,0.72
6,9,0.60
9,6,0.60
6,16,0.63
16,6,0.63
6,17,0.58
17,6,0.58
6,20,0.65
20,6,0.65
6,45,0.65
45,6,0.65
6,46,0.58
46,6,0.58
6,47,0.58
47,6,0.58
6,50,0.58
50,6,0.58
7,8,1.00
8,7,1.00
7,9,0.76
9,7,0.76
7,10,0.61
10,7,0.61
7,14,0.60
14,7,0.60
7,15,0.62
15,7,0.62
7,16,0.85
16,7,0.85
7,17,0.80
17,7,0.80
7,18,0.62
18,7,0.62
7,19,0.69
19,7,0.69
7,20,0.79
20,7,0.79
7,21,0.60
21,7,0.60
7,22,0.58
22,7,0.58
7,23,0.57
23,7,0.57
7,45,0.64
45,7,0.64
7,47,0.59
47,7,0.59
7,50,0.63
50,7,0.63
7,51,0.59
51,7,0.59
8,9,1.00
9,8,1.00
8,10,0.86
10,8,0.86
8,11,0.62
11,8,0.62
8,13,0.61
13,8,0.61
8,14,0.78
14,8,0.78
8,15,0.72
15,8,0.72
8,16,0.92
16,8,0.92
8,17,0.80
17,8,0.80
8,18,0.61
18,8,0.61
8,19,0.62
19,8,0.62
8,20,0.63
20,8,0.63
9,10,1.00
10,9,1.00
9,11,0.77
11,9,0.77
9,12,0.62
12,9,0.62
9,13,0.66
13,9,0.66
9,14,0.84
14,9,0.84
9,15,0.86
15,9,0.86
9,16,1.00
16,9,1.00
9,17,0.72
17,9,0.72
9,18,0.62
18,9,0.62
9,19,0.64
19,9,0.64
9,20,0.58
20,9,0.58
9,51,0.64
51,9,0.64
10,11,1.00
11,10,1.00
10,12,0.77
12,10,0.77
10,13,0.85
13,10,0.85
10,14,0.92
14,10,0.92
10,15,0.74
15,10,0.74
10,16,0.73
16,10,0.73
10,17,0.62
17,10,0.62
11,12,1.00
12,11,1.00
11,13,0.84
13,11,0.84
11,14,0.75
14,11,0.75
11,15,0.66
15,11,0.66
11,16,0.59
16,11,0.59
12,13,1.00
13,12,1.00
12,14,0.74
14,12,0.74
12,15,0.64
15,12,0.64
13,14,1.00
14,13,1.00
13,15,0.73
15,13,0.73
13,16,0.60
16,13,0.60
13,17,0.58
17,13,0.58
14,15,1.00
15,14,1.00
14,16,0.82
16,14,0.82
14,17,0.81
17,14,0.81
14,18,0.69
18,14,0.69
14,19,0.59
19,14,0.59
14,22,0.59
22,14,0.59
14,23,0.59
23,14,0.59
14,24,0.61
24,14,0.61
15,16,1.00
16,15,1.00
15,17,0.87
17,15,0.87
15,18,0.89
18,15,0.89
15,19,0.76
19,15,0.76
15,20,0.62
20,15,0.62
15,21,0.57
21,15,0.57
15,22,0.62
22,15,0.62
15,50,0.59
50,15,0.59
15,51,0.63
51,15,0.63
16,17,1.00
17,16,1.00
16,18,0.87
18,16,0.87
16,19,0.92
19,16,0.92
16,20,0.78
20,16,0.78
16,21,0.63
21,16,0.63
16,22,0.64
22,16,0.64
16,23,0.57
23,16,0.57
16,49,0.58
49,16,0.58
16,50,0.72
50,16,0.72
16,51,0.73
51,16,0.73
17,18,1.00
18,17,1.00
17,19,0.86
19,17,0.86
17,20,0.89
20,17,0.89
17,21,0.80
21,17,0.80
17,22,0.90
22,17,0.90
17,23,0.79
23,17,0.79
17,24,0.66
24,17,0.66
17,50,0.63
50,17,0.63
17,51,0.57
51,17,0.57
18,19,1.00
19,18,1.00
18,20,0.85
20,18,0.85
18,21,0.86
21,18,0.86
18,22,0.87
22,18,0.87
18,23,0.65
23,18,0.65
18,24,0.58
24,18,0.58
18,47,0.57
47,18,0.57
18,48,0.62
48,18,0.62
18,49,0.66
49,18,0.66
18,50,0.69
50,18,0.69
18,51,0.62
51,18,0.62
18,54,0.59
54,18,0.59
19,20,1.00
20,19,1.00
19,21,0.82
21,19,0.82
19,22,0.69
22,19,0.69
19,47,0.70
47,19,0.70
19,48,0.75
48,19,0.75
19,49,0.86
49,19,0.86
19,50,1.00
50,19,1.00
19,51,0.81
51,19,0.81
19,52,0.60
52,19,0.60
19,54,0.67
54,19,0.67
20,21,1.00
21,20,1.00
20,22,0.78
22,20,0.78
20,23,0.63
23,20,0.63
20,43,0.58
43,20,0.58
20,45,0.71
45,20,0.71
20,46,0.71
46,20,0.71
20,47,0.87
47,20,0.87
20,48,0.80
48,20,0.80
20,49,0.73
49,20,0.73
20,50,0.82
50,20,0.82
20,51,0.63
51,20,0.63
21,22,1.00
22,21,1.00
21,23,0.72
23,21,0.72
21,42,0.59
42,21,0.59
21,43,0.61
43,21,0.61
21,44,0.57
44,21,0.57
21,45,0.65
45,21,0.65
21,46,0.65
46,21,0.65
21,47,0.76
47,21,0.76
21,48,0.78
48,21,0.78
21,49,0.67
49,21,0.67
21,50,0.64
50,21,0.64
22,23,1.00
23,22,1.00
22,24,0.77
24,22,0.77
22,25,0.60
25,22,0.60
22,42,0.68
42,22,0.68
22,43,0.63
43,22,0.63
23,24,1.00
24,23,1.00
23,25,0.77
25,23,0.77
23,26,0.61
26,23,0.61
23,41,0.71
41,23,0.71
23,42,0.86
42,23,0.86
23,43,0.72
43,23,0.72
24,25,1.00
25,24,1.00
24,26,0.75
26,24,0.75
24,41,0.66
41,24,0.66
24,42,0.67
42,24,0.67
25,26,1.00
26,25,1.00
25,27,0.73
27,25,0.73
25,40,0.63
40,25,0.63
25,41,0.78
41,25,0.78
25,42,0.68
42,25,0.68
26,27,1.00
27,26,1.00
26,28,0.77
28,26,0.77
26,29,0.61
29,26,0.61
26,36,0.59
36,26,0.59
26,40,0.63
40,26,0.63
26,41,0.70
41,26,0.70
26,42,0.57
42,26,0.57
27,28,1.00
28,27,1.00
27,29,0.77
29,27,0.77
27,30,0.59
30,27,0.59
27,33,0.59
33,27,0.59
27,34,0.61
34,27,0.61
27,35,0.63
35,27,0.63
27,36,0.70
36,27,0.70
28,29,1.00
29,28,1.00
28,30,0.70
30,28,0.70
28,31,0.63
31,28,0.63
28,33,0.62
33,28,0.62
28,34,0.63
34,28,0.63
28,35,0.57
35,28,0.57
28,36,0.61
36,28,0.61
29,30,1.00
30,29,1.00
29,31,0.76
31,29,0.76
29,32,0.61
32,29,0.61
29,33,0.65
33,29,0.65
29,34,0.75
34,29,0.75
29,35,0.64
35,29,0.64
29,36,0.69
36,29,0.69
29,38,0.57
38,29,0.57
30,31,1.00
31,30,1.00
30,32,0.72
32,30,0.72
30,33,0.71
33,30,0.71
30,34,0.86
34,30,0.86
30,35,0.66
35,30,0.66
30,36,0.64
36,30,0.64
31,32,1.00
32,31,1.00
31,33,0.84
33,31,0.84
31,34,0.83
34,31,0.83
31,35,0.60
35,31,0.60
32,33,1.00
33,32,1.00
32,34,0.78
34,32,0.78
32,35,0.57
35,32,0.57
33,34,1.00
34,33,1.00
33,35,0.73
35,33,0.73
33,36,0.59
36,33,0.59
34,35,1.00
35,34,1.00
34,36,0.77
36,34,0.77
34,37,0.59
37,34,0.59
35,36,1.00
36,35,1.00
35,37,0.75
37,35,0.75
35,38,0.59
38,35,0.59
36,37,1.00
37,36,1.00
36,38,0.79
38,36,0.79
36,39,0.62
39,36,0.62
36,40,0.58
40,36,0.58
37,38,1.00
38,37,1.00
37,39,0.74
39,37,0.74
37,40,0.61
40,37,0.61
38,39,1.00
39,38,1.00
38,40,0.80
40,38,0.80
38,41,0.60
41,38,0.60
39,40,1.00
40,39,1.00
39,41,0.73
41,39,0.73
39,42,0.58
42,39,0.58
40,41,1.00
41,40,1.00
40,42,0.71
42,40,0.71
40,43,0.58
43,40,0.58
41,42,1.00
42,41,1.00
41,43,0.73
43,41,0.73
42,43,1.00
43,42,1.00
42,44,0.71
44,42,0.71
42,45,0.60
45,42,0.60
43,44,1.00
44,43,1.00
43,45,0.80
45,43,0.80
43,46,0.61
46,43,0.61
44,45,1.00
45,44,1.00
44,46,0.75
46,44,0.75
44,47,0.58
47,44,0.58
45,46,1.00
46,45,1.00
45,47,0.76
47,45,0.76
45,48,0.58
48,45,0.58
46,47,1.00
47,46,1.00
46,48,0.70
48,46,0.70
47,48,1.00
48,47,1.00
47,49,0.76
49,47,0.76
47,50,0.74
50,47,0.74
48,49,1.00
49,48,1.00
48,50,0.79
50,48,0.79
48,51,0.57
51,48,0.57
49,50,1.00
50,49,1.00
49,51,0.73
51,49,0.73
49,52,0.61
52,49,0.61
49,53,0.58
53,49,0.58
49,54,0.74
54,49,0.74
49,55,0.61
55,49,0.61
49,56,0.62
56,49,0.62
49,68,0.58
68,49,0.58
49,69,0.59
69,49,0.59
50,51,1.00
51,50,1.00
50,52,0.72
52,50,0.72
50,53,0.61
53,50,0.61
50,54,0.72
54,50,0.72
50,68,0.58
68,50,0.58
51,52,1.00
52,51,1.00
51,53,0.74
53,51,0.74
51,54,0.78
54,51,0.78
51,55,0.58
55,51,0.58
51,68,0.63
68,51,0.63
51,69,0.59
69,51,0.59
51,72,0.63
72,51,0.63
52,53,1.00
53,52,1.00
52,54,0.83
54,52,0.83
52,55,0.60
55,52,0.60
52,67,0.71
67,52,0.71
52,68,0.79
68,52,0.79
52,69,0.70
69,52,0.70
52,70,0.62
70,52,0.62
52,71,0.70
71,52,0.70
52,72,0.89
72,52,0.89
52,73,0.72
73,52,0.72
52,74,0.59
74,52,0.59
53,54,1.00
54,53,1.00
53,55,0.77
55,53,0.77
53,56,0.59
56,53,0.59
53,66,0.60
66,53,0.60
53,67,0.83
67,53,0.83
53,68,0.91
68,53,0.91
53,69,0.97
69,53,0.97
53,70,0.89
70,53,0.89
53,71,1.00
71,53,1.00
53,72,1.00
72,53,1.00
53,73,0.73
73,53,0.73
54,55,1.00
55,54,1.00
54,56,0.77
56,54,0.77
54,67,0.63
67,54,0.63
54,68,0.78
68,54,0.78
54,69,0.95
69,54,0.95
54,70,0.83
70,54,0.83
54,71,0.74
71,54,0.74
54,72,0.69
72,54,0.69
55,56,1.00
56,55,1.00
55,57,0.74
57,55,0.74
55,58,0.58
58,55,0.58
55,68,0.62
68,55,0.62
55,69,0.84
69,55,0.84
55,70,0.93
70,55,0.93
55,71,0.71
71,55,0.71
55,72,0.59
72,55,0.59
56,57,1.00
57,56,1.00
56,58,0.76
58,56,0.76
56,59,0.64
59,56,0.64
56,60,0.69
60,56,0.69
56,61,0.58
61,56,0.58
56,69,0.71
69,56,0.71
56,70,0.70
70,56,0.70
57,58,1.00
58,57,1.00
57,59,0.72
59,57,0.72
57,60,0.66
60,57,0.66
57,70,0.60
70,57,0.60
58,59,1.00
59,58,1.00
58,60,0.78
60,58,0.78
58,61,0.60
61,58,0.60
59,60,1.00
60,59,1.00
59,61,0.77
61,59,0.77
59,62,0.58
62,59,0.58
60,61,1.00
61,60,1.00
60,62,0.71
62,60,0.71
60,69,0.61
69,60,0.61
61,62,1.00
62,61,1.00
61,63,0.75
63,61,0.75
61,64,0.61
64,61,0.61
61,68,0.62
68,61,0.62
61,69,0.66
69,61,0.66
62,63,1.00
63,62,1.00
62,64,0.73
64,62,0.73
62,65,0.60
65,62,0.60
63,64,1.00
64,63,1.00
63,65,0.82
65,63,0.82
63,66,0.63
66,63,0.63
63,68,0.61
68,63,0.61
64,65,1.00
65,64,1.00
64,66,0.73
66,64,0.73
64,67,0.62
67,64,0.62
64,68,0.66
68,64,0.66
65,66,1.00
66,65,1.00
65,67,0.74
67,65,0.74
65,68,0.68
68,65,0.68
66,67,1.00
67,66,1.00
66,68,0.78
68,66,0.78
66,69,0.62
69,66,0.62
66,71,0.59
71,66,0.59
66,72,0.65
72,66,0.65
66,73,0.77
73,66,0.77
66,74,0.61
74,66,0.61
67,68,1.00
68,67,1.00
67,69,0.81
69,67,0.81
67,70,0.70
70,67,0.70
67,71,0.80
71,67,0.80
67,72,0.89
72,67,0.89
67,73,0.90
73,67,0.90
67,74,0.64
74,67,0.64
68,69,1.00
69,68,1.00
68,70,0.72
70,68,0.72
68,71,0.71
71,68,0.71
68,72,0.76
72,68,0.76
68,73,0.69
73,68,0.69
69,70,1.00
70,69,1.00
69,71,0.83
71,69,0.83
69,72,0.72
72,69,0.72
69,73,0.59
73,69,0.59
70,71,1.00
71,70,1.00
70,72,0.72
72,70,0.72
71,72,1.00
72,71,1.00
71,73,0.72
73,71,0.72
72,73,1.00
73,72,1.00
72,74,0.72
74,72,0.72
73,74,1.00
74,73,1.00
73,75,0.71
75,73,0.71
73,76,0.59
76,73,0.59
74,75,1.00
75,74,1.00
74,76,0.74
76,74,0.74
74,95,0.58
95,74,0.58
75,76,1.00
76,75,1.00
75,77,0.72
77,75,0.72
75,78,0.59
78,75,0.59
75,92,0.62
92,75,0.62
75,93,0.64
93,75,0.64
75,94,0.63
94,75,0.63
75,95,0.69
95,75,0.69
76,77,1.00
77,76,1.00
76,78,0.79
78,76,0.79
76,79,0.58
79,76,0.58
76,92,0.65
92,76,0.65
76,93,0.64
93,76,0.64
76,95,0.60
95,76,0.60
77,78,1.00
78,77,1.00
77,79,0.70
79,77,0.70
77,89,0.58
89,77,0.58
77,92,0.63
92,77,0.63
77,93,0.67
93,77,0.67
77,95,0.58
95,77,0.58
78,79,1.00
79,78,1.00
78,80,0.76
80,78,0.76
78,88,0.62
88,78,0.62
78,89,0.69
89,78,0.69
78,90,0.62
90,78,0.62
78,91,0.62
91,78,0.62
78,92,0.67
92,78,0.67
78,93,0.65
93,78,0.65
79,80,1.00
80,79,1.00
79,81,0.71
81,79,0.71
79,87,0.64
87,79,0.64
79,88,0.85
88,79,0.85
79,89,0.87
89,79,0.87
79,90,0.70
90,79,0.70
79,91,0.70
91,79,0.70
79,92,0.65
92,79,0.65
79,93,0.61
93,79,0.61
80,81,1.00
81,80,1.00
80,82,0.73
82,80,0.73
80,86,0.62
86,80,0.62
80,87,0.69
87,80,0.69
80,88,0.82
88,80,0.82
80,89,0.69
89,80,0.69
80,90,0.59
90,80,0.59
80,91,0.65
91,80,0.65
80,92,0.59
92,80,0.59
81,82,1.00
82,81,1.00
81,83,0.71
83,81,0.71
81,84,0.58
84,81,0.58
81,85,0.64
85,81,0.64
81,86,0.78
86,81,0.78
81,87,0.75
87,81,0.75
81,88,0.77
88,81,0.77
81,89,0.59
89,81,0.59
81,131,0.60
131,81,0.60
81,132,0.62
132,81,0.62
82,83,1.00
83,82,1.00
82,84,0.77
84,82,0.77
82,85,0.83
85,82,0.83
82,86,0.90
86,82,0.90
82,87,0.72
87,82,0.72
82,88,0.63
88,82,0.63
82,136,0.58
136,82,0.58
82,137,0.66
137,82,0.66
83,84,1.00
84,83,1.00
83,85,0.82
85,83,0.82
83,86,0.83
86,83,0.83
83,87,0.60
87,83,0.60
83,134,0.58
134,83,0.58
83,136,0.74
136,83,0.74
83,137,0.83
137,83,0.83
83,138,0.63
138,83,0.63
84,85,1.00
85,84,1.00
84,86,0.84
86,84,0.84
84,87,0.60
87,84,0.60
84,136,0.65
136,84,0.65
84,137,0.84
137,84,0.84
84,138,0.70
138,84,0.70
84,139,0.64
139,84,0.64
85,86,1.00
86,85,1.00
85,87,0.76
87,85,0.76
85,137,0.67
137,85,0.67
85,138,0.63
138,85,0.63
85,139,0.63
139,85,0.63
85,140,0.64
140,85,0.64
85,141,0.58
141,85,0.58
86,87,1.00
87,86,1.00
86,88,0.72
88,86,0.72
86,91,0.58
91,86,0.58
86,131,0.61
131,86,0.61
86,136,0.59
136,86,0.59
86,137,0.77
137,86,0.77
86,138,0.75
138,86,0.75
86,139,0.69
139,86,0.69
86,140,0.72
140,86,0.72
86,141,0.72
141,86,0.72
86,142,0.69
142,86,0.69
87,88,1.00
88,87,1.00
87,89,0.72
89,87,0.72
87,90,0.70
90,87,0.70
87,91,0.76
91,87,0.76
87,127,0.58
127,87,0.58
87,128,0.63
128,87,0.63
87,129,0.65
129,87,0.65
87,130,0.58
130,87,0.58
87,131,0.57
131,87,0.57
87,137,0.57
137,87,0.57
87,138,0.61
138,87,0.61
87,139,0.61
139,87,0.61
87,140,0.74
140,87,0.74
87,141,0.86
141,87,0.86
87,142,0.70
142,87,0.70
88,89,1.00
89,88,1.00
88,90,0.81
90,88,0.81
88,91,0.78
91,88,0.78
88,92,0.60
92,88,0.60
88,127,0.60
127,88,0.60
88,128,0.65
128,88,0.65
88,129,0.71
129,88,0.71
88,130,0.61
130,88,0.61
88,131,0.57
131,88,0.57
88,140,0.58
140,88,0.58
88,141,0.74
141,88,0.74
88,142,0.62
142,88,0.62
89,90,1.00
90,89,1.00
89,91,0.78
91,89,0.78
89,92,0.64
92,89,0.64
89,93,0.67
93,89,0.67
89,127,0.64
127,89,0.64
89,128,0.63
128,89,0.63
89,129,0.64
129,89,0.64
89,141,0.62
141,89,0.62
90,91,1.00
91,90,1.00
90,92,0.78
92,90,0.78
90,93,0.84
93,90,0.84
90,94,0.63
94,90,0.63
90,126,0.59
126,90,0.59
90,127,0.67
127,90,0.67
90,128,0.59
128,90,0.59
90,141,0.61
141,90,0.61
91,92,1.00
92,91,1.00
91,93,0.83
93,91,0.83
91,94,0.64
94,91,0.64
91,141,0.57
141,91,0.57
92,93,1.00
93,92,1.00
92,94,0.79
94,92,0.79
92,95,0.63
95,92,0.63
93,94,1.00
94,93,1.00
93,95,0.82
95,93,0.82
93,96,0.65
96,93,0.65
94,95,1.00
95,94,1.00
94,96,0.72
96,94,0.72
95,96,1.00
96,95,1.00
95,97,0.71
97,95,0.71
96,97,1.00
97,96,1.00
96,98,0.73
98,96,0.73
96,99,0.77
99,96,0.77
97,98,1.00
98,97,1.00
97,99,0.84
99,97,0.84
97,100,0.62
100,97,0.62
98,99,1.00
99,98,1.00
98,100,0.81
100,98,0.81
98,101,0.59
101,98,0.59
98,104,0.61
104,98,0.61
98,105,0.73
105,98,0.73
98,106,0.69
106,98,0.69
99,100,1.00
100,99,1.00
99,101,0.73
101,99,0.73
99,103,0.58
103,99,0.58
99,104,0.59
104,99,0.59
99,105,0.69
105,99,0.69
99,106,0.78
106,99,0.78
99,107,0.63
107,99,0.63
99,108,0.65
108,99,0.65
99,111,0.58
111,99,0.58
100,101,1.00
101,100,1.00
100,102,0.75
102,100,0.75
100,103,0.79
103,100,0.79
100,104,0.76
104,100,0.76
100,105,0.80
105,100,0.80
100,106,0.93
106,100,0.93
100,107,0.79
107,100,0.79
100,108,0.76
108,100,0.76
100,109,0.64
109,100,0.64
100,111,0.67
111,100,0.67
101,102,1.00
102,101,1.00
101,103,0.84
103,101,0.84
101,104,0.67
104,101,0.67
101,105,0.64
105,101,0.64
101,106,0.77
106,101,0.77
101,107,0.86
107,101,0.86
101,108,0.92
108,101,0.92
101,109,0.87
109,101,0.87
101,110,0.77
110,101,0.77
101,111,0.88
111,101,0.88
101,112,0.65
112,101,0.65
101,113,0.59
113,101,0.59
102,103,1.00
103,102,1.00
102,104,0.72
104,102,0.72
102,105,0.61
105,102,0.61
102,106,0.69
106,102,0.69
102,107,0.88
107,102,0.88
102,108,0.79
108,102,0.79
102,109,0.90
109,102,0.90
102,110,0.77
110,102,0.77
102,111,0.70
111,102,0.70
103,104,1.00
104,103,1.00
103,105,0.82
105,103,0.82
103,106,0.86
106,103,0.86
103,107,1.00
107,103,1.00
103,108,0.73
108,103,0.73
103,109,0.70
109,103,0.70
103,110,0.57
110,103,0.57
104,105,1.00
105,104,1.00
104,106,0.81
106,104,0.81
104,107,0.74
107,104,0.74
104,108,0.57
108,104,0.57
105,106,1.00
106,105,1.00
105,107,0.75
107,105,0.75
105,108,0.59
108,105,0.59
106,107,1.00
107,106,1.00
106,108,0.80
108,106,0.80
106,109,0.62
109,106,0.62
107,108,1.00
108,107,1.00
107,109,0.81
109,107,0.81
107,110,0.60
110,107,0.60
107,111,0.60
111,107,0.60
108,109,1.00
109,108,1.00
108,110,0.72
110,108,0.72
108,111,0.75
111,108,0.75
109,110,1.00
110,109,1.00
109,111,0.83
111,109,0.83
109,112,0.60
112,109,0.60
110,111,1.00
111,110,1.00
110,112,0.74
112,110,0.74
110,113,0.63
113,110,0.63
111,112,1.00
112,111,1.00
111,113,0.85
113,111,0.85
111,114,0.65
114,111,0.65
111,115,0.63
115,111,0.63
112,113,1.00
113,112,1.00
112,114,0.73
114,112,0.73
112,115,0.78
115,112,0.78
112,116,0.58
116,112,0.58
113,114,1.00
114,113,1.00
113,115,0.85
115,113,0.85
113,116,0.60
116,113,0.60
113,125,0.59
125,113,0.59
113,126,0.64
126,113,0.64
113,127,0.71
127,113,0.71
114,115,1.00
115,114,1.00
114,116,0.73
116,114,0.73
114,117,0.70
117,114,0.70
114,118,0.61
118,114,0.61
114,121,0.57
121,114,0.57
114,124,0.59
124,114,0.59
114,125,0.79
125,114,0.79
114,126,0.89
126,114,0.89
114,127,0.93
127,114,0.93
114,128,0.67
128,114,0.67
115,116,1.00
116,115,1.00
115,117,0.78
117,115,0.78
115,118,0.64
118,115,0.64
115,119,0.59
119,115,0.59
115,125,0.63
125,115,0.63
115,126,0.68
126,115,0.68
115,127,0.78
127,115,0.78
115,128,0.67
128,115,0.67
116,117,1.00
117,116,1.00
116,118,0.75
118,116,0.75
116,119,0.66
119,116,0.66
116,125,0.59
125,116,0.59
116,126,0.62
126,116,0.62
116,127,0.68
127,116,0.68
116,128,0.67
128,116,0.67
116,145,0.61
145,116,0.61
117,118,1.00
118,117,1.00
117,119,0.73
119,117,0.73
117,120,0.58
120,117,0.58
117,124,0.59
124,117,0.59
117,125,0.70
125,117,0.70
117,126,0.72
126,117,0.72
117,127,0.70
127,117,0.70
117,128,0.67
128,117,0.67
117,144,0.60
144,117,0.60
117,145,0.61
145,117,0.61
118,119,1.00
119,118,1.00
118,120,0.74
120,118,0.74
118,121,0.69
121,118,0.69
118,122,0.63
122,118,0.63
118,123,0.64
123,118,0.64
118,124,0.63
124,118,0.63
118,125,0.73
125,118,0.73
118,126,0.63
126,118,0.63
119,120,1.00
120,119,1.00
119,121,0.76
121,119,0.76
119,122,0.64
122,119,0.64
119,123,0.58
123,119,0.58
119,125,0.63
125,119,0.63
120,121,1.00
121,120,1.00
120,122,0.76
122,120,0.76
120,123,0.61
123,120,0.61
120,125,0.64
125,120,0.64
121,122,1.00
122,121,1.00
121,123,0.78
123,121,0.78
121,124,0.69
124,121,0.69
121,125,0.80
125,121,0.80
121,126,0.58
126,121,0.58
122,123,1.00
123,122,1.00
122,124,0.74
124,122,0.74
122,125,0.71
125,122,0.71
123,124,1.00
124,123,1.00
123,125,0.80
125,123,0.80
123,126,0.61
126,123,0.61
124,125,1.00
125,124,1.00
124,126,0.81
126,124,0.81
124,127,0.58
127,124,0.58
125,126,1.00
126,125,1.00
125,127,0.70
127,125,0.70
126,127,1.00
127,126,1.00
126,128,0.73
128,126,0.73
126,140,0.58
140,126,0.58
126,141,0.65
141,126,0.65
127,128,1.00
128,127,1.00
127,129,0.71
129,127,0.71
127,140,0.60
140,127,0.60
127,141,0.76
141,127,0.76
127,142,0.60
142,127,0.60
128,129,1.00
129,128,1.00
128,130,0.71
130,128,0.71
128,140,0.68
140,128,0.68
128,141,0.94
141,128,0.94
128,142,0.80
142,128,0.80
128,143,0.66
143,128,0.66
128,144,0.64
144,128,0.64
128,145,0.62
145,128,0.62
129,130,1.00
130,129,1.00
129,131,0.72
131,129,0.72
129,132,0.63
132,129,0.63
129,140,0.62
140,129,0.62
129,141,0.84
141,129,0.84
129,142,0.88
142,129,0.88
129,143,0.65
143,129,0.65
129,144,0.62
144,129,0.62
129,145,0.63
145,129,0.63
130,131,1.00
131,130,1.00
130,132,0.80
132,130,0.80
130,133,0.62
133,130,0.62
130,134,0.62
134,130,0.62
130,138,0.63
138,130,0.63
130,141,0.69
141,130,0.69
130,142,0.88
142,130,0.88
130,143,0.66
143,130,0.66
130,144,0.63
144,130,0.63
130,145,0.64
145,130,0.64
131,132,1.00
132,131,1.00
131,133,0.81
133,131,0.81
131,134,0.87
134,131,0.87
131,135,0.73
135,131,0.73
131,136,0.65
136,131,0.65
131,137,0.67
137,131,0.67
131,138,0.68
138,131,0.68
131,141,0.59
141,131,0.59
131,142,0.75
142,131,0.75
131,143,0.60
143,131,0.60
132,133,1.00
133,132,1.00
132,134,0.84
134,132,0.84
132,135,0.62
135,132,0.62
132,142,0.58
142,132,0.58
133,134,1.00
134,133,1.00
133,135,0.71
135,133,0.71
133,136,0.60
136,133,0.60
134,135,1.00
135,134,1.00
134,136,0.83
136,134,0.83
134,137,0.68
137,134,0.68
134,138,0.58
138,134,0.58
135,136,1.00
136,135,1.00
135,137,0.75
137,135,0.75
135,138,0.64
138,135,0.64
136,137,1.00
137,136,1.00
136,138,0.71
138,136,0.71
137,138,1.00
138,137,1.00
137,139,0.72
139,137,0.72
137,140,0.59
140,137,0.59
137,142,0.65
142,137,0.65
137,143,0.60
143,137,0.60
138,139,1.00
139,138,1.00
138,140,0.76
140,138,0.76
138,141,0.68
141,138,0.68
138,142,0.86
142,138,0.86
138,143,0.83
143,138,0.83
138,144,0.61
144,138,0.61
139,140,1.00
140,139,1.00
139,141,0.74
141,139,0.74
139,142,0.81
142,139,0.81
139,143,0.92
143,139,0.92
139,144,0.64
144,139,0.64
140,141,1.00
141,140,1.00
140,142,0.87
142,140,0.87
140,143,0.84
143,140,0.84
140,144,0.62
144,140,0.62
141,142,1.00
142,141,1.00
141,143,0.77
143,141,0.77
141,144,0.63
144,141,0.63
142,143,1.00
143,142,1.00
142,144,0.77
144,142,0.77
142,145,0.64
145,142,0.64
143,144,1.00
144,143,1.00
143,145,0.70
145,143,0.70
144,145,1.00
145,144,1.00
144,146,0.77
146,144,0.77
145,146,1.00
146,145,1.00
147,148,1.00
148,147,1.00
147,149,0.76
149,147,0.76
147,150,0.62
150,147,0.62
148,149,1.00
149,148,1.00
148,150,0.86
150,148,0.86
148,151,0.71
151,148,0.71
149,150,1.00
150,149,1.00
149,151,0.72
151,149,0.72
150,151,1.00
151,150,1.00
150,152,0.71
152,150,0.71
150,153,0.68
153,150,0.68
151,152,1.00
152,151,1.00
151,153,0.82
153,151,0.82
151,154,0.60
154,151,0.60
151,155,0.61
155,151,0.61
152,153,1.00
153,152,1.00
152,154,0.77
154,152,0.77
152,155,0.82
155,152,0.82
152,156,0.59
156,152,0.59
153,154,1.00
154,153,1.00
153,155,0.82
155,153,0.82
153,156,0.59
156,153,0.59
154,155,1.00
155,154,1.00
154,156,0.74
156,154,0.74
154,157,0.60
157,154,0.60
155,156,1.00
156,155,1.00
155,157,0.78
157,155,0.78
156,157,1.00
157,156,1.00
156,158,0.71
158,156,0.71
156,159,0.62
159,156,0.62
157,158,1.00
158,157,1.00
157,159,0.82
159,157,0.82
157,160,0.63
160,157,0.63
157,161,0.61
161,157,0.61
158,159,1.00
159,158,1.00
158,160,0.87
160,158,0.87
158,161,0.79
161,158,0.79
158,162,0.58
162,158,0.58
159,160,1.00
160,159,1.00
159,161,0.82
161,159,0.82
159,162,0.64
162,159,0.64
159,163,0.57
163,159,0.57
160,161,1.00
161,160,1.00
160,162,0.73
162,160,0.73
160,163,0.58
163,160,0.58
161,162,1.00
162,161,1.00
161,163,0.74
163,161,0.74
162,163,1.00
163,162,1.00
162,164,0.72
164,162,0.72
162,165,0.61
165,162,0.61
163,164,1.00
164,163,1.00
163,165,0.87
165,163,0.87
163,166,0.65
166,163,0.65
164,165,1.00
165,164,1.00
164,166,0.70
166,164,0.70
164,167,0.58
167,164,0.58
165,166,1.00
166,165,1.00
165,167,0.73
167,165,0.73
166,167,1.00
167,166,1.00
166,168,0.71
168,166,0.71
167,168,1.00
168,167,1.00
