1,2,1.00
2,1,1.00
1,3,0.73
3,1,0.73
1,4,0.60
4,1,0.60
2,3,1.00
3,2,1.00
2,4,0.75
4,2,0.75
3,4,1.00
4,3,1.00
3,5,0.71
5,3,0.71
3,38,0.58
38,3,0.58
4,5,1.00
5,4,1.00
4,6,0.75
6,4,0.75
4,7,0.62
7,4,0.62
4,8,0.61
8,4,0.61
4,38,0.59
38,4,0.59
4,40,0.61
40,4,0.61
5,6,1.00
6,5,1.00
5,7,0.84
7,5,0.84
5,8,0.78
8,5,0.78
5,9,0.60
9,5,0.60
5,38,0.60
38,5,0.60
5,39,0.64
39,5,0.64
5,40,0.75
40,5,0.75
5,41,0.75
41,5,0.75
5,42,0.58
42,5,0.58
6,7,1.00
7,6,1.00
6,8,0.74
8,6,0.74
6,9,0.60
9,6,0.60
6,40,0.59
40,6,0.59
6,41,0.67
41,6,0.67
7,8,1.00
8,7,1.00
7,9,0.83
9,7,0.83
7,10,0.65
10,7,0.65
7,11,0.69
11,7,0.69
7,40,0.63
40,7,0.63
7,41,0.74
41,7,0.74
8,9,1.00
9,8,1.00
8,10,0.70
10,8,0.70
8,11,0.64
11,8,0.64
8,15,0.59
15,8,0.59
8,38,0.62
38,8,0.62
8,39,0.70
39,8,0.70
8,40,0.69
40,8,0.69
8,41,0.71
41,8,0.71
9,10,1.00
10,9,1.00
9,11,0.82
11,9,0.82
9,12,0.61
12,9,0.61
9,13,0.59
13,9,0.59
9,14,0.66
14,9,0.66
9,15,0.79
15,9,0.79
9,16,0.59
16,9,0.59
9,39,0.65
39,9,0.65
9,40,0.65
40,9,0.65
9,41,0.70
41,9,0.70
10,11,1.00
11,10,1.00
10,12,0.78
12,10,0.78
10,13,0.76
13,10,0.76
10,14,0.85
14,10,0.85
10,15,1.00
15,10,1.00
10,16,0.69
16,10,0.69
10,39,0.60
39,10,0.60
10,40,0.62
40,10,0.62
10,41,0.70
41,10,0.70
10,42,0.60
42,10,0.60
10,43,0.61
43,10,0.61
10,44,0.65
44,10,0.65
11,12,1.00
12,11,1.00
11,13,0.79
13,11,0.79
11,14,0.71
14,11,0.71
11,15,0.70
15,11,0.70
11,40,0.58
40,11,0.58
11,41,0.73
41,11,0.73
11,42,0.65
42,11,0.65
11,43,0.72
43,11,0.72
11,44,0.89
44,11,0.89
11,45,0.73
45,11,0.73
11,46,0.60
46,11,0.60
12,13,1.00
13,12,1.00
12,14,0.74
14,12,0.74
12,15,0.63
15,12,0.63
12,43,0.68
43,12,0.68
12,44,0.86
44,12,0.86
12,45,0.88
45,12,0.88
12,46,0.70
46,12,0.70
12,47,0.58
47,12,0.58
12,48,0.61
48,12,0.61
12,49,0.65
49,12,0.65
12,50,0.59
50,12,0.59
12,51,0.59
51,12,0.59
13,14,1.00
14,13,1.00
13,15,0.72
15,13,0.72
13,16,0.59
16,13,0.59
13,44,0.61
44,13,0.61
13,45,0.64
45,13,0.64
13,48,0.59
48,13,0.59
13,49,0.66
49,13,0.66
14,15,1.00
15,14,1.00
14,16,0.79
16,14,0.79
15,16,1.00
16,15,1.00
15,17,0.72
17,15,0.72
16,17,1.00
17,16,1.00
16,18,0.72
18,16,0.72
17,18,1.00
18,17,1.00
17,19,0.73
19,17,0.73
17,20,0.65
20,17,0.65
17,21,0.66
21,17,0.66
18,19,1.00
19,18,1.00
18,20,0.82
20,18,0.82
18,21,0.74
21,18,0.74
18,22,0.62
22,18,0.62
19,20,1.00
20,19,1.00
19,21,0.74
21,19,0.74
19,22,0.61
22,19,0.61
20,21,1.00
21,20,1.00
20,22,0.78
22,20,0.78
20,23,0.57
23,20,0.57
20,32,0.59
32,20,0.59
20,34,0.57
34,20,0.57
21,22,1.00
22,21,1.00
21,23,0.73
23,21,0.73
21,32,0.66
32,21,0.66
21,33,0.62
33,21,0.62
21,34,0.63
34,21,0.63
21,35,0.64
35,21,0.64
21,36,0.61
36,21,0.61
22,23,1.00
23,22,1.00
22,24,0.75
24,22,0.75
22,25,0.59
25,22,0.59
22,31,0.68
31,22,0.68
22,32,0.83
32,22,0.83
22,33,0.68
33,22,0.68
22,34,0.60
34,22,0.60
22,35,0.58
35,22,0.58
23,24,1.00
24,23,1.00
23,25,0.75
25,23,0.75
23,26,0.63
26,23,0.63
23,31,0.75
31,23,0.75
23,32,0.75
32,23,0.75
23,33,0.64
33,23,0.64
24,25,1.00
25,24,1.00
24,26,0.76
26,24,0.76
24,27,0.63
27,24,0.63
24,28,0.59
28,24,0.59
24,29,0.61
29,24,0.61
24,30,0.60
30,24,0.60
24,31,0.78
31,24,0.78
24,32,0.69
32,24,0.69
25,26,1.00
26,25,1.00
25,27,0.84
27,25,0.84
25,28,0.82
28,25,0.82
25,29,0.80
29,25,0.80
25,30,0.73
30,25,0.73
25,31,0.85
31,25,0.85
25,32,0.64
32,25,0.64
26,27,1.00
27,26,1.00
26,28,0.84
28,26,0.84
26,29,0.67
29,26,0.67
26,30,0.60
30,26,0.60
26,31,0.63
31,26,0.63
27,28,1.00
28,27,1.00
27,29,0.72
29,27,0.72
27,30,0.58
30,27,0.58
28,29,1.00
29,28,1.00
28,30,0.75
30,28,0.75
28,31,0.65
31,28,0.65
29,30,1.00
30,29,1.00
29,31,0.80
31,29,0.80
29,32,0.59
32,29,0.59
30,31,1.00
31,30,1.00
30,32,0.72
32,30,0.72
30,33,0.70
33,30,0.70
31,32,1.00
32,31,1.00
31,33,0.83
33,31,0.83
31,34,0.59
34,31,0.59
32,33,1.00
33,32,1.00
32,34,0.72
34,32,0.72
32,35,0.59
35,32,0.59
33,34,1.00
34,33,1.00
33,35,0.76
35,33,0.76
34,35,1.00
35,34,1.00
34,36,0.71
36,34,0.71
34,37,0.58
37,34,0.58
35,36,1.00
36,35,1.00
35,37,0.80
37,35,0.80
35,38,0.60
38,35,0.60
36,37,1.00
37,36,1.00
36,38,0.74
38,36,0.74
36,39,0.62
39,36,0.62
37,38,1.00
38,37,1.00
37,39,0.77
39,37,0.77
37,40,0.61
40,37,0.61
38,39,1.00
39,38,1.00
38,40,0.75
40,38,0.75
39,40,1.00
40,39,1.00
39,41,0.72
41,39,0.72
39,42,0.60
42,39,0.60
40,41,1.00
41,40,1.00
40,42,0.80
42,40,0.80
40,43,0.60
43,40,0.60
41,42,1.00
42,41,1.00
41,43,0.78
43,41,0.78
41,44,0.70
44,41,0.70
42,43,1.00
43,42,1.00
42,44,0.74
44,42,0.74
43,44,1.00
44,43,1.00
43,45,0.71
45,43,0.71
44,45,1.00
45,44,1.00
44,46,0.72
46,44,0.72
44,51,0.59
51,44,0.59
45,46,1.00
46,45,1.00
45,47,0.72
47,45,0.72
45,48,0.64
48,45,0.64
45,49,0.64
49,45,0.64
45,50,0.68
50,45,0.68
45,51,0.81
51,45,0.81
45,52,0.61
52,45,0.61
46,47,1.00
47,46,1.00
46,48,0.76
48,46,0.76
46,49,0.65
49,46,0.65
46,50,0.68
50,46,0.68
46,51,0.84
51,46,0.84
46,52,0.69
52,46,0.69
47,48,1.00
48,47,1.00
47,49,0.74
49,47,0.74
47,50,0.73
50,47,0.73
47,51,0.82
51,47,0.82
47,52,0.74
52,47,0.74
47,75,0.57
75,47,0.57
47,76,0.70
76,47,0.70
47,77,0.60
77,47,0.60
47,78,0.58
78,47,0.58
48,49,1.00
49,48,1.00
48,50,0.80
50,48,0.80
48,51,0.73
51,48,0.73
48,52,0.63
52,48,0.63
48,76,0.65
76,48,0.65
49,50,1.00
50,49,1.00
49,51,0.74
51,49,0.74
49,52,0.60
52,49,0.60
50,51,1.00
51,50,1.00
50,52,0.77
52,50,0.77
50,53,0.64
53,50,0.64
50,55,0.58
55,50,0.58
50,76,0.61
76,50,0.61
51,52,1.00
52,51,1.00
51,53,0.77
53,51,0.77
51,54,0.59
54,51,0.59
51,76,0.62
76,51,0.62
51,77,0.58
77,51,0.58
52,53,1.00
53,52,1.00
52,54,0.74
54,52,0.74
52,55,0.65
55,52,0.65
52,76,0.75
76,52,0.75
52,77,0.77
77,52,0.77
52,78,0.75
78,52,0.75
52,79,0.59
79,52,0.59
53,54,1.00
54,53,1.00
53,55,0.75
55,53,0.75
53,76,0.61
76,53,0.61
53,77,0.68
77,53,0.68
53,78,0.68
78,53,0.68
53,79,0.60
79,53,0.60
54,55,1.00
55,54,1.00
54,56,0.72
56,54,0.72
54,76,0.59
76,54,0.59
54,77,0.67
77,54,0.67
54,78,0.60
78,54,0.60
54,89,0.67
89,54,0.67
54,90,0.72
90,54,0.72
55,56,1.00
56,55,1.00
55,57,0.72
57,55,0.72
55,58,0.61
58,55,0.61
55,76,0.60
76,55,0.60
55,77,0.60
77,55,0.60
55,89,0.60
89,55,0.60
55,90,0.64
90,55,0.64
56,57,1.00
57,56,1.00
56,58,0.76
58,56,0.76
56,59,0.62
59,56,0.62
56,90,0.60
90,56,0.60
57,58,1.00
58,57,1.00
57,59,0.70
59,57,0.70
58,59,1.00
59,58,1.00
58,60,0.71
60,58,0.71
59,60,1.00
60,59,1.00
59,61,0.71
61,59,0.71
59,62,0.60
62,59,0.60
60,61,1.00
61,60,1.00
60,62,0.75
62,60,0.75
60,63,0.67
63,60,0.67
60,64,0.62
64,60,0.62
60,75,0.60
75,60,0.60
61,62,1.00
62,61,1.00
61,63,0.76
63,61,0.76
61,64,0.70
64,61,0.70
62,63,1.00
63,62,1.00
62,64,0.80
64,62,0.80
62,65,0.60
65,62,0.60
62,66,0.60
66,62,0.60
63,64,1.00
64,63,1.00
63,65,0.77
65,63,0.77
63,66,0.83
66,63,0.83
63,67,0.60
67,63,0.60
64,65,1.00
65,64,1.00
64,66,0.83
66,64,0.83
64,67,0.61
67,64,0.61
64,68,0.62
68,64,0.62
64,69,0.58
69,64,0.58
64,72,0.58
72,64,0.58
64,73,0.71
73,64,0.71
64,74,0.60
74,64,0.60
64,75,0.61
75,64,0.61
65,66,1.00
66,65,1.00
65,67,0.79
67,65,0.79
65,68,0.87
68,65,0.87
65,69,0.78
69,65,0.78
65,70,0.61
70,65,0.61
65,71,0.60
71,65,0.60
65,72,0.69
72,65,0.69
65,73,0.90
73,65,0.90
65,74,0.72
74,65,0.72
65,75,0.71
75,65,0.71
66,67,1.00
67,66,1.00
66,68,0.86
68,66,0.86
66,69,0.69
69,66,0.69
66,73,0.64
73,66,0.64
66,75,0.62
75,66,0.62
67,68,1.00
68,67,1.00
67,69,0.80
69,67,0.80
67,70,0.61
70,67,0.61
67,73,0.60
73,67,0.60
67,75,0.62
75,67,0.62
68,69,1.00
69,68,1.00
68,70,0.79
70,68,0.79
68,71,0.68
71,68,0.68
68,72,0.65
72,68,0.65
68,73,0.73
73,68,0.73
68,74,0.64
74,68,0.64
68,75,0.61
75,68,0.61
69,70,1.00
70,69,1.00
69,71,0.76
71,69,0.76
69,72,0.69
72,69,0.69
69,73,0.84
73,69,0.84
69,74,0.84
74,69,0.84
69,75,0.77
75,69,0.77
69,76,0.59
76,69,0.59
69,77,0.60
77,69,0.60
70,71,1.00
71,70,1.00
70,72,0.74
72,70,0.74
70,73,0.75
73,70,0.75
70,74,0.72
74,70,0.72
70,75,0.60
75,70,0.60
71,72,1.00
72,71,1.00
71,73,0.81
73,71,0.81
71,74,0.68
74,71,0.68
72,73,1.00
73,72,1.00
72,74,0.72
74,72,0.72
73,74,1.00
74,73,1.00
73,75,0.75
75,73,0.75
74,75,1.00
75,74,1.00
74,76,0.74
76,74,0.74
74,77,0.64
77,74,0.64
75,76,1.00
76,75,1.00
75,77,0.80
77,75,0.80
75,78,0.61
78,75,0.61
76,77,1.00
77,76,1.00
76,78,0.71
78,76,0.71
76,89,0.58
89,76,0.58
77,78,1.00
78,77,1.00
77,79,0.71
79,77,0.71
77,88,0.59
88,77,0.59
77,89,0.74
89,77,0.74
77,90,0.58
90,77,0.58
78,79,1.00
79,78,1.00
78,80,0.73
80,78,0.73
78,87,0.58
87,78,0.58
78,89,0.65
89,78,0.65
79,80,1.00
80,79,1.00
79,81,0.76
81,79,0.76
79,82,0.58
82,79,0.58
79,86,0.61
86,79,0.61
79,87,0.67
87,79,0.67
79,88,0.59
88,79,0.59
79,89,0.63
89,79,0.63
80,81,1.00
81,80,1.00
80,82,0.71
82,80,0.71
80,83,0.59
83,80,0.59
81,82,1.00
82,81,1.00
81,83,0.80
83,81,0.80
81,84,0.61
84,81,0.61
81,86,0.64
86,81,0.64
82,83,1.00
83,82,1.00
82,84,0.70
84,82,0.70
82,86,0.60
86,82,0.60
83,84,1.00
84,83,1.00
83,85,0.75
85,83,0.75
83,86,0.73
86,83,0.73
84,85,1.00
85,84,1.00
84,86,0.83
86,84,0.83
84,87,0.62
87,84,0.62
85,86,1.00
86,85,1.00
85,87,0.71
87,85,0.71
85,93,0.57
93,85,0.57
85,96,0.63
96,85,0.63
86,87,1.00
87,86,1.00
86,88,0.73
88,86,0.73
86,89,0.58
89,86,0.58
86,91,0.58
91,86,0.58
86,93,0.58
93,86,0.58
87,88,1.00
88,87,1.00
87,89,0.74
89,87,0.74
87,90,0.62
90,87,0.62
87,91,0.65
91,87,0.65
88,89,1.00
89,88,1.00
88,90,0.79
90,88,0.79
88,91,0.84
91,88,0.84
88,92,0.63
92,88,0.63
89,90,1.00
90,89,1.00
89,91,0.82
91,89,0.82
89,92,0.61
92,89,0.61
90,91,1.00
91,90,1.00
90,92,0.79
92,90,0.79
90,93,0.60
93,90,0.60
91,92,1.00
92,91,1.00
91,93,0.75
93,91,0.75
91,94,0.59
94,91,0.59
92,93,1.00
93,92,1.00
92,94,0.79
94,92,0.79
92,95,0.61
95,92,0.61
93,94,1.00
94,93,1.00
93,95,0.83
95,93,0.83
93,96,0.72
96,93,0.72
94,95,1.00
95,94,1.00
94,96,0.71
96,94,0.71
94,121,0.59
121,94,0.59
94,122,0.62
122,94,0.62
95,96,1.00
96,95,1.00
95,97,0.76
97,95,0.76
95,98,0.61
98,95,0.61
95,121,0.71
121,95,0.71
95,122,0.77
122,95,0.77
95,123,0.58
123,95,0.58
96,97,1.00
97,96,1.00
96,98,0.73
98,96,0.73
96,99,0.60
99,96,0.60
96,121,0.61
121,96,0.61
96,122,0.68
122,96,0.68
97,98,1.00
98,97,1.00
97,99,0.80
99,97,0.80
97,100,0.61
100,97,0.61
97,121,0.65
121,97,0.65
97,122,0.71
122,97,0.71
97,123,0.66
123,97,0.66
97,124,0.60
124,97,0.60
98,99,1.00
99,98,1.00
98,100,0.81
100,98,0.81
98,101,0.58
101,98,0.58
98,121,0.59
121,98,0.59
98,122,0.71
122,98,0.71
98,123,0.77
123,98,0.77
98,124,0.78
124,98,0.78
99,100,1.00
100,99,1.00
99,101,0.71
101,99,0.71
99,115,0.59
115,99,0.59
99,121,0.68
121,99,0.68
99,122,0.76
122,99,0.76
99,123,0.95
123,99,0.95
99,124,0.82
124,99,0.82
99,125,0.60
125,99,0.60
100,101,1.00
101,100,1.00
100,102,0.76
102,100,0.76
100,103,0.59
103,100,0.59
100,115,0.61
115,100,0.61
100,122,0.59
122,100,0.59
100,123,0.77
123,100,0.77
100,124,0.83
124,100,0.83
100,125,0.62
125,100,0.62
101,102,1.00
102,101,1.00
101,103,0.76
103,101,0.76
101,104,0.60
104,101,0.60
101,110,0.61
110,101,0.61
101,113,0.64
113,101,0.64
101,114,0.60
114,101,0.60
101,115,0.65
115,101,0.65
101,123,0.63
123,101,0.63
101,124,0.67
124,101,0.67
101,125,0.58
125,101,0.58
101,126,0.58
126,101,0.58
102,103,1.00
103,102,1.00
102,104,0.75
104,102,0.75
102,105,0.63
105,102,0.63
102,109,0.59
109,102,0.59
102,110,0.65
110,102,0.65
103,104,1.00
104,103,1.00
103,105,0.72
105,103,0.72
103,106,0.58
106,103,0.58
103,108,0.57
108,103,0.57
103,109,0.77
109,103,0.77
103,110,0.78
110,103,0.78
103,113,0.59
113,103,0.59
104,105,1.00
105,104,1.00
104,106,0.76
106,104,0.76
104,107,0.62
107,104,0.62
104,108,0.65
108,104,0.65
104,109,0.86
109,104,0.86
104,110,0.91
110,104,0.91
104,111,0.64
111,104,0.64
105,106,1.00
106,105,1.00
105,107,0.72
107,105,0.72
105,108,0.65
108,105,0.65
105,109,0.76
109,105,0.76
105,110,0.96
110,105,0.96
105,111,0.76
111,105,0.76
105,112,0.59
112,105,0.59
105,113,0.58
113,105,0.58
106,107,1.00
107,106,1.00
106,108,0.79
108,106,0.79
106,109,0.78
109,106,0.78
106,110,0.92
110,106,0.92
106,111,0.92
111,106,0.92
106,112,0.66
112,106,0.66
106,113,0.59
113,106,0.59
107,108,1.00
108,107,1.00
107,109,0.81
109,107,0.81
107,110,0.87
110,107,0.87
107,111,1.00
111,107,1.00
107,112,0.85
112,107,0.85
107,113,0.65
113,107,0.65
107,139,0.60
139,107,0.60
108,109,1.00
109,108,1.00
108,110,0.83
110,108,0.83
108,111,0.79
111,108,0.79
108,112,0.79
112,108,0.79
108,113,0.62
113,108,0.62
109,110,1.00
110,109,1.00
109,111,0.76
111,109,0.76
109,112,0.73
112,109,0.73
109,113,0.67
113,109,0.67
110,111,1.00
111,110,1.00
110,112,0.82
112,110,0.82
110,113,0.81
113,110,0.81
110,114,0.58
114,110,0.58
111,112,1.00
112,111,1.00
111,113,0.84
113,111,0.84
111,114,0.62
114,111,0.62
111,139,0.68
139,111,0.68
112,113,1.00
113,112,1.00
112,114,0.74
114,112,0.74
112,128,0.57
128,112,0.57
112,138,0.68
138,112,0.68
112,139,0.83
139,112,0.83
112,140,0.67
140,112,0.67
112,141,0.57
141,112,0.57
113,114,1.00
114,113,1.00
113,115,0.73
115,113,0.73
113,116,0.59
116,113,0.59
113,126,0.58
126,113,0.58
113,128,0.59
128,113,0.59
113,139,0.70
139,113,0.70
113,140,0.67
140,113,0.67
114,115,1.00
115,114,1.00
114,116,0.82
116,114,0.82
114,117,0.63
117,114,0.63
114,126,0.60
126,114,0.60
114,128,0.61
128,114,0.61
114,139,0.68
139,114,0.68
114,140,0.77
140,114,0.77
114,141,0.60
141,114,0.60
115,116,1.00
116,115,1.00
115,117,0.71
117,115,0.71
115,118,0.67
118,115,0.67
115,119,0.68
119,115,0.68
115,122,0.57
122,115,0.57
115,123,0.72
123,115,0.72
115,124,0.63
124,115,0.63
115,125,0.64
125,115,0.64
115,126,0.60
126,115,0.60
115,140,0.60
140,115,0.60
116,117,1.00
117,116,1.00
116,118,0.81
118,116,0.81
116,119,0.71
119,116,0.71
116,120,0.59
120,116,0.59
116,123,0.64
123,116,0.64
116,125,0.59
125,116,0.59
116,140,0.63
140,116,0.63
117,118,1.00
118,117,1.00
117,119,0.72
119,117,0.72
117,120,0.60
120,117,0.60
117,140,0.60
140,117,0.60
118,119,1.00
119,118,1.00
118,120,0.76
120,118,0.76
118,121,0.60
121,118,0.60
119,120,1.00
120,119,1.00
119,121,0.76
121,119,0.76
119,122,0.61
122,119,0.61
119,123,0.61
123,119,0.61
120,121,1.00
121,120,1.00
120,122,0.71
122,120,0.71
120,123,0.62
123,120,0.62
121,122,1.00
122,121,1.00
121,123,0.78
123,121,0.78
122,123,1.00
123,122,1.00
122,124,0.73
124,122,0.73
122,125,0.62
125,122,0.62
123,124,1.00
124,123,1.00
123,125,0.78
125,123,0.78
123,126,0.60
126,123,0.60
124,125,1.00
125,124,1.00
124,126,0.75
126,124,0.75
125,126,1.00
126,125,1.00
125,127,0.73
127,125,0.73
125,128,0.63
128,125,0.63
126,127,1.00
127,126,1.00
126,128,0.81
128,126,0.81
126,129,0.59
129,126,0.59
127,128,1.00
128,127,1.00
127,129,0.73
129,127,0.73
128,129,1.00
129,128,1.00
128,130,0.77
130,128,0.77
128,131,0.58
131,128,0.58
129,130,1.00
130,129,1.00
129,131,0.75
131,129,0.75
129,132,0.75
132,129,0.75
129,133,0.60
133,129,0.60
129,134,0.62
134,129,0.62
129,135,0.68
135,129,0.68
129,141,0.60
141,129,0.60
130,131,1.00
131,130,1.00
130,132,0.80
132,130,0.80
130,133,0.62
133,130,0.62
130,134,0.64
134,130,0.64
130,135,0.77
135,130,0.77
130,136,0.64
136,130,0.64
130,137,0.59
137,130,0.59
130,138,0.59
138,130,0.59
130,139,0.57
139,130,0.57
130,140,0.65
140,130,0.65
130,141,0.79
141,130,0.79
130,142,0.62
142,130,0.62
130,143,0.59
143,130,0.59
131,132,1.00
132,131,1.00
131,133,0.74
133,131,0.74
131,134,0.68
134,131,0.68
131,135,0.75
135,131,0.75
131,136,0.60
136,131,0.60
131,141,0.69
141,131,0.69
131,142,0.62
142,131,0.62
131,143,0.65
143,131,0.65
132,133,1.00
133,132,1.00
132,134,0.80
134,132,0.80
132,135,0.74
135,132,0.74
133,134,1.00
134,133,1.00
133,135,0.76
135,133,0.76
134,135,1.00
135,134,1.00
134,136,0.72
136,134,0.72
134,143,0.58
143,134,0.58
135,136,1.00
136,135,1.00
135,137,0.72
137,135,0.72
135,138,0.63
138,135,0.63
135,141,0.67
141,135,0.67
135,142,0.65
142,135,0.65
135,143,0.70
143,135,0.70
136,137,1.00
137,136,1.00
136,138,0.80
138,136,0.80
136,139,0.60
139,136,0.60
136,141,0.72
141,136,0.72
136,142,0.75
142,136,0.75
136,143,0.77
143,136,0.77
137,138,1.00
138,137,1.00
137,139,0.72
139,137,0.72
137,140,0.67
140,137,0.67
137,141,0.85
141,137,0.85
137,142,0.98
142,137,0.98
137,143,0.82
143,137,0.82
137,144,0.61
144,137,0.61
138,139,1.00
139,138,1.00
138,140,0.78
140,138,0.78
138,141,0.85
141,138,0.85
138,142,0.77
142,138,0.77
138,143,0.61
143,138,0.61
139,140,1.00
140,139,1.00
139,141,0.83
141,139,0.83
139,142,0.67
142,139,0.67
140,141,1.00
141,140,1.00
140,142,0.74
142,140,0.74
141,142,1.00
142,141,1.00
141,143,0.74
143,141,0.74
141,144,0.61
144,141,0.61
142,143,1.00
143,142,1.00
142,144,0.80
144,142,0.80
142,145,0.59
145,142,0.59
143,144,1.00
144,143,1.00
143,145,0.73
145,143,0.73
143,146,0.59
146,143,0.59
144,145,1.00
145,144,1.00
144,146,0.75
146,144,0.75
144,147,0.58
147,144,0.58
145,146,1.00
146,145,1.00
145,147,0.80
147,145,0.80
145,148,0.58
148,145,0.58
146,147,1.00
147,146,1.00
146,148,0.74
148,146,0.74
146,149,0.59
149,146,0.59
146,151,0.59
151,146,0.59
147,148,1.00
148,147,1.00
147,149,0.80
149,147,0.80
147,150,0.72
150,147,0.72
147,151,0.70
151,147,0.70
148,149,1.00
149,148,1.00
148,150,0.77
150,148,0.77
148,151,0.75
151,148,0.75
148,152,0.57
152,148,0.57
149,150,1.00
150,149,1.00
149,151,0.79
151,149,0.79
149,152,0.58
152,149,0.58
150,151,1.00
151,150,1.00
150,152,0.71
152,150,0.71
150,153,0.66
153,150,0.66
151,152,1.00
152,151,1.00
151,153,0.79
153,151,0.79
151,154,0.59
154,151,0.59
152,153,1.00
153,152,1.00
152,154,0.72
154,152,0.72
152,155,0.62
155,152,0.62
153,154,1.00
154,153,1.00
153,155,0.81
155,153,0.81
153,156,0.58
156,153,0.58
154,155,1.00
155,154,1.00
154,156,0.71
156,154,0.71
155,156,1.00
156,155,1.00
155,157,0.72
157,155,0.72
156,157,1.00
157,156,1.00
156,158,0.72
158,156,0.72
157,158,1.00
158,157,1.00
157,159,0.72
159,157,0.72
158,159,1.00
159,158,1.00
158,160,0.71
160,158,0.71
159,160,1.00
160,159,1.00
159,161,0.77
161,159,0.77
159,162,0.62
162,159,0.62
160,161,1.00
161,160,1.00
160,162,0.72
162,160,0.72
160,168,0.61
168,160,0.61
161,162,1.00
162,161,1.00
161,163,0.72
163,161,0.72
161,167,0.58
167,161,0.58
161,168,0.71
168,161,0.71
162,163,1.00
163,162,1.00
162,164,0.78
164,162,0.78
162,165,0.64
165,162,0.64
162,166,0.62
166,162,0.62
162,167,0.74
167,162,0.74
162,168,0.83
168,162,0.83
163,164,1.00
164,163,1.00
163,165,0.79
165,163,0.79
163,166,0.66
166,163,0.66
163,167,0.70
167,163,0.70
163,168,0.67
168,163,0.67
164,165,1.00
165,164,1.00
164,166,0.76
166,164,0.76
164,167,0.80
167,164,0.80
164,168,0.65
168,164,0.65
165,166,1.00
166,165,1.00
165,167,0.82
167,165,0.82
165,168,0.64
168,165,0.64
166,167,1.00
167,166,1.00
166,168,0.77
168,166,0.77
167,168,1.00
168,167,1.00
