1,2,1.00
2,1,1.00
1,3,0.72
3,1,0.72
1,4,0.73
4,1,0.73
2,3,1.00
3,2,1.00
2,4,0.82
4,2,0.82
2,5,0.61
5,2,0.61
3,4,1.00
4,3,1.00
3,5,0.76
5,3,0.76
3,6,0.58
6,3,0.58
4,5,1.00
5,4,1.00
4,6,0.74
6,4,0.74
4,7,0.63
7,4,0.63
5,6,1.00
6,5,1.00
5,7,0.77
7,5,0.77
5,8,0.60
8,5,0.60
6,7,1.00
7,6,1.00
6,8,0.76
8,6,0.76
6,9,0.69
9,6,0.69
6,31,0.63
31,6,0.63
6,33,0.61
33,6,0.61
7,8,1.00
8,7,1.00
7,9,0.79
9,7,0.79
7,10,0.58
10,7,0.58
7,31,0.59
31,7,0.59
8,9,1.00
9,8,1.00
8,10,0.75
10,8,0.75
8,11,0.59
11,8,0.59
8,12,0.58
12,8,0.58
8,31,0.62
31,8,0.62
8,33,0.60
33,8,0.60
9,10,1.00
10,9,1.00
9,11,0.74
11,9,0.74
9,12,0.64
12,9,0.64
9,29,0.74
29,9,0.74
9,30,0.70
30,9,0.70
9,31,0.83
31,9,0.83
9,32,0.66
32,9,0.66
9,33,0.69
33,9,0.69
10,11,1.00
11,10,1.00
10,12,0.80
12,10,0.80
10,13,0.62
13,10,0.62
10,28,0.65
28,10,0.65
10,29,0.79
29,10,0.79
10,30,0.70
30,10,0.70
10,31,0.78
31,10,0.78
10,32,0.72
32,10,0.72
10,33,0.72
33,10,0.72
10,34,0.57
34,10,0.57
11,12,1.00
12,11,1.00
11,13,0.86
13,11,0.86
11,14,0.63
14,11,0.63
11,24,0.65
24,11,0.65
11,25,0.65
25,11,0.65
11,26,0.58
26,11,0.58
11,27,0.59
27,11,0.59
11,28,0.79
28,11,0.79
11,29,0.83
29,11,0.83
11,30,0.64
30,11,0.64
11,31,0.62
31,11,0.62
11,32,0.58
32,11,0.58
12,13,1.00
13,12,1.00
12,14,0.70
14,12,0.70
12,24,0.62
24,12,0.62
12,28,0.59
28,12,0.59
12,29,0.61
29,12,0.61
13,14,1.00
14,13,1.00
13,15,0.72
15,13,0.72
13,23,0.59
23,13,0.59
13,24,0.77
24,13,0.77
13,25,0.71
25,13,0.71
13,28,0.62
28,13,0.62
13,29,0.58
29,13,0.58
14,15,1.00
15,14,1.00
14,16,0.73
16,14,0.73
14,21,0.64
21,14,0.64
14,22,0.70
22,14,0.70
14,23,0.74
23,14,0.74
14,24,0.88
24,14,0.88
14,25,0.73
25,14,0.73
15,16,1.00
16,15,1.00
15,17,0.71
17,15,0.71
15,20,0.64
20,15,0.64
15,21,0.82
21,15,0.82
15,22,0.90
22,15,0.90
15,23,0.80
23,15,0.80
15,24,0.79
24,15,0.79
15,25,0.73
25,15,0.73
16,17,1.00
17,16,1.00
16,18,0.74
18,16,0.74
16,19,0.72
19,16,0.72
16,20,0.84
20,16,0.84
16,21,0.98
21,16,0.98
16,22,0.83
22,16,0.83
16,23,0.64
23,16,0.64
16,24,0.58
24,16,0.58
17,18,1.00
18,17,1.00
17,19,0.80
19,17,0.80
17,20,0.85
20,17,0.85
17,21,0.76
21,17,0.76
17,22,0.64
22,17,0.64
18,19,1.00
19,18,1.00
18,20,0.83
20,18,0.83
18,21,0.65
21,18,0.65
19,20,1.00
20,19,1.00
19,21,0.76
21,19,0.76
20,21,1.00
21,20,1.00
20,22,0.75
22,20,0.75
21,22,1.00
22,21,1.00
21,23,0.70
23,21,0.70
21,24,0.58
24,21,0.58
22,23,1.00
23,22,1.00
22,24,0.73
24,22,0.73
22,25,0.64
25,22,0.64
23,24,1.00
24,23,1.00
23,25,0.79
25,23,0.79
23,26,0.64
26,23,0.64
24,25,1.00
25,24,1.00
24,26,0.74
26,24,0.74
24,27,0.58
27,24,0.58
24,28,0.63
28,24,0.63
25,26,1.00
26,25,1.00
25,27,0.74
27,25,0.74
25,28,0.79
28,25,0.79
25,29,0.59
29,25,0.59
26,27,1.00
27,26,1.00
26,28,0.86
28,26,0.86
26,29,0.61
29,26,0.61
27,28,1.00
28,27,1.00
27,29,0.74
29,27,0.74
27,30,0.67
30,27,0.67
28,29,1.00
29,28,1.00
28,30,0.75
30,28,0.75
28,31,0.60
31,28,0.60
29,30,1.00
30,29,1.00
29,31,0.77
31,29,0.77
29,32,0.63
32,29,0.63
30,31,1.00
31,30,1.00
30,32,0.77
32,30,0.77
30,33,0.61
33,30,0.61
31,32,1.00
32,31,1.00
31,33,0.84
33,31,0.84
31,34,0.61
34,31,0.61
32,33,1.00
33,32,1.00
32,34,0.73
34,32,0.73
33,34,1.00
34,33,1.00
33,35,0.72
35,33,0.72
33,36,0.59
36,33,0.59
34,35,1.00
35,34,1.00
34,36,0.76
36,34,0.76
34,37,0.67
37,34,0.67
34,38,0.62
38,34,0.62
35,36,1.00
36,35,1.00
35,37,0.83
37,35,0.83
35,38,0.81
38,35,0.81
35,39,0.59
39,35,0.59
36,37,1.00
37,36,1.00
36,38,0.82
38,36,0.82
36,39,0.60
39,36,0.60
37,38,1.00
38,37,1.00
37,39,0.74
39,37,0.74
37,40,0.62
40,37,0.62
38,39,1.00
39,38,1.00
38,40,0.75
40,38,0.75
39,40,1.00
40,39,1.00
39,41,0.71
41,39,0.71
40,41,1.00
41,40,1.00
40,42,0.72
42,40,0.72
40,43,0.58
43,40,0.58
41,42,1.00
42,41,1.00
41,43,0.73
43,41,0.73
42,43,1.00
43,42,1.00
42,44,0.73
44,42,0.73
43,44,1.00
44,43,1.00
43,45,0.71
45,43,0.71
43,46,0.58
46,43,0.58
44,45,1.00
45,44,1.00
44,46,0.80
46,44,0.80
44,47,0.63
47,44,0.63
44,48,0.64
48,44,0.64
44,49,0.63
49,44,0.63
45,46,1.00
46,45,1.00
45,47,0.79
47,45,0.79
45,48,0.72
48,45,0.72
45,49,0.72
49,45,0.72
46,47,1.00
47,46,1.00
46,48,0.77
48,46,0.77
46,49,0.65
49,46,0.65
47,48,1.00
48,47,1.00
47,49,0.78
49,47,0.78
47,50,0.57
50,47,0.57
47,59,0.63
59,47,0.63
48,49,1.00
49,48,1.00
48,50,0.73
50,48,0.73
48,51,0.75
51,48,0.75
48,52,0.63
52,48,0.63
48,58,0.66
58,48,0.66
48,59,0.67
59,48,0.67
49,50,1.00
50,49,1.00
49,51,0.84
51,49,0.84
49,52,0.64
52,49,0.64
49,58,0.59
58,49,0.59
49,102,0.62
102,49,0.62
49,103,0.59
103,49,0.59
50,51,1.00
51,50,1.00
50,52,0.73
52,50,0.73
50,53,0.58
53,50,0.58
50,101,0.59
101,50,0.59
50,102,0.72
102,50,0.72
50,103,0.62
103,50,0.62
51,52,1.00
52,51,1.00
51,53,0.73
53,51,0.73
51,54,0.60
54,51,0.60
51,58,0.64
58,51,0.64
51,100,0.60
100,51,0.60
51,101,0.57
101,51,0.57
51,102,0.66
102,51,0.66
52,53,1.00
53,52,1.00
52,54,0.84
54,52,0.84
52,55,0.65
55,52,0.65
52,56,0.62
56,52,0.62
52,57,0.72
57,52,0.72
52,58,0.75
58,52,0.75
52,59,0.58
59,52,0.58
52,67,0.63
67,52,0.63
52,99,0.59
99,52,0.59
52,100,0.72
100,52,0.72
52,101,0.63
101,52,0.63
52,102,0.68
102,52,0.68
53,54,1.00
54,53,1.00
53,55,0.72
55,53,0.72
53,56,0.61
56,53,0.61
53,57,0.65
57,53,0.65
53,58,0.60
58,53,0.60
53,67,0.65
67,53,0.65
53,68,0.59
68,53,0.59
53,98,0.57
98,53,0.57
53,99,0.76
99,53,0.76
53,100,0.87
100,53,0.87
53,101,0.65
101,53,0.65
53,102,0.61
102,53,0.61
54,55,1.00
55,54,1.00
54,56,0.85
56,54,0.85
54,57,0.85
57,54,0.85
54,58,0.67
58,54,0.67
54,66,0.63
66,54,0.63
54,67,0.84
67,54,0.84
54,68,0.71
68,54,0.71
54,98,0.59
98,54,0.59
54,99,0.75
99,54,0.75
54,100,0.74
100,54,0.74
54,101,0.58
101,54,0.58
55,56,1.00
56,55,1.00
55,57,0.76
57,55,0.76
55,58,0.59
58,55,0.59
55,66,0.58
66,55,0.58
55,67,0.71
67,55,0.71
55,68,0.61
68,55,0.61
55,99,0.59
99,55,0.59
56,57,1.00
57,56,1.00
56,58,0.71
58,56,0.71
56,59,0.61
59,56,0.61
56,60,0.62
60,56,0.62
56,65,0.64
65,56,0.64
56,66,0.72
66,56,0.72
56,67,0.81
67,56,0.81
56,68,0.63
68,56,0.63
57,58,1.00
58,57,1.00
57,59,0.76
59,57,0.76
57,60,0.68
60,57,0.68
57,64,0.65
64,57,0.65
57,65,0.85
65,57,0.85
57,66,0.94
66,57,0.94
57,67,1.00
67,57,1.00
57,68,0.69
68,57,0.69
57,69,0.59
69,57,0.59
57,100,0.58
100,57,0.58
58,59,1.00
59,58,1.00
58,60,0.75
60,58,0.75
58,64,0.65
64,58,0.65
58,65,0.90
65,58,0.90
58,66,0.77
66,58,0.77
58,67,0.74
67,58,0.74
58,102,0.63
102,58,0.63
59,60,1.00
60,59,1.00
59,61,0.76
61,59,0.76
59,62,0.60
62,59,0.60
59,63,0.63
63,59,0.63
59,64,0.70
64,59,0.70
59,65,0.86
65,59,0.86
59,66,0.65
66,59,0.65
59,67,0.58
67,59,0.58
60,61,1.00
61,60,1.00
60,62,0.81
62,60,0.81
60,63,0.86
63,60,0.86
60,64,0.83
64,60,0.83
60,65,0.83
65,60,0.83
60,66,0.64
66,60,0.64
61,62,1.00
62,61,1.00
61,63,0.80
63,61,0.80
61,64,0.66
64,61,0.66
61,65,0.61
65,61,0.61
62,63,1.00
63,62,1.00
62,64,0.71
64,62,0.71
62,65,0.58
65,62,0.58
63,64,1.00
64,63,1.00
63,65,0.72
65,63,0.72
63,66,0.61
66,63,0.61
63,75,0.59
75,63,0.59
63,76,0.59
76,63,0.59
64,65,1.00
65,64,1.00
64,66,0.82
66,64,0.82
64,67,0.60
67,64,0.60
64,70,0.58
70,64,0.58
64,73,0.61
73,64,0.61
64,74,0.67
74,64,0.67
64,75,0.68
75,64,0.68
64,76,0.61
76,64,0.61
65,66,1.00
66,65,1.00
65,67,0.74
67,65,0.74
65,75,0.59
75,65,0.59
66,67,1.00
67,66,1.00
66,68,0.76
68,66,0.76
66,69,0.76
69,66,0.76
66,70,0.73
70,66,0.73
66,73,0.63
73,66,0.63
66,74,0.58
74,66,0.58
67,68,1.00
68,67,1.00
67,69,0.80
69,67,0.80
67,70,0.68
70,67,0.68
67,97,0.58
97,67,0.58
67,98,0.65
98,67,0.65
67,99,0.68
99,67,0.68
67,100,0.67
100,67,0.67
67,101,0.59
101,67,0.59
67,102,0.59
102,67,0.59
68,69,1.00
69,68,1.00
68,70,0.71
70,68,0.71
68,96,0.63
96,68,0.63
68,97,0.71
97,68,0.71
68,98,0.86
98,68,0.86
68,99,0.79
99,68,0.79
68,100,0.69
100,68,0.69
68,101,0.60
101,68,0.60
69,70,1.00
70,69,1.00
69,71,0.75
71,69,0.75
69,72,0.61
72,69,0.61
69,73,0.69
73,69,0.69
69,96,0.63
96,69,0.63
69,97,0.62
97,69,0.62
69,98,0.67
98,69,0.67
69,99,0.58
99,69,0.58
70,71,1.00
71,70,1.00
70,72,0.76
72,70,0.76
70,73,0.83
73,70,0.83
70,74,0.62
74,70,0.62
71,72,1.00
72,71,1.00
71,73,0.87
73,71,0.87
71,74,0.63
74,71,0.63
72,73,1.00
73,72,1.00
72,74,0.76
74,72,0.76
72,89,0.64
89,72,0.64
72,90,0.60
90,72,0.60
73,74,1.00
74,73,1.00
73,75,0.70
75,73,0.70
73,89,0.67
89,73,0.67
73,90,0.60
90,73,0.60
74,75,1.00
75,74,1.00
74,76,0.74
76,74,0.74
74,77,0.60
77,74,0.60
74,88,0.65
88,74,0.65
74,89,0.79
89,74,0.79
74,90,0.62
90,74,0.62
75,76,1.00
76,75,1.00
75,77,0.74
77,75,0.74
75,88,0.71
88,75,0.71
75,89,0.71
89,75,0.71
76,77,1.00
77,76,1.00
76,78,0.73
78,76,0.73
76,88,0.67
88,76,0.67
76,89,0.63
89,76,0.63
77,78,1.00
78,77,1.00
77,79,0.72
79,77,0.72
77,80,0.59
80,77,0.59
77,86,0.61
86,77,0.61
77,87,0.60
87,77,0.60
77,88,0.75
88,77,0.75
77,89,0.63
89,77,0.63
78,79,1.00
79,78,1.00
78,80,0.78
80,78,0.78
78,83,0.57
83,78,0.57
78,86,0.60
86,78,0.60
78,88,0.60
88,78,0.60
79,80,1.00
80,79,1.00
79,81,0.72
81,79,0.72
79,82,0.61
82,79,0.61
79,83,0.63
83,79,0.63
79,84,0.62
84,79,0.62
79,85,0.66
85,79,0.66
79,86,0.67
86,79,0.67
80,81,1.00
81,80,1.00
80,82,0.77
82,80,0.77
80,83,0.78
83,80,0.78
80,84,0.66
84,80,0.66
80,85,0.63
85,80,0.63
81,82,1.00
82,81,1.00
81,83,0.82
83,81,0.82
81,84,0.67
84,81,0.67
81,85,0.61
85,81,0.61
82,83,1.00
83,82,1.00
82,84,0.85
84,82,0.85
82,85,0.71
85,82,0.71
83,84,1.00
84,83,1.00
83,85,0.72
85,83,0.72
84,85,1.00
85,84,1.00
84,86,0.71
86,84,0.71
84,87,0.57
87,84,0.57
85,86,1.00
86,85,1.00
85,87,0.72
87,85,0.72
85,88,0.62
88,85,0.62
86,87,1.00
87,86,1.00
86,88,0.78
88,86,0.78
86,89,0.59
89,86,0.59
86,91,0.58
91,86,0.58
87,88,1.00
88,87,1.00
87,89,0.75
89,87,0.75
87,90,0.74
90,87,0.74
87,91,0.78
91,87,0.78
87,92,0.60
92,87,0.60
88,89,1.00
89,88,1.00
88,90,0.81
90,88,0.81
88,91,0.69
91,88,0.69
88,92,0.58
92,88,0.58
89,90,1.00
90,89,1.00
89,91,0.71
91,89,0.71
89,92,0.62
92,89,0.62
89,93,0.60
93,89,0.60
90,91,1.00
91,90,1.00
90,92,0.83
92,90,0.83
90,93,0.72
93,90,0.72
91,92,1.00
92,91,1.00
91,93,0.73
93,91,0.73
91,113,0.63
113,91,0.63
91,114,0.62
114,91,0.62
92,93,1.00
93,92,1.00
92,94,0.74
94,92,0.74
92,109,0.61
109,92,0.61
92,110,0.62
110,92,0.62
92,112,0.61
112,92,0.61
92,113,0.76
113,92,0.76
92,114,0.65
114,92,0.65
93,94,1.00
94,93,1.00
93,95,0.73
95,93,0.73
93,106,0.60
106,93,0.60
93,107,0.65
107,93,0.65
93,108,0.66
108,93,0.66
93,109,0.69
109,93,0.69
93,110,0.65
110,93,0.65
93,113,0.62
113,93,0.62
94,95,1.00
95,94,1.00
94,96,0.74
96,94,0.74
94,106,0.68
106,94,0.68
94,107,0.77
107,94,0.77
94,108,0.90
108,94,0.90
94,109,0.85
109,94,0.85
94,110,0.78
110,94,0.78
94,111,0.57
111,94,0.57
94,113,0.58
113,94,0.58
95,96,1.00
96,95,1.00
95,97,0.73
97,95,0.73
95,105,0.69
105,95,0.69
95,106,0.87
106,95,0.87
95,107,0.87
107,95,0.87
95,108,0.97
108,95,0.97
95,109,0.71
109,95,0.71
95,110,0.62
110,95,0.62
96,97,1.00
97,96,1.00
96,98,0.74
98,96,0.74
96,101,0.58
101,96,0.58
96,105,0.63
105,96,0.63
96,106,0.67
106,96,0.67
96,107,0.66
107,96,0.66
96,108,0.78
108,96,0.78
96,109,0.59
109,96,0.59
97,98,1.00
98,97,1.00
97,99,0.73
99,97,0.73
97,100,0.70
100,97,0.70
97,101,0.74
101,97,0.74
97,102,0.58
102,97,0.58
97,105,0.65
105,97,0.65
97,106,0.61
106,97,0.61
97,108,0.61
108,97,0.61
98,99,1.00
99,98,1.00
98,100,0.79
100,98,0.79
98,101,0.69
101,98,0.69
99,100,1.00
100,99,1.00
99,101,0.72
101,99,0.72
99,102,0.57
102,99,0.57
100,101,1.00
101,100,1.00
100,102,0.77
102,100,0.77
101,102,1.00
102,101,1.00
101,103,0.74
103,101,0.74
101,104,0.71
104,101,0.71
101,105,0.75
105,101,0.75
101,106,0.59
106,101,0.59
102,103,1.00
103,102,1.00
102,104,0.79
104,102,0.79
102,105,0.74
105,102,0.74
102,106,0.59
106,102,0.59
103,104,1.00
104,103,1.00
103,105,0.84
105,103,0.84
103,106,0.69
106,103,0.69
104,105,1.00
105,104,1.00
104,106,0.74
106,104,0.74
104,107,0.60
107,104,0.60
105,106,1.00
106,105,1.00
105,107,0.77
107,105,0.77
105,108,0.63
108,105,0.63
106,107,1.00
107,106,1.00
106,108,0.74
108,106,0.74
106,109,0.58
109,106,0.58
107,108,1.00
108,107,1.00
107,109,0.77
109,107,0.77
107,110,0.58
110,107,0.58
108,109,1.00
109,108,1.00
108,110,0.75
110,108,0.75
109,110,1.00
110,109,1.00
109,111,0.71
111,109,0.71
109,112,0.66
112,109,0.66
109,113,0.65
113,109,0.65
110,111,1.00
111,110,1.00
110,112,0.84
112,110,0.84
110,113,0.72
113,110,0.72
111,112,1.00
112,111,1.00
111,113,0.71
113,111,0.71
112,113,1.00
113,112,1.00
112,114,0.77
114,112,0.77
112,115,0.67
115,112,0.67
113,114,1.00
114,113,1.00
113,115,0.72
115,113,0.72
113,116,0.59
116,113,0.59
114,115,1.00
115,114,1.00
114,116,0.82
116,114,0.82
114,117,0.74
117,114,0.74
114,118,0.73
118,114,0.73
115,116,1.00
116,115,1.00
115,117,0.76
117,115,0.76
115,118,0.72
118,115,0.72
116,117,1.00
117,116,1.00
116,118,0.77
118,116,0.77
116,119,0.61
119,116,0.61
117,118,1.00
118,117,1.00
117,119,0.77
119,117,0.77
117,120,0.59
120,117,0.59
118,119,1.00
119,118,1.00
118,120,0.76
120,118,0.76
119,120,1.00
120,119,1.00
119,121,0.74
121,119,0.74
119,122,0.58
122,119,0.58
119,124,0.58
124,119,0.58
120,121,1.00
121,120,1.00
120,122,0.72
122,120,0.72
120,123,0.60
123,120,0.60
120,124,0.58
124,120,0.58
121,122,1.00
122,121,1.00
121,123,0.75
123,121,0.75
121,124,0.63
124,121,0.63
122,123,1.00
123,122,1.00
122,124,0.72
124,122,0.72
122,125,0.58
125,122,0.58
123,124,1.00
124,123,1.00
123,125,0.77
125,123,0.77
123,126,0.65
126,123,0.65
123,127,0.68
127,123,0.68
124,125,1.00
125,124,1.00
124,126,0.71
126,124,0.71
124,127,0.65
127,124,0.65
125,126,1.00
126,125,1.00
125,127,0.77
127,125,0.77
125,128,0.58
128,125,0.58
125,165,0.58
165,125,0.58
125,167,0.57
167,125,0.57
125,168,0.63
168,125,0.63
126,127,1.00
127,126,1.00
126,128,0.74
128,126,0.74
126,129,0.57
129,126,0.57
127,128,1.00
128,127,1.00
127,129,0.76
129,127,0.76
127,130,0.58
130,127,0.58
128,129,1.00
129,128,1.00
128,130,0.77
130,128,0.77
128,131,0.63
131,128,0.63
129,130,1.00
130,129,1.00
129,131,0.72
131,129,0.72
130,131,1.00
131,130,1.00
130,132,0.74
132,130,0.74
130,133,0.61
133,130,0.61
130,134,0.60
134,130,0.60
131,132,1.00
132,131,1.00
131,133,0.73
133,131,0.73
131,134,0.71
134,131,0.71
132,133,1.00
133,132,1.00
132,134,0.82
134,132,0.82
132,135,0.61
135,132,0.61
133,134,1.00
134,133,1.00
133,135,0.78
135,133,0.78
133,136,0.59
136,133,0.59
134,135,1.00
135,134,1.00
134,136,0.79
136,134,0.79
134,137,0.59
137,134,0.59
135,136,1.00
136,135,1.00
135,137,0.72
137,135,0.72
136,137,1.00
137,136,1.00
138,139,1.00
139,138,1.00
138,140,0.81
140,138,0.81
138,141,0.73
141,138,0.73
138,142,0.63
142,138,0.63
139,140,1.00
140,139,1.00
139,141,0.78
141,139,0.78
139,142,0.60
142,139,0.60
140,141,1.00
141,140,1.00
140,142,0.76
142,140,0.76
141,142,1.00
142,141,1.00
141,143,0.73
143,141,0.73
142,143,1.00
143,142,1.00
142,144,0.73
144,142,0.73
142,145,0.75
145,142,0.75
142,146,0.64
146,142,0.64
143,144,1.00
144,143,1.00
143,145,0.82
145,143,0.82
143,146,0.64
146,143,0.64
144,145,1.00
145,144,1.00
144,146,0.75
146,144,0.75
144,154,0.61
154,144,0.61
145,146,1.00
146,145,1.00
145,147,0.72
147,145,0.72
145,148,0.59
148,145,0.59
145,149,0.57
149,145,0.57
145,153,0.67
153,145,0.67
145,154,0.82
154,145,0.82
145,155,0.71
155,145,0.71
146,147,1.00
147,146,1.00
146,148,0.72
148,146,0.72
146,149,0.62
149,146,0.62
146,153,0.66
153,146,0.66
146,154,0.86
154,146,0.86
146,155,0.73
155,146,0.73
146,156,0.59
156,146,0.59
147,148,1.00
148,147,1.00
147,149,0.75
149,147,0.75
147,150,0.65
150,147,0.65
147,153,0.70
153,147,0.70
147,154,0.92
154,147,0.92
147,155,0.78
155,147,0.78
147,156,0.68
156,147,0.68
148,149,1.00
149,148,1.00
148,150,0.78
150,148,0.78
148,151,0.58
151,148,0.58
148,152,0.58
152,148,0.58
148,153,0.69
153,148,0.69
148,154,0.89
154,148,0.89
148,155,0.89
155,148,0.89
148,156,0.87
156,148,0.87
148,157,0.62
157,148,0.62
149,150,1.00
150,149,1.00
149,151,0.74
151,149,0.74
149,152,0.75
152,149,0.75
149,153,0.81
153,149,0.81
149,154,0.96
154,149,0.96
149,155,0.98
155,149,0.98
149,156,0.87
156,149,0.87
149,157,0.62
157,149,0.62
150,151,1.00
151,150,1.00
150,152,0.83
152,150,0.83
150,153,0.87
153,150,0.87
150,154,0.78
154,150,0.78
150,155,0.68
155,150,0.68
150,156,0.62
156,150,0.62
151,152,1.00
152,151,1.00
151,153,0.83
153,151,0.83
151,154,0.65
154,151,0.65
152,153,1.00
153,152,1.00
152,154,0.76
154,152,0.76
152,155,0.65
155,152,0.65
153,154,1.00
154,153,1.00
153,155,0.72
155,153,0.72
154,155,1.00
155,154,1.00
154,156,0.72
156,154,0.72
155,156,1.00
156,155,1.00
155,157,0.76
157,155,0.76
156,157,1.00
157,156,1.00
156,158,0.74
158,156,0.74
157,158,1.00
158,157,1.00
157,159,0.71
159,157,0.71
158,159,1.00
159,158,1.00
158,160,0.78
160,158,0.78
158,161,0.68
161,158,0.68
159,160,1.00
160,159,1.00
159,161,0.72
161,159,0.72
160,161,1.00
161,160,1.00
160,162,0.71
162,160,0.71
161,162,1.00
162,161,1.00
161,163,0.72
163,161,0.72
162,163,1.00
163,162,1.00
162,164,0.72
164,162,0.72
163,164,1.00
164,163,1.00
163,166,0.78
166,163,0.78
164,166,0.84
166,164,0.84
165,167,0.84
167,165,0.84
165,168,0.66
168,165,0.66
167,168,1.00
168,167,1.00
