1,2,1.00
2,1,1.00
1,3,0.74
3,1,0.74
1,4,0.76
4,1,0.76
1,5,0.58
5,1,0.58
2,3,1.00
3,2,1.00
2,4,0.84
4,2,0.84
2,5,0.61
5,2,0.61
3,4,1.00
4,3,1.00
3,5,0.74
5,3,0.74
4,5,1.00
5,4,1.00
4,6,0.72
6,4,0.72
4,7,0.58
7,4,0.58
5,6,1.00
6,5,1.00
5,7,0.75
7,5,0.75
5,8,0.61
8,5,0.61
6,7,1.00
7,6,1.00
6,8,0.75
8,6,0.75
6,33,0.61
33,6,0.61
7,8,1.00
8,7,1.00
7,9,0.71
9,7,0.71
7,10,0.58
10,7,0.58
7,31,0.64
31,7,0.64
7,33,0.63
33,7,0.63
8,9,1.00
9,8,1.00
8,10,0.76
10,8,0.76
8,11,0.65
11,8,0.65
8,31,0.59
31,8,0.59
9,10,1.00
10,9,1.00
9,11,0.82
11,9,0.82
9,12,0.59
12,9,0.59
10,11,1.00
11,10,1.00
10,12,0.76
12,10,0.76
11,12,1.00
12,11,1.00
11,13,0.72
13,11,0.72
11,30,0.66
30,11,0.66
11,31,0.63
31,11,0.63
11,32,0.61
32,11,0.61
12,13,1.00
13,12,1.00
12,14,0.70
14,12,0.70
13,14,1.00
14,13,1.00
13,15,0.72
15,13,0.72
13,16,0.58
16,13,0.58
14,15,1.00
15,14,1.00
14,16,0.79
16,14,0.79
14,17,0.64
17,14,0.64
15,16,1.00
16,15,1.00
15,17,0.77
17,15,0.77
15,18,0.58
18,15,0.58
15,20,0.69
20,15,0.69
15,21,0.60
21,15,0.60
15,22,0.64
22,15,0.64
15,23,0.58
23,15,0.58
15,24,0.62
24,15,0.62
16,17,1.00
17,16,1.00
16,18,0.74
18,16,0.74
16,19,0.63
19,16,0.63
16,20,0.80
20,16,0.80
16,21,0.61
21,16,0.61
16,22,0.59
22,16,0.59
17,18,1.00
18,17,1.00
17,19,0.76
19,17,0.76
17,20,0.87
20,17,0.87
17,21,0.67
21,17,0.67
17,22,0.65
22,17,0.65
18,19,1.00
19,18,1.00
18,20,0.87
20,18,0.87
18,21,0.66
21,18,0.66
18,22,0.58
22,18,0.58
19,20,1.00
20,19,1.00
19,21,0.83
21,19,0.83
19,22,0.64
22,19,0.64
20,21,1.00
21,20,1.00
20,22,0.78
22,20,0.78
20,23,0.59
23,20,0.59
21,22,1.00
22,21,1.00
21,23,0.74
23,21,0.74
21,24,0.58
24,21,0.58
22,23,1.00
23,22,1.00
22,24,0.78
24,22,0.78
22,25,0.59
25,22,0.59
23,24,1.00
24,23,1.00
23,25,0.74
25,23,0.74
23,26,0.61
26,23,0.61
24,25,1.00
25,24,1.00
24,26,0.76
26,24,0.76
24,27,0.57
27,24,0.57
24,28,0.60
28,24,0.60
25,26,1.00
26,25,1.00
25,27,0.75
27,25,0.75
25,28,0.81
28,25,0.81
25,29,0.68
29,25,0.68
25,30,0.58
30,25,0.58
26,27,1.00
27,26,1.00
26,28,0.85
28,26,0.85
26,29,0.65
29,26,0.65
26,30,0.58
30,26,0.58
27,28,1.00
28,27,1.00
27,29,0.72
29,27,0.72
27,30,0.66
30,27,0.66
27,31,0.66
31,27,0.66
27,32,0.59
32,27,0.59
28,29,1.00
29,28,1.00
28,30,0.76
30,28,0.76
28,31,0.65
31,28,0.65
29,30,1.00
30,29,1.00
29,31,0.72
31,29,0.72
30,31,1.00
31,30,1.00
30,32,0.72
32,30,0.72
30,33,0.59
33,30,0.59
31,32,1.00
32,31,1.00
31,33,0.82
33,31,0.82
31,34,0.59
34,31,0.59
32,33,1.00
33,32,1.00
32,34,0.74
34,32,0.74
32,35,0.60
35,32,0.60
33,34,1.00
34,33,1.00
33,35,0.71
35,33,0.71
33,36,0.59
36,33,0.59
34,35,1.00
35,34,1.00
34,36,0.77
36,34,0.77
34,37,0.63
37,34,0.63
35,36,1.00
36,35,1.00
35,37,0.74
37,35,0.74
35,38,0.60
38,35,0.60
36,37,1.00
37,36,1.00
36,38,0.76
38,36,0.76
36,39,0.63
39,36,0.63
37,38,1.00
38,37,1.00
37,39,0.83
39,37,0.83
37,40,0.61
40,37,0.61
38,39,1.00
39,38,1.00
38,40,0.79
40,38,0.79
38,41,0.59
41,38,0.59
39,40,1.00
40,39,1.00
39,41,0.76
41,39,0.76
39,42,0.57
42,39,0.57
40,41,1.00
41,40,1.00
40,42,0.76
42,40,0.76
40,43,0.58
43,40,0.58
41,42,1.00
42,41,1.00
41,43,0.73
43,41,0.73
41,44,0.59
44,41,0.59
42,43,1.00
43,42,1.00
42,44,0.70
44,42,0.70
42,45,0.58
45,42,0.58
43,44,1.00
44,43,1.00
43,45,0.73
45,43,0.73
43,50,0.64
50,43,0.64
43,51,0.58
51,43,0.58
44,45,1.00
45,44,1.00
44,46,0.77
46,44,0.77
44,47,0.64
47,44,0.64
44,48,0.63
48,44,0.63
44,49,0.59
49,44,0.59
44,50,0.67
50,44,0.67
45,46,1.00
46,45,1.00
45,47,0.78
47,45,0.78
45,48,0.66
48,45,0.66
45,50,0.58
50,45,0.58
46,47,1.00
47,46,1.00
46,48,0.80
48,46,0.80
46,49,0.61
49,46,0.61
47,48,1.00
48,47,1.00
47,49,0.73
49,47,0.73
47,50,0.61
50,47,0.61
48,49,1.00
49,48,1.00
48,50,0.77
50,48,0.77
48,51,0.57
51,48,0.57
49,50,1.00
50,49,1.00
49,51,0.74
51,49,0.74
49,52,0.65
52,49,0.65
50,51,1.00
51,50,1.00
50,52,0.76
52,50,0.76
50,53,0.62
53,50,0.62
51,52,1.00
52,51,1.00
51,53,0.81
53,51,0.81
51,54,0.61
54,51,0.61
51,100,0.62
100,51,0.62
51,101,0.66
101,51,0.66
51,102,0.75
102,51,0.75
51,103,0.58
103,51,0.58
52,53,1.00
53,52,1.00
52,54,0.80
54,52,0.80
52,55,0.59
55,52,0.59
52,57,0.61
57,52,0.61
52,67,0.61
67,52,0.61
52,99,0.58
99,52,0.58
52,100,0.73
100,52,0.73
52,101,0.69
101,52,0.69
52,102,0.66
102,52,0.66
53,54,1.00
54,53,1.00
53,55,0.76
55,53,0.76
53,56,0.64
56,53,0.64
53,57,0.63
57,53,0.63
53,67,0.61
67,53,0.61
53,99,0.66
99,53,0.66
53,100,0.82
100,53,0.82
53,101,0.69
101,53,0.69
53,102,0.66
102,53,0.66
54,55,1.00
55,54,1.00
54,56,0.87
56,54,0.87
54,57,0.81
57,54,0.81
54,58,0.59
58,54,0.59
54,65,0.59
65,54,0.59
54,66,0.61
66,54,0.61
54,67,0.81
67,54,0.81
54,68,0.69
68,54,0.69
54,98,0.60
98,54,0.60
54,99,0.83
99,54,0.83
54,100,0.86
100,54,0.86
54,101,0.64
101,54,0.64
55,56,1.00
56,55,1.00
55,57,0.74
57,55,0.74
55,60,0.62
60,55,0.62
55,65,0.62
65,55,0.62
55,66,0.58
66,55,0.58
55,67,0.67
67,55,0.67
55,68,0.60
68,55,0.60
55,99,0.72
99,55,0.72
55,100,0.66
100,55,0.66
56,57,1.00
57,56,1.00
56,58,0.74
58,56,0.74
56,59,0.67
59,56,0.67
56,60,0.82
60,56,0.82
56,61,0.62
61,56,0.62
56,63,0.61
63,56,0.61
56,64,0.68
64,56,0.68
56,65,0.87
65,56,0.87
56,66,0.77
66,56,0.77
56,67,0.82
67,56,0.82
56,68,0.65
68,56,0.65
56,99,0.66
99,56,0.66
56,100,0.58
100,56,0.58
57,58,1.00
58,57,1.00
57,59,0.83
59,57,0.83
57,60,0.83
60,57,0.83
57,61,0.60
61,57,0.60
57,64,0.63
64,57,0.63
57,65,0.85
65,57,0.85
57,66,0.88
66,57,0.88
57,67,0.98
67,57,0.98
57,68,0.67
68,57,0.67
57,69,0.59
69,57,0.59
57,70,0.61
70,57,0.61
57,99,0.60
99,57,0.60
58,59,1.00
59,58,1.00
58,60,0.80
60,58,0.80
58,61,0.59
61,58,0.59
58,64,0.68
64,58,0.68
58,65,0.92
65,58,0.92
58,66,1.00
66,58,1.00
58,67,0.85
67,58,0.85
58,68,0.62
68,58,0.62
58,69,0.62
69,58,0.62
58,70,0.73
70,58,0.73
58,71,0.61
71,58,0.61
59,60,1.00
60,59,1.00
59,61,0.77
61,59,0.77
59,62,0.61
62,59,0.61
59,63,0.63
63,59,0.63
59,64,0.70
64,59,0.70
59,65,0.80
65,59,0.80
59,66,0.72
66,59,0.72
59,67,0.62
67,59,0.62
60,61,1.00
61,60,1.00
60,62,0.76
62,60,0.76
60,63,0.81
63,60,0.81
60,64,0.81
64,60,0.81
60,65,0.88
65,60,0.88
60,66,0.67
66,60,0.67
60,67,0.60
67,60,0.60
61,62,1.00
62,61,1.00
61,63,0.83
63,61,0.83
61,64,0.68
64,61,0.68
61,65,0.64
65,61,0.64
62,63,1.00
63,62,1.00
62,64,0.70
64,62,0.70
62,65,0.58
65,62,0.58
63,64,1.00
64,63,1.00
63,65,0.74
65,63,0.74
64,65,1.00
65,64,1.00
64,66,0.71
66,64,0.71
65,66,1.00
66,65,1.00
65,67,0.76
67,65,0.76
65,68,0.62
68,65,0.62
65,69,0.58
69,65,0.58
65,70,0.63
70,65,0.63
65,71,0.58
71,65,0.58
66,67,1.00
67,66,1.00
66,68,0.80
68,66,0.80
66,69,0.79
69,66,0.79
66,70,0.87
70,66,0.87
66,71,0.72
71,66,0.72
66,99,0.60
99,66,0.60
67,68,1.00
68,67,1.00
67,69,0.83
69,67,0.83
67,70,0.76
70,67,0.76
67,71,0.58
71,67,0.58
67,98,0.65
98,67,0.65
67,99,0.75
99,67,0.75
67,100,0.67
100,67,0.67
68,69,1.00
69,68,1.00
68,70,0.73
70,68,0.73
68,71,0.58
71,68,0.58
68,96,0.59
96,68,0.59
68,97,0.69
97,68,0.69
68,98,0.91
98,68,0.91
68,99,0.91
99,68,0.91
68,100,0.72
100,68,0.72
68,101,0.58
101,68,0.58
69,70,1.00
70,69,1.00
69,71,0.75
71,69,0.75
69,72,0.65
72,69,0.65
69,73,0.75
73,69,0.75
69,74,0.61
74,69,0.61
69,75,0.62
75,69,0.62
69,96,0.59
96,69,0.59
69,97,0.61
97,69,0.61
69,98,0.70
98,69,0.70
69,99,0.63
99,69,0.63
70,71,1.00
71,70,1.00
70,72,0.74
72,70,0.74
70,73,0.83
73,70,0.83
70,74,0.67
74,70,0.67
70,75,0.66
75,70,0.66
71,72,1.00
72,71,1.00
71,73,0.88
73,71,0.88
71,74,0.65
74,71,0.65
72,73,1.00
73,72,1.00
72,74,0.71
74,72,0.71
73,74,1.00
74,73,1.00
73,75,0.76
75,73,0.76
73,76,0.58
76,73,0.58
73,89,0.58
89,73,0.58
74,75,1.00
75,74,1.00
74,76,0.76
76,74,0.76
74,77,0.66
77,74,0.66
74,88,0.63
88,74,0.63
74,89,0.79
89,74,0.79
74,90,0.61
90,74,0.61
75,76,1.00
76,75,1.00
75,77,0.73
77,75,0.73
75,88,0.68
88,75,0.68
75,89,0.79
89,75,0.79
75,90,0.63
90,75,0.63
76,77,1.00
77,76,1.00
76,78,0.71
78,76,0.71
76,87,0.63
87,76,0.63
76,88,0.80
88,76,0.80
76,89,0.76
89,76,0.76
76,90,0.59
90,76,0.59
77,78,1.00
78,77,1.00
77,79,0.72
79,77,0.72
77,80,0.59
80,77,0.59
77,85,0.67
85,77,0.67
77,86,0.63
86,77,0.63
77,87,0.75
87,77,0.75
77,88,0.81
88,77,0.81
77,89,0.68
89,77,0.68
78,79,1.00
79,78,1.00
78,80,0.80
80,78,0.80
78,81,0.65
81,78,0.65
78,85,0.66
85,78,0.66
78,86,0.64
86,78,0.64
78,87,0.75
87,78,0.75
78,88,0.68
88,78,0.68
79,80,1.00
80,79,1.00
79,81,0.81
81,79,0.81
79,82,0.67
82,79,0.67
79,83,0.65
83,79,0.65
79,84,0.68
84,79,0.68
79,85,0.72
85,79,0.72
79,86,0.71
86,79,0.71
79,87,0.74
87,79,0.74
79,88,0.59
88,79,0.59
80,81,1.00
81,80,1.00
80,82,0.72
82,80,0.72
80,83,0.63
83,80,0.63
80,84,0.58
84,80,0.58
80,85,0.58
85,80,0.58
81,82,1.00
82,81,1.00
81,83,0.85
83,81,0.85
81,84,0.68
84,81,0.68
81,85,0.62
85,81,0.62
82,83,1.00
83,82,1.00
82,84,0.78
84,82,0.78
82,85,0.62
85,82,0.62
83,84,1.00
84,83,1.00
83,85,0.79
85,83,0.79
83,86,0.62
86,83,0.62
84,85,1.00
85,84,1.00
84,86,0.83
86,84,0.83
84,87,0.62
87,84,0.62
85,86,1.00
86,85,1.00
85,87,0.76
87,85,0.76
85,88,0.64
88,85,0.64
85,89,0.58
89,85,0.58
86,87,1.00
87,86,1.00
86,88,0.74
88,86,0.74
86,89,0.62
89,86,0.62
87,88,1.00
88,87,1.00
87,89,0.72
89,87,0.72
87,90,0.60
90,87,0.60
88,89,1.00
89,88,1.00
88,90,0.78
90,88,0.78
88,91,0.66
91,88,0.66
89,90,1.00
90,89,1.00
89,91,0.73
91,89,0.73
89,92,0.60
92,89,0.60
89,93,0.58
93,89,0.58
90,91,1.00
91,90,1.00
90,92,0.78
92,90,0.78
90,93,0.70
93,90,0.70
91,92,1.00
92,91,1.00
91,93,0.76
93,91,0.76
92,93,1.00
93,92,1.00
92,94,0.73
94,92,0.73
92,95,0.61
95,92,0.61
92,107,0.66
107,92,0.66
92,108,0.62
108,92,0.62
92,109,0.78
109,92,0.78
92,110,0.60
110,92,0.60
93,94,1.00
94,93,1.00
93,95,0.79
95,93,0.79
93,96,0.59
96,93,0.59
93,106,0.57
106,93,0.57
93,107,0.70
107,93,0.70
93,108,0.69
108,93,0.69
93,109,0.82
109,93,0.82
93,110,0.66
110,93,0.66
94,95,1.00
95,94,1.00
94,96,0.73
96,94,0.73
94,106,0.66
106,94,0.66
94,107,0.78
107,94,0.78
94,108,0.89
108,94,0.89
94,109,0.94
109,94,0.94
94,110,0.79
110,94,0.79
94,111,0.58
111,94,0.58
95,96,1.00
96,95,1.00
95,97,0.72
97,95,0.72
95,105,0.64
105,95,0.64
95,106,0.83
106,95,0.83
95,107,0.84
107,95,0.84
95,108,0.81
108,95,0.81
95,109,0.70
109,95,0.70
95,110,0.60
110,95,0.60
96,97,1.00
97,96,1.00
96,98,0.74
98,96,0.74
96,105,0.61
105,96,0.61
96,106,0.70
106,96,0.70
96,107,0.62
107,96,0.62
96,108,0.61
108,96,0.61
97,98,1.00
98,97,1.00
97,99,0.72
99,97,0.72
97,100,0.70
100,97,0.70
97,101,0.72
101,97,0.72
97,105,0.64
105,97,0.64
97,106,0.66
106,97,0.66
98,99,1.00
99,98,1.00
98,100,0.79
100,98,0.79
98,101,0.68
101,98,0.68
99,100,1.00
100,99,1.00
99,101,0.71
101,99,0.71
100,101,1.00
101,100,1.00
100,102,0.74
102,100,0.74
100,103,0.58
103,100,0.58
101,102,1.00
102,101,1.00
101,103,0.79
103,101,0.79
101,104,0.67
104,101,0.67
101,105,0.66
105,101,0.66
101,106,0.60
106,101,0.60
102,103,1.00
103,102,1.00
102,104,0.72
104,102,0.72
102,105,0.61
105,102,0.61
103,104,1.00
104,103,1.00
103,105,0.76
105,103,0.76
103,106,0.60
106,103,0.60
104,105,1.00
105,104,1.00
104,106,0.75
106,104,0.75
104,107,0.58
107,104,0.58
105,106,1.00
106,105,1.00
105,107,0.72
107,105,0.72
105,108,0.65
108,105,0.65
106,107,1.00
107,106,1.00
106,108,0.79
108,106,0.79
106,109,0.60
109,106,0.60
107,108,1.00
108,107,1.00
107,109,0.79
109,107,0.79
107,110,0.60
110,107,0.60
108,109,1.00
109,108,1.00
108,110,0.79
110,108,0.79
108,111,0.63
111,108,0.63
109,110,1.00
110,109,1.00
109,111,0.78
111,109,0.78
109,112,0.60
112,109,0.60
110,111,1.00
111,110,1.00
110,112,0.71
112,110,0.71
111,112,1.00
112,111,1.00
111,113,0.71
113,111,0.71
112,113,1.00
113,112,1.00
112,114,0.77
114,112,0.77
112,115,0.65
115,112,0.65
113,114,1.00
114,113,1.00
113,115,0.71
115,113,0.71
113,116,0.60
116,113,0.60
113,117,0.59
117,113,0.59
114,115,1.00
115,114,1.00
114,116,0.82
116,114,0.82
114,117,0.78
117,114,0.78
114,118,0.57
118,114,0.57
115,116,1.00
116,115,1.00
115,117,0.78
117,115,0.78
115,118,0.58
118,115,0.58
116,117,1.00
117,116,1.00
116,118,0.73
118,116,0.73
116,122,0.62
122,116,0.62
117,118,1.00
118,117,1.00
117,119,0.75
119,117,0.75
117,120,0.69
120,117,0.69
117,121,0.61
121,117,0.61
117,122,0.66
122,117,0.66
118,119,1.00
119,118,1.00
118,120,0.81
120,118,0.81
118,121,0.72
121,118,0.72
118,122,0.78
122,118,0.78
118,123,0.66
123,118,0.66
119,120,1.00
120,119,1.00
119,121,0.75
121,119,0.75
119,122,0.68
122,119,0.68
119,123,0.58
123,119,0.58
120,121,1.00
121,120,1.00
120,122,0.75
122,120,0.75
120,123,0.59
123,120,0.59
121,122,1.00
122,121,1.00
121,123,0.74
123,121,0.74
122,123,1.00
123,122,1.00
122,124,0.75
124,122,0.75
123,124,1.00
124,123,1.00
123,125,0.76
125,123,0.76
123,126,0.65
126,123,0.65
123,127,0.66
127,123,0.66
124,125,1.00
125,124,1.00
124,126,0.72
126,124,0.72
124,127,0.66
127,124,0.66
124,167,0.61
167,124,0.61
125,126,1.00
126,125,1.00
125,127,0.78
127,125,0.78
125,128,0.58
128,125,0.58
125,167,0.61
167,125,0.61
126,127,1.00
127,126,1.00
126,128,0.73
128,126,0.73
126,129,0.65
129,126,0.65
127,128,1.00
128,127,1.00
127,129,0.81
129,127,0.81
127,130,0.59
130,127,0.59
128,129,1.00
129,128,1.00
128,130,0.72
130,128,0.72
129,130,1.00
130,129,1.00
129,131,0.71
131,129,0.71
129,132,0.63
132,129,0.63
129,133,0.62
133,129,0.62
129,134,0.70
134,129,0.70
130,131,1.00
131,130,1.00
130,132,0.80
132,130,0.80
130,133,0.67
133,130,0.67
130,134,0.68
134,130,0.68
131,132,1.00
132,131,1.00
131,133,0.74
133,131,0.74
131,134,0.70
134,131,0.70
131,135,0.62
135,131,0.62
132,133,1.00
133,132,1.00
132,134,0.77
134,132,0.77
132,135,0.64
135,132,0.64
133,134,1.00
134,133,1.00
133,135,0.77
135,133,0.77
133,136,0.59
136,133,0.59
134,135,1.00
135,134,1.00
134,136,0.77
136,134,0.77
134,137,0.59
137,134,0.59
135,136,1.00
136,135,1.00
135,137,0.71
137,135,0.71
135,138,0.62
138,135,0.62
136,137,1.00
137,136,1.00
136,138,0.76
138,136,0.76
137,138,1.00
138,137,1.00
139,140,1.00
140,139,1.00
139,141,0.83
141,139,0.83
139,142,0.70
142,139,0.70
140,141,1.00
141,140,1.00
140,142,0.71
142,140,0.71
141,142,1.00
142,141,1.00
141,143,0.75
143,141,0.75
141,144,0.62
144,141,0.62
142,143,1.00
143,142,1.00
142,144,0.83
144,142,0.83
142,145,0.76
145,142,0.76
142,146,0.67
146,142,0.67
143,144,1.00
144,143,1.00
143,145,0.81
145,143,0.81
143,146,0.62
146,143,0.62
144,145,1.00
145,144,1.00
144,146,0.74
146,144,0.74
144,152,0.58
152,144,0.58
144,153,0.65
153,144,0.65
144,154,0.67
154,144,0.67
145,146,1.00
146,145,1.00
145,147,0.78
147,145,0.78
145,148,0.63
148,145,0.63
145,149,0.60
149,145,0.60
145,152,0.60
152,145,0.60
145,153,0.74
153,145,0.74
145,154,0.91
154,145,0.91
145,155,0.72
155,145,0.72
146,147,1.00
147,146,1.00
146,148,0.75
148,146,0.75
146,149,0.66
149,146,0.66
146,150,0.61
150,146,0.61
146,152,0.60
152,146,0.60
146,153,0.82
153,146,0.82
146,154,0.98
154,146,0.98
146,155,0.70
155,146,0.70
147,148,1.00
148,147,1.00
147,149,0.72
149,147,0.72
147,150,0.62
150,147,0.62
147,153,0.69
153,147,0.69
147,154,0.93
154,147,0.93
147,155,0.78
155,147,0.78
147,156,0.70
156,147,0.70
147,157,0.61
157,147,0.61
148,149,1.00
149,148,1.00
148,150,0.76
150,148,0.76
148,151,0.58
151,148,0.58
148,153,0.70
153,148,0.70
148,154,0.91
154,148,0.91
148,155,0.92
155,148,0.92
148,156,0.92
156,148,0.92
148,157,0.69
157,148,0.69
149,150,1.00
150,149,1.00
149,151,0.79
151,149,0.79
149,152,0.71
152,149,0.71
149,153,0.81
153,149,0.81
149,154,0.93
154,149,0.93
149,155,0.98
155,149,0.98
149,156,0.87
156,149,0.87
149,157,0.63
157,149,0.63
150,151,1.00
151,150,1.00
150,152,0.81
152,150,0.81
150,153,0.89
153,150,0.89
150,154,0.78
154,150,0.78
150,155,0.69
155,150,0.69
150,156,0.62
156,150,0.62
151,152,1.00
152,151,1.00
151,153,0.81
153,151,0.81
151,154,0.66
154,151,0.66
151,155,0.62
155,151,0.62
152,153,1.00
153,152,1.00
152,154,0.74
154,152,0.74
152,155,0.64
155,152,0.64
153,154,1.00
154,153,1.00
153,155,0.72
155,153,0.72
154,155,1.00
155,154,1.00
154,156,0.72
156,154,0.72
154,157,0.60
157,154,0.60
155,156,1.00
156,155,1.00
155,157,0.81
157,155,0.81
155,158,0.60
158,155,0.60
156,157,1.00
157,156,1.00
156,158,0.71
158,156,0.71
157,158,1.00
158,157,1.00
157,159,0.73
159,157,0.73
157,160,0.59
160,157,0.59
158,159,1.00
159,158,1.00
158,160,0.79
160,158,0.79
158,161,0.67
161,158,0.67
159,160,1.00
160,159,1.00
159,161,0.71
161,159,0.71
160,161,1.00
161,160,1.00
160,162,0.71
162,160,0.71
161,162,1.00
162,161,1.00
161,163,0.72
163,161,0.72
162,163,1.00
163,162,1.00
164,165,1.00
165,164,1.00
164,166,0.71
166,164,0.71
164,167,0.60
167,164,0.60
165,166,1.00
166,165,1.00
165,167,0.76
167,165,0.76
165,168,0.62
168,165,0.62
166,167,1.00
167,166,1.00
166,168,0.78
168,166,0.78
167,168,1.00
168,167,1.00
