1,2,1.00
2,1,1.00
1,3,0.72
3,1,0.72
1,4,0.62
4,1,0.62
1,26,0.70
26,1,0.70
1,27,0.63
27,1,0.63
2,3,1.00
3,2,1.00
2,4,0.82
4,2,0.82
2,5,0.62
5,2,0.62
2,24,0.60
24,2,0.60
2,25,0.61
25,2,0.61
2,26,0.73
26,2,0.73
2,27,0.62
27,2,0.62
3,4,1.00
4,3,1.00
3,5,0.80
5,3,0.80
3,6,0.57
6,3,0.57
3,24,0.64
24,3,0.64
3,25,0.70
25,3,0.70
3,26,0.83
26,3,0.83
3,27,0.68
27,3,0.68
3,28,0.59
28,3,0.59
4,5,1.00
5,4,1.00
4,6,0.71
6,4,0.71
4,23,0.74
23,4,0.74
4,24,0.78
24,4,0.78
4,25,0.75
25,4,0.75
4,26,0.73
26,4,0.73
5,6,1.00
6,5,1.00
5,23,0.70
23,5,0.70
5,24,0.64
24,5,0.64
5,25,0.63
25,5,0.63
5,26,0.59
26,5,0.59
6,23,0.67
23,6,0.67
6,58,0.63
58,6,0.63
7,8,1.00
8,7,1.00
7,9,0.75
9,7,0.75
7,10,0.71
10,7,0.71
7,11,0.90
11,7,0.90
7,12,0.83
12,7,0.83
7,13,0.81
13,7,0.81
7,14,0.75
14,7,0.75
7,59,0.70
59,7,0.70
7,60,0.70
60,7,0.70
7,61,0.58
61,7,0.58
8,9,1.00
9,8,1.00
8,10,0.80
10,8,0.80
8,11,0.86
11,8,0.86
8,12,0.66
12,8,0.66
8,13,0.64
13,8,0.64
8,14,0.66
14,8,0.66
8,59,0.74
59,8,0.74
8,60,0.88
60,8,0.88
8,61,0.76
61,8,0.76
8,62,0.58
62,8,0.58
9,10,1.00
10,9,1.00
9,11,0.81
11,9,0.81
9,12,0.61
12,9,0.61
9,13,0.62
13,9,0.62
9,14,0.69
14,9,0.69
9,60,0.69
60,9,0.69
9,61,0.66
61,9,0.66
9,129,0.61
129,9,0.61
9,130,0.58
130,9,0.58
9,132,0.60
132,9,0.60
10,11,1.00
11,10,1.00
10,12,0.73
12,10,0.73
10,13,0.70
13,10,0.70
10,14,0.71
14,10,0.71
11,12,1.00
12,11,1.00
11,13,0.80
13,11,0.80
11,14,0.69
14,11,0.69
12,13,1.00
13,12,1.00
12,14,0.72
14,12,0.72
13,14,1.00
14,13,1.00
15,16,1.00
16,15,1.00
15,17,0.71
17,15,0.71
15,20,0.62
20,15,0.62
15,21,0.79
21,15,0.79
15,22,0.85
22,15,0.85
15,23,0.76
23,15,0.76
15,24,0.65
24,15,0.65
16,17,1.00
17,16,1.00
16,18,0.72
18,16,0.72
16,19,0.71
19,16,0.71
16,20,0.83
20,16,0.83
16,21,0.95
21,16,0.95
16,22,0.92
22,16,0.92
16,23,0.69
23,16,0.69
16,24,0.61
24,16,0.61
16,134,0.63
134,16,0.63
16,135,0.60
135,16,0.60
17,18,1.00
18,17,1.00
17,19,0.81
19,17,0.81
17,20,0.83
20,17,0.83
17,21,0.77
21,17,0.77
17,22,0.82
22,17,0.82
17,23,0.64
23,17,0.64
17,24,0.62
24,17,0.62
17,134,0.65
134,17,0.65
17,135,0.70
135,17,0.70
17,136,0.64
136,17,0.64
17,145,0.58
145,17,0.58
18,19,1.00
19,18,1.00
18,20,0.81
20,18,0.81
18,21,0.64
21,18,0.64
18,22,0.62
22,18,0.62
18,134,0.62
134,18,0.62
18,135,0.78
135,18,0.78
18,136,0.75
136,18,0.75
18,137,0.61
137,18,0.61
18,142,0.60
142,18,0.60
18,143,0.78
143,18,0.78
18,144,0.68
144,18,0.68
18,145,0.74
145,18,0.74
18,146,0.58
146,18,0.58
19,20,1.00
20,19,1.00
19,21,0.69
21,19,0.69
19,22,0.59
22,19,0.59
19,125,0.61
125,19,0.61
19,134,0.67
134,19,0.67
19,135,0.84
135,19,0.84
19,136,0.68
136,19,0.68
19,142,0.58
142,19,0.58
19,143,0.76
143,19,0.76
19,144,0.70
144,19,0.70
19,145,0.74
145,19,0.74
19,146,0.60
146,19,0.60
20,21,1.00
21,20,1.00
20,22,0.76
22,20,0.76
20,57,0.59
57,20,0.59
20,134,0.91
134,20,0.91
20,135,0.93
135,20,0.93
20,136,0.67
136,20,0.67
20,143,0.58
143,20,0.58
21,22,1.00
22,21,1.00
21,23,0.70
23,21,0.70
21,57,0.66
57,21,0.66
21,134,0.86
134,21,0.86
21,135,0.71
135,21,0.71
22,23,1.00
23,22,1.00
22,24,0.77
24,22,0.77
22,25,0.61
25,22,0.61
22,57,0.66
57,22,0.66
22,58,0.59
58,22,0.59
22,134,0.76
134,22,0.76
22,135,0.64
135,22,0.64
23,24,1.00
24,23,1.00
23,25,0.77
25,23,0.77
23,26,0.59
26,23,0.59
23,57,0.60
57,23,0.60
23,58,0.61
58,23,0.61
23,134,0.59
134,23,0.59
24,25,1.00
25,24,1.00
24,26,0.73
26,24,0.73
25,26,1.00
26,25,1.00
25,27,0.71
27,25,0.71
25,28,0.63
28,25,0.63
25,32,0.61
32,25,0.61
25,33,0.70
33,25,0.70
25,34,0.62
34,25,0.62
26,27,1.00
27,26,1.00
26,28,0.76
28,26,0.76
26,32,0.59
32,26,0.59
26,33,0.61
33,26,0.61
27,28,1.00
28,27,1.00
27,29,0.72
29,27,0.72
27,32,0.61
32,27,0.61
27,33,0.59
33,27,0.59
28,29,1.00
29,28,1.00
28,30,0.75
30,28,0.75
28,31,0.72
31,28,0.72
28,32,0.76
32,28,0.76
28,33,0.65
33,28,0.65
29,30,1.00
30,29,1.00
29,31,0.79
31,29,0.79
29,32,0.69
32,29,0.69
29,33,0.57
33,29,0.57
30,31,1.00
31,30,1.00
30,32,0.75
32,30,0.75
30,33,0.60
33,30,0.60
31,32,1.00
32,31,1.00
31,33,0.80
33,31,0.80
31,34,0.61
34,31,0.61
31,35,0.61
35,31,0.61
31,50,0.59
50,31,0.59
32,33,1.00
33,32,1.00
32,34,0.74
34,32,0.74
32,35,0.67
35,32,0.67
33,34,1.00
34,33,1.00
33,35,0.80
35,33,0.80
33,36,0.64
36,33,0.64
33,50,0.59
50,33,0.59
34,35,1.00
35,34,1.00
34,36,0.83
36,34,0.83
34,37,0.60
37,34,0.60
34,50,0.63
50,34,0.63
34,51,0.60
51,34,0.60
34,52,0.66
52,34,0.66
34,134,0.58
134,34,0.58
34,135,0.58
135,34,0.58
34,136,0.68
136,34,0.68
34,137,0.60
137,34,0.60
35,36,1.00
36,35,1.00
35,37,0.72
37,35,0.72
35,38,0.57
38,35,0.57
35,49,0.62
49,35,0.62
35,50,0.87
50,35,0.87
35,51,0.81
51,35,0.81
35,52,0.85
52,35,0.85
35,53,0.61
53,35,0.61
35,136,0.64
136,35,0.64
35,137,0.63
137,35,0.63
35,138,0.64
138,35,0.64
36,37,1.00
37,36,1.00
36,38,0.76
38,36,0.76
36,50,0.72
50,36,0.72
36,51,0.70
51,36,0.70
36,52,0.83
52,36,0.83
36,53,0.64
53,36,0.64
36,117,0.58
117,36,0.58
36,135,0.59
135,36,0.59
36,136,0.78
136,36,0.78
36,137,0.88
137,36,0.88
36,138,0.85
138,36,0.85
36,139,0.63
139,36,0.63
36,142,0.58
142,36,0.58
37,38,1.00
38,37,1.00
37,39,0.74
39,37,0.74
37,40,0.69
40,37,0.69
37,50,0.65
50,37,0.65
37,51,0.62
51,37,0.62
37,52,0.68
52,37,0.68
37,53,0.58
53,37,0.58
37,116,0.62
116,37,0.62
37,117,0.81
117,37,0.81
37,118,0.71
118,37,0.71
37,119,0.58
119,37,0.58
37,136,0.65
136,37,0.65
37,137,0.86
137,37,0.86
37,138,0.92
138,37,0.92
37,139,0.75
139,37,0.75
37,140,0.60
140,37,0.60
37,141,0.61
141,37,0.61
37,142,0.62
142,37,0.62
38,39,1.00
39,38,1.00
38,40,0.80
40,38,0.80
38,41,0.59
41,38,0.59
38,116,0.66
116,38,0.66
38,117,0.81
117,38,0.81
38,118,0.77
118,38,0.77
38,119,0.60
119,38,0.60
38,136,0.62
136,38,0.62
38,137,0.83
137,38,0.83
38,138,0.73
138,38,0.73
38,139,0.64
139,38,0.64
38,141,0.61
141,38,0.61
38,142,0.69
142,38,0.69
39,40,1.00
40,39,1.00
39,41,0.74
41,39,0.74
39,114,0.60
114,39,0.60
39,115,0.64
115,39,0.64
39,116,0.82
116,39,0.82
39,117,0.87
117,39,0.87
39,118,0.79
118,39,0.79
39,119,0.57
119,39,0.57
39,137,0.60
137,39,0.60
40,41,1.00
41,40,1.00
40,42,0.75
42,40,0.75
40,43,0.62
43,40,0.62
40,44,0.59
44,40,0.59
40,115,0.63
115,40,0.63
40,116,0.87
116,40,0.87
40,117,0.78
117,40,0.78
40,118,0.62
118,40,0.62
41,42,1.00
42,41,1.00
41,43,0.74
43,41,0.74
41,44,0.64
44,41,0.64
41,115,0.58
115,41,0.58
41,116,0.73
116,41,0.73
41,117,0.60
117,41,0.60
42,43,1.00
43,42,1.00
42,44,0.73
44,42,0.73
42,45,0.60
45,42,0.60
42,116,0.59
116,42,0.59
43,44,1.00
44,43,1.00
43,45,0.79
45,43,0.79
43,46,0.58
46,43,0.58
44,45,1.00
45,44,1.00
44,46,0.73
46,44,0.73
44,116,0.63
116,44,0.63
45,46,1.00
46,45,1.00
45,47,0.73
47,45,0.73
45,48,0.59
48,45,0.59
45,49,0.59
49,45,0.59
45,95,0.61
95,45,0.61
46,47,1.00
47,46,1.00
46,48,0.74
48,46,0.74
46,49,0.66
49,46,0.66
46,93,0.66
93,46,0.66
46,94,0.63
94,46,0.63
46,95,0.74
95,46,0.74
47,48,1.00
48,47,1.00
47,49,0.76
49,47,0.76
47,50,0.57
50,47,0.57
47,93,0.71
93,47,0.71
47,94,0.61
94,47,0.61
47,95,0.62
95,47,0.62
48,49,1.00
49,48,1.00
48,50,0.70
50,48,0.70
48,51,0.63
51,48,0.63
48,92,0.59
92,48,0.59
48,93,0.71
93,48,0.71
48,94,0.62
94,48,0.62
48,95,0.60
95,48,0.60
49,50,1.00
50,49,1.00
49,51,0.78
51,49,0.78
49,52,0.58
52,49,0.58
50,51,1.00
51,50,1.00
50,52,0.76
52,50,0.76
51,52,1.00
52,51,1.00
51,53,0.74
53,51,0.74
51,54,0.59
54,51,0.59
51,138,0.62
138,51,0.62
52,53,1.00
53,52,1.00
52,54,0.77
54,52,0.77
52,55,0.69
55,52,0.69
52,136,0.64
136,52,0.64
52,137,0.64
137,52,0.64
52,138,0.78
138,52,0.78
52,139,0.63
139,52,0.63
53,54,1.00
54,53,1.00
53,55,0.74
55,53,0.74
53,78,0.57
78,53,0.57
53,87,0.59
87,53,0.59
53,135,0.57
135,53,0.57
53,136,0.61
136,53,0.61
53,137,0.61
137,53,0.61
53,138,0.77
138,53,0.77
53,139,0.68
139,53,0.68
53,141,0.58
141,53,0.58
54,55,1.00
55,54,1.00
54,57,0.61
57,54,0.61
54,78,0.62
78,54,0.62
54,134,0.66
134,54,0.66
54,135,0.65
135,54,0.65
54,136,0.61
136,54,0.61
54,138,0.62
138,54,0.62
55,57,0.85
57,55,0.85
55,58,0.66
58,55,0.66
55,77,0.57
77,55,0.57
55,78,0.69
78,55,0.69
55,134,0.77
134,55,0.77
55,135,0.65
135,55,0.65
55,136,0.59
136,55,0.59
56,59,0.62
59,56,0.62
56,60,0.74
60,56,0.74
56,61,0.66
61,56,0.66
56,79,0.73
79,56,0.73
56,80,0.57
80,56,0.57
56,132,0.66
132,56,0.66
56,133,0.91
133,56,0.91
57,58,1.00
58,57,1.00
57,134,0.85
134,57,0.85
57,135,0.62
135,57,0.62
58,75,0.67
75,58,0.67
58,77,0.57
77,58,0.57
58,134,0.63
134,58,0.63
59,60,1.00
60,59,1.00
59,61,0.76
61,59,0.76
59,62,0.65
62,59,0.65
59,71,0.60
71,59,0.60
59,72,0.76
72,59,0.76
59,73,0.71
73,59,0.71
59,74,0.69
74,59,0.69
60,61,1.00
61,60,1.00
60,62,0.72
62,60,0.72
60,63,0.60
63,60,0.60
60,72,0.65
72,60,0.65
60,74,0.57
74,60,0.57
60,133,0.66
133,60,0.66
61,62,1.00
62,61,1.00
61,63,0.78
63,61,0.78
61,64,0.60
64,61,0.60
61,68,0.62
68,61,0.62
61,69,0.59
69,61,0.59
61,70,0.61
70,61,0.61
61,71,0.64
71,61,0.64
61,72,0.69
72,61,0.69
61,133,0.57
133,61,0.57
62,63,1.00
63,62,1.00
62,64,0.72
64,62,0.72
62,65,0.63
65,62,0.63
62,67,0.59
67,62,0.59
62,68,0.79
68,62,0.79
62,69,0.81
69,62,0.81
62,70,0.85
70,62,0.85
62,71,0.87
71,62,0.87
62,72,0.81
72,62,0.81
62,73,0.62
73,62,0.62
62,74,0.61
74,62,0.61
63,64,1.00
64,63,1.00
63,65,0.79
65,63,0.79
63,66,0.61
66,63,0.61
63,67,0.62
67,63,0.62
63,68,0.87
68,63,0.87
63,69,0.83
69,63,0.83
63,70,0.97
70,63,0.97
63,71,0.78
71,63,0.78
63,72,0.75
72,63,0.75
64,65,1.00
65,64,1.00
64,66,0.76
66,64,0.76
64,67,0.72
67,64,0.72
64,68,0.99
68,64,0.99
64,69,0.79
69,64,0.79
64,70,0.79
70,64,0.79
64,71,0.60
71,64,0.60
65,66,1.00
66,65,1.00
65,67,0.79
67,65,0.79
65,68,0.93
68,65,0.93
65,69,0.90
69,65,0.90
65,70,0.83
70,65,0.83
65,71,0.60
71,65,0.60
66,67,1.00
67,66,1.00
66,68,0.86
68,66,0.86
66,69,0.79
69,66,0.79
66,70,0.63
70,66,0.63
67,68,1.00
68,67,1.00
67,69,0.82
69,67,0.82
67,70,0.61
70,67,0.61
68,69,1.00
69,68,1.00
68,70,0.77
70,68,0.77
68,71,0.62
71,68,0.62
69,70,1.00
70,69,1.00
69,71,0.80
71,69,0.80
69,72,0.62
72,69,0.62
70,71,1.00
71,70,1.00
70,72,0.80
72,70,0.80
70,73,0.63
73,70,0.63
71,72,1.00
72,71,1.00
71,73,0.84
73,71,0.84
71,74,0.77
74,71,0.77
72,73,1.00
73,72,1.00
72,74,0.79
74,72,0.79
73,74,1.00
74,73,1.00
75,76,1.00
76,75,1.00
75,77,0.85
77,75,0.85
75,78,0.63
78,75,0.63
76,77,1.00
77,76,1.00
76,78,0.72
78,76,0.72
77,78,1.00
78,77,1.00
79,80,1.00
80,79,1.00
79,81,0.71
81,79,0.71
80,81,1.00
81,80,1.00
80,82,0.75
82,80,0.75
80,83,0.63
83,80,0.63
80,84,0.58
84,80,0.58
80,85,0.59
85,80,0.59
80,86,0.71
86,80,0.71
81,82,1.00
82,81,1.00
81,83,0.86
83,81,0.86
81,84,0.72
84,81,0.72
81,85,0.66
85,81,0.66
81,86,0.79
86,81,0.79
82,83,1.00
83,82,1.00
82,84,0.72
84,82,0.72
82,85,0.64
85,82,0.64
82,86,0.82
86,82,0.82
83,84,1.00
84,83,1.00
83,85,0.75
85,83,0.75
83,86,0.83
86,83,0.83
84,85,1.00
85,84,1.00
84,86,0.85
86,84,0.85
85,86,1.00
86,85,1.00
87,88,1.00
88,87,1.00
87,89,0.82
89,87,0.82
87,90,0.59
90,87,0.59
88,89,1.00
89,88,1.00
88,90,0.73
90,88,0.73
89,90,1.00
90,89,1.00
89,91,0.73
91,89,0.73
89,92,0.64
92,89,0.64
90,91,1.00
91,90,1.00
90,92,0.74
92,90,0.74
90,93,0.60
93,90,0.60
90,94,0.67
94,90,0.67
91,92,1.00
92,91,1.00
91,93,0.77
93,91,0.77
91,94,0.83
94,91,0.83
91,95,0.61
95,91,0.61
91,96,0.59
96,91,0.59
92,93,1.00
93,92,1.00
92,94,0.83
94,92,0.83
92,95,0.60
95,92,0.60
93,94,1.00
94,93,1.00
93,95,0.75
95,93,0.75
93,96,0.59
96,93,0.59
94,95,1.00
95,94,1.00
94,96,0.82
96,94,0.82
94,97,0.64
97,94,0.64
95,96,1.00
96,95,1.00
95,97,0.71
97,95,0.71
95,116,0.61
116,95,0.61
95,117,0.63
117,95,0.63
96,97,1.00
97,96,1.00
96,98,0.74
98,96,0.74
96,99,0.57
99,96,0.57
96,113,0.58
113,96,0.58
96,114,0.66
114,96,0.66
96,115,0.66
115,96,0.66
96,116,0.65
116,96,0.65
96,117,0.69
117,96,0.69
96,118,0.61
118,96,0.61
96,119,0.58
119,96,0.58
96,139,0.58
139,96,0.58
97,98,1.00
98,97,1.00
97,99,0.78
99,97,0.78
97,100,0.59
100,97,0.59
97,112,0.66
112,97,0.66
97,113,0.67
113,97,0.67
97,114,0.75
114,97,0.75
97,115,0.65
115,97,0.65
97,116,0.63
116,97,0.63
97,117,0.74
117,97,0.74
97,118,0.74
118,97,0.74
97,119,0.78
119,97,0.78
97,120,0.59
120,97,0.59
97,139,0.70
139,97,0.70
97,140,0.65
140,97,0.65
98,99,1.00
99,98,1.00
98,100,0.79
100,98,0.79
98,101,0.61
101,98,0.61
98,110,0.60
110,98,0.60
98,111,0.68
111,98,0.68
98,112,0.83
112,98,0.83
98,113,0.72
113,98,0.72
98,114,0.68
114,98,0.68
98,118,0.62
118,98,0.62
98,119,0.74
119,98,0.74
98,120,0.64
120,98,0.64
98,139,0.60
139,98,0.60
98,140,0.62
140,98,0.62
99,100,1.00
100,99,1.00
99,101,0.73
101,99,0.73
99,102,0.58
102,99,0.58
99,110,0.60
110,99,0.60
99,111,0.65
111,99,0.65
99,112,0.78
112,99,0.78
99,113,0.65
113,99,0.65
99,114,0.62
114,99,0.62
99,118,0.65
118,99,0.65
99,119,0.89
119,99,0.89
99,120,0.88
120,99,0.88
99,121,0.63
121,99,0.63
99,139,0.63
139,99,0.63
99,140,0.75
140,99,0.75
100,101,1.00
101,100,1.00
100,102,0.74
102,100,0.74
100,103,0.57
103,100,0.57
100,110,0.74
110,100,0.74
100,111,0.72
111,100,0.72
100,112,0.74
112,100,0.74
100,119,0.64
119,100,0.64
100,120,0.71
120,100,0.71
100,140,0.59
140,100,0.59
101,102,1.00
102,101,1.00
101,103,0.71
103,101,0.71
101,105,0.58
105,101,0.58
101,110,0.65
110,101,0.65
101,120,0.60
120,101,0.60
102,103,1.00
103,102,1.00
102,104,0.75
104,102,0.75
102,105,0.72
105,102,0.72
102,107,0.58
107,102,0.58
102,108,0.64
108,102,0.64
102,109,0.59
109,102,0.59
102,110,0.65
110,102,0.65
103,104,1.00
104,103,1.00
103,105,0.79
105,103,0.79
103,106,0.60
106,103,0.60
103,107,0.65
107,103,0.65
103,108,0.62
108,103,0.62
104,105,1.00
105,104,1.00
104,106,0.82
106,104,0.82
104,107,0.87
107,104,0.87
104,108,0.74
108,104,0.74
104,109,0.59
109,104,0.59
105,106,1.00
106,105,1.00
105,107,0.89
107,105,0.89
105,108,0.88
108,105,0.88
105,109,0.76
109,105,0.76
105,110,0.71
110,105,0.71
106,107,1.00
107,106,1.00
106,108,0.83
108,106,0.83
106,109,0.69
109,106,0.69
106,110,0.59
110,106,0.59
107,108,1.00
108,107,1.00
107,109,0.70
109,107,0.70
107,110,0.57
110,107,0.57
108,109,1.00
109,108,1.00
108,110,0.75
110,108,0.75
109,110,1.00
110,109,1.00
109,111,0.72
111,109,0.72
110,111,1.00
111,110,1.00
110,112,0.71
112,110,0.71
111,112,1.00
112,111,1.00
111,113,0.72
113,111,0.72
112,113,1.00
113,112,1.00
112,114,0.73
114,112,0.73
112,119,0.62
119,112,0.62
112,120,0.59
120,112,0.59
113,114,1.00
114,113,1.00
113,115,0.73
115,113,0.73
113,118,0.61
118,113,0.61
113,119,0.61
119,113,0.61
114,115,1.00
115,114,1.00
114,116,0.77
116,114,0.77
114,117,0.74
117,114,0.74
114,118,0.79
118,114,0.79
114,119,0.69
119,114,0.69
115,116,1.00
116,115,1.00
115,117,0.76
117,115,0.76
115,118,0.68
118,115,0.68
116,117,1.00
117,116,1.00
116,118,0.74
118,116,0.74
117,118,1.00
118,117,1.00
117,119,0.71
119,117,0.71
117,137,0.58
137,117,0.58
117,138,0.64
138,117,0.64
117,139,0.70
139,117,0.70
117,140,0.60
140,117,0.60
118,119,1.00
119,118,1.00
118,120,0.70
120,118,0.70
118,121,0.67
121,118,0.67
118,137,0.61
137,118,0.61
118,138,0.66
138,118,0.66
118,139,0.76
139,118,0.76
118,140,0.75
140,118,0.75
118,141,0.66
141,118,0.66
118,142,0.64
142,118,0.64
119,120,1.00
120,119,1.00
119,121,0.83
121,119,0.83
119,122,0.61
122,119,0.61
119,138,0.64
138,119,0.64
119,139,0.82
139,119,0.82
119,140,1.00
140,119,1.00
119,141,0.75
141,119,0.75
119,142,0.64
142,119,0.64
120,121,1.00
121,120,1.00
120,122,0.80
122,120,0.80
120,123,0.64
123,120,0.64
120,139,0.66
139,120,0.66
120,140,0.90
140,120,0.90
120,141,0.75
141,120,0.75
120,142,0.63
142,120,0.63
121,122,1.00
122,121,1.00
121,123,0.77
123,121,0.77
121,137,0.61
137,121,0.61
121,138,0.62
138,121,0.62
121,139,0.66
139,121,0.66
121,140,0.89
140,121,0.89
121,141,0.99
141,121,0.99
121,142,0.88
142,121,0.88
121,143,0.67
143,121,0.67
121,144,0.60
144,121,0.60
122,123,1.00
123,122,1.00
122,124,0.71
124,122,0.71
122,125,0.59
125,122,0.59
122,140,0.69
140,122,0.69
122,141,0.77
141,122,0.77
122,142,0.70
142,122,0.70
122,143,0.62
143,122,0.62
122,144,0.62
144,122,0.62
123,124,1.00
124,123,1.00
123,125,0.78
125,123,0.78
123,140,0.65
140,123,0.65
123,141,0.76
141,123,0.76
123,142,0.64
142,123,0.64
123,143,0.61
143,123,0.61
123,144,0.58
144,123,0.58
124,125,1.00
125,124,1.00
124,141,0.58
141,124,0.58
125,135,0.60
135,125,0.60
125,141,0.58
141,125,0.58
125,143,0.58
143,125,0.58
126,127,1.00
127,126,1.00
126,128,0.71
128,126,0.71
126,132,0.61
132,126,0.61
127,128,1.00
128,127,1.00
127,129,0.73
129,127,0.73
127,130,0.64
130,127,0.64
127,131,0.71
131,127,0.71
127,132,0.83
132,127,0.83
127,133,0.69
133,127,0.69
128,129,1.00
129,128,1.00
128,130,0.75
130,128,0.75
128,131,0.72
131,128,0.72
128,132,0.86
132,128,0.86
128,133,0.64
133,128,0.64
129,130,1.00
130,129,1.00
129,131,0.80
131,129,0.80
129,132,0.92
132,129,0.92
129,133,0.64
133,129,0.64
130,131,1.00
131,130,1.00
130,132,0.85
132,130,0.85
130,133,0.62
133,130,0.62
131,132,1.00
132,131,1.00
131,133,0.80
133,131,0.80
132,133,1.00
133,132,1.00
134,135,1.00
135,134,1.00
134,136,0.74
136,134,0.74
135,136,1.00
136,135,1.00
135,137,0.70
137,135,0.70
135,138,0.60
138,135,0.60
135,142,0.61
142,135,0.61
135,143,0.67
143,135,0.67
136,137,1.00
137,136,1.00
136,138,0.76
138,136,0.76
136,141,0.65
141,136,0.65
136,142,0.72
142,136,0.72
136,143,0.73
143,136,0.73
137,138,1.00
138,137,1.00
137,139,0.70
139,137,0.70
137,140,0.64
140,137,0.64
137,141,0.80
141,137,0.80
137,142,0.90
142,137,0.90
137,143,0.74
143,137,0.74
138,139,1.00
139,138,1.00
138,140,0.78
140,138,0.78
138,141,0.85
141,138,0.85
138,142,0.75
142,138,0.75
138,143,0.59
143,138,0.59
139,140,1.00
140,139,1.00
139,141,0.83
141,139,0.83
139,142,0.65
142,139,0.65
140,141,1.00
141,140,1.00
140,142,0.71
142,140,0.71
141,142,1.00
142,141,1.00
141,143,0.73
143,141,0.73
141,144,0.58
144,141,0.58
142,143,1.00
143,142,1.00
142,144,0.73
144,142,0.73
143,144,1.00
144,143,1.00
143,145,0.76
145,143,0.76
144,145,1.00
145,144,1.00
144,146,0.70
146,144,0.70
145,146,1.00
146,145,1.00
145,147,0.73
147,145,0.73
145,148,0.59
148,145,0.59
146,147,1.00
147,146,1.00
146,148,0.73
148,146,0.73
146,149,0.64
149,146,0.64
147,148,1.00
148,147,1.00
147,149,0.75
149,147,0.75
147,150,0.58
150,147,0.58
148,149,1.00
149,148,1.00
148,150,0.78
150,148,0.78
148,151,0.65
151,148,0.65
149,150,1.00
150,149,1.00
149,151,0.70
151,149,0.70
150,151,1.00
151,150,1.00
150,152,0.79
152,150,0.79
150,153,0.62
153,150,0.62
151,152,1.00
152,151,1.00
151,153,0.72
153,151,0.72
152,153,1.00
153,152,1.00
152,154,0.72
154,152,0.72
152,155,0.64
155,152,0.64
152,156,0.61
156,152,0.61
153,154,1.00
154,153,1.00
153,155,0.75
155,153,0.75
153,156,0.64
156,153,0.64
154,155,1.00
155,154,1.00
154,156,0.77
156,154,0.77
154,157,0.60
157,154,0.60
154,158,0.64
158,154,0.64
155,156,1.00
156,155,1.00
155,157,0.74
157,155,0.74
155,158,0.79
158,155,0.79
156,157,1.00
157,156,1.00
156,158,0.84
158,156,0.84
157,158,1.00
158,157,1.00
159,160,0.99
160,159,0.99
159,161,0.74
161,159,0.74
159,162,0.58
162,159,0.58
160,161,1.00
161,160,1.00
160,162,0.82
162,160,0.82
160,163,0.60
163,160,0.60
160,164,0.59
164,160,0.59
161,162,1.00
162,161,1.00
161,163,0.73
163,161,0.73
161,164,0.75
164,161,0.75
161,165,0.71
165,161,0.71
161,166,0.66
166,161,0.66
162,163,1.00
163,162,1.00
162,164,0.82
164,162,0.82
162,165,0.71
165,162,0.71
162,166,0.59
166,162,0.59
163,164,1.00
164,163,1.00
163,165,0.79
165,163,0.79
163,166,0.61
166,163,0.61
164,165,1.00
165,164,1.00
164,166,0.82
166,164,0.82
164,167,0.60
167,164,0.60
165,166,1.00
166,165,1.00
165,167,0.78
167,165,0.78
165,168,0.70
168,165,0.70
166,167,1.00
167,166,1.00
166,168,0.74
168,166,0.74
167,168,1.00
168,167,1.00
