1,2,1.00
2,1,1.00
1,3,0.72
3,1,0.72
1,4,0.61
4,1,0.61
2,3,1.00
3,2,1.00
2,4,0.81
4,2,0.81
2,5,0.58
5,2,0.58
3,4,1.00
4,3,1.00
3,5,0.72
5,3,0.72
3,6,0.72
6,3,0.72
4,5,1.00
5,4,1.00
4,6,0.83
6,4,0.83
4,7,0.62
7,4,0.62
5,6,1.00
6,5,1.00
5,7,0.81
7,5,0.81
6,7,1.00
7,6,1.00
8,9,1.00
9,8,1.00
8,10,0.71
10,8,0.71
8,11,0.58
11,8,0.58
9,10,1.00
10,9,1.00
9,11,0.76
11,9,0.76
9,12,0.74
12,9,0.74
10,11,1.00
11,10,1.00
10,12,0.79
12,10,0.79
10,13,0.60
13,10,0.60
10,14,0.58
14,10,0.58
11,12,1.00
12,11,1.00
11,13,0.80
13,11,0.80
11,14,0.77
14,11,0.77
11,15,0.58
15,11,0.58
12,13,1.00
13,12,1.00
12,14,0.78
14,12,0.78
12,15,0.59
15,12,0.59
12,19,0.58
19,12,0.58
13,14,1.00
14,13,1.00
13,15,0.75
15,13,0.75
13,16,0.62
16,13,0.62
13,19,0.68
19,13,0.68
14,15,1.00
15,14,1.00
14,16,0.83
16,14,0.83
14,17,0.63
17,14,0.63
14,18,0.64
18,14,0.64
14,19,0.79
19,14,0.79
14,20,0.60
20,14,0.60
15,16,1.00
16,15,1.00
15,17,0.70
17,15,0.70
15,18,0.61
18,15,0.61
15,19,0.65
19,15,0.65
16,17,1.00
17,16,1.00
16,18,0.81
18,16,0.81
16,19,0.76
19,16,0.76
17,18,1.00
18,17,1.00
17,19,0.76
19,17,0.76
17,20,0.59
20,17,0.59
18,19,1.00
19,18,1.00
18,20,0.81
20,18,0.81
18,21,0.69
21,18,0.69
19,20,1.00
20,19,1.00
19,21,0.77
21,19,0.77
19,22,0.58
22,19,0.58
20,21,1.00
21,20,1.00
20,22,0.77
22,20,0.77
20,23,0.58
23,20,0.58
21,22,1.00
22,21,1.00
21,23,0.71
23,21,0.71
22,23,1.00
23,22,1.00
22,24,0.75
24,22,0.75
22,25,0.58
25,22,0.58
22,37,0.61
37,22,0.61
22,38,0.72
38,22,0.72
22,39,0.58
39,22,0.58
23,24,1.00
24,23,1.00
23,25,0.77
25,23,0.77
23,26,0.57
26,23,0.57
23,36,0.60
36,23,0.60
23,37,0.63
37,23,0.63
23,38,0.66
38,23,0.66
24,25,1.00
25,24,1.00
24,26,0.74
26,24,0.74
24,27,0.58
27,24,0.58
24,35,0.75
35,24,0.75
24,36,0.84
36,24,0.84
24,37,0.81
37,24,0.81
24,38,0.73
38,24,0.73
25,26,1.00
26,25,1.00
25,27,0.73
27,25,0.73
25,34,0.62
34,25,0.62
25,35,0.78
35,25,0.78
25,36,0.84
36,25,0.84
25,37,0.68
37,25,0.68
25,38,0.61
38,25,0.61
26,27,1.00
27,26,1.00
26,28,0.72
28,26,0.72
26,29,0.62
29,26,0.62
26,33,0.72
33,26,0.72
26,34,0.81
34,26,0.81
26,35,0.93
35,26,0.93
26,36,0.83
36,26,0.83
26,37,0.61
37,26,0.61
27,28,1.00
28,27,1.00
27,29,0.77
29,27,0.77
27,32,0.62
32,27,0.62
27,33,0.77
33,27,0.77
27,34,0.88
34,27,0.88
27,35,0.81
35,27,0.81
27,36,0.77
36,27,0.77
28,29,1.00
29,28,1.00
28,30,0.72
30,28,0.72
28,31,0.66
31,28,0.66
28,32,0.80
32,28,0.80
28,33,0.88
33,28,0.88
28,34,0.85
34,28,0.85
28,35,0.66
35,28,0.66
28,36,0.59
36,28,0.59
29,30,1.00
30,29,1.00
29,31,0.87
31,29,0.87
29,32,0.89
32,29,0.89
29,33,0.95
33,29,0.95
29,34,0.97
34,29,0.97
29,35,0.67
35,29,0.67
29,36,0.58
36,29,0.58
30,31,1.00
31,30,1.00
30,32,0.80
32,30,0.80
30,33,0.70
33,30,0.70
30,34,0.69
34,30,0.69
31,32,1.00
32,31,1.00
31,33,0.80
33,31,0.80
31,34,0.67
34,31,0.67
32,33,1.00
33,32,1.00
32,34,0.72
34,32,0.72
33,34,1.00
34,33,1.00
33,35,0.73
35,33,0.73
34,35,1.00
35,34,1.00
34,36,0.75
36,34,0.75
35,36,1.00
36,35,1.00
35,37,0.71
37,35,0.71
36,37,1.00
37,36,1.00
36,38,0.71
38,36,0.71
36,39,0.58
39,36,0.58
37,38,1.00
38,37,1.00
37,39,0.74
39,37,0.74
37,40,0.60
40,37,0.60
37,62,0.62
62,37,0.62
38,39,1.00
39,38,1.00
38,40,0.75
40,38,0.75
38,61,0.59
61,38,0.59
38,62,0.61
62,38,0.61
39,40,1.00
40,39,1.00
39,41,0.71
41,39,0.71
39,42,0.70
42,39,0.70
39,61,0.69
61,39,0.69
39,62,0.64
62,39,0.64
40,41,1.00
41,40,1.00
40,42,0.83
42,40,0.83
40,43,0.61
43,40,0.61
40,60,0.66
60,40,0.66
40,61,0.84
61,40,0.84
40,62,0.72
62,40,0.72
40,63,0.59
63,40,0.59
41,42,1.00
42,41,1.00
41,43,0.72
43,41,0.72
41,44,0.60
44,41,0.60
41,57,0.57
57,41,0.57
41,58,0.60
58,41,0.60
41,59,0.77
59,41,0.77
41,60,0.93
60,41,0.93
41,61,1.00
61,41,1.00
41,62,0.73
62,41,0.73
41,63,0.63
63,41,0.63
41,64,0.67
64,41,0.67
41,65,0.64
65,41,0.64
41,66,0.57
66,41,0.57
42,43,1.00
43,42,1.00
42,44,0.75
44,42,0.75
42,55,0.62
55,42,0.62
42,56,0.57
56,42,0.57
42,57,0.60
57,42,0.60
42,58,0.58
58,42,0.58
42,59,0.66
59,42,0.66
42,60,0.81
60,42,0.81
42,61,0.82
61,42,0.82
42,62,0.60
62,42,0.60
43,44,1.00
44,43,1.00
43,54,0.67
54,43,0.67
43,55,0.77
55,43,0.77
43,56,0.62
56,43,0.62
43,57,0.60
57,43,0.60
43,59,0.59
59,43,0.59
43,60,0.66
60,43,0.66
43,61,0.60
61,43,0.60
44,53,0.58
53,44,0.58
44,54,0.60
54,44,0.60
44,55,0.62
55,44,0.62
45,46,1.00
46,45,1.00
45,47,0.83
47,45,0.83
45,48,0.61
48,45,0.61
45,51,0.73
51,45,0.73
45,52,0.71
52,45,0.71
46,47,1.00
47,46,1.00
46,48,0.80
48,46,0.80
46,49,0.62
49,46,0.62
46,50,0.62
50,46,0.62
46,51,0.76
51,46,0.76
46,52,0.78
52,46,0.78
47,48,1.00
48,47,1.00
47,49,0.84
49,47,0.84
47,50,0.83
50,47,0.83
47,51,0.99
51,47,0.99
47,52,0.81
52,47,0.81
48,49,1.00
49,48,1.00
48,50,0.79
50,48,0.79
48,51,0.75
51,48,0.75
48,52,0.68
52,48,0.68
49,50,1.00
50,49,1.00
49,51,0.76
51,49,0.76
49,52,0.63
52,49,0.63
50,51,1.00
51,50,1.00
50,52,0.76
52,50,0.76
51,52,1.00
52,51,1.00
53,54,1.00
54,53,1.00
53,55,0.72
55,53,0.72
54,55,1.00
55,54,1.00
54,56,0.73
56,54,0.73
55,56,1.00
56,55,1.00
55,57,0.78
57,55,0.78
55,58,0.65
58,55,0.65
55,60,0.59
60,55,0.59
56,57,1.00
57,56,1.00
56,58,0.71
58,56,0.71
56,59,0.58
59,56,0.58
56,60,0.63
60,56,0.63
57,58,1.00
58,57,1.00
57,59,0.76
59,57,0.76
57,60,0.80
60,57,0.80
57,61,0.60
61,57,0.60
57,65,0.68
65,57,0.68
57,66,0.66
66,57,0.66
58,59,1.00
59,58,1.00
58,60,0.83
60,58,0.83
58,61,0.60
61,58,0.60
58,64,0.62
64,58,0.62
58,65,0.78
65,58,0.78
58,66,0.89
66,58,0.89
58,67,0.65
67,58,0.65
59,60,1.00
60,59,1.00
59,61,0.72
61,59,0.72
59,62,0.59
62,59,0.59
59,63,0.61
63,59,0.61
59,64,0.79
64,59,0.79
59,65,0.89
65,59,0.89
59,66,0.97
66,59,0.97
59,67,0.72
67,59,0.72
59,69,0.60
69,59,0.60
60,61,1.00
61,60,1.00
60,62,0.73
62,60,0.73
60,63,0.66
63,60,0.66
60,64,0.77
64,60,0.77
60,65,0.89
65,60,0.89
60,66,0.74
66,60,0.74
61,62,1.00
62,61,1.00
61,63,0.77
63,61,0.77
61,64,0.75
64,61,0.75
61,65,0.74
65,61,0.74
61,66,0.59
66,61,0.59
62,63,1.00
63,62,1.00
62,64,0.78
64,62,0.78
62,65,0.70
65,62,0.70
63,64,1.00
64,63,1.00
63,65,0.78
65,63,0.78
63,66,0.61
66,63,0.61
63,69,0.70
69,63,0.70
63,70,0.62
70,63,0.62
63,71,0.61
71,63,0.61
63,72,0.60
72,63,0.60
64,65,1.00
65,64,1.00
64,66,0.85
66,64,0.85
64,67,0.72
67,64,0.72
64,68,0.70
68,64,0.70
64,69,0.85
69,64,0.85
64,70,0.67
70,64,0.67
64,71,0.61
71,64,0.61
65,66,1.00
66,65,1.00
65,67,0.71
67,65,0.71
65,68,0.64
68,65,0.64
65,69,0.79
69,65,0.79
65,70,0.68
70,65,0.68
65,71,0.66
71,65,0.66
66,67,1.00
67,66,1.00
66,68,0.75
68,66,0.75
66,69,0.80
69,66,0.80
66,70,0.63
70,66,0.63
67,68,1.00
68,67,1.00
67,69,0.83
69,67,0.83
67,70,0.62
70,67,0.62
68,69,1.00
69,68,1.00
68,70,0.71
70,68,0.71
69,70,1.00
70,69,1.00
69,71,0.73
71,69,0.73
69,72,0.61
72,69,0.61
70,71,1.00
71,70,1.00
70,72,0.79
72,70,0.79
70,73,0.65
73,70,0.65
70,107,0.64
107,70,0.64
70,108,0.70
108,70,0.70
71,72,1.00
72,71,1.00
71,73,0.78
73,71,0.78
71,74,0.58
74,71,0.58
71,107,0.69
107,71,0.69
71,108,0.68
108,71,0.68
72,73,1.00
73,72,1.00
72,74,0.76
74,72,0.76
72,75,0.58
75,72,0.58
72,107,0.58
107,72,0.58
72,108,0.62
108,72,0.62
73,74,1.00
74,73,1.00
73,75,0.77
75,73,0.77
73,76,0.59
76,73,0.59
73,107,0.64
107,73,0.64
73,108,0.70
108,73,0.70
73,109,0.63
109,73,0.63
74,75,1.00
75,74,1.00
74,76,0.82
76,74,0.82
74,77,0.68
77,74,0.68
75,76,1.00
76,75,1.00
75,77,0.81
77,75,0.81
75,78,0.61
78,75,0.61
75,98,0.60
98,75,0.60
76,77,1.00
77,76,1.00
76,78,0.81
78,76,0.81
76,79,0.69
79,76,0.69
76,80,0.58
80,76,0.58
76,81,0.63
81,76,0.63
77,78,1.00
78,77,1.00
77,79,0.72
79,77,0.72
77,80,0.61
80,77,0.61
77,81,0.64
81,77,0.64
78,79,1.00
79,78,1.00
78,80,0.84
80,78,0.84
78,81,0.81
81,78,0.81
78,82,0.60
82,78,0.60
79,80,1.00
80,79,1.00
79,81,0.77
81,79,0.77
79,82,0.61
82,79,0.61
80,81,1.00
81,80,1.00
80,82,0.74
82,80,0.74
81,82,1.00
82,81,1.00
81,83,0.72
83,81,0.72
82,83,1.00
83,82,1.00
82,84,0.73
84,82,0.73
82,85,0.75
85,82,0.75
82,86,0.66
86,82,0.66
83,84,1.00
84,83,1.00
83,85,0.83
85,83,0.83
83,86,0.69
86,83,0.69
83,87,0.59
87,83,0.59
83,88,0.70
88,83,0.70
83,89,0.59
89,83,0.59
83,96,0.59
96,83,0.59
83,97,0.72
97,83,0.72
83,98,0.60
98,83,0.60
84,85,1.00
85,84,1.00
84,86,0.79
86,84,0.79
84,87,0.74
87,84,0.74
84,88,0.99
88,84,0.99
84,89,0.74
89,84,0.74
84,90,0.63
90,84,0.63
84,97,0.64
97,84,0.64
84,121,0.60
121,84,0.60
85,86,1.00
86,85,1.00
85,87,0.80
87,85,0.80
85,88,0.83
88,85,0.83
85,89,0.60
89,85,0.60
85,165,0.59
165,85,0.59
86,87,1.00
87,86,1.00
86,88,0.83
88,86,0.83
86,89,0.61
89,86,0.61
87,88,1.00
88,87,1.00
87,89,0.75
89,87,0.75
87,90,0.58
90,87,0.58
87,125,0.57
125,87,0.57
88,89,1.00
89,88,1.00
88,90,0.75
90,88,0.75
88,91,0.59
91,88,0.59
88,121,0.63
121,88,0.63
88,122,0.58
122,88,0.58
88,123,0.61
123,88,0.61
89,90,1.00
90,89,1.00
89,91,0.78
91,89,0.78
89,92,0.70
92,89,0.70
89,93,0.61
93,89,0.61
89,119,0.59
119,89,0.59
89,120,0.64
120,89,0.64
89,121,0.68
121,89,0.68
89,122,0.60
122,89,0.60
89,123,0.59
123,89,0.59
90,91,1.00
91,90,1.00
90,92,0.76
92,90,0.76
90,93,0.61
93,90,0.61
90,118,0.60
118,90,0.60
90,119,0.81
119,90,0.81
90,120,0.87
120,90,0.87
90,121,0.90
121,90,0.90
90,122,0.75
122,90,0.75
90,123,0.64
123,90,0.64
91,92,1.00
92,91,1.00
91,93,0.75
93,91,0.75
91,94,0.58
94,91,0.58
91,96,0.62
96,91,0.62
91,118,0.73
118,91,0.73
91,119,0.92
119,91,0.92
91,120,0.92
120,91,0.92
91,121,0.74
121,91,0.74
91,122,0.59
122,91,0.59
92,93,1.00
93,92,1.00
92,94,0.77
94,92,0.77
92,95,0.77
95,92,0.77
92,96,0.85
96,92,0.85
92,97,0.69
97,92,0.69
92,118,0.61
118,92,0.61
92,119,0.67
119,92,0.67
92,120,0.74
120,92,0.74
92,121,0.60
121,92,0.60
93,94,1.00
94,93,1.00
93,95,0.80
95,93,0.80
93,96,0.71
96,93,0.71
94,95,1.00
95,94,1.00
94,96,0.73
96,94,0.73
94,97,0.57
97,94,0.57
95,96,1.00
96,95,1.00
95,97,0.74
97,95,0.74
95,98,0.63
98,95,0.63
96,97,1.00
97,96,1.00
96,98,0.80
98,96,0.80
96,99,0.66
99,96,0.66
96,120,0.59
120,96,0.59
97,98,1.00
98,97,1.00
97,99,0.80
99,97,0.80
97,100,0.58
100,97,0.58
97,120,0.60
120,97,0.60
98,99,1.00
99,98,1.00
98,100,0.71
100,98,0.71
99,100,1.00
100,99,1.00
99,101,0.72
101,99,0.72
99,109,0.61
109,99,0.61
99,110,0.62
110,99,0.62
100,101,1.00
101,100,1.00
100,102,0.75
102,100,0.75
100,103,0.64
103,100,0.64
100,104,0.64
104,100,0.64
100,105,0.58
105,100,0.58
100,109,0.75
109,100,0.75
100,110,0.79
110,100,0.79
100,111,0.66
111,100,0.66
100,112,0.65
112,100,0.65
100,113,0.71
113,100,0.71
100,114,0.58
114,100,0.58
101,102,1.00
102,101,1.00
101,103,0.71
103,101,0.71
101,104,0.65
104,101,0.65
101,105,0.58
105,101,0.58
101,109,0.64
109,101,0.64
101,110,0.66
110,101,0.66
101,111,0.62
111,101,0.62
101,112,0.64
112,101,0.64
101,113,0.76
113,101,0.76
101,114,0.60
114,101,0.60
101,115,0.62
115,101,0.62
102,103,1.00
103,102,1.00
102,104,0.80
104,102,0.80
102,105,0.65
105,102,0.65
102,109,0.68
109,102,0.68
102,110,0.64
110,102,0.64
102,111,0.61
111,102,0.61
102,112,0.58
112,102,0.58
102,113,0.63
113,102,0.63
103,104,1.00
104,103,1.00
103,105,0.71
105,103,0.71
103,108,0.65
108,103,0.65
103,109,0.77
109,103,0.77
103,110,0.64
110,103,0.64
103,111,0.58
111,103,0.58
104,105,1.00
105,104,1.00
104,106,0.75
106,104,0.75
104,107,0.69
107,104,0.69
104,108,0.87
108,104,0.87
104,109,0.95
109,104,0.95
104,110,0.82
110,104,0.82
104,111,0.74
111,104,0.74
104,112,0.58
112,104,0.58
105,106,1.00
106,105,1.00
105,107,0.77
107,105,0.77
105,108,0.79
108,105,0.79
105,109,0.76
109,105,0.76
105,110,0.84
110,105,0.84
105,111,0.95
111,105,0.95
105,112,0.69
112,105,0.69
105,113,0.57
113,105,0.57
106,107,1.00
107,106,1.00
106,108,0.82
108,106,0.82
106,109,0.69
109,106,0.69
106,110,0.83
110,106,0.83
106,111,0.93
111,106,0.93
106,112,0.66
112,106,0.66
107,108,1.00
108,107,1.00
107,109,0.77
109,107,0.77
107,110,0.86
110,107,0.86
107,111,0.75
111,107,0.75
108,109,1.00
109,108,1.00
108,110,0.85
110,108,0.85
108,111,0.68
111,108,0.68
109,110,1.00
110,109,1.00
109,111,0.72
111,109,0.72
110,111,1.00
111,110,1.00
110,112,0.74
112,110,0.74
110,113,0.63
113,110,0.63
111,112,1.00
112,111,1.00
111,113,0.73
113,111,0.73
112,113,1.00
113,112,1.00
112,114,0.76
114,112,0.76
112,115,0.60
115,112,0.60
113,114,1.00
114,113,1.00
113,115,0.82
115,113,0.82
113,116,0.62
116,113,0.62
114,115,1.00
115,114,1.00
114,116,0.77
116,114,0.77
114,117,0.58
117,114,0.58
115,116,1.00
116,115,1.00
115,117,0.75
117,115,0.75
116,117,1.00
117,116,1.00
116,118,0.76
118,116,0.76
116,119,0.59
119,116,0.59
116,120,0.61
120,116,0.61
117,118,1.00
118,117,1.00
117,119,0.70
119,117,0.70
117,120,0.65
120,117,0.65
118,119,1.00
119,118,1.00
118,120,0.80
120,118,0.80
118,121,0.62
121,118,0.62
119,120,1.00
120,119,1.00
119,121,0.80
121,119,0.80
119,122,0.67
122,119,0.67
120,121,1.00
121,120,1.00
120,122,0.71
122,120,0.71
121,122,1.00
122,121,1.00
121,123,0.73
123,121,0.73
121,124,0.63
124,121,0.63
122,123,1.00
123,122,1.00
122,124,0.78
124,122,0.78
122,125,0.60
125,122,0.60
123,124,1.00
124,123,1.00
123,125,0.81
125,123,0.81
123,126,0.64
126,123,0.64
124,125,1.00
125,124,1.00
124,126,0.72
126,124,0.72
124,165,0.62
165,124,0.62
125,126,1.00
126,125,1.00
125,127,0.72
127,125,0.72
125,128,0.60
128,125,0.60
125,165,0.61
165,125,0.61
125,166,0.61
166,125,0.61
126,127,1.00
127,126,1.00
126,128,0.78
128,126,0.78
126,129,0.57
129,126,0.57
127,128,1.00
128,127,1.00
127,129,0.73
129,127,0.73
128,129,1.00
129,128,1.00
128,130,0.72
130,128,0.72
128,131,0.57
131,128,0.57
128,155,0.64
155,128,0.64
128,156,0.61
156,128,0.61
128,157,0.72
157,128,0.72
128,158,0.60
158,128,0.60
128,159,0.61
159,128,0.61
129,130,1.00
130,129,1.00
129,131,0.73
131,129,0.73
129,132,0.60
132,129,0.60
129,154,0.65
154,129,0.65
129,155,0.86
155,129,0.86
129,156,0.79
156,129,0.79
129,157,0.85
157,129,0.85
129,158,0.66
158,129,0.66
129,159,0.60
159,129,0.60
130,131,1.00
131,130,1.00
130,132,0.73
132,130,0.73
130,153,0.62
153,130,0.62
130,154,0.68
154,130,0.68
130,155,0.78
155,130,0.78
130,156,0.81
156,130,0.81
130,157,0.85
157,130,0.85
130,158,0.75
158,130,0.75
130,159,0.62
159,130,0.62
131,132,1.00
132,131,1.00
131,133,0.72
133,131,0.72
131,134,0.67
134,131,0.67
131,153,0.70
153,131,0.70
131,154,0.66
154,131,0.66
131,155,0.71
155,131,0.71
131,156,0.89
156,131,0.89
131,157,0.90
157,131,0.90
131,158,0.88
158,131,0.88
131,159,0.64
159,131,0.64
132,133,1.00
133,132,1.00
132,134,0.78
134,132,0.78
132,135,0.60
135,132,0.60
132,150,0.60
150,132,0.60
132,152,0.69
152,132,0.69
132,153,0.93
153,132,0.93
132,154,0.73
154,132,0.73
132,155,0.71
155,132,0.71
132,156,0.91
156,132,0.91
132,157,0.73
157,132,0.73
132,158,0.67
158,132,0.67
133,134,1.00
134,133,1.00
133,135,0.77
135,133,0.77
133,150,0.65
150,133,0.65
133,151,0.58
151,133,0.58
133,152,0.63
152,133,0.63
133,153,0.79
153,133,0.79
133,154,0.61
154,133,0.61
133,155,0.61
155,133,0.61
133,156,0.80
156,133,0.80
133,157,0.65
157,133,0.65
133,158,0.60
158,133,0.60
134,135,1.00
135,134,1.00
134,136,0.72
136,134,0.72
134,153,0.58
153,134,0.58
134,156,0.68
156,134,0.68
134,157,0.65
157,134,0.65
134,158,0.67
158,134,0.67
135,136,1.00
136,135,1.00
135,137,0.74
137,135,0.74
135,138,0.58
138,135,0.58
135,156,0.60
156,135,0.60
135,157,0.59
157,135,0.59
135,158,0.58
158,135,0.58
136,137,1.00
137,136,1.00
136,138,0.78
138,136,0.78
136,139,0.58
139,136,0.58
137,138,1.00
138,137,1.00
137,139,0.73
139,137,0.73
137,140,0.59
140,137,0.59
137,141,0.66
141,137,0.66
137,142,0.63
142,137,0.63
138,139,1.00
139,138,1.00
138,140,0.77
140,138,0.77
138,141,0.78
141,138,0.78
138,142,0.64
142,138,0.64
139,140,1.00
140,139,1.00
139,141,0.81
141,139,0.81
139,142,0.63
142,139,0.63
140,141,1.00
141,140,1.00
140,142,0.71
142,140,0.71
141,142,1.00
142,141,1.00
141,143,0.71
143,141,0.71
142,143,1.00
143,142,1.00
142,144,0.73
144,142,0.73
142,145,0.60
145,142,0.60
143,144,1.00
144,143,1.00
143,145,0.84
145,143,0.84
143,146,0.72
146,143,0.72
144,145,1.00
145,144,1.00
144,146,0.71
146,144,0.71
145,146,1.00
146,145,1.00
145,147,0.74
147,145,0.74
145,148,0.62
148,145,0.62
146,147,1.00
147,146,1.00
146,148,0.77
148,146,0.77
146,149,0.61
149,146,0.61
147,148,1.00
148,147,1.00
147,149,0.82
149,147,0.82
147,150,0.69
150,147,0.69
148,149,1.00
149,148,1.00
148,150,0.71
150,148,0.71
149,150,1.00
150,149,1.00
149,151,0.76
151,149,0.76
149,152,0.58
152,149,0.58
149,153,0.59
153,149,0.59
150,151,1.00
151,150,1.00
150,152,0.79
152,150,0.79
150,153,0.81
153,150,0.81
150,154,0.69
154,150,0.69
150,155,0.59
155,150,0.59
150,156,0.58
156,150,0.58
151,152,1.00
152,151,1.00
151,153,0.79
153,151,0.79
151,154,0.65
154,151,0.65
152,153,1.00
153,152,1.00
152,154,0.77
154,152,0.77
152,155,0.58
155,152,0.58
153,154,1.00
154,153,1.00
153,155,0.78
155,153,0.78
153,156,0.78
156,153,0.78
153,157,0.58
157,153,0.58
154,155,1.00
155,154,1.00
154,156,0.78
156,154,0.78
154,157,0.59
157,154,0.59
155,156,1.00
156,155,1.00
155,157,0.75
157,155,0.75
156,157,1.00
157,156,1.00
156,158,0.72
158,156,0.72
157,158,1.00
158,157,1.00
157,159,0.77
159,157,0.77
157,160,0.58
160,157,0.58
158,159,1.00
159,158,1.00
158,160,0.76
160,158,0.76
158,161,0.59
161,158,0.59
159,160,1.00
160,159,1.00
159,161,0.79
161,159,0.79
159,162,0.64
162,159,0.64
159,166,0.61
166,159,0.61
159,167,0.68
167,159,0.68
160,161,1.00
161,160,1.00
160,162,0.72
162,160,0.72
160,166,0.60
166,160,0.60
160,167,0.69
167,160,0.69
161,162,1.00
162,161,1.00
161,163,0.79
163,161,0.79
161,164,0.60
164,161,0.60
161,165,0.60
165,161,0.60
161,166,0.80
166,161,0.80
161,167,0.90
167,161,0.90
161,168,0.67
168,161,0.67
162,163,1.00
163,162,1.00
162,164,0.71
164,162,0.71
162,165,0.72
165,162,0.72
162,166,0.91
166,162,0.91
162,167,0.78
167,162,0.78
162,168,0.61
168,162,0.61
163,164,1.00
164,163,1.00
163,165,0.82
165,163,0.82
163,166,0.87
166,163,0.87
163,167,0.75
167,163,0.75
163,168,0.68
168,163,0.68
164,165,1.00
165,164,1.00
164,166,0.81
166,164,0.81
164,167,0.66
167,164,0.66
164,168,0.67
168,164,0.67
165,166,1.00
166,165,1.00
165,167,0.72
167,165,0.72
165,168,0.67
168,165,0.67
166,167,1.00
167,166,1.00
166,168,0.79
168,166,0.79
167,168,1.00
168,167,1.00
