1,2,1.00
2,1,1.00
1,3,0.71
3,1,0.71
1,4,0.64
4,1,0.64
1,5,0.59
5,1,0.59
1,59,0.61
59,1,0.61
1,71,0.58
71,1,0.58
2,3,1.00
3,2,1.00
2,4,0.84
4,2,0.84
2,5,0.66
5,2,0.66
2,58,0.66
58,2,0.66
2,59,0.71
59,2,0.71
3,4,1.00
4,3,1.00
3,5,0.73
5,3,0.73
3,6,0.58
6,3,0.58
3,57,0.64
57,3,0.64
3,58,0.90
58,3,0.90
3,59,0.91
59,3,0.91
3,60,0.65
60,3,0.65
3,70,0.57
70,3,0.57
4,5,1.00
5,4,1.00
4,6,0.79
6,4,0.79
4,7,0.62
7,4,0.62
4,57,0.75
57,4,0.75
4,58,0.97
58,4,0.97
4,59,0.78
59,4,0.78
4,60,0.63
60,4,0.63
4,61,0.59
61,4,0.59
4,62,0.62
62,4,0.62
4,74,0.64
74,4,0.64
4,75,0.59
75,4,0.59
5,6,1.00
6,5,1.00
5,7,0.71
7,5,0.71
5,56,0.63
56,5,0.63
5,57,0.88
57,5,0.88
5,58,0.87
58,5,0.87
5,59,0.73
59,5,0.73
5,60,0.70
60,5,0.70
5,61,0.74
61,5,0.74
5,62,0.84
62,5,0.84
5,63,0.60
63,5,0.60
5,70,0.59
70,5,0.59
5,71,0.66
71,5,0.66
5,72,0.60
72,5,0.60
5,73,0.70
73,5,0.70
5,74,0.92
74,5,0.92
5,75,0.78
75,5,0.78
5,76,0.61
76,5,0.61
6,7,1.00
7,6,1.00
6,8,0.72
8,6,0.72
6,56,0.61
56,6,0.61
6,57,0.81
57,6,0.81
6,58,0.72
58,6,0.72
6,61,0.61
61,6,0.61
6,62,0.79
62,6,0.79
6,63,0.60
63,6,0.60
6,73,0.63
73,6,0.63
6,74,0.91
74,6,0.91
6,75,0.98
75,6,0.98
6,76,0.82
76,6,0.82
6,77,0.75
77,6,0.75
6,78,0.57
78,6,0.57
7,8,1.00
8,7,1.00
7,9,0.73
9,7,0.73
7,10,0.67
10,7,0.67
7,11,0.58
11,7,0.58
7,57,0.59
57,7,0.59
7,62,0.60
62,7,0.60
7,74,0.72
74,7,0.72
7,75,0.79
75,7,0.79
7,76,0.90
76,7,0.90
7,77,0.79
77,7,0.79
7,78,0.67
78,7,0.67
8,9,1.00
9,8,1.00
8,10,0.76
10,8,0.76
8,11,0.61
11,8,0.61
8,75,0.64
75,8,0.64
8,76,0.82
76,8,0.82
8,77,0.85
77,8,0.85
8,78,0.86
78,8,0.86
8,79,0.63
79,8,0.63
9,10,1.00
10,9,1.00
9,11,0.74
11,9,0.74
9,76,0.71
76,9,0.71
9,77,0.69
77,9,0.69
9,78,0.85
78,9,0.85
9,79,0.64
79,9,0.64
9,80,0.57
80,9,0.57
10,11,1.00
11,10,1.00
10,12,0.74
12,10,0.74
10,13,0.65
13,10,0.65
10,76,0.70
76,10,0.70
10,77,0.60
77,10,0.60
10,78,0.69
78,10,0.69
11,12,1.00
12,11,1.00
11,13,0.75
13,11,0.75
12,13,1.00
13,12,1.00
12,14,0.74
14,12,0.74
12,15,0.59
15,12,0.59
13,14,1.00
14,13,1.00
13,15,0.74
15,13,0.74
13,16,0.58
16,13,0.58
13,21,0.58
21,13,0.58
13,93,0.58
93,13,0.58
14,15,1.00
15,14,1.00
14,16,0.75
16,14,0.75
14,17,0.65
17,14,0.65
14,20,0.61
20,14,0.61
14,21,0.68
21,14,0.68
14,93,0.59
93,14,0.59
15,16,1.00
16,15,1.00
15,17,0.83
17,15,0.83
15,19,0.57
19,15,0.57
15,20,0.67
20,15,0.67
15,21,0.65
21,15,0.65
15,93,0.58
93,15,0.58
16,17,1.00
17,16,1.00
16,19,0.78
19,16,0.78
16,20,0.90
20,16,0.90
16,21,0.74
21,16,0.74
16,93,0.64
93,16,0.64
17,19,0.74
19,17,0.74
17,20,0.72
20,17,0.72
17,21,0.62
21,17,0.62
19,20,1.00
20,19,1.00
19,21,0.72
21,19,0.72
19,22,0.61
22,19,0.61
19,93,0.58
93,19,0.58
20,21,1.00
21,20,1.00
20,22,0.74
22,20,0.74
20,92,0.60
92,20,0.60
20,93,0.77
93,20,0.77
20,94,0.66
94,20,0.66
21,22,1.00
22,21,1.00
21,23,0.77
23,21,0.77
21,24,0.58
24,21,0.58
21,92,0.59
92,21,0.59
21,93,0.79
93,21,0.79
21,94,0.80
94,21,0.80
21,95,0.66
95,21,0.66
22,23,1.00
23,22,1.00
22,24,0.77
24,22,0.77
22,25,0.60
25,22,0.60
22,93,0.63
93,22,0.63
22,94,0.72
94,22,0.72
22,95,0.68
95,22,0.68
22,96,0.64
96,22,0.64
23,24,1.00
24,23,1.00
23,25,0.76
25,23,0.76
23,26,0.62
26,23,0.62
23,94,0.68
94,23,0.68
23,95,0.64
95,23,0.64
23,96,0.66
96,23,0.66
24,25,1.00
25,24,1.00
24,26,0.76
26,24,0.76
24,27,0.60
27,24,0.60
24,28,0.61
28,24,0.61
24,96,0.61
96,24,0.61
25,26,1.00
26,25,1.00
25,27,0.73
27,25,0.73
25,28,0.77
28,25,0.77
25,96,0.66
96,25,0.66
26,27,1.00
27,26,1.00
26,28,0.83
28,26,0.83
26,29,0.62
29,26,0.62
27,28,1.00
28,27,1.00
27,29,0.79
29,27,0.79
27,30,0.61
30,27,0.61
28,29,1.00
29,28,1.00
28,30,0.79
30,28,0.79
28,31,0.67
31,28,0.67
28,32,0.64
32,28,0.64
29,30,1.00
30,29,1.00
29,31,0.71
31,29,0.71
29,32,0.64
32,29,0.64
29,33,0.62
33,29,0.62
29,34,0.62
34,29,0.62
29,35,0.71
35,29,0.71
29,36,0.60
36,29,0.60
29,38,0.68
38,29,0.68
29,127,0.58
127,29,0.58
30,31,1.00
31,30,1.00
30,32,0.76
32,30,0.76
30,33,0.73
33,30,0.73
30,34,0.82
34,30,0.82
30,35,0.91
35,30,0.91
30,36,0.68
36,30,0.68
30,38,0.65
38,30,0.65
30,120,0.60
120,30,0.60
30,123,0.68
123,30,0.68
30,124,0.59
124,30,0.59
30,125,0.66
125,30,0.66
30,126,0.59
126,30,0.59
30,127,0.59
127,30,0.59
31,32,1.00
32,31,1.00
31,33,0.82
33,31,0.82
31,34,0.90
34,31,0.90
31,35,0.76
35,31,0.76
31,118,0.64
118,31,0.64
31,119,0.65
119,31,0.65
31,120,0.75
120,31,0.75
31,121,0.67
121,31,0.67
31,122,0.64
122,31,0.64
31,123,0.76
123,31,0.76
31,124,0.59
124,31,0.59
31,125,0.61
125,31,0.61
32,33,1.00
33,32,1.00
32,34,0.82
34,32,0.82
32,35,0.64
35,32,0.64
32,116,0.70
116,32,0.70
32,117,0.70
117,32,0.70
32,118,0.75
118,32,0.75
32,119,0.79
119,32,0.79
32,120,0.85
120,32,0.85
32,121,0.65
121,32,0.65
32,123,0.59
123,32,0.59
33,34,1.00
34,33,1.00
33,35,0.75
35,33,0.75
33,38,0.58
38,33,0.58
33,116,0.61
116,33,0.61
33,118,0.61
118,33,0.61
33,119,0.74
119,33,0.74
33,120,0.97
120,33,0.97
33,121,0.69
121,33,0.69
33,122,0.59
122,33,0.59
33,123,0.59
123,33,0.59
34,35,1.00
35,34,1.00
34,36,0.70
36,34,0.70
34,37,0.58
37,34,0.58
34,38,0.62
38,34,0.62
34,119,0.65
119,34,0.65
34,120,0.92
120,34,0.92
34,121,0.81
121,34,0.81
34,122,0.77
122,34,0.77
34,123,0.80
123,34,0.80
34,124,0.60
124,34,0.60
35,36,1.00
36,35,1.00
35,37,0.76
37,35,0.76
35,38,0.79
38,35,0.79
35,39,0.58
39,35,0.58
35,120,0.64
120,35,0.64
35,121,0.61
121,35,0.61
35,122,0.66
122,35,0.66
35,123,0.76
123,35,0.76
35,124,0.65
124,35,0.65
35,125,0.63
125,35,0.63
35,126,0.58
126,35,0.58
36,37,1.00
37,36,1.00
36,38,0.83
38,36,0.83
36,39,0.62
39,36,0.62
36,122,0.57
122,36,0.57
36,123,0.64
123,36,0.64
36,124,0.63
124,36,0.63
36,125,0.62
125,36,0.62
36,126,0.62
126,36,0.62
37,38,1.00
38,37,1.00
37,39,0.80
39,37,0.80
37,40,0.59
40,37,0.59
38,39,1.00
39,38,1.00
38,40,0.78
40,38,0.78
39,40,1.00
40,39,1.00
39,41,0.72
41,39,0.72
39,42,0.66
42,39,0.66
40,41,1.00
41,40,1.00
40,42,0.88
42,40,0.88
40,43,0.67
43,40,0.67
41,42,1.00
42,41,1.00
41,43,0.71
43,41,0.71
42,43,1.00
43,42,1.00
42,44,0.71
44,42,0.71
42,45,0.59
45,42,0.59
43,44,1.00
44,43,1.00
43,45,0.75
45,43,0.75
44,45,1.00
45,44,1.00
44,46,0.72
46,44,0.72
44,52,0.60
52,44,0.60
44,64,0.63
64,44,0.63
44,65,0.58
65,44,0.58
45,46,1.00
46,45,1.00
45,47,0.73
47,45,0.73
45,48,0.59
48,45,0.59
45,51,0.66
51,45,0.66
45,52,0.76
52,45,0.76
45,53,0.60
53,45,0.60
46,47,1.00
47,46,1.00
46,48,0.77
48,46,0.77
46,49,0.60
49,46,0.60
46,50,0.62
50,46,0.62
46,51,0.88
51,46,0.88
46,52,0.88
52,46,0.88
46,53,0.63
53,46,0.63
46,54,0.58
54,46,0.58
47,48,1.00
48,47,1.00
47,49,0.69
49,47,0.69
47,50,0.63
50,47,0.63
47,51,0.80
51,47,0.80
47,52,0.82
52,47,0.82
47,53,0.59
53,47,0.59
48,49,1.00
49,48,1.00
48,50,0.79
50,48,0.79
48,51,0.89
51,48,0.89
48,52,0.89
52,48,0.89
48,53,0.68
53,48,0.68
49,50,1.00
50,49,1.00
49,51,0.84
51,49,0.84
49,52,0.77
52,49,0.77
49,53,0.70
53,49,0.70
49,54,0.60
54,49,0.60
50,51,1.00
51,50,1.00
50,52,0.77
52,50,0.77
50,53,0.71
53,50,0.71
50,54,0.70
54,50,0.70
50,55,0.68
55,50,0.68
50,56,0.66
56,50,0.66
50,57,0.59
57,50,0.59
51,52,1.00
52,51,1.00
51,53,0.76
53,51,0.76
51,54,0.74
54,51,0.74
51,55,0.63
55,51,0.63
51,56,0.65
56,51,0.65
52,53,1.00
53,52,1.00
52,54,0.80
54,52,0.80
52,55,0.60
55,52,0.60
52,56,0.58
56,52,0.58
52,65,0.58
65,52,0.58
53,54,1.00
54,53,1.00
53,55,0.72
55,53,0.72
53,56,0.61
56,53,0.61
53,65,0.66
65,53,0.66
53,66,0.62
66,53,0.62
53,67,0.61
67,53,0.61
54,55,1.00
55,54,1.00
54,56,0.84
56,54,0.84
54,57,0.60
57,54,0.60
54,60,0.58
60,54,0.58
54,63,0.61
63,54,0.61
54,64,0.67
64,54,0.67
54,65,0.85
65,54,0.85
54,66,0.73
66,54,0.73
54,67,0.73
67,54,0.73
54,68,0.72
68,54,0.72
55,56,1.00
56,55,1.00
55,57,0.73
57,55,0.73
55,58,0.63
58,55,0.63
55,59,0.62
59,55,0.62
55,60,0.77
60,55,0.77
55,61,0.67
61,55,0.67
55,62,0.63
62,55,0.63
55,63,0.61
63,55,0.61
55,64,0.61
64,55,0.61
55,65,0.72
65,55,0.72
55,66,0.65
66,55,0.65
55,67,0.74
67,55,0.74
55,68,0.90
68,55,0.90
55,69,0.68
69,55,0.68
55,70,0.60
70,55,0.60
56,57,1.00
57,56,1.00
56,58,0.72
58,56,0.72
56,59,0.66
59,56,0.66
56,60,0.83
60,56,0.83
56,61,0.82
61,56,0.82
56,62,0.87
62,56,0.87
56,63,0.80
63,56,0.80
56,64,0.71
64,56,0.71
56,65,0.72
65,56,0.72
56,66,0.58
66,56,0.58
56,67,0.60
67,56,0.60
56,68,0.72
68,56,0.72
56,69,0.63
69,56,0.63
56,70,0.61
70,56,0.61
56,71,0.58
71,56,0.58
56,73,0.61
73,56,0.61
56,74,0.63
74,56,0.63
56,75,0.69
75,56,0.69
57,58,1.00
58,57,1.00
57,59,0.78
59,57,0.78
57,60,0.86
60,57,0.86
57,61,0.84
61,57,0.84
57,62,0.98
62,57,0.98
57,63,0.71
63,57,0.71
57,64,0.57
64,57,0.57
57,68,0.59
68,57,0.59
57,69,0.58
69,57,0.58
57,70,0.62
70,57,0.62
57,71,0.62
71,57,0.62
57,73,0.65
73,57,0.65
57,74,0.76
74,57,0.76
57,75,0.80
75,57,0.80
57,76,0.59
76,57,0.59
57,77,0.59
77,57,0.59
58,59,1.00
59,58,1.00
58,60,0.83
60,58,0.83
58,61,0.69
61,58,0.69
58,62,0.70
62,58,0.70
58,70,0.62
70,58,0.62
58,71,0.59
71,58,0.59
58,74,0.62
74,58,0.62
58,75,0.61
75,58,0.61
59,60,1.00
60,59,1.00
59,61,0.73
61,59,0.73
59,62,0.63
62,59,0.63
59,68,0.61
68,59,0.61
59,69,0.66
69,59,0.66
59,70,0.82
70,59,0.82
59,71,0.70
71,59,0.70
60,61,1.00
61,60,1.00
60,62,0.76
62,60,0.76
60,63,0.62
63,60,0.62
60,67,0.58
67,60,0.58
60,68,0.80
68,60,0.80
60,69,0.88
69,60,0.88
60,70,1.00
70,60,1.00
60,71,0.83
71,60,0.83
60,72,0.63
72,60,0.63
60,73,0.64
73,60,0.64
60,74,0.62
74,60,0.62
61,62,1.00
62,61,1.00
61,63,0.82
63,61,0.82
61,64,0.66
64,61,0.66
61,65,0.62
65,61,0.62
61,68,0.70
68,61,0.70
61,69,0.79
69,61,0.79
61,70,0.87
70,61,0.87
61,71,0.98
71,61,0.98
61,72,0.84
72,61,0.84
61,73,0.91
73,61,0.91
61,74,0.78
74,61,0.78
61,75,0.67
75,61,0.67
62,63,1.00
63,62,1.00
62,64,0.70
64,62,0.70
62,65,0.60
65,62,0.60
62,69,0.58
69,62,0.58
62,70,0.62
70,62,0.62
62,71,0.70
71,62,0.70
62,72,0.70
72,62,0.70
62,73,0.94
73,62,0.94
62,74,1.00
74,62,1.00
62,75,0.98
75,62,0.98
62,76,0.67
76,62,0.67
62,77,0.59
77,62,0.59
63,64,1.00
64,63,1.00
63,65,0.74
65,63,0.74
63,71,0.60
71,63,0.60
63,72,0.65
72,63,0.65
63,73,0.85
73,63,0.85
63,74,0.79
74,63,0.79
63,75,0.82
75,63,0.82
63,76,0.63
76,63,0.63
64,65,1.00
65,64,1.00
64,66,0.70
66,64,0.70
64,67,0.59
67,64,0.59
64,68,0.59
68,64,0.59
64,73,0.64
73,64,0.64
64,75,0.60
75,64,0.60
65,66,1.00
66,65,1.00
65,67,0.79
67,65,0.79
65,68,0.72
68,65,0.72
65,69,0.60
69,65,0.60
66,67,1.00
67,66,1.00
66,68,0.74
68,66,0.74
66,69,0.61
69,66,0.61
67,68,1.00
68,67,1.00
67,69,0.74
69,67,0.74
68,69,1.00
69,68,1.00
68,70,0.74
70,68,0.74
68,71,0.60
71,68,0.60
69,70,1.00
70,69,1.00
69,71,0.78
71,69,0.78
69,72,0.63
72,69,0.63
70,71,1.00
71,70,1.00
70,72,0.70
72,70,0.70
70,73,0.61
73,70,0.61
71,72,1.00
72,71,1.00
71,73,0.80
73,71,0.80
71,74,0.66
74,71,0.66
72,73,1.00
73,72,1.00
72,74,0.71
74,72,0.71
73,74,1.00
74,73,1.00
73,75,0.73
75,73,0.73
73,76,0.58
76,73,0.58
74,75,1.00
75,74,1.00
74,76,0.76
76,74,0.76
74,77,0.61
77,74,0.61
75,76,1.00
76,75,1.00
75,77,0.83
77,75,0.83
75,78,0.62
78,75,0.62
76,77,1.00
77,76,1.00
76,78,0.81
78,76,0.81
76,79,0.60
79,76,0.60
77,78,1.00
78,77,1.00
77,79,0.76
79,77,0.76
77,80,0.59
80,77,0.59
78,79,1.00
79,78,1.00
78,80,0.74
80,78,0.74
79,80,1.00
80,79,1.00
79,81,0.72
81,79,0.72
79,111,0.65
111,79,0.65
80,81,1.00
81,80,1.00
80,82,0.73
82,80,0.73
80,83,0.57
83,80,0.57
80,110,0.60
110,80,0.60
80,111,0.73
111,80,0.73
81,82,1.00
82,81,1.00
81,83,0.77
83,81,0.77
81,84,0.57
84,81,0.57
81,86,0.62
86,81,0.62
81,108,0.59
108,81,0.59
81,109,0.65
109,81,0.65
81,110,0.77
110,81,0.77
81,111,0.94
111,81,0.94
81,112,0.67
112,81,0.67
82,83,1.00
83,82,1.00
82,84,0.75
84,82,0.75
82,85,0.74
85,82,0.74
82,86,0.83
86,82,0.83
82,87,0.64
87,82,0.64
82,105,0.63
105,82,0.63
82,107,0.61
107,82,0.61
82,108,0.79
108,82,0.79
82,109,0.86
109,82,0.86
82,110,0.88
110,82,0.88
82,111,0.81
111,82,0.81
82,112,0.60
112,82,0.60
83,84,1.00
84,83,1.00
83,85,0.79
85,83,0.79
83,86,0.77
86,83,0.77
83,108,0.70
108,83,0.70
83,109,0.85
109,83,0.85
83,110,0.75
110,83,0.75
83,111,0.66
111,83,0.66
84,85,1.00
85,84,1.00
84,86,0.79
86,84,0.79
84,87,0.60
87,84,0.60
84,107,0.57
107,84,0.57
84,108,0.74
108,84,0.74
84,109,0.84
109,84,0.84
84,110,0.64
110,84,0.64
85,86,1.00
86,85,1.00
85,87,0.79
87,85,0.79
85,88,0.57
88,85,0.57
85,105,0.58
105,85,0.58
85,107,0.69
107,85,0.69
85,108,0.97
108,85,0.97
85,109,0.86
109,85,0.86
85,110,0.64
110,85,0.64
86,87,1.00
87,86,1.00
86,88,0.72
88,86,0.72
86,107,0.61
107,86,0.61
86,108,0.86
108,86,0.86
86,109,0.72
109,86,0.72
86,110,0.61
110,86,0.61
87,88,1.00
88,87,1.00
87,89,0.73
89,87,0.73
87,90,0.65
90,87,0.65
87,107,0.60
107,87,0.60
87,108,0.77
108,87,0.77
87,109,0.59
109,87,0.59
88,89,1.00
89,88,1.00
88,90,0.74
90,88,0.74
88,108,0.58
108,88,0.58
89,90,1.00
90,89,1.00
89,91,0.72
91,89,0.72
89,92,0.61
92,89,0.61
90,91,1.00
91,90,1.00
90,92,0.75
92,90,0.75
90,93,0.59
93,90,0.59
91,92,1.00
92,91,1.00
91,93,0.76
93,91,0.76
91,94,0.76
94,91,0.76
91,95,0.76
95,91,0.76
91,96,0.59
96,91,0.59
92,93,1.00
93,92,1.00
92,94,0.80
94,92,0.80
92,95,0.73
95,92,0.73
93,94,1.00
94,93,1.00
93,95,0.76
95,93,0.76
94,95,1.00
95,94,1.00
94,96,0.74
96,94,0.74
94,97,0.57
97,94,0.57
95,96,1.00
96,95,1.00
95,97,0.76
97,95,0.76
95,98,0.69
98,95,0.69
96,97,1.00
97,96,1.00
96,98,0.79
98,96,0.79
96,99,0.58
99,96,0.58
96,117,0.61
117,96,0.61
97,98,1.00
98,97,1.00
97,99,0.75
99,97,0.75
97,100,0.74
100,97,0.74
97,101,0.60
101,97,0.60
97,102,0.58
102,97,0.58
97,116,0.65
116,97,0.65
97,117,0.79
117,97,0.79
97,118,0.59
118,97,0.59
98,99,1.00
99,98,1.00
98,100,0.80
100,98,0.80
98,101,0.60
101,98,0.60
98,117,0.68
117,98,0.68
99,100,1.00
100,99,1.00
99,101,0.70
101,99,0.70
99,117,0.65
117,99,0.65
99,118,0.59
118,99,0.59
100,101,1.00
101,100,1.00
100,102,0.76
102,100,0.76
100,103,0.60
103,100,0.60
100,106,0.62
106,100,0.62
100,115,0.58
115,100,0.58
100,116,0.60
116,100,0.60
100,117,0.76
117,100,0.76
100,118,0.66
118,100,0.66
101,102,1.00
102,101,1.00
101,103,0.77
103,101,0.77
101,104,0.61
104,101,0.61
101,105,0.63
105,101,0.63
101,106,0.83
106,101,0.83
101,107,0.64
107,101,0.64
101,115,0.60
115,101,0.60
101,117,0.62
117,101,0.62
102,103,1.00
103,102,1.00
102,104,0.78
104,102,0.78
102,105,0.80
105,102,0.80
102,106,1.00
106,102,1.00
102,107,0.68
107,102,0.68
102,110,0.60
110,102,0.60
102,113,0.64
113,102,0.64
102,114,0.67
114,102,0.67
102,115,0.78
115,102,0.78
102,116,0.64
116,102,0.64
102,117,0.63
117,102,0.63
103,104,1.00
104,103,1.00
103,105,0.81
105,103,0.81
103,106,0.79
106,103,0.79
103,107,0.60
107,103,0.60
103,110,0.60
110,103,0.60
103,113,0.72
113,103,0.72
103,114,0.67
114,103,0.67
103,115,0.74
115,103,0.74
103,116,0.59
116,103,0.59
104,105,1.00
105,104,1.00
104,106,0.77
106,104,0.77
104,107,0.65
107,104,0.65
104,109,0.66
109,104,0.66
104,110,0.75
110,104,0.75
104,111,0.63
111,104,0.63
104,112,0.68
112,104,0.68
104,113,0.81
113,104,0.81
104,114,0.65
114,104,0.65
104,115,0.62
115,104,0.62
105,106,1.00
106,105,1.00
105,107,0.90
107,105,0.90
105,108,0.76
108,105,0.76
105,109,0.87
109,105,0.87
105,110,0.99
110,105,0.99
105,111,0.71
111,105,0.71
105,112,0.66
112,105,0.66
105,113,0.71
113,105,0.71
105,114,0.62
114,105,0.62
105,115,0.58
115,105,0.58
106,107,1.00
107,106,1.00
106,108,0.74
108,106,0.74
106,109,0.70
109,106,0.70
106,110,0.74
110,106,0.74
106,111,0.59
111,106,0.59
106,113,0.59
113,106,0.59
106,114,0.59
114,106,0.59
106,115,0.60
115,106,0.60
107,108,1.00
108,107,1.00
107,109,0.84
109,107,0.84
107,110,0.74
110,107,0.74
108,109,1.00
109,108,1.00
108,110,0.80
110,108,0.80
108,111,0.60
111,108,0.60
109,110,1.00
110,109,1.00
109,111,0.70
111,109,0.70
109,112,0.59
112,109,0.59
110,111,1.00
111,110,1.00
110,112,0.78
112,110,0.78
110,113,0.71
113,110,0.71
110,114,0.62
114,110,0.62
111,112,1.00
112,111,1.00
111,113,0.78
113,111,0.78
111,114,0.70
114,111,0.70
112,113,1.00
113,112,1.00
112,114,0.76
114,112,0.76
113,114,1.00
114,113,1.00
113,115,0.76
115,113,0.76
114,115,1.00
115,114,1.00
114,116,0.70
116,114,0.70
115,116,1.00
116,115,1.00
115,117,0.73
117,115,0.73
115,118,0.60
118,115,0.60
115,119,0.61
119,115,0.61
116,117,1.00
117,116,1.00
116,118,0.77
118,116,0.77
116,119,0.76
119,116,0.76
116,120,0.60
120,116,0.60
117,118,1.00
118,117,1.00
117,119,0.78
119,117,0.78
117,120,0.60
120,117,0.60
118,119,1.00
119,118,1.00
118,120,0.74
120,118,0.74
118,121,0.65
121,118,0.65
119,120,1.00
120,119,1.00
119,121,0.77
121,119,0.77
119,122,0.57
122,119,0.57
120,121,1.00
121,120,1.00
120,122,0.73
122,120,0.73
120,123,0.65
123,120,0.65
121,122,1.00
122,121,1.00
121,123,0.78
123,121,0.78
122,123,1.00
123,122,1.00
122,124,0.74
124,122,0.74
122,125,0.57
125,122,0.57
123,124,1.00
124,123,1.00
123,125,0.78
125,123,0.78
123,126,0.59
126,123,0.59
124,125,1.00
125,124,1.00
124,126,0.72
126,124,0.72
125,126,1.00
126,125,1.00
125,127,0.77
127,125,0.77
125,128,0.58
128,125,0.58
125,129,0.58
129,125,0.58
125,130,0.58
130,125,0.58
126,127,1.00
127,126,1.00
126,128,0.77
128,126,0.77
126,129,0.78
129,126,0.78
126,130,0.71
130,126,0.71
126,131,0.59
131,126,0.59
127,128,1.00
128,127,1.00
127,129,0.80
129,127,0.80
127,130,0.67
130,127,0.67
128,129,1.00
129,128,1.00
128,130,0.74
130,128,0.74
129,130,1.00
130,129,1.00
129,131,0.73
131,129,0.73
129,132,0.72
132,129,0.72
129,133,0.71
133,129,0.71
130,131,1.00
131,130,1.00
130,132,0.80
132,130,0.80
130,133,0.69
133,130,0.69
131,132,1.00
132,131,1.00
131,133,0.74
133,131,0.74
131,134,0.62
134,131,0.62
132,133,1.00
133,132,1.00
132,134,0.79
134,132,0.79
132,135,0.58
135,132,0.58
133,134,1.00
134,133,1.00
133,135,0.76
135,133,0.76
134,135,1.00
135,134,1.00
134,136,0.75
136,134,0.75
135,136,1.00
136,135,1.00
135,137,0.71
137,135,0.71
135,138,0.60
138,135,0.60
136,137,1.00
137,136,1.00
136,138,0.78
138,136,0.78
136,139,0.57
139,136,0.57
137,138,1.00
138,137,1.00
137,139,0.71
139,137,0.71
137,140,0.60
140,137,0.60
137,141,0.58
141,137,0.58
138,139,1.00
139,138,1.00
138,140,0.72
140,138,0.72
138,141,0.62
141,138,0.62
139,140,1.00
140,139,1.00
139,141,0.73
141,139,0.73
139,142,0.57
142,139,0.57
140,141,1.00
141,140,1.00
140,142,0.80
142,140,0.80
140,143,0.59
143,140,0.59
140,153,0.67
153,140,0.67
140,154,0.69
154,140,0.69
141,142,1.00
142,141,1.00
141,143,0.73
143,141,0.73
141,152,0.59
152,141,0.59
141,153,0.63
153,141,0.63
141,154,0.65
154,141,0.65
142,143,1.00
143,142,1.00
142,144,0.75
144,142,0.75
142,145,0.75
145,142,0.75
142,146,0.57
146,142,0.57
142,151,0.60
151,142,0.60
142,152,0.77
152,142,0.77
142,153,0.78
153,142,0.78
142,154,0.83
154,142,0.83
143,144,1.00
144,143,1.00
143,145,0.79
145,143,0.79
143,146,0.60
146,143,0.60
143,152,0.69
152,143,0.69
143,153,0.63
153,143,0.63
143,154,0.70
154,143,0.70
144,145,1.00
145,144,1.00
144,146,0.77
146,144,0.77
144,152,0.70
152,144,0.70
144,153,0.63
153,144,0.63
144,154,0.70
154,144,0.70
145,146,1.00
146,145,1.00
145,147,0.71
147,145,0.71
145,148,0.61
148,145,0.61
145,151,0.62
151,145,0.62
145,152,0.86
152,145,0.86
145,153,0.82
153,145,0.82
145,154,0.90
154,145,0.90
146,147,1.00
147,146,1.00
146,148,0.78
148,146,0.78
146,149,0.57
149,146,0.57
146,151,0.65
151,146,0.65
146,152,0.82
152,146,0.82
146,153,0.70
153,146,0.70
146,154,0.67
154,146,0.67
147,148,1.00
148,147,1.00
147,149,0.74
149,147,0.74
147,150,0.66
150,147,0.66
147,151,0.70
151,147,0.70
147,152,0.74
152,147,0.74
147,153,0.66
153,147,0.66
147,154,0.58
154,147,0.58
148,149,0.99
149,148,0.99
148,150,0.80
150,148,0.80
148,151,0.85
151,148,0.85
148,152,0.76
152,148,0.76
148,153,0.62
153,148,0.62
149,150,1.00
150,149,1.00
149,151,0.79
151,149,0.79
149,152,0.62
152,149,0.62
150,151,1.00
151,150,1.00
150,152,0.72
152,150,0.72
150,153,0.67
153,150,0.67
151,152,1.00
152,151,1.00
151,153,0.81
153,151,0.81
151,154,0.60
154,151,0.60
152,153,1.00
153,152,1.00
152,154,0.77
154,152,0.77
153,154,1.00
154,153,1.00
155,156,1.00
156,155,1.00
155,157,0.73
157,155,0.73
155,158,0.70
158,155,0.70
155,159,0.64
159,155,0.64
156,157,1.00
157,156,1.00
156,158,0.80
158,156,0.80
156,159,0.69
159,156,0.69
156,160,0.58
160,156,0.58
157,158,1.00
158,157,1.00
157,159,0.75
159,157,0.75
157,160,0.63
160,157,0.63
158,159,1.00
159,158,1.00
158,160,0.73
160,158,0.73
159,160,1.00
160,159,1.00
159,161,0.70
161,159,0.70
159,162,0.61
162,159,0.61
160,161,1.00
161,160,1.00
160,162,0.78
162,160,0.78
161,162,1.00
162,161,1.00
161,163,0.73
163,161,0.73
161,164,0.59
164,161,0.59
162,163,1.00
163,162,1.00
162,164,0.81
164,162,0.81
162,165,0.71
165,162,0.71
162,166,0.57
166,162,0.57
163,164,1.00
164,163,1.00
163,165,0.72
165,163,0.72
164,165,1.00
165,164,1.00
164,166,0.73
166,164,0.73
164,167,0.60
167,164,0.60
165,166,1.00
166,165,1.00
165,167,0.73
167,165,0.73
165,168,0.63
168,165,0.63
166,167,1.00
167,166,1.00
166,168,0.82
168,166,0.82
167,168,1.00
168,167,1.00
