1,2,1.00
2,1,1.00
1,3,0.74
3,1,0.74
1,4,0.60
4,1,0.60
2,3,1.00
3,2,1.00
2,4,0.77
4,2,0.77
2,58,0.62
58,2,0.62
2,59,0.61
59,2,0.61
3,4,1.00
4,3,1.00
3,5,0.73
5,3,0.73
3,6,0.58
6,3,0.58
3,57,0.62
57,3,0.62
3,58,0.85
58,3,0.85
3,59,0.84
59,3,0.84
3,60,0.62
60,3,0.62
3,70,0.57
70,3,0.57
4,5,1.00
5,4,1.00
4,6,0.78
6,4,0.78
4,7,0.62
7,4,0.62
4,57,0.75
57,4,0.75
4,58,0.96
58,4,0.96
4,59,0.77
59,4,0.77
4,60,0.63
60,4,0.63
4,61,0.59
61,4,0.59
4,62,0.61
62,4,0.61
4,74,0.63
74,4,0.63
4,75,0.59
75,4,0.59
5,6,1.00
6,5,1.00
5,7,0.72
7,5,0.72
5,56,0.64
56,5,0.64
5,57,0.88
57,5,0.88
5,58,0.86
58,5,0.86
5,59,0.73
59,5,0.73
5,60,0.71
60,5,0.71
5,61,0.75
61,5,0.75
5,62,0.84
62,5,0.84
5,63,0.61
63,5,0.61
5,70,0.59
70,5,0.59
5,71,0.65
71,5,0.65
5,72,0.61
72,5,0.61
5,73,0.69
73,5,0.69
5,74,0.90
74,5,0.90
5,75,0.80
75,5,0.80
5,76,0.64
76,5,0.64
6,7,1.00
7,6,1.00
6,8,0.70
8,6,0.70
6,9,0.58
9,6,0.58
6,56,0.60
56,6,0.60
6,57,0.79
57,6,0.79
6,58,0.70
58,6,0.70
6,61,0.61
61,6,0.61
6,62,0.77
62,6,0.77
6,63,0.59
63,6,0.59
6,73,0.61
73,6,0.61
6,74,0.86
74,6,0.86
6,75,0.98
75,6,0.98
6,76,0.83
76,6,0.83
6,77,0.71
77,6,0.71
7,8,1.00
8,7,1.00
7,9,0.79
9,7,0.79
7,10,0.60
10,7,0.60
7,57,0.57
57,7,0.57
7,62,0.59
62,7,0.59
7,74,0.73
74,7,0.73
7,75,0.80
75,7,0.80
7,76,0.92
76,7,0.92
7,77,0.77
77,7,0.77
7,78,0.66
78,7,0.66
8,9,1.00
9,8,1.00
8,10,0.71
10,8,0.71
8,74,0.57
74,8,0.57
8,75,0.65
75,8,0.65
8,76,0.84
76,8,0.84
8,77,0.81
77,8,0.81
8,78,0.80
78,8,0.80
8,79,0.60
79,8,0.60
9,10,1.00
10,9,1.00
9,11,0.72
11,9,0.72
9,76,0.74
76,9,0.74
9,77,0.64
77,9,0.64
9,78,0.63
78,9,0.63
10,11,1.00
11,10,1.00
10,12,0.73
12,10,0.73
10,13,0.60
13,10,0.60
10,14,0.64
14,10,0.64
10,76,0.65
76,10,0.65
11,12,1.00
12,11,1.00
11,13,0.72
13,11,0.72
11,14,0.66
14,11,0.66
12,13,1.00
13,12,1.00
12,14,0.78
14,12,0.78
12,15,0.60
15,12,0.60
13,14,1.00
14,13,1.00
13,15,0.81
15,13,0.81
13,16,0.58
16,13,0.58
13,21,0.59
21,13,0.59
14,15,1.00
15,14,1.00
14,16,0.72
16,14,0.72
14,17,0.58
17,14,0.58
14,20,0.64
20,14,0.64
14,21,0.78
21,14,0.78
14,22,0.64
22,14,0.64
14,23,0.58
23,14,0.58
14,94,0.57
94,14,0.57
15,16,1.00
16,15,1.00
15,17,0.78
17,15,0.78
15,18,0.64
18,15,0.64
15,19,0.58
19,15,0.58
15,20,0.72
20,15,0.72
15,21,0.73
21,15,0.73
15,93,0.60
93,15,0.60
16,17,1.00
17,16,1.00
16,18,0.79
18,16,0.79
16,19,0.70
19,16,0.70
16,20,0.89
20,16,0.89
16,21,0.74
21,16,0.74
16,93,0.70
93,16,0.70
16,94,0.58
94,16,0.58
17,18,1.00
18,17,1.00
17,19,0.72
19,17,0.72
17,20,0.74
20,17,0.74
17,21,0.61
21,17,0.61
18,19,1.00
19,18,1.00
18,20,0.83
20,18,0.83
18,21,0.66
21,18,0.66
19,20,1.00
20,19,1.00
19,21,0.76
21,19,0.76
19,22,0.62
22,19,0.62
19,93,0.58
93,19,0.58
20,21,1.00
21,20,1.00
20,22,0.72
22,20,0.72
20,92,0.66
92,20,0.66
20,93,0.79
93,20,0.79
20,94,0.71
94,20,0.71
20,95,0.60
95,20,0.60
21,22,1.00
22,21,1.00
21,23,0.73
23,21,0.73
21,24,0.59
24,21,0.59
21,92,0.58
92,21,0.58
21,93,0.71
93,21,0.71
21,94,0.75
94,21,0.75
21,95,0.64
95,21,0.64
21,96,0.57
96,21,0.57
22,23,1.00
23,22,1.00
22,24,0.78
24,22,0.78
22,25,0.59
25,22,0.59
22,93,0.59
93,22,0.59
22,94,0.71
94,22,0.71
22,95,0.69
95,22,0.69
22,96,0.67
96,22,0.67
23,24,1.00
24,23,1.00
23,25,0.75
25,23,0.75
23,26,0.59
26,23,0.59
23,94,0.68
94,23,0.68
23,95,0.69
95,23,0.69
23,96,0.80
96,23,0.80
23,97,0.64
97,23,0.64
24,25,1.00
25,24,1.00
24,26,0.74
26,24,0.74
24,28,0.58
28,24,0.58
24,96,0.61
96,24,0.61
25,26,1.00
26,25,1.00
25,27,0.74
27,25,0.74
25,28,0.79
28,25,0.79
25,29,0.59
29,25,0.59
25,96,0.58
96,25,0.58
26,27,1.00
27,26,1.00
26,28,0.85
28,26,0.85
26,29,0.63
29,26,0.63
27,28,1.00
28,27,1.00
27,29,0.76
29,27,0.76
27,38,0.60
38,27,0.60
28,29,1.00
29,28,1.00
28,30,0.75
30,28,0.75
28,31,0.63
31,28,0.63
28,32,0.59
32,28,0.59
28,38,0.58
38,28,0.58
29,30,1.00
30,29,1.00
29,31,0.75
31,29,0.75
29,32,0.68
32,29,0.68
29,33,0.65
33,29,0.65
29,34,0.71
34,29,0.71
29,35,0.78
35,29,0.78
29,36,0.67
36,29,0.67
29,37,0.59
37,29,0.59
29,38,0.69
38,29,0.69
29,123,0.60
123,29,0.60
30,31,1.00
31,30,1.00
30,32,0.77
32,30,0.77
30,33,0.69
33,30,0.69
30,34,0.85
34,30,0.85
30,35,0.77
35,30,0.77
30,36,0.65
36,30,0.65
30,119,0.57
119,30,0.57
30,121,0.61
121,30,0.61
30,122,0.65
122,30,0.65
30,123,0.82
123,30,0.82
30,124,0.64
124,30,0.64
30,125,0.64
125,30,0.64
30,126,0.62
126,30,0.62
31,32,1.00
32,31,1.00
31,33,0.77
33,31,0.77
31,34,0.84
34,31,0.84
31,35,0.65
35,31,0.65
31,117,0.61
117,31,0.61
31,118,0.73
118,31,0.73
31,119,0.75
119,31,0.75
31,120,0.66
120,31,0.66
31,121,0.67
121,31,0.67
31,122,0.69
122,31,0.69
31,123,0.81
123,31,0.81
31,124,0.58
124,31,0.58
32,33,1.00
33,32,1.00
32,34,0.82
34,32,0.82
32,35,0.64
35,32,0.64
32,116,0.71
116,32,0.71
32,117,0.83
117,32,0.83
32,118,0.95
118,32,0.95
32,119,0.86
119,32,0.86
32,120,0.77
120,32,0.77
32,121,0.67
121,32,0.67
32,122,0.60
122,32,0.60
32,123,0.62
123,32,0.62
33,34,1.00
34,33,1.00
33,35,0.78
35,33,0.78
33,116,0.67
116,33,0.67
33,117,0.69
117,33,0.69
33,118,0.74
118,33,0.74
33,119,0.80
119,33,0.80
33,120,0.94
120,33,0.94
33,121,0.81
121,33,0.81
33,122,0.64
122,33,0.64
33,123,0.60
123,33,0.60
34,35,1.00
35,34,1.00
34,36,0.71
36,34,0.71
34,118,0.61
118,34,0.61
34,119,0.71
119,34,0.71
34,120,0.81
120,34,0.81
34,121,0.95
121,34,0.95
34,122,0.81
122,34,0.81
34,123,0.79
123,34,0.79
34,124,0.65
124,34,0.65
35,36,1.00
36,35,1.00
35,37,0.72
37,35,0.72
35,38,0.71
38,35,0.71
35,120,0.61
120,35,0.61
35,121,0.69
121,35,0.69
35,122,0.63
122,35,0.63
35,123,0.65
123,35,0.65
35,124,0.60
124,35,0.60
36,37,1.00
37,36,1.00
36,38,0.82
38,36,0.82
36,39,0.60
39,36,0.60
36,123,0.59
123,36,0.59
36,124,0.61
124,36,0.61
36,125,0.58
125,36,0.58
36,126,0.60
126,36,0.60
37,38,1.00
38,37,1.00
37,39,0.76
39,37,0.76
37,40,0.58
40,37,0.58
38,39,1.00
39,38,1.00
38,40,0.74
40,38,0.74
38,41,0.57
41,38,0.57
39,40,1.00
40,39,1.00
39,41,0.77
41,39,0.77
39,42,0.60
42,39,0.60
39,43,0.59
43,39,0.59
40,41,1.00
41,40,1.00
40,42,0.81
42,40,0.81
40,43,0.81
43,40,0.81
40,44,0.59
44,40,0.59
41,42,1.00
42,41,1.00
41,43,0.77
43,41,0.77
42,43,1.00
43,42,1.00
42,44,0.72
44,42,0.72
42,45,0.62
45,42,0.62
42,64,0.61
64,42,0.61
42,65,0.71
65,42,0.71
42,66,0.60
66,42,0.60
43,44,1.00
44,43,1.00
43,45,0.78
45,43,0.78
43,52,0.61
52,43,0.61
43,64,0.58
64,43,0.58
43,65,0.63
65,43,0.63
44,45,1.00
45,44,1.00
44,46,0.72
46,44,0.72
44,51,0.60
51,44,0.60
44,52,0.71
52,44,0.71
44,53,0.58
53,44,0.58
44,64,0.62
64,44,0.62
44,65,0.64
65,44,0.64
45,46,1.00
46,45,1.00
45,47,0.71
47,45,0.71
45,48,0.62
48,45,0.62
45,50,0.58
50,45,0.58
45,51,0.76
51,45,0.76
45,52,0.93
52,45,0.93
45,53,0.66
53,45,0.66
45,54,0.59
54,45,0.59
45,65,0.60
65,45,0.60
46,47,1.00
47,46,1.00
46,48,0.76
48,46,0.76
46,49,0.62
49,46,0.62
46,50,0.66
50,46,0.66
46,51,0.95
51,46,0.95
46,52,0.88
52,46,0.88
46,53,0.62
53,46,0.62
46,54,0.57
54,46,0.57
47,48,1.00
48,47,1.00
47,49,0.72
49,47,0.72
47,50,0.66
50,47,0.66
47,51,0.88
51,47,0.88
47,52,0.74
52,47,0.74
48,49,1.00
49,48,1.00
48,50,0.79
50,48,0.79
48,51,0.89
51,48,0.89
48,52,0.77
52,48,0.77
48,53,0.64
53,48,0.64
49,50,1.00
50,49,1.00
49,51,0.85
51,49,0.85
49,52,0.72
52,49,0.72
49,53,0.71
53,49,0.71
49,54,0.62
54,49,0.62
49,55,0.57
55,49,0.57
50,51,1.00
51,50,1.00
50,52,0.82
52,50,0.82
50,53,0.85
53,50,0.85
50,54,0.85
54,50,0.85
50,55,0.78
55,50,0.78
50,56,0.67
56,50,0.67
51,52,1.00
52,51,1.00
51,53,0.79
53,51,0.79
51,54,0.74
54,51,0.74
51,55,0.65
55,51,0.65
51,56,0.62
56,51,0.62
52,53,1.00
53,52,1.00
52,54,0.79
54,52,0.79
52,55,0.61
55,52,0.61
52,65,0.68
65,52,0.68
52,66,0.62
66,52,0.62
53,54,1.00
54,53,1.00
53,55,0.71
55,53,0.71
53,56,0.59
56,53,0.59
53,64,0.60
64,53,0.60
53,65,0.78
65,53,0.78
53,66,0.83
66,53,0.83
53,67,0.69
67,53,0.69
53,68,0.61
68,53,0.61
54,55,1.00
55,54,1.00
54,56,0.79
56,54,0.79
54,57,0.57
57,54,0.57
54,60,0.59
60,54,0.59
54,61,0.58
61,54,0.58
54,62,0.59
62,54,0.59
54,63,0.62
63,54,0.62
54,64,0.72
64,54,0.72
54,65,0.87
65,54,0.87
54,66,0.86
66,54,0.86
54,67,0.80
67,54,0.80
54,68,0.78
68,54,0.78
54,69,0.61
69,54,0.61
55,56,1.00
56,55,1.00
55,57,0.71
57,55,0.71
55,58,0.59
58,55,0.59
55,59,0.61
59,55,0.61
55,60,0.77
60,55,0.77
55,61,0.67
61,55,0.67
55,62,0.66
62,55,0.66
55,63,0.62
63,55,0.62
55,64,0.64
64,55,0.64
55,65,0.67
65,55,0.67
55,66,0.67
66,55,0.67
55,67,0.73
67,55,0.73
55,68,0.90
68,55,0.90
55,69,0.70
69,55,0.70
55,70,0.61
70,55,0.61
56,57,1.00
57,56,1.00
56,58,0.72
58,56,0.72
56,59,0.68
59,56,0.68
56,60,0.85
60,56,0.85
56,61,0.79
61,56,0.79
56,62,0.89
62,56,0.89
56,63,0.73
63,56,0.73
56,64,0.67
64,56,0.67
56,65,0.61
65,56,0.61
56,67,0.57
67,56,0.57
56,68,0.69
68,56,0.69
56,69,0.63
69,56,0.63
56,70,0.62
70,56,0.62
56,73,0.58
73,56,0.58
56,74,0.61
74,56,0.61
56,75,0.67
75,56,0.67
57,58,1.00
58,57,1.00
57,59,0.80
59,57,0.80
57,60,0.87
60,57,0.87
57,61,0.79
61,57,0.79
57,62,0.93
62,57,0.93
57,63,0.66
63,57,0.66
57,70,0.61
70,57,0.61
57,71,0.59
71,57,0.59
57,73,0.60
73,57,0.60
57,74,0.69
74,57,0.69
57,75,0.76
75,57,0.76
58,59,1.00
59,58,1.00
58,60,0.81
60,58,0.81
58,61,0.67
61,58,0.67
58,62,0.68
62,58,0.68
58,70,0.62
70,58,0.62
58,71,0.58
71,58,0.58
58,74,0.59
74,58,0.59
58,75,0.60
75,58,0.60
59,60,1.00
60,59,1.00
59,61,0.74
61,59,0.74
59,62,0.64
62,59,0.64
59,68,0.58
68,59,0.58
59,69,0.64
69,59,0.64
59,70,0.83
70,59,0.83
59,71,0.71
71,59,0.71
60,61,1.00
61,60,1.00
60,62,0.80
62,60,0.80
60,63,0.64
63,60,0.64
60,64,0.58
64,60,0.58
60,68,0.75
68,60,0.75
60,69,0.85
69,60,0.85
60,70,1.00
70,60,1.00
60,71,0.82
71,60,0.82
60,72,0.65
72,60,0.65
60,73,0.62
73,60,0.62
60,74,0.62
74,60,0.62
60,75,0.58
75,60,0.58
61,62,1.00
62,61,1.00
61,63,0.84
63,61,0.84
61,64,0.70
64,61,0.70
61,68,0.67
68,61,0.67
61,69,0.81
69,61,0.81
61,70,0.87
70,61,0.87
61,71,0.96
71,61,0.96
61,72,0.87
72,61,0.87
61,73,0.87
73,61,0.87
61,74,0.78
74,61,0.78
61,75,0.67
75,61,0.67
62,63,1.00
63,62,1.00
62,64,0.72
64,62,0.72
62,69,0.60
69,62,0.60
62,70,0.62
70,62,0.62
62,71,0.67
71,62,0.67
62,72,0.69
72,62,0.69
62,73,0.86
73,62,0.86
62,74,0.96
74,62,0.96
62,75,0.97
75,62,0.97
62,76,0.67
76,62,0.67
62,77,0.58
77,62,0.58
63,64,1.00
64,63,1.00
63,65,0.71
65,63,0.71
63,69,0.59
69,63,0.59
63,71,0.60
71,63,0.60
63,72,0.69
72,63,0.69
63,73,0.88
73,63,0.88
63,74,0.79
74,63,0.79
63,75,0.79
75,63,0.79
63,76,0.62
76,63,0.62
64,65,1.00
65,64,1.00
64,66,0.72
66,64,0.72
64,67,0.63
67,64,0.63
64,68,0.62
68,64,0.62
64,69,0.61
69,64,0.61
64,72,0.60
72,64,0.60
64,73,0.67
73,64,0.67
64,74,0.58
74,64,0.58
64,75,0.58
75,64,0.58
65,66,1.00
66,65,1.00
65,67,0.75
67,65,0.75
65,68,0.65
68,65,0.65
65,69,0.58
69,65,0.58
66,67,1.00
67,66,1.00
66,68,0.74
68,66,0.74
66,69,0.60
69,66,0.60
67,68,1.00
68,67,1.00
67,69,0.75
69,67,0.75
68,69,1.00
69,68,1.00
68,70,0.73
70,68,0.73
68,71,0.58
71,68,0.58
69,70,1.00
70,69,1.00
69,71,0.79
71,69,0.79
69,72,0.66
72,69,0.66
70,71,1.00
71,70,1.00
70,72,0.71
72,70,0.71
70,73,0.60
73,70,0.60
71,72,1.00
72,71,1.00
71,73,0.76
73,71,0.76
71,74,0.64
74,71,0.64
72,73,1.00
73,72,1.00
72,74,0.72
74,72,0.72
73,74,1.00
74,73,1.00
73,75,0.73
75,73,0.73
73,76,0.61
76,73,0.61
74,75,1.00
75,74,1.00
74,76,0.81
76,74,0.81
74,77,0.61
77,74,0.61
75,76,1.00
76,75,1.00
75,77,0.82
77,75,0.82
75,78,0.59
78,75,0.59
76,77,1.00
77,76,1.00
76,78,0.72
78,76,0.72
77,78,1.00
78,77,1.00
77,79,0.73
79,77,0.73
78,79,1.00
79,78,1.00
78,80,0.72
80,78,0.72
79,80,1.00
80,79,1.00
79,81,0.73
81,79,0.73
79,111,0.66
111,79,0.66
80,81,1.00
81,80,1.00
80,82,0.72
82,80,0.72
80,88,0.57
88,80,0.57
80,110,0.62
110,80,0.62
80,111,0.76
111,80,0.76
80,112,0.59
112,80,0.59
81,82,1.00
82,81,1.00
81,83,0.75
83,81,0.75
81,86,0.59
86,81,0.59
81,87,0.60
87,81,0.60
81,88,0.59
88,81,0.59
81,105,0.57
105,81,0.57
81,108,0.61
108,81,0.61
81,109,0.68
109,81,0.68
81,110,0.81
110,81,0.81
81,111,0.98
111,81,0.98
81,112,0.72
112,81,0.72
82,83,1.00
83,82,1.00
82,84,0.72
84,82,0.72
82,85,0.71
85,82,0.71
82,86,0.81
86,82,0.81
82,87,0.76
87,82,0.76
82,88,0.68
88,82,0.68
82,105,0.60
105,82,0.60
82,106,0.58
106,82,0.58
82,107,0.65
107,82,0.65
82,108,0.83
108,82,0.83
82,109,0.88
109,82,0.88
82,110,0.87
110,82,0.87
82,111,0.79
111,82,0.79
82,112,0.62
112,82,0.62
83,84,1.00
84,83,1.00
83,85,0.81
85,83,0.81
83,86,0.80
86,83,0.80
83,87,0.63
87,83,0.63
83,107,0.60
107,83,0.60
83,108,0.78
108,83,0.78
83,109,0.92
109,83,0.92
83,110,0.75
110,83,0.75
83,111,0.66
111,83,0.66
83,112,0.59
112,83,0.59
84,85,1.00
85,84,1.00
84,86,0.82
86,84,0.82
84,87,0.60
87,84,0.60
84,107,0.57
107,84,0.57
84,108,0.75
108,84,0.75
84,109,0.78
109,84,0.78
84,110,0.59
110,84,0.59
85,86,1.00
86,85,1.00
85,87,0.73
87,85,0.73
85,106,0.60
106,85,0.60
85,107,0.72
107,85,0.72
85,108,1.00
108,85,1.00
85,109,0.83
109,85,0.83
85,110,0.61
110,85,0.61
86,87,1.00
87,86,1.00
86,88,0.78
88,86,0.78
86,89,0.61
89,86,0.61
86,107,0.66
107,86,0.66
86,108,0.95
108,86,0.95
86,109,0.73
109,86,0.73
86,110,0.60
110,86,0.60
87,88,1.00
88,87,1.00
87,89,0.83
89,87,0.83
87,90,0.72
90,87,0.72
87,107,0.67
107,87,0.67
87,108,0.84
108,87,0.84
87,109,0.64
109,87,0.64
87,110,0.58
110,87,0.58
88,89,1.00
89,88,1.00
88,90,0.71
90,88,0.71
88,91,0.59
91,88,0.59
88,108,0.62
108,88,0.62
89,90,1.00
90,89,1.00
89,91,0.78
91,89,0.78
89,92,0.60
92,89,0.60
90,91,1.00
91,90,1.00
90,92,0.76
92,90,0.76
90,93,0.59
93,90,0.59
91,92,1.00
92,91,1.00
91,93,0.78
93,91,0.78
91,94,0.78
94,91,0.78
91,95,0.75
95,91,0.75
91,96,0.60
96,91,0.60
92,93,1.00
93,92,1.00
92,94,0.87
94,92,0.87
92,95,0.78
95,92,0.78
92,96,0.58
96,92,0.58
93,94,1.00
94,93,1.00
93,95,0.73
95,93,0.73
93,96,0.58
96,93,0.58
94,95,1.00
95,94,1.00
94,96,0.79
96,94,0.79
94,97,0.62
97,94,0.62
94,98,0.57
98,94,0.57
95,96,1.00
96,95,1.00
95,97,0.85
97,95,0.85
95,98,0.79
98,95,0.79
95,99,0.58
99,95,0.58
96,97,1.00
97,96,1.00
96,98,0.75
98,96,0.75
97,98,1.00
98,97,1.00
97,99,0.76
99,97,0.76
97,100,0.72
100,97,0.72
97,115,0.58
115,97,0.58
97,116,0.57
116,97,0.57
97,117,0.63
117,97,0.63
98,99,1.00
99,98,1.00
98,100,0.77
100,98,0.77
98,101,0.58
101,98,0.58
99,100,1.00
100,99,1.00
99,101,0.72
101,99,0.72
99,117,0.58
117,99,0.58
99,118,0.59
118,99,0.59
100,101,1.00
101,100,1.00
100,102,0.70
102,100,0.70
100,103,0.66
103,100,0.66
100,105,0.62
105,100,0.62
100,106,0.58
106,100,0.58
100,117,0.68
117,100,0.68
100,118,0.63
118,100,0.63
101,102,1.00
102,101,1.00
101,103,0.80
103,101,0.80
101,104,0.65
104,101,0.65
101,105,0.75
105,101,0.75
101,106,0.77
106,101,0.77
101,107,0.68
107,101,0.68
102,103,1.00
103,102,1.00
102,104,0.80
104,102,0.80
102,105,0.87
105,102,0.87
102,106,0.97
106,102,0.97
102,107,0.71
107,102,0.71
102,109,0.58
109,102,0.58
102,110,0.61
110,102,0.61
103,104,1.00
104,103,1.00
103,105,0.83
105,103,0.83
103,106,0.74
106,103,0.74
103,110,0.58
110,103,0.58
103,113,0.61
113,103,0.61
103,117,0.59
117,103,0.59
104,105,1.00
105,104,1.00
104,106,0.77
106,104,0.77
104,107,0.58
107,104,0.58
104,109,0.61
109,104,0.61
104,110,0.71
110,104,0.71
104,111,0.63
111,104,0.63
104,112,0.68
112,104,0.68
104,113,0.82
113,104,0.82
104,114,0.65
114,104,0.65
104,115,0.61
115,104,0.61
105,106,1.00
106,105,1.00
105,107,0.77
107,105,0.77
105,108,0.64
108,105,0.64
105,109,0.78
109,105,0.78
105,110,0.96
110,105,0.96
105,111,0.74
111,105,0.74
105,112,0.68
112,105,0.68
105,113,0.73
113,105,0.73
105,114,0.58
114,105,0.58
105,115,0.59
115,105,0.59
106,107,1.00
107,106,1.00
106,108,0.76
108,106,0.76
106,109,0.84
109,106,0.84
106,110,0.80
110,106,0.80
106,111,0.59
111,106,0.59
107,108,1.00
108,107,1.00
107,109,0.86
109,107,0.86
107,110,0.76
110,107,0.76
108,109,1.00
109,108,1.00
108,110,0.77
110,108,0.77
108,111,0.58
111,108,0.58
109,110,1.00
110,109,1.00
109,111,0.71
111,109,0.71
109,112,0.63
112,109,0.63
110,111,1.00
111,110,1.00
110,112,0.80
112,110,0.80
110,113,0.69
113,110,0.69
111,112,1.00
112,111,1.00
111,113,0.80
113,111,0.80
111,114,0.65
114,111,0.65
111,115,0.62
115,111,0.62
112,113,1.00
113,112,1.00
112,114,0.73
114,112,0.73
112,115,0.61
115,112,0.61
113,114,1.00
114,113,1.00
113,115,0.78
115,113,0.78
113,116,0.63
116,113,0.63
114,115,1.00
115,114,1.00
114,116,0.79
116,114,0.79
114,117,0.60
117,114,0.60
115,116,1.00
116,115,1.00
115,117,0.75
117,115,0.75
116,117,1.00
117,116,1.00
116,118,0.71
118,116,0.71
116,119,0.58
119,116,0.58
117,118,1.00
118,117,1.00
117,119,0.72
119,117,0.72
117,120,0.63
120,117,0.63
118,119,1.00
119,118,1.00
118,120,0.75
120,118,0.75
118,121,0.60
121,118,0.60
119,120,1.00
120,119,1.00
119,121,0.80
121,119,0.80
119,122,0.68
122,119,0.68
119,123,0.61
123,119,0.61
120,121,1.00
121,120,1.00
120,122,0.72
122,120,0.72
120,123,0.59
123,120,0.59
121,122,1.00
122,121,1.00
121,123,0.74
123,121,0.74
121,124,0.64
124,121,0.64
122,123,1.00
123,122,1.00
122,124,0.87
124,122,0.87
122,125,0.64
125,122,0.64
123,124,1.00
124,123,1.00
123,125,0.82
125,123,0.82
123,126,0.63
126,123,0.63
124,125,1.00
125,124,1.00
124,126,0.70
126,124,0.70
125,126,1.00
126,125,1.00
125,127,0.72
127,125,0.72
125,128,0.61
128,125,0.61
125,129,0.61
129,125,0.61
126,127,1.00
127,126,1.00
126,128,0.83
128,126,0.83
126,129,0.75
129,126,0.75
127,128,1.00
128,127,1.00
127,129,0.74
129,127,0.74
127,130,0.61
130,127,0.61
128,129,1.00
129,128,1.00
128,130,0.79
130,128,0.79
128,131,0.61
131,128,0.61
128,132,0.64
132,128,0.64
129,130,1.00
130,129,1.00
129,131,0.76
131,129,0.76
129,132,0.72
132,129,0.72
130,131,1.00
131,130,1.00
130,132,0.83
132,130,0.83
130,133,0.68
133,130,0.68
130,134,0.64
134,130,0.64
131,132,1.00
132,131,1.00
131,133,0.80
133,131,0.80
131,134,0.83
134,131,0.83
131,135,0.60
135,131,0.60
132,133,1.00
133,132,1.00
132,134,0.82
134,132,0.82
132,135,0.60
135,132,0.60
133,134,1.00
134,133,1.00
133,135,0.78
135,133,0.78
133,136,0.57
136,133,0.57
134,135,1.00
135,134,1.00
134,136,0.72
136,134,0.72
135,136,1.00
136,135,1.00
135,137,0.74
137,135,0.74
135,138,0.58
138,135,0.58
136,137,1.00
137,136,1.00
136,138,0.77
138,136,0.77
137,138,1.00
138,137,1.00
137,139,0.74
139,137,0.74
138,139,1.00
139,138,1.00
138,140,0.74
140,138,0.74
138,141,0.60
141,138,0.60
139,140,1.00
140,139,1.00
139,141,0.80
141,139,0.80
139,142,0.62
142,139,0.62
139,155,0.58
155,139,0.58
140,141,1.00
141,140,1.00
140,142,0.71
142,140,0.71
140,154,0.67
154,140,0.67
140,155,0.79
155,140,0.79
140,156,0.70
156,140,0.70
140,157,0.58
157,140,0.58
141,142,1.00
142,141,1.00
141,143,0.72
143,141,0.72
141,144,0.58
144,141,0.58
141,145,0.64
145,141,0.64
141,152,0.61
152,141,0.61
141,153,0.66
153,141,0.66
141,154,0.87
154,141,0.87
141,155,0.84
155,141,0.84
141,156,0.68
156,141,0.68
142,143,1.00
143,142,1.00
142,144,0.75
144,142,0.75
142,145,0.80
145,142,0.80
142,146,0.60
146,142,0.60
142,151,0.60
151,142,0.60
142,152,0.83
152,142,0.83
142,153,0.79
153,142,0.79
142,154,0.93
154,142,0.93
142,155,0.75
155,142,0.75
142,156,0.65
156,142,0.65
143,144,1.00
144,143,1.00
143,145,0.84
145,143,0.84
143,146,0.61
146,143,0.61
143,151,0.61
151,143,0.61
143,152,0.80
152,143,0.80
143,153,0.64
153,143,0.64
143,154,0.69
154,143,0.69
144,145,1.00
145,144,1.00
144,146,0.74
146,144,0.74
144,148,0.57
148,144,0.57
144,151,0.65
151,144,0.65
144,152,0.83
152,144,0.83
144,153,0.63
153,144,0.63
144,154,0.64
154,144,0.64
145,146,1.00
146,145,1.00
145,147,0.73
147,145,0.73
145,148,0.67
148,145,0.67
145,151,0.71
151,145,0.71
145,152,0.97
152,145,0.97
145,153,0.80
153,145,0.80
145,154,0.83
154,145,0.83
145,155,0.60
155,145,0.60
146,147,1.00
147,146,1.00
146,148,0.84
148,146,0.84
146,149,0.63
149,146,0.63
146,150,0.59
150,146,0.59
146,151,0.69
151,146,0.69
146,152,0.80
152,146,0.80
146,153,0.74
153,146,0.74
146,154,0.71
154,146,0.71
147,148,1.00
148,147,1.00
147,149,0.81
149,147,0.81
147,150,0.66
150,147,0.66
147,151,0.69
151,147,0.69
147,152,0.70
152,147,0.70
147,153,0.74
153,147,0.74
147,154,0.64
154,147,0.64
148,149,1.00
149,148,1.00
148,150,0.80
150,148,0.80
148,151,0.86
151,148,0.86
148,152,0.73
152,148,0.73
148,153,0.69
153,148,0.69
149,150,1.00
150,149,1.00
149,151,0.82
151,149,0.82
149,152,0.65
152,149,0.65
149,153,0.67
153,149,0.67
150,151,1.00
151,150,1.00
150,152,0.76
152,150,0.76
150,153,0.76
153,150,0.76
151,152,1.00
152,151,1.00
151,153,0.81
153,151,0.81
151,154,0.61
154,151,0.61
152,153,1.00
153,152,1.00
152,154,0.81
154,152,0.81
152,155,0.62
155,152,0.62
152,156,0.58
156,152,0.58
153,154,1.00
154,153,1.00
153,155,0.81
155,153,0.81
153,156,0.74
156,153,0.74
153,157,0.57
157,153,0.57
154,155,1.00
155,154,1.00
154,156,0.75
156,154,0.75
154,157,0.57
157,154,0.57
155,156,1.00
156,155,1.00
155,157,0.76
157,155,0.76
156,157,1.00
157,156,1.00
158,159,1.00
159,158,1.00
158,160,0.72
160,158,0.72
159,160,1.00
160,159,1.00
159,161,0.74
161,159,0.74
159,162,0.63
162,159,0.63
160,161,1.00
161,160,1.00
160,162,0.76
162,160,0.76
161,162,1.00
162,161,1.00
161,163,0.74
163,161,0.74
161,164,0.58
164,161,0.58
162,163,1.00
163,162,1.00
162,164,0.79
164,162,0.79
162,165,0.67
165,162,0.67
163,164,1.00
164,163,1.00
163,165,0.77
165,163,0.77
164,165,1.00
165,164,1.00
164,166,0.71
166,164,0.71
164,167,0.60
167,164,0.60
165,166,1.00
166,165,1.00
165,167,0.75
167,165,0.75
165,168,0.61
168,165,0.61
166,167,1.00
167,166,1.00
166,168,0.70
168,166,0.70
167,168,1.00
168,167,1.00
