1,2,1.00
2,1,1.00
1,3,0.73
3,1,0.73
1,4,0.60
4,1,0.60
2,3,1.00
3,2,1.00
2,4,0.80
4,2,0.80
2,5,0.62
5,2,0.62
3,4,1.00
4,3,1.00
3,5,0.77
5,3,0.77
3,6,0.58
6,3,0.58
4,5,1.00
5,4,1.00
4,6,0.74
6,4,0.74
5,6,1.00
6,5,1.00
5,7,0.74
7,5,0.74
6,7,1.00
7,6,1.00
6,8,0.75
8,6,0.75
7,8,1.00
8,7,1.00
7,9,0.75
9,7,0.75
7,10,0.64
10,7,0.64
8,9,1.00
9,8,1.00
8,10,0.74
10,8,0.74
8,11,0.61
11,8,0.61
8,12,0.59
12,8,0.59
9,10,1.00
10,9,1.00
9,11,0.75
11,9,0.75
9,12,0.64
12,9,0.64
10,11,1.00
11,10,1.00
10,12,0.78
12,10,0.78
10,13,0.59
13,10,0.59
11,12,1.00
12,11,1.00
11,13,0.78
13,11,0.78
11,14,0.60
14,11,0.60
12,13,1.00
13,12,1.00
12,14,0.74
14,12,0.74
13,14,1.00
14,13,1.00
13,15,0.74
15,13,0.74
14,15,1.00
15,14,1.00
14,16,0.74
16,14,0.74
14,17,0.62
17,14,0.62
14,18,0.64
18,14,0.64
15,16,1.00
16,15,1.00
15,17,0.79
17,15,0.79
15,18,0.88
18,15,0.88
15,19,0.68
19,15,0.68
15,20,0.60
20,15,0.60
16,17,1.00
17,16,1.00
16,18,0.86
18,16,0.86
16,19,0.74
19,16,0.74
16,20,0.73
20,16,0.73
16,21,0.60
21,16,0.60
17,18,1.00
18,17,1.00
17,19,0.82
19,17,0.82
17,20,0.92
20,17,0.92
17,21,0.81
21,17,0.81
18,19,1.00
19,18,1.00
18,20,0.84
20,18,0.84
18,21,0.80
21,18,0.80
19,20,1.00
20,19,1.00
19,21,0.84
21,19,0.84
20,21,1.00
21,20,1.00
22,23,1.00
23,22,1.00
22,24,0.75
24,22,0.75
22,25,0.59
25,22,0.59
22,53,0.58
53,22,0.58
22,54,0.72
54,22,0.72
22,55,0.71
55,22,0.71
22,56,0.61
56,22,0.61
23,24,1.00
24,23,1.00
23,25,0.78
25,23,0.78
23,26,0.61
26,23,0.61
23,51,0.63
51,23,0.63
23,53,0.60
53,23,0.60
23,54,0.67
54,23,0.67
23,55,0.62
55,23,0.62
24,25,1.00
25,24,1.00
24,26,0.74
26,24,0.74
24,27,0.59
27,24,0.59
24,50,0.61
50,24,0.61
24,51,0.77
51,24,0.77
24,52,0.64
52,24,0.64
24,53,0.69
53,24,0.69
24,54,0.69
54,24,0.69
24,55,0.64
55,24,0.64
25,26,1.00
26,25,1.00
25,27,0.80
27,25,0.80
25,28,0.60
28,25,0.60
25,50,0.58
50,25,0.58
25,51,0.65
51,25,0.65
26,27,1.00
27,26,1.00
26,28,0.80
28,26,0.80
26,29,0.61
29,26,0.61
26,34,0.60
34,26,0.60
26,35,0.64
35,26,0.64
26,36,0.69
36,26,0.69
26,37,0.72
37,26,0.72
26,49,0.59
49,26,0.59
26,50,0.64
50,26,0.64
26,51,0.64
51,26,0.64
27,28,1.00
28,27,1.00
27,29,0.75
29,27,0.75
27,34,0.57
34,27,0.57
27,35,0.64
35,27,0.64
27,36,0.60
36,27,0.60
27,37,0.58
37,27,0.58
28,29,1.00
29,28,1.00
28,30,0.71
30,28,0.71
28,31,0.61
31,28,0.61
28,34,0.72
34,28,0.72
28,35,0.85
35,28,0.85
28,36,0.69
36,28,0.69
28,37,0.63
37,28,0.63
29,30,1.00
30,29,1.00
29,31,0.74
31,29,0.74
29,32,0.61
32,29,0.61
29,34,0.64
34,29,0.64
29,35,0.84
35,29,0.84
29,36,0.62
36,29,0.62
30,31,1.00
31,30,1.00
30,32,0.73
32,30,0.73
30,33,0.60
33,30,0.60
30,34,0.62
34,30,0.62
30,35,0.80
35,30,0.80
30,36,0.59
36,30,0.59
31,32,1.00
32,31,1.00
31,33,0.72
33,31,0.72
31,34,0.67
34,31,0.67
31,35,0.86
35,31,0.86
31,36,0.65
36,31,0.65
32,33,1.00
33,32,1.00
32,34,0.79
34,32,0.79
32,35,0.84
35,32,0.84
32,36,0.68
36,32,0.68
32,38,0.60
38,32,0.60
32,39,0.64
39,32,0.64
33,34,1.00
34,33,1.00
33,35,0.80
35,33,0.80
33,36,0.70
36,33,0.70
33,37,0.64
37,33,0.64
33,38,0.77
38,33,0.77
33,39,0.83
39,33,0.83
33,40,0.60
40,33,0.60
34,35,1.00
35,34,1.00
34,36,0.90
36,34,0.90
34,37,0.86
37,34,0.86
34,38,0.98
38,34,0.98
34,39,0.80
39,34,0.80
34,40,0.60
40,34,0.60
35,36,1.00
36,35,1.00
35,37,0.75
37,35,0.75
35,38,0.70
38,35,0.70
35,39,0.61
39,35,0.61
36,37,1.00
37,36,1.00
36,38,0.79
38,36,0.79
36,39,0.68
39,36,0.68
36,49,0.60
49,36,0.60
37,38,1.00
38,37,1.00
37,39,0.74
39,37,0.74
37,40,0.65
40,37,0.65
37,48,0.62
48,37,0.62
37,49,0.80
49,37,0.80
37,50,0.71
50,37,0.71
37,51,0.57
51,37,0.57
38,39,1.00
39,38,1.00
38,40,0.79
40,38,0.79
38,41,0.58
41,38,0.58
38,49,0.68
49,38,0.68
38,50,0.63
50,38,0.63
38,161,0.57
161,38,0.57
39,40,1.00
40,39,1.00
39,41,0.71
41,39,0.71
39,42,0.62
42,39,0.62
39,161,0.60
161,39,0.60
40,41,1.00
41,40,1.00
40,42,0.77
42,40,0.77
40,43,0.64
43,40,0.64
40,44,0.66
44,40,0.66
40,45,0.65
45,40,0.65
40,46,0.60
46,40,0.60
40,48,0.60
48,40,0.60
40,49,0.59
49,40,0.59
40,160,0.63
160,40,0.63
40,161,0.71
161,40,0.71
40,162,0.58
162,40,0.58
41,42,1.00
42,41,1.00
41,43,0.84
43,41,0.84
41,44,0.94
44,41,0.94
41,45,0.81
45,41,0.81
41,46,0.71
46,41,0.71
41,47,0.59
47,41,0.59
41,48,0.58
48,41,0.58
41,160,0.58
160,41,0.58
41,161,0.61
161,41,0.61
42,43,1.00
43,42,1.00
42,44,0.85
44,42,0.85
42,45,0.65
45,42,0.65
43,44,1.00
44,43,1.00
43,45,0.74
45,43,0.74
43,46,0.58
46,43,0.58
44,45,1.00
45,44,1.00
44,46,0.78
46,44,0.78
44,47,0.58
47,44,0.58
45,46,1.00
46,45,1.00
45,47,0.71
47,45,0.71
45,48,0.58
48,45,0.58
46,47,1.00
47,46,1.00
46,48,0.73
48,46,0.73
46,49,0.58
49,46,0.58
47,48,1.00
48,47,1.00
47,49,0.73
49,47,0.73
48,49,1.00
49,48,1.00
48,50,0.71
50,48,0.71
48,51,0.60
51,48,0.60
48,160,0.64
160,48,0.64
49,50,1.00
50,49,1.00
49,51,0.77
51,49,0.77
49,52,0.59
52,49,0.59
49,160,0.58
160,49,0.58
50,51,1.00
51,50,1.00
50,52,0.75
52,50,0.75
50,53,0.58
53,50,0.58
51,52,1.00
52,51,1.00
51,53,0.78
53,51,0.78
51,54,0.64
54,51,0.64
52,53,1.00
53,52,1.00
52,54,0.71
54,52,0.71
53,54,1.00
54,53,1.00
53,55,0.76
55,53,0.76
53,56,0.58
56,53,0.58
54,55,1.00
55,54,1.00
54,56,0.75
56,54,0.75
54,57,0.59
57,54,0.59
55,56,1.00
56,55,1.00
55,57,0.80
57,55,0.80
55,58,0.64
58,55,0.64
55,59,0.64
59,55,0.64
56,57,1.00
57,56,1.00
56,58,0.71
58,56,0.71
56,59,0.61
59,56,0.61
57,58,1.00
58,57,1.00
57,59,0.79
59,57,0.79
57,60,0.59
60,57,0.59
58,59,1.00
59,58,1.00
58,60,0.73
60,58,0.73
58,61,0.69
61,58,0.69
59,60,1.00
60,59,1.00
59,61,0.79
61,59,0.79
59,62,0.62
62,59,0.62
59,63,0.59
63,59,0.59
60,61,1.00
61,60,1.00
60,62,0.80
62,60,0.80
60,63,0.67
63,60,0.67
60,64,0.58
64,60,0.58
61,62,1.00
62,61,1.00
61,63,0.80
63,61,0.80
61,64,0.61
64,61,0.61
62,63,1.00
63,62,1.00
62,64,0.71
64,62,0.71
63,64,1.00
64,63,1.00
63,65,0.71
65,63,0.71
63,66,0.63
66,63,0.63
64,65,1.00
65,64,1.00
64,66,0.78
66,64,0.78
65,66,1.00
66,65,1.00
65,67,0.72
67,65,0.72
65,68,0.64
68,65,0.64
66,67,1.00
67,66,1.00
66,68,0.74
68,66,0.74
67,68,1.00
68,67,1.00
67,69,0.71
69,67,0.71
68,69,1.00
69,68,1.00
68,70,0.70
70,68,0.70
69,70,1.00
70,69,1.00
69,71,0.77
71,69,0.77
69,72,0.66
72,69,0.66
70,71,1.00
71,70,1.00
70,72,0.72
72,70,0.72
71,72,1.00
72,71,1.00
71,73,0.70
73,71,0.70
71,74,0.65
74,71,0.65
72,73,1.00
73,72,1.00
72,74,0.79
74,72,0.79
72,75,0.58
75,72,0.58
73,74,1.00
74,73,1.00
73,75,0.72
75,73,0.72
73,76,0.57
76,73,0.57
74,75,1.00
75,74,1.00
74,76,0.80
76,74,0.80
74,77,0.66
77,74,0.66
75,76,1.00
76,75,1.00
75,77,0.84
77,75,0.84
75,78,0.61
78,75,0.61
76,77,1.00
77,76,1.00
76,78,0.77
78,76,0.77
76,79,0.57
79,76,0.57
76,84,0.60
84,76,0.60
76,85,0.61
85,76,0.61
76,86,0.61
86,76,0.61
77,78,1.00
78,77,1.00
77,79,0.72
79,77,0.72
77,80,0.61
80,77,0.61
77,84,0.59
84,77,0.59
78,79,1.00
79,78,1.00
78,80,0.79
80,78,0.79
78,84,0.70
84,78,0.70
78,85,0.60
85,78,0.60
78,86,0.58
86,78,0.58
79,80,1.00
80,79,1.00
79,81,0.71
81,79,0.71
79,83,0.57
83,79,0.57
79,84,0.69
84,79,0.69
80,81,1.00
81,80,1.00
80,82,0.78
82,80,0.78
80,83,0.77
83,80,0.77
80,84,0.89
84,80,0.89
80,85,0.63
85,80,0.63
81,82,1.00
82,81,1.00
81,83,0.78
83,81,0.78
81,84,0.74
84,81,0.74
82,83,1.00
83,82,1.00
82,84,0.77
84,82,0.77
82,85,0.60
85,82,0.60
83,84,1.00
84,83,1.00
83,85,0.79
85,83,0.79
83,86,0.58
86,83,0.58
84,85,1.00
85,84,1.00
84,86,0.74
86,84,0.74
84,87,0.61
87,84,0.61
84,88,0.60
88,84,0.60
85,86,1.00
86,85,1.00
85,87,0.78
87,85,0.78
85,88,0.78
88,85,0.78
85,89,0.58
89,85,0.58
86,87,1.00
87,86,1.00
86,88,0.81
88,86,0.81
86,89,0.61
89,86,0.61
87,88,1.00
88,87,1.00
87,89,0.82
89,87,0.82
87,90,0.68
90,87,0.68
88,89,1.00
89,88,1.00
88,90,0.71
90,88,0.71
89,90,1.00
90,89,1.00
91,92,1.00
92,91,1.00
91,93,0.73
93,91,0.73
92,93,1.00
93,92,1.00
92,94,0.74
94,92,0.74
92,95,0.60
95,92,0.60
93,94,1.00
94,93,1.00
93,95,0.83
95,93,0.83
93,96,0.60
96,93,0.60
94,95,1.00
95,94,1.00
94,96,0.75
96,94,0.75
94,97,0.60
97,94,0.60
95,96,1.00
96,95,1.00
95,97,0.82
97,95,0.82
95,98,0.71
98,95,0.71
96,97,1.00
97,96,1.00
96,98,0.72
98,96,0.72
97,98,1.00
98,97,1.00
97,99,0.78
99,97,0.78
97,100,0.66
100,97,0.66
98,99,1.00
99,98,1.00
98,100,0.79
100,98,0.79
98,101,0.60
101,98,0.60
99,100,1.00
100,99,1.00
99,101,0.73
101,99,0.73
99,102,0.58
102,99,0.58
99,104,0.58
104,99,0.58
100,101,1.00
101,100,1.00
100,102,0.79
102,100,0.79
100,103,0.67
103,100,0.67
100,104,0.72
104,100,0.72
100,108,0.59
108,100,0.59
101,102,1.00
102,101,1.00
101,103,0.74
103,101,0.74
101,104,0.67
104,101,0.67
101,108,0.61
108,101,0.61
101,111,0.60
111,101,0.60
102,103,1.00
103,102,1.00
102,104,0.79
104,102,0.79
102,105,0.62
105,102,0.62
102,108,0.63
108,102,0.63
103,104,1.00
104,103,1.00
103,105,0.87
105,103,0.87
103,106,0.74
106,103,0.74
103,107,0.67
107,103,0.67
103,108,0.75
108,103,0.75
103,112,0.58
112,103,0.58
103,113,0.63
113,103,0.63
104,105,1.00
105,104,1.00
104,106,0.73
106,104,0.73
104,107,0.66
107,104,0.66
104,108,0.69
108,104,0.69
105,106,1.00
106,105,1.00
105,107,0.77
107,105,0.77
105,108,0.69
108,105,0.69
105,113,0.58
113,105,0.58
105,115,0.58
115,105,0.58
106,107,1.00
107,106,1.00
106,108,0.77
108,106,0.77
106,109,0.59
109,106,0.59
106,113,0.72
113,106,0.72
106,114,0.64
114,106,0.64
106,115,0.72
115,106,0.72
106,123,0.58
123,106,0.58
106,124,0.64
124,106,0.64
106,125,0.60
125,106,0.60
106,126,0.59
126,106,0.59
107,108,1.00
108,107,1.00
107,109,0.80
109,107,0.80
107,110,0.59
110,107,0.59
107,111,0.59
111,107,0.59
107,112,0.68
112,107,0.68
107,113,0.82
113,107,0.82
107,114,0.64
114,107,0.64
107,115,0.62
115,107,0.62
107,122,0.57
122,107,0.57
107,123,0.58
123,107,0.58
107,124,0.61
124,107,0.61
108,109,1.00
109,108,1.00
108,110,0.72
110,108,0.72
108,111,0.78
111,108,0.78
108,112,0.83
112,108,0.83
108,113,0.86
113,108,0.86
108,114,0.62
114,108,0.62
109,110,1.00
110,109,1.00
109,111,0.87
111,109,0.87
109,112,0.83
112,109,0.83
109,113,0.74
113,109,0.74
110,111,1.00
111,110,1.00
110,112,0.82
112,110,0.82
110,113,0.64
113,110,0.64
111,112,1.00
112,111,1.00
111,113,0.71
113,111,0.71
112,113,1.00
113,112,1.00
112,114,0.74
114,112,0.74
112,120,0.59
120,112,0.59
112,122,0.59
122,112,0.59
113,114,1.00
114,113,1.00
113,115,0.76
115,113,0.76
113,120,0.65
120,113,0.65
113,121,0.61
121,113,0.61
113,122,0.70
122,113,0.70
113,123,0.66
123,113,0.66
113,124,0.59
124,113,0.59
114,115,1.00
115,114,1.00
114,117,0.65
117,114,0.65
114,118,0.61
118,114,0.61
114,120,0.83
120,114,0.83
114,121,0.70
121,114,0.70
114,122,0.75
122,114,0.75
114,123,0.77
123,114,0.77
114,124,0.63
124,114,0.63
115,117,0.72
117,115,0.72
115,118,0.59
118,115,0.59
115,120,0.63
120,115,0.63
115,122,0.62
122,115,0.62
115,123,0.75
123,115,0.75
115,124,0.70
124,115,0.70
115,125,0.68
125,115,0.68
116,119,0.75
119,116,0.75
117,118,1.00
118,117,1.00
117,120,0.66
120,117,0.66
117,121,0.62
121,117,0.62
117,122,0.62
122,117,0.62
117,123,0.79
123,117,0.79
117,124,0.67
124,117,0.67
117,125,0.67
125,117,0.67
118,120,0.77
120,118,0.77
118,121,0.69
121,118,0.69
118,122,0.61
122,118,0.61
118,123,0.67
123,118,0.67
120,121,1.00
121,120,1.00
120,122,0.77
122,120,0.77
120,123,0.69
123,120,0.69
121,122,1.00
122,121,1.00
121,123,0.77
123,121,0.77
122,123,1.00
123,122,1.00
122,124,0.73
124,122,0.73
123,124,1.00
124,123,1.00
123,125,0.75
125,123,0.75
123,126,0.57
126,123,0.57
124,125,1.00
125,124,1.00
124,126,0.77
126,124,0.77
124,127,0.57
127,124,0.57
125,126,1.00
126,125,1.00
125,127,0.74
127,125,0.74
125,128,0.57
128,125,0.57
126,127,1.00
127,126,1.00
126,128,0.77
128,126,0.77
126,129,0.60
129,126,0.60
127,128,1.00
128,127,1.00
127,129,0.77
129,127,0.77
127,130,0.59
130,127,0.59
128,129,1.00
129,128,1.00
128,130,0.77
130,128,0.77
128,131,0.60
131,128,0.60
128,132,0.61
132,128,0.61
129,130,1.00
130,129,1.00
129,131,0.81
131,129,0.81
129,132,0.85
132,129,0.85
130,131,1.00
131,130,1.00
130,132,0.81
132,130,0.81
131,132,1.00
132,131,1.00
133,134,1.00
134,133,1.00
133,135,0.74
135,133,0.74
133,136,0.62
136,133,0.62
134,135,1.00
135,134,1.00
134,136,0.77
136,134,0.77
134,137,0.65
137,134,0.65
135,136,1.00
136,135,1.00
135,137,0.77
137,135,0.77
135,138,0.58
138,135,0.58
135,142,0.60
142,135,0.60
135,143,0.58
143,135,0.58
136,137,1.00
137,136,1.00
136,138,0.75
138,136,0.75
136,141,0.59
141,136,0.59
136,142,0.63
142,136,0.63
136,143,0.58
143,136,0.58
137,138,1.00
138,137,1.00
137,139,0.73
139,137,0.73
137,140,0.61
140,137,0.61
137,141,0.70
141,137,0.70
137,142,0.71
142,137,0.71
137,143,0.57
143,137,0.57
138,139,1.00
139,138,1.00
138,140,0.78
140,138,0.78
138,141,0.86
141,138,0.86
138,142,0.71
142,138,0.71
138,163,0.58
163,138,0.58
138,165,0.58
165,138,0.58
138,166,0.66
166,138,0.66
138,167,0.58
167,138,0.58
139,140,1.00
140,139,1.00
139,141,0.83
141,139,0.83
139,142,0.64
142,139,0.64
139,162,0.63
162,139,0.63
139,163,0.72
163,139,0.72
139,164,0.64
164,139,0.64
139,165,0.65
165,139,0.65
139,166,0.76
166,139,0.76
139,167,0.60
167,139,0.60
140,141,1.00
141,140,1.00
140,142,0.72
142,140,0.72
140,161,0.63
161,140,0.63
140,162,0.89
162,140,0.89
140,163,1.00
163,140,1.00
140,164,0.80
164,140,0.80
140,165,0.69
165,140,0.69
140,166,0.69
166,140,0.69
141,142,1.00
142,141,1.00
141,143,0.75
143,141,0.75
141,162,0.72
162,141,0.72
141,163,0.73
163,141,0.73
141,164,0.69
164,141,0.69
141,165,0.63
165,141,0.63
141,166,0.60
166,141,0.60
142,143,1.00
143,142,1.00
142,144,0.74
144,142,0.74
142,162,0.62
162,142,0.62
143,144,1.00
144,143,1.00
143,145,0.72
145,143,0.72
144,145,1.00
145,144,1.00
144,146,0.74
146,144,0.74
145,146,1.00
146,145,1.00
147,148,1.00
148,147,1.00
147,149,0.72
149,147,0.72
147,150,0.58
150,147,0.58
148,149,1.00
149,148,1.00
148,150,0.78
150,148,0.78
148,151,0.75
151,148,0.75
149,150,1.00
150,149,1.00
149,151,0.79
151,149,0.79
149,152,0.59
152,149,0.59
150,151,1.00
151,150,1.00
150,152,0.77
152,150,0.77
151,152,1.00
152,151,1.00
151,153,0.70
153,151,0.70
152,153,1.00
153,152,1.00
154,155,1.00
155,154,1.00
154,156,0.90
156,154,0.90
154,157,0.63
157,154,0.63
155,156,1.00
156,155,1.00
155,157,0.73
157,155,0.73
156,157,1.00
157,156,1.00
156,158,0.72
158,156,0.72
157,158,1.00
158,157,1.00
157,159,0.73
159,157,0.73
158,159,1.00
159,158,1.00
158,160,0.76
160,158,0.76
158,161,0.59
161,158,0.59
159,160,1.00
160,159,1.00
159,161,0.79
161,159,0.79
159,162,0.70
162,159,0.70
160,161,1.00
161,160,1.00
160,162,0.73
162,160,0.73
161,162,1.00
162,161,1.00
161,163,0.74
163,161,0.74
161,164,0.58
164,161,0.58
162,163,1.00
163,162,1.00
162,164,0.73
164,162,0.73
163,164,1.00
164,163,1.00
163,165,0.74
165,163,0.74
163,166,0.67
166,163,0.67
164,165,1.00
165,164,1.00
164,166,0.75
166,164,0.75
165,166,1.00
166,165,1.00
165,167,0.75
167,165,0.75
165,168,0.64
168,165,0.64
166,167,1.00
167,166,1.00
166,168,0.73
168,166,0.73
167,168,1.00
168,167,1.00
