1,2,1.00
2,1,1.00
1,3,0.74
3,1,0.74
2,3,1.00
3,2,1.00
2,4,0.76
4,2,0.76
3,4,1.00
4,3,1.00
3,5,0.71
5,3,0.71
3,6,0.59
6,3,0.59
4,5,1.00
5,4,1.00
4,6,0.82
6,4,0.82
4,7,0.62
7,4,0.62
5,6,1.00
6,5,1.00
5,7,0.80
7,5,0.80
5,8,0.58
8,5,0.58
5,10,0.57
10,5,0.57
6,7,1.00
7,6,1.00
6,8,0.73
8,6,0.73
6,9,0.58
9,6,0.58
6,10,0.60
10,6,0.60
7,8,1.00
8,7,1.00
7,9,0.78
9,7,0.78
7,10,0.79
10,7,0.79
7,11,0.59
11,7,0.59
8,9,1.00
9,8,1.00
8,10,0.78
10,8,0.78
8,11,0.58
11,8,0.58
9,10,1.00
10,9,1.00
9,11,0.74
11,9,0.74
9,12,0.61
12,9,0.61
10,11,1.00
11,10,1.00
10,12,0.75
12,10,0.75
10,13,0.58
13,10,0.58
11,12,1.00
12,11,1.00
11,13,0.78
13,11,0.78
11,14,0.65
14,11,0.65
12,13,1.00
13,12,1.00
12,14,0.82
14,12,0.82
12,15,0.62
15,12,0.62
13,14,1.00
14,13,1.00
13,15,0.83
15,13,0.83
13,16,0.61
16,13,0.61
14,15,1.00
15,14,1.00
14,16,0.72
16,14,0.72
15,16,1.00
16,15,1.00
15,17,0.77
17,15,0.77
15,18,0.76
18,15,0.76
15,19,0.74
19,15,0.74
15,20,0.65
20,15,0.65
16,17,1.00
17,16,1.00
16,18,0.81
18,16,0.81
16,19,0.80
19,16,0.80
16,20,0.82
20,16,0.82
17,18,1.00
18,17,1.00
17,19,0.81
19,17,0.81
17,20,0.87
20,17,0.87
18,19,1.00
19,18,1.00
18,20,0.83
20,18,0.83
19,20,1.00
20,19,1.00
21,22,1.00
22,21,1.00
21,23,0.79
23,21,0.79
21,24,0.59
24,21,0.59
21,54,0.61
54,21,0.61
21,55,0.57
55,21,0.57
22,23,1.00
23,22,1.00
22,24,0.77
24,22,0.77
22,25,0.58
25,22,0.58
22,54,0.71
54,22,0.71
22,55,0.71
55,22,0.71
22,56,0.60
56,22,0.60
22,57,0.61
57,22,0.61
23,24,1.00
24,23,1.00
23,25,0.73
25,23,0.73
23,26,0.60
26,23,0.60
23,53,0.57
53,23,0.57
23,54,0.66
54,23,0.66
23,55,0.62
55,23,0.62
24,25,1.00
25,24,1.00
24,26,0.74
26,24,0.74
24,27,0.57
27,24,0.57
24,53,0.65
53,24,0.65
24,54,0.69
54,24,0.69
24,55,0.67
55,24,0.67
24,60,0.58
60,24,0.58
25,26,1.00
26,25,1.00
25,27,0.76
27,25,0.76
25,28,0.60
28,25,0.60
26,27,1.00
27,26,1.00
26,28,0.81
28,26,0.81
26,29,0.66
29,26,0.66
26,35,0.63
35,26,0.63
26,36,0.69
36,26,0.69
26,37,0.60
37,26,0.60
27,28,1.00
28,27,1.00
27,29,0.74
29,27,0.74
27,35,0.64
35,27,0.64
27,36,0.61
36,27,0.61
28,29,1.00
29,28,1.00
28,30,0.72
30,28,0.72
28,33,0.57
33,28,0.57
28,34,0.75
34,28,0.75
28,35,0.88
35,28,0.88
28,36,0.74
36,28,0.74
28,37,0.65
37,28,0.65
29,30,1.00
30,29,1.00
29,31,0.72
31,29,0.72
29,32,0.58
32,29,0.58
29,33,0.62
33,29,0.62
29,34,0.73
34,29,0.73
29,35,1.00
35,29,1.00
29,36,0.75
36,29,0.75
29,37,0.60
37,29,0.60
30,31,1.00
31,30,1.00
30,32,0.72
32,30,0.72
30,33,0.69
33,30,0.69
30,34,0.70
34,30,0.70
30,35,0.94
35,30,0.94
30,36,0.67
36,30,0.67
31,32,1.00
32,31,1.00
31,33,0.80
33,31,0.80
31,34,0.68
34,31,0.68
31,35,0.82
35,31,0.82
31,36,0.65
36,31,0.65
31,38,0.60
38,31,0.60
31,39,0.69
39,31,0.69
31,40,0.62
40,31,0.62
32,33,1.00
33,32,1.00
32,34,0.71
34,32,0.71
32,35,0.72
35,32,0.72
32,36,0.63
36,32,0.63
32,37,0.59
37,32,0.59
32,38,0.71
38,32,0.71
32,39,0.90
39,32,0.90
32,40,0.71
40,32,0.71
32,41,0.63
41,32,0.63
33,34,1.00
34,33,1.00
33,35,0.85
35,33,0.85
33,36,0.78
36,33,0.78
33,37,0.80
37,33,0.80
33,38,0.99
38,33,0.99
33,39,0.98
39,33,0.98
33,40,0.69
40,33,0.69
34,35,1.00
35,34,1.00
34,36,0.89
36,34,0.89
34,37,0.98
37,34,0.98
34,38,0.87
38,34,0.87
34,39,0.71
39,34,0.71
35,36,1.00
36,35,1.00
35,37,0.80
37,35,0.80
35,38,0.71
38,35,0.71
35,39,0.67
39,35,0.67
35,40,0.58
40,35,0.58
36,37,1.00
37,36,1.00
36,38,0.82
38,36,0.82
36,39,0.72
39,36,0.72
36,40,0.65
40,36,0.65
37,38,1.00
38,37,1.00
37,39,0.72
39,37,0.72
37,40,0.60
40,37,0.60
38,39,1.00
39,38,1.00
38,40,0.74
40,38,0.74
38,161,0.59
161,38,0.59
39,40,1.00
40,39,1.00
39,41,0.73
41,39,0.73
39,42,0.58
42,39,0.58
39,161,0.58
161,39,0.58
40,41,1.00
41,40,1.00
40,42,0.72
42,40,0.72
40,43,0.59
43,40,0.59
40,44,0.67
44,40,0.67
40,45,0.61
45,40,0.61
40,46,0.63
46,40,0.63
40,47,0.65
47,40,0.65
41,42,1.00
42,41,1.00
41,43,0.74
43,41,0.74
41,44,0.76
44,41,0.76
41,45,0.65
45,41,0.65
41,46,0.59
46,41,0.59
42,43,1.00
43,42,1.00
42,44,0.83
44,42,0.83
42,45,0.63
45,42,0.63
43,44,1.00
44,43,1.00
43,45,0.72
45,43,0.72
43,46,0.58
46,43,0.58
44,45,1.00
45,44,1.00
44,46,0.80
46,44,0.80
44,47,0.62
47,44,0.62
45,46,1.00
46,45,1.00
45,47,0.74
47,45,0.74
45,48,0.57
48,45,0.57
46,47,1.00
47,46,1.00
46,48,0.78
48,46,0.78
46,49,0.66
49,46,0.66
47,48,1.00
48,47,1.00
47,49,0.74
49,47,0.74
47,50,0.59
50,47,0.59
48,49,1.00
49,48,1.00
48,50,0.82
50,48,0.82
48,51,0.69
51,48,0.69
48,160,0.60
160,48,0.60
49,50,1.00
50,49,1.00
49,51,0.83
51,49,0.83
49,52,0.61
52,49,0.61
49,158,0.62
158,49,0.62
49,159,0.68
159,49,0.68
49,160,0.82
160,49,0.82
49,161,0.63
161,49,0.63
50,51,1.00
51,50,1.00
50,52,0.76
52,50,0.76
50,53,0.58
53,50,0.58
50,158,0.68
158,50,0.68
50,159,0.65
159,50,0.65
50,160,0.68
160,50,0.68
51,52,1.00
52,51,1.00
51,53,0.74
53,51,0.74
51,54,0.63
54,51,0.63
51,158,0.66
158,51,0.66
51,159,0.60
159,51,0.60
51,160,0.65
160,51,0.65
52,53,1.00
53,52,1.00
52,54,0.83
54,52,0.83
52,55,0.61
55,52,0.61
53,54,1.00
54,53,1.00
53,55,0.75
55,53,0.75
53,56,0.59
56,53,0.59
54,55,1.00
55,54,1.00
54,56,0.76
56,54,0.76
54,57,0.61
57,54,0.61
55,56,1.00
56,55,1.00
55,57,0.81
57,55,0.81
55,58,0.73
58,55,0.73
55,59,0.73
59,55,0.73
55,60,0.64
60,55,0.64
56,57,1.00
57,56,1.00
56,58,0.81
58,56,0.81
56,59,0.68
59,56,0.68
57,58,1.00
58,57,1.00
57,59,0.72
59,57,0.72
57,60,0.57
60,57,0.57
58,59,1.00
59,58,1.00
58,60,0.70
60,58,0.70
58,61,0.69
61,58,0.69
58,63,0.59
63,58,0.59
59,60,1.00
60,59,1.00
59,61,0.84
61,59,0.84
59,62,0.69
62,59,0.69
59,63,0.65
63,59,0.65
60,61,1.00
61,60,1.00
60,62,0.80
62,60,0.80
60,63,0.65
63,60,0.65
61,62,1.00
62,61,1.00
61,63,0.80
63,61,0.80
61,64,0.58
64,61,0.58
62,63,1.00
63,62,1.00
62,64,0.75
64,62,0.75
62,65,0.66
65,62,0.66
63,64,1.00
64,63,1.00
63,65,0.76
65,63,0.76
63,66,0.62
66,63,0.62
64,65,1.00
65,64,1.00
64,66,0.83
66,64,0.83
64,67,0.70
67,64,0.70
65,66,1.00
66,65,1.00
65,67,0.74
67,65,0.74
65,68,0.63
68,65,0.63
66,67,1.00
67,66,1.00
66,68,0.76
68,66,0.76
67,68,1.00
68,67,1.00
67,69,0.74
69,67,0.74
67,70,0.59
70,67,0.59
68,69,1.00
69,68,1.00
68,70,0.75
70,68,0.75
68,71,0.58
71,68,0.58
69,70,1.00
70,69,1.00
69,71,0.78
71,69,0.78
69,72,0.65
72,69,0.65
70,71,1.00
71,70,1.00
70,72,0.70
72,70,0.70
71,72,1.00
72,71,1.00
71,73,0.74
73,71,0.74
71,74,0.63
74,71,0.63
72,73,1.00
73,72,1.00
72,74,0.74
74,72,0.74
73,74,1.00
74,73,1.00
73,75,0.72
75,73,0.72
73,76,0.57
76,73,0.57
74,75,1.00
75,74,1.00
74,76,0.79
76,74,0.79
74,77,0.59
77,74,0.59
75,76,1.00
76,75,1.00
75,77,0.77
77,75,0.77
75,78,0.62
78,75,0.62
75,86,0.60
86,75,0.60
76,77,1.00
77,76,1.00
76,78,0.86
78,76,0.86
76,84,0.60
84,76,0.60
76,85,0.61
85,76,0.61
76,86,0.73
86,76,0.73
76,87,0.64
87,76,0.64
77,78,1.00
78,77,1.00
77,86,0.60
86,77,0.60
77,87,0.58
87,77,0.58
78,84,0.70
84,78,0.70
78,85,0.71
85,78,0.71
78,86,0.70
86,78,0.70
78,87,0.67
87,78,0.67
79,80,1.00
80,79,1.00
79,81,0.72
81,79,0.72
79,82,0.58
82,79,0.58
80,81,1.00
81,80,1.00
80,82,0.79
82,80,0.79
81,82,1.00
82,81,1.00
83,84,1.00
84,83,1.00
83,85,0.72
85,83,0.72
83,86,0.62
86,83,0.62
84,85,1.00
85,84,1.00
84,86,0.79
86,84,0.79
84,87,0.62
87,84,0.62
85,86,1.00
86,85,1.00
85,87,0.86
87,85,0.86
86,87,1.00
87,86,1.00
88,89,1.00
89,88,1.00
88,90,0.73
90,88,0.73
89,90,1.00
90,89,1.00
89,91,0.72
91,89,0.72
90,91,1.00
91,90,1.00
90,92,0.71
92,90,0.71
91,92,1.00
92,91,1.00
91,93,0.72
93,91,0.72
92,93,1.00
93,92,1.00
92,94,0.72
94,92,0.72
93,94,1.00
94,93,1.00
93,95,0.76
95,93,0.76
93,96,0.58
96,93,0.58
94,95,1.00
95,94,1.00
94,96,0.78
96,94,0.78
94,97,0.61
97,94,0.61
94,98,0.63
98,94,0.63
95,96,1.00
96,95,1.00
95,97,0.84
97,95,0.84
95,98,0.88
98,95,0.88
95,99,0.62
99,95,0.62
95,100,0.59
100,95,0.59
96,97,1.00
97,96,1.00
96,98,0.81
98,96,0.81
96,99,0.63
99,96,0.63
96,100,0.61
100,96,0.61
97,98,1.00
98,97,1.00
97,99,0.85
99,97,0.85
97,100,0.86
100,97,0.86
97,101,0.64
101,97,0.64
97,103,0.64
103,97,0.64
98,99,1.00
99,98,1.00
98,100,0.81
100,98,0.81
98,101,0.60
101,98,0.60
99,100,1.00
100,99,1.00
99,101,0.78
101,99,0.78
99,103,0.58
103,99,0.58
100,101,1.00
101,100,1.00
100,103,0.73
103,100,0.73
100,111,0.60
111,100,0.60
101,103,0.80
103,101,0.80
101,110,0.60
110,101,0.60
101,111,0.79
111,101,0.79
101,112,0.63
112,101,0.63
102,104,0.74
104,102,0.74
102,105,0.60
105,102,0.60
103,106,0.70
106,103,0.70
103,107,0.70
107,103,0.70
103,108,0.72
108,103,0.72
103,109,0.59
109,103,0.59
103,110,0.58
110,103,0.58
103,111,0.71
111,103,0.71
103,112,0.65
112,103,0.65
103,113,0.67
113,103,0.67
104,105,1.00
105,104,1.00
105,115,0.61
115,105,0.61
106,107,1.00
107,106,1.00
106,108,0.76
108,106,0.76
106,112,0.58
112,106,0.58
106,113,0.75
113,106,0.75
106,123,0.60
123,106,0.60
106,124,0.75
124,106,0.75
106,125,0.66
125,106,0.66
106,126,0.65
126,106,0.65
107,108,1.00
108,107,1.00
107,109,0.75
109,107,0.75
107,110,0.59
110,107,0.59
107,111,0.60
111,107,0.60
107,112,0.65
112,107,0.65
107,113,0.78
113,107,0.78
107,123,0.61
123,107,0.61
107,124,0.80
124,107,0.80
107,125,0.67
125,107,0.67
107,126,0.63
126,107,0.63
108,109,1.00
109,108,1.00
108,110,0.77
110,108,0.77
108,111,0.80
111,108,0.80
108,112,0.92
112,108,0.92
108,113,0.99
113,108,0.99
108,122,0.62
122,108,0.62
108,123,0.61
123,108,0.61
108,124,0.72
124,108,0.72
109,110,1.00
110,109,1.00
109,111,0.81
111,109,0.81
109,112,0.81
112,109,0.81
109,113,0.71
113,109,0.71
109,122,0.59
122,109,0.59
109,124,0.60
124,109,0.60
110,111,1.00
111,110,1.00
110,112,0.80
112,110,0.80
110,113,0.62
113,110,0.62
111,112,1.00
112,111,1.00
111,113,0.73
113,111,0.73
112,113,1.00
113,112,1.00
112,122,0.61
122,112,0.61
113,121,0.58
121,113,0.58
113,122,0.68
122,113,0.68
113,123,0.70
123,113,0.70
113,124,0.72
124,113,0.72
114,115,1.00
115,114,1.00
114,116,0.81
116,114,0.81
114,117,0.68
117,114,0.68
114,118,0.61
118,114,0.61
114,119,0.65
119,114,0.65
114,120,0.75
120,114,0.75
115,116,1.00
116,115,1.00
115,117,0.71
117,115,0.71
115,118,0.60
118,115,0.60
115,119,0.59
119,115,0.59
115,120,0.62
120,115,0.62
116,117,1.00
117,116,1.00
116,118,0.79
118,116,0.79
116,119,0.70
119,116,0.70
116,120,0.64
120,116,0.64
117,118,1.00
118,117,1.00
117,119,0.75
119,117,0.75
117,120,0.63
120,117,0.63
118,119,1.00
119,118,1.00
118,120,0.71
120,118,0.71
119,120,1.00
120,119,1.00
121,122,1.00
122,121,1.00
121,123,0.78
123,121,0.78
121,124,0.58
124,121,0.58
122,123,1.00
123,122,1.00
122,124,0.77
124,122,0.77
122,125,0.60
125,122,0.60
123,124,1.00
124,123,1.00
123,125,0.75
125,123,0.75
124,125,1.00
125,124,1.00
124,126,0.73
126,124,0.73
125,126,1.00
126,125,1.00
125,127,0.76
127,125,0.76
125,128,0.57
128,125,0.57
126,127,1.00
127,126,1.00
126,128,0.75
128,126,0.75
127,128,1.00
128,127,1.00
127,129,0.71
129,127,0.71
128,129,1.00
129,128,1.00
128,130,0.77
130,128,0.77
128,131,0.62
131,128,0.62
128,132,0.63
132,128,0.63
129,130,1.00
130,129,1.00
129,131,0.81
131,129,0.81
129,132,0.74
132,129,0.74
130,131,1.00
131,130,1.00
130,132,0.80
132,130,0.80
130,133,0.60
133,130,0.60
131,132,1.00
132,131,1.00
131,133,0.77
133,131,0.77
132,133,1.00
133,132,1.00
134,135,1.00
135,134,1.00
134,136,0.75
136,134,0.75
134,137,0.58
137,134,0.58
135,136,1.00
136,135,1.00
135,137,0.75
137,135,0.75
135,138,0.60
138,135,0.60
135,142,0.57
142,135,0.57
136,137,1.00
137,136,1.00
136,138,0.78
138,136,0.78
136,139,0.58
139,136,0.58
136,142,0.57
142,136,0.57
137,138,1.00
138,137,1.00
137,139,0.76
139,137,0.76
137,140,0.61
140,137,0.61
137,141,0.64
141,137,0.64
137,142,0.61
142,137,0.61
138,139,1.00
139,138,1.00
138,140,0.78
140,138,0.78
138,141,0.80
141,138,0.80
138,142,0.66
142,138,0.66
138,163,0.58
163,138,0.58
138,164,0.61
164,138,0.61
138,165,0.62
165,138,0.62
138,166,0.71
166,138,0.71
139,140,1.00
140,139,1.00
139,141,0.80
141,139,0.80
139,142,0.62
142,139,0.62
139,162,0.62
162,139,0.62
139,163,0.74
163,139,0.74
139,164,0.72
164,139,0.72
139,165,0.70
165,139,0.70
139,166,0.77
166,139,0.77
139,167,0.57
167,139,0.57
140,141,1.00
141,140,1.00
140,142,0.71
142,140,0.71
140,161,0.62
161,140,0.62
140,162,0.85
162,140,0.85
140,163,1.00
163,140,1.00
140,164,0.89
164,140,0.89
140,165,0.71
165,140,0.71
140,166,0.65
166,140,0.65
141,142,1.00
142,141,1.00
141,143,0.71
143,141,0.71
141,144,0.57
144,141,0.57
141,162,0.72
162,141,0.72
141,163,0.72
163,141,0.72
141,164,0.71
164,141,0.71
141,165,0.61
165,141,0.61
142,143,1.00
143,142,1.00
142,144,0.76
144,142,0.76
142,162,0.62
162,142,0.62
143,144,1.00
144,143,1.00
143,145,0.69
145,143,0.69
144,145,1.00
145,144,1.00
144,146,0.72
146,144,0.72
145,146,1.00
146,145,1.00
145,147,0.73
147,145,0.73
146,147,1.00
147,146,1.00
146,148,0.74
148,146,0.74
147,148,1.00
148,147,1.00
148,151,0.66
151,148,0.66
148,152,0.61
152,148,0.61
149,150,1.00
150,149,1.00
150,153,0.60
153,150,0.60
151,152,1.00
152,151,1.00
152,154,0.72
154,152,0.72
152,155,0.65
155,152,0.65
152,156,0.67
156,152,0.67
152,157,0.59
157,152,0.59
154,155,1.00
155,154,1.00
154,156,0.76
156,154,0.76
154,157,0.57
157,154,0.57
155,156,1.00
156,155,1.00
155,157,0.73
157,155,0.73
156,157,1.00
157,156,1.00
156,158,0.74
158,156,0.74
156,159,0.58
159,156,0.58
157,158,1.00
158,157,1.00
157,159,0.78
159,157,0.78
157,160,0.58
160,157,0.58
158,159,1.00
159,158,1.00
158,160,0.75
160,158,0.75
158,161,0.58
161,158,0.58
159,160,1.00
160,159,1.00
159,161,0.74
161,159,0.74
159,162,0.60
162,159,0.60
160,161,1.00
161,160,1.00
160,162,0.71
162,160,0.71
161,162,1.00
162,161,1.00
161,163,0.73
163,161,0.73
162,163,1.00
163,162,1.00
162,164,0.73
164,162,0.73
163,164,1.00
164,163,1.00
163,165,0.71
165,163,0.71
163,166,0.60
166,163,0.60
164,165,1.00
165,164,1.00
164,166,0.73
166,164,0.73
165,166,1.00
166,165,1.00
165,167,0.77
167,165,0.77
165,168,0.66
168,165,0.66
166,167,1.00
167,166,1.00
166,168,0.73
168,166,0.73
167,168,1.00
168,167,1.00
