1,2,1.00
2,1,1.00
1,3,0.81
3,1,0.81
1,4,0.59
4,1,0.59
2,3,1.00
3,2,1.00
2,4,0.76
4,2,0.76
3,4,1.00
4,3,1.00
3,5,0.71
5,3,0.71
4,5,1.00
5,4,1.00
4,6,0.74
6,4,0.74
5,6,1.00
6,5,1.00
5,7,0.73
7,5,0.73
5,8,0.58
8,5,0.58
5,15,0.59
15,5,0.59
5,16,0.62
16,5,0.62
6,7,1.00
7,6,1.00
6,8,0.79
8,6,0.79
6,9,0.64
9,6,0.64
6,10,0.63
10,6,0.63
6,11,0.59
11,6,0.59
6,14,0.59
14,6,0.59
6,15,0.73
15,6,0.73
6,16,0.73
16,6,0.73
6,17,0.70
17,6,0.70
6,18,0.59
18,6,0.59
7,8,1.00
8,7,1.00
7,9,0.79
9,7,0.79
7,10,0.66
10,7,0.66
7,11,0.60
11,7,0.60
7,14,0.58
14,7,0.58
7,15,0.67
15,7,0.67
7,16,0.71
16,7,0.71
7,17,0.84
17,7,0.84
7,18,0.65
18,7,0.65
7,22,0.64
22,7,0.64
7,24,0.61
24,7,0.61
7,41,0.60
41,7,0.60
8,9,1.00
9,8,1.00
8,10,0.81
10,8,0.81
8,11,0.79
11,8,0.79
8,12,0.60
12,8,0.60
8,13,0.58
13,8,0.58
8,14,0.74
14,8,0.74
8,15,0.77
15,8,0.77
8,16,0.72
16,8,0.72
8,17,0.92
17,8,0.92
8,18,0.82
18,8,0.82
8,19,0.61
19,8,0.61
8,20,0.60
20,8,0.60
8,21,0.63
21,8,0.63
8,22,0.76
22,8,0.76
8,23,0.61
23,8,0.61
8,24,0.61
24,8,0.61
8,40,0.63
40,8,0.63
8,41,0.69
41,8,0.69
8,42,0.65
42,8,0.65
8,43,0.60
43,8,0.60
9,10,1.00
10,9,1.00
9,11,0.80
11,9,0.80
9,12,0.59
12,9,0.59
9,14,0.61
14,9,0.61
9,15,0.58
15,9,0.58
9,17,0.64
17,9,0.64
9,18,0.62
18,9,0.62
9,22,0.66
22,9,0.66
9,23,0.60
23,9,0.60
9,24,0.66
24,9,0.66
9,25,0.63
25,9,0.63
9,38,0.60
38,9,0.60
9,39,0.62
39,9,0.62
9,40,0.88
40,9,0.88
9,41,0.85
41,9,0.85
9,42,0.72
42,9,0.72
9,43,0.58
43,9,0.58
10,11,1.00
11,10,1.00
10,12,0.74
12,10,0.74
10,13,0.59
13,10,0.59
10,14,0.63
14,10,0.63
10,15,0.58
15,10,0.58
10,38,0.59
38,10,0.59
10,40,0.71
40,10,0.71
10,41,0.63
41,10,0.63
10,42,0.57
42,10,0.57
11,12,1.00
12,11,1.00
11,13,0.82
13,11,0.82
11,14,0.84
14,11,0.84
11,15,0.68
15,11,0.68
11,17,0.58
17,11,0.58
11,18,0.65
18,11,0.65
11,40,0.58
40,11,0.58
12,13,1.00
13,12,1.00
12,14,0.80
14,12,0.80
12,15,0.65
15,12,0.65
13,14,1.00
14,13,1.00
13,15,0.73
15,13,0.73
13,18,0.65
18,13,0.65
14,15,1.00
15,14,1.00
14,16,0.71
16,14,0.71
14,17,0.70
17,14,0.70
14,18,0.93
18,14,0.93
14,19,0.73
19,14,0.73
14,20,0.58
20,14,0.58
14,21,0.59
21,14,0.59
14,22,0.57
22,14,0.57
15,16,1.00
16,15,1.00
15,17,0.84
17,15,0.84
15,18,0.91
18,15,0.91
15,19,0.79
19,15,0.79
15,20,0.64
20,15,0.64
15,21,0.58
21,15,0.58
16,17,1.00
17,16,1.00
16,18,0.85
18,16,0.85
16,19,0.87
19,16,0.87
16,20,0.79
20,16,0.79
16,21,0.63
21,16,0.63
16,22,0.60
22,16,0.60
17,18,1.00
18,17,1.00
17,19,0.84
19,17,0.84
17,20,0.91
20,17,0.91
17,21,0.80
21,17,0.80
17,22,0.84
22,17,0.84
17,23,0.62
23,17,0.62
17,43,0.60
43,17,0.60
18,19,1.00
19,18,1.00
18,20,0.85
20,18,0.85
18,21,0.87
21,18,0.87
18,22,0.80
22,18,0.80
18,23,0.58
23,18,0.58
18,42,0.60
42,18,0.60
18,43,0.67
43,18,0.67
19,20,1.00
20,19,1.00
19,21,0.83
21,19,0.83
19,22,0.66
22,19,0.66
20,21,1.00
21,20,1.00
20,22,0.77
22,20,0.77
20,23,0.59
23,20,0.59
20,43,0.60
43,20,0.60
21,22,1.00
22,21,1.00
21,23,0.73
23,21,0.73
21,42,0.65
42,21,0.65
21,43,0.84
43,21,0.84
21,44,0.74
44,21,0.74
22,23,1.00
23,22,1.00
22,24,0.76
24,22,0.76
22,25,0.58
25,22,0.58
22,41,0.74
41,22,0.74
22,42,0.83
42,22,0.83
22,43,0.92
43,22,0.92
22,44,0.77
44,22,0.77
22,45,0.60
45,22,0.60
23,24,1.00
24,23,1.00
23,25,0.72
25,23,0.72
23,26,0.61
26,23,0.61
23,40,0.59
40,23,0.59
23,41,0.82
41,23,0.82
23,42,0.86
42,23,0.86
23,43,0.82
43,23,0.82
23,44,0.83
44,23,0.83
23,45,0.70
45,23,0.70
24,25,1.00
25,24,1.00
24,26,0.75
26,24,0.75
24,27,0.58
27,24,0.58
24,39,0.59
39,24,0.59
24,40,0.68
40,24,0.68
24,41,0.93
41,24,0.93
24,42,0.74
42,24,0.74
24,43,0.62
43,24,0.62
24,44,0.60
44,24,0.60
25,26,1.00
26,25,1.00
25,27,0.78
27,25,0.78
25,28,0.57
28,25,0.57
25,38,0.58
38,25,0.58
25,39,0.77
39,25,0.77
25,40,0.81
40,25,0.81
25,41,0.94
41,25,0.94
25,42,0.68
42,25,0.68
26,27,1.00
27,26,1.00
26,28,0.72
28,26,0.72
26,39,0.67
39,26,0.67
26,40,0.62
40,26,0.62
26,41,0.67
41,26,0.67
27,28,1.00
28,27,1.00
27,29,0.73
29,27,0.73
27,30,0.64
30,27,0.64
27,31,0.62
31,27,0.62
27,33,0.57
33,27,0.57
27,39,0.71
39,27,0.71
27,40,0.58
40,27,0.58
28,29,1.00
29,28,1.00
28,30,0.75
30,28,0.75
28,31,0.63
31,28,0.63
28,39,0.59
39,28,0.59
29,30,1.00
30,29,1.00
29,31,0.73
31,29,0.73
29,32,0.60
32,29,0.60
30,31,1.00
31,30,1.00
30,32,0.72
32,30,0.72
30,33,0.61
33,30,0.61
31,32,1.00
32,31,1.00
31,33,0.74
33,31,0.74
31,34,0.61
34,31,0.61
32,33,1.00
33,32,1.00
32,34,0.77
34,32,0.77
32,35,0.60
35,32,0.60
33,34,1.00
34,33,1.00
33,35,0.79
35,33,0.79
33,36,0.63
36,33,0.63
33,37,0.64
37,33,0.64
33,38,0.59
38,33,0.59
33,39,0.59
39,33,0.59
34,35,1.00
35,34,1.00
34,36,0.72
36,34,0.72
34,37,0.64
37,34,0.64
35,36,1.00
36,35,1.00
35,37,0.84
37,35,0.84
35,38,0.63
38,35,0.63
36,37,1.00
37,36,1.00
36,38,0.72
38,36,0.72
36,39,0.57
39,36,0.57
37,38,1.00
38,37,1.00
37,39,0.77
39,37,0.77
37,40,0.61
40,37,0.61
38,39,1.00
39,38,1.00
38,40,0.84
40,38,0.84
38,41,0.60
41,38,0.60
39,40,1.00
40,39,1.00
39,41,0.74
41,39,0.74
39,42,0.58
42,39,0.58
40,41,1.00
41,40,1.00
40,42,0.74
42,40,0.74
41,42,1.00
42,41,1.00
41,43,0.70
43,41,0.70
41,44,0.61
44,41,0.61
41,45,0.60
45,41,0.60
42,43,1.00
43,42,1.00
42,44,0.78
44,42,0.78
42,45,0.73
45,42,0.73
43,44,1.00
44,43,1.00
43,45,0.78
45,43,0.78
43,46,0.61
46,43,0.61
44,45,1.00
45,44,1.00
44,46,0.82
46,44,0.82
44,47,0.62
47,44,0.62
45,46,1.00
46,45,1.00
45,47,0.71
47,45,0.71
45,51,0.60
51,45,0.60
45,52,0.62
52,45,0.62
46,47,1.00
47,46,1.00
46,48,0.71
48,46,0.71
46,49,0.67
49,46,0.67
46,50,0.65
50,46,0.65
46,51,0.64
51,46,0.64
46,52,0.68
52,46,0.68
47,48,1.00
48,47,1.00
47,49,0.80
49,47,0.80
47,50,0.67
50,47,0.67
47,51,0.61
51,47,0.61
47,52,0.69
52,47,0.69
47,73,0.60
73,47,0.60
47,75,0.63
75,47,0.63
48,49,1.00
49,48,1.00
48,50,0.75
50,48,0.75
48,51,0.62
51,48,0.62
48,52,0.70
52,48,0.70
48,72,0.62
72,48,0.62
48,73,0.77
73,48,0.77
48,74,0.66
74,48,0.66
48,75,0.67
75,48,0.67
49,50,1.00
50,49,1.00
49,51,0.83
51,49,0.83
49,52,0.91
52,49,0.91
49,53,0.66
53,49,0.66
49,54,0.57
54,49,0.57
49,73,0.61
73,49,0.61
50,51,1.00
51,50,1.00
50,52,0.82
52,50,0.82
50,53,0.61
53,50,0.61
51,52,1.00
52,51,1.00
51,53,0.77
53,51,0.77
51,54,0.58
54,51,0.58
52,53,1.00
53,52,1.00
52,54,0.75
54,52,0.75
52,55,0.66
55,52,0.66
53,54,1.00
54,53,1.00
53,55,0.79
55,53,0.79
53,56,0.58
56,53,0.58
53,58,0.65
58,53,0.65
53,59,0.59
59,53,0.59
54,55,1.00
55,54,1.00
54,56,0.74
56,54,0.74
54,57,0.74
57,54,0.74
54,58,0.94
58,54,0.94
54,59,0.75
59,54,0.75
54,60,0.60
60,54,0.60
55,56,1.00
56,55,1.00
55,57,0.82
57,55,0.82
55,58,0.84
58,55,0.84
55,59,0.74
59,55,0.74
55,60,0.67
60,55,0.67
55,61,0.62
61,55,0.62
56,57,1.00
57,56,1.00
56,58,0.83
58,56,0.83
56,59,0.84
59,56,0.84
56,60,0.86
60,56,0.86
56,61,0.87
61,56,0.87
56,62,0.71
62,56,0.71
56,63,0.70
63,56,0.70
56,64,0.62
64,56,0.62
57,58,1.00
58,57,1.00
57,59,0.83
59,57,0.83
57,60,0.73
60,57,0.73
57,61,0.83
61,57,0.83
57,62,0.63
62,57,0.63
58,59,1.00
59,58,1.00
58,60,0.71
60,58,0.71
58,61,0.69
61,58,0.69
59,60,1.00
60,59,1.00
59,61,0.82
61,59,0.82
59,62,0.60
62,59,0.60
59,63,0.63
63,59,0.63
60,61,1.00
61,60,1.00
60,62,0.78
62,60,0.78
60,63,0.91
63,60,0.91
60,64,0.67
64,60,0.67
60,70,0.65
70,60,0.65
60,72,0.65
72,60,0.65
61,62,1.00
62,61,1.00
61,63,0.86
63,61,0.86
61,64,0.63
64,61,0.63
62,63,1.00
63,62,1.00
62,64,0.75
64,62,0.75
62,65,0.67
65,62,0.67
62,66,0.73
66,62,0.73
62,67,0.60
67,62,0.60
62,70,0.63
70,62,0.63
63,64,1.00
64,63,1.00
63,65,0.74
65,63,0.74
63,66,0.76
66,63,0.76
63,67,0.71
67,63,0.71
63,68,0.63
68,63,0.63
63,69,0.68
69,63,0.68
63,70,0.89
70,63,0.89
63,71,0.65
71,63,0.65
63,72,0.64
72,63,0.64
64,65,1.00
65,64,1.00
64,66,0.84
66,64,0.84
64,67,0.79
67,64,0.79
64,68,0.82
68,64,0.82
64,69,0.90
69,64,0.90
64,70,0.96
70,64,0.96
64,71,0.66
71,64,0.66
64,72,0.59
72,64,0.59
65,66,1.00
66,65,1.00
65,67,0.80
67,65,0.80
65,68,0.90
68,65,0.90
65,69,0.76
69,65,0.76
65,70,0.71
70,65,0.71
66,67,1.00
67,66,1.00
66,68,0.84
68,66,0.84
66,69,0.67
69,66,0.67
66,70,0.73
70,66,0.73
67,68,1.00
68,67,1.00
67,69,0.80
69,67,0.80
67,70,0.89
70,67,0.89
67,71,0.69
71,67,0.69
68,69,1.00
69,68,1.00
68,70,0.82
70,68,0.82
68,71,0.66
71,68,0.66
69,70,1.00
70,69,1.00
69,71,0.83
71,69,0.83
69,72,0.63
72,69,0.63
70,71,1.00
71,70,1.00
70,72,0.80
72,70,0.80
70,73,0.59
73,70,0.59
71,72,1.00
72,71,1.00
71,73,0.73
73,71,0.73
71,74,0.58
74,71,0.58
72,73,1.00
73,72,1.00
72,74,0.72
74,72,0.72
73,74,1.00
74,73,1.00
73,75,0.75
75,73,0.75
73,76,0.57
76,73,0.57
74,75,1.00
75,74,1.00
74,76,0.76
76,74,0.76
74,77,0.58
77,74,0.58
75,76,1.00
76,75,1.00
75,77,0.77
77,75,0.77
75,78,0.60
78,75,0.60
76,77,1.00
77,76,1.00
76,78,0.76
78,76,0.76
76,79,0.63
79,76,0.63
77,78,1.00
78,77,1.00
77,79,0.71
79,77,0.71
78,79,1.00
79,78,1.00
78,80,0.73
80,78,0.73
78,81,0.58
81,78,0.58
79,80,1.00
80,79,1.00
79,81,0.73
81,79,0.73
79,82,0.59
82,79,0.59
80,81,1.00
81,80,1.00
80,82,0.82
82,80,0.82
80,83,0.61
83,80,0.61
81,82,1.00
82,81,1.00
81,83,0.76
83,81,0.76
81,84,0.59
84,81,0.59
82,83,1.00
83,82,1.00
82,84,0.77
84,82,0.77
82,85,0.68
85,82,0.68
83,84,1.00
84,83,1.00
83,85,0.75
85,83,0.75
83,86,0.60
86,83,0.60
84,85,1.00
85,84,1.00
84,86,0.83
86,84,0.83
84,87,0.62
87,84,0.62
85,86,1.00
86,85,1.00
85,87,0.81
87,85,0.81
85,88,0.61
88,85,0.61
86,87,1.00
87,86,1.00
86,88,0.72
88,86,0.72
87,88,1.00
88,87,1.00
87,89,0.70
89,87,0.70
87,114,0.59
114,87,0.59
88,89,1.00
89,88,1.00
88,90,0.74
90,88,0.74
88,96,0.58
96,88,0.58
88,114,0.66
114,88,0.66
89,90,1.00
90,89,1.00
89,91,0.76
91,89,0.76
89,94,0.60
94,89,0.60
89,95,0.68
95,89,0.68
89,96,0.74
96,89,0.74
89,97,0.59
97,89,0.59
89,114,0.63
114,89,0.63
90,91,1.00
91,90,1.00
90,92,0.75
92,90,0.75
90,93,0.61
93,90,0.61
90,94,0.68
94,90,0.68
90,95,0.69
95,90,0.69
90,96,0.63
96,90,0.63
91,92,1.00
92,91,1.00
91,93,0.78
93,91,0.78
91,94,0.86
94,91,0.86
91,95,0.75
95,91,0.75
91,96,0.63
96,91,0.63
92,93,1.00
93,92,1.00
92,94,0.84
94,92,0.84
92,95,0.65
95,92,0.65
93,94,1.00
94,93,1.00
93,95,0.71
95,93,0.71
94,95,1.00
95,94,1.00
94,96,0.73
96,94,0.73
94,97,0.60
97,94,0.60
95,96,1.00
96,95,1.00
95,97,0.82
97,95,0.82
95,98,0.70
98,95,0.70
96,97,1.00
97,96,1.00
96,98,0.71
98,96,0.71
96,114,0.66
114,96,0.66
96,115,0.60
115,96,0.60
96,116,0.63
116,96,0.63
97,98,1.00
98,97,1.00
97,99,0.75
99,97,0.75
97,100,0.62
100,97,0.62
97,113,0.60
113,97,0.60
97,114,0.67
114,97,0.67
97,115,0.59
115,97,0.59
97,116,0.59
116,97,0.59
98,99,1.00
99,98,1.00
98,100,0.75
100,98,0.75
98,101,0.63
101,98,0.63
99,100,1.00
100,99,1.00
99,101,0.72
101,99,0.72
99,109,0.58
109,99,0.58
100,101,1.00
101,100,1.00
100,102,0.74
102,100,0.74
100,103,0.60
103,100,0.60
100,107,0.57
107,100,0.57
100,108,0.62
108,100,0.62
100,109,0.72
109,100,0.72
100,110,0.63
110,100,0.63
101,102,1.00
102,101,1.00
101,103,0.74
103,101,0.74
101,104,0.58
104,101,0.58
101,107,0.66
107,101,0.66
101,108,0.64
108,101,0.64
101,109,0.67
109,101,0.67
102,103,1.00
103,102,1.00
102,104,0.74
104,102,0.74
102,105,0.61
105,102,0.61
102,106,0.68
106,102,0.68
102,107,0.91
107,102,0.91
102,108,0.80
108,102,0.80
102,109,0.72
109,102,0.72
103,104,1.00
104,103,1.00
103,105,0.74
105,103,0.74
103,106,0.75
106,103,0.75
103,107,0.83
107,103,0.83
103,108,0.83
108,103,0.83
103,109,0.64
109,103,0.64
104,105,1.00
105,104,1.00
104,106,0.82
106,104,0.82
104,107,0.80
107,104,0.80
104,108,0.93
108,104,0.93
104,109,0.65
109,104,0.65
105,106,1.00
106,105,1.00
105,107,0.79
107,105,0.79
105,108,0.86
108,105,0.86
105,109,0.61
109,105,0.61
106,107,1.00
107,106,1.00
106,108,0.81
108,106,0.81
106,109,0.61
109,106,0.61
107,108,1.00
108,107,1.00
107,109,0.80
109,107,0.80
107,110,0.58
110,107,0.58
108,109,1.00
109,108,1.00
108,110,0.74
110,108,0.74
109,110,1.00
110,109,1.00
109,111,0.71
111,109,0.71
109,112,0.60
112,109,0.60
109,113,0.65
113,109,0.65
110,111,1.00
111,110,1.00
110,112,0.74
112,110,0.74
110,113,0.69
113,110,0.69
111,112,1.00
112,111,1.00
111,113,0.78
113,111,0.78
111,132,0.61
132,111,0.61
112,113,1.00
113,112,1.00
112,114,0.71
114,112,0.71
112,115,0.70
115,112,0.70
112,131,0.62
131,112,0.62
112,132,0.81
132,112,0.81
112,133,0.62
133,112,0.62
113,114,1.00
114,113,1.00
113,115,0.82
115,113,0.82
113,116,0.61
116,113,0.61
113,131,0.58
131,113,0.58
113,132,0.65
132,113,0.65
114,115,1.00
115,114,1.00
114,116,0.73
116,114,0.73
114,117,0.58
117,114,0.58
114,131,0.58
131,114,0.58
114,132,0.58
132,114,0.58
115,116,1.00
116,115,1.00
115,117,0.78
117,115,0.78
115,118,0.59
118,115,0.59
115,121,0.67
121,115,0.67
115,122,0.63
122,115,0.63
115,123,0.59
123,115,0.59
115,131,0.72
131,115,0.72
115,132,0.69
132,115,0.69
115,133,0.57
133,115,0.57
116,117,1.00
117,116,1.00
116,118,0.74
118,116,0.74
116,119,0.61
119,116,0.61
116,120,0.62
120,116,0.62
116,121,0.84
121,116,0.84
116,122,0.67
122,116,0.67
116,123,0.60
123,116,0.60
116,131,0.62
131,116,0.62
116,132,0.59
132,116,0.59
116,135,0.58
135,116,0.58
117,118,1.00
118,117,1.00
117,119,0.81
119,117,0.81
117,120,0.77
120,117,0.77
117,121,1.00
121,117,1.00
117,122,0.80
122,117,0.80
117,123,0.78
123,117,0.78
117,124,0.62
124,117,0.62
117,125,0.62
125,117,0.62
117,129,0.68
129,117,0.68
117,130,0.61
130,117,0.61
117,131,0.67
131,117,0.67
117,132,0.57
132,117,0.57
117,135,0.68
135,117,0.68
117,136,0.66
136,117,0.66
117,137,0.59
137,117,0.59
118,119,1.00
119,118,1.00
118,120,0.75
120,118,0.75
118,121,0.78
121,118,0.78
118,122,0.62
122,118,0.62
118,123,0.65
123,118,0.65
118,124,0.58
124,118,0.58
118,125,0.66
125,118,0.66
118,129,0.70
129,118,0.70
118,130,0.60
130,118,0.60
118,131,0.58
131,118,0.58
118,134,0.60
134,118,0.60
118,135,0.82
135,118,0.82
118,136,0.85
136,118,0.85
118,137,0.81
137,118,0.81
119,120,1.00
120,119,1.00
119,121,0.81
121,119,0.81
119,122,0.64
122,119,0.64
119,123,0.65
123,119,0.65
119,124,0.61
124,119,0.61
119,125,0.71
125,119,0.71
119,129,0.59
129,119,0.59
119,135,0.61
135,119,0.61
119,136,0.70
136,119,0.70
119,137,0.80
137,119,0.80
120,121,1.00
121,120,1.00
120,122,0.79
122,120,0.79
120,123,0.70
123,120,0.70
120,124,0.62
124,120,0.62
120,125,0.63
125,120,0.63
120,137,0.58
137,120,0.58
121,122,1.00
122,121,1.00
121,123,0.79
123,121,0.79
121,124,0.61
124,121,0.61
121,125,0.58
125,121,0.58
122,123,1.00
123,122,1.00
122,124,0.71
124,122,0.71
122,125,0.60
125,122,0.60
123,124,1.00
124,123,1.00
123,125,0.77
125,123,0.77
123,126,0.59
126,123,0.59
123,128,0.57
128,123,0.57
123,129,0.68
129,123,0.68
123,130,0.57
130,123,0.57
123,131,0.62
131,123,0.62
124,125,1.00
125,124,1.00
124,126,0.80
126,124,0.80
124,127,0.64
127,124,0.64
124,128,0.66
128,124,0.66
124,129,0.70
129,124,0.70
124,136,0.58
136,124,0.58
125,126,1.00
126,125,1.00
125,127,0.81
127,125,0.81
125,128,0.77
128,125,0.77
125,129,0.76
129,125,0.76
125,136,0.72
136,125,0.72
125,137,0.69
137,125,0.69
126,127,1.00
127,126,1.00
126,128,0.78
128,126,0.78
126,129,0.65
129,126,0.65
126,136,0.61
136,126,0.61
126,137,0.59
137,126,0.59
127,128,1.00
128,127,1.00
127,129,0.71
129,127,0.71
127,136,0.68
136,127,0.68
127,137,0.62
137,127,0.62
128,129,1.00
129,128,1.00
128,130,0.76
130,128,0.76
128,131,0.59
131,128,0.59
128,134,0.67
134,128,0.67
128,135,0.67
135,128,0.67
128,136,0.80
136,128,0.80
128,137,0.62
137,128,0.62
128,148,0.58
148,128,0.58
129,130,1.00
130,129,1.00
129,131,0.79
131,129,0.79
129,132,0.61
132,129,0.61
129,133,0.66
133,129,0.66
129,134,0.81
134,129,0.81
129,135,0.85
135,129,0.85
129,136,0.89
136,129,0.89
129,137,0.65
137,129,0.65
130,131,1.00
131,130,1.00
130,132,0.82
132,130,0.82
130,133,0.90
133,130,0.90
130,134,0.99
134,130,0.99
130,135,0.82
135,130,0.82
130,136,0.70
136,130,0.70
131,132,1.00
132,131,1.00
131,133,0.82
133,131,0.82
131,134,0.73
134,131,0.73
131,135,0.67
135,131,0.67
131,136,0.58
136,131,0.58
132,133,1.00
133,132,1.00
132,134,0.72
134,132,0.72
132,135,0.63
135,132,0.63
133,134,1.00
134,133,1.00
133,135,0.79
135,133,0.79
133,136,0.59
136,133,0.59
133,145,0.70
145,133,0.70
133,146,0.62
146,133,0.62
134,135,1.00
135,134,1.00
134,136,0.75
136,134,0.75
134,145,0.73
145,134,0.73
134,146,0.74
146,134,0.74
134,147,0.66
147,134,0.66
134,148,0.62
148,134,0.62
135,136,1.00
136,135,1.00
135,137,0.73
137,135,0.73
135,143,0.62
143,135,0.62
135,144,0.62
144,135,0.62
135,145,0.71
145,135,0.71
135,146,0.69
146,135,0.69
135,147,0.68
147,135,0.68
135,148,0.72
148,135,0.72
136,137,1.00
137,136,1.00
136,146,0.59
146,136,0.59
136,147,0.66
147,136,0.66
136,148,0.81
148,136,0.81
137,147,0.60
147,137,0.60
137,148,0.81
148,137,0.81
138,139,1.00
139,138,1.00
138,140,0.71
140,138,0.71
138,141,0.70
141,138,0.70
138,142,0.64
142,138,0.64
138,149,0.75
149,138,0.75
139,140,1.00
140,139,1.00
139,141,0.82
141,139,0.82
139,142,0.70
142,139,0.70
139,149,0.69
149,139,0.69
140,141,1.00
141,140,1.00
140,142,0.77
142,140,0.77
140,149,0.68
149,140,0.68
140,150,0.60
150,140,0.60
140,162,0.58
162,140,0.58
140,163,0.68
163,140,0.68
140,164,0.65
164,140,0.65
140,165,0.57
165,140,0.57
141,142,1.00
142,141,1.00
141,149,0.86
149,141,0.86
141,150,0.83
150,141,0.83
141,151,0.69
151,141,0.69
141,163,0.60
163,141,0.60
141,164,0.61
164,141,0.61
142,149,0.72
149,142,0.72
142,150,0.77
150,142,0.77
142,151,0.60
151,142,0.60
143,144,1.00
144,143,1.00
143,145,0.80
145,143,0.80
143,146,0.81
146,143,0.81
143,147,0.82
147,143,0.82
143,148,0.74
148,143,0.74
144,145,1.00
145,144,1.00
144,146,0.79
146,144,0.79
144,147,0.66
147,144,0.66
144,148,0.58
148,144,0.58
145,146,1.00
146,145,1.00
145,147,0.73
147,145,0.73
145,148,0.60
148,145,0.60
146,147,1.00
147,146,1.00
146,148,0.72
148,146,0.72
147,148,1.00
148,147,1.00
149,150,1.00
150,149,1.00
149,151,0.77
151,149,0.77
149,152,0.58
152,149,0.58
150,151,1.00
151,150,1.00
150,152,0.71
152,150,0.71
150,153,0.70
153,150,0.70
151,152,1.00
152,151,1.00
151,153,0.84
153,151,0.84
151,154,0.63
154,151,0.63
151,155,0.64
155,151,0.64
151,156,0.58
156,151,0.58
151,157,0.58
157,151,0.58
151,161,0.58
161,151,0.58
152,153,1.00
153,152,1.00
152,154,0.81
154,152,0.81
152,155,0.90
155,152,0.90
152,156,0.74
156,152,0.74
152,157,0.73
157,152,0.73
152,158,0.62
158,152,0.62
153,154,1.00
154,153,1.00
153,155,0.84
155,153,0.84
153,156,0.65
156,153,0.65
153,157,0.58
157,153,0.58
154,155,1.00
155,154,1.00
154,156,0.77
156,154,0.77
154,157,0.61
157,154,0.61
155,156,1.00
156,155,1.00
155,157,0.84
157,155,0.84
155,158,0.61
158,155,0.61
156,157,1.00
157,156,1.00
156,158,0.70
158,156,0.70
157,158,1.00
158,157,1.00
157,159,0.73
159,157,0.73
157,160,0.60
160,157,0.60
158,159,1.00
159,158,1.00
158,160,0.77
160,158,0.77
158,161,0.64
161,158,0.64
159,160,1.00
160,159,1.00
159,161,0.71
161,159,0.71
160,161,1.00
161,160,1.00
160,162,0.76
162,160,0.76
161,162,1.00
162,161,1.00
161,163,0.71
163,161,0.71
162,163,1.00
163,162,1.00
162,164,0.74
164,162,0.74
163,164,1.00
164,163,1.00
163,165,0.76
165,163,0.76
164,165,1.00
165,164,1.00
164,166,0.71
166,164,0.71
165,166,1.00
166,165,1.00
165,167,0.71
167,165,0.71
166,167,1.00
167,166,1.00
166,168,0.71
168,166,0.71
167,168,1.00
168,167,1.00
