1,GLY,0.784,0.4336283185840708,0.99232,0.6989299999999999,0.3250700000000001,2,0.133333333333333,0,0.0,0.4556,0.0,1.0,0.5062,2.08988658,4.07616384,5.861116340000001,7.3584316099999985,-1.13875096381,-2.20375189275,-0.20028146164,-0.5669163271300001,4.323161491999998,-3.228541456400001,0.6660743319999998,-0.8057065700000002
2,PRO,0.691,0.3098654708520179,1.705,1.24591,0.2930900000000001,2,0.0769230769230769,0,0.0,0.3222,0.3764,0.8594,0.3827,2.64609924,5.15462987,7.39616726,9.25702369,-1.2529469895100005,-2.4398090008750004,-0.19891141451,-0.5659379782489998,7.265249105000008,-7.384910325899998,1.163163618600003,-1.7365293147159997
3,GLY,0.452,0.25,0.94242,0.97311,0.38289,1,0.05,0,0.0,0.4556,0.0,1.0,0.5062,2.36853282,4.619619060000001,6.6425075,8.339391010000002,-1.82457796383,-3.562254812340001,-0.2742973091919999,-0.78184426078,6.405241463999989,-8.075006893989997,0.993104333200002,-1.8327984926
4,GLY,0.496,0.2743362831858407,0.95472,0.83996,0.47204,0,0.0,0,0.0,0.4556,0.0,1.0,0.5062,1.94951495,3.796291949999999,5.44383799,6.8077111,-1.9559303352,-3.80681616,-0.3118028966799999,-0.8863294333500003,7.862302934,-11.8842438848,1.1929449201000004,-2.7102172865799985
5,GLY,0.465,0.2571902654867257,0.8459699999999999,0.8286699999999999,0.5143300000000001,0,0.0,0,0.0,0.4556,0.0,1.0,0.5062,1.66951985,3.2423229300000003,4.628008479999999,5.7483444200000005,-2.05269139674,-3.9861549633999993,-0.34169583421,-0.9698613098500002,8.874822877000012,-12.460972113199997,1.4319760635000005,-3.07643766837
6,PRO,0.985,0.4417040358744394,1.7773599999999998,1.07846,0.1665400000000001,2,0.0769230769230769,0,0.0,0.3222,0.3764,0.8594,0.3827,2.22650208,4.32682502,6.1829601,7.692644949999999,-1.7684241772000002,-3.4398181288,-0.28487556214,-0.8093856163799998,9.26852106599998,-12.965233900999989,1.4820217080999991,-3.161395717959995
7,GLY,0.186,0.1028761061946902,0.65905,1.02546,0.5965400000000001,2,0.08,0,0.0,0.4556,0.0,1.0,0.5062,1.80775705,3.50559073,4.9910235,6.17591201,-1.6184385687999998,-3.1346584319,-0.2815149236399999,-0.79749013663,8.593932888999992,-7.7439993511999985,1.437581213800002,-1.9629598615999992
8,GLY,0.581,0.3213495575221238,0.89753,0.7021700000000001,0.52483,1,0.0416666666666667,0,0.0,0.4556,0.0,1.0,0.5062,2.5064180100000004,4.88006876,6.99603984,8.744603099999999,-1.6484148761700002,-3.20939751005,-0.26156546768,-0.74383887964,5.974409673000006,-5.883927353000001,0.9178751913999996,-1.4131364761900012
9,SER,0.193,0.0886948529411764,1.20036,1.29471,0.6882900000000001,2,0.0540540540540541,0,0.0,0.4111,0.1877,0.8514,0.5309,2.7826847100000003,5.40504676,7.717183370000001,9.58927982,-1.1966923261,-2.323660825580001,-0.1983296433860001,-0.56258941998,4.984406272000003,-4.743415589439998,0.8238901559,-1.2461767566199988
10,HIS,0.593,0.2144665461121157,2.56964,1.5674200000000005,0.6045799999999997,4,0.133333333333333,0,0.0,0.1444,0.561,0.1124,0.679,2.7830256600000003,5.4076910200000015,7.7257913,9.608705049999998,-0.9835087058999998,-1.9166203019,-0.1543950645609999,-0.43968575894,4.675037175999997,-4.4610865780000015,0.7391042965999995,-1.1002517543199986
11,MET,0.408,0.1368209255533199,1.99033,1.62464,0.9493600000000002,3,0.142857142857143,1,0.0476190476190476,0.7111,0.6196,0.0,0.0988,1.80790075,3.50670989,4.994690019999999,6.1842677,-1.3225667753399994,-2.552699353699999,-0.2423484492699999,-0.6846825273200002,6.045446427000012,-5.432835632700003,0.9873122782999992,-1.524899003969999
12,GLY,0.698,0.3860619469026548,0.92915,0.70846,0.4015400000000001,1,0.1,0,0.0,0.4556,0.0,1.0,0.5062,1.25216316,2.4319902300000003,3.47204631,4.31431928,-1.6634050068940005,-3.23587540746,-0.267556083464,-0.760243259178,4.947873262999988,-5.795269983894992,0.7942645010000006,-1.4295822423950009
13,GLY,0.838,0.4634955752212389,1.02278,0.61619,0.35381,2,0.285714285714286,0,0.0,0.4556,0.0,1.0,0.5062,1.11294553,2.16109008,3.08407176,3.83005895,-1.7995224383,-3.4977457867,-0.29382399737,-0.8343097996499997,6.431305851000001,-9.201666496699987,1.1038570225999982,-2.366854580900005
14,ASN,0.649,0.265439672801636,2.0201,1.26184,0.5341599999999997,3,0.2,1,0.0666666666666667,0.1111,0.3976,0.6747,0.8272,1.80929288,3.51760239,5.03049955,6.26618045,-1.7744640200999997,-3.4444549616999995,-0.29442087124,-0.83458596804,5.81648185899999,-8.730090984799986,0.8920180512000012,-2.022581715300001
15,TYR,0.868,0.2546948356807512,3.17649,1.72836,0.8116400000000001,7,0.259259259259259,0,0.0,0.3556,0.8063,0.502,0.1605,2.7846372800000005,5.42027035,7.767042180000002,9.70274788,-1.41446609162,-2.765249853980001,-0.207521715373,-0.5923483839700001,6.762686785999993,-9.869726573049997,1.0147688201000002,-2.1667519171699974
16,GLY,0.033,0.0182522123893805,0.57952,1.03844,0.7365600000000001,5,0.104166666666667,0,0.0,0.4556,0.0,1.0,0.5062,2.5022297900000003,4.84753483,6.889893120000001,8.504265599999998,-1.5476884755,-3.007281863,-0.2543297780499999,-0.7220612211,4.983065003999995,-8.934419320399996,0.8374554926999994,-2.1790393069000014
17,ASP,0.869,0.3241327862737784,2.31745,0.9563,0.8557,1,0.0476190476190476,0,0.0,0.1111,0.3239,0.8675,1.0,1.94867527,3.78968414,5.421979970000001,6.757297539999999,-1.7319284751799997,-3.3654709046699995,-0.285321625066,-0.8103136260300001,7.622573949000007,-10.310500991679996,1.194528013799999,-2.4153533162199987
18,ASP,0.797,0.2972771353972398,2.2234,1.2385500000000005,0.6454499999999994,1,0.0588235294117647,0,0.0,0.1111,0.3239,0.8675,1.0,1.94982078,3.79868349,5.45169394,6.825659899999999,-1.5669497946199995,-3.062140752165001,-0.231946616218,-0.6618860539679998,7.709987789999985,-9.577537849975998,1.128119382900001,-2.0789573328180007
19,ARG,2.348,0.7002684163435728,3.69803,0.90178,0.1032200000000003,1,0.2,0,0.0,0.0,0.7346,0.9398,0.6914,0.97417745,1.89372396,2.70777449,3.37269018,-1.4846478135,-2.874403963000001,-0.25619042418,-0.7244609399499997,9.111659585999988,-12.846824755599997,1.4442409641000036,-3.297122562700002
20,ARG,1.732,0.5165523411869967,3.33781,1.53578,0.0852200000000003,2,0.333333333333333,0,0.0,0.0,0.7346,0.9398,0.6914,0.97528742,1.90229461,2.7355654299999994,3.43509469,-1.0422647322,-2.0345917523,-0.15685159419,-0.4469535677,6.954351122000014,-9.913243034099994,1.080160280499998,-2.258355304999999
21,GLY,0.423,0.2339601769911504,0.70462,0.8391299999999999,0.5458700000000001,0,0.0,0,0.0,0.4556,0.0,1.0,0.5062,0.27707186,0.53122783,0.7415108100000001,0.89070892,-0.00376969998,-0.00717541606,-0.000818120913,-0.00228798831,0.234481617,-0.02152620228,0.046925211,-0.00686395023
22,GLY,0.968,0.5353982300884955,0.93682,0.67079,0.16921,1,0.5,0,0.0,0.4556,0.0,1.0,0.5062,0.4160894499999999,0.80065924,1.12498052,1.3656423,-0.0545829117,-0.107420225,-0.00681995607,-0.0195872585,0.157685384,-0.121792867,0.019702272,-0.0222079996
23,ARG,1.581,0.4715180435430957,3.72465,1.26812,0.5038800000000003,2,0.666666666666667,1,0.333333333333333,0.0,0.7346,0.9398,0.6914,0.41673559,0.8056076299999999,1.1408866400000002,1.40093267,-0.1095456079999999,-0.215210507,-0.0144059039,-0.041316615,0.157593652,-0.274357967,0.020724508,-0.052671882
24,GLY,0.683,0.3777654867256637,0.90608,0.7459399999999999,0.37906,1,0.333333333333333,0,0.0,0.4556,0.0,1.0,0.5062,0.41691484,0.8069901399999999,1.14536185,1.41095491,-0.379660913,-0.737214939,-0.0633556275,-0.1798332614,3.1779505119999976,-6.651132732999998,0.5355894574000003,-1.732285037400001
25,GLY,0.797,0.4408185840707965,0.92228,0.71122,0.2997800000000001,1,0.25,0,0.0,0.4556,0.0,1.0,0.5062,0.55511651,1.07004078,1.50786642,1.83796742,-0.475384967,-0.917388962,-0.0868057464,-0.2450506023,3.448342047999997,-6.179304892000001,0.6136327324000012,-1.7324629166999996
26,TYR,0.926,0.2717136150234742,3.34861,1.87122,0.6107799999999997,4,0.571428571428571,0,0.0,0.3556,0.8063,0.502,0.1605,1.1131145100000002,2.16240895,3.08839621,3.839916229999999,-1.1513897289,-2.2519715178,-0.1661826938999999,-0.4742564219,5.820808223999994,-8.785872620500001,0.853622058600001,-1.9906849717000008
27,ASP,1.33,0.4960835509138381,2.49384,0.8832000000000001,0.4677999999999999,1,0.25,0,0.0,0.1111,0.3239,0.8675,1.0,1.11324031,2.16339515,3.0916460300000006,3.84737292,-1.5184156515600002,-2.9681276346,-0.2229273348799999,-0.6361345025899998,4.166321006000001,-7.562054250779999,0.6330076914000005,-1.6213227622399995
28,ARG,2.123,0.633164330450343,3.92233,1.0736,0.1563999999999998,1,0.142857142857143,0,0.0,0.0,0.7346,0.9398,0.6914,1.11277084,2.15971519,3.0795245,3.81957383,-2.0385448853,-3.974363266,-0.3164424884,-0.9012186921,3.931903503999994,-8.748621124999998,0.5925213131999997,-1.9532353531
29,GLY,0.623,0.3445796460176991,0.9696,0.8309200000000001,0.3540799999999999,1,0.142857142857143,0,0.0,0.4556,0.0,1.0,0.5062,0.8337938,1.6137129300000002,2.28989277,2.82015654,-1.5876608666000005,-3.0848148784,-0.25947155461,-0.7361652799999999,3.5274088829999983,-4.850901805200001,0.6181369296000006,-1.2949578068999992
30,GLY,0.439,0.2428097345132743,0.90522,0.8453600000000001,0.5236399999999999,2,0.181818181818182,1,0.0909090909090909,0.4556,0.0,1.0,0.5062,1.5315408100000003,2.98112134,4.271946160000001,5.337168009999999,-1.6963780728,-3.3144330675000004,-0.25137119156,-0.7170107420099999,3.0720748670000027,-3.253649686399999,0.4135042794999995,-0.6278635000000001
31,TYR,2.077,0.6094483568075117,4.02917,1.06158,0.26942,2,0.125,3,0.1875,0.3556,0.8063,0.502,0.1605,1.39103832,2.70017861,3.85099266,4.777581820000001,-1.3186831773,-2.559112546,-0.22024719013,-0.6243338499000001,2.9847050910000004,-5.492398825000001,0.4771609749999999,-1.3614496109999996
32,ARG,1.816,0.5416045332538025,3.47492,1.27054,0.2664600000000001,0,0.0,2,0.0952380952380952,0.0,0.7346,0.9398,0.6914,1.6686442599999998,3.23555399,4.60603662,5.698940950000001,-0.6751761106999999,-1.3114799524,-0.11184151859,-0.3174965574,4.704380250000002,-9.868788604,0.8210877874999991,-2.429213693499998
33,GLY,0.08,0.0442477876106194,0.63256,1.0821900000000002,0.6458099999999998,0,0.0,2,0.0833333333333333,0.4556,0.0,1.0,0.5062,1.5266238,2.94292105,4.147285419999999,5.05481568,-0.5429799947,-1.053676538,-0.09095018334,-0.2578500331,7.491433890999995,-14.527763344999975,1.2777757868999935,-3.653571022999994
34,ARG,1.704,0.5082016104980613,3.73427,1.33293,0.3160700000000003,0,0.0,3,0.176470588235294,0.0,0.7346,0.9398,0.6914,1.3894671800000002,2.6879541600000003,3.81104093,4.68691521,-0.3762301456999999,-0.7335234199999999,-0.05847597053,-0.1665693372699999,7.152542940000003,-10.37678790209998,1.1093874606000025,-2.3599607215099923
35,GLY,0.948,0.5243362831858407,1.01159,0.61329,0.2467100000000001,0,0.0,1,0.142857142857143,0.4556,0.0,1.0,0.5062,0.83344298,1.61098102,2.28095502,2.79984493,-0.7560397569999999,-1.4646365810000002,-0.1297664396,-0.3672934713,4.986562583999997,-10.060869033999976,0.8026081976000002,-2.429192235700002
36,GLY,0.985,0.5448008849557522,0.98779,0.6684399999999999,0.1545600000000001,0,0.0,1,0.166666666666667,0.4556,0.0,1.0,0.5062,0.69407722,1.33891604,1.8891312,2.3067172300000003,-0.6854671816000001,-1.3287349584,-0.11750264707,-0.3330217391,4.195477970999999,-7.425263694899989,0.7300958975000003,-1.8644364378
37,ASP,1.02,0.3804550540842969,2.21388,1.1525,0.5085,0,0.0,2,0.166666666666667,0.1111,0.3239,0.8675,1.0,1.11032407,2.1406918800000003,3.01739988,3.67873033,-0.661928034,-1.284110617,-0.1118717643,-0.3172282360999999,5.924985626000011,-12.305469303000011,0.9944789871999992,-2.9855531469999934
38,ARG,2.555,0.7620041753653445,3.89392,0.8552799999999999,-0.0572799999999998,0,0.0,1,0.0769230769230769,0.0,0.7346,0.9398,0.6914,1.25049605,2.41900859,3.4295799600000003,4.21781843,-0.507995565,-0.987467685,-0.0827005652,-0.23480984,6.046950560999988,-12.142142220999997,0.9762494692000012,-2.816369019999998
39,GLY,0.436,0.2411504424778761,0.8731,0.8209,0.5511000000000001,0,0.0,1,0.0769230769230769,0.4556,0.0,1.0,0.5062,1.1113077000000002,2.14830438,3.04213777,3.7344379,-0.8735072292999999,-1.690546695,-0.1533580075699999,-0.4340517178,6.5138946340000174,-13.619074273999995,1.0935034114000028,-3.363917199599996
40,GLY,0.636,0.3517699115044247,0.8874200000000001,0.80099,0.3710100000000002,0,0.0,0,0.0,0.4556,0.0,1.0,0.5062,1.3891998099999998,2.68595145,3.80475382,4.673425249999999,-0.89281209,-1.7327527109999998,-0.1491915536999999,-0.4230003357,4.905578448999992,-9.614121108,0.8161814584000008,-2.4575845102
41,PHE,0.803,0.2582824059183017,3.02022,1.84321,0.46279,1,0.0526315789473684,2,0.105263157894737,0.8111,0.783,0.0763,0.037,1.38973276,2.6900096400000004,3.81772229,4.701967730000001,-1.1133715382000002,-2.159583698,-0.1891101214999999,-0.5363255304999999,3.5240362610000027,-5.874200874000002,0.6537019969999995,-1.6240181241999998
42,ARG,1.969,0.5872353116611989,3.67635,1.12432,0.2596800000000001,1,0.1,1,0.1,0.0,0.7346,0.9398,0.6914,1.39176086,2.70580373,3.8693869700000008,4.81935432,-1.1955767691,-2.3291757258000003,-0.18732884315,-0.5329103895999999,4.713731240000001,-7.421456387000003,0.7488763088000002,-1.780250998879998
43,GLY,0.457,0.2527654867256637,0.82931,0.95797,0.39303,1,0.111111111111111,1,0.111111111111111,0.4556,0.0,1.0,0.5062,1.25239194,2.43376494,3.47782907,4.327389129999999,-2.1176291738,-4.1266667246,-0.32959001416,-0.937794219865,3.6964213150000016,-4.864852668899999,0.549219141,-1.071699153584999
44,GLY,0.85,0.4701327433628318,1.00708,0.68482,0.2731800000000001,0,0.0,1,0.1,0.4556,0.0,1.0,0.5062,0.97328167,1.88669695,2.68460957,3.3195067,-1.90296451888,-3.69876794223,-0.3119337140500001,-0.8860322216400002,6.676934907000028,-9.98715732686,1.0626663741000018,-2.421940304389997
45,ARG,1.936,0.5773933790635252,3.95546,0.92735,0.4896500000000002,0,0.0,1,0.0909090909090909,0.0,0.7346,0.9398,0.6914,1.25228259,2.43290296,3.47497219,4.32078233,-1.596040728800001,-3.1073645721999985,-0.25345032796,-0.72076040256,7.699709697999986,-8.393081415999996,1.2102660983999982,-2.07166786166
46,GLY,0.173,0.0956858407079646,0.8404600000000001,1.00824,0.62676,0,0.0,0,0.0,0.4556,0.0,1.0,0.5062,1.80884448,3.5140522300000003,5.01868235,6.23869979,-1.9084074232070003,-3.7247340113200007,-0.2906786938399999,-0.8288052129840002,5.893618561000001,-8.157492721639997,0.9227789427999998,-1.9089637483380004
47,GLY,0.459,0.2538716814159292,0.77596,0.91815,0.4308499999999999,0,0.0,0,0.0,0.4556,0.0,1.0,0.5062,1.66949896,3.2421926400000007,4.62769103,5.74795418,-2.0028077795100003,-3.90402483143,-0.3115860049230001,-0.88716434594,7.104139224000013,-11.05615765768,1.1706831350000015,-2.689842082330002
48,GLY,0.173,0.0956858407079646,0.7445499999999999,1.07736,0.5576399999999999,1,0.0625,0,0.0,0.4556,0.0,1.0,0.5062,1.949692,3.79770009,5.448546169999999,6.81872177,-1.8514433453,-3.614165801200001,-0.27997550433,-0.7981237705000003,7.628756091999975,-11.114857984199991,1.136157465800001,-2.5530261313
49,ASP,1.124,0.4192465497948527,2.40302,0.80927,0.7477299999999999,0,0.0,0,0.0,0.1111,0.3239,0.8675,1.0,0.97291398,1.88382221,2.67516672,3.29793132,-1.2299451017600005,-2.38522017424,-0.20767097844,-0.58831997801,7.56618937,-10.352877807180002,1.3184238487999995,-2.742888983919997
50,ARG,1.925,0.5741127348643006,3.61433,1.28879,0.13921,0,0.0,0,0.0,0.0,0.7346,0.9398,0.6914,1.11267826,2.15898878,3.07712938,3.81407264,-1.3102662142,-2.5539532971,-0.20460915621,-0.5827147899999999,7.504929347000029,-12.325339477299984,1.177616132300003,-2.8709979162000026
51,GLY,0.559,0.3091814159292035,0.92483,0.8232200000000001,0.42578,1,0.25,0,0.0,0.4556,0.0,1.0,0.5062,0.83408971,1.61603686,2.29756279,2.83779432,-0.9102566278,-1.769766666,-0.1462674356599999,-0.41500437285,4.829682893999997,-8.495935917499995,0.7655115683999986,-2.178294731700002
52,GLY,0.899,0.4972345132743362,0.92574,0.6870400000000001,0.2219599999999999,1,0.166666666666667,0,0.0,0.4556,0.0,1.0,0.5062,0.8333613400000001,1.61031997,2.27870531,2.79446408,-0.6756129699,-1.3108643167,-0.11434221865,-0.3243946676000001,3.885454127,-4.235079284700001,0.648175485800001,-1.0316874378000005
53,PHE,1.452,0.4670311997426825,3.52069,1.40001,0.25699,3,0.5,1,0.166666666666667,0.8111,0.783,0.0763,0.037,0.97355955,1.88888872,2.6918769,3.33632037,-0.5048923681599999,-0.9843923751,-0.077455226667,-0.220379382315,4.513781097999995,-7.359416104699999,0.739178789900001,-1.786268560105
54,GLY,0.496,0.2743362831858407,0.8239700000000001,0.85796,0.4540400000000001,3,0.375,2,0.25,0.4556,0.0,1.0,0.5062,0.97318578,1.88596811,2.68229051,3.31443967,-0.5919797793,-1.1538242630000002,-0.0915293564,-0.26041341834,4.322978466999997,-7.798435297600011,0.6570554496999993,-1.7479641990399992
55,PRO,1.087,0.4874439461883408,1.87078,0.99139,0.15161,3,0.333333333333333,2,0.222222222222222,0.3222,0.3764,0.8594,0.3827,1.11273516,2.15943867,3.07862446,3.81754153,-0.923276259,-1.802342876,-0.1398801364,-0.3988228329,5.2308839639999904,-12.430613763,0.7759839433999995,-2.6552175764999992
56,GLY,0.645,0.3567477876106195,0.98414,0.72045,0.44255,1,0.25,0,0.0,0.4556,0.0,1.0,0.5062,0.8339358400000001,1.6148309399999998,2.29359117,2.82868737,-0.3651425709999999,-0.707250176,-0.0625706539,-0.1769996609999999,2.8991627859999967,-4.807894671999996,0.5180953795,-1.2524273179999996
57,LYS,1.548,0.5953846153846154,3.04379,1.0705,-0.0184999999999999,2,0.4,1,0.2,0.0667,0.6942,0.6867,0.7901,0.83358345,1.61206092,2.28444013,2.8076172,-0.469631924,-0.915016994,-0.0741582092,-0.211194527,2.906037781999999,-7.610965948000001,0.4719295305000004,-1.794600884
58,MET,1.905,0.6388329979879275,2.06774,0.98965,0.0873500000000001,1,0.333333333333333,0,0.0,0.7111,0.6196,0.0,0.0988,0.5561491300000001,1.07801172,1.5337045100000002,1.89596314,-0.342248608,-0.663176369,-0.0580530418799999,-0.1642124973,2.3567801160000004,-5.437628902800002,0.3702123720000001,-1.2667604513000008
59,ASP,1.027,0.3830660201417381,2.5378,0.8170999999999999,0.8369000000000002,0,0.0,0,0.0,0.1111,0.3239,0.8675,1.0,0.7643511065,1.4795434915,2.1000506430000003,2.587311711,-0.5193926526560001,-1.0096545492070002,-0.0844797634153499,-0.23985713574575,2.5246663581,-4.483116710288999,0.4076875890950001,-1.07092056982825
60,SER,1.198,0.5505514705882353,1.10998,0.92457,0.0534300000000002,1,0.5,0,0.0,0.4111,0.1877,0.8514,0.5309,0.41846953,0.81904506,1.18462371,1.49964865,-0.211480305,-0.414559672,-0.0293780554999999,-0.0840970206,1.9681090099999987,-2.844878784999998,0.276840609,-0.5784101939999997
61,ARG,2.214,0.6603042051893826,3.838330000000001,0.6671100000000001,0.4718900000000001,0,0.0,0,0.0,0.0,0.7346,0.9398,0.6914,0.4169732499999999,0.8074495399999999,1.14688069,1.41445511,-0.120239082,-0.233464998,-0.0198607297,-0.056310182,0.392260404,-0.6102019919999999,0.0663214132,-0.151035124
62,GLY,0.744,0.411504424778761,0.9254,0.7565200000000001,0.30748,0,0.0,0,0.0,0.4556,0.0,1.0,0.5062,0.55515583,1.07034626,1.5088620600000002,1.84021862,-0.146973944,-0.287655086,-0.0212166399,-0.060660904,0.314685745,-0.7426539179999999,0.0464492675,-0.15733746
63,GLU,1.39,0.5095307917888562,2.7386,1.1707299999999998,0.1672700000000004,0,0.0,0,0.0,0.1111,0.4884,0.8112,0.9136,0.5545888299999999,1.0659141399999998,1.49430757,1.80697638,-0.174213254,-0.33623316,-0.032028319,-0.0905085509999999,0.313060192,-0.87814816,0.0594932159999999,-0.238468804
64,HIS,1.814,0.6560578661844485,2.9524,0.94123,0.00977,0,0.0,0,0.0,0.1444,0.561,0.1124,0.679,0.69451055,1.34230163,1.9002448,2.3320886400000003,-0.254821727,-0.493707908,-0.044022806,-0.124712226,0.2348172719999999,-0.733057592,0.0441594741,-0.201622317
65,ARG,2.183,0.6510587533552042,3.5126,1.24188,-0.0718799999999997,0,0.0,0,0.0,0.0,0.7346,0.9398,0.6914,0.69424007,1.3401894799999998,1.89331563,2.31628384,-0.367769632,-0.710559638,-0.0660401679,-0.1866076009999999,0.156544848,-0.421550526,0.0294396494,-0.116442086
66,GLN,1.503,0.5227826086956522,2.9061900000000005,1.01137,0.36063,0,0.0,0,0.0,0.1111,0.5388,0.7952,0.6914,0.69457743,1.34282461,1.90196231,2.33601192,-0.4890276679999999,-0.9468098390000002,-0.0846351903999999,-0.239408799,0.471466596,-0.985834022,0.0736042512,-0.225399968
67,ASP,0.853,0.3181648638567698,2.0748,1.18084,0.6471600000000002,0,0.0,0,0.0,0.1111,0.3239,0.8675,1.0,0.69427014,1.34043809,1.89418021,2.31840694,-0.4850145789999999,-0.941318932,-0.0812128558,-0.230324973,0.27413638,-0.611614206,0.0502843902,-0.159374756
68,ARG,2.608,0.777810915597972,3.99755,0.64883,0.09617,0,0.0,0,0.0,0.0,0.7346,0.9398,0.6914,0.6945148,1.34233346,1.90034432,2.33230088,-0.478082733,-0.9278947,-0.079927661,-0.226648001,0.195592549,-0.54638338,0.037285182,-0.1517040909999999
69,ARG,1.889,0.5633760811213838,3.59677,1.2035399999999998,0.2604600000000003,0,0.0,0,0.0,0.0,0.7346,0.9398,0.6914,0.8335295,1.61166066,2.28319968,2.8050116000000003,-0.336977706,-0.6550795439999999,-0.0547364297,-0.15540833,0.156774215,-0.43382445,0.027691829,-0.111508538
70,GLU,1.804,0.6612903225806451,3.17784,0.6638200000000001,0.2601800000000001,0,0.0,0,0.0,0.1111,0.4884,0.8112,0.9136,0.83411278,1.61621007,2.29810572,2.83895478,-0.2432012883,-0.4733329119999999,-0.0383024923,-0.1087473206,0.313601163,-0.792076063,0.0546040849,-0.207710183
71,ARG,2.307,0.6880405606919177,3.77877,0.94057,0.1054300000000002,1,0.333333333333333,1,0.333333333333333,0.0,0.7346,0.9398,0.6914,0.69419502,1.3398422,1.89219245,2.3137711800000003,-0.181178455,-0.352042567,-0.029958031,-0.0851038767,0.5098265620000001,-0.6903412509999999,0.0875098435,-0.1697266161999999
72,PRO,1.197,0.5367713004484306,1.90366,0.97887,0.0541299999999999,1,0.5,1,0.5,0.3222,0.3764,0.8594,0.3827,0.55513128,1.07016296,1.50829036,1.83900577,-0.402129268,-0.7783098460000001,-0.0697177915,-0.197102253,0.431931053,-1.088434566,0.069421021,-0.260022223
73,TYR,2.504,0.7347417840375587,4.93339,0.8146899999999999,0.08931,2,1.0,2,1.0,0.3556,0.8063,0.502,0.1605,0.69656858,1.35831292,1.95257643,2.45087349,-0.34233924499,-0.66725854743,-0.052896825825,-0.15048477,0.432165308,-1.214964476,0.0673142258,-0.2784919099999999
