1,GLY,0.648,0.3584070796460177,0.90233,0.75881,0.4011900000000001,0,0.0,1,0.0833333333333333,0.4556,0.0,1.0,0.5062,1.53068108,2.974412649999999,4.24995563,5.28706715,-1.4762199499800002,-2.8531218759699994,-0.2642634842699998,-0.7470976654300001,4.749467289999996,-5.997472475299998,0.7791050503000012,-1.5596133380900012
2,PRO,0.883,0.3959641255605381,1.8099,1.10759,0.2394099999999999,1,0.0384615384615385,1,0.0384615384615385,0.3222,0.3764,0.8594,0.3827,2.50612835,4.8779239400000005,6.98939954,8.730658140000003,-1.3378235143,-2.6032014467400013,-0.2139896222999999,-0.6081305164860002,3.731463277999999,-5.057015713239997,0.5894343082999999,-1.233413981586
3,GLY,0.18,0.0995575221238938,0.62543,1.08325,0.5447500000000001,0,0.0,0,0.0,0.4556,0.0,1.0,0.5062,2.3667489100000005,4.605764099999999,6.59731037,8.23707184,-1.4142701191,-2.746376006599999,-0.2342652098,-0.6646073620699999,3.9252837719999953,-4.663709537200002,0.6423718022000001,-1.1740024278999996
4,GLY,0.459,0.2538716814159292,0.84246,0.84853,0.50047,0,0.0,0,0.0,0.4556,0.0,1.0,0.5062,2.5067248,4.8825635,7.004566059999999,8.765100009999998,-1.7808653583000005,-3.470799952,-0.27765669751,-0.7904077730200002,3.497066336000002,-5.675177650599997,0.5448185729000001,-1.34061502186
5,GLY,0.159,0.0879424778761061,0.65313,0.91707,0.73193,1,0.0344827586206897,1,0.0344827586206897,0.4556,0.0,1.0,0.5062,1.66686218,3.22167486,4.56062813,5.595739460000001,-2.13321459772,-4.11804587,-0.388803728774,-1.09827782943,3.997561693,-5.343823364099997,0.7098450621999999,-1.508288504780001
6,PRO,0.958,0.4295964125560538,1.88154,0.92591,0.34609,5,0.178571428571429,1,0.0357142857142857,0.3222,0.3764,0.8594,0.3827,2.0874375200000004,4.05715366,5.7991281400000005,7.2181662,-2.1493205359000003,-4.1805550787,-0.34713188304,-0.98637379509,2.3968508289999986,-3.399856652000001,0.3725624219999999,-0.8131788458
7,GLY,0.166,0.0918141592920354,0.5759799999999999,1.07294,0.5690600000000001,2,0.0869565217391304,0,0.0,0.4556,0.0,1.0,0.5062,2.50683133,4.883328630000001,7.006847239999999,8.76960239,-2.11487573085,-4.1239403477,-0.327296377454,-0.93231335089,1.4548916089999997,-2.027485361,0.2179383384999999,-0.4529111298999999
8,GLY,0.327,0.180862831858407,0.8035800000000001,0.93375,0.5472500000000001,1,0.0333333333333333,0,0.0,0.4556,0.0,1.0,0.5062,2.5056516600000003,4.87418356,6.977076,8.702397599999998,-2.07229539315,-4.023632534599999,-0.34355395946,-0.97441271484,2.82724505,-2.7405639698,0.4540892567999996,-0.7248146846399997
9,SER,0.053,0.0243566176470588,1.04812,1.24788,0.8751200000000001,3,0.0612244897959184,1,0.0204081632653061,0.4111,0.1877,0.8514,0.5309,2.22217229,4.29313979,6.0728759100000005,7.442827890000001,-1.4786646798999996,-2.840729362,-0.2881144714899998,-0.8110452507999998,3.2511565740000057,-3.7678878401000007,0.5915051547000001,-1.0877695061999997
10,HIS,1.048,0.3790235081374322,2.7796800000000004,1.38944,0.3275600000000001,6,0.206896551724138,2,0.0689655172413793,0.1444,0.561,0.1124,0.679,2.64370609,5.135978339999999,7.335095200000001,9.11806527,-1.3889415153999998,-2.7099631118,-0.2133972838399999,-0.6084002137000002,2.4763929669999976,-2.937252476700001,0.3797819571999998,-0.6815014950999997
11,MET,0.73,0.2448021462105969,2.18619,1.66347,0.5885300000000002,2,0.0952380952380952,2,0.0952380952380952,0.7111,0.6196,0.0,0.0988,1.80806077,3.5080519800000007,4.99940623,6.19597552,-1.66325169955,-3.231866761999999,-0.271911353715,-0.7716176251299999,4.160400707999995,-5.001419263699999,0.6851914869000003,-1.2881489881000012
12,GLY,0.476,0.2632743362831858,0.80646,0.87612,0.45588,2,0.2,1,0.1,0.4556,0.0,1.0,0.5062,1.25170545,2.4283985,3.46020112,4.28710937,-1.83745575195,-3.5693122431,-0.30365653019,-0.8619634380700001,6.439116448999995,-8.017691135499998,1.0471905871999991,-1.9926341170299988
13,GLY,0.703,0.3888274336283185,0.95325,0.84469,0.2603099999999999,2,0.181818181818182,0,0.0,0.4556,0.0,1.0,0.5062,1.11204188,2.15401714,3.06081138,3.77682846,-1.8324925989,-3.5534241190000007,-0.3127153126799999,-0.8866401409999999,5.992825386000001,-10.682083594999993,1.0886384971999996,-2.8428530469
14,ASN,0.686,0.2805725971370144,2.10374,1.30964,0.44936,5,0.217391304347826,0,0.0,0.1111,0.3976,0.6747,0.8272,1.94837868,3.78744764,5.41492203,6.742056359999999,-1.6610942099000008,-3.2273718551999995,-0.27285881914,-0.7744625820200004,8.096535257999989,-7.857201342100003,1.2382864098000017,-1.92922592505
15,TYR,0.686,0.2012910798122066,3.20887,2.0432900000000003,0.6787099999999997,14,0.378378378378378,0,0.0,0.3556,0.8063,0.502,0.1605,2.6436500899999995,5.13550688,7.333432189999999,9.11391432,-1.50277500998,-2.9321575072999995,-0.230027480288,-0.6556513963100001,3.024236428999997,-3.188714623199998,0.4842255028999998,-0.7123777057200001
16,GLY,0.027,0.014933628318584,0.55108,1.04511,0.7358900000000002,7,0.179487179487179,1,0.0256410256410256,0.4556,0.0,1.0,0.5062,2.5039599000000003,4.86107241,6.934389470000001,8.606009209999998,-1.9454895159,-3.784761589700001,-0.3137077087600001,-0.8916377792599999,2.5924869899999967,-4.731824572200002,0.4113981821999999,-1.1275734019
17,ASP,1.227,0.4576650503543454,2.5367,0.8485400000000001,0.6054599999999999,2,0.111111111111111,1,0.0555555555555556,0.1111,0.3239,0.8675,1.0,2.08859756,4.06615712,5.8284822300000005,7.284574189999999,-1.571633988,-3.0647060648,-0.2415778777299999,-0.6877624513799999,3.577874944000003,-5.008959648400001,0.5370551259,-1.1549096329400002
18,ASP,0.414,0.1544199925400969,1.95286,1.40251,0.86449,2,0.142857142857143,0,0.0,0.1111,0.3239,0.8675,1.0,1.94997322,3.79987916,5.45563413,6.834702699999999,-1.10538797142,-2.154895377499999,-0.17196090358,-0.489733478216,9.239236949999995,-8.071619679099998,1.3904968532000035,-1.8890972998800013
19,ARG,2.108,0.6286907247241277,3.50979,0.90561,0.3393900000000001,2,0.4,1,0.2,0.0,0.7346,0.9398,0.6914,0.69483013,1.34481638,1.90856193,2.35126684,-1.10327325598,-2.1297014501,-0.199434283222,-0.5627936150399998,5.64112132399999,-10.169251603000014,1.0103055043999978,-2.8865462252000027
20,ARG,1.274,0.3799582463465553,3.40693,1.76503,0.3139700000000001,3,0.5,1,0.166666666666667,0.0,0.7346,0.9398,0.6914,0.6957245200000001,1.3516969799999998,1.93078543,2.40090098,-0.8027368742,-1.5659565883000002,-0.1232882354499999,-0.35133172545,7.6246215249999905,-9.565794507300009,1.1744727265000017,-2.261559848600005
21,GLY,0.325,0.1797566371681415,0.75342,0.92068,0.56232,0,0.0,0,0.0,0.4556,0.0,1.0,0.5062,0.5558476499999999,1.0756438,1.5258883799999998,1.87798682,-0.269720255,-0.5257001450000001,-0.0425288964999999,-0.121204474,0.31436642,-0.83366442,0.0494935669999999,-0.192354175
22,GLY,1.022,0.5652654867256637,1.06738,0.6069100000000001,0.1790899999999999,0,0.0,0,0.0,0.4556,0.0,1.0,0.5062,0.55520855,1.07076326,1.51024844,1.84343673,-0.218146933,-0.425327956,-0.0340834267,-0.09714336,0.31454962,-0.6882299919999999,0.0476268104,-0.157414457
23,ARG,2.581,0.7697584252907843,3.97304,0.84598,-0.0739799999999997,0,0.0,0,0.0,0.0,0.7346,0.9398,0.6914,0.55475723,1.06723022,1.4986282,1.81684035,-0.1062507918,-0.201564266,-0.02393682373,-0.0668157829,0.3128284149999999,-0.3310740839999999,0.0606985694999999,-0.1089493461
24,GLY,0.603,0.3335176991150442,0.91515,0.8406899999999999,0.3643100000000001,2,0.181818181818182,0,0.0,0.4556,0.0,1.0,0.5062,0.97337378,1.8874195,2.68699161,3.3249755800000003,-0.1246629418999999,-0.2445644248,-0.01702267743,-0.04876665034,0.4329750999999999,-0.4856564684,0.0610608891,-0.0967325147199999
25,GLY,0.559,0.3091814159292035,0.60226,1.05578,0.1932200000000001,1,0.166666666666667,0,0.0,0.4556,0.0,1.0,0.5062,0.8357350299999999,1.6287821499999997,2.33902611,2.93131199,-0.07427313084,-0.1452620154999999,-0.0106426053499999,-0.0303504050699999,0.393001816,-0.3604898055000001,0.0598477568,-0.07452667297
26,TYR,0.691,0.2027582159624413,3.20279,2.2243599999999994,0.4926400000000006,3,0.428571428571429,1,0.142857142857143,0.3556,0.8063,0.502,0.1605,0.83545848,1.62662416,2.33195323,2.91520097,-0.9126200578000002,-1.7818042617,-0.1371926494599999,-0.3910444941,8.175042446999988,-8.697374440599999,1.243597902399997,-1.974728710000002
27,ASP,1.322,0.4930995897053338,2.46112,0.87427,0.48473,2,0.25,1,0.125,0.1111,0.3239,0.8675,1.0,0.97402406,1.89252076,2.70380797,3.3635820199999995,-1.2843022856,-2.5077749704000003,-0.1922924690099999,-0.5480696685,5.9776579599999975,-9.306346728,0.8812583350999988,-2.0660955974000017
28,ARG,2.155,0.6427080226662689,3.73804,1.23716,-0.0391599999999996,1,0.111111111111111,1,0.111111111111111,0.0,0.7346,0.9398,0.6914,1.11299932,2.16149143,3.0853216,3.83270309,-1.6067752057200002,-3.1421722568,-0.2357696338499999,-0.6735354152449999,4.366521688,-7.6666399653000035,0.6420675163000004,-1.6675348900399996
29,GLY,0.36,0.1991150442477876,0.86495,0.91371,0.5342899999999999,0,0.0,0,0.0,0.4556,0.0,1.0,0.5062,0.8337067,1.61301533,2.28754144,2.81459923,-1.6645362639000003,-3.2389389524,-0.26729201142,-0.7598463080000001,3.730154526000002,-7.048485304999997,0.6051728477000008,-1.6263898055000008
30,GLY,0.916,0.5066371681415929,0.93262,0.67532,0.2166799999999999,0,0.0,0,0.0,0.4556,0.0,1.0,0.5062,1.11368122,2.16685067,3.1030252000000003,3.87345998,-1.81916436596,-3.5553114600999987,-0.26623465026,-0.7591180866300004,3.929768217,-7.594577251499993,0.6011097353999998,-1.7327239919000008
31,TYR,0.923,0.2708333333333333,3.33379,1.96425,0.5207499999999998,0,0.0,0,0.0,0.3556,0.8063,0.502,0.1605,1.6710706199999998,3.25444159,4.66779762,5.83920435,-2.0507630281300004,-4.0063934007,-0.305431256132,-0.8713041993299995,3.3055820650000025,-5.554729753599996,0.4724175023000004,-1.1790845413999995
32,ARG,2.537,0.756635848493886,3.96263,0.79384,0.0221600000000002,0,0.0,2,0.133333333333333,0.0,0.7346,0.9398,0.6914,1.53055253,2.97339845,4.2465904000000005,5.279270919999999,-0.5921784926,-1.1430160673,-0.10737846944,-0.30305207161,4.272733039999996,-5.093588584800003,0.7479695652000014,-1.4082118593500002
33,GLY,0.06,0.0331858407079646,0.585,1.07054,0.67746,0,0.0,3,0.130434782608696,0.4556,0.0,1.0,0.5062,1.5271660800000002,2.94714847,4.16113055,5.08632696,-0.6394189448,-1.2421595437,-0.10547619483,-0.2993871567999999,4.278261102,-6.327583057999996,0.7053868605000002,-1.6110797711999976
34,ARG,1.506,0.449150014912019,3.42903,1.4865099999999998,0.3604900000000004,0,0.0,2,0.117647058823529,0.0,0.7346,0.9398,0.6914,1.52839938,2.95661298,4.1916214,5.15418655,-0.4946007789999999,-0.966449721,-0.0737350243,-0.210484026,4.285800989000001,-4.526615256999995,0.6477281467000001,-1.0123736204999991
35,GLY,0.95,0.5254424778761062,0.9606,0.62172,0.23628,0,0.0,0,0.0,0.4556,0.0,1.0,0.5062,1.11305617,2.1619639,3.08697356,3.83678488,-0.41368045583,-0.8043329636000001,-0.066247344867,-0.18791396041,6.601751775999983,-5.590561534500004,1.0152035196999991,-1.3731367582000016
36,GLY,0.868,0.4800884955752212,0.96244,0.7126600000000001,0.22734,0,0.0,0,0.0,0.4556,0.0,1.0,0.5062,0.8335967500000001,1.61217333,2.28483767,2.80861267,-0.5975396854999998,-1.15667445366,-0.10471235752,-0.2964542175999999,9.926615489,-13.752214526920008,1.6658675575000048,-3.4949911632599964
37,ASP,0.974,0.3632972771353972,2.20517,1.04999,0.6570100000000001,0,0.0,1,0.0769230769230769,0.1111,0.3239,0.8675,1.0,1.11047275,2.1418288,3.02104594,3.68679281,-0.5486602279999999,-1.0630303282,-0.09477993925,-0.2685315808,8.228514627999992,-12.821042943499998,1.4792904921,-3.3482291408000067
38,ARG,2.469,0.7363555025350431,3.93536,0.8463200000000001,0.0376800000000002,0,0.0,1,0.0769230769230769,0.0,0.7346,0.9398,0.6914,1.25054892,2.4194100300000003,3.43085875,4.220620749999999,-0.6222391989999999,-1.206175958,-0.1061693683,-0.3007867762,5.922829265999988,-12.954889132999998,1.0097313309,-3.347379472800006
39,GLY,0.79,0.4369469026548672,0.90086,0.7511900000000001,0.2668099999999999,0,0.0,1,0.0769230769230769,0.4556,0.0,1.0,0.5062,1.11140652,2.1490755,3.04466687,3.7402056,-0.9890611505,-1.913592683,-0.1745265866999999,-0.4938707207,6.472685086000028,-13.643950357999996,1.1026157104000005,-3.4664831312000004
40,GLY,0.63,0.3484513274336283,0.99046,0.8407499999999999,0.33725,0,0.0,2,0.1,0.4556,0.0,1.0,0.5062,1.52897012,2.9611338700000003,4.206665150000001,5.18914032,-1.3148973585000003,-2.5624194068,-0.2043363460999999,-0.58133889444,3.257182838000001,-5.556578827900002,0.5417195582000002,-1.3822098192999994
41,PHE,1.05,0.3377291733676423,3.35215,1.5801299999999998,0.4788700000000003,0,0.0,0,0.0,0.8111,0.783,0.0763,0.037,1.5311803900000005,2.9782906700000003,4.262602279999999,5.31567708,-2.0240611335,-3.941661630100001,-0.3209807097700001,-0.9132594803,2.867736459000001,-4.2819129510000025,0.4527382391000001,-1.0750231611999996
42,ARG,2.306,0.68774232031017,3.78861,0.82454,0.2224600000000001,0,0.0,0,0.0,0.0,0.7346,0.9398,0.6914,1.11301419,2.16161355,3.0857447100000006,3.83373742,-2.0422793132,-3.971708037099999,-0.3298630600399999,-0.93688338374,2.981276681999998,-4.197798299399998,0.5023209465,-1.1291364289600008
43,GLY,0.633,0.3501106194690265,0.89196,0.83717,0.3378300000000001,0,0.0,0,0.0,0.4556,0.0,1.0,0.5062,1.2520628100000002,2.43117997,3.46929514,4.30775723,-1.81215515088,-3.5310724779,-0.2843968021179999,-0.8096336292799999,2.515624986000002,-2.2572404840800013,0.3846741434999995,-0.5631034416199999
44,GLY,0.875,0.4839601769911504,0.90696,0.7415499999999999,0.1914500000000001,1,0.2,0,0.0,0.4556,0.0,1.0,0.5062,0.83410412,1.61613383,2.29782605,2.83822521,-1.2041674176000003,-2.3482942770000004,-0.1842376044999999,-0.5243762493000002,4.354844584000002,-7.207858088,0.7294026767000016,-1.8835571617999995
45,ARG,2.661,0.7936176558305994,4.02712,0.79762,-0.1056199999999998,1,0.166666666666667,0,0.0,0.0,0.7346,0.9398,0.6914,0.83403598,1.6156130399999995,2.2961571,2.8345406900000003,-0.922005742,-1.7977521958000002,-0.14214085207,-0.4046959917,7.421689648999992,-7.672325695200011,1.1891274019000029,-1.7761575366999995
46,GLY,0.732,0.4048672566371681,0.90347,0.7384299999999999,0.3375700000000001,1,0.142857142857143,0,0.0,0.4556,0.0,1.0,0.5062,1.1135616,2.16591064,3.09992032,3.8663144199999993,-1.3422298358000002,-2.6127595576,-0.2113651167899999,-0.6003466633,5.727809067999986,-9.185794205099995,0.9614219607000004,-2.448372662600001
47,GLY,0.321,0.1775442477876106,0.94163,0.98974,0.4972600000000001,2,0.133333333333333,0,0.0,0.4556,0.0,1.0,0.5062,1.8104976,3.52694994,5.060953250000001,6.33498956,-1.8214849177000003,-3.554206950400001,-0.278098102784,-0.79254545587,4.995065565999993,-4.061181453200005,0.7352765453000003,-0.9333819622000004
48,GLY,0.247,0.1366150442477876,0.81814,1.0172199999999998,0.5437800000000002,4,0.235294117647059,0,0.0,0.4556,0.0,1.0,0.5062,2.08862078,4.06631353,5.828908810000001,7.28528183,-1.5275984484000005,-2.9700508369,-0.24854785091,-0.70604028831,5.699045584999989,-4.6499075705,0.8761120545000006,-1.1163494987999996
49,ASP,0.967,0.3606863110779559,2.32212,1.12552,0.5884799999999999,1,0.0909090909090909,0,0.0,0.1111,0.3239,0.8675,1.0,1.39107331,2.7004376600000004,3.8517913,4.77924571,-1.6263037197999997,-3.1620904534000003,-0.26476446424,-0.7521771308700002,9.65514136300002,-13.360989121299998,1.5967659795999996,-3.43153732263
50,ARG,2.313,0.6898300029824038,3.91603,0.94589,0.09411,0,0.0,0,0.0,0.0,0.7346,0.9398,0.6914,1.1131278800000002,2.16252133,3.08879378,3.84091181,-1.3004521609900002,-2.5287429676000004,-0.2105940148849999,-0.5981344800399999,8.058119022999984,-14.502331007600006,1.2276602561000036,-3.3959258164399984
51,GLY,0.716,0.3960176991150442,0.91722,0.77294,0.3190600000000001,1,0.2,0,0.0,0.4556,0.0,1.0,0.5062,0.83410476,1.61614986,2.29791658,2.8385486,-0.913556029,-1.7783969774000004,-0.1438074364799999,-0.4085160221999999,4.555631181999999,-11.234528297999985,0.7181568959999984,-2.5421925104000005
52,GLY,0.797,0.4408185840707965,0.95224,0.80159,0.2094100000000001,1,0.142857142857143,0,0.0,0.4556,0.0,1.0,0.5062,0.83319469,1.60901889,2.27443647,2.78472615,-0.4169796315,-0.811800771,-0.0670399284,-0.1908565215999999,3.4120162799999965,-5.876045081999995,0.5902778379000004,-1.4091548049000004
53,PHE,1.587,0.5104535220328079,3.64977,1.1441800000000002,0.3778199999999998,2,0.333333333333333,1,0.166666666666667,0.8111,0.783,0.0763,0.037,0.69421838,1.34002713,1.89280809,2.31520334,-0.2039341199,-0.396671439,-0.03258891006,-0.0925125183,3.535465233999999,-4.9500035599999945,0.554238734,-1.1958860187999998
54,GLY,0.303,0.1675884955752212,0.7370699999999999,0.93557,0.5694300000000001,1,0.142857142857143,2,0.285714285714286,0.4556,0.0,1.0,0.5062,0.5549842,1.06901939,1.50455613,1.83054185,-0.242761094,-0.470836932,-0.0410687705,-0.116407123,2.3940191700000013,-4.706931676,0.395313245,-1.1989163650000003
55,PRO,0.598,0.2681614349775785,1.85501,1.12962,0.50238,1,0.2,2,0.4,0.3222,0.3764,0.8594,0.3827,0.41671692,0.8054427399999999,1.14027848,1.3993383,-0.264990933,-0.515254015,-0.043211401,-0.122794272,2.4326549879999995,-4.883512252999994,0.4095513710000003,-1.1824690850000004
56,GLY,0.883,0.4883849557522123,0.7432099999999999,0.59057,0.33443,0,0.0,0,0.0,0.4556,0.0,1.0,0.5062,0.27729534,0.53296399,0.74717498,0.90353167,-0.6769836535935295,-1.317233906429412,-0.1083881760264117,-0.3080013912641176,3.088633568823527,-4.884986515923528,0.4937344259823532,-1.1858162266923529
57,LYS,1.861,0.7157692307692307,2.70699,0.94478,-0.2057799999999998,0,0.0,0,0.0,0.0667,0.6942,0.6867,0.7901,0.27634442,0.52563834,0.7234791,0.8505007,-0.6368491643824183,-1.2389300026738563,-0.1023984893547451,-0.2909712353030065,2.7878572604901946,-4.431766508417972,0.4432785949990198,-1.0639052431590197
58,MET,2.135,0.7159624413145539,2.49219,0.64876,0.1982400000000004,0,0.0,0,0.0,0.7111,0.6196,0.0,0.0988,0.27729534,0.53296399,0.74717498,0.90353167,-0.5753742926087341,-1.118826533758067,-0.0931867437713766,-0.264676226888796,2.5558899290691426,-4.314609235617973,0.4101268323779671,-1.0401346644116511
59,ASP,0.85,0.3170458784035807,2.44658,0.9937,0.8372999999999999,0,0.0,0,0.0,0.1111,0.3239,0.8675,1.0,0.6946512405,1.343386957,1.90376137,2.3399783175,-0.523753044738734,-1.0182424774630667,-0.0850569737258766,-0.241524712633296,2.2767842994191434,-4.099374625592972,0.3675996072029671,-0.9898635825716512
60,SER,1.165,0.5353860294117647,1.54722,0.66081,0.3501900000000001,0,0.0,0,0.0,0.4111,0.1877,0.8514,0.5309,0.6957648700000001,1.3520090500000002,1.93179869,2.40318032,-0.178191635,-0.34976125,-0.0238828383,-0.068426988,0.27563971,-0.68085482,0.0376170469999999,-0.1333900979999999
61,ARG,2.224,0.6632866090068595,3.35041,1.1949500000000002,-0.0659500000000001,0,0.0,0,0.0,0.0,0.7346,0.9398,0.6914,0.6944922,1.34216397,1.89981363,2.33116895,-0.2341883579999999,-0.459441368,-0.0318261254999999,-0.091152013,0.27560147,-0.8374267179999999,0.038042994,-0.166927731
62,GLY,0.744,0.411504424778761,0.89664,0.74768,0.31632,0,0.0,0,0.0,0.4556,0.0,1.0,0.5062,0.69421838,1.34002713,1.89280809,2.31520334,-0.254131575,-0.49768647,-0.035962651,-0.102829302,0.275463539,-0.881806178,0.0393084136,-0.183855793
63,GLU,1.587,0.5817448680351905,2.79752,0.8491900000000001,0.2918100000000001,0,0.0,0,0.0,0.1111,0.4884,0.8112,0.9136,0.6942552200000001,1.34030169,1.89366267,2.31700989,-0.21721217,-0.4203959849999999,-0.0382102556,-0.108175079,0.274333448,-0.7230938299999998,0.048873344,-0.188448104
64,HIS,1.316,0.4759493670886076,2.88628,1.13995,0.30905,0,0.0,0,0.0,0.1444,0.561,0.1124,0.679,0.8332194100000001,1.60920076,2.27499602,2.78588873,-0.220084385,-0.4240542609999999,-0.0411145555,-0.115939537,0.391314645,-1.040585003,0.0740201675,-0.28481943
65,ARG,2.402,0.7163733969579481,4.00815,0.7939499999999999,0.1570500000000001,0,0.0,0,0.0,0.0,0.7346,0.9398,0.6914,1.11367228,2.16678366,3.10281527,3.873012159999999,-0.1661828,-0.32596097,-0.022741242,-0.065130272,0.275533747,-0.73120089,0.0388104925,-0.148032228
66,GLN,1.012,0.352,2.4424,1.24636,0.6166400000000001,0,0.0,1,0.25,0.1111,0.5388,0.7952,0.6914,0.55473018,1.06701591,1.4979142600000002,1.81517884,-0.5784402980000001,-1.114865205,-0.1077753285,-0.304039985,0.273916652,-0.738579105,0.052037903,-0.1992164229999999
67,ASP,1.33,0.4960835509138381,2.26372,0.7310399999999999,0.6199600000000001,0,0.0,1,0.25,0.1111,0.3239,0.8675,1.0,0.55506892,1.0696621,1.5065985,1.83499556,-0.61980903,-1.2032892899999998,-0.1035507567,-0.293803856,0.313835518,-1.02783407,0.0532170029999999,-0.2539749589999999
68,ARG,2.092,0.6239188786161646,3.90539,1.0403,0.2207000000000001,0,0.0,1,0.333333333333333,0.0,0.7346,0.9398,0.6914,0.69449353,1.34217484,1.89985006,2.3312532,-0.653462354,-1.272241041,-0.1030749367,-0.292940296,0.5876862690000001,-1.8351932700000004,0.1053930555,-0.4817409659999999
69,ARG,2.261,0.6743215031315241,3.74528,0.7934399999999999,0.2985600000000001,0,0.0,0,0.0,0.0,0.7346,0.9398,0.6914,0.6947545799999999,1.34421671,1.90656032,2.34659556,-0.4951734909999999,-0.958369711,-0.08595245,-0.2430100032,0.116932992,-0.3452153699999999,0.025567551,-0.1109278619999999
70,GLU,1.636,0.5997067448680351,2.66375,0.85221,0.2397900000000002,0,0.0,0,0.0,0.1111,0.4884,0.8112,0.9136,0.6945642499999999,1.3427258199999998,1.9016537,2.33535534,-0.3345900884999999,-0.6477262467,-0.0582859329799999,-0.1649359772,0.19488832,-0.5967756,0.042612585,-0.19176157
71,ARG,1.536,0.4580972263644497,2.95723,1.3543200000000002,0.46268,0,0.0,1,0.333333333333333,0.0,0.7346,0.9398,0.6914,0.6943753,1.34124553,1.89678002,2.3241853800000003,-0.3163478695,-0.6159465518000001,-0.05009389416,-0.14243949004,0.58792962,-1.84232695,0.103742988,-0.4735644050000001
72,PRO,1.164,0.5219730941704036,1.38703,0.9782,0.0878000000000001,0,0.0,1,0.5,0.3222,0.3764,0.8594,0.3827,0.83466543,1.6205456,2.3123997000000003,2.87177684,-0.431822245,-0.847679284,-0.057757382,-0.1654986649999999,0.59046766,-1.90282345,0.0823566249999999,-0.3855712099999999
73,TYR,2.956,0.8673708920187794,4.73851,0.48363,-0.03163,2,0.666666666666667,1,0.333333333333333,0.3556,0.8063,0.502,0.1605,0.69571299,1.35159916,1.93043591,2.40001562,-0.4689895819999999,-0.913622697,-0.0737508372,-0.20985886,0.353439223,-1.0714652420000002,0.056185845,-0.243045443
