1,GLY,1.38,0.7632743362831858,1.20019,0.32887,0.0991300000000001,2,0.666666666666667,0,0.0,0.4556,0.0,1.0,0.5062,0.5562783099999999,1.07902153,1.53702197,1.9035446,-0.2930686826999999,-0.5717359562000001,-0.04513274698,-0.1286659406,2.476856676,-3.7532375996000007,0.3761150735999998,-0.8500107987999999
2,PRO,1.514,0.6789237668161435,1.48988,0.7506700000000001,-0.03467,2,0.666666666666667,0,0.0,0.3222,0.3764,0.8594,0.3827,0.5551030100000001,1.06995159,1.50763104,1.83760767,-0.303331235,-0.5836195519999999,-0.0576027744,-0.162222937,2.469894210000001,-3.779330071000001,0.4266543329999999,-1.0676766479999986
3,GLY,0.962,0.5320796460176991,0.98863,0.6685000000000001,0.1775,2,0.4,0,0.0,0.4556,0.0,1.0,0.5062,0.97383379,1.89102954,2.69889768,3.35232657,-0.1541446035,-0.3024531379999999,-0.0209476737,-0.0600176489,1.8514311829999992,-2.7411518529999994,0.2465703176000001,-0.5438877678
4,GLY,0.845,0.4673672566371681,0.95389,0.8049499999999999,0.1580500000000001,2,0.285714285714286,0,0.0,0.4556,0.0,1.0,0.5062,0.97287739,1.88353923,2.67424874,3.29586872,-0.226302758,-0.443410634,-0.03185361,-0.091160406,1.84920502,-4.067234211000001,0.2687756882,-0.8373237250000001
5,GLY,0.699,0.3866150442477876,0.88806,0.69894,0.41006,0,0.0,0,0.0,0.4556,0.0,1.0,0.5062,0.97384201,1.89110187,2.69916316,3.3530194799999995,-0.2608119,-0.5070427359999999,-0.042612787,-0.12106706,1.8437685940000008,-4.699589796000002,0.3122412558,-1.132196085
6,PRO,1.52,0.6816143497757847,1.76494,0.69641,0.0135899999999999,0,0.0,0,0.0,0.3222,0.3764,0.8594,0.3827,0.83419664,1.6168599099999998,2.30021946,2.8437192500000004,-0.6738158100000001,-1.3111163170000002,-0.1069929587,-0.3038226664999999,2.043473456,-4.873957858000003,0.3129943110000002,-1.1179456019999996
7,GLY,0.598,0.3307522123893805,0.96907,0.7690199999999999,0.44098,0,0.0,0,0.0,0.4556,0.0,1.0,0.5062,0.97312615,1.88550417,2.68077175,3.31098436,-0.7190225029999999,-1.4019045630000002,-0.1116456862999999,-0.3180418059,2.6713938699999984,-5.479460167000004,0.4233724567999999,-1.300053533
8,GLY,0.977,0.5403761061946902,0.95426,0.73307,0.09793,1,0.125,0,0.0,0.4556,0.0,1.0,0.5062,0.9736755,1.88977849,2.69473997,3.34267824,-0.6989738769999999,-1.3501000334,-0.1256136726,-0.35474333454,2.662886860000004,-6.573221478000004,0.4879710413999995,-1.819988359299999
9,SER,0.541,0.2486213235294117,1.56655,1.15797,0.4770300000000003,2,0.2,0,0.0,0.4111,0.1877,0.8514,0.5309,1.2519081500000002,2.4299802,3.46538606,4.298925039999999,-1.5726224892399998,-3.0558287656400007,-0.2583464837200001,-0.7334751111799999,4.084008984000006,-8.166625231360003,0.657837475000001,-1.8997663970200016
10,HIS,1.417,0.5124773960216998,2.8017000000000003,1.20026,0.1477399999999999,2,0.153846153846154,0,0.0,0.1444,0.561,0.1124,0.679,1.53038358,2.97209397,4.24236158,5.269780560000001,-1.8531674868000003,-3.606253162,-0.2964963303,-0.8427737850000001,3.925040153000008,-7.818464696,0.6478999965,-1.9058236666
11,MET,1.425,0.4778672032193158,2.41654,1.14283,0.4141700000000001,1,0.0555555555555556,0,0.0,0.7111,0.6196,0.0,0.0988,1.66872183,3.23618091,4.608165970000001,5.704022269999999,-1.136718176285,-2.20959566896,-0.1843339884804999,-0.523183858146,3.178073433999999,-4.797661075899995,0.5333427259000004,-1.2014451138800006
12,GLY,0.314,0.1736725663716814,0.6791200000000001,0.96068,0.53332,6,0.272727272727273,0,0.0,0.4556,0.0,1.0,0.5062,1.94769987,3.78216746,5.3976701600000005,6.70292043,-1.1813134789,-2.298819565500001,-0.18984393134,-0.5398599762999999,1.6878304340000012,-3.173723014199998,0.276972767,-0.7574994317000003
13,GLY,0.106,0.0586283185840707,0.607,0.92618,0.77582,10,0.32258064516129,0,0.0,0.4556,0.0,1.0,0.5062,1.9464065700000004,3.7720597,5.36448074,6.627122679999999,-1.0416545229999998,-2.017822985,-0.1792022831999999,-0.5072666344,1.765717276,-2.519538819,0.2967618216,-0.6168683571999998
14,ASN,0.424,0.1734151329243353,1.91323,1.4744500000000005,0.5465499999999994,6,0.3,2,0.1,0.1111,0.3976,0.6747,0.8272,2.2275971,4.33537232,6.2109935400000005,7.75657049,-0.9122422856999997,-1.7790773734999996,-0.13960421188,-0.39741063146,2.556569962,-3.5410122410000007,0.3733610527999998,-0.7929341472200003
15,TYR,0.981,0.2878521126760563,3.49102,1.5968700000000002,0.8301299999999998,2,0.222222222222222,1,0.111111111111111,0.3556,0.8063,0.502,0.1605,1.6710572200000002,3.25436706,4.667659639999999,5.83921858,-1.224650644577,-2.3813292898159992,-0.1991017869969999,-0.5657173330660002,2.7111920160000023,-1.3009023535639996,0.4207851029999997,-0.3212790922039995
16,GLY,0.93,0.5143805309734514,0.97746,0.69197,0.18603,0,0.0,1,0.2,0.4556,0.0,1.0,0.5062,1.1133833,2.1645206,3.0953699399999994,3.85596488,-1.3378058001999993,-2.5932150276000003,-0.2269304972899999,-0.6424779195500001,2.0796566479999985,-2.5672148611,0.3456345422,-0.6861419744999998
17,ASP,0.508,0.1894815367400223,1.96292,1.42563,0.7473700000000001,0,0.0,2,0.166666666666667,0.1111,0.3239,0.8675,1.0,1.67040507,3.24925107,4.65079417,5.800497890000001,-0.5533925312,-1.0738244332000004,-0.09439389052,-0.26807993125,2.945999201000002,-3.1311365672000027,0.4678256599999999,-0.7937617102
18,ASP,1.327,0.494964565460649,2.3641,0.93262,0.4213800000000001,0,0.0,2,0.142857142857143,0.1111,0.3239,0.8675,1.0,1.52960965,2.96610092,4.22287223,5.22584617,-0.86352655666,-1.6923015736999998,-0.1192463184,-0.3409344443,2.715258152000001,-5.066561621199997,0.3842296716,-0.9967647191
19,ARG,1.035,0.3086787951088577,2.93311,1.72735,0.5906500000000006,2,0.105263157894737,5,0.263157894736842,0.0,0.7346,0.9398,0.6914,1.38948657,2.68812045,3.81164106,4.688454429999999,-0.2597060082,-0.5050883273,-0.04203063121,-0.1194199510699999,3.455208574000001,-2.1118880914000004,0.5593604154000003,-0.5211457314000003
20,ARG,2.16,0.6441992245750074,3.58171,1.14694,0.0460599999999999,1,0.0909090909090909,4,0.363636363636364,0.0,0.7346,0.9398,0.6914,1.11204343,2.15405681,3.06103788,3.77764123,-0.5700733271999999,-1.1074778967,-0.09385934397,-0.26639662553,3.4538922180000005,-5.442366377900004,0.5698973625000001,-1.3591540705
21,GLY,1.009,0.5580752212389379,1.05283,0.6270199999999999,0.1719800000000002,0,0.0,2,0.2,0.4556,0.0,1.0,0.5062,0.97231712,1.8791848,2.6600357000000003,3.26367128,-0.8251543844999999,-1.60197943,-0.1381082396,-0.3919844,4.114814844000001,-7.341566556000003,0.7320182022000002,-1.8743743965999984
22,GLY,0.197,0.1089601769911504,0.64152,1.03418,0.5768199999999999,0,0.0,2,0.125,0.4556,0.0,1.0,0.5062,1.24977934,2.41344812,3.41146263,4.176874140000001,-0.3504424685,-0.6752937123999999,-0.06519470523,-0.1838109593999999,3.213560157999996,-2.8487993556,0.5689681543999999,-0.7650647613
23,ARG,2.536,0.7563376081121383,4.05755,0.6871099999999999,0.1298900000000002,1,0.0476190476190476,4,0.19047619047619,0.0,0.7346,0.9398,0.6914,1.80917822,3.51665731,5.02722407,6.25817135,-0.91253308168,-1.7915825555000005,-0.1218777229299999,-0.3493245284939999,2.953930510000004,-5.520122792999998,0.3976325139999999,-1.0802574799999998
24,GLY,0.027,0.014933628318584,0.62657,1.09739,0.68361,3,0.142857142857143,6,0.285714285714286,0.4556,0.0,1.0,0.5062,1.38939168,2.68736136,3.80908776,4.68243892,-0.6434896074,-1.252790928,-0.1016246468899999,-0.28885393014,3.5319858060000016,-3.8968994555,0.5852279363000004,-0.9130490491999996
25,GLY,0.688,0.3805309734513274,0.8932800000000001,0.77204,0.3479600000000001,2,0.2,3,0.3,0.4556,0.0,1.0,0.5062,1.1129003,2.16074472,3.08296571,3.82761718,-1.0266880113,-1.9888574,-0.17650555688,-0.4996084432,2.7078886500000023,-5.578586986999997,0.4479101413999998,-1.3261884790999996
26,TYR,0.922,0.2705399061032864,3.2704700000000004,1.84793,0.6380699999999997,5,0.384615384615385,2,0.153846153846154,0.3556,0.8063,0.502,0.1605,1.67099725,3.25388314,4.66601609,5.83529783,-1.3503586395000005,-2.6265874330000005,-0.21789256217,-0.6191262767000001,4.205016386000004,-7.970229760999994,0.6461427805,-1.8901147911000007
27,ASP,1.287,0.4800447594181275,2.38071,0.8888999999999998,0.5051000000000003,5,0.357142857142857,0,0.0,0.1111,0.3239,0.8675,1.0,1.8099796,3.52298891,5.0482531,6.30692838,-1.2837557670299995,-2.5004672675000004,-0.2007373997299999,-0.57072434913,3.5719053279999966,-4.851862866500007,0.5857862984000005,-1.1711152858999994
28,ARG,0.784,0.2338204592901878,2.76726,1.95548,0.6135199999999998,7,0.35,0,0.0,0.0,0.7346,0.9398,0.6914,1.52968348,2.9666551200000004,4.22461479,5.22959346,-1.23717993484,-2.4012398571,-0.206761489058,-0.5863601577950001,2.6716365309999985,-3.888825353199999,0.4188471604000001,-0.8977063119700003
29,GLY,0.852,0.4712389380530973,0.94604,0.6900999999999999,0.2659000000000001,3,0.272727272727273,0,0.0,0.4556,0.0,1.0,0.5062,1.39170842,2.70544984,3.8684222,4.81775873,-1.6493356440999998,-3.218135159,-0.250994001,-0.7150629397,3.024402263999997,-4.859279099,0.4790234220000001,-1.1849289150999995
30,GLY,0.671,0.3711283185840708,0.83505,0.85572,0.28128,2,0.181818181818182,0,0.0,0.4556,0.0,1.0,0.5062,1.2519305099999998,2.43014392,3.46588675,4.299954329999999,-1.1621789884999998,-2.2570521,-0.192133889738,-0.5450964091799999,3.6483759570000016,-4.2485344652,0.6178290704000006,-1.1345192693800004
31,TYR,1.038,0.3045774647887324,3.48806,1.5587199999999997,0.8112800000000004,6,0.272727272727273,0,0.0,0.3556,0.8063,0.502,0.1605,1.80803971,3.507809220000001,4.99834491,6.19275162,-1.154838092,-2.253815541,-0.1746895021599999,-0.4976979179999999,2.0406611850000007,-2.651984968499998,0.3398029673000003,-0.6680894269000002
32,ARG,1.386,0.4133611691022964,3.44932,1.49367,0.4733300000000002,5,0.227272727272727,1,0.0454545454545455,0.0,0.7346,0.9398,0.6914,1.80731385,3.50222083,4.98028225,6.15237287,-1.1349741693,-2.211929651,-0.1762978737999999,-0.5016705343,3.4921530419999987,-5.769012682999998,0.5823040651000003,-1.3585443679000004
33,GLY,0.131,0.0724557522123893,0.80625,1.00996,0.6670400000000001,5,0.277777777777778,1,0.0555555555555556,0.4556,0.0,1.0,0.5062,1.66926519,3.2403546200000006,4.621622240000001,5.73399657,-1.6900854639400005,-3.29257496652,-0.264690551077,-0.753015508705,3.218348383000001,-7.729731455600002,0.5326660079000002,-1.8255452865000013
34,ARG,2.121,0.6325678496868475,3.93282,1.09402,0.1379800000000002,4,0.5,1,0.125,0.0,0.7346,0.9398,0.6914,1.3922895400000002,2.7099733,3.88321038,4.85133153,-1.10323488085,-2.1485094527,-0.17331863978,-0.49274502867,5.972894381000006,-10.454887069399993,0.919831420800001,-2.441276316239997
35,GLY,0.777,0.4297566371681416,0.94422,0.7353400000000001,0.29566,1,0.25,0,0.0,0.4556,0.0,1.0,0.5062,0.8341413,1.6164342199999997,2.29884647,2.8406606,-1.1729076925300002,-2.2803357354000005,-0.189489314847,-0.53784314526,4.710256568000004,-10.532225309200008,0.7697159246000015,-2.5753293450699988
36,GLY,0.746,0.4126106194690265,0.94153,0.75129,0.31071,1,0.25,0,0.0,0.4556,0.0,1.0,0.5062,0.6943883000000001,1.3413532599999998,1.89715646,2.3251155,-0.9147498489,-1.7790666484000002,-0.14780777793,-0.4199209826,4.507907987999994,-9.403207683000003,0.7899254078000005,-2.4750404016999976
37,ASP,1.529,0.5703095859753823,2.52575,0.7269,0.4251000000000001,0,0.0,0,0.0,0.1111,0.3239,0.8675,1.0,0.8341754800000001,1.61670097,2.2997214,2.84265619,-0.9766819115000002,-1.905544845,-0.1477460877,-0.4206017949999999,4.436723269999996,-10.719966493,0.7126922615999993,-2.5342949182
38,ARG,2.712,0.8088279152997316,4.00144,0.8020700000000001,-0.16107,0,0.0,0,0.0,0.0,0.7346,0.9398,0.6914,0.97384955,1.89115852,2.69934098,3.35340077,-1.165437355,-2.2783827430000003,-0.17004870738,-0.4851374769,3.6137833299999977,-8.2249712308,0.5679074651999999,-1.904186508800001
39,GLY,0.45,0.2488938053097345,0.93901,0.8726400000000001,0.48536,0,0.0,0,0.0,0.4556,0.0,1.0,0.5062,0.97329374,1.88681204,2.68506033,3.3207598000000003,-1.7765379060000002,-3.4532470165,-0.2904203766400001,-0.8248758620000003,3.5707420749999965,-8.509822494000002,0.5946814357000002,-2.155850410399999
40,GLY,0.965,0.5337389380530974,1.04871,0.65357,0.1894300000000001,1,0.1,0,0.0,0.4556,0.0,1.0,0.5062,1.3924881700000002,2.71151465,3.88823226,4.8626784700000005,-1.8841643897,-3.669369133999999,-0.2961371563599999,-0.8419451388000003,4.326396134000006,-9.488097786000008,0.6377985742000012,-2.0783751925000007
41,PHE,0.968,0.3113541331617883,3.1558,1.66246,0.4785399999999999,1,0.0454545454545455,0,0.0,0.8111,0.783,0.0763,0.037,2.2270749000000003,4.33124516,6.1972822800000005,7.72476944,-1.4157935125000003,-2.7496089922,-0.23529104761,-0.6678824058600001,4.0420740239999935,-7.199756403500004,0.6715443367999995,-1.7260978883000002
42,ARG,2.093,0.6242171189979123,3.62311,1.1208,0.1392000000000002,1,0.04,1,0.04,0.0,0.7346,0.9398,0.6914,2.36706195,4.608138530000001,6.604866180000001,8.25360053,-0.9513086271999998,-1.8444121154,-0.16298265666,-0.4621244372499999,1.650119131,-2.3534798313999987,0.2590467248000002,-0.5605557088999996
43,GLY,0.377,0.2085176991150442,0.8089400000000001,0.9880599999999998,0.4429400000000002,1,0.027027027027027,1,0.027027027027027,0.4556,0.0,1.0,0.5062,2.08475145,4.03619686,5.730438060000001,7.061670160000001,-1.28632368125,-2.486281232740001,-0.23070767765,-0.6524629311499999,1.9203128360000004,-2.1271947057800005,0.3423770817,-0.5846228078799998
44,GLY,0.328,0.1814159292035398,0.6770999999999999,1.01023,0.46977,1,0.037037037037037,0,0.0,0.4556,0.0,1.0,0.5062,1.94637038,3.77191681,5.36447994,6.628535389999999,-1.7026506972900004,-3.310560416829999,-0.2765220100539999,-0.78545398326,2.6705757539999984,-3.483588681499998,0.4261954688000001,-0.8727675795919998
45,ARG,2.495,0.7441097524604832,4.0217,0.84551,0.0124900000000001,0,0.0,0,0.0,0.0,0.7346,0.9398,0.6914,1.80921407,3.516947,5.02821131,6.26053679,-1.82460449345,-3.55457772115,-0.285850491673,-0.81322770595,2.2405112730000014,-4.190699697,0.3414545611000001,-0.9440540607
46,GLY,0.451,0.2494469026548672,0.83414,0.97852,0.37848,0,0.0,0,0.0,0.4556,0.0,1.0,0.5062,1.94852606,3.78861881,5.41882894,6.75116088,-1.2958540128899998,-2.5277144549499995,-0.1982096441139999,-0.5645165357650002,2.477259100000002,-3.5498502545000004,0.3696071705999998,-0.8003761335999994
47,GLY,0.436,0.2411504424778761,0.85149,0.8523000000000001,0.5197,0,0.0,2,0.166666666666667,0.4556,0.0,1.0,0.5062,1.25112334,2.4239066300000003,3.44564923,4.25447712,-1.115464340405,-2.153131482279,-0.2036654806807999,-0.5752829845353999,2.746951324999999,-2.8059893937439995,0.4553263209000002,-0.7810704025500004
48,GLY,0.666,0.368362831858407,0.92956,0.76888,0.3731199999999999,0,0.0,2,0.2,0.4556,0.0,1.0,0.5062,0.83288674,1.60663069,2.26666047,2.76716834,-1.3829592943499995,-2.67976041417,-0.23893810932,-0.6771434628,3.2497455740000007,-5.044724033269996,0.6018742478000007,-1.3839507983499992
49,ASP,1.523,0.568071615069004,2.47448,0.7661200000000001,0.39188,0,0.0,2,0.2,0.1111,0.3239,0.8675,1.0,1.25250285,2.43462815,3.48064879,4.33378237,-0.9113877293,-1.7732661045000002,-0.14689520494,-0.41763404358,3.7347680189999934,-3.2035348479,0.5640122267999998,-0.7761993781800002
50,ARG,2.067,0.6164628690724724,3.74983,1.06008,0.2259200000000001,0,0.0,3,0.136363636363636,0.0,0.7346,0.9398,0.6914,1.80841222,3.51067285,5.0075828300000005,6.213342699999999,-0.955102259167,-1.853308367456,-0.1617329202267,-0.4589745330990001,3.3378847109999947,-3.4454766256300005,0.5387706979,-0.8559803897070004
51,GLY,0.106,0.0586283185840707,0.66769,1.05384,0.6481599999999998,1,0.027027027027027,3,0.0810810810810811,0.4556,0.0,1.0,0.5062,2.2244719400000004,4.31099747,6.131123740000001,7.574670869999999,-1.0948567537000002,-2.1282451137,-0.179294748064,-0.509364675934,2.1204998569999995,-2.36105411119,0.3415367430000002,-0.5957972807199999
52,GLY,0.0,0.0,0.57233,1.05052,0.7574800000000002,1,0.0204081632653061,2,0.0408163265306122,0.4556,0.0,1.0,0.5062,2.50158166,4.84247586,6.87329971,8.4664176,-1.0735508711580002,-2.0802925578400004,-0.1845907654105,-0.5228904025589999,2.079094841,-3.0741187456799994,0.354653113,-0.771931710784
53,PHE,0.651,0.2093920874879382,3.06536,1.7167800000000002,0.74122,3,0.0789473684210526,1,0.0263157894736842,0.8111,0.783,0.0763,0.037,2.6423372400000003,5.125346889999999,7.300416050000001,9.0395698,-0.6889033835999998,-1.3311755788,-0.12425373318,-0.35138111544,1.6091300310000003,-2.2925572256000004,0.2659485334000001,-0.5737254102000001
54,GLY,0.027,0.014933628318584,0.57981,1.00871,0.7722900000000001,2,0.0740740740740741,2,0.0740740740740741,0.4556,0.0,1.0,0.5062,2.3657202299999995,4.59770517,6.570790260000002,8.17633796,-1.317011493,-2.5649813893,-0.207087754095,-0.5889059200799999,2.3185142790000004,-3.0368673692000003,0.3568177312000001,-0.7109539182600002
55,PRO,0.564,0.252914798206278,1.68226,1.16046,0.5055399999999999,1,0.0625,1,0.0625,0.3222,0.3764,0.8594,0.3827,1.67053582,3.2502775,4.654178300000001,5.80826691,-1.43365273755,-2.7876130367200003,-0.2312023356846,-0.6563073596350002,3.814743866000002,-5.699120351670002,0.5621354291,-1.298410820222
56,GLY,0.765,0.4231194690265487,0.93585,0.70042,0.3425800000000001,1,0.0909090909090909,2,0.181818181818182,0.4556,0.0,1.0,0.5062,1.11276931,2.15970544,3.07949965,3.8195379,-1.2627047930000002,-2.4618918383,-0.19574975173,-0.5574792122000001,3.418185062000002,-5.110242847,0.5346565651000004,-1.1735434742000006
57,LYS,2.304,0.8861538461538461,3.25921,0.69201,-0.3960099999999997,0,0.0,1,0.142857142857143,0.0667,0.6942,0.6867,0.7901,0.83336791,1.61036986,2.27886363,2.79480924,-1.3817961751000003,-2.686937861,-0.22524874396,-0.6401547343999999,3.7658744390000014,-5.902775776500002,0.6413122006000005,-1.456438044600001
58,MET,1.092,0.3661971830985915,2.25366,1.4004599999999998,0.4895400000000003,2,0.125,3,0.1875,0.7111,0.6196,0.0,0.0988,1.25047031,2.4187908300000003,3.4288133000000003,4.21591748,-1.7984757844400003,-3.4857734187000005,-0.30886233824,-0.8753262499200001,2.547856687,-4.239146128300002,0.4488399307999998,-1.1295614795000004
59,ASP,1.182,0.4408802685565087,2.1316,0.83518,0.6638200000000001,1,0.0714285714285714,1,0.0714285714285714,0.1111,0.3239,0.8675,1.0,1.94860603,3.78927874,5.4211184900000005,6.75676569,-1.01253907189,-1.95904255855,-0.1782693796839999,-0.5043767494849999,2.3965867880000005,-2.85912717,0.3730406725999999,-0.7185640318199997
60,SER,0.536,0.2463235294117647,1.30658,1.1163599999999998,0.5236400000000003,1,0.04,1,0.04,0.4111,0.1877,0.8514,0.5309,2.2262247100000003,4.324688990000001,6.176059060000001,7.67723164,-1.3526994484029995,-2.6236705911100007,-0.2287948375067999,-0.6485671911049999,1.5719020899999998,-2.7606437440000016,0.243110593,-0.6448866524999998
61,ARG,1.837,0.547867581270504,3.67149,1.30746,0.2085400000000001,1,0.0416666666666667,0,0.0,0.0,0.7346,0.9398,0.6914,1.80677848,3.49802483,4.9664562000000005,6.1206423700000006,-1.746750217176,-3.38729568178,-0.2967871517489999,-0.8412217135199999,2.551185700000001,-4.47888016844,0.4209870303,-1.1035736798400002
62,GLY,0.56,0.3097345132743363,0.8423900000000001,0.81706,0.43094,0,0.0,0,0.0,0.4556,0.0,1.0,0.5062,1.3900494799999998,2.69254284,3.82623188,4.72197581,-1.7424577450905,-3.37783061627,-0.2974221247069,-0.8426831685910001,2.3523871509999994,-3.6775952448,0.4090865296999998,-0.9626627528
63,GLU,1.365,0.500366568914956,2.76437,1.22715,0.1358500000000002,0,0.0,0,0.0,0.1111,0.4884,0.8112,0.9136,1.11291797,2.16087311,3.08335469,3.82840616,-1.62472158355,-3.1669593912300003,-0.2518060923799999,-0.7166614291200001,2.119120752,-4.778913673599997,0.3502196840000001,-1.1912910233500005
64,HIS,1.971,0.7128390596745027,3.42401,0.6652499999999999,0.1287500000000001,0,0.0,0,0.0,0.1444,0.561,0.1124,0.679,0.69439156,1.3413782799999998,1.89723656,2.32529184,-0.785357696,-1.5219487609999998,-0.1345752513,-0.381141394,2.192579159999997,-5.979224120000002,0.4051794637000001,-1.6137931239999996
65,ARG,1.789,0.533552042946615,3.81849,1.07563,0.4883700000000002,0,0.0,0,0.0,0.0,0.7346,0.9398,0.6914,0.69437879,1.3412835,1.89694259,2.32467414,-0.7882972429999999,-1.537168108,-0.1212534976,-0.345226996,2.201966828,-5.887512704000002,0.3296954582,-1.2905929150000008
66,GLN,1.77,0.6156521739130435,3.05698,0.8776499999999999,0.22735,0,0.0,0,0.0,0.1111,0.5388,0.7952,0.6914,0.69430607,1.34070512,1.89500898,2.32015135,-0.453402238,-0.882001826,-0.0728669463,-0.207009938,2.001666695999999,-3.4319087739999983,0.3294619671000001,-0.7836531279999994
67,ASP,1.409,0.5255501678478179,2.38739,0.8279799999999999,0.4440200000000001,0,0.0,0,0.0,0.1111,0.3239,0.8675,1.0,0.69456611,1.34273987,1.90169697,2.33544578,-0.352642505,-0.6829767050000001,-0.0607449477999999,-0.1718844159999999,2.238165578000001,-5.14192653,0.3592644016000002,-1.2460121679999996
68,ARG,2.472,0.7372502236802863,4.015029999999999,0.78459,0.0964100000000002,0,0.0,0,0.0,0.0,0.7346,0.9398,0.6914,0.55490336,1.06836706,1.50234273,1.82526734,-0.3006729039999999,-0.580525925,-0.0545624619999999,-0.154101441,1.2922877359999994,-3.829852375000001,0.2370640843000001,-1.0247858980000002
69,ARG,1.506,0.449150014912019,2.60599,1.5866000000000002,0.2603999999999999,0,0.0,0,0.0,0.0,0.7346,0.9398,0.6914,0.41557287,0.79660434,1.1116039,1.33490193,-0.25434734,-0.4924811999999999,-0.0444691685,-0.1259443519999999,0.901849552,-2.85515552,0.157194501,-0.7228287279999998
70,GLU,1.671,0.6125366568914956,2.96625,0.82816,0.2288400000000001,0,0.0,0,0.0,0.1111,0.4884,0.8112,0.9136,0.2774348399999999,0.53405192,0.75073928,0.91164717,-0.188804246,-0.364857866,-0.03388536,-0.0957876719999999,0.3136669180000001,-1.007369972,0.054734133,-0.256501715
71,ARG,1.98,0.5905159558604235,3.61006,0.98679,0.3862100000000003,3,1.0,3,1.0,0.0,0.7346,0.9398,0.6914,0.2774348399999999,0.53405192,0.75073928,0.91164717,-0.82374537178165,-1.5994046080279998,-0.1368373002335899,-0.3881662520230999,1.8164876071,-4.106833908184,0.30528872529,-1.019569513199
72,PRO,1.035,0.4641255605381165,1.9314,1.00819,0.1868100000000001,4,1.0,4,1.0,0.3222,0.3764,0.8594,0.3827,0.27634442,0.52563834,0.7234791,0.8505007,-0.7314448872422149,-1.4206155006527996,-0.1208423150820489,-0.34286070587341,1.74301779781,-4.069629282158401,0.293718894789,-1.0111690965349005
73,TYR,2.77,0.812793427230047,5.07517,0.6455099999999999,-0.00751,2,1.0,2,1.0,0.3556,0.8063,0.502,0.1605,0.2774348399999999,0.53405192,0.75073928,0.91164717,-0.6303436014573864,-1.2248939890910795,-0.1031843341195638,-0.2928784596016509,1.6820808624909993,-4.1088326858942406,0.2821821312979,-1.01601973090839
