1,GLY,1.341,0.7417035398230089,1.20129,0.27655,0.19045,0,0.0,0,0.0,0.4556,0.0,1.0,0.5062,0.27746852,0.5343151399999999,0.75160345,0.91362017,-0.292745885,-0.565648634,-0.0525685645,-0.1485646749999999,1.05778756,-3.219225388,0.1905794008999999,-0.8352879319999993
2,PRO,1.545,0.6928251121076233,2.03236,0.73878,-0.0537799999999999,0,0.0,0,0.0,0.3222,0.3764,0.8594,0.3827,0.55530446,1.07151411,1.5127188299999998,1.84909427,-0.3871024649999999,-0.75499776,-0.0589818179,-0.167863109,1.8461765690000005,-4.982709734000004,0.2908605509,-1.159154071
3,GLY,0.663,0.3667035398230088,0.99881,0.75971,0.38529,0,0.0,0,0.0,0.4556,0.0,1.0,0.5062,0.69416519,1.33962129,1.89150963,2.31234243,-0.297198479,-0.577526539,-0.0487392835,-0.1383850579999999,1.8830332030000003,-3.688156989999999,0.317173149,-0.9020649680000008
4,GLY,1.017,0.5624999999999999,0.9945,0.63866,0.1523400000000001,0,0.0,0,0.0,0.4556,0.0,1.0,0.5062,0.69462176,1.34317782,1.90314701,2.33879467,-0.5039460904999999,-0.976020326,-0.0866379096,-0.2451132773,2.276580887,-5.26580214,0.3709575498999998,-1.3240280898000003
5,GLY,0.76,0.4203539823008849,0.90206,0.80644,0.24156,0,0.0,0,0.0,0.4556,0.0,1.0,0.5062,0.97325188,1.88649034,2.68402207,3.31844334,-0.7119767873999999,-1.39321785,-0.102418571,-0.2926024972000001,2.673379960000003,-4.45235004,0.4033370218000005,-0.9416884252000002
6,PRO,1.161,0.520627802690583,1.90285,0.98436,0.0846399999999999,1,0.111111111111111,0,0.0,0.3222,0.3764,0.8594,0.3827,0.9729790900000002,1.88434546,2.67693553,3.30212701,-0.9673405515,-1.882389698,-0.1551435226,-0.4410690976,3.259001664000001,-6.2467602699999984,0.5294411030000004,-1.445988853
7,GLY,0.726,0.4015486725663716,1.00182,0.74619,0.33581,2,0.2,0,0.0,0.4556,0.0,1.0,0.5062,0.9733151,1.88698423,2.68564368,3.32214713,-0.9442230206,-1.835281566,-0.15406583103,-0.4374529456,3.611219017000002,-6.813003991999999,0.5918001798000001,-1.643372202199998
8,GLY,0.571,0.3158185840707964,1.04796,0.7318800000000001,0.50512,2,0.166666666666667,0,0.0,0.4556,0.0,1.0,0.5062,1.25213509,2.43175491,3.4712183800000003,4.31225939,-1.0575813378,-2.0628038556000003,-0.16186887477,-0.4609574874999999,5.737931938000002,-7.835106039800008,0.8814304422000011,-1.7629761092
9,SER,0.367,0.1686580882352941,1.40329,1.1681400000000002,0.64086,2,0.0952380952380952,0,0.0,0.4111,0.1877,0.8514,0.5309,1.66926399,3.2403418,4.62157006,5.733848,-1.314918922,-2.565374329999999,-0.2008842437,-0.5723418724999999,5.106494362999999,-10.23944520799999,0.8091431729999999,-2.333469544000004
10,HIS,1.38,0.4990958408679927,2.90149,1.14042,0.2445800000000002,0,0.0,0,0.0,0.1444,0.561,0.1124,0.679,1.6698512,3.24491134,4.6365046,5.767737909999999,-1.1885435688179995,-2.3104713895999995,-0.1933166990075,-0.5488845738160001,4.001464793999994,-7.286851458999994,0.6791157368000001,-1.819188555116
11,MET,1.414,0.4741784037558685,2.42976,1.16675,0.4012500000000003,0,0.0,0,0.0,0.7111,0.6196,0.0,0.0988,1.668736,3.2362483700000007,4.60824153,5.703752379999999,-1.158494773,-2.2504479865,-0.1906129153,-0.5408648114,2.391240959,-3.1237210580000005,0.4193444348999998,-0.8241788512000002
12,GLY,0.364,0.2013274336283185,0.7820199999999999,0.93989,0.50411,3,0.136363636363636,0,0.0,0.4556,0.0,1.0,0.5062,1.8088783,3.5143147000000003,5.019538750000001,6.24064092,-1.1642718023000005,-2.263787889,-0.18977706124,-0.5392589443000001,2.3172133459999995,-2.569380597999999,0.3705119166000001,-0.6158357101999999
13,GLY,0.292,0.161504424778761,0.6948399999999999,0.91753,0.5984700000000001,3,0.12,0,0.0,0.4556,0.0,1.0,0.5062,1.80834468,3.510148,5.0058688700000005,6.20945648,-1.4030513155,-2.726762607800001,-0.2285739193799999,-0.6486825596999999,2.316760665999999,-4.623522550000001,0.3731082794000003,-1.0965971234999998
14,ASN,0.44,0.1799591002044989,2.0048,1.4471100000000003,0.5578899999999996,5,0.238095238095238,1,0.0476190476190476,0.1111,0.3976,0.6747,0.8272,1.8091785,3.51666269,5.027252090000001,6.25826585,-0.8165606507799997,-1.5878801511599996,-0.132292001908,-0.37578606813,2.748769242999999,-2.705693901400001,0.4430255048999998,-0.6558063351999999
15,TYR,1.139,0.3342136150234742,3.65299,1.4180299999999997,0.8509700000000004,3,0.333333333333333,2,0.222222222222222,0.3556,0.8063,0.502,0.1605,1.3918343000000002,2.70642796,3.87161153,4.82497205,-1.0283398271000002,-1.9995494198000008,-0.167122331622,-0.47477438417,2.514503876000001,-1.5495780252000009,0.3914604032000005,-0.4299578680999998
16,GLY,0.948,0.5243362831858407,0.96784,0.6340399999999999,0.2259600000000001,0,0.0,1,0.25,0.4556,0.0,1.0,0.5062,0.83431869,1.61781738,2.30337618,2.8509687,-1.1028266233999997,-2.134841235,-0.1916141431099999,-0.5420348500400002,2.275081326999997,-2.994524095700002,0.3847005675999999,-0.8608120386499998
17,ASP,0.36,0.134278254382693,1.94976,1.4831200000000002,0.83788,1,0.0909090909090909,2,0.181818181818182,0.1111,0.3239,0.8675,1.0,1.2513252700000002,2.42542018,3.45039856,4.26465143,-0.68071653288,-1.3191968495399993,-0.117587965043,-0.3333256505499999,2.317888884000001,-2.671185669,0.3675026580999997,-0.6801656794500007
18,ASP,1.425,0.5315180902648265,2.38993,0.88422,0.37178,1,0.0714285714285714,1,0.0714285714285714,0.1111,0.3239,0.8675,1.0,1.3898899500000002,2.69129415,3.82212368,4.71256986,-0.30367814824,-0.5904965837300001,-0.0489305885339999,-0.1388967866499999,3.061895914999997,-2.32699667071,0.5008451406,-0.5613282022900001
19,ARG,1.194,0.3560990158067402,2.98275,1.6965800000000004,0.4624199999999998,3,0.157894736842105,4,0.210526315789474,0.0,0.7346,0.9398,0.6914,1.2500380400000002,2.41540425,3.4176622400000003,4.19035374,-0.3320340442,-0.6434114576999999,-0.0571292561,-0.1618414839,3.177902256999996,-2.7647066104000007,0.5377267456999993,-0.7134676265000002
20,ARG,1.97,0.5875335520429465,3.4448200000000004,1.2932199999999998,0.0897800000000004,1,0.0769230769230769,4,0.307692307692308,0.0,0.7346,0.9398,0.6914,1.1113964900000002,2.14901747,3.0445457099999995,3.74014071,-0.65019234128,-1.2654427940400002,-0.10400618777,-0.29572398219,3.18081576,-5.718692742000001,0.5140474633000001,-1.342773673780001
21,GLY,0.797,0.4408185840707965,0.90137,0.6946599999999999,0.3163400000000002,0,0.0,2,0.166666666666667,0.4556,0.0,1.0,0.5062,0.97197768,1.87653775,2.65136375,3.24392783,-0.772587626,-1.4937379630000005,-0.1379456496999999,-0.3902118352,4.1148450080000005,-6.952047321800006,0.7334719444000007,-1.8296108370000008
22,GLY,0.292,0.161504424778761,0.67325,0.94603,0.56997,1,0.0588235294117647,2,0.117647058823529,0.4556,0.0,1.0,0.5062,1.38893471,2.68392921,3.79829026,4.65921073,-0.30649011975,-0.5920432844999999,-0.05474208087,-0.1545328233699999,3.4140489380000014,-3.264041706199998,0.5624568226000001,-0.8786517224400009
23,ARG,2.205,0.6576200417536534,3.98909,0.7692299999999999,0.3787700000000003,2,0.0952380952380952,3,0.142857142857143,0.0,0.7346,0.9398,0.6914,1.8090667,3.5157762800000003,5.024298419999999,6.25139068,-0.6113843956000001,-1.2001878949,-0.08194695347,-0.2348566838999999,2.5201404920000026,-4.591271474100002,0.3449761980999998,-0.9042936289999992
24,GLY,0.144,0.079646017699115,0.65869,0.99134,0.6726600000000001,3,0.130434782608696,5,0.217391304347826,0.4556,0.0,1.0,0.5062,1.38886231,2.68327187,3.795823050000001,4.65264452,-0.5575524971,-1.08484902685,-0.0887194100399999,-0.25197139242,2.8646270320000013,-3.6559276727,0.4745981671000002,-0.8527060505400001
25,GLY,0.38,0.2101769911504424,0.81672,0.8867400000000001,0.5412599999999999,2,0.181818181818182,2,0.181818181818182,0.4556,0.0,1.0,0.5062,1.25250944,2.43467833,3.48080926,4.3341362000000005,-0.7580315927019999,-1.4702364737400002,-0.1279474183166999,-0.3625742966519999,2.2767868149999995,-4.731362240933997,0.3710830356999995,-1.1190603057209996
26,TYR,0.883,0.2590962441314554,3.3473,1.85658,0.66842,6,0.461538461538462,3,0.230769230769231,0.3556,0.8063,0.502,0.1605,1.81056765,3.52752089,5.06290925,6.339709279999999,-1.0923898667000005,-2.1245737099999995,-0.17605745024,-0.5000465402,2.5915502420000007,-5.723561933999999,0.4182955599999998,-1.3912181426000008
27,ASP,1.253,0.4673629242819843,2.49201,0.79708,0.6309200000000001,2,0.166666666666667,0,0.0,0.1111,0.3239,0.8675,1.0,1.53104606,2.9772786200000003,4.25941175,5.308800419999999,-1.2351758233,-2.3949241490000004,-0.20901976986,-0.5920244594499999,3.1790338569999976,-3.781010818500001,0.5251093030000006,-0.9368343340999996
28,ARG,0.83,0.2475395168505815,2.8363600000000004,1.97049,0.5525100000000001,1,0.0526315789473684,0,0.0,0.0,0.7346,0.9398,0.6914,1.53001608,2.96921787,4.23290547,5.24815052,-1.4873656904,-2.8936695292000003,-0.239130154119,-0.6796000430799999,2.319491574000001,-4.597018713000002,0.3521993742,-1.0204243328400002
29,GLY,0.874,0.4834070796460177,0.95427,0.6661600000000001,0.2678399999999999,0,0.0,0,0.0,0.4556,0.0,1.0,0.5062,1.25228041,2.43289764,3.4749947000000003,4.320957689999999,-1.3759772737180005,-2.680302901767999,-0.2160318883657,-0.6145443197635001,2.633766251999999,-4.444474994196001,0.3991166836,-1.0225442572269998
30,GLY,0.407,0.2251106194690265,0.6830200000000001,0.99823,0.4027700000000001,0,0.0,0,0.0,0.4556,0.0,1.0,0.5062,1.251528,2.42700175,3.4555820900000005,4.27646048,-1.0678054224,-2.0768301665,-0.17270722692,-0.4907497320499999,3.293928743999995,-3.0386134352000016,0.5694853029000009,-0.7951703862000002
31,TYR,0.934,0.2740610328638498,3.39237,1.6765499999999998,0.79745,0,0.0,0,0.0,0.3556,0.8063,0.502,0.1605,1.80786917,3.506450650000001,4.99379356,6.18207955,-1.2143953520000002,-2.369065327,-0.1856986672,-0.5289910718,2.0020229800000005,-2.9872839170000014,0.3280674162000003,-0.7394184152000002
32,ARG,1.294,0.3859230539815091,3.25564,1.5347,0.5243000000000002,0,0.0,0,0.0,0.0,0.7346,0.9398,0.6914,1.80801093,3.50757981,4.99757724,6.19095599,-0.816827306,-1.5865509760000005,-0.13513379826,-0.3835428110999999,3.374981736999995,-4.670128013999997,0.5600955839999999,-1.1446564747999994
33,GLY,0.618,0.3418141592920354,1.04697,0.7335499999999999,0.45645,1,0.0833333333333333,0,0.0,0.4556,0.0,1.0,0.5062,1.53060335,2.9737711199999994,4.247728830000001,5.281608919999999,-1.04009941251,-2.02143783785,-0.17036822938,-0.4837902800999999,4.395782131999995,-6.611830407069999,0.7276231582,-1.6052389456999985
34,ARG,1.619,0.4828511780495079,3.49638,1.4204,0.3136000000000001,1,0.1,0,0.0,0.0,0.7346,0.9398,0.6914,1.39090508,2.6991506,3.84766491,4.77012825,-1.2789601955,-2.4832795277,-0.2124118815,-0.6025764331,5.962970983999988,-11.671849984799984,1.0069004586999997,-3.0502550496000054
35,GLY,0.496,0.2743362831858407,0.75725,0.9239,0.3881,0,0.0,0,0.0,0.4556,0.0,1.0,0.5062,0.97363962,1.8895103,2.69390193,3.3408957100000003,-1.2587275869000003,-2.4492354435,-0.20092793515,-0.5708452974,5.4219928019999895,-11.130098967499992,0.8470759749000001,-2.6089927404000006
36,GLY,0.667,0.3689159292035398,0.9521,0.8224499999999999,0.3185500000000001,0,0.0,0,0.0,0.4556,0.0,1.0,0.5062,0.69445,1.34183714,1.89875074,2.32877263,-0.8763252595000002,-1.7045043499999997,-0.1415630897,-0.4022732746999999,3.4913571179999976,-7.988919215,0.5863069032999999,-1.9817455549000016
37,ASP,1.66,0.61917195076464,2.53429,0.7258699999999999,0.2951300000000002,0,0.0,0,0.0,0.1111,0.3239,0.8675,1.0,0.55479946,1.0675563499999998,1.49968556,1.81921389,-0.6937460159999999,-1.337084471,-0.1292095178,-0.3644803159999999,2.1130061939999982,-5.706607853000001,0.4004626851000001,-1.618204636
38,ARG,2.319,0.6916194452728899,4.09753,0.92589,0.1081100000000002,0,0.0,0,0.0,0.0,0.7346,0.9398,0.6914,0.97351316,1.88850794,2.69056066,3.33311076,-1.5756633357999998,-3.0820179054999994,-0.2299547826999999,-0.6570027809,3.2638207659999967,-7.608989714,0.4895419665999996,-1.643507939699999
39,GLY,0.714,0.3949115044247787,0.93325,0.8425100000000001,0.25149,0,0.0,0,0.0,0.4556,0.0,1.0,0.5062,0.8336408900000001,1.6125132,2.28593642,2.81106874,-1.6902090799000002,-3.2832687475,-0.27926615256,-0.7926946155000001,3.3703662479999976,-8.544061331000007,0.5977497769000002,-2.2239931916000004
40,GLY,0.79,0.4369469026548672,0.94209,0.77868,0.2393199999999999,1,0.1,1,0.1,0.4556,0.0,1.0,0.5062,1.3923792700000002,2.71067782,3.88553386,4.8566694,-1.67413791608,-3.25447974791,-0.2718846487399999,-0.7718798529499998,4.834304816999991,-8.796370085799996,0.7383543976999991,-2.1035747770800004
41,PHE,1.139,0.3663557413959472,3.25906,1.6369399999999998,0.3330600000000001,1,0.037037037037037,5,0.185185185185185,0.8111,0.783,0.0763,0.037,2.36647461,4.603593360000001,6.59009588,8.22033769,-0.95025824496,-1.83646334195,-0.1718347446599999,-0.4862045813900002,3.376436197,-5.069763619400001,0.5505444873,-1.24408617012
42,ARG,1.623,0.4840441395764986,3.42118,1.3114,0.4186000000000003,1,0.032258064516129,3,0.0967741935483871,0.0,0.7346,0.9398,0.6914,2.6458506,5.15270158,7.38988399,9.2428206,-0.97437483929,-1.89302940168,-0.160577444546,-0.45585133331,1.573442063,-2.926015069999999,0.2305453110999999,-0.6433165072999999
43,GLY,0.524,0.2898230088495575,0.85629,0.8952500000000001,0.3887499999999999,1,0.0285714285714286,3,0.0857142857142857,0.4556,0.0,1.0,0.5062,2.22475502,4.313205599999999,6.13835674,7.59113359,-1.3961097260799995,-2.7011820233000003,-0.24617859412,-0.69661971449,1.294131496,-1.0533669891999995,0.2232639272999999,-0.30400141357
44,GLY,0.457,0.2527654867256637,0.78876,0.8894199999999999,0.4615800000000001,0,0.0,2,0.0769230769230769,0.4556,0.0,1.0,0.5062,1.94697166,3.77653098,5.379346480000001,6.66163189,-1.8660846714400008,-3.625791282270001,-0.3069974639419999,-0.8715831001599997,1.845648214,-1.2927207696299987,0.2963930183999999,-0.3801993417700001
45,ARG,1.866,0.556516552341187,3.79577,0.9243400000000002,0.5626599999999999,0,0.0,2,0.0909090909090909,0.0,0.7346,0.9398,0.6914,1.94762956,3.781621060000001,5.3958864,6.69887805,-1.5198902610699996,-2.954871710300001,-0.2474868784899999,-0.70297370865,1.4140656300000003,-1.9790894000000008,0.2253853484999999,-0.4824860678999999
46,GLY,0.577,0.3191371681415929,0.8477800000000001,0.92903,0.30197,2,0.0952380952380952,2,0.0952380952380952,0.4556,0.0,1.0,0.5062,1.9477061,3.78224258,5.39800121,6.70392605,-1.2182937692,-2.365683335700001,-0.2019853124500001,-0.5730013759000002,2.3552618309999995,-1.9734645946,0.3852991867999999,-0.5574960513000002
47,GLY,0.488,0.2699115044247787,0.82158,0.9088800000000002,0.4111199999999998,1,0.0625,3,0.1875,0.4556,0.0,1.0,0.5062,1.66952239,3.24242874,4.628653330000001,5.750727909999999,-1.7557066099400005,-3.41765605336,-0.2781299586720001,-0.7904828724300001,2.5523058899999995,-3.2437143449999986,0.4089935017,-0.8400915710600002
48,GLY,0.977,0.5403761061946902,1.00316,0.6469499999999999,0.1840500000000001,0,0.0,2,0.25,0.4556,0.0,1.0,0.5062,0.97316732,1.88583149,2.68186857,3.31355827,-1.62979042223,-3.16694629643,-0.2670952739299999,-0.758206521336,3.215986751000003,-4.894672508409999,0.5503873449999993,-1.2467870508000003
49,ASP,1.345,0.5016784781797836,2.38281,0.91992,0.4160800000000001,1,0.0714285714285714,3,0.214285714285714,0.1111,0.3239,0.8675,1.0,1.39123951,2.7017498200000003,3.85614645,4.78933441,-1.1171268988649998,-2.1735544573300003,-0.180254405402,-0.5125364791514998,4.1639946220000015,-3.834334384930001,0.6593083551000002,-0.9178225447460004
50,ARG,1.164,0.3471518043543095,3.2231400000000003,1.64868,0.5403200000000001,3,0.09375,7,0.21875,0.0,0.7346,0.9398,0.6914,1.9466048,3.77359661,5.369482950000001,6.638409859999999,-0.9283643333869998,-1.7986152522500003,-0.1604087093614999,-0.4544223441120001,3.4525282929999963,-3.41353970592,0.5832818919999996,-0.8745040299249999
51,GLY,0.0,0.0,0.59926,1.05709,0.75091,3,0.0666666666666667,7,0.155555555555556,0.4556,0.0,1.0,0.5062,2.36246758,4.57241869,6.4882130600000005,7.98912549,-1.0253669247,-1.9840411404,-0.18111403283,-0.5127212856,1.2157127019999998,-1.9594522588,0.2093563442,-0.528514792
52,GLY,0.0,0.0,0.57558,1.0447099999999998,0.7632900000000002,3,0.0588235294117647,6,0.117647058823529,0.4556,0.0,1.0,0.5062,2.5009676,4.837765879999999,6.858138410000001,8.43272118,-1.0867218978,-2.1031543178,-0.19061209983,-0.53941878155,1.2934812120000003,-2.014936469000001,0.2285324061,-0.5237664004
53,PHE,0.715,0.2299774847217754,2.9349900000000004,1.7439200000000004,0.6500799999999998,5,0.125,5,0.125,0.8111,0.783,0.0763,0.037,2.7816397,5.396888930000001,7.690424829999999,9.528249849999998,-0.6056035519999999,-1.17452078,-0.1034003231,-0.2933150127,1.216099978,-1.6886192109999998,0.2067134849,-0.4286662446999999
54,GLY,0.027,0.014933628318584,0.62268,1.08941,0.6915900000000001,4,0.153846153846154,1,0.0384615384615385,0.4556,0.0,1.0,0.5062,2.22644424,4.326331059999999,6.18119874,7.68819981,-1.2361221703999998,-2.401896255,-0.20266779083,-0.5752512197999999,1.6896990040000002,-1.564157711,0.2624570849000001,-0.3891202097999999
55,PRO,0.91,0.4080717488789238,1.75172,1.08362,0.2363799999999998,2,0.153846153846154,0,0.0,0.3222,0.3764,0.8594,0.3827,1.53141548,2.98013875,4.26870828,5.329738619999999,-1.3821811215330002,-2.6914393010299995,-0.2178197490779999,-0.619251548949,2.751354945,-3.353580236580001,0.4197684136,-0.8224229308149998
56,GLY,0.852,0.4712389380530973,0.95387,0.70883,0.2471700000000001,1,0.142857142857143,0,0.0,0.4556,0.0,1.0,0.5062,0.9735221,1.88859766,2.69092738,3.33417136,-1.36379990559,-2.6624626357,-0.205444858273,-0.5855793639799999,3.4558750289999987,-4.93030358808,0.5514838790000004,-1.1735179730199994
57,LYS,2.473,0.951153846153846,3.2257100000000003,0.72377,-0.5967699999999998,4,0.5,1,0.125,0.0667,0.6942,0.6867,0.7901,0.9731693,1.88582247,2.68175174,3.31302155,-1.2004882971000002,-2.3400682570999995,-0.187610445294,-0.5343772554399999,3.457616566999997,-4.0539746411,0.5425641787000003,-0.95435876263
58,MET,1.218,0.408450704225352,2.41403,1.30762,0.4563800000000002,4,0.285714285714286,2,0.142857142857143,0.7111,0.6196,0.0,0.0988,1.11109562,2.1466437,3.03667748,3.72194965,-1.4833593804299994,-2.8693422327,-0.26260632968,-0.7430390252700001,3.5669613540000022,-3.6272153725,0.6313544160999994,-0.9641331241999996
59,ASP,1.081,0.403207758299142,2.32814,0.99008,0.6099200000000001,2,0.142857142857143,2,0.142857142857143,0.1111,0.3239,0.8675,1.0,2.22783866,4.337338600000001,6.217715590000001,7.772730409999999,-0.8025085228200002,-1.5571365475,-0.1339570279699999,-0.37959521926,1.5719199880000003,-1.9904959274,0.2408740364999999,-0.473280177
60,SER,0.517,0.2375919117647058,1.25629,1.06853,0.5904700000000003,1,0.04,2,0.08,0.4111,0.1877,0.8514,0.5309,2.08647721,4.04965061,5.774504790000001,7.16198234,-1.4672925477119998,-2.842449533940001,-0.2532344345936999,-0.7171719655019999,1.4137428130000005,-1.935617644,0.226718555,-0.4875085514999999
61,ARG,1.851,0.5520429466149717,3.73502,1.26164,0.2403600000000001,0,0.0,1,0.0416666666666667,0.0,0.7346,0.9398,0.6914,1.80672908,3.49762516,4.965101420000001,6.11742267,-2.07508866535,-4.023530937800001,-0.3533869363059999,-1.0015907906,1.6875130829999998,-2.748028016000001,0.2805524251,-0.6782863114000001
62,GLY,0.444,0.245575221238938,0.81903,0.92068,0.44332,0,0.0,0,0.0,0.4556,0.0,1.0,0.5062,1.3908828700000002,2.6989924000000003,3.84719426,4.769199939999999,-1.899169694700001,-3.6892964434,-0.3139416163,-0.8912210883000002,1.4139990140000005,-2.1010033259000003,0.2255204748999999,-0.5115722274999999
63,GLU,1.196,0.43841642228739,2.64424,1.24795,0.2840500000000003,0,0.0,0,0.0,0.1111,0.4884,0.8112,0.9136,0.97313888,1.88559972,2.6810721600000003,3.31162863,-1.5013205768999998,-2.9212807457000003,-0.2403498965699999,-0.68303221397,0.8612283610000002,-2.200896117,0.1589106697000001,-0.6026675199999999
64,HIS,1.966,0.7110307414104882,3.23832,0.74448,0.0545200000000001,0,0.0,0,0.0,0.1444,0.561,0.1124,0.679,0.6945861799999999,1.34290063,1.90223969,2.33673159,-0.552539492,-1.0730085450000002,-0.0917372243,-0.260322716,1.877783657999998,-3.7495445759999977,0.3584818053000001,-1.0289586711
65,ARG,1.743,0.5198329853862212,3.65263,1.1844100000000002,0.4255899999999999,0,0.0,0,0.0,0.0,0.7346,0.9398,0.6914,0.6940692800000001,1.33887044,1.88903924,2.30668489,-0.69309205,-1.3501689629999998,-0.1086057063,-0.308941636,1.8848416110000004,-5.531026418999998,0.3050576507999997,-1.319845431
66,GLN,1.743,0.6062608695652174,2.99167,0.99462,0.1373799999999999,0,0.0,0,0.0,0.1111,0.5388,0.7952,0.6914,0.6943197700000001,1.34080699,1.8953249,2.32081568,-0.266854321,-0.520561182,-0.0408678415,-0.116414815,2.394208485999999,-4.914308272,0.3946007758000001,-1.135957337
67,ASP,1.549,0.577769488996643,2.62124,0.7353700000000001,0.39663,0,0.0,0,0.0,0.1111,0.3239,0.8675,1.0,0.55529127,1.0714150999999998,1.51240818,1.84842926,-0.246989955,-0.479419625,-0.04109422,-0.116507643,2.1989000880000003,-5.418273259999999,0.3525524296,-1.3225249119999998
68,ARG,2.013,0.6003578884580971,3.43901,1.20907,0.1309300000000002,0,0.0,0,0.0,0.0,0.7346,0.9398,0.6914,0.2774348399999999,0.53405192,0.75073928,0.91164717,-0.307290466,-0.5931265640000001,-0.056056455,-0.158302135,1.3313925959999993,-4.097285890000001,0.244945568,-1.09534731
69,ARG,1.895,0.56516552341187,3.67415,1.30459,0.1534100000000002,0,0.0,1,1.0,0.0,0.7346,0.9398,0.6914,0.55621658,1.07855237,1.5355268400000002,1.90026908,-0.8322239178734999,-1.6154717946116666,-0.1388938363449749,-0.3939536763026667,1.6635529698,-3.4686479447300003,0.27882143907,-0.86559484485
70,GLU,1.619,0.5934750733137829,2.90787,0.8009200000000001,0.3080800000000001,0,0.0,1,0.5,0.1111,0.4884,0.8112,0.9136,0.4156739299999999,0.79739407,1.11419634,1.3408208,-0.087274041,-0.167874246,-0.016641957,-0.046858232,1.6727162679799996,-3.616463146463,0.282616179327,-0.9048263116349998
71,ARG,2.006,0.5982702057858633,3.77413,1.08553,0.2614700000000003,0,0.0,2,0.4,0.0,0.7346,0.9398,0.6914,0.5544028,1.06446904,1.4895929200000002,1.79630264,-0.7771918056203183,-1.5092315680465154,-0.1289480372655431,-0.3658755097429697,1.6986136134779997,-3.7845476967093,0.2882059417597,-0.9465580876485
72,PRO,1.31,0.5874439461883408,1.79518,0.81558,0.1044199999999999,0,0.0,2,0.4,0.3222,0.3764,0.8594,0.3827,0.55510025,1.06990785,1.50740809,1.83685363,-0.6592011820085291,-1.2806588980689255,-0.1085445009891379,-0.3080832114832396,1.6997236665257998,-3.8881996647802297,0.2889712934256699,-0.97338526527335
73,TYR,2.787,0.8177816901408451,4.40498,0.57562,0.0453799999999999,0,0.0,1,0.5,0.3556,0.8063,0.502,0.1605,0.41704934,0.80805197,1.14888639,1.41912105,-0.087266682,-0.167808202,-0.0168527203,-0.047485661,1.7282961317783794,-4.066919298668253,0.295316375278237,-1.019566569050685
