1,GLY,1.594,0.881637168141593,0.7811499999999999,0.44469,-0.23069,0,0.0,0,0.0,0.4556,0.0,1.0,0.5062,0.4171110899999999,0.8085358699999999,1.15048004,1.42277541,-0.3185667159999999,-0.616665827,-0.0551459557,-0.155938188,1.7655722179999984,-3.7894834660000014,0.2933459655999998,-0.9929620439999997
2,PRO,1.309,0.5869955156950672,2.01707,0.78074,0.14026,1,0.5,0,0.0,0.3222,0.3764,0.8594,0.3827,0.69488528,1.34525094,1.91000177,2.35459515,-0.214572066,-0.42163765,-0.0279576126,-0.080182784,1.574993695000001,-2.4768742380000006,0.2156709920999998,-0.477108951
3,GLY,0.975,0.5392699115044247,0.93618,0.74305,0.08995,2,0.5,0,0.0,0.4556,0.0,1.0,0.5062,0.6939833299999999,1.3381787099999998,1.88669877,2.30112808,-0.2492354566999999,-0.4862545806,-0.03847365425,-0.1097145032,1.5689221880000004,-2.9356951760000003,0.2685412169999999,-0.6691391210000002
4,GLY,0.899,0.4972345132743362,0.93069,0.75328,0.15572,3,0.75,1,0.25,0.4556,0.0,1.0,0.5062,0.83401714,1.61547204,2.2957167600000004,2.83360522,-0.3730787855,-0.7294635580000001,-0.054496032,-0.1555697753,2.2426323360000016,-4.500687376000002,0.3228766937999997,-0.9766243072999996
5,GLY,0.838,0.4634955752212389,0.98634,0.6631900000000001,0.30681,2,0.4,1,0.2,0.4556,0.0,1.0,0.5062,0.69428716,1.34056414,1.89456913,2.3192179,-0.5765729677000001,-1.1139299601,-0.10366336236,-0.29293018066,2.232453408000002,-4.916704397600004,0.4081366889999999,-1.3415702107999998
6,PRO,1.266,0.567713004484305,1.98257,1.03513,-0.0711300000000001,4,0.444444444444444,2,0.222222222222222,0.3222,0.3764,0.8594,0.3827,1.11232703,2.15623755,3.06807328,3.79332184,-1.2556761905999998,-2.4414242924000007,-0.2053414969,-0.5835960329,4.2380607480000005,-8.7598418998,0.7120260130000009,-2.1505187053999992
7,GLY,0.683,0.3777654867256637,0.9719,0.71773,0.40727,1,0.111111111111111,0,0.0,0.4556,0.0,1.0,0.5062,1.25251001,2.43469481,3.48090418,4.33447801,-0.9793481085,-1.897706215,-0.16819197803,-0.476354858,5.183992442,-8.2245283,0.8281436542000001,-2.012062449799999
8,GLY,0.08,0.0442477876106194,0.67845,1.17504,0.5529599999999999,0,0.0,0,0.0,0.4556,0.0,1.0,0.5062,1.5296125399999998,2.96606849,4.22257965,5.22461337,-1.659555767,-3.2361354190000005,-0.2558871096,-0.7286884671999999,6.249906165999994,-14.41766851300001,0.9530747182,-3.1516434355000045
9,SER,0.92,0.4227941176470588,1.69176,0.92643,0.3295700000000002,2,0.105263157894737,1,0.0526315789473684,0.4111,0.1877,0.8514,0.5309,1.6698633700000003,3.24499578,4.636745899999999,5.7681814000000005,-1.6423855799999996,-3.2031779306000008,-0.2527836727699999,-0.7200615501999997,6.248241056000018,-12.974761642000002,0.965911783000002,-2.931167923999996
10,HIS,1.038,0.3754068716094032,2.93515,1.42247,0.3045300000000002,2,0.133333333333333,1,0.0666666666666667,0.1444,0.561,0.1124,0.679,1.80943221,3.51862433,5.03361909,6.272576969999999,-1.5667279052000005,-3.0472061657,-0.252816771576,-0.7182133220400001,5.37644015799999,-8.8762019654,0.8953611379999994,-2.2299891851199978
11,MET,1.466,0.4916163648558014,2.22154,1.09421,0.4217900000000003,2,0.105263157894737,0,0.0,0.7111,0.6196,0.0,0.0988,1.94801698,3.78468038,5.406040699999999,6.722401319999999,-1.3717895181999995,-2.6711438115,-0.2154507236,-0.6123181582999999,2.669503030999998,-4.518210035000001,0.4342712871000002,-1.1105896393
12,GLY,0.484,0.2676991150442477,0.82222,0.92541,0.3985900000000001,6,0.260869565217391,1,0.0434782608695652,0.4556,0.0,1.0,0.5062,1.80850629,3.51140843,5.00999913,6.2188655200000005,-1.0550435973800003,-2.0476984875,-0.177196895349,-0.5027408832599999,2.863856514000004,-2.897819796599999,0.4853767218999999,-0.7240928946399999
13,GLY,0.08,0.0442477876106194,0.5996,0.95796,0.77004,6,0.181818181818182,1,0.0303030303030303,0.4556,0.0,1.0,0.5062,1.94560914,3.76592881,5.34469607,6.58299517,-1.3542425798999995,-2.6318758509000006,-0.2208747164,-0.626907957,3.0611872379999965,-5.847383706599995,0.5084282559999999,-1.4132069748999998
14,ASN,0.18,0.0736196319018405,1.91877,1.59363,0.6713699999999996,4,0.16,3,0.12,0.1111,0.3976,0.6747,0.8272,2.22724157,4.33257591,6.201749500000001,7.73527144,-1.2214917480999998,-2.387611869,-0.1795096615699999,-0.5122642018899999,3.973542352000004,-7.877387022199996,0.5738813271000007,-1.676729139
15,TYR,1.187,0.3482981220657277,3.34458,1.5347100000000002,0.6862899999999998,4,0.333333333333333,2,0.166666666666667,0.3556,0.8063,0.502,0.1605,1.6703935400000005,3.24918415,4.65065499,5.800425209999999,-1.1675012593999994,-2.269038793,-0.1909294062399999,-0.5421126069000001,3.9732835420000048,-5.232135180199999,0.5783108711000005,-1.136030314600001
16,GLY,0.813,0.4496681415929203,0.98285,0.7175,0.2775000000000001,0,0.0,1,0.2,0.4556,0.0,1.0,0.5062,1.11362355,2.16640737,3.10159626,3.8702806,-1.7885979311999998,-3.4731445856,-0.2939506482500001,-0.8332043912000002,2.94819229,-5.568824300000002,0.4436995953999997,-1.2335043262000005
17,ASP,0.394,0.1469600895188362,1.98431,1.4790499999999998,0.8079500000000002,1,0.1,3,0.3,0.1111,0.3239,0.8675,1.0,1.5307365700000002,2.97483654,4.2513131500000005,5.290060309999999,-0.9576314974,-1.8523056632,-0.17091032605,-0.4839242172999998,3.179035896999997,-4.135564766800004,0.5279049678999994,-1.0954812123999995
18,ASP,1.294,0.4826557254755688,2.4695400000000003,0.8360299999999999,0.5509700000000001,1,0.0666666666666667,2,0.133333333333333,0.1111,0.3239,0.8675,1.0,1.52982105,2.96777419,4.2284333300000005,5.23874404,-1.093319569986,-2.1431036018000005,-0.1504764338769999,-0.4303664860829997,2.913101486000003,-5.848398400999995,0.4037239530000004,-1.1472171648999998
19,ARG,1.149,0.3426781986280942,3.0687900000000004,1.6839,0.5201000000000002,3,0.130434782608696,4,0.173913043478261,0.0,0.7346,0.9398,0.6914,1.24955068,2.41160529,3.40522337,4.16205458,-0.31187601428,-0.6040839359,-0.05417512746,-0.15345923204,3.174267996000002,-2.600839675000001,0.5674541006000005,-0.6648897232599996
20,ARG,1.742,0.5195347450044736,3.38893,1.32845,0.2825500000000003,1,0.0714285714285714,3,0.214285714285714,0.0,0.7346,0.9398,0.6914,1.25088095,2.42200013,3.4393484200000004,4.23996508,-0.588039297,-1.149066721,-0.0872549254,-0.24900125,3.183429816999995,-5.844542380999997,0.4910920825999998,-1.2945892740000011
21,GLY,0.946,0.5232300884955752,0.95174,0.6682400000000001,0.19376,0,0.0,1,0.1,0.4556,0.0,1.0,0.5062,0.97203011,1.87694974,2.65272603,3.2470684800000003,-0.655959589,-1.267376239,-0.1184158741099999,-0.3348193473,4.071875044999997,-6.758116421500006,0.7537319266000004,-1.8340364235
22,GLY,0.295,0.1631637168141592,0.68494,0.99739,0.5156100000000001,1,0.0526315789473684,2,0.105263157894737,0.4556,0.0,1.0,0.5062,1.3893354300000005,2.6870417100000004,3.80844431,4.68219859,-0.4469805793,-0.8698315327000001,-0.07062758738,-0.2005258913,2.5905401839999955,-3.374101750799998,0.4225427395000003,-0.7986284166000002
23,ARG,2.034,0.6066209364747986,4.02217,1.04411,0.2748900000000003,2,0.105263157894737,3,0.157894736842105,0.0,0.7346,0.9398,0.6914,1.52970251,2.9667417199999995,4.224689270000001,5.2291241500000005,-0.7684478536999999,-1.5095022743,-0.10120372627,-0.29020688412,3.0677710080000025,-5.112552691000004,0.4507340034,-0.9945966034999992
24,GLY,0.133,0.0735619469026548,0.74348,0.99149,0.6835100000000001,3,0.166666666666667,3,0.166666666666667,0.4556,0.0,1.0,0.5062,1.38958709,2.6889069300000004,3.81422528,4.69436073,-0.6079121385,-1.1883323563,-0.08919355845,-0.25453668885,3.066217273999996,-4.964352820499999,0.4650782845,-1.0833209917500002
25,GLY,0.623,0.3445796460176991,0.8642,0.77561,0.40939,2,0.222222222222222,2,0.222222222222222,0.4556,0.0,1.0,0.5062,1.1129251,2.16092519,3.0835126400000004,3.82872678,-0.6210746660099999,-1.19839581796,-0.114006672491,-0.321926409182,3.1381604920000004,-3.89229760848,0.5311598359000002,-1.0548630229399998
26,TYR,0.815,0.2391431924882629,3.3917,1.90867,0.6843299999999999,6,0.428571428571429,4,0.285714285714286,0.3556,0.8063,0.502,0.1605,1.67062389,3.25094452,4.656293290000001,5.81286662,-1.2848160300999998,-2.5000564006,-0.20569393948,-0.5845884240699999,3.4178330580000007,-6.755400344399997,0.5362422004000003,-1.6118841587999997
27,ASP,1.338,0.4990675121223424,2.41732,0.83077,0.51223,2,0.153846153846154,1,0.0769230769230769,0.1111,0.3239,0.8675,1.0,1.6706199500000003,3.2509552000000004,4.65647445,5.81372837,-1.4324649524999993,-2.7796088552,-0.23955833862,-0.6790150011899998,3.5731739039999937,-5.6914652064,0.5763880698999997,-1.377194797699999
28,ARG,0.856,0.2552937667760214,3.0017,1.80627,0.6907300000000003,2,0.1,1,0.05,0.0,0.7346,0.9398,0.6914,1.5294627799999998,2.96495572,4.21912293,5.21732133,-1.6312820942999997,-3.1682261580000004,-0.26931037626,-0.7640710509000002,3.5776412740000016,-7.5733953330000015,0.5381908516000002,-1.6570379149999983
29,GLY,1.089,0.6023230088495575,0.95975,0.62122,0.09778,1,0.0666666666666667,0,0.0,0.4556,0.0,1.0,0.5062,1.25167523,2.42817402,3.45950654,4.285654109999999,-1.6266499085299997,-3.1652393485,-0.26102895545,-0.7420550914099999,4.36254343099999,-7.284950199200002,0.6692588655999986,-1.68448391932
30,GLY,0.393,0.2173672566371681,0.78525,0.9569,0.4581,2,0.105263157894737,0,0.0,0.4556,0.0,1.0,0.5062,1.3900099700000002,2.69218619,3.824905180000001,4.71848284,-1.4790254631300002,-2.8767384516,-0.23879920592,-0.6785199612999999,3.5671077189999987,-4.732854659699998,0.6300867855000012,-1.2293395851999998
31,TYR,1.144,0.3356807511737089,3.24453,1.6899699999999998,0.5740300000000005,4,0.148148148148148,0,0.0,0.3556,0.8063,0.502,0.1605,1.94701089,3.7768148200000007,5.38020278,6.663356799999999,-1.3569349361999998,-2.6465630983,-0.2075805910999999,-0.5910200077,2.473134040999997,-3.8795064199999993,0.4031668202,-0.9549201763999996
32,ARG,1.586,0.4730092454518341,3.58959,1.34368,0.4233200000000001,2,0.111111111111111,0,0.0,0.0,0.7346,0.9398,0.6914,2.08681155,4.052213640000001,5.78274994,7.180291019999999,-1.2785294111,-2.4930259007,-0.1975063074499999,-0.562486768,2.668485420999998,-4.189134362000001,0.4464227260999999,-1.0390473322
33,GLY,0.287,0.1587389380530973,0.81509,1.03825,0.4827500000000002,2,0.2,0,0.0,0.4556,0.0,1.0,0.5062,1.81047241,3.52674994,5.06028438,6.333425549999999,-1.3947350231699998,-2.7146204111,-0.22113651595,-0.6282886497200003,2.903216404,-3.289604913799999,0.4894336479999998,-0.9068611997800008
34,ARG,1.13,0.3370116313748881,3.37376,1.77726,0.4457400000000002,0,0.0,0,0.0,0.0,0.7346,0.9398,0.6914,1.53040609,2.97227078,4.2429466200000014,5.271130199999999,-1.33758923458,-2.59545635584,-0.223646867186,-0.6338734806900002,6.206974371999997,-10.399684126339984,0.9752506302,-2.53174119102
35,GLY,0.739,0.4087389380530973,0.93962,0.7769899999999998,0.2920100000000001,0,0.0,0,0.0,0.4556,0.0,1.0,0.5062,1.25177998,2.42897695,3.46208631,4.29137172,-1.3330081447999995,-2.598721547500001,-0.2076137019499999,-0.591373556,5.850384011999986,-10.727122175299982,0.9490585786000004,-2.5509352122000006
36,GLY,0.467,0.2582964601769911,0.87152,0.8784699999999999,0.4625300000000001,0,0.0,0,0.0,0.4556,0.0,1.0,0.5062,0.97280379,1.8829675,2.6723819200000003,3.2916384399999994,-1.14618208174,-2.2244344834000005,-0.19264766264,-0.54650205755,5.254644486000003,-9.927560692500002,0.908475616799998,-2.628489849099997
37,ASP,1.321,0.4927265945542707,2.27853,1.00986,0.3501400000000001,0,0.0,0,0.0,0.1111,0.3239,0.8675,1.0,0.8342079200000001,1.61694466,2.30048515,2.84428722,-1.10684498,-2.1547555917000003,-0.1749147877,-0.4970820954999999,4.511871683000003,-8.97533286040001,0.7530166301999984,-2.2202843888
38,ARG,2.058,0.6137787056367431,3.90635,1.0218,0.2732000000000003,0,0.0,0,0.0,0.0,0.7346,0.9398,0.6914,0.83402565,1.61551358,2.29576386,2.83343674,-1.3989662838000003,-2.722108397,-0.2238963153499999,-0.6362385217000002,4.350624628,-10.061557080000007,0.7667670921999994,-2.6407737734000007
39,GLY,0.594,0.3285398230088495,0.84447,0.8534700000000001,0.3605299999999999,0,0.0,0,0.0,0.4556,0.0,1.0,0.5062,0.97310515,1.88533633,2.68020744,3.30965348,-1.8272727092,-3.551787343300001,-0.29915670717,-0.8497573019,3.805976818999994,-8.8078948345,0.6391877874000007,-2.186539205200002
40,GLY,0.776,0.4292035398230088,1.05195,0.72505,0.30695,0,0.0,1,0.0714285714285714,0.4556,0.0,1.0,0.5062,1.53151586,2.98091261,4.27121147,5.335338440000001,-1.842670963,-3.5843226112,-0.2965022494600001,-0.8423276869999999,3.927771632999999,-7.534292444700003,0.6237276584000003,-1.8481176336999992
41,PHE,0.647,0.2081055001608234,3.1318,1.74568,0.7163199999999998,0,0.0,4,0.137931034482759,0.8111,0.783,0.0763,0.037,2.2260673800000004,4.32341408,6.1717144500000005,7.666822510000001,-1.1448918556399994,-2.2161786696,-0.20071165942,-0.5682571036900004,3.021221461999996,-4.836564604,0.5083019306,-1.1869635936999996
42,ARG,1.597,0.4762898896510587,3.29418,1.3957199999999998,0.3602800000000004,0,0.0,4,0.129032258064516,0.0,0.7346,0.9398,0.6914,2.5056599200000003,4.87421899,6.977089300000001,8.702111849999998,-0.9787715236,-1.8997749331,-0.16373764667,-0.4644298115399999,1.4526294380000009,-1.2868757899999996,0.2364352973,-0.3417502367999999
43,GLY,0.529,0.2925884955752212,0.8367,0.89486,0.3841399999999999,0,0.0,2,0.0625,0.4556,0.0,1.0,0.5062,2.08549157,4.04192002,5.74902466,7.10349387,-1.4206923764,-2.7518906595000003,-0.24675125523,-0.6990469472000002,1.4114704749999998,-1.2222497843,0.2464698333999999,-0.3456950798000002
44,GLY,0.337,0.1863938053097345,0.7370300000000001,0.9637,0.5073000000000001,0,0.0,0,0.0,0.4556,0.0,1.0,0.5062,1.80744911,3.50323261,4.98344881,6.15912936,-1.7141807637400004,-3.3293919283,-0.2844305732699999,-0.8074294760300001,1.6884155729999997,-1.9073225109,0.2734570366000001,-0.4751563763
45,ARG,2.195,0.6546376379361765,3.89563,0.8600399999999999,0.2979600000000004,0,0.0,0,0.0,0.0,0.7346,0.9398,0.6914,1.8088176700000005,3.513850530000001,5.0180483,6.237340140000001,-1.6772214783999997,-3.264119536,-0.2683126646,-0.7628358582000001,1.4152097,-2.4808793550000003,0.2146569936,-0.5593528019999999
46,GLY,0.649,0.3589601769911504,0.85759,0.82335,0.33565,0,0.0,0,0.0,0.4556,0.0,1.0,0.5062,1.94746874,3.78038424,5.3918858300000005,6.689914259999999,-1.2377650764,-2.4043839747000004,-0.20399015466,-0.57887593613,1.610937107000001,-2.1409632705,0.2517493926,-0.52446965274
47,GLY,0.508,0.2809734513274336,0.83761,0.86118,0.4388200000000001,0,0.0,2,0.133333333333333,0.4556,0.0,1.0,0.5062,1.5303869100000005,2.97216287,4.24273563,5.271084629999999,-1.5431535632,-2.995537840600001,-0.2568500665899999,-0.7283780917199997,2.867628245,-3.192733817800002,0.4506152544999999,-0.8441521488999999
48,GLY,0.793,0.4386061946902655,0.96537,0.72158,0.2934200000000001,0,0.0,2,0.2,0.4556,0.0,1.0,0.5062,0.97271108,1.88226496,2.67015439,3.2867950400000003,-1.6569408476999996,-3.2159060124000005,-0.27788419557,-0.7883105131999995,3.4119350080000035,-4.4835852866,0.5844780260999997,-1.1864876807000002
49,ASP,1.297,0.4837747109287579,2.43353,0.8471,0.5369000000000002,0,0.0,3,0.230769230769231,0.1111,0.3239,0.8675,1.0,1.39153743,2.70406631,3.8637127100000006,4.80648958,-1.1631998220300002,-2.2642871822000004,-0.1860728306439999,-0.52928928246,3.771667021999999,-4.942593834899999,0.5924851814000003,-1.1613066052600003
50,ARG,1.411,0.4208171786459886,3.18484,1.47775,0.4642500000000003,0,0.0,6,0.1875,0.0,0.7346,0.9398,0.6914,2.08646429,4.04951939,5.773972940000001,7.16046019,-0.9146982724,-1.7698776919,-0.1614550134399999,-0.45700374782,3.2977304910000007,-4.164667895400002,0.5379049417000001,-1.0407281679000004
51,GLY,0.06,0.0331858407079646,0.60262,1.04129,0.70671,0,0.0,6,0.125,0.4556,0.0,1.0,0.5062,2.362824,4.575193179999999,6.497285240000001,8.00972657,-1.0886844835999996,-2.1124609465,-0.18353334476,-0.5205978067,1.7650674760000005,-2.7775720639999992,0.3005068812,-0.7057070448
52,GLY,0.027,0.014933628318584,0.62678,1.0427,0.7383000000000002,0,0.0,4,0.0727272727272727,0.4556,0.0,1.0,0.5062,2.5012671,4.8400153900000005,6.865218020000001,8.44795961,-1.1321027424979997,-2.19110488521,-0.1986066271579999,-0.5621322212690002,1.5685067550000007,-2.3073710252100006,0.2725238938,-0.5870535011690001
53,PHE,0.697,0.2241878417497587,3.01159,1.76912,0.6428799999999999,0,0.0,5,0.113636363636364,0.8111,0.783,0.0763,0.037,2.9212722,5.6710525,8.089188100000001,10.03737305,-0.5469421003,-1.0589122317000002,-0.09580330445,-0.2713376292,1.7267555959999996,-1.8929448472,0.2886149541999998,-0.4973782576999999
54,GLY,0.027,0.014933628318584,0.56739,1.03392,0.7470800000000002,1,0.0333333333333333,2,0.0666666666666667,0.4556,0.0,1.0,0.5062,2.08614313,4.04701811,5.7657842100000005,7.14182827,-1.4392391422000004,-2.7908384026,-0.2440364076,-0.6914741714599999,2.432785008,-1.7631438295000006,0.4066655655000001,-0.4882679267999999
55,PRO,0.822,0.368609865470852,1.71929,1.18724,0.2207599999999998,1,0.0526315789473684,0,0.0,0.3222,0.3764,0.8594,0.3827,1.67034818,3.2487940500000003,4.649248150000001,5.796825020000001,-1.2739174992000004,-2.4785401438000005,-0.2041411203159999,-0.58004244823,2.5952097700000003,-3.3966126626999995,0.3879628330999999,-0.7834037669799998
56,GLY,0.874,0.4834070796460177,0.9502,0.6721400000000001,0.26186,1,0.111111111111111,1,0.111111111111111,0.4556,0.0,1.0,0.5062,1.1130371300000002,2.16181,3.08645073,3.83553718,-1.337507717,-2.6102887101999994,-0.2026644631999999,-0.5774571215800001,3.340940234999996,-4.184292308100001,0.5085104636000004,-0.9646312385000002
57,LYS,2.369,0.9111538461538462,3.204,0.69764,-0.4666400000000001,1,0.142857142857143,1,0.142857142857143,0.0667,0.6942,0.6867,0.7901,0.83351216,1.61149254,2.2825335,2.80313969,-1.2990831895999997,-2.5290588443,-0.20747836958,-0.59024297988,2.7074822870000004,-4.198334499000001,0.4547670801999999,-1.0163657186
58,MET,1.354,0.4540576794097921,2.35875,1.27049,0.3575100000000002,1,0.0666666666666667,2,0.133333333333333,0.7111,0.6196,0.0,0.0988,1.25029618,2.41745551,3.42451437,4.20635755,-1.7812914895999994,-3.4517348413000004,-0.306652590975,-0.8688185991999999,2.51016661,-4.000167425800002,0.4285930165999998,-1.0391287688100002
59,ASP,0.73,0.2722864602760164,2.07674,1.15315,0.7978500000000002,0,0.0,2,0.125,0.1111,0.3239,0.8675,1.0,2.0876292800000003,4.05869965,5.804367190000001,7.230629879999999,-1.0032847259,-1.9372498895,-0.18189954411,-0.51381783386,2.201820511,-2.198977752000001,0.3279747781,-0.52193037126
60,SER,0.574,0.2637867647058823,1.29822,1.1305100000000003,0.4714899999999999,0,0.0,2,0.0769230769230769,0.4111,0.1877,0.8514,0.5309,2.2261124599999995,4.323806280000001,6.1731396300000005,7.670499589999999,-1.6575549702000003,-3.2150563174,-0.27965422586,-0.7925877915999999,1.3760564080000002,-2.0274241744,0.2065682361000001,-0.4484103057
61,ARG,1.756,0.5237101103489412,3.5663400000000003,1.29512,0.3018800000000001,0,0.0,1,0.05,0.0,0.7346,0.9398,0.6914,1.94736993,3.779573800000001,5.38910117,6.683188499999999,-1.96103639,-3.811278666300001,-0.321088748126,-0.91177061228,1.807001009,-3.026232899,0.2857297994,-0.7106264364599999
62,GLY,0.459,0.2538716814159292,0.76225,0.99275,0.3562499999999999,0,0.0,0,0.0,0.4556,0.0,1.0,0.5062,1.3902466400000002,2.69404304,3.83102191,4.732505359999999,-1.7872866651999997,-3.469763971999999,-0.29862455057,-0.8472962099300001,1.450898232999999,-2.314454961,0.2508570777,-0.5913735337000001
63,GLU,1.335,0.4893695014662756,2.80962,1.12847,0.2645300000000001,0,0.0,0,0.0,0.1111,0.4884,0.8112,0.9136,1.11294602,2.1610939799999995,3.08408555,3.83009361,-1.5566797381299993,-3.033140061164,-0.2426524246509999,-0.69028493909,1.6473960459999988,-3.7700850997640014,0.2783470008,-0.9755757778600002
64,HIS,1.781,0.6441229656419529,3.22043,0.7964800000000001,0.1875200000000001,0,0.0,0,0.0,0.1444,0.561,0.1124,0.679,0.83406967,1.6158763499999995,2.29702164,2.8365148,-0.8557096566,-1.6690368939999998,-0.13037337054,-0.37110552715,2.1557419879999986,-5.144161437000001,0.3788979221999999,-1.2958440020000006
65,ARG,2.048,0.6107963018192663,3.80213,1.08467,0.2203300000000001,0,0.0,0,0.0,0.0,0.7346,0.9398,0.6914,0.69434891,1.34104817,1.89616396,2.32287771,-0.67247058,-1.312488409,-0.10156338,-0.289376678,2.630982132,-7.278339391,0.4213517702000001,-1.6891814829999994
66,GLN,1.539,0.5353043478260869,3.03483,0.92901,0.4069900000000001,0,0.0,1,0.333333333333333,0.1111,0.5388,0.7952,0.6914,0.5549803,1.06897768,1.50438006,1.83001937,-0.3609562649999999,-0.704414337,-0.0549968116999999,-0.1567630379999999,2.236856964,-4.792067025999998,0.3719606886000001,-1.110910713000001
67,ASP,1.217,0.4539350988437151,1.55098,1.07961,0.38439,0,0.0,1,1.0,0.1111,0.3239,0.8675,1.0,0.41712614,0.808649,1.15083501,1.42353514,-0.317698421,-0.61854361,-0.0499842794,-0.14203027,2.2773277859999976,-6.149889364000005,0.3661939046,-1.4710919109999996
68,ARG,2.177,0.6492693110647182,3.76881,1.01539,0.1606100000000001,1,0.333333333333333,2,0.666666666666667,0.0,0.7346,0.9398,0.6914,0.69577431,1.3520796,1.93201885,2.40364751,-1.1953968901629997,-2.3222706997664,-0.1967489925931999,-0.5583851499110001,2.0294247686999998,-4.0701799529964005,0.33164741943,-0.985407330279
69,ARG,1.974,0.5887265135699373,3.58799,1.18202,0.1969800000000001,0,0.0,2,0.5,0.0,0.7346,0.9398,0.6914,0.69322243,1.33229366,1.86758767,2.25813416,-1.1368074302193,-2.20932428561304,-0.1857586327550199,-0.5273418049821001,1.9813505845699992,-4.07718120571604,0.321952859713,-0.9800351864259004
70,GLU,1.856,0.6803519061583577,3.0466800000000003,0.71665,0.1553500000000001,0,0.0,1,0.5,0.1111,0.4884,0.8112,0.9136,0.6944410299999999,1.34177006,1.89854075,2.32832485,-1.15015970065123,-2.236531725224344,-0.1861445416195219,-0.5286942020943101,1.9593035919269997,-4.265001551087645,0.3213506678743,-1.02584566794249
71,ARG,2.262,0.6746197435132717,3.84221,0.82715,0.2638500000000001,2,0.4,4,0.8,0.0,0.7346,0.9398,0.6914,0.6937616,1.33647281,1.88119007,2.28883099,-1.099420173696353,-2.138679266006778,-0.1767935731954741,-0.502304843143741,2.0176283103196995,-4.488759288756408,0.33282891105173,-1.083589204166739
72,PRO,0.8,0.3587443946188341,1.79066,1.32611,0.10389,4,0.5,6,0.75,0.3222,0.3764,0.8594,0.3827,0.69332031,1.33302726,1.8698887,2.26305968,-1.0132585520659882,-1.9714193259774564,-0.1623640557024215,-0.4613582662301151,2.0386910404516696,-4.63501192773205,0.337538822216903,-1.1208854809374131
73,TYR,2.543,0.7461854460093897,5.14731,0.4479999999999999,0.4169999999999998,3,1.0,3,1.0,0.3556,0.8063,0.502,0.1605,0.6963558599999999,1.35664325,1.9470685,2.43821585,-0.935855740752587,-1.821584861375202,-0.1487380062156637,-0.4227644718601267,2.0974703211968366,-4.867067624405254,0.3462069966685933,-1.1738366756611545
