1,GLY,1.374,0.7599557522123894,1.15705,0.4348699999999999,-0.0008699999999999,1,0.5,0,0.0,0.4556,0.0,1.0,0.5062,0.41688916,0.8067867200000001,1.14468405,1.40937608,-0.324906677,-0.6334089100000001,-0.0506525416,-0.144289309,0.077955328,-0.0817478,0.017045034,-0.026267976
2,PRO,1.482,0.6645739910313901,2.0326,0.8058299999999999,-0.0578299999999999,1,0.333333333333333,0,0.0,0.3222,0.3764,0.8594,0.3827,0.5552125800000001,1.07080406,1.51041595,1.84392362,-0.2462255773,-0.47565133,-0.0440667287,-0.1244376874,0.4479400507999997,-0.7457224811999995,0.069161415,-0.16503580682
3,GLY,0.813,0.4496681415929203,0.82915,0.78159,0.2134100000000001,1,0.2,0,0.0,0.4556,0.0,1.0,0.5062,0.8340941799999999,1.61605974,2.29759463,2.83773289,-0.2701480639999999,-0.53044716,-0.0359865404,-0.1031573003,0.6257509044,-1.1575142521714283,0.0933268003142857,-0.2505404822171428
4,GLY,0.758,0.4192477876106195,0.90457,0.79864,0.25136,1,0.166666666666667,0,0.0,0.4556,0.0,1.0,0.5062,0.83347368,1.6111941,2.28156086,2.8009395400000003,-0.2869465097,-0.558850667,-0.0457847904,-0.1303748737,0.7436554323555558,-1.4792580832634918,0.1150780393460317,-0.334016123015238
5,GLY,0.731,0.4043141592920354,0.8441500000000001,0.83145,0.2455499999999999,1,0.142857142857143,0,0.0,0.4556,0.0,1.0,0.5062,0.8340060800000001,1.61537813,2.29538186,2.83275813,-0.354106467,-0.682227751,-0.0660037825399999,-0.1860538937,0.8297267294141414,-1.740415795148629,0.1280100899054834,-0.389196301195671
6,PRO,1.294,0.5802690582959642,1.44898,0.78226,0.15374,2,0.25,1,0.125,0.3222,0.3764,0.8594,0.3827,0.97298042,1.88435671,2.67697477,3.30222275,-0.248152415,-0.48252727,-0.040254663,-0.114349365,0.8959229043822845,-1.9198861593679653,0.1376803863435231,-0.4303602636421578
7,GLY,0.63,0.3484513274336283,0.87378,0.8521099999999999,0.32589,1,0.1,2,0.2,0.4556,0.0,1.0,0.5062,0.97228713,1.8789504,2.65926506,3.2619084600000003,-0.190304015,-0.372693032,-0.02703810375,-0.077336813,0.9620553391567988,-1.9666228479434344,0.1471634178806216,-0.4397373177993472
8,GLY,0.773,0.4275442477876106,0.96799,0.71271,0.3222900000000002,1,0.166666666666667,2,0.333333333333333,0.4556,0.0,1.0,0.5062,0.6938563200000001,1.33721066,1.8836066,2.2943324,-0.1683128106999999,-0.3237304235,-0.0320952258,-0.0903605039,1.0159444750299282,-2.071001195829115,0.1595448481817615,-0.4741425815170328
9,SER,1.391,0.6392463235294117,1.4206200000000002,0.60636,0.1786400000000001,0,0.0,1,0.333333333333333,0.4111,0.1877,0.8514,0.5309,0.55486925,1.06811476,1.50156353,1.8236392,-0.3558366149999999,-0.6905250199999999,-0.0599862864,-0.170190191,0.038977664,-0.07372874,0.008522517,-0.023691215
10,HIS,1.493,0.5399638336347197,2.41879,1.41861,-0.1466099999999999,1,0.25,1,0.25,0.1444,0.561,0.1124,0.679,0.5552939,1.07134002,1.51184073,1.84616357,-0.278140848,-0.539430034,-0.0476214606,-0.1351248287,0.039193716,0.012560856,0.007035841,0.0033023583
11,MET,1.377,0.4617706237424547,2.39995,1.20226,0.4027400000000001,0,0.0,0,0.0,0.7111,0.6196,0.0,0.0988,0.27753446,0.53483105,0.75329925,0.91749778,-0.272257787,-0.525582403,-0.04939362295,-0.139449249,0.548372904,-0.5036251919999999,0.099364394,-0.1424360789999999
12,GLY,0.377,0.2085176991150442,0.79679,0.92304,0.5079600000000001,0,0.0,0,0.0,0.4556,0.0,1.0,0.5062,0.69499952,1.3461394,1.91290269,2.36116943,-0.4347778176999999,-0.8456548519999999,-0.06979435453,-0.198191216,1.5352006419999988,-3.0820715299999977,0.2138392890000002,-0.6360861224000001
13,GLY,0.386,0.2134955752212389,0.87848,0.95285,0.4691500000000002,1,0.166666666666667,0,0.0,0.4556,0.0,1.0,0.5062,0.97356411,1.88891066,2.6919009,3.33622645,-0.277625792,-0.539383713,-0.04569582944,-0.1297036126,1.692616026000001,-3.6282648780000017,0.2383191122,-0.7635685345999997
14,ASN,1.009,0.4126789366053169,2.29022,1.07782,0.3581799999999999,2,0.166666666666667,3,0.25,0.1111,0.3976,0.6747,0.8272,0.97161385,1.873698,2.64204926,3.22268428,-0.3450710667,-0.668256558,-0.0602155077499999,-0.1705787713,1.686891656000001,-4.053208732000001,0.2890879515999999,-1.0018212493999998
15,TYR,1.923,0.5642605633802817,4.05614,1.11297,0.3720299999999998,2,0.285714285714286,3,0.428571428571429,0.3556,0.8063,0.502,0.1605,0.8330965699999999,1.6082650899999995,2.2720089800000003,2.77932813,-0.358312755,-0.6972257989999999,-0.0575349301,-0.163564623,1.6904396999999995,-4.351992914,0.2573305955000001,-0.9409980830000004
16,GLY,0.818,0.452433628318584,0.97258,0.66349,0.3265100000000001,1,0.25,1,0.25,0.4556,0.0,1.0,0.5062,0.69444858,1.34182667,1.89871854,2.32870617,-0.4063089223,-0.7878119315000001,-0.06877422174,-0.1948041873,1.6902770040000008,-4.073530530000002,0.2537239435999998,-0.924327813
17,ASP,1.266,0.4722118612458038,2.26744,0.96344,0.4515600000000001,1,0.125,2,0.25,0.1111,0.3239,0.8675,1.0,0.97269875,1.88217409,2.66987504,3.2862155,-0.413009133,-0.8055231759999999,-0.0632870071,-0.180214783,1.887909425999999,-2.6209364880000026,0.2799258594000003,-0.5710160759999996
18,ASP,0.757,0.2823573293547184,2.11249,1.24685,0.6771499999999999,1,0.0833333333333333,3,0.25,0.1111,0.3239,0.8675,1.0,1.11160841,2.15066325,3.049915020000001,3.7522979299999992,-0.348106423,-0.674291787,-0.0602781964,-0.1707214455,1.878170649,-3.7410547619999983,0.3576477330000003,-1.024626801
19,ARG,1.275,0.380256486728303,3.53387,1.50851,0.5694900000000003,0,0.0,1,0.142857142857143,0.0,0.7346,0.9398,0.6914,1.3921494600000002,2.70886798,3.879544300000001,4.84284555,-0.2294038685,-0.443783174,-0.03990971184,-0.1127354792,2.157473479,-3.2744886900000023,0.3633982576,-0.8764994403999999
20,ARG,1.599,0.4768863704145541,3.49108,1.49009,0.2639100000000003,0,0.0,1,0.166666666666667,0.0,0.7346,0.9398,0.6914,0.9728771,1.88356351,2.6744206100000003,3.29654481,-0.8789543161,-1.7009916699999998,-0.1534294460599999,-0.43395395615,0.706026579,-1.0716340560000004,0.1213059639,-0.274484465
21,GLY,0.933,0.5160398230088495,0.92622,0.6638799999999999,0.21112,0,0.0,1,0.25,0.4556,0.0,1.0,0.5062,0.69441913,1.3415955599999998,1.89795646,2.32695606,-0.9437194451,-1.8312795016,-0.15851387045,-0.4495070072600001,0.7816130710000001,-1.3009688457999995,0.1547073825,-0.3886392952799999
22,GLY,0.726,0.4015486725663716,0.84206,0.7943899999999999,0.2876100000000001,0,0.0,1,0.142857142857143,0.4556,0.0,1.0,0.5062,0.97323412,1.88637009,2.68369315,3.31789614,-1.076548851,-2.0958210690000003,-0.1696243272599999,-0.48196799203,0.5117803979999999,-0.870246484,0.0707117878,-0.181217413
23,ARG,1.525,0.4548165821652251,3.4629000000000003,1.55021,0.2777900000000002,2,0.181818181818182,4,0.363636363636364,0.0,0.7346,0.9398,0.6914,1.11205182,2.15409127,3.06104286,3.77732022,-0.8035431421,-1.5558285042999995,-0.1397099808999999,-0.3954479519999999,1.4110016460000003,-2.0337764318,0.2483394786,-0.5528739040999999
24,GLY,0.83,0.4590707964601769,1.08213,0.6655300000000001,0.31247,3,0.3,2,0.2,0.4556,0.0,1.0,0.5062,1.53239024,2.98778935,4.29394384,5.38772311,-0.5810333330999999,-1.1322595758000005,-0.0896959940199999,-0.2550105143,0.669248774,-0.484613165,0.0926207302,-0.0992655543
25,GLY,0.348,0.1924778761061946,0.8718600000000001,0.9750299999999998,0.4849700000000001,7,0.5,4,0.285714285714286,0.4556,0.0,1.0,0.5062,1.6709915,3.25384166,4.665892260000001,5.8350514,-0.6365720879000001,-1.2350639659000002,-0.10653076443,-0.301874509746,1.292598994,-2.544342190869999,0.2333023702000001,-0.6971310187850001
26,TYR,1.812,0.5316901408450705,3.76851,1.24452,0.3514799999999998,9,0.642857142857143,5,0.357142857142857,0.3556,0.8063,0.502,0.1605,1.3917280099999998,2.7055701,3.86869997,4.81803472,-0.4862191861,-0.9437478148,-0.0813216239299999,-0.23064743714,2.589668714,-4.300409585400001,0.4339665630000003,-1.0551100278199996
27,ASP,0.773,0.2883252517717269,2.19117,1.24703,0.6609699999999998,8,0.533333333333333,5,0.333333333333333,0.1111,0.3239,0.8675,1.0,1.2509623800000005,2.42259538,3.44116352,4.24368576,-0.4679743386,-0.9134445018,-0.07113220798,-0.20282135628,2.633744297,-2.9101127878,0.4026038625000001,-0.6549196158800002
28,ARG,1.961,0.5848493886072174,3.63521,1.15642,0.2355800000000001,4,0.4,1,0.1,0.0,0.7346,0.9398,0.6914,0.97241144,1.87992633,2.66248472,3.2693073800000003,-0.4944317105999999,-0.959897769,-0.0819943298599999,-0.2324940931999999,3.1396276659999995,-5.281036363000001,0.5208200888000001,-1.3274221724000002
29,GLY,1.137,0.6288716814159292,0.9651,0.61125,0.05975,1,0.2,0,0.0,0.4556,0.0,1.0,0.5062,0.8340150000000001,1.61544539,2.29559319,2.83321122,-0.610393647,-1.188680212,-0.0964038628,-0.2741986948,3.729654600999998,-6.598298080999994,0.6054238730999992,-1.5926761932999995
30,GLY,0.459,0.2538716814159292,0.84433,0.8658899999999999,0.48311,4,0.444444444444444,2,0.222222222222222,0.4556,0.0,1.0,0.5062,0.972589,1.8813228,2.66710082,3.2799438599999995,-0.2886879049999999,-0.5568776107000001,-0.05314303211,-0.15001161505,3.1405734360000017,-2.5221478145,0.5094321438999999,-0.6895020921000001
31,TYR,1.379,0.4046361502347418,3.69148,1.6597499999999998,0.3692500000000001,7,0.538461538461538,3,0.230769230769231,0.3556,0.8063,0.502,0.1605,1.3904447400000002,2.6955357300000005,3.83573595,4.74270383,-0.3429727569,-0.6685745519999999,-0.0528018361,-0.1502063089999999,2.595202083000001,-3.3732745530000035,0.3880495329999999,-0.7153367835500005
32,ARG,2.406,0.7175663584849389,3.85542,0.79216,0.1548400000000001,2,0.285714285714286,0,0.0,0.0,0.7346,0.9398,0.6914,1.392462,2.71130817,3.88754631,4.861088079999999,-0.4086171395999999,-0.7975257584,-0.0616326467999999,-0.1755738116,2.6329879919999977,-2.2545549096000013,0.4051932871,-0.5341629824000003
33,GLY,0.655,0.3622787610619469,0.8934099999999999,0.81276,0.34024,2,0.4,0,0.0,0.4556,0.0,1.0,0.5062,0.83408316,1.61596569,2.29725816,2.83687981,-0.7896656773,-1.525666858,-0.1419093793499999,-0.4009993672,2.3176437300000003,-2.8038825080000014,0.3661725660999996,-0.6927485351000003
34,ARG,2.254,0.6722338204592901,3.50584,1.0198,0.0792000000000001,0,0.0,0,0.0,0.0,0.7346,0.9398,0.6914,0.83438604,1.6183439599999998,2.30510504,2.85491684,-0.9582945027,-1.863836871,-0.15366933346,-0.4362870374399999,2.0031444880000007,-3.426300499,0.3152525732000001,-0.8000540157999999
35,GLY,0.617,0.3412610619469026,0.91936,0.8136599999999998,0.3773400000000002,0,0.0,0,0.0,0.4556,0.0,1.0,0.5062,1.2527621599999998,2.4366699199999995,3.48740706,4.34938352,-1.0006948481000002,-1.959405581,-0.1418185631299999,-0.40534986827,1.96722082,-3.1851332845000004,0.2829552692,-0.6659797367999998
36,GLY,0.499,0.2759955752212389,0.76937,1.02462,0.2843800000000001,0,0.0,0,0.0,0.4556,0.0,1.0,0.5062,0.9736482,1.88957311,2.69409342,3.3412888,-0.8949207366000002,-1.740396402,-0.14323629394,-0.4064934679999999,1.2985407030000002,-3.086730188,0.1840324338000001,-0.6185334786999995
37,ASP,1.11,0.4140246176799702,2.20223,1.15433,0.4166699999999999,0,0.0,0,0.0,0.1111,0.3239,0.8675,1.0,1.11199587,2.1536779700000004,3.05976851,3.77466301,-0.5004527273,-0.9737656139,-0.0804179870599999,-0.228625131846,1.2953486559999994,-1.6735094156099992,0.2120399654000002,-0.4188481923549999
38,ARG,2.331,0.6951983298538622,3.77152,0.8725899999999999,0.1494100000000003,0,0.0,0,0.0,0.0,0.7346,0.9398,0.6914,0.97285328,1.88336012,2.67369291,3.29469979,-0.4281932837,-0.8352802754000002,-0.0657584881999999,-0.1873691707999999,1.6094553660000004,-1.7889441369999997,0.2630832043,-0.4465711192999999
39,GLY,0.831,0.4596238938053097,0.9755,0.73571,0.2412900000000001,0,0.0,0,0.0,0.4556,0.0,1.0,0.5062,0.69429565,1.34062743,1.89476617,2.3196343,-0.3981152873,-0.7679668319999999,-0.07310983432,-0.2063244761,3.254620020999997,-5.520176748000004,0.563102251100001,-1.4873592168999998
40,GLY,0.937,0.5182522123893806,0.97759,0.74831,0.1226899999999999,0,0.0,0,0.0,0.4556,0.0,1.0,0.5062,0.8332009100000001,1.6090643699999998,2.27457634,2.78501657,-0.4979338954999999,-0.966422533,-0.0836712682,-0.2373841589,3.333156087999994,-6.690138403,0.5786141507000001,-1.683901642300002
41,PHE,1.197,0.3850112576391122,3.1517500000000003,1.7268600000000005,0.1851399999999994,0,0.0,0,0.0,0.8111,0.783,0.0763,0.037,1.11150386,2.14982824,3.0471143099999995,3.74572395,-0.5050356996,-0.9832839305,-0.07991305604,-0.2272028266999999,1.6464379129999993,-2.574898499,0.2889233375999999,-0.6758942814999997
42,ARG,2.093,0.6242171189979123,3.60455,1.18869,0.0713100000000002,0,0.0,0,0.0,0.0,0.7346,0.9398,0.6914,1.2529753300000002,2.4383425,3.49292132,4.3620447,-0.6708766559999999,-1.3069355715,-0.1040468048199999,-0.2957092648,2.2399608630000003,-1.918174034499999,0.343905288,-0.4950279753
43,GLY,0.702,0.3882743362831858,0.90377,0.77284,0.3331600000000001,0,0.0,0,0.0,0.4556,0.0,1.0,0.5062,0.8339793,1.6151546499999998,2.2945981,2.83081414,-0.941031979,-1.823419457,-0.1609874302999999,-0.4557486979999999,2.6237490879999976,-5.298922092000005,0.4781842357000001,-1.3452920289999992
44,GLY,0.678,0.375,0.99367,0.74375,0.3862499999999998,0,0.0,0,0.0,0.4556,0.0,1.0,0.5062,0.8341684,1.6166478999999998,2.29955502,2.84229996,-0.931797238,-1.81312518,-0.1486511647,-0.4223383652999999,1.84562468,-4.29058776,0.2961074107999999,-1.0229631122000002
45,ARG,2.502,0.7461974351327169,4.00704,0.6966899999999999,0.1543100000000005,0,0.0,0,0.0,0.0,0.7346,0.9398,0.6914,0.6942801299999999,1.3405112199999998,1.8944033,2.31886435,-0.615316921,-1.1938159890000002,-0.1032813592,-0.2927478165,2.3896133720000003,-5.791756840000002,0.4293193650000003,-1.481104376
46,GLY,0.762,0.4214601769911504,0.90059,0.7756399999999999,0.2703600000000001,0,0.0,0,0.0,0.4556,0.0,1.0,0.5062,0.83402824,1.61554378,2.29589899,2.83385589,-0.481512025,-0.941287089,-0.0708266375999999,-0.2021875784,2.6717197100000027,-5.3959529390000025,0.4187078468999995,-1.1874042480000009
47,GLY,0.895,0.4950221238938053,1.01185,0.725,0.188,0,0.0,0,0.0,0.4556,0.0,1.0,0.5062,0.8339985299999999,1.6153219799999998,2.29520758,2.83239168,-0.499982452,-0.969642457,-0.0837391469,-0.237064474,2.59106366,-5.626726536000001,0.4177380840000002,-1.3773388640000004
48,GLY,0.922,0.5099557522123894,1.0227,0.6981499999999999,0.18785,0,0.0,0,0.0,0.4556,0.0,1.0,0.5062,0.97338809,1.88753811,2.68740397,3.32598817,-0.656280125,-1.28122913,-0.0988381703,-0.2817205699999999,2.55230503,-7.002832664000001,0.4110525124999999,-1.647700223999999
49,ASP,1.159,0.4323013800820589,2.2692,1.1269599999999995,0.3950400000000005,0,0.0,0,0.0,0.1111,0.3239,0.8675,1.0,0.83382923,1.61397668,2.29071249,2.82188558,-0.621797281,-1.21159383,-0.0972489615,-0.2767476309999999,2.159313587999999,-5.371526857999998,0.3521081989999999,-1.242865028
50,ARG,2.282,0.6805845511482255,3.50983,1.25544,-0.1844399999999997,0,0.0,0,0.0,0.0,0.7346,0.9398,0.6914,0.83360726,1.61224934,2.28506649,2.80907169,-0.7021450370000001,-1.367203296,-0.1118682816,-0.31834593,1.7665784459999996,-3.3246126709999992,0.2873907951999999,-0.7680578812000001
51,GLY,0.76,0.4203539823008849,0.8953700000000001,0.8020099999999999,0.2459900000000001,0,0.0,0,0.0,0.4556,0.0,1.0,0.5062,0.83359974,1.61219298,2.28489021,2.80869696,-0.7804861087000001,-1.515251275,-0.1298915711,-0.3684554339000001,1.4512084520000004,-2.4691359660000005,0.2478089171999999,-0.6411396239999998
52,GLY,0.599,0.3313053097345133,0.9334,0.78268,0.42632,2,0.285714285714286,0,0.0,0.4556,0.0,1.0,0.5062,1.11298817,2.16142027,3.08514525,3.83247695,-0.8751755813,-1.7047132093999997,-0.1370737568999999,-0.38978436676,1.0234763520000003,-1.8176651340000003,0.1432557548,-0.3674656471000001
53,PHE,1.341,0.431328401415246,3.51616,1.32779,0.44021,5,0.625,0,0.0,0.8111,0.783,0.0763,0.037,1.2520541,2.4311256,3.4691659000000006,4.30761488,-0.555606779,-1.080134856,-0.0905318121,-0.2571382821,1.0211549989999995,-1.2835116229999997,0.1625307205000001,-0.3210995283999998
54,GLY,0.147,0.0813053097345132,0.7060500000000001,0.9911,0.6699,7,0.538461538461538,0,0.0,0.4556,0.0,1.0,0.5062,1.11082855,2.1446535200000003,3.03046889,3.70875569,-0.5358606317,-1.0369037895,-0.0935394646,-0.2644885396,1.019938143,-1.4402105167999992,0.1725859188999999,-0.3629457795
55,PRO,1.531,0.6865470852017936,2.07548,0.77893,-0.0799299999999999,4,0.666666666666667,0,0.0,0.3222,0.3764,0.8594,0.3827,0.6935928499999999,1.3351371199999995,1.8767480400000005,2.27851578,-0.6184145381999999,-1.1950713149,-0.11151271347,-0.3153997058,1.5655660190000005,-2.4942900881999988,0.2952887929999999,-0.6872853802999997
56,GLY,0.987,0.5459070796460177,1.08367,0.57449,0.2465100000000001,2,0.5,0,0.0,0.4556,0.0,1.0,0.5062,0.83420066,1.6169006499999998,2.30038699,2.8442065000000003,-0.5971342185000001,-1.1611964872500002,-0.09602626099,-0.27259768906,1.2570228140000004,-2.597933567,0.1969892104999999,-0.6379652046000003
57,LYS,1.24,0.4769230769230769,2.5969,1.41896,-0.0589599999999999,5,0.416666666666667,1,0.0833333333333333,0.0667,0.6942,0.6867,0.7901,1.11162607,2.15079204,3.0503075,3.7531016,-0.4691942229,-0.911782788,-0.07678683026,-0.2179734229999999,1.4127934900000003,-2.041176089000001,0.2352223757999999,-0.5028684646999999
58,MET,1.021,0.3423876592890676,2.19471,1.44701,0.5139900000000004,7,0.411764705882353,1,0.0588235294117647,0.7111,0.6196,0.0,0.0988,1.3898490300000002,2.69096412,3.82100393,4.709900749999999,-0.6580619325,-1.284026184,-0.1006141781199999,-0.28676493874,1.1383271090000004,-2.3116121708,0.1868928171,-0.51662386106
59,ASP,1.146,0.4274524431182394,2.35148,0.92029,0.6147100000000001,2,0.333333333333333,0,0.0,0.1111,0.3239,0.8675,1.0,1.5319110500000004,2.98404893,4.281679850000001,5.359770789999999,-0.7345640773000001,-1.438960476,-0.1021459596199999,-0.2918640526,1.0243860860000005,-2.298117199,0.134188815,-0.4300170200000001
60,SER,1.189,0.5464154411764706,1.18789,0.80283,0.18417,1,0.25,0,0.0,0.4111,0.1877,0.8514,0.5309,0.97327372,1.88665127,2.68451696,3.31947138,-0.931369962,-1.810953792,-0.1505280789,-0.4273808152,1.0215228340000002,-2.351471794,0.1591557581999999,-0.5379835843999999
61,ARG,0.823,0.2454518341783477,3.17678,1.87414,0.6558600000000003,1,0.111111111111111,2,0.222222222222222,0.0,0.7346,0.9398,0.6914,0.97201365,1.87680425,2.6521876900000003,3.24565188,-0.6827351444100002,-1.3280416438600002,-0.11135156904,-0.31675546789,1.0200630039999998,-1.868418822,0.1735626015999999,-0.4581981304799999
62,GLY,0.874,0.4834070796460177,1.00696,0.6469800000000001,0.2870199999999999,0,0.0,0,0.0,0.4556,0.0,1.0,0.5062,0.83382081,1.6139274499999998,2.29060856,2.82182598,-0.591142961,-1.147324989,-0.0980940137999999,-0.2779623486,1.4121949310000002,-2.546578814,0.238903123,-0.6513900225
63,GLU,1.368,0.501466275659824,2.65458,1.1083299999999998,0.2516700000000003,0,0.0,1,0.166666666666667,0.1111,0.4884,0.8112,0.9136,0.97263535,1.88168165,2.66826614,3.28256424,-0.4065276727,-0.7890038574,-0.06825621088,-0.1936444438399999,1.175988433,-1.3657562900000004,0.2062230344000001,-0.3652994092
64,HIS,1.075,0.3887884267631102,2.87747,1.30647,0.3835300000000001,0,0.0,1,0.125,0.1444,0.561,0.1124,0.679,1.25263506,2.43567215,3.4841159900000003,4.34182229,-0.2596653782,-0.502892332,-0.04514103594,-0.1278379141,0.7467801819999998,-0.6597558530000001,0.1133629396,-0.1901394586999999
65,ARG,1.862,0.5553235908141962,3.70826,1.18785,0.30315,0,0.0,0,0.0,0.0,0.7346,0.9398,0.6914,0.8332019500000001,1.60910003,2.27478865,2.7857932900000004,-0.5953337511,-1.1457291508,-0.11293337833,-0.31817697772,0.940050867,-1.7722077557999996,0.169924302,-0.5166524787699999
66,GLN,1.457,0.5067826086956522,2.89214,0.99392,0.4240799999999999,0,0.0,0,0.0,0.1111,0.5388,0.7952,0.6914,0.83349511,1.61136626,2.28214333,2.80232324,-0.675245496,-1.315439999,-0.1068852871,-0.304341401,0.7842985140000002,-1.910994055,0.1353865748,-0.46636614
67,ASP,0.895,0.3338306602014174,2.2601400000000003,1.19832,0.58768,0,0.0,0,0.0,0.1111,0.3239,0.8675,1.0,0.69394544,1.33789846,1.88583404,2.29932385,-0.739768357,-1.4380807149999997,-0.1207293509,-0.342913876,0.901711406,-2.603656535,0.157293701,-0.65407514
68,ARG,1.968,0.5869370712794512,3.65729,1.10026,0.2847400000000002,0,0.0,0,0.0,0.0,0.7346,0.9398,0.6914,0.69408579,1.3389788799999998,1.8893236,2.3071144400000003,-0.595625965,-1.153289592,-0.1037687226,-0.293786545,1.29450528,-3.0957259260000005,0.220878741,-0.7509025259999996
69,ARG,2.23,0.6650760512973456,3.88276,0.8669800000000001,0.2560200000000001,0,0.0,0,0.0,0.0,0.7346,0.9398,0.6914,0.8338824100000001,1.61439726,2.29210979,2.8251270900000005,-0.4560268779999999,-0.884917624,-0.0764758571,-0.216827926,0.8242249479999999,-2.246480196,0.1363907594,-0.5391967279999998
70,GLU,1.51,0.5535190615835777,2.8707100000000003,1.0961600000000002,0.1218399999999999,0,0.0,1,0.2,0.1111,0.4884,0.8112,0.9136,0.6944417700000001,1.3417646799999998,1.89848414,2.32807528,-0.2494458399999999,-0.480823907,-0.0462985326,-0.1305856819999999,0.86131376,-2.1404695679999994,0.1595928624,-0.592127103
71,ARG,2.134,0.6364449746495675,3.6245,1.22193,-0.0029299999999996,0,0.0,1,0.2,0.0,0.7346,0.9398,0.6914,0.55454516,1.06557779,1.49322031,1.80454597,-0.245044509,-0.474622145,-0.042582595,-0.120618457,0.5490709070000002,-1.6623729749999998,0.0946642325,-0.4176274820000001
72,PRO,1.535,0.6883408071748879,1.85451,0.70953,-0.0145299999999999,0,0.0,1,0.25,0.3222,0.3764,0.8594,0.3827,0.5552020000000001,1.07071394,1.510094,1.84310791,-0.217616593,-0.426437391,-0.0304121349999999,-0.087015316,0.5511801230000001,-1.4149099099999995,0.0763415552,-0.2870783159999999
73,TYR,2.539,0.745011737089202,4.426410000000001,0.86544,0.0035599999999997,0,0.0,1,0.5,0.3556,0.8063,0.502,0.1605,0.41671751,0.80546044,1.1403831,1.3997201,-0.22764726,-0.44230495,-0.037248175,-0.105685365,0.4314264300000001,-1.21439654,0.0734309539999999,-0.294731062
