1,GLY,1.515,0.8379424778761061,1.19097,0.43289,-0.1398899999999998,0,0.0,0,0.0,0.4556,0.0,1.0,0.5062,0.27746852,0.5343151399999999,0.75160345,0.91362017,-0.151151177,-0.29235236,-0.0267587435999999,-0.075689258,0.313089696,-0.7886616199999998,0.0588792988,-0.214951334
2,PRO,1.549,0.6946188340807175,1.88567,0.87342,-0.1924199999999999,1,0.5,0,0.0,0.3222,0.3764,0.8594,0.3827,0.41560705,0.79687109,1.11247883,1.33689752,-0.243886205,-0.4725036749999999,-0.042219907,-0.1196203949999999,0.3919298470000001,-1.1755779999999996,0.0695381665,-0.302287823
3,GLY,0.784,0.4336283185840708,0.9085,0.7945,0.2295,1,0.333333333333333,0,0.0,0.4556,0.0,1.0,0.5062,0.5549702400000001,1.06889004,1.50406024,1.82919062,-0.311613978,-0.60268598,-0.0551283902,-0.1559054495,0.4307130999999999,-1.019884685,0.0792908267999999,-0.2789157115
4,GLY,0.891,0.4928097345132743,1.05551,0.69899,0.21801,2,0.5,0,0.0,0.4556,0.0,1.0,0.5062,0.69457649,1.34281754,1.9019406,2.33596625,-0.500724981,-0.9689888269999998,-0.0874926571,-0.2474482102,0.5883674349999999,-1.2146114580000005,0.0995117725,-0.3126456848
5,GLY,0.671,0.3711283185840708,0.99549,0.64598,0.49102,1,0.166666666666667,0,0.0,0.4556,0.0,1.0,0.5062,0.97372797,1.89020462,2.69619511,3.3461743,-0.3658071645,-0.7101818110000001,-0.0603095527,-0.17090812,0.550295381,-0.7632359410000001,0.0827277768,-0.1795909954999999
6,PRO,1.032,0.462780269058296,1.81533,1.09535,0.1026499999999999,2,0.2,2,0.2,0.3222,0.3764,0.8594,0.3827,0.97206441,1.87722286,2.65363737,3.2491921,-0.412437275,-0.8028347800000001,-0.0657437569,-0.18694428,0.353895448,-0.865509262,0.0531363912,-0.192449182
7,GLY,0.67,0.370575221238938,0.86324,0.7730599999999999,0.36494,1,0.142857142857143,0,0.0,0.4556,0.0,1.0,0.5062,0.83347046,1.61118383,2.28157928,2.80114215,-0.437574698,-0.8523387579999999,-0.0689297722,-0.196119755,0.548148512,-1.196950724,0.1011181885,-0.300077227
8,GLY,0.874,0.4834070796460177,0.96652,0.6667,0.2673000000000001,1,0.2,0,0.0,0.4556,0.0,1.0,0.5062,0.8338964500000001,1.61452595,2.29259948,2.82645264,-0.414541036,-0.8080820540000001,-0.0640096367,-0.182151479,0.4323147059999999,-1.035896908,0.0663277525999999,-0.23648585
9,SER,0.61,0.2803308823529411,1.41381,1.03338,0.5326200000000003,2,0.2,2,0.2,0.4111,0.1877,0.8514,0.5309,0.83261335,1.60451333,2.25977434,2.75164577,-0.3995322619999999,-0.7718950630000001,-0.0719505682,-0.2033596193,0.4304489100000001,-1.013336903,0.0818315334999999,-0.2843809754999999
10,HIS,1.45,0.5244122965641953,2.92865,1.1588200000000002,0.1561799999999999,2,0.222222222222222,2,0.222222222222222,0.1444,0.561,0.1124,0.679,1.11255721,2.15803798,3.07399037,3.80685237,-0.3309662186,-0.64642736,-0.0495115443,-0.14121449,0.706681143,-0.85712651,0.1154869265,-0.2006509209999999
11,MET,1.733,0.5811535881958417,2.56015,1.0678,0.1812,1,0.2,0,0.0,0.7111,0.6196,0.0,0.0988,0.97355359,1.88885595,2.69181815,3.33633685,-0.4987549049999999,-0.969181132,-0.0813212738999999,-0.2307401975999999,0.9809854170000004,-1.5971818320000004,0.1628193499999999,-0.3889352209
12,GLY,1.001,0.553650442477876,0.93033,0.6876599999999999,0.1193400000000002,0,0.0,0,0.0,0.4556,0.0,1.0,0.5062,0.69474847,1.3441706999999998,1.906415,2.3462825,-0.767575524,-1.488004481,-0.1301519306999999,-0.368537454,0.7449620720000002,-1.964501995,0.1282642134,-0.5058817649999999
13,GLY,0.564,0.3119469026548672,0.97932,0.89624,0.3477600000000002,0,0.0,0,0.0,0.4556,0.0,1.0,0.5062,0.83355326,1.6118352299999998,2.28373505,2.80611845,-0.5938852113,-1.154645797,-0.0971105514,-0.2759695294000001,0.7456758400000003,-1.553682297,0.1236652822,-0.3924291712
14,ASN,1.453,0.5942740286298569,2.34683,0.92401,0.0679899999999997,0,0.0,1,0.2,0.1111,0.3976,0.6747,0.8272,0.83414908,1.61648128,2.29895152,2.84074726,-0.3173370130999999,-0.6183227657,-0.04911697682,-0.1396334188999999,0.7068271560000001,-0.9767913394,0.1131484781,-0.2287040763999999
15,TYR,2.158,0.6332159624413145,4.096909999999999,1.0275499999999995,0.2224500000000004,0,0.0,1,0.25,0.3556,0.8063,0.502,0.1605,0.8337138000000001,1.61310486,2.28795594,2.81591777,-0.3634479015,-0.707920839,-0.0573357316499999,-0.1631511318,0.86396593,-1.69931977,0.1380081934,-0.3872675410999999
16,GLY,0.87,0.4811946902654867,0.95025,0.63788,0.30012,0,0.0,1,0.333333333333333,0.4556,0.0,1.0,0.5062,0.69478732,1.34447286,1.90740278,2.34852289,-0.578699067,-1.123033729,-0.0963837289,-0.273131026,1.0190918930000004,-2.6818703529999994,0.1786301779,-0.7009200600000001
17,ASP,0.898,0.3349496456546065,1.96067,1.33948,0.4435199999999999,0,0.0,1,0.2,0.1111,0.3239,0.8675,1.0,0.8336978399999999,1.61296242,2.28742475,2.81450892,-0.6035798987,-1.1754362560000002,-0.0952316153,-0.2708485999999999,1.2151466880000006,-2.662380634,0.2137750330000001,-0.6605290090000001
18,ASP,0.964,0.3595673256247668,2.13594,1.11292,0.6040800000000002,0,0.0,0,0.0,0.1111,0.3239,0.8675,1.0,0.83390573,1.6145976,2.29283043,2.82696525,-0.3695361975,-0.7176302207,-0.0609932527599999,-0.1729971889,1.2961932680000006,-2.0471741211000003,0.2047256034000001,-0.4785251075999999
19,ARG,2.008,0.5988666865493587,3.64084,1.082,0.2630000000000001,0,0.0,0,0.0,0.0,0.7346,0.9398,0.6914,0.69462786,1.3432239,1.9032918,2.33910559,-0.4705265899999999,-0.912371484,-0.0792847354,-0.2244924145,0.7452922339999998,-1.5858127289999997,0.1258563378,-0.399504124
20,ARG,1.968,0.5869370712794512,3.6943,1.086,0.2990000000000001,0,0.0,0,0.0,0.0,0.7346,0.9398,0.6914,0.8337297800000001,1.6132250399999997,2.28833319,2.81672541,-0.483758964,-0.944367137,-0.0731186637,-0.2084638486999999,0.707754444,-1.568326445,0.1062522504,-0.353391946
21,GLY,0.689,0.3810840707964601,0.87795,0.78132,0.3376800000000002,0,0.0,0,0.0,0.4556,0.0,1.0,0.5062,0.6944646300000001,1.34194669,1.89909373,2.32950473,-0.5810704780000001,-1.126731766,-0.098139026,-0.277950469,0.7447549480000001,-2.093710225,0.1302066811,-0.5326929779999999
22,GLY,0.844,0.4668141592920353,0.95261,0.67962,0.2843800000000001,0,0.0,0,0.0,0.4556,0.0,1.0,0.5062,0.8341754800000001,1.61670097,2.2997214,2.84265619,-0.306082766,-0.5949391479999999,-0.0497520603,-0.1412167951,0.706183396,-1.3574019889999995,0.1183348193,-0.3287053575999999
23,ARG,2.495,0.7441097524604832,3.98278,0.94175,-0.0837499999999998,1,0.2,1,0.2,0.0,0.7346,0.9398,0.6914,0.8339806399999999,1.6151657,2.29463576,2.83090345,-0.468000447,-0.913273926,-0.0710273013,-0.202361392,0.58897314,-1.447570338,0.0949351536,-0.336791383
24,GLY,0.733,0.4054203539823008,0.89142,0.78944,0.2855600000000001,2,0.5,1,0.25,0.4556,0.0,1.0,0.5062,0.5548696799999999,1.06810384,1.5014785600000002,1.82329434,-0.473436082,-0.914014916,-0.0861107124999999,-0.243218608,0.626718634,-1.7747667400000002,0.113950267,-0.4736591549999999
25,GLY,0.744,0.411504424778761,0.83981,0.81223,0.25177,2,0.5,1,0.25,0.4556,0.0,1.0,0.5062,0.69458758,1.3429110699999998,1.90227208,2.33679908,-0.4768024819999999,-0.928326885,-0.0755836157,-0.2149329739999999,0.5506664720000001,-1.2424480699999998,0.0804372494,-0.270727395
26,TYR,2.303,0.6757629107981221,4.2839100000000006,1.01252,0.0924799999999999,3,0.75,2,0.5,0.3556,0.8063,0.502,0.1605,0.6944816,1.3420737,1.89949098,2.3303506,-0.3134620985,-0.605267137,-0.0564915276,-0.15946458,0.353397318,-0.323916144,0.0567886395,-0.0711525146
27,ASP,1.447,0.5397239835882134,2.1207,0.85751,0.37649,1,0.25,1,0.25,0.1111,0.3239,0.8675,1.0,0.69433502,1.3409330499999998,1.8957628,2.32188939,-0.271502866,-0.5233000320000001,-0.0504174377,-0.1421869598,0.313089696,-0.73316193,0.0588792988,-0.211888407
28,ARG,2.583,0.7703549060542798,4.05658,0.7172700000000001,0.0527299999999999,1,0.25,1,0.25,0.0,0.7346,0.9398,0.6914,0.55503523,1.0693988799999998,1.5057342,1.83302222,-0.335879433,-0.6496967760000001,-0.0593560663999999,-0.167891505,0.313406792,-0.94726027,0.0565540895,-0.250160447
29,GLY,0.742,0.4103982300884956,1.0534,0.77229,0.29371,0,0.0,0,0.0,0.4556,0.0,1.0,0.5062,0.55469415,1.06673526,1.49699656,1.81309509,-0.177648801,-0.34301209,-0.032439347,-0.091693739,0.313111677,-0.8988614799999999,0.0590744975,-0.242540337
30,GLY,0.806,0.4457964601769911,0.96313,0.71505,0.28695,0,0.0,0,0.0,0.4556,0.0,1.0,0.5062,0.55534611,1.07183748,1.51377237,1.8514737,-0.156707453,-0.30719299,-0.0217955483,-0.062397692,0.314879688,-0.7911643300000001,0.0445884754999999,-0.161317169
31,TYR,1.517,0.4451291079812206,3.52108,1.53907,0.3519300000000001,0,0.0,0,0.0,0.3556,0.8063,0.502,0.1605,0.2774348399999999,0.53405192,0.75073928,0.91164717,-0.104212681,-0.200887296,-0.0193490398999999,-0.0545827597,0.391314645,-0.4402467549999999,0.0740201675,-0.1197079526999999
32,ARG,2.53,0.7545481658216522,3.3355900000000003,0.8213900000000001,0.0016100000000003,0,0.0,0,0.0,0.0,0.7346,0.9398,0.6914,0.5557646,1.07500186,1.5238045100000002,1.8733015,-0.2191705956,-0.4276223369999999,-0.0337945395,-0.0963770387,0.392573588,-0.537414533,0.0650756949,-0.1269578266
33,GLY,1.059,0.5857300884955752,1.00511,0.62286,0.1261400000000001,0,0.0,0,0.0,0.4556,0.0,1.0,0.5062,0.55511651,1.0700407799999998,1.50786642,1.83796742,-0.1613068414,-0.313632566,-0.0261859118999999,-0.0743710374999999,0.3920108759999999,-0.506226856,0.068688377,-0.1325414885
34,ARG,1.935,0.5770951386817775,3.58506,1.20401,0.2139900000000001,0,0.0,0,0.0,0.0,0.7346,0.9398,0.6914,0.69425246,1.3402944799999998,1.89368874,2.31722272,-0.1492984491,-0.2912006056,-0.02272115331,-0.06466344614,0.3530845119999999,-0.3927879606,0.0590268336,-0.0973064456399999
35,GLY,0.24,0.1327433628318584,0.71955,0.9718,0.5962000000000001,0,0.0,0,0.0,0.4556,0.0,1.0,0.5062,0.83344783,1.61100015,2.28095429,2.79964885,-0.30496478,-0.595539272,-0.0457855364,-0.1305729061,0.156684875,-0.260681483,0.0286266848999999,-0.0662861294
36,GLY,0.705,0.389933628318584,0.94085,0.80019,0.3028100000000002,0,0.0,0,0.0,0.4556,0.0,1.0,0.5062,0.97363051,1.88943018,2.69360791,3.34012895,-0.4858457910000001,-0.944577883,-0.0784628933,-0.222701504,0.077955328,-0.214816926,0.017045034,-0.069027
37,ASP,0.891,0.3323386795971652,2.15524,1.16488,0.6251200000000001,0,0.0,0,0.0,0.1111,0.3239,0.8675,1.0,0.97358001,1.88905315,2.69243275,3.33763857,-0.3583610111699999,-0.6927579875,-0.06355760467,-0.179595304934,0.3601375046249999,-0.5378561484875,0.0632642307312499,-0.1408170381112499
38,ARG,1.94,0.578586340590516,3.41136,1.31191,0.1010900000000003,0,0.0,0,0.0,0.0,0.7346,0.9398,0.6914,0.97291775,1.88386565,2.67535772,3.2985157700000003,-0.4211226269999999,-0.8186069369999999,-0.0687053015,-0.1951159647,0.3671054816838235,-0.5070675756639704,0.0640343872371323,-0.1320379769230147
39,GLY,0.81,0.4480088495575221,0.92127,0.73068,0.26732,0,0.0,0,0.0,0.4556,0.0,1.0,0.5062,1.1128517999999998,2.16038135,3.08182915,3.82519751,-0.1156215815,-0.2257531848,-0.01732019926,-0.0493634949,0.3518800477949346,-0.4540709604250816,0.0612086305649101,-0.1180617790341257
40,GLY,0.903,0.4994469026548672,0.99089,0.66377,0.24123,0,0.0,0,0.0,0.4556,0.0,1.0,0.5062,0.97298427,1.8843839,2.67705388,3.30237239,-0.359833488,-0.700165208,-0.0574175393999999,-0.1631261887,0.3601152689001978,-0.4386093185303448,0.0627793939175416,-0.1151987598867573
41,PHE,1.503,0.4834351881633965,3.49626,1.34933,0.2566700000000002,0,0.0,0,0.0,0.8111,0.783,0.0763,0.037,0.97250777,1.88068083,2.66496795,3.2749959,-0.3927710925,-0.7630373300000001,-0.0646069628,-0.1833583181,0.3698658036501978,-0.4347728842253448,0.0649138580225416,-0.1167072295117573
42,ARG,1.78,0.5308678795108858,3.33422,1.4617999999999998,0.1112000000000004,0,0.0,0,0.0,0.0,0.7346,0.9398,0.6914,0.9724559,1.88025638,2.66350709,3.27145389,-0.1839310262,-0.359433548,-0.0272637408999999,-0.0777990287999999,0.156364172,-0.020624806,0.030949722,-0.0090173286
43,GLY,0.982,0.5431415929203539,1.07894,0.55514,0.2708600000000001,0,0.0,0,0.0,0.4556,0.0,1.0,0.5062,0.83378893,1.61366339,2.28968833,2.81956095,-0.262905234,-0.511366803,-0.0422947024,-0.120136879,0.4311379840000001,-0.754200621,0.076492847,-0.2014786259999999
44,GLY,0.471,0.2605088495575221,0.8477,0.89969,0.4373100000000002,0,0.0,0,0.0,0.4556,0.0,1.0,0.5062,0.83399029,1.61526447,2.29504213,2.8320839499999995,-0.11640160123,-0.22784771522,-0.0165856904,-0.04738878471,0.432408775,-0.2623628352,0.0661139076,-0.06280678264
45,ARG,2.557,0.7626006561288398,3.93959,0.74369,0.0523100000000003,0,0.0,0,0.0,0.0,0.7346,0.9398,0.6914,0.41679803,0.8060708699999999,1.14232069,1.40394027,-0.190163696,-0.3673332095,-0.0342467719,-0.0967506249999999,0.940612432,-0.6763794830000002,0.16666292,-0.1861775595
46,GLY,0.49,0.2710176991150442,0.90469,0.91748,0.4005200000000001,0,0.0,0,0.0,0.4556,0.0,1.0,0.5062,0.41692304,0.8070631399999999,1.14563311,1.41167167,-0.394008246,-0.7637260962,-0.06759230183,-0.1915722840099999,0.4706099320000001,-0.7135451899999999,0.0800998708999999,-0.1831717329
47,GLY,0.698,0.3860619469026548,0.93651,0.87775,0.23225,0,0.0,0,0.0,0.4556,0.0,1.0,0.5062,0.69446519,1.34196413,1.89919633,2.32987826,-0.3760470374999999,-0.7205750567000001,-0.0753236362399999,-0.2115252809999999,0.3129551020000001,-0.4559629169999999,0.060329271,-0.1326873773
48,GLY,0.743,0.4109513274336283,1.04715,0.7846600000000001,0.2803399999999998,0,0.0,0,0.0,0.4556,0.0,1.0,0.5062,1.3913645600000002,2.70274184,3.85945715,4.79705952,-0.24828825584,-0.48300242324,-0.0399542646899999,-0.11352811848,0.4315453060000001,-0.209756192,0.0719719594,-0.0626443668
49,ASP,0.878,0.3274897426333457,2.05355,1.22876,0.5742399999999999,0,0.0,0,0.0,0.1111,0.3239,0.8675,1.0,1.39221122,2.70936617,3.88123276,4.846864289999999,-0.4646924767999999,-0.90648706041,-0.0710263571729999,-0.20229002593,0.039348982,0.0066788043,0.0056904694,0.001411115
50,ARG,2.222,0.6626901282433642,3.74002,1.11483,0.0161700000000002,0,0.0,0,0.0,0.0,0.7346,0.9398,0.6914,0.83348482,1.61130268,2.28199327,2.80216139,-0.6563444297,-1.2666518951,-0.11980979698,-0.3382524700999999,0.4695808780000001,-0.6050902839999999,0.0889190011999999,-0.1881429732
51,GLY,0.945,0.5226769911504424,1.04438,0.66632,0.19668,0,0.0,0,0.0,0.4556,0.0,1.0,0.5062,0.97341735,1.88777872,2.6882378300000003,3.3280284900000003,-0.45502557284,-0.8757222333999999,-0.0863429171199999,-0.2432709217599999,0.5098903830000001,-0.7144356438999998,0.0872777576,-0.1914865614999999
52,GLY,0.698,0.3860619469026548,0.93014,0.7786800000000001,0.3313199999999999,2,0.2,0,0.0,0.4556,0.0,1.0,0.5062,1.3910385200000002,2.70015348,3.85081515,4.77688192,-0.2139128795299999,-0.4180477605,-0.03192453746,-0.091175156785,0.5508098499999999,-0.43095519,0.0802511645,-0.08883947837
53,PHE,2.149,0.6912190414924413,3.36589,0.88226,0.0777399999999999,2,0.333333333333333,0,0.0,0.8111,0.783,0.0763,0.037,1.11309136,2.16223655,3.08786034,3.8387849,-0.37323269946,-0.7252206751599999,-0.0605618355099999,-0.1717274123,0.7462206750000001,-1.00226192186,0.1180586315999999,-0.25503019648
54,GLY,0.584,0.323008849557522,0.83615,0.91456,0.3094400000000001,2,0.333333333333333,0,0.0,0.4556,0.0,1.0,0.5062,0.83405487,1.61575392,2.29659613,2.8354701600000003,-0.5530809056,-1.0745246495,-0.090677091934,-0.2572826491,0.8623542080000003,-1.6776312783999998,0.150694556,-0.4314576827799999
55,PRO,1.153,0.5170403587443946,1.73773,0.8618600000000002,0.2151399999999997,3,0.5,1,0.166666666666667,0.3222,0.3764,0.8594,0.3827,0.83374105,1.6132951999999998,2.28850078,2.81691495,-0.5815227613,-1.135655765,-0.0874270721399999,-0.2493790978999999,0.471729416,-1.157587311,0.0715175329999999,-0.2473611633
56,GLY,0.566,0.3130530973451327,0.917,0.7920399999999999,0.4499600000000001,3,0.375,1,0.125,0.4556,0.0,1.0,0.5062,0.8332848300000001,1.6097129899999998,2.2766802200000003,2.78974037,-0.40507269091,-0.78478166054,-0.07034249645,-0.1993641565799999,0.4706403899999999,-0.8516048610000002,0.0812883435,-0.2204646214999999
57,LYS,2.157,0.8296153846153846,3.12956,0.8278499999999999,-0.3848499999999998,2,0.285714285714286,1,0.142857142857143,0.0667,0.6942,0.6867,0.7901,1.11296344,2.16122424,3.0844922200000005,3.83095625,-0.47995547858,-0.9307188351,-0.081316309863,-0.2304022662919999,0.3525079019999999,-0.8509398224,0.0638923564,-0.2374263495
58,MET,1.734,0.5814889336016096,2.63943,1.00317,0.2448300000000003,0,0.0,0,0.0,0.7111,0.6196,0.0,0.0988,1.25309381,2.43926268,3.49592151,4.368831009999999,-0.72961540423,-1.4209367128,-0.114372575335,-0.32511179989,0.038977664,-0.093132876,0.008522517,-0.029926335
59,ASP,0.644,0.2402088772845953,2.07365,1.3113,0.7257,0,0.0,0,0.0,0.1111,0.3239,0.8675,1.0,0.9734536,1.88805089,2.68909171,3.3298546200000003,-0.7561000782899999,-1.4673706353299998,-0.126234489859,-0.35784630479,0.5853485344285714,-1.1203510161614287,0.1012481462357142,-0.2902848902878571
60,SER,1.385,0.6364889705882353,1.39544,0.6565400000000001,0.13446,0,0.0,0,0.0,0.4111,0.1877,0.8514,0.5309,0.83415209,1.61651577,2.29910333,2.84121384,-0.5743032290000001,-1.118512571,-0.0901093888,-0.2561953957,0.6243485024591836,-1.200853146194388,0.1080736945811224,-0.3111203192369898
61,ARG,1.825,0.5442886966895317,3.69313,1.35,0.1780000000000001,0,0.0,0,0.0,0.0,0.7346,0.9398,0.6914,0.83409738,1.6160849199999998,2.29767711,2.83791957,-0.6442653959999999,-1.258817726,-0.0953482486,-0.2719515399,0.6354033327776968,-1.2434076363511295,0.1094418869654883,-0.319904415382489
62,GLY,0.753,0.4164823008849557,1.06071,0.7240800000000001,0.3309200000000001,0,0.0,0,0.0,0.4556,0.0,1.0,0.5062,0.69448226,1.3420898899999998,1.89958271,2.33067917,-0.4302131623999999,-0.8322412782999999,-0.0750847932699999,-0.2121673351,0.312894316,-0.6616944180000001,0.06056042,-0.1952100332
63,GLU,1.717,0.6293988269794721,3.07483,0.81701,0.1939900000000001,0,0.0,0,0.0,0.1111,0.4884,0.8112,0.9136,0.6946311000000001,1.34324871,1.90337093,2.33927738,-0.345453743,-0.673694341,-0.0529558393,-0.150751595,0.8231242500000002,-2.0326458520000004,0.143454606,-0.5216964991999999
64,HIS,1.879,0.6795660036166365,2.90846,0.98937,-0.1033699999999998,0,0.0,0,0.0,0.1444,0.561,0.1124,0.679,0.41564073,0.7971343099999999,1.113343,1.33887052,-0.1916201859999999,-0.37022963,-0.0344381432999999,-0.0973211109999999,1.6053774319999985,-3.0110021240000022,0.2959433831000001,-0.8018480900000005
65,ARG,2.456,0.7324783775723233,3.37882,0.93885,-0.0418499999999997,0,0.0,0,0.0,0.0,0.7346,0.9398,0.6914,0.2774006599999999,0.53378517,0.74986435,0.90965158,-0.232216608,-0.449221704,-0.0411244863,-0.11637521,0.9414231359999998,-2.602611448,0.1614033079999999,-0.6565095949999997
66,GLN,1.734,0.6031304347826086,3.01788,0.98895,0.15205,0,0.0,0,0.0,0.1111,0.5388,0.7952,0.6914,0.6783465870588234,1.3120990676470587,1.860048661764706,2.28747169,-0.3600795685535294,-0.6991678592982352,-0.0596147298927646,-0.1690700296030588,0.639004545966545,-1.366824320010695,0.1133828661782325,-0.3584391148307336
67,ASP,0.998,0.3722491607609101,2.35269,1.03048,0.65252,0,0.0,0,0.0,0.1111,0.3239,0.8675,1.0,0.27733094,0.5332412099999999,0.74808211,0.90559372,-0.252007622,-0.4865253199999999,-0.0459936289999999,-0.129958372,0.6558409615631995,-1.4183462659117645,0.1165923184460557,-0.3722365641638069
68,ARG,2.42,0.7217417238294065,3.66033,0.7313299999999999,0.2016700000000003,0,0.0,0,0.0,0.0,0.7346,0.9398,0.6914,0.55542507,1.07246098,1.51584308,1.85627546,-0.1912966019999999,-0.371831972,-0.0307709929,-0.087253931,0.6861742675195195,-1.475086910262941,0.1218623146506613,-0.3857175856301876
69,ARG,1.825,0.5442886966895317,3.76876,1.36021,0.1677900000000003,0,0.0,1,0.333333333333333,0.0,0.7346,0.9398,0.6914,0.69408639,1.3389962,1.88942493,2.30748277,-0.10493548,-0.204501784,-0.0164424435,-0.046822651,0.7508939278714715,-1.6132823136892351,0.1331962944157274,-0.4212967106932064
70,GLU,1.807,0.6623900293255132,2.90767,0.7864599999999999,0.1345400000000003,0,0.0,1,0.25,0.1111,0.4884,0.8112,0.9136,0.5549005199999999,1.06834602,1.50227787,1.82513159,-0.234216694,-0.450679092,-0.044520594,-0.125408116,0.7674484672157615,-1.662575443442016,0.1363911092337287,-0.4343978927337414
71,ARG,2.01,0.5994631673128541,3.74315,1.09347,0.2495300000000004,0,0.0,2,0.5,0.0,0.7346,0.9398,0.6914,0.6943351799999999,1.3409463199999998,1.89584848,2.32221525,-0.084484174,-0.164446201,-0.0135077061,-0.038421068,0.7817584636914192,-1.7087476731667786,0.1392228506989893,-0.4467256500834166
72,PRO,1.323,0.5932735426008968,1.95968,0.85659,0.05041,0,0.0,1,0.333333333333333,0.3222,0.3764,0.8594,0.3827,0.55514546,1.07026871,1.5086202400000002,1.83970546,-0.193660535,-0.37674889,-0.0309618446999999,-0.087930433,0.7963939767827914,-1.7552816768483437,0.1422009470723395,-0.4594077735535092
73,TYR,2.876,0.8438967136150235,4.62265,0.64355,-0.1115499999999999,0,0.0,1,1.0,0.3556,0.8063,0.502,0.1605,0.27746852,0.5343151399999999,0.75160345,0.91362017,-0.271935582,-0.5245952549999999,-0.0499264269,-0.140909218,0.8447439428610706,-1.864640402733178,0.1503649997795735,-0.4858275475888601
