1,GLY,1.401,0.7748893805309734,1.17545,0.43765,-0.0306499999999999,2,0.666666666666667,0,0.0,0.4556,0.0,1.0,0.5062,0.6960647299999999,1.3543537,1.93950105,2.42078098,-0.2315582448,-0.4537047289999999,-0.03250683406,-0.09301160565,0.315077886,-0.5453502105,0.0425513691999999,-0.1038583324999999
2,PRO,1.593,0.7143497757847533,1.99822,0.79068,-0.15368,2,0.666666666666667,0,0.0,0.3222,0.3764,0.8594,0.3827,0.41553827,0.7963341399999999,1.1107181700000002,1.33288416,-0.2278935167,-0.436534109,-0.0459310413499999,-0.1289768952999999,0.23415418,-0.552443098,0.0490623044,-0.1767909509
3,GLY,0.814,0.450221238938053,0.9107,0.77084,0.2231600000000001,2,0.5,0,0.0,0.4556,0.0,1.0,0.5062,0.55483458,1.0678301099999998,1.50058207,1.82125398,-0.095980787,-0.185266929,-0.0175530932,-0.049587579,0.196070004,-0.325524411,0.0340689829,-0.083290305
4,GLY,0.663,0.3667035398230088,0.98378,0.87736,0.26764,3,0.6,0,0.0,0.4556,0.0,1.0,0.5062,0.69463538,1.34328088,1.90347342,2.33950212,-0.0926276427,-0.1815821033,-0.01288684947,-0.03689619429,0.354318402,-0.417780445,0.0494339111999999,-0.08515607032
5,GLY,0.379,0.2096238938053097,0.9624,0.77235,0.6566500000000001,1,0.5,0,0.0,0.4556,0.0,1.0,0.5062,0.41718692,0.8091259,1.15240773,1.4271474999999998,-0.342962971,-0.664573166,-0.0581902689999999,-0.164613706,0.4713002879999999,-1.049384728,0.0742242909,-0.252784259
6,PRO,1.379,0.6183856502242152,2.06377,0.8069000000000001,0.0440999999999999,0,0.0,0,0.0,0.3222,0.3764,0.8594,0.3827,0.41647252,0.80355317,1.1341456,1.3855513899999998,-0.092190485,-0.178500247,-0.0161185982,-0.0456532553,0.3853193240909091,-0.805112264490909,0.0636345686454545,-0.2011174711927272
7,GLY,0.975,0.5392699115044247,0.95037,0.6561300000000001,0.1768699999999999,0,0.0,0,0.0,0.4556,0.0,1.0,0.5062,0.55535913,1.07194507,1.51414728,1.85239785,-0.2801142218857143,-0.5431047990285714,-0.0474966386278571,-0.1345410148407142,0.4068610268531468,-0.8455773832223775,0.0683387046573426,-0.2136267097702097
8,GLY,0.354,0.1957964601769911,0.90531,0.9007000000000001,0.5533000000000001,0,0.0,1,0.25,0.4556,0.0,1.0,0.5062,0.55410191,1.06213349,1.48197935,1.77908444,-0.2850000211491071,-0.5528031619330357,-0.048009064075491,-0.1360380440656696,0.419022724662937,-0.847804531594219,0.0699626228868531,-0.2132469323721957
9,SER,1.45,0.666360294117647,1.77879,0.64376,0.0822400000000002,0,0.0,1,0.333333333333333,0.4111,0.1877,0.8514,0.5309,0.5551596,1.07037441,1.50895,1.84040522,-0.2892925292519345,-0.5609615741589781,-0.048976280771297,-0.1387468043564657,0.4289329465062936,-0.8759417565004415,0.0721458477405676,-0.2220983593679489
10,HIS,1.605,0.5804701627486437,2.94192,1.23824,-0.0782399999999998,0,0.0,1,1.0,0.1444,0.561,0.1124,0.679,0.4168666599999999,0.80663118,1.14424503,1.40859508,-0.0920359657,-0.177306203,-0.0172880444,-0.0487670166,0.431176057427015,-0.894440862526734,0.0721923874121167,-0.2248663485591095
11,MET,0.854,0.2863849765258215,2.42378,1.57155,0.5564500000000001,2,0.666666666666667,1,0.333333333333333,0.7111,0.6196,0.0,0.0988,0.69599221,1.3537880999999998,1.9376483900000003,2.4165645,-0.239318928,-0.4652786853,-0.03927244789,-0.11163189606,0.6671015159999999,-1.2893878389999998,0.1118163381999999,-0.3124758622999999
12,GLY,0.731,0.4043141592920354,0.87098,0.80247,0.2745299999999999,3,0.75,1,0.25,0.4556,0.0,1.0,0.5062,0.55499366,1.0690896099999998,1.50477416,1.83100087,-0.354263618,-0.685182236,-0.06209178975,-0.1754453691,0.431530492,-1.159096083,0.072504749,-0.286082316
13,GLY,0.837,0.4629424778761061,0.97083,0.7043499999999999,0.2666500000000001,3,0.75,0,0.0,0.4556,0.0,1.0,0.5062,0.69427023,1.34043725,1.89417297,2.31837686,-0.2191367508,-0.4244990713,-0.03799834823,-0.1076514723999999,0.3931441799999999,-0.4526324139,0.0593979539999999,-0.1091428805999999
14,ASN,1.268,0.5186094069529653,2.32314,0.98519,0.1918099999999998,6,0.857142857142857,1,0.142857142857143,0.1111,0.3976,0.6747,0.8272,0.83353824,1.61169985,2.28322626,2.8047581,-0.2831916787,-0.5469048234999999,-0.05098321444,-0.14395044477,0.3914551449999999,-0.90089535,0.0727558925,-0.2589862475
15,TYR,2.133,0.6258802816901409,3.9566,1.0809099999999998,0.1940900000000001,4,0.8,2,0.4,0.3556,0.8063,0.502,0.1605,0.97339247,1.8875839,2.6875956800000003,3.3265533099999995,-0.547831612,-1.068370697,-0.0840337874999999,-0.239246693,0.314487776,-0.8794830000000002,0.0482185244,-0.19403623
16,GLY,0.757,0.4186946902654867,0.88909,0.80411,0.2468900000000001,2,0.666666666666667,1,0.333333333333333,0.4556,0.0,1.0,0.5062,0.6947213799999999,1.34395695,1.90570698,2.34464528,-0.618217233,-1.196693102,-0.1074293286999999,-0.3038713235999999,0.469872696,-1.2842573309999998,0.0859459384,-0.3496887289999999
17,ASP,1.401,0.5225662066393136,2.49731,0.85519,0.42481,1,0.25,2,0.5,0.1111,0.3239,0.8675,1.0,0.69445,1.34183714,1.89875074,2.32877263,-0.4843896729999999,-0.939071085,-0.0826692946,-0.2342707567,0.66536146,-1.331158808,0.1247883368,-0.3637375726999999
18,ASP,1.11,0.4140246176799702,2.42092,0.98773,0.58327,1,0.2,2,0.4,0.1111,0.3239,0.8675,1.0,0.8340932700000001,1.61605242,2.29757021,2.83767659,-0.3582870100999999,-0.6982786055000001,-0.0556954457899999,-0.15849348244,0.589286494,-0.8789846088000001,0.0926974781,-0.2079300488
19,ARG,2.57,0.7664777810915597,4.10429,0.68504,0.0979600000000003,0,0.0,0,0.0,0.0,0.7346,0.9398,0.6914,0.6942955,1.34061409,1.89467955,2.31930458,-0.3622651669999999,-0.699654582,-0.0654189645999999,-0.1847957293,0.5874964960000001,-1.326137355,0.1070774454,-0.3637211913
20,ARG,2.334,0.6960930509991052,3.86717,1.01264,0.0063600000000001,0,0.0,0,0.0,0.0,0.7346,0.9398,0.6914,0.83390779,1.61461006,2.29285988,2.82699842,-0.3181527395,-0.6202364833999999,-0.04919421227,-0.14003879745,0.471552054,-1.227424771,0.0730301015,-0.2746901539999999
21,GLY,0.79,0.4369469026548672,1.05536,0.6410800000000001,0.3769199999999999,0,0.0,0,0.0,0.4556,0.0,1.0,0.5062,0.8338878200000001,1.61444911,2.29231464,2.82570199,-0.32917227067,-0.6426918728,-0.04903295556,-0.13966330652,0.510196426,-1.33495136,0.0835071388,-0.309049019
22,GLY,0.813,0.4496681415929203,0.98617,0.6877399999999999,0.3072600000000002,0,0.0,0,0.0,0.4556,0.0,1.0,0.5062,0.69404975,1.33869812,1.88840505,2.30502698,-0.3194536443999999,-0.6182068372,-0.05614450632,-0.1588914139,0.7843656640000003,-1.0269191412,0.135248804,-0.2376797027999999
23,ARG,2.392,0.7133909931404712,3.74106,0.91054,0.0504600000000002,0,0.0,0,0.0,0.0,0.7346,0.9398,0.6914,0.83398127,1.61518266,2.29473379,2.83125866,-0.2345721549999999,-0.456282262,-0.0374799731,-0.1064076056,0.549939328,-0.759520614,0.0866495204,-0.1840800223999999
24,GLY,0.528,0.2920353982300885,0.92146,0.8551200000000001,0.4248799999999999,1,0.25,0,0.0,0.4556,0.0,1.0,0.5062,0.6942552200000001,1.34030169,1.89366267,2.31700989,-0.1635250036,-0.318286195,-0.02630745993,-0.0748546941,0.392453752,-0.2435511959999999,0.0652695596,-0.0596720929999999
25,GLY,0.867,0.4795353982300885,0.82352,0.77333,0.1676700000000001,1,0.5,0,0.0,0.4556,0.0,1.0,0.5062,0.41564073,0.7971343099999999,1.113343,1.33887052,-0.255558725,-0.490474364,-0.0502015588,-0.141133092,0.313089696,-0.49812565,0.0588792988,-0.145012188
26,TYR,1.799,0.5278755868544601,3.96573,0.78697,0.82203,2,1.0,1,0.5,0.3556,0.8063,0.502,0.1605,0.55631999,1.0793448,1.53807408,1.9059186,-0.0885515747,-0.1729401461,-0.013330299484,-0.03803399722,0.314688192,-0.144172057,0.0461828463999999,-0.03492568526
27,ASP,1.348,0.5027974636329728,2.88522,0.54813,0.78487,0,0.0,0,0.0,0.1111,0.3239,0.8675,1.0,0.69731549,1.36402321,1.97089321,2.49138747,-0.2933158375,-0.575010605,-0.0407341523,-0.1166176446,1.0628482860000004,-1.5055017279999996,0.1490485752,-0.3068168282
28,ARG,2.447,0.7297942141365941,4.13487,0.73918,0.1668200000000002,1,1.0,1,1.0,0.0,0.7346,0.9398,0.6914,0.13926263,0.27123275,0.38899973,0.48639682,-0.18811039,-0.36637041,-0.030077909,-0.085671667,0.196426325,-0.59660837,0.0314075824999999,-0.139510268
29,GLY,0.696,0.3849557522123893,1.00643,0.73019,0.3818100000000001,1,0.25,0,0.0,0.4556,0.0,1.0,0.5062,0.55602083,1.07699475,1.53031517,1.88806787,-0.499604402,-0.969989319,-0.0836764916,-0.2375185094,0.7846987879999999,-1.597720624,0.1324814378,-0.4077181324
30,GLY,0.897,0.4961283185840708,0.90649,0.73273,0.17827,1,0.142857142857143,1,0.142857142857143,0.4556,0.0,1.0,0.5062,0.8343102199999999,1.61775386,2.30317788,2.85054689,-0.1671311426999999,-0.3204907348,-0.03295201646,-0.09251581556,0.588404184,-0.1010568322999999,0.098817037,-0.0569774615
31,TYR,1.435,0.4210680751173709,3.73794,1.52053,0.4524699999999999,4,0.363636363636364,1,0.0909090909090909,0.3556,0.8063,0.502,0.1605,1.2518075,2.42917971,3.46270999,4.292666629999999,-0.264531774,-0.518791723,-0.0362576077,-0.103813359,0.078569319,-0.140656025,0.012562349,-0.032433398
32,ARG,1.897,0.5657620041753653,3.86201,1.13142,0.3245800000000001,2,0.2,1,0.1,0.0,0.7346,0.9398,0.6914,1.11280994,2.16000742,3.08043539,3.82150292,-0.234282252,-0.456626902,-0.0361948334,-0.102955513,0.27437475,-0.621472424,0.047818202,-0.155925228
33,GLY,0.664,0.3672566371681416,0.8883,0.78326,0.3607400000000001,2,0.25,1,0.125,0.4556,0.0,1.0,0.5062,0.97326166,1.88657298,2.68431699,3.31919137,-0.357239566,-0.692566035,-0.0610625746999999,-0.1730672164,0.2747788519999999,-0.505500775,0.0456385638,-0.1196188945
34,ARG,3.036,0.9054577989859828,4.02476,0.66316,-0.3461599999999998,2,0.285714285714286,1,0.142857142857143,0.0,0.7346,0.9398,0.6914,0.6944610499999999,1.3419092,1.8989347800000005,2.32903128,-0.4599585975999999,-0.8883843619999999,-0.0828056182699999,-0.2338632054,0.274584416,-0.300572666,0.0465964526999999,-0.092330022
35,GLY,0.409,0.226216814159292,0.76667,0.87767,0.5213300000000001,4,0.4,2,0.2,0.4556,0.0,1.0,0.5062,1.11240419,2.15686153,3.07019691,3.79840289,-0.5469354155,-1.06952528,-0.0799911404,-0.22843942,0.5422424255882354,-0.6935898606941177,0.0920531696882352,-0.17855193798
36,GLY,0.585,0.3235619469026548,0.93444,0.90892,0.3140800000000001,2,0.285714285714286,1,0.142857142857143,0.4556,0.0,1.0,0.5062,0.97348141,1.8882586,2.6897386,3.3312235,-0.4811430142,-0.9348879496,-0.0792391239,-0.2249926064,0.5510063176993465,-0.6939499621385621,0.0931198731437908,-0.1786049734355555
37,ASP,1.471,0.5486758672137263,2.5068,0.7822600000000001,0.4277399999999999,0,0.0,1,0.25,0.1111,0.3239,0.8675,1.0,0.8342152599999999,1.61701027,2.30073036,2.84494011,-0.5933556835000001,-1.1475129678999996,-0.10434834122,-0.2948873538,0.5365104054888201,-0.6897940438754042,0.0910286559332645,-0.1775914814218713
38,ARG,1.764,0.5260960334029228,3.42696,1.3767900000000002,0.21221,0,0.0,0,0.0,0.0,0.7346,0.9398,0.6914,0.9732737,1.88663682,2.6844203600000003,3.31910047,-0.5643384399,-1.0990670496,-0.08867658953,-0.25213686087,0.4853358686888201,-0.6173516682254042,0.0838565142432645,-0.1628400253618713
39,GLY,0.8,0.4424778761061947,0.90386,0.75487,0.2531299999999999,0,0.0,0,0.0,0.4556,0.0,1.0,0.5062,0.83349836,1.61139115,2.28222178,2.802493,-0.31015626,-0.598566096,-0.0565686529999999,-0.15968766,0.155910656,-0.50202062,0.034090068,-0.161314014
40,GLY,0.957,0.5293141592920354,1.00421,0.62956,0.22144,0,0.0,0,0.0,0.4556,0.0,1.0,0.5062,0.69415461,1.3395155799999998,1.8910819300000004,2.31111791,-0.228051306,-0.44161714,-0.0398623721999999,-0.1129272502,0.7033271280000002,-1.2193873959999997,0.1409685204,-0.3338703858000001
41,PHE,1.205,0.3875844322933419,3.2139100000000003,1.64816,0.2558399999999998,0,0.0,0,0.0,0.8111,0.783,0.0763,0.037,0.8335028500000001,1.61143542,2.28240056,2.80300412,-0.2124887449999999,-0.416301873,-0.0298366051999999,-0.085353291,0.15714106,-0.300361756,0.025126066,-0.070236278
42,ARG,1.62,0.4831494184312556,3.62348,1.2507199999999998,0.4822800000000002,0,0.0,0,0.0,0.0,0.7346,0.9398,0.6914,0.69435153,1.34105621,1.8961459,2.32269887,-0.0699947928999999,-0.137467067,-0.00944052995,-0.027105044,0.7058360640000001,-0.2035471699999999,0.1214477922,-0.033369367
43,GLY,1.035,0.5724557522123893,0.50232,0.7470100000000002,0.0259899999999999,0,0.0,0,0.0,0.4556,0.0,1.0,0.5062,0.5563771399999999,1.07978467,1.53949255,1.90907666,-0.0812445391,-0.1574627679,-0.01385042403,-0.0392167965,1.177921439999999,-0.7518492535,0.1912021825,-0.1883554627999999
44,GLY,0.486,0.2688053097345133,0.44694,1.13857,0.1834299999999999,0,0.0,0,0.0,0.4556,0.0,1.0,0.5062,0.5561837000000001,1.07828232,1.53459431,1.89799795,-0.4088234297999999,-0.79751988,-0.06263643845,-0.1784473334999999,1.2161274410000005,-1.336125444,0.2071783419,-0.3329917158999999
45,ARG,2.54,0.7575305696391291,4.05207,0.83451,-0.0215099999999998,0,0.0,0,0.0,0.0,0.7346,0.9398,0.6914,0.69438396,1.34132237,1.89706515,2.32493725,-0.584503378,-1.135211401,-0.0971963002,-0.2759465404999999,0.9393946380000004,-1.4663488410000007,0.1754585685,-0.4239776163000001
46,GLY,0.742,0.4103982300884956,1.01399,0.62727,0.43873,0,0.0,0,0.0,0.4556,0.0,1.0,0.5062,0.97355526,1.88885761,2.69178308,3.33613169,-0.5500555222000001,-1.0711911542,-0.08640907505,-0.2456437738999999,0.4708397540000001,-0.5046074759999999,0.0780799609999999,-0.1459668261999999
47,GLY,0.494,0.2732300884955752,0.88483,0.92549,0.38851,0,0.0,0,0.0,0.4556,0.0,1.0,0.5062,1.25112928,2.42388695,3.4453587500000005,4.25312632,-0.5495193095,-1.066549279,-0.0916100136,-0.2597070318,0.03926586,-0.06520961,0.0064497194,-0.015669337
48,GLY,0.331,0.183075221238938,0.7903600000000001,0.99346,0.4835400000000001,1,0.0526315789473684,0,0.0,0.4556,0.0,1.0,0.5062,1.6701753100000003,3.2474327700000005,4.644742450000001,5.78642429,-0.53864413,-1.054828316,-0.07668008793,-0.2193329001999999,0.03935755,-0.056654215,0.0056057414,-0.011787707
49,ASP,1.375,0.5128683327116748,2.45655,1.0330400000000002,0.2729599999999998,0,0.0,0,0.0,0.1111,0.3239,0.8675,1.0,1.1134810000000002,2.16528563,3.09788604,3.86172352,-0.6443732258900001,-1.2486392453,-0.110217529877,-0.3120534168359999,0.7071933810000001,-0.0068062944,0.1101348264,-0.0252078633199999
50,ARG,2.458,0.7330748583358186,4.01428,0.8020700000000001,0.0929299999999999,0,0.0,0,0.0,0.0,0.7346,0.9398,0.6914,0.5547970600000001,1.06753889,1.49963177,1.81910212,-0.939041059606,-1.80533832629,-0.1808664930679999,-0.509256041588,0.7423597670000002,-0.8979541565000002,0.1489846059,-0.2756846591999999
51,GLY,0.776,0.4292035398230088,1.06113,0.69775,0.33425,0,0.0,0,0.0,0.4556,0.0,1.0,0.5062,1.53185093,2.98355154,4.27994996,5.3555219,-0.4537772283,-0.8857125509999998,-0.0692941584,-0.1976564653,0.5112724799999999,-0.614209296,0.076067425,-0.1318531393
52,GLY,0.878,0.4856194690265487,1.04026,0.68869,0.24131,0,0.0,0,0.0,0.4556,0.0,1.0,0.5062,1.25308748,2.43920403,3.49569643,4.368216449999999,-0.19728967247,-0.3836454404,-0.0314038875049999,-0.08905479048,1.1002841740000002,-0.4733820732,0.1685064128999999,-0.13860875074
53,PHE,2.152,0.6921839819877774,3.32628,0.91787,0.0391299999999998,1,0.2,0,0.0,0.8111,0.783,0.0763,0.037,0.83382541,1.61394826,2.29062298,2.8216928,-0.37831807482,-0.7317010011400001,-0.066895004125,-0.1891818257,1.4134100400000007,-1.0770856487000005,0.2299270704,-0.2704115177699999
54,GLY,0.642,0.3550884955752212,0.87822,0.7915300000000001,0.3744699999999998,1,0.2,0,0.0,0.4556,0.0,1.0,0.5062,0.8340774500000001,1.6159236,2.29712868,2.83661008,-0.4461325633,-0.8725880933,-0.06485298612,-0.1852007751,1.4141863259999996,-1.8870901242000004,0.2225733498000001,-0.4268930265999999
55,PRO,1.227,0.5502242152466368,1.91718,0.94199,0.0610099999999999,2,0.5,1,0.25,0.3222,0.3764,0.8594,0.3827,0.97373202,1.89024519,2.69636137,3.3466557099999994,-0.540548732,-1.06049618,-0.07315656515,-0.2094774273,0.6689874600000001,-1.2343205730000002,0.0952494008,-0.2680132537
56,GLY,0.857,0.474004424778761,1.04242,0.6470999999999999,0.3039000000000001,2,0.4,1,0.2,0.4556,0.0,1.0,0.5062,0.9735499200000002,1.88880487,2.69157052,3.3355244,-0.51530411,-0.999929826,-0.0864344613,-0.2450649654,0.666940788,-0.991191211,0.1109992568,-0.2958074246
57,LYS,1.901,0.7311538461538462,3.19068,0.8418099999999998,-0.1428099999999997,2,0.25,1,0.125,0.0667,0.6942,0.6867,0.7901,1.25271289,2.43626802,3.4860258500000008,4.346038619999999,-0.45779240191,-0.88721264636,-0.0780958733474,-0.2211109033619999,0.353016882,-0.6810822390000001,0.0597051722999999,-0.18962929484
58,MET,1.818,0.6096579476861167,2.64924,0.89025,0.2737500000000001,2,0.333333333333333,0,0.0,0.7111,0.6196,0.0,0.0988,1.39243514,2.7111063100000004,3.88691227,4.85972796,-0.6670040470999999,-1.29886979025,-0.104908415391,-0.2982218469,0.03929476,-0.08929467,0.0061973077,-0.020592581
59,ASP,0.494,0.1842596046251398,1.93762,1.4498699999999998,0.7371300000000005,1,0.0909090909090909,0,0.0,0.1111,0.3239,0.8675,1.0,1.25148174,2.42667146,3.45460644,4.27456759,-0.79342040627,-1.5336295755000002,-0.1420896685599999,-0.40181682453,0.038977664,-0.090643845,0.008522517,-0.029126534
60,SER,1.339,0.6153492647058822,1.40176,0.6405900000000001,0.19641,0,0.0,0,0.0,0.4111,0.1877,0.8514,0.5309,0.97327981,1.88668276,2.68456463,3.31940925,-1.011586543,-1.960976379,-0.1728480873,-0.4897627967999999,0.157328546,-0.02372214,0.0232616927999999,-0.009279256
61,ARG,1.869,0.55741127348643,3.78953,1.26883,0.2151700000000003,0,0.0,0,0.0,0.0,0.7346,0.9398,0.6914,1.11335567,2.16430377,3.0946532399999995,3.8543143,-0.78109112384,-1.5265649061999995,-0.1146701622,-0.327067136,0.07873198,-0.00736858,0.0110418872,-0.0015094214
62,GLY,0.802,0.4435840707964602,0.96643,0.75532,0.25068,1,0.333333333333333,1,0.333333333333333,0.4556,0.0,1.0,0.5062,0.6942648,1.34038566,1.8939703,2.31781104,-0.512560545,-0.987723437,-0.0953928941,-0.2689745079999999,0.4695775740000001,-1.1926127139999998,0.088824201,-0.3414025619999999
63,GLU,1.873,0.6865835777126099,3.0449200000000003,0.79256,0.0624400000000001,1,0.333333333333333,1,0.333333333333333,0.1111,0.4884,0.8112,0.9136,0.55497024,1.06889004,1.50406024,1.82919062,-0.487397877,-0.944530875,-0.0838135564999999,-0.2374522299999999,0.5866237560000002,-1.8164359,0.1133808948,-0.5159368559999999
64,HIS,1.726,0.6242314647377938,3.16613,0.94454,0.0944600000000001,1,0.5,1,0.5,0.1444,0.561,0.1124,0.679,0.69447563,1.34204098,1.89943248,2.33036768,-0.350079267,-0.68673849,-0.0474833623,-0.135944088,0.589511976,-1.8696598600000005,0.0911310138,-0.4235725360000001
65,ARG,2.453,0.7315836564270801,3.97697,0.8857900000000001,0.0142100000000002,0,0.0,0,0.0,0.0,0.7346,0.9398,0.6914,0.55524792,1.07106888,1.51124507,1.84569182,-0.166366988,-0.32422064,-0.0257694098,-0.0732959265,1.4916084839999988,-3.030347184000004,0.243519415,-0.6909237360000002
66,GLN,1.145,0.3982608695652174,2.34817,1.04586,0.68414,0,0.0,0,0.0,0.1111,0.5388,0.7952,0.6914,0.27753446,0.53483105,0.75329925,0.91749778,-0.24472142,-0.47223605,-0.0446455372,-0.126003787,0.7832459910000001,-1.6758213159999995,0.1430179295,-0.465033493
67,ASP,1.098,0.4095486758672138,1.99992,1.12249,0.46051,0,0.0,0,0.0,0.1111,0.3239,0.8675,1.0,0.7732217612500001,1.497803251875,2.128672333125,2.6275988725,-0.4312520374323076,-0.8370773712238461,-0.0718260272967999,-0.2036498013916922,0.4587917612999999,-1.0476988448000004,0.0788602031099999,-0.268700627024
68,ARG,2.537,0.756635848493886,4.16257,0.56721,0.2487900000000003,0,0.0,0,0.0,0.0,0.7346,0.9398,0.6914,0.4170467599999999,0.8080217799999999,1.1487517,1.41870343,-0.067113431,-0.12953961,-0.01211820516,-0.0341838658999999,0.4693692492299998,-1.0843605053800007,0.0807757061909999,-0.2766077602424
69,ARG,1.215,0.3623620638234417,3.18771,1.82402,0.3139799999999999,0,0.0,0,0.0,0.0,0.7346,0.9398,0.6914,0.69458102,1.34287669,1.90221838,2.33685842,-0.4093943395868589,-0.7944167300436537,-0.0685466744513999,-0.1943137057684743,0.5123766981529998,-1.1838670889180007,0.0882335460400999,-0.30220927816664
70,GLU,1.671,0.6125366568914956,3.01858,0.87224,0.1847600000000001,0,0.0,0,0.0,0.1111,0.4884,0.8112,0.9136,0.6944763700000001,1.34203488,1.89936987,2.33009305,-0.3773921673632639,-0.7328156595889584,-0.0624180916090166,-0.1770217792050138,0.5597166015682999,-1.2931894133098008,0.0962046489441099,-0.329517552583304
71,ARG,1.655,0.4935878317924246,3.6951,1.37291,0.3250900000000001,0,0.0,0,0.0,0.0,0.7346,0.9398,0.6914,0.69394787,1.33791585,1.88588656,2.29942998,-0.3245426360602025,-0.6304689329713716,-0.0532155919681013,-0.150960027738765,0.5999554071251298,-1.4201361406407806,0.103498944558521,-0.3615413822416344
72,PRO,1.6,0.7174887892376682,2.12588,0.6776,-0.0476,0,0.0,0,0.0,0.3222,0.3764,0.8594,0.3827,0.55518006,1.07053891,1.50950597,1.84172323,-0.076630815,-0.148290556,-0.0133412414,-0.0377166679999999,0.6520777498376428,-1.5614128967048586,0.1127446502943731,-0.3975445783257978
73,TYR,2.11,0.619131455399061,3.90045,1.27784,0.0201599999999999,0,0.0,0,0.0,0.3556,0.8063,0.502,0.1605,0.5565578,1.08121499,1.54425508,1.92015719,0.0094883785,0.0185271294,0.0014380584,0.0041031628999999,0.6703277674214071,-1.5982929149753446,0.1151366952238104,-0.4031587799583777
