1,GLY,1.391,0.769358407079646,1.21108,0.30982,0.10718,0,0.0,0,0.0,0.4556,0.0,1.0,0.5062,0.4169732499999999,0.8074495399999999,1.14688069,1.41445511,-0.4152407020000001,-0.808083374,-0.0665655768,-0.189256983,0.510174582,-1.042912218,0.084572028,-0.2656511039999999
2,PRO,1.667,0.7475336322869955,2.10515,0.66086,-0.09786,0,0.0,0,0.0,0.3222,0.3764,0.8594,0.3827,0.55533766,1.07177387,1.5135721700000002,1.85104455,-0.4357400366,-0.844829292,-0.0733354090299999,-0.2075673905,0.4318374470000001,-0.5234851530000001,0.0698123068999999,-0.1252054859999999
3,GLY,0.807,0.4463495575221239,0.94583,0.80696,0.1940399999999998,0,0.0,0,0.0,0.4556,0.0,1.0,0.5062,0.97288303,1.88358136,2.6743792000000006,3.29614263,-0.398258531,-0.7771122119999999,-0.0609518548,-0.173760571,0.432417222,-0.980001136,0.066119429,-0.2194324609999999
4,GLY,0.735,0.4065265486725664,0.84923,0.8627400000000001,0.2102599999999999,0,0.0,0,0.0,0.4556,0.0,1.0,0.5062,0.97297398,1.88432089,2.67690836,3.30222943,-0.427044989,-0.83342939,-0.064805573,-0.1847071149999999,0.432393464,-1.18001328,0.0658384452,-0.264327039
5,GLY,0.862,0.4767699115044247,0.82821,0.69781,0.24819,0,0.0,0,0.0,0.4556,0.0,1.0,0.5062,0.55483266,1.06781611,1.5005389,1.82116417,-0.4968159021,-0.956902827,-0.0933861424999999,-0.2633033014,0.6260134720000002,-0.907525283,0.1191876943999999,-0.2599419111
6,PRO,1.315,0.5896860986547084,1.91119,0.8845799999999999,0.0304200000000001,0,0.0,0,0.0,0.3222,0.3764,0.8594,0.3827,0.83329046,1.60977063,2.2769162,2.7904220800000004,-0.504415227,-0.978134498,-0.086030617,-0.243917165,0.50967432,-0.916800648,0.0888534005,-0.229389707
7,GLY,0.698,0.3860619469026548,0.99651,0.82478,0.2852200000000001,0,0.0,0,0.0,0.4556,0.0,1.0,0.5062,1.25156097,2.42727019,3.45650175,4.27867908,-0.350870987,-0.6840190135,-0.0540862098999999,-0.1539138685999999,0.5108058240000001,-0.925415735,0.0785692558,-0.2132566072
8,GLY,0.4,0.2212389380530973,0.7997,0.95485,0.4531499999999999,1,0.111111111111111,0,0.0,0.4556,0.0,1.0,0.5062,1.11254813,2.15800897,3.07404277,3.80742631,-0.3382908036000001,-0.6555413599,-0.05786431259,-0.16383885267,0.353402982,-0.3428175337,0.0572468323999999,-0.08828531811
9,SER,1.315,0.6043198529411764,1.52954,0.7308399999999999,0.1301600000000002,0,0.0,0,0.0,0.4111,0.1877,0.8514,0.5309,0.6939482100000001,1.3379049499999998,1.88580226,2.2990879900000003,-0.6890962847,-1.33296256,-0.1223107880999999,-0.3461536426,0.5083793719999999,-1.00418025,0.0988597439999999,-0.2669549818
10,HIS,1.863,0.6737793851717901,3.30283,0.8188700000000001,0.08313,0,0.0,0,0.0,0.1444,0.561,0.1124,0.679,0.83382705,1.61398682,2.29084015,2.8224673100000004,-0.6855634074999999,-1.3333565645,-0.11026108896,-0.313131017,0.4713002879999998,-1.041366272,0.0742242909,-0.238184962
11,MET,1.434,0.4808853118712273,2.45174,1.31343,0.2345700000000001,1,0.125,1,0.125,0.7111,0.6196,0.0,0.0988,0.97250206,1.88060859,2.66463476,3.27394087,-0.52449448674,-1.0226627434000002,-0.08147236151,-0.2321198834499999,0.509551542,-0.7841208538,0.0904003494999999,-0.1909017489099999
12,GLY,0.591,0.3268805309734513,0.8777200000000001,0.76725,0.4497500000000001,0,0.0,1,0.25,0.4556,0.0,1.0,0.5062,0.8339225100000001,1.61473353,2.29329437,2.82808017,-0.5962537783,-1.161560856,-0.0925504044999999,-0.2630547065,0.314016288,-0.901394489,0.0516208657,-0.2164447323
13,GLY,0.968,0.5353982300884955,1.07438,0.62263,0.21737,1,0.333333333333333,0,0.0,0.4556,0.0,1.0,0.5062,0.5547316,1.06702638,1.49794646,1.8152453,-0.5476255975,-1.0595278695,-0.0969002008,-0.274280464,0.7030287420000003,-1.194672292,0.1431251075,-0.3385538405
14,ASN,0.834,0.3411042944785276,2.22829,1.1112999999999995,0.4997000000000002,2,0.4,1,0.2,0.1111,0.3976,0.6747,0.8272,0.8334175100000001,1.6107757699999998,2.2802611,2.79819979,-0.3805655763,-0.735685563,-0.0677040341,-0.1913719068,0.509705477,-0.7137856839999999,0.0886061147,-0.1990929764
15,TYR,1.887,0.5536971830985916,3.64265,1.24575,0.27525,3,1.0,1,0.333333333333333,0.3556,0.8063,0.502,0.1605,0.8338972,1.61451957,2.29253499,2.82617044,-0.4103323694,-0.7964039886,-0.0680792660299999,-0.19291140055,0.901091216,-1.4780314352,0.1607790845,-0.4478799176899999
16,GLY,0.781,0.4319690265486726,0.85149,0.76668,0.2603200000000001,2,0.666666666666667,1,0.333333333333333,0.4556,0.0,1.0,0.5062,0.5549702400000001,1.06889004,1.50406024,1.82919062,-0.5696306039999999,-1.102224505,-0.100180581,-0.283453623,0.8226531920000001,-2.20360799,0.1487451361,-0.5872716440000001
17,ASP,0.917,0.3420365535248041,2.07184,1.17216,0.5918399999999999,1,0.25,2,0.5,0.1111,0.3239,0.8675,1.0,0.55473018,1.06701591,1.49791426,1.81517884,-0.498383458,-0.96250897,-0.0904503476,-0.2556231129999999,0.4701462270000001,-1.43196352,0.085125843,-0.3730650499999999
18,ASP,1.049,0.3912719134651249,2.32869,1.08659,0.5454100000000002,0,0.0,1,0.25,0.1111,0.3239,0.8675,1.0,0.8341933699999999,1.6168352,2.3001417600000003,2.84355289,-0.378738908,-0.739251157,-0.0571352163,-0.162790699,0.472354512,-1.32185005,0.0664997049,-0.2689417769999999
19,ARG,1.983,0.5914106770056665,3.76442,1.07978,0.2902200000000001,0,0.0,0,0.0,0.0,0.7346,0.9398,0.6914,0.69418265,1.33973681,1.89181626,2.31281959,-0.361046993,-0.6966738130000001,-0.0660465289,-0.186440819,0.391314645,-1.1028523120000002,0.0740201675,-0.306702318
20,ARG,1.556,0.4640620339994035,3.46678,1.41941,0.3775900000000001,1,0.166666666666667,1,0.166666666666667,0.0,0.7346,0.9398,0.6914,0.6943739099999999,1.34123471,1.89674504,2.32410669,-0.245841757,-0.47583703,-0.043266811,-0.12251655,0.313262292,-0.94857243,0.057816148,-0.252464592
21,GLY,0.531,0.2936946902654867,0.83459,0.90311,0.3738900000000001,2,0.285714285714286,1,0.142857142857143,0.4556,0.0,1.0,0.5062,0.69412597,1.33931452,1.89050231,2.310043,-0.232281418,-0.455345766,-0.0320327775,-0.0916543199999999,0.314776391,-0.964710128,0.0451581819,-0.2004947809999999
22,GLY,0.96,0.5309734513274336,0.96983,0.61463,0.23337,1,0.2,1,0.2,0.4556,0.0,1.0,0.5062,0.55506137,1.06960589,1.5064236,1.83462643,-0.109660595,-0.213875984,-0.0169230559,-0.048215366,0.470853756,-0.6416279520000002,0.0788073534,-0.1446461058
23,ARG,1.655,0.4935878317924246,2.8465100000000003,1.5479900000000002,0.1500099999999999,2,0.5,2,0.5,0.0,0.7346,0.9398,0.6914,0.41675545,0.8057549900000001,1.14134282,1.40188905,-0.215035568,-0.41638766,-0.037300964,-0.10557887,0.313715968,-0.674392568,0.053955594,-0.172857165
24,GLY,1.022,0.5652654867256637,0.76646,0.66646,0.1195399999999999,0,0.0,0,0.0,0.4556,0.0,1.0,0.5062,0.27746852,0.5343151399999999,0.75160345,0.91362017,-0.247763085,-0.47994488,-0.0429165529999999,-0.121558064,0.4312910719999999,-1.31232622,0.0751460126,-0.335268988
25,GLY,0.413,0.228429203539823,1.01867,0.91483,0.48017,0,0.0,0,0.0,0.4556,0.0,1.0,0.5062,0.41560705,0.79687109,1.11247883,1.33689752,-0.32865679,-0.6351450639999999,-0.058950507,-0.1666483228,0.391314645,-0.7691496119999998,0.0740201675,-0.2244780595999999
26,TYR,1.066,0.312793427230047,3.40227,1.74593,0.5960699999999997,0,0.0,0,0.0,0.3556,0.8063,0.502,0.1605,0.69468207,1.3436511799999995,1.90470832,2.34238194,-0.1384220029,-0.2626187408,-0.0313461415499999,-0.08756175338,0.58846885,-0.4358149198,0.0982269635,-0.1425918650399999
27,ASP,0.991,0.3696381947034688,2.5316,0.99549,0.69451,0,0.0,0,0.0,0.1111,0.3239,0.8675,1.0,0.97305736,1.88495233,2.67891095,3.30658548,-0.2823040505,-0.5496619300000001,-0.0444302413,-0.1262682358,0.157424281,-0.1644245629999999,0.0223305159999999,-0.0329307573
28,ARG,2.331,0.6951983298538622,3.39077,0.72768,0.2943200000000002,0,0.0,0,0.0,0.0,0.7346,0.9398,0.6914,0.69415708,1.33954765,1.89123273,2.31160223,-0.404852308,-0.784798609,-0.0690759163999999,-0.195692564,0.27367238,-0.330226087,0.0535978645,-0.0906688819999999
29,GLY,0.797,0.4408185840707965,0.93355,0.70756,0.3034400000000001,0,0.0,1,0.2,0.4556,0.0,1.0,0.5062,0.83382579,1.61397468,2.29079331,2.8223400400000003,-0.3460730254999999,-0.6752778475,-0.0525970503,-0.1498520423,0.1569736639999999,-0.1724647755,0.0259236386,-0.0417999363
30,GLY,0.687,0.3799778761061947,0.97059,0.7433299999999999,0.37767,0,0.0,1,0.142857142857143,0.4556,0.0,1.0,0.5062,0.83341332,1.6107435100000005,2.28015716,2.79796889,-0.371309101,-0.722444463,-0.0594751532,-0.1690096114,0.235812232,-0.4936465679999999,0.0358622539999999,-0.113493063
31,TYR,1.851,0.5431338028169014,3.99333,1.08533,0.47167,0,0.0,1,0.2,0.3556,0.8063,0.502,0.1605,0.9732905,1.88678743,2.68498311,3.32059533,-0.24091726006,-0.47086882394,-0.0355072783989999,-0.101325880826,0.117449138,-0.1413526179999999,0.0219252956,-0.0366419376
32,ARG,2.471,0.7369519832985386,4.05769,0.76459,0.1174100000000001,0,0.0,0,0.0,0.0,0.7346,0.9398,0.6914,0.97392727,1.89176262,2.70131217,3.35786414,-0.3718485289999999,-0.7228466379999999,-0.0601858791,-0.1708002951999999,0.117240593,-0.24145291,0.0233265505,-0.071713393
33,GLY,0.274,0.1515486725663717,0.8563200000000001,0.99202,0.54198,0,0.0,0,0.0,0.4556,0.0,1.0,0.5062,0.8337683499999999,1.6135224,2.28929702,2.8188885000000004,-0.3477186076,-0.6712153932,-0.0630621367,-0.1780236219,0.313926577,-0.507888391,0.0519259059,-0.1292919709
34,ARG,2.22,0.6620936474798688,3.86318,0.93269,0.20031,0,0.0,0,0.0,0.0,0.7346,0.9398,0.6914,0.8341434600000001,1.61643913,2.29882005,2.84046945,-0.3641871919999999,-0.7106750799999999,-0.0550435934,-0.1567585673,0.2748050959999999,-0.497028331,0.044303523,-0.1236615322999999
35,GLY,0.942,0.5210176991150443,0.9211,0.7665799999999998,0.0994200000000002,0,0.0,0,0.0,0.4556,0.0,1.0,0.5062,0.69444803,1.3418242699999998,1.8987172,2.32872265,-0.18763302146,-0.36632218168,-0.02842509272,-0.08107469503,0.313612154,-0.28257818836,0.05488244,-0.06935510046
36,GLY,0.764,0.4225663716814159,0.34102,1.04257,0.00143,0,0.0,0,0.0,0.4556,0.0,1.0,0.5062,0.5563753300000001,1.07977044,1.53944723,1.90897786,-0.2858819365,-0.556601831,-0.0453003119999999,-0.128802481,0.5103198040000001,-0.940021343,0.083310304,-0.227499032
37,ASP,1.203,0.4487131667288325,2.27891,1.23746,0.2405399999999999,0,0.0,0,0.0,0.1111,0.3239,0.8675,1.0,0.27857379,0.5428656199999999,0.77938602,0.97618325,-0.0562097065,-0.1096472263999999,-0.0086285214,-0.0245857791,0.471898864,-0.4922993079999999,0.0702726984,-0.10882722908
38,ARG,1.852,0.5523411869967193,3.45298,1.52123,-0.0202299999999999,0,0.0,0,0.0,0.0,0.7346,0.9398,0.6914,0.55725312,1.08652846,1.56129235,1.95782216,-0.2565386728,-0.5019032466000001,-0.03740593637,-0.10692671874,0.432661767,-0.8084913548,0.0642866981,-0.17280820922
39,GLY,0.797,0.4408185840707965,0.9214,0.75433,0.2566700000000002,0,0.0,0,0.0,0.4556,0.0,1.0,0.5062,0.41659882,0.8045274200000001,1.13730073,1.3926233,-0.1021473941,-0.1983754172,-0.0168480075199999,-0.04778251023,0.549029158,-0.6244006037999998,0.0938268095999999,-0.16127118592
40,GLY,0.98,0.5420353982300885,0.6777200000000001,0.8197699999999999,0.0082300000000001,0,0.0,0,0.0,0.4556,0.0,1.0,0.5062,0.55655052,1.08114906,1.5440063900000005,1.91948971,-0.0679747062,-0.1326725155,-0.0103964581799999,-0.02965566534,0.51105696,-0.3088421469999999,0.0782736973999999,-0.07088304868
41,PHE,1.25,0.4020585397233837,2.87265,1.80834,0.0506599999999999,0,0.0,0,0.0,0.8111,0.783,0.0763,0.037,0.13897605,0.26900125,0.3817012,0.4698174,-0.178868102,-0.34621607,-0.0317197004999999,-0.089903548,0.3136353760000001,-0.8723866960000001,0.055618752,-0.2265367349999999
42,ARG,2.097,0.625410080524903,3.73977,1.07473,0.1812700000000002,0,0.0,1,0.2,0.0,0.7346,0.9398,0.6914,0.69510979,1.34688827,1.91498032,2.36475817,-0.2754403113999999,-0.5353794386999999,-0.04531200336,-0.1287610348,0.74518901,-1.187152117,0.1282246799999999,-0.293794161
43,GLY,0.959,0.5304203539823008,1.02414,0.59578,0.2532200000000001,0,0.0,1,0.25,0.4556,0.0,1.0,0.5062,0.69466216,1.34350427,1.90425601,2.34144135,-0.4887372549999999,-0.950144363,-0.0789410156999999,-0.2240387096,0.9424918120000004,-2.164255192,0.1502750957999999,-0.5227222902000003
44,GLY,0.325,0.1797566371681415,0.77062,1.04289,0.44011,0,0.0,1,0.166666666666667,0.4556,0.0,1.0,0.5062,0.6936274500000001,1.3354073199999998,1.87763377,2.28053355,-0.604947203,-1.172525284,-0.1044579599,-0.296196371,0.7051441799999999,-1.410932636,0.1277752181999999,-0.360515754
45,ARG,2.673,0.7971965404115717,3.93447,0.8202499999999999,-0.1402499999999997,0,0.0,0,0.0,0.0,0.7346,0.9398,0.6914,0.9728381,1.88326274,2.67344626,3.2943593900000003,-0.4045176593999999,-0.7839985296,-0.0689163340399999,-0.1951289024,0.6274083470000001,-1.378380587,0.1073563075999999,-0.3551385743999999
46,GLY,0.895,0.4950221238938053,0.91514,0.69745,0.21555,0,0.0,0,0.0,0.4556,0.0,1.0,0.5062,1.11271293,2.15927366,3.0781129599999995,3.81646646,-0.2609406008,-0.5049735823,-0.04567590011,-0.1292206669999999,0.7065287479999998,-0.6342921896,0.1162960926,-0.1673356631
47,GLY,0.653,0.3611725663716814,0.91541,0.8513299999999999,0.3036700000000001,0,0.0,0,0.0,0.4556,0.0,1.0,0.5062,1.11208035,2.15434469,3.06197989,3.77978105,-0.27387364835,-0.5307649753,-0.04692752201,-0.1329310850599999,0.7066244139999998,-0.6021309606000002,0.1145559243999999,-0.1586785523199999
48,GLY,0.489,0.2704646017699115,0.8818600000000001,0.92953,0.38947,0,0.0,0,0.0,0.4556,0.0,1.0,0.5062,1.11097695,2.14572557,3.033695020000001,3.71523706,-0.3426849254999999,-0.6648091639999999,-0.05775922325,-0.1637469522,0.7453903850000001,-0.8721653469999999,0.1267303301999999,-0.2275108298
49,ASP,1.433,0.5345020514733309,2.35889,0.8883999999999999,0.3596000000000001,0,0.0,0,0.0,0.1111,0.3239,0.8675,1.0,0.97288655,1.88361892,2.6745386200000003,3.29661845,-0.4985286639999999,-0.970908892,-0.0789495663,-0.2246552845,0.745335667,-1.21845854,0.1266041336,-0.293602724
50,ARG,2.28,0.67998807038473,3.74558,0.9072099999999998,0.1657900000000005,0,0.0,0,0.0,0.0,0.7346,0.9398,0.6914,0.97285883,1.88341781,2.67393031,3.29538699,-0.6073991590000001,-1.183442154,-0.0952009269999999,-0.2709254848,0.942188374,-1.93461422,0.1536837022,-0.4497378237999999
51,GLY,0.552,0.3053097345132743,0.84956,0.84084,0.41516,0,0.0,0,0.0,0.4556,0.0,1.0,0.5062,1.11235148,2.1564589,3.06890668,3.79555399,-0.6240517079999999,-1.2144840189999997,-0.0991204993,-0.2816014566,0.9423442679999996,-1.994074159,0.151891841,-0.4803751884
52,GLY,0.877,0.4850663716814159,0.99136,0.67993,0.25107,0,0.0,0,0.0,0.4556,0.0,1.0,0.5062,1.25216384,2.43199149,3.4720369900000003,4.31425897,-0.3265331988379999,-0.63692058621,-0.0499518414907,-0.142262793836,0.8646245990000003,-1.09888656882,0.1327418471,-0.2449438827219999
53,PHE,1.864,0.5995496944355099,3.58912,0.90619,0.3388099999999998,0,0.0,0,0.0,0.8111,0.783,0.0763,0.037,0.97338045,1.88748331,2.68724132,3.32566971,-0.4201202399,-0.815604211,-0.06983882983,-0.1980534908,0.8630554060000001,-1.08752937,0.1452748183,-0.278266264
54,GLY,0.605,0.3346238938053097,0.87382,0.8967800000000001,0.3062199999999999,0,0.0,0,0.0,0.4556,0.0,1.0,0.5062,0.8342503800000001,1.6172840299999998,2.30162687,2.8469802,-0.46367459636,-0.902527123,-0.0734680801329999,-0.20876322767,1.0212828779999998,-1.807046798,0.1608089395,-0.4268891322699999
55,PRO,1.491,0.6686098654708521,1.96034,0.79713,-0.0581300000000001,1,0.333333333333333,0,0.0,0.3222,0.3764,0.8594,0.3827,0.6945861799999999,1.34290063,1.90223969,2.33673159,-0.5414003169999999,-1.053124001,-0.0868262125,-0.2465947042,1.0599007420000002,-2.370756052,0.1727111229,-0.5842511186
56,GLY,0.726,0.4015486725663716,1.03465,0.69701,0.38499,2,0.666666666666667,0,0.0,0.4556,0.0,1.0,0.5062,0.83406336,1.61581754,2.2967955,2.83589598,-0.4857317662,-0.9480760309999998,-0.0732974369,-0.2088463328,0.9434881759999998,-1.4781669119999996,0.1421529191,-0.3385197336
57,LYS,2.135,0.821153846153846,3.20973,0.84367,-0.3786699999999997,2,0.666666666666667,0,0.0,0.0667,0.6942,0.6867,0.7901,0.6944922,1.34216397,1.89981363,2.33116895,-0.34741504577,-0.6692163665359999,-0.06488439436,-0.182859710812,0.862443535,-1.149018179908,0.1498492357,-0.3159792593959999
58,MET,1.883,0.6314553990610329,2.56236,0.8604299999999999,0.2385700000000002,1,0.333333333333333,0,0.0,0.7111,0.6196,0.0,0.0988,0.6945268,1.34243417,1.90069936,2.33318672,-0.495349638,-0.962334358,-0.0812138999999999,-0.2304144819999999,0.8620541899999998,-2.0614907720000004,0.152939619,-0.5428591359999999
59,ASP,0.751,0.2801193584483402,2.0960400000000003,1.18224,0.7477600000000002,0,0.0,0,0.0,0.1111,0.3239,0.8675,1.0,0.5548009,1.06756689,1.4997179000000005,1.81928098,-0.449835508,-0.87082629,-0.0788715763,-0.223340387,0.9798813930000002,-2.6289201400000004,0.1735659305,-0.6799439180000001
60,SER,1.316,0.6047794117647058,1.71699,0.68361,0.17639,0,0.0,0,0.0,0.4111,0.1877,0.8514,0.5309,0.5549693,1.06888297,1.50403853,1.82914495,-0.447948762,-0.8656472180000001,-0.080206869,-0.226673347,0.6658086980000003,-1.9137032220000003,0.121461364,-0.507639027
61,ARG,2.028,0.6048314941843125,3.63855,1.24044,0.0845600000000001,0,0.0,0,0.0,0.0,0.7346,0.9398,0.6914,0.83423723,1.61718487,2.3013150500000004,2.84631055,-0.342212578,-0.66688099,-0.05286992,-0.1503339,0.5107605660000001,-1.261624785,0.0795331783999999,-0.29432863
62,GLY,0.704,0.3893805309734512,0.93407,0.74291,0.3610900000000001,0,0.0,0,0.0,0.4556,0.0,1.0,0.5062,0.6943720099999999,1.3412210299999998,1.89670478,2.32402896,-0.389394953,-0.7542165500000001,-0.0670529179,-0.18975998,0.4697461740000001,-1.3168654600000005,0.087307071,-0.36605152
63,GLU,1.862,0.6825513196480938,3.06361,0.8953399999999999,-0.0293399999999998,0,0.0,0,0.0,0.1111,0.4884,0.8112,0.9136,0.55476578,1.06729313,1.4988213900000005,1.81724089,-0.372460592,-0.72093794,-0.0654556936,-0.185334294,0.3136669180000001,-0.71896578,0.054734133,-0.181148258
64,HIS,1.88,0.6799276672694393,3.0999,0.97704,-0.0920399999999997,0,0.0,0,0.0,0.1444,0.561,0.1124,0.679,0.6945060599999999,1.34227914,1.90021549,2.33215997,-0.4674235289999999,-0.91136155,-0.0719171232,-0.204698036,0.31499955,-0.921507148,0.0429561865999999,-0.18353083
65,ARG,2.268,0.6764091858037578,3.8896,0.90415,0.1808500000000004,0,0.0,0,0.0,0.0,0.7346,0.9398,0.6914,0.6943777,1.34126299,1.89683381,2.32429715,-0.397716802,-0.769533706,-0.0695561208,-0.196669995,0.313964404,-0.8412106200000001,0.051856867,-0.19389363
66,GLN,1.125,0.391304347826087,2.81399,1.1605,0.5894999999999999,0,0.0,0,0.0,0.1111,0.5388,0.7952,0.6914,0.6945661099999999,1.34273987,1.90169697,2.33544578,-0.251604196,-0.485063225,-0.046547728,-0.131290205,0.234518916,-0.6286418,0.0463161486,-0.1849302719999999
67,ASP,1.049,0.3912719134651249,2.2141900000000003,1.20579,0.4262100000000002,0,0.0,0,0.0,0.1111,0.3239,0.8675,1.0,0.5551596,1.07037441,1.50895,1.84040522,-0.245682277,-0.4762476609999999,-0.04212312,-0.1193880069999999,0.352701552,-1.057865657,0.0627513972,-0.27263461
68,ARG,2.699,0.8049507903370116,4.21738,0.52126,0.1327400000000004,0,0.0,0,0.0,0.0,0.7346,0.9398,0.6914,0.4166969699999999,0.80528114,1.13972825,1.3980214,-0.1536566,-0.297199855,-0.027273445,-0.077167975,0.235057824,-0.621756445,0.042507682,-0.160821255
69,ARG,1.938,0.5779898598270206,3.73454,1.2612599999999998,0.1537400000000004,0,0.0,0,0.0,0.0,0.7346,0.9398,0.6914,0.27854471,0.5426235699999999,0.7785389300000001,0.97408795,-0.073453063,-0.14317658,-0.0115321284999999,-0.032860789,0.4206740679090909,-1.1360727122727274,0.0722659953727272,-0.2853757870909091
70,GLU,1.77,0.6488269794721407,2.70099,0.1912,0.7668000000000001,0,0.0,0,0.0,0.1111,0.4884,0.8112,0.9136,0.41847891,0.8191158699999999,1.1848467299999998,1.5001282699999998,-0.151279045,-0.2970276939999999,-0.0201993953,-0.057904174,0.2363087519999999,-0.5857387780000001,0.0319359908,-0.114211708
71,ARG,1.581,0.4715180435430957,3.26094,1.27913,0.4928700000000001,0,0.0,1,0.5,0.0,0.7346,0.9398,0.6914,0.41638244,0.80282816,1.13169271,1.37972924,-0.2652686847272727,-0.5147159242727274,-0.0444493039818181,-0.1259949566818181,0.3402398723909091,-0.9090249185272729,0.0572164649972727,-0.2236926500090909
72,PRO,1.319,0.5914798206278027,1.51998,0.76642,0.14458,0,0.0,1,0.333333333333333,0.3222,0.3764,0.8594,0.3827,0.41580203,0.79839774,1.1175003,1.34839108,-0.258273785338843,-0.5008827364793388,-0.0436837934347107,-0.1237823254710743,0.32318780303,-0.87376493188,0.0549847936569999,-0.21662905201
73,TYR,2.293,0.6728286384976526,4.54778,0.81357,0.3014299999999997,0,0.0,0,0.0,0.3556,0.8063,0.502,0.1605,0.27729534,0.53296399,0.74717498,0.90353167,-0.073071897,-0.140229416,-0.0144147515,-0.0405371685,0.308531965933,-0.8294548790680001,0.0517525659226999,-0.201686805211
