1,GLY,1.028,0.5685840707964602,0.99921,0.6355099999999999,0.1444900000000001,0,0.0,1,0.142857142857143,0.4556,0.0,1.0,0.5062,0.69371868,1.33609992,1.87984221,2.28538244,-0.4623959408,-0.8940519888,-0.0824294682299999,-0.2331591521,4.781431599999995,-9.8410909196,0.8511032520000013,-2.577519350699999
2,PRO,1.231,0.552017937219731,1.97327,0.86955,0.1294499999999998,0,0.0,1,0.111111111111111,0.3222,0.3764,0.8594,0.3827,0.69310944,1.33140201,1.86462931,2.25128452,-0.4672554129999999,-0.9061567265,-0.0798914631,-0.2266271433,4.783978680999999,-10.7494061805,0.8346767725000016,-2.6949757380999984
3,GLY,0.89,0.4922566371681416,0.95177,0.64452,0.27348,0,0.0,1,0.142857142857143,0.4556,0.0,1.0,0.5062,0.6937413499999999,1.33630633,1.88061653,2.28744011,-0.38730593983,-0.7541395424999999,-0.06168904837,-0.17553817386,4.782854048999996,-9.183522998500006,0.8346750186999982,-2.14098423362
4,GLY,0.564,0.3119469026548672,0.90306,0.70565,0.5383500000000002,0,0.0,1,0.1,0.4556,0.0,1.0,0.5062,0.97263547,1.88169557,2.66835767,3.2829144,-0.8120592932999997,-1.587046833,-0.11916451312,-0.3398418131,6.486418099999981,-11.70342392,0.977203037600001,-2.642010811999999
5,GLY,0.419,0.2317477876106194,0.87145,0.89825,0.49075,0,0.0,1,0.0833333333333333,0.4556,0.0,1.0,0.5062,1.11076181,2.14415142,3.02889206,3.70538124,-0.6161692038000001,-1.2035167785,-0.09070219633,-0.2583513418,5.692583707999985,-5.963265499399992,0.9158099051999996,-1.5410269343599994
6,PRO,1.037,0.4650224215246636,1.88791,1.20864,-0.0156399999999998,2,0.166666666666667,2,0.166666666666667,0.3222,0.3764,0.8594,0.3827,1.3913252300000003,2.7023994800000004,3.85820911,4.79382793,-0.977781778,-1.9081848944,-0.14911617969,-0.4250890626,5.495770373999986,-5.495158903399997,0.9024170182000012,-1.357061250200002
7,GLY,0.425,0.2350663716814159,0.78161,0.86937,0.51363,1,0.1,1,0.1,0.4556,0.0,1.0,0.5062,1.25225022,2.43267309,3.47429855,4.31949512,-1.5010993485500002,-2.921405020899999,-0.23956184683,-0.6809638157799998,4.637886652000003,-2.3880099336000025,0.7098478650000011,-0.6218004333599992
8,GLY,0.483,0.267146017699115,0.85367,0.8480400000000001,0.47696,1,0.0909090909090909,1,0.0909090909090909,0.4556,0.0,1.0,0.5062,1.2525149000000002,2.43474374,3.48110342,4.3350522,-1.9267421093400003,-3.752385147160001,-0.303324638882,-0.8626226948800002,6.164828799000003,-8.999078264549997,0.9893434146000012,-2.2812346012350053
9,SER,0.666,0.3060661764705882,1.18903,1.06443,0.4455700000000002,4,0.266666666666667,2,0.133333333333333,0.4111,0.1877,0.8514,0.5309,1.6695990799999998,3.24295934,4.63016069,5.753454510000001,-1.6805776277800002,-3.271325462319999,-0.2689702604669999,-0.7651017095299999,4.832911024000005,-7.05646499116,0.7519989541999995,-1.6304827745899988
10,HIS,0.727,0.2629294755877034,2.60864,1.50591,0.5320900000000002,7,0.28,2,0.08,0.1444,0.561,0.1124,0.679,2.36517932,4.593473830000001,6.55688052,8.14452146,-2.0891056866999995,-4.0752489835,-0.3201975638900001,-0.9122423318000004,4.559725284999992,-5.0542035936000005,0.6963786471000003,-1.1787452029000014
11,MET,0.411,0.1378269617706237,1.83295,1.70582,0.8651800000000003,4,0.125,0,0.0,0.7111,0.6196,0.0,0.0988,2.22326031,4.30162711,6.10069114,7.506190389999999,-1.5946867396,-3.0791988092,-0.2888533068,-0.8158808603000001,3.802027685,-6.4648515906,0.6664662784000004,-1.8109278907
12,GLY,0.458,0.2533185840707964,0.77074,0.91062,0.4393800000000001,1,0.0434782608695652,0,0.0,0.4556,0.0,1.0,0.5062,2.0873752000000003,4.05669649,5.7977359900000005,7.215327019999998,-1.7095152822500008,-3.3241376377999994,-0.2769511333369999,-0.786644253636,3.2614533980000004,-4.608007077899999,0.5031410847,-1.0870958601600005
13,GLY,0.768,0.4247787610619469,1.02055,0.6314200000000001,0.4085799999999999,2,0.142857142857143,0,0.0,0.4556,0.0,1.0,0.5062,1.67103402,3.25415808,4.666875310000001,5.83712411,-2.31430762668,-4.51346145024,-0.3555919666319999,-1.01261362904,5.104682936999987,-6.158536350399992,0.8157609421000012,-1.4814249922499998
14,ASN,0.454,0.1856850715746421,1.9266,1.4963800000000005,0.4946199999999994,3,0.15,2,0.1,0.1111,0.3976,0.6747,0.8272,1.8079369,3.50699788,4.995652240000001,6.186512780000001,-2.2374875619,-4.3503967822,-0.3642504843899999,-1.0348722820999998,4.985106191000001,-8.062248255399998,0.8196428723000002,-1.9559342383
15,TYR,1.214,0.3562206572769953,3.3916500000000003,1.64014,0.55386,7,0.304347826086957,4,0.173913043478261,0.3556,0.8063,0.502,0.1605,2.0868638,4.05266546,5.784381000000001,7.1844635,-2.02146006,-3.9401715505,-0.31492216597,-0.8966863690000002,4.67818055700001,-8.391027016000002,0.7085484329,-1.888941635799999
16,GLY,0.478,0.2643805309734513,0.76922,0.83724,0.4927600000000001,2,0.133333333333333,2,0.133333333333333,0.4556,0.0,1.0,0.5062,1.6700704400000002,3.24665306,4.64232359,5.781336499999999,-1.7559745283399997,-3.41319196535,-0.2849582927236,-0.8087359462280002,4.288681351,-7.658229389199998,0.6156759775000002,-1.5712751451700018
17,ASP,0.641,0.2390898918314062,2.18723,1.18765,0.8523499999999999,0,0.0,2,0.111111111111111,0.1111,0.3239,0.8675,1.0,2.36810217,4.61627959,6.631635800000001,8.314851749999999,-1.4945872189000002,-2.9187944072,-0.22383335222,-0.6382489600000002,4.6038458999999925,-7.945335734799999,0.6583576053000003,-1.6607134661999992
18,ASP,0.459,0.1712047743379336,1.94681,1.4668899999999998,0.7551100000000002,0,0.0,2,0.0606060606060606,0.1111,0.3239,0.8675,1.0,2.36592956,4.599298889999999,6.5758740200000005,8.18748886,-1.2426081636,-2.4187727585,-0.19888570471,-0.5657473209,5.538742033000011,-7.533760389899995,0.8817257675999999,-1.7737886541999996
19,ARG,2.023,0.6033402922755741,3.68303,1.18608,0.14392,0,0.0,1,0.0555555555555556,0.0,0.7346,0.9398,0.6914,1.80979245,3.5214418700000003,5.042878820000001,6.29374899,-1.1737924676999998,-2.2826363257999995,-0.1892638426699999,-0.5374183231499999,7.468051819999991,-7.020010354499989,1.1445526691000008,-1.6742868888300002
20,ARG,2.006,0.5982702057858633,3.78483,1.1404,0.2066000000000003,0,0.0,0,0.0,0.0,0.7346,0.9398,0.6914,1.39136971,2.70278167,3.85958658,4.797350839999999,-0.6830455648500001,-1.3236590275999998,-0.11737700045,-0.33254292895,6.479394913999991,-5.6604589755000045,1.0375983634999972,-1.4775473154000012
21,GLY,1.021,0.5647123893805309,0.68244,0.75471,0.0322900000000001,0,0.0,0,0.0,0.4556,0.0,1.0,0.5062,0.8337841500000001,1.61362898,2.28958587,2.8193588,-1.0710181755,-2.083200551,-0.1722475120999999,-0.4892407993999999,6.782825250000003,-12.98887414499998,1.1796478733999969,-3.383926507000006
22,GLY,0.837,0.4629424778761061,1.01508,0.6790699999999998,0.2919300000000002,0,0.0,0,0.0,0.4556,0.0,1.0,0.5062,0.8335298400000001,1.6116503300000002,2.28312025,2.80468977,-0.7645631119999998,-1.485194832,-0.12653894232,-0.3592437116,8.984847510999982,-14.296882378999964,1.511082107000001,-3.4844643550000027
23,ARG,2.014,0.6006561288398449,3.92815,1.07972,0.2592800000000004,0,0.0,0,0.0,0.0,0.7346,0.9398,0.6914,1.25148868,2.42669531,3.45457895,4.274179129999999,-1.4275964530000005,-2.789634958,-0.2120709365,-0.6052362234999998,5.225222727999999,-11.821842475000016,0.8251870004000016,-2.721152281000004
24,GLY,0.387,0.2140486725663717,0.7157800000000001,1.013,0.4080000000000001,0,0.0,0,0.0,0.4556,0.0,1.0,0.5062,1.39175701,2.705813350000001,3.86955862,4.820177350000001,-1.3512154489,-2.6488887106,-0.1872039947899999,-0.5358443056000002,5.196491018000014,-9.429740210999991,0.7244870695,-1.9239435969999976
25,GLY,0.775,0.4286504424778761,0.926,0.7036399999999999,0.32936,0,0.0,0,0.0,0.4556,0.0,1.0,0.5062,1.25249526,2.4345722999999992,3.4804771600000004,4.3334277,-1.2706939899700005,-2.4706488054,-0.2067827026299999,-0.5874188897000002,5.190775197999994,-6.576653302099998,0.7730838211000015,-1.5369983482000016
26,TYR,1.433,0.420481220657277,3.68216,1.50639,0.4686099999999999,0,0.0,0,0.0,0.3556,0.8063,0.502,0.1605,1.25277696,2.43679225,3.48783226,4.35042719,-1.1925341537999998,-2.321614906,-0.18759486661,-0.5329255286000001,5.660831427999996,-5.426282725999994,0.8501562522000019,-1.3008931283000005
27,ASP,0.907,0.3383066020141738,2.30372,1.01762,0.75638,0,0.0,1,0.125,0.1111,0.3239,0.8675,1.0,1.39119628,2.7014477500000003,3.85527883,4.78773302,-1.0633031189030004,-2.0728668105199994,-0.1647409040579999,-0.4690072086470001,7.116669183999987,-7.012515573200004,1.068675463999999,-1.5543087935999969
28,ARG,2.258,0.6734267819862809,3.74321,1.10186,-0.0068599999999998,0,0.0,1,0.2,0.0,0.7346,0.9398,0.6914,0.83368323,1.6128535199999998,2.28708722,2.81379953,-1.1213253245760004,-2.1724567294800003,-0.1928336840739999,-0.5460240877840001,6.552599513999987,-10.414959474119977,1.0909839819999971,-2.6210152675670004
29,GLY,0.644,0.3561946902654867,0.90483,0.7915299999999998,0.3724700000000003,1,0.1,1,0.1,0.4556,0.0,1.0,0.5062,1.25159411,2.42754594,3.45746366,4.28104974,-1.27097149387,-2.4739778510600003,-0.202111853564,-0.5745719630640002,7.658775969999997,-12.59305862694998,1.2227013118,-2.968884024169996
30,GLY,0.244,0.1349557522123893,0.67538,1.05347,0.5105300000000002,5,0.192307692307692,2,0.0769230769230769,0.4556,0.0,1.0,0.5062,1.6670188700000002,3.22287989,4.564521780000001,5.604442419999999,-1.5999464986,-3.1066016122000004,-0.26772398826,-0.7600764378000002,7.057936120999996,-11.537905188000009,1.228935433299999,-2.9149704514799977
31,TYR,0.627,0.1839788732394366,3.1427,1.94953,0.8314699999999997,8,0.307692307692308,2,0.0769230769230769,0.3556,0.8063,0.502,0.1605,2.08620068,4.047484819999999,5.76737478,7.14564091,-1.5487400511599996,-3.0020228414000014,-0.2637205662749999,-0.7468688984999999,5.653381582999998,-6.867747165000003,0.9196563232000008,-1.756052932
32,ARG,1.125,0.3355204294661497,2.92321,1.8067800000000005,0.4212199999999997,2,0.0952380952380952,0,0.0,0.0,0.7346,0.9398,0.6914,3.0645130000000007,5.973298550000001,8.579759560000001,10.75493993,-1.2240053205,-2.3868604262,-0.18814482871,-0.5356619961700002,2.909179350000004,-3.1015182370000045,0.4421764677999997,-0.7060777350199996
33,GLY,0.479,0.2649336283185841,0.94078,0.85079,0.4782100000000001,2,0.0740740740740741,0,0.0,0.4556,0.0,1.0,0.5062,2.3652742,4.594324059999999,6.56003424,8.15281213,-1.0982344214800002,-2.12143006664,-0.198684025403,-0.56159700345,4.931768536999991,-6.233402292639997,0.9203629825999996,-1.8398466573900023
34,ARG,1.42,0.4235013420817178,3.65908,1.49846,0.4345400000000003,3,0.1875,0,0.0,0.0,0.7346,0.9398,0.6914,1.66994625,3.2456756399999995,4.63909164,5.77388694,-1.7826304955150003,-3.4506797557000004,-0.310502524495,-0.878541185172,6.00405551399999,-6.208757924540004,1.0003490413999991,-1.65731664737
35,GLY,0.437,0.2417035398230088,0.8332200000000001,0.8926700000000001,0.4783299999999999,5,0.217391304347826,0,0.0,0.4556,0.0,1.0,0.5062,1.52891756,2.9606625600000003,4.204913760000001,5.18452356,-1.7330369622,-3.3628894967999994,-0.29273614211,-0.8305801083600002,7.293488868999996,-8.950290120900004,1.2589588200000008,-2.3468714486099973
36,GLY,0.332,0.1836283185840708,0.73777,0.94911,0.52689,5,0.25,2,0.1,0.4556,0.0,1.0,0.5062,1.66849116,3.23440079,4.60239691,5.69107612,-2.045385335,-3.993336433,-0.3078437381000001,-0.8775250356,6.555721295000008,-14.421352008999978,1.071475456000002,-3.4364934184000018
37,ASP,0.894,0.3334576650503543,1.97513,1.20759,0.57941,5,0.384615384615385,2,0.153846153846154,0.1111,0.3239,0.8675,1.0,1.25133824,2.4255276,3.45077186,4.265568919999999,-1.606397186,-3.125576915,-0.2580010093,-0.7333601322999999,8.55335180399998,-15.969536090999997,1.4406016599000064,-3.956949165899995
38,ARG,2.025,0.6039367730390695,3.5854700000000004,1.11047,0.2175300000000002,3,0.272727272727273,3,0.272727272727273,0.0,0.7346,0.9398,0.6914,1.25211899,2.43163529,3.4708466300000005,4.311474649999999,-1.8912357066700003,-3.6976819857,-0.2761519386499999,-0.7881390990200001,7.8637854580000175,-14.847396097799992,1.1808912754000012,-3.305762467859996
39,GLY,0.478,0.2643805309734513,0.82107,0.97567,0.35433,2,0.166666666666667,2,0.166666666666667,0.4556,0.0,1.0,0.5062,1.25206643,2.43120991,3.46939775,4.308004759999999,-1.6985842027000004,-3.3188168514000003,-0.2533755065400001,-0.7231772221999999,8.610647999000015,-10.6129029121,1.3016634809000036,-2.414617802200001
40,GLY,0.882,0.4878318584070796,1.028,0.65752,0.26848,0,0.0,1,0.2,0.4556,0.0,1.0,0.5062,0.6941676800000001,1.33963792,1.89155538,2.31242058,-1.1696405387299995,-2.25104065925,-0.221639809038,-0.62439754026,6.462620084000015,-12.312206690000002,1.1730253041999976,-3.540805160850008
41,PHE,0.952,0.306207783853329,2.9761200000000003,1.7465,0.4105000000000001,0,0.0,1,0.111111111111111,0.8111,0.783,0.0763,0.037,1.3919360600000004,2.70721881,3.87419433,4.83082865,-0.8160569903,-1.5837212747,-0.1372959991099999,-0.3895050123800002,7.545226989,-5.253908193700006,1.1601469275000011,-1.4450462525600007
42,ARG,2.093,0.6242171189979123,3.79432,0.99297,0.2670300000000002,0,0.0,1,0.0909090909090909,0.0,0.7346,0.9398,0.6914,1.53107914,2.97748901,4.2599332400000005,5.30946977,-1.0762305261000005,-2.1022944804000003,-0.1612642390199999,-0.4601437460800001,7.742943163999998,-13.26672217640002,1.1897949145999973,-3.0550566583399945
43,GLY,0.239,0.1321902654867256,0.6730700000000001,1.05087,0.51813,0,0.0,1,0.0454545454545455,0.4556,0.0,1.0,0.5062,1.24923354,2.40913741,3.3971567400000007,4.14374419,-0.91267218834,-1.7634524654999997,-0.16516003193,-0.46716451057,7.404101168000009,-13.616003266799986,1.3478265850000002,-3.5876403775099983
44,GLY,0.67,0.370575221238938,0.87556,0.8586800000000001,0.2793199999999998,0,0.0,1,0.0714285714285714,0.4556,0.0,1.0,0.5062,1.11189486,2.15287277,3.05707062,3.76833722,-1.0813046864999998,-2.1031970273,-0.17565356837,-0.4994123855599999,7.699879743999993,-16.28608372509998,1.2176055304000022,-3.814370507099998
45,ARG,2.288,0.6823739934387115,3.85402,0.7669100000000001,0.2980900000000003,0,0.0,0,0.0,0.0,0.7346,0.9398,0.6914,0.97298764,1.88440843,2.67712909,3.3025288200000005,-1.0250377034,-1.9898101625,-0.1710820293899999,-0.48528686113,7.185857636000006,-12.890739854200008,1.1580154796000035,-3.094365908349994
46,GLY,0.465,0.2571902654867257,0.95954,0.90103,0.44197,1,0.0714285714285714,0,0.0,0.4556,0.0,1.0,0.5062,1.39132204,2.70240414,3.85832833,4.794419079999999,-1.2670527254999997,-2.4693900010000003,-0.1965647865,-0.5592418887999998,4.949940744000003,-7.199848258,0.777885384800001,-1.670747691600001
47,GLY,0.345,0.1908185840707964,0.7829200000000001,0.99887,0.46413,2,0.08,1,0.04,0.4556,0.0,1.0,0.5062,1.94805621,3.78488167,5.40633703,6.721961109999999,-1.5301647476000002,-2.992710993999999,-0.2237860145899999,-0.6393413501,5.149904011999993,-11.402113707999986,0.7872591272000009,-2.521761371199999
48,GLY,0.351,0.1941371681415929,0.7409699999999999,0.95237,0.50463,0,0.0,0,0.0,0.4556,0.0,1.0,0.5062,1.66895428,3.23797645,4.61399196,5.717116979999998,-0.9823897339000004,-1.9189079997,-0.14559536744,-0.414986068,5.57619838599999,-13.015156299199983,0.8894839974000002,-2.9482345758
49,ASP,1.133,0.42260350615442,2.3472,0.97341,0.57459,0,0.0,1,0.0769230769230769,0.1111,0.3239,0.8675,1.0,1.81014835,3.52427921,5.052389490000001,6.316066059999999,-0.8797615314,-1.7194939085000005,-0.12910450485,-0.3682844339000001,5.272047603999987,-4.9124164110000015,0.7567198037999997,-1.064384424799999
50,ARG,1.8,0.5368326871458395,3.77451,1.15735,0.39565,0,0.0,2,0.166666666666667,0.0,0.7346,0.9398,0.6914,1.39149044,2.70369085,3.86245142,4.803522759999999,-0.95346856464,-1.85471643307,-0.15393996304,-0.4374869813439999,5.381983219000015,-2.5394568643999973,0.8521308204000005,-0.6382977106799991
51,GLY,0.404,0.2234513274336283,0.75899,1.02139,0.3826099999999999,1,0.166666666666667,1,0.166666666666667,0.4556,0.0,1.0,0.5062,1.11286455,2.16047621,3.08212406,3.82581925,-1.3973753058800005,-2.7137188350000003,-0.23058829858,-0.65403019489,5.018167781999999,-4.450434301700004,0.868439025199999,-1.3207250409799998
52,GLY,0.648,0.3584070796460177,0.85543,0.81324,0.3467600000000002,1,0.142857142857143,0,0.0,0.4556,0.0,1.0,0.5062,1.2530755800000002,2.43912404,3.49548184,4.367875639999999,-2.13019489936,-4.159023122100001,-0.31800730258,-0.9059184717,6.640626955999988,-8.804447929499997,1.0189135864999983,-2.0724536705500007
53,PHE,0.979,0.3148922483113541,3.37824,1.55071,0.5792899999999999,2,0.166666666666667,0,0.0,0.8111,0.783,0.0763,0.037,1.39114279,2.7010068700000005,3.85375403,4.78401532,-1.03950662314,-2.0212345905,-0.1681675165999999,-0.47752455422,5.175381202999993,-8.0097037984,0.8955779501999998,-2.145163555299997
54,GLY,0.106,0.0586283185840707,0.61683,0.99426,0.7077399999999999,6,0.315789473684211,0,0.0,0.4556,0.0,1.0,0.5062,1.52853028,2.95773688,4.195648799999999,5.16440168,-1.042002452,-2.0315378366,-0.1608788548,-0.4579678139,4.674284399999998,-7.249455317199995,0.7413324492000002,-1.7291057185999985
55,PRO,0.409,0.1834080717488789,1.67066,1.39786,0.4231399999999998,6,0.315789473684211,0,0.0,0.3222,0.3764,0.8594,0.3827,1.66870384,3.2359948700000003,4.60740268,5.70181711,-0.7653632262999999,-1.4870756739999995,-0.1261106120799999,-0.3580860214,4.008409827999996,-5.7775820530000015,0.6163451853000008,-1.3017617055
56,GLY,0.397,0.2195796460176991,0.8693500000000001,0.91895,0.49205,4,0.4,0,0.0,0.4556,0.0,1.0,0.5062,1.5314861700000002,2.98068991,4.27051311,5.333845719999999,-0.9174281753159998,-1.781343224482,-0.1513971565767,-0.4292197594023,4.784748361999996,-3.655465650499997,0.8145872515999995,-0.9779661038000004
57,LYS,0.964,0.3707692307692307,2.67061,1.6020299999999996,0.0339700000000005,4,0.363636363636364,1,0.0909090909090909,0.0667,0.6942,0.6867,0.7901,1.95045496,3.80365122,5.468046000000001,6.8631274,-1.63908785654,-3.19153587044,-0.2591203270799999,-0.7368093491300001,6.061151880000016,-1.4882221279000012,0.8586874756000001,-0.3105140995799995
58,MET,1.127,0.3779342723004694,2.38836,1.39528,0.4597200000000001,6,0.75,1,0.125,0.7111,0.6196,0.0,0.0988,1.39185054,2.7065454100000004,3.87196485,4.8256802,-1.84643748585,-3.588159036259999,-0.302070683172,-0.85743732083,4.163779793999998,-5.378061827999998,0.654308907699999,-1.35677586908
59,ASP,0.709,0.2644535621036926,2.17965,1.2471499999999998,0.7248500000000002,2,0.285714285714286,2,0.285714285714286,0.1111,0.3239,0.8675,1.0,1.5321247500000004,2.98570278,4.28705162,5.371856479999999,-1.35412069,-2.6467928343,-0.19895659888,-0.5676875294000002,3.539171078000002,-5.348694168999999,0.5276123286999994,-1.1317322327999988
60,SER,0.261,0.1199448529411764,1.26141,1.1846299999999998,0.7303700000000002,3,0.230769230769231,4,0.307692307692308,0.4111,0.1877,0.8514,0.5309,1.25040315,2.4182549,3.42701296,4.21168045,-0.805521847,-1.5639794989999998,-0.1338266092,-0.379627393,2.630644005,-5.192752095999997,0.4244724990000001,-1.2562840489999991
61,ARG,1.969,0.5872353116611989,3.57397,1.18565,0.19835,0,0.0,2,0.2,0.0,0.7346,0.9398,0.6914,1.1113418,2.14859347,3.04316737,3.73703797,-0.737188708,-1.4373120979999998,-0.1139271983999999,-0.3243892479999999,2.19836196,-5.349887513,0.3579811470000002,-1.2993035230000003
62,GLY,0.894,0.4944690265486726,0.96552,0.6543699999999999,0.2596300000000001,0,0.0,2,0.25,0.4556,0.0,1.0,0.5062,0.8336091999999999,1.61227788,2.2852058,2.80953066,-0.655509561,-1.2778702459999998,-0.1009862753,-0.287345928,2.785931113,-7.99059266,0.4638443036,-1.941369400400002
63,GLU,1.826,0.6693548387096774,3.06511,0.6952800000000001,0.20672,0,0.0,1,0.2,0.1111,0.4884,0.8112,0.9136,0.69404221,1.33864193,1.88823076,2.30466079,-0.5135931416999999,-0.9955961880000002,-0.08787791026,-0.2490317321,4.780867591999993,-9.642303114000008,0.8523516159000002,-2.4329485923
64,HIS,0.867,0.3135623869801084,2.53382,1.5080300000000002,0.3899699999999999,0,0.0,3,0.272727272727273,0.1444,0.561,0.1124,0.679,0.9711691,1.87027495,2.6309930500000003,3.19799566,-0.5434430548000001,-1.0550490335,-0.0906919112399999,-0.25732332055,3.2140582,-5.677211875499997,0.5692889875000006,-1.4634528080000009
65,ARG,2.133,0.6361467342678199,3.86316,0.86615,0.3538500000000002,0,0.0,1,0.1,0.0,0.7346,0.9398,0.6914,1.11164226,2.15089496,3.0505633700000008,3.75343617,-0.4907264826,-0.9511126595,-0.08366858224,-0.2369312858999999,3.252294314000001,-4.722814917000005,0.5812130592999997,-1.2318300442
66,GLN,0.626,0.2177391304347826,2.35547,1.63765,0.6113500000000001,1,0.111111111111111,1,0.111111111111111,0.1111,0.5388,0.7952,0.6914,1.25196087,2.43038269,3.4666758600000005,4.3017720200000005,-0.7460251259,-1.4494342865999996,-0.12268466751,-0.3482334902799999,2.476199851000001,-2.4782525840000016,0.3808355294999999,-0.5109923446
67,ASP,1.226,0.4572920552032823,2.34618,0.85359,0.6014100000000001,0,0.0,0,0.0,0.1111,0.3239,0.8675,1.0,0.69397716,1.33814853,1.8866620600000004,2.30123596,-1.1570553001,-2.2356213977,-0.2076743675499999,-0.5868746228,3.6040981409999926,-6.525600427299997,0.6486215767000004,-1.7889739442000014
68,ARG,2.136,0.6370414554130629,3.81391,0.95989,0.25711,1,0.25,0,0.0,0.0,0.7346,0.9398,0.6914,0.83376627,1.61350992,2.28926743,2.81885495,-1.18161951765,-2.294078945600001,-0.1961471747269999,-0.5562824632300001,5.067873838000008,-9.898946324850002,0.7922021646999999,-2.3536057010499976
69,ARG,1.871,0.5580077542499254,3.64589,1.2106,0.2714000000000003,2,0.181818181818182,0,0.0,0.0,0.7346,0.9398,0.6914,1.2514404099999998,2.4263377100000003,3.45347322,4.2718650600000005,-1.050752804,-2.0471026847500005,-0.16442575263,-0.46778972321,4.640052142,-8.846934928950011,0.6932720574999999,-1.8884616774700005
70,GLU,1.238,0.4538123167155425,2.86917,1.02435,0.4656500000000001,3,0.3,0,0.0,0.1111,0.4884,0.8112,0.9136,1.25137049,2.42579555,3.4517064500000005,4.26787066,-0.6505734302,-1.2623697757,-0.1095885908,-0.3108212508999999,6.201054149999985,-9.60391755239996,1.0276093791,-2.36506790049999
71,ARG,1.621,0.4834476588130032,3.25299,1.53042,0.2015800000000003,4,0.307692307692308,0,0.0,0.0,0.7346,0.9398,0.6914,1.25069526,2.42054489,3.4345549800000006,4.228972349999999,-0.8802947935,-1.708346777,-0.1481197023,-0.4202042507,6.706550556000007,-12.721037543999993,1.1541516841000026,-3.265016464899995
72,PRO,1.249,0.5600896860986547,1.98935,0.86649,0.1145099999999998,3,0.375,0,0.0,0.3222,0.3764,0.8594,0.3827,0.97265086,1.88181338,2.66873395,3.28373914,-0.9970700778,-1.935503921,-0.1659918161,-0.4707289739,7.095395689999995,-14.29616674500002,1.2438100611000031,-3.765854509600005
73,TYR,1.332,0.3908450704225352,3.75226,1.63607,0.4399299999999997,1,0.142857142857143,0,0.0,0.3556,0.8063,0.502,0.1605,0.9730502,1.88490015,2.67875261,3.30626224,-0.875631300127,-1.7008473559620003,-0.1443593390071,-0.4096204437349999,7.455008532000002,-9.877939566755993,1.2492296802000011,-2.456048104438597
