1,GLY,1.33,0.7356194690265487,1.19119,0.45031,0.0276899999999999,0,0.0,0,0.0,0.4556,0.0,1.0,0.5062,0.5561364400000001,1.07791614,1.53340412,1.89531862,-0.530429989,-1.038887352,-0.0746876678999999,-0.213536754,5.3508501569999884,-14.66573110600002,0.7714328058999997,-3.1056230270000005
2,PRO,1.484,0.6654708520179372,1.96564,0.7963199999999999,-0.0503199999999999,0,0.0,0,0.0,0.3222,0.3764,0.8594,0.3827,0.5550117699999999,1.06923667,1.50527603,1.83220607,-0.470467256,-0.918260905,-0.0705681,-0.2009526643999999,5.344062794000007,-13.379444315000017,0.8234174022000008,-3.0368210488
3,GLY,0.965,0.5337389380530974,1.00814,0.64838,0.1946200000000001,0,0.0,0,0.0,0.4556,0.0,1.0,0.5062,0.69406111,1.33878211,1.8886637,2.3055654,-0.666718149,-1.298614546,-0.1062793891,-0.3026812788,7.379558277999976,-16.61490172500003,1.2233635463000032,-3.901446770000004
4,GLY,0.737,0.4076327433628318,0.8743000000000001,0.86205,0.2089500000000002,0,0.0,0,0.0,0.4556,0.0,1.0,0.5062,0.83312186,1.60846356,2.27266326,2.78083164,-0.8835987892999999,-1.7131428594,-0.14945655085,-0.4232421712000001,9.337814317000012,-20.130145375099985,1.5617787279999993,-5.075636065699997
5,GLY,0.719,0.3976769911504424,0.8361700000000001,0.7637599999999999,0.3252400000000001,0,0.0,0,0.0,0.4556,0.0,1.0,0.5062,1.53238318,2.98773624,4.29377644,5.387362919999999,-1.1131693657,-2.1717343634,-0.16916249624,-0.4817100249499999,19.03620474300009,-24.750524560599867,2.781497149200024,-5.658387225229988
6,PRO,1.152,0.516591928251121,1.91088,0.97225,0.1057500000000001,1,0.1,1,0.1,0.3222,0.3764,0.8594,0.3827,1.5316368500000002,2.98188544,4.27450173,5.343149359999999,-1.7388941155380002,-3.39645818052,-0.2576997900365999,-0.734440179373,14.23015174699999,-18.30637401931997,2.136758048400002,-3.987789765033006
7,GLY,0.532,0.2942477876106195,0.80959,0.9640200000000002,0.3119799999999998,3,0.130434782608696,1,0.0434782608695652,0.4556,0.0,1.0,0.5062,2.08867601,4.066747240000001,5.83034197,7.288583140000001,-2.2145990752,-4.3224170025,-0.3361191946600001,-0.9581437435000004,13.101542791000004,-12.859639849799992,1.898934626700004,-2.851605307599999
8,GLY,0.67,0.370575221238938,0.92305,0.70589,0.4321099999999999,1,0.0769230769230769,0,0.0,0.4556,0.0,1.0,0.5062,1.39185187,2.70654277,3.87191198,4.8254236100000005,-2.0006306744,-3.883236036400002,-0.33369276046,-0.9462175156,13.67078934499997,-14.553552664100009,2.1488564200000018,-3.495120818799997
9,SER,0.286,0.1314338235294117,1.18007,1.1685100000000002,0.72149,4,0.210526315789474,1,0.0526315789473684,0.4111,0.1877,0.8514,0.5309,1.80942024,3.51859018,5.0337147,6.273434009999999,-2.668163991018,-5.198801579573999,-0.4163852211605001,-1.1846219786419998,9.46465994799996,-12.351635769143996,1.503250441599997,-3.047204088902001
10,HIS,0.413,0.1493670886075949,2.60128,1.71416,0.6378400000000004,5,0.25,1,0.05,0.1444,0.561,0.1124,0.679,2.64557504,5.150594450000001,7.38312851,9.22789,-2.526193656,-4.9325811541999975,-0.3797586408099998,-1.0827202929900002,8.342631257999969,-6.659005760499996,1.1845297350999988,-1.472533133630001
11,MET,0.357,0.1197183098591549,1.9523,1.83322,0.7917799999999999,5,0.2,0,0.0,0.7111,0.6196,0.0,0.0988,2.5054365100000004,4.872451810000001,6.97121486,8.688476679999999,-2.5624129704999974,-4.988942774199999,-0.40715678263,-1.1580347621199998,7.069225246999981,-6.657758062999995,1.1246860511000047,-1.6484543442800008
12,GLY,0.252,0.1393805309734513,0.7375499999999999,1.04477,0.5112300000000001,1,0.0526315789473684,0,0.0,0.4556,0.0,1.0,0.5062,1.80793342,3.50699728,4.99574508,6.187016890000001,-2.21872177064,-4.310547671400003,-0.3648473540600001,-1.03554582608,7.184755288000004,-7.259697974850003,1.1722113767999989,-1.8620112572199992
13,GLY,0.885,0.4894911504424779,1.04197,0.6178,0.3052,2,0.166666666666667,0,0.0,0.4556,0.0,1.0,0.5062,1.53131301,2.97933881,4.26608463,5.32375706,-2.6022050847,-5.0767391898000005,-0.3968846374,-1.1305157349799997,11.032449452999977,-16.71834805130001,1.7870920346000023,-4.125044929760004
14,ASN,0.558,0.2282208588957055,1.92626,1.4535399999999998,0.4334599999999999,3,0.15,2,0.1,0.1111,0.3976,0.6747,0.8272,1.66886857,3.23726721,4.6115285,5.71108136,-2.06247644925,-4.001237740220001,-0.3491279047040002,-0.9902616219820004,10.94152407299994,-12.386713263059995,1.8778934310000013,-3.3638749351990014
15,TYR,1.143,0.335387323943662,3.3680000000000003,1.6649900000000002,0.6000099999999995,7,0.291666666666667,3,0.125,0.3556,0.8063,0.502,0.1605,1.80769405,3.5051250099999995,4.98958723,6.17291724,-2.1673554504999992,-4.2088529584,-0.36092498384,-1.0245366275100003,12.515926482000058,-12.91819349920001,2.1067513848000003,-3.3346991103599937
16,GLY,0.344,0.1902654867256637,0.69651,0.9043,0.5597,3,0.157894736842105,2,0.105263157894737,0.4556,0.0,1.0,0.5062,1.67003298,3.24636906,4.64141768,5.77934614,-2.4767090203000004,-4.817742647800001,-0.39779868351,-1.12998767123,10.522171071,-16.500583213899993,1.7116587369000045,-4.027942144329993
17,ASP,0.324,0.1208504289444237,1.82588,1.45468,0.9023200000000002,0,0.0,4,0.166666666666667,0.1111,0.3239,0.8675,1.0,2.2271128600000005,4.331487369999999,6.197884999999999,7.7255544999999985,-2.2487498716,-4.371617773700001,-0.3687226691,-1.0478047503,12.47942640299997,-19.831855376000068,2.0875609482000086,-4.894917770000005
18,ASP,0.194,0.072361059306229,1.84137,1.60247,0.88453,2,0.0571428571428571,2,0.0571428571428571,0.1111,0.3239,0.8675,1.0,2.9240436,5.692556790000001,8.15926669,10.19579495,-2.0641387906000004,-4.0231848422,-0.3234422316939999,-0.9213337160100002,11.16416182000001,-20.56577200499997,1.708976359100002,-4.652621513699998
19,ARG,1.441,0.4297643900984193,3.4564600000000003,1.44569,0.4663100000000002,0,0.0,2,0.1,0.0,0.7346,0.9398,0.6914,2.22790965,4.337774399999999,6.218734150000001,7.7737962,-1.6178574293999994,-3.1546972744,-0.2479202831999999,-0.7055109756600002,16.115747535000008,-22.9942732128,2.4498827907000096,-5.256907333519998
20,ARG,2.049,0.611094542201014,3.76279,1.03815,0.2658500000000003,0,0.0,2,0.111111111111111,0.0,0.7346,0.9398,0.6914,1.9494012,3.79546766,5.44135694,6.80273685,-1.5483744393500003,-3.0176610040000003,-0.2407018516519999,-0.6849989740100001,13.056492044999963,-16.234975949299976,1.9280194605000056,-3.70344619288
21,GLY,0.888,0.4911504424778761,0.93336,0.66307,0.25693,0,0.0,1,0.1,0.4556,0.0,1.0,0.5062,1.39235562,2.7105026600000004,3.88499345,4.85554166,-1.5110105698399996,-2.9401965404,-0.24119032729,-0.6852530531000002,12.693947434000004,-17.357452332399955,1.9470118269999948,-4.170669776600007
22,GLY,0.843,0.4662610619469026,0.92625,0.6881999999999998,0.2768000000000002,0,0.0,1,0.0909090909090909,0.4556,0.0,1.0,0.5062,1.6708612,3.25281118,4.6624648,5.827087970000001,-1.44072098596,-2.8175894112000006,-0.2101362161299999,-0.6000926846099999,15.92504853800006,-20.979226727,2.383745809400013,-4.634167761249991
23,ARG,1.861,0.5550253504324485,3.62586,1.26343,0.2285700000000001,0,0.0,2,0.142857142857143,0.0,0.7346,0.9398,0.6914,1.5297363700000002,2.9670712099999994,4.22599297,5.232777469999999,-1.6474501123999996,-3.2092003280999992,-0.2581000258199999,-0.7341408051599999,14.610883737999975,-26.918266182599933,2.325209002999993,-6.3930577445400045
24,GLY,0.589,0.3257743362831858,0.88298,0.94114,0.2778600000000001,1,0.1,0,0.0,0.4556,0.0,1.0,0.5062,1.5315765300000002,2.98141188,4.27293869,5.33955499,-1.6702664352499994,-3.2705902827,-0.23645589038,-0.6758602660999998,16.20576267200001,-27.889757520800003,2.3679807537000075,-5.907338311160022
25,GLY,0.597,0.3301991150442477,0.97957,0.8951700000000001,0.3158299999999999,1,0.0909090909090909,2,0.181818181818182,0.4556,0.0,1.0,0.5062,1.53140902,2.98008838,4.26854465,5.32937105,-1.5165554476199998,-2.9592738693500014,-0.2317976905099999,-0.6607374857150001,16.003382038,-22.3711649919499,2.396274213100001,-5.020534153255
26,TYR,1.624,0.4765258215962442,3.79627,1.45916,0.3248399999999998,1,0.111111111111111,3,0.333333333333333,0.3556,0.8063,0.502,0.1605,1.5315097000000002,2.98086695,4.271070160000001,5.33504235,-1.5501181359999994,-3.0190042094000007,-0.24380125267,-0.6932942373699998,13.997408147000092,-18.46584104725005,2.098134483800002,-4.089087128949996
27,ASP,0.689,0.2569936590824319,2.15635,1.33358,0.65842,0,0.0,2,0.153846153846154,0.1111,0.3239,0.8675,1.0,2.3676835400000003,4.612979090000001,6.62069428,8.28954083,-1.4775421688000003,-2.88173829233,-0.2287943598669999,-0.65211545004,15.492878362999964,-18.59114719670997,2.3259902191999915,-4.227754594059999
28,ARG,1.866,0.556516552341187,3.73994,1.2338,0.2532000000000001,0,0.0,1,0.125,0.0,0.7346,0.9398,0.6914,1.6711030700000002,3.2547069,4.66870977,5.841413419999999,-1.0476019668999998,-2.0279266482600007,-0.183529218528,-0.51958522863,12.696693033999969,-15.984639129000008,1.926671642899994,-3.82997333970001
29,GLY,0.824,0.4557522123893805,1.07045,0.6098699999999999,0.3741300000000002,1,0.125,0,0.0,0.4556,0.0,1.0,0.5062,1.5319311999999998,2.984164460000001,4.28190924,5.35983151,-1.81595744795,-3.5409656873000004,-0.2794586069399999,-0.79555398446,11.288317385999983,-25.18454226179998,1.658586677700006,-5.477684981599997
30,GLY,0.207,0.1144911504424778,0.91437,1.02928,0.57172,6,0.3,2,0.1,0.4556,0.0,1.0,0.5062,1.52866197,2.95865722,4.19830334,5.1693507,-1.7802466226300002,-3.4631452161,-0.2893151305699999,-0.8228581488699999,10.718416692000018,-20.34808534399996,1.7549349512000016,-4.8795352889
31,TYR,0.827,0.2426643192488262,3.69868,1.52637,1.05463,7,0.304347826086957,3,0.130434782608696,0.3556,0.8063,0.502,0.1605,1.6676989400000002,3.2281039700000003,4.58136357,5.64195456,-1.55487710637,-3.0077099432000005,-0.27544467688,-0.7793986007800001,9.570628502999988,-13.33619228630998,1.6406978584000027,-3.422269725629992
32,ARG,0.985,0.2937667760214733,3.16462,1.90399,0.4640100000000002,3,0.157894736842105,2,0.105263157894737,0.0,0.7346,0.9398,0.6914,2.5071773000000004,4.88601942,7.015635210000001,8.78952339,-1.6403655209400003,-3.1916355666300014,-0.2632753943670001,-0.7482457548059998,9.677564636999984,-12.09966629079998,1.4126280406999965,-2.607161590749998
33,GLY,0.287,0.1587389380530973,0.94275,0.91639,0.6046100000000001,3,0.0967741935483871,2,0.0645161290322581,0.4556,0.0,1.0,0.5062,2.6458261200000006,5.15247233,7.389001480000001,9.24040838,-1.16886953549,-2.26802182155,-0.1965322453059999,-0.5573085605699999,10.909524070000016,-9.86410260835,1.813762609600004,-2.487457038739998
34,ARG,1.623,0.4840441395764986,3.63568,1.33239,0.3976100000000002,3,0.2,1,0.0666666666666667,0.0,0.7346,0.9398,0.6914,2.50898584,4.900206360000001,7.062402840000002,8.89689729,-1.6209752017099996,-3.1585469068460004,-0.2515323670299999,-0.715306783699,11.49113954599996,-8.693633335367995,1.626744154899999,-1.820493058042001
35,GLY,0.457,0.2527654867256637,0.8822199999999999,0.8846099999999999,0.4663900000000001,3,0.1875,1,0.0625,0.4556,0.0,1.0,0.5062,1.52966936,2.96648915,4.223879260000001,5.2273306,-1.4493512507800002,-2.80911715314,-0.2488315580780001,-0.7051340016899997,7.813054984000015,-8.265765211399994,1.2690936417999998,-2.080972421530003
36,GLY,0.48,0.2654867256637168,0.7743300000000001,0.8927700000000001,0.43523,4,0.235294117647059,2,0.117647058823529,0.4556,0.0,1.0,0.5062,1.39019167,2.69362176,3.82966801,4.72950429,-1.6587012259,-3.2369891032999987,-0.25196710533,-0.7180251625999999,8.286505517,-16.610914334399986,1.3273510263999986,-3.84321151224
37,ASP,1.17,0.4364043267437523,2.24113,1.13557,0.3754300000000001,5,0.416666666666667,2,0.166666666666667,0.1111,0.3239,0.8675,1.0,1.3910435,2.70025395,3.85136332,4.778807839999999,-1.3064982356000003,-2.5489582307000003,-0.19917238653,-0.5673794394999999,8.641347502000013,-15.34280780700002,1.3657148868000035,-3.655168732
38,ARG,2.407,0.7178645988666865,3.95463,0.8133400000000001,0.1326600000000001,3,0.333333333333333,3,0.333333333333333,0.0,0.7346,0.9398,0.6914,1.11249319,2.15755114,3.0724397100000003,3.80345743,-1.3029427744999995,-2.5389996265,-0.20302947881,-0.5776850252400001,11.06451151300001,-15.668157415999994,1.8517610205000004,-3.789322259800002
39,GLY,0.592,0.327433628318584,0.94714,0.96252,0.2534800000000001,2,0.2,2,0.2,0.4556,0.0,1.0,0.5062,1.3913920199999998,2.70294552,3.860087820000001,4.7983828,-1.5750822487999998,-3.0766770211000005,-0.23581786269,-0.6728212367000002,7.464951778000004,-8.43524958739999,1.1717334909999977,-1.9989599616400024
40,GLY,0.841,0.4651548672566371,1.01977,0.64754,0.3194600000000001,0,0.0,1,0.25,0.4556,0.0,1.0,0.5062,0.83390582,1.6145970099999998,2.29282475,2.82694174,-1.5603395072999993,-3.014629581400001,-0.2786655581399998,-0.7869539020999997,9.80019365199998,-17.360093522700016,1.709896654699996,-4.841919238159999
41,PHE,0.653,0.2100353811514956,3.32106,1.88372,0.5722799999999999,0,0.0,0,0.0,0.8111,0.783,0.0763,0.037,1.531739,2.98267344,4.27705073,5.34885053,-1.5326945772,-2.9793268599000005,-0.25005288226,-0.7100990108300003,12.304239164999949,-9.97468559349997,1.860309989200004,-2.5071816511599923
42,ARG,1.695,0.5055174470623323,3.39432,1.28899,0.36901,0,0.0,1,0.0625,0.0,0.7346,0.9398,0.6914,1.81007153,3.5236320299999995,5.05010233,6.31034382,-1.4713442952000009,-2.8691197768000007,-0.2255588968999999,-0.64197098726,11.752686779000005,-6.697064072100012,1.7908248859999958,-1.5627656860999974
43,GLY,0.117,0.0647123893805309,0.74332,1.03676,0.6542400000000002,0,0.0,1,0.0285714285714286,0.4556,0.0,1.0,0.5062,2.08672681,4.05156371,5.780655780000001,7.175629499999999,-1.76523412896,-3.4393471459,-0.2761144133500001,-0.7856560372099999,12.168910596999991,-10.015377438099987,2.0104975965000125,-2.6010817574199985
44,GLY,0.424,0.2345132743362831,0.66128,0.94884,0.4351600000000001,0,0.0,1,0.0526315789473684,0.4556,0.0,1.0,0.5062,1.53047492,2.97279275,4.244606200000001,5.27475405,-1.4566830063799998,-2.83186922364,-0.23769808856,-0.6752202999899998,17.59386787600013,-21.960228233400013,2.823930047600001,-5.458535939400002
45,ARG,2.268,0.6764091858037578,3.84511,0.84692,0.2380800000000004,0,0.0,0,0.0,0.0,0.7346,0.9398,0.6914,0.8334130100000001,1.61071672,2.27998365,2.79730876,-1.2631401984,-2.4401381411,-0.2277138303600001,-0.6435033738300001,13.873769603000005,-23.671532387099983,2.4636318289000108,-6.220108549530011
46,GLY,0.286,0.1581858407079646,0.85199,1.04503,0.4769700000000001,1,0.0555555555555556,0,0.0,0.4556,0.0,1.0,0.5062,1.66975322,3.2441403399999995,4.63395539,5.761865070000001,-2.23420503076,-4.3543702441,-0.3497106201199999,-0.99589439918,12.502030676999944,-24.5241423132,1.8885395550999973,-5.519099552800006
47,GLY,0.033,0.0182522123893805,0.67022,1.1468,0.6282000000000001,1,0.0303030303030303,1,0.0303030303030303,0.4556,0.0,1.0,0.5062,1.9468876,3.77577025,5.37649392,6.654035419999999,-2.20000486311,-4.273631261899999,-0.364607603447,-1.035310578965,13.657069347999965,-17.723877483499955,2.283175653700001,-4.534129317224996
48,GLY,0.535,0.2959070796460177,0.7905,0.8154699999999999,0.4575300000000002,0,0.0,0,0.0,0.4556,0.0,1.0,0.5062,1.80879637,3.5137152500000006,5.0177081700000015,6.23687968,-1.664593587,-3.231806259699999,-0.27641139576,-0.7839639870600001,17.38513661799999,-16.729496892400057,2.880857998499989,-4.500374445499994
49,ASP,1.411,0.526296158149944,2.51277,0.7955899999999999,0.4744100000000001,0,0.0,0,0.0,0.1111,0.3239,0.8675,1.0,1.67134397,3.2566117,4.67504243,5.8561179,-1.9506364734840005,-3.7961016175400006,-0.309183873954,-0.8781743462899996,9.975047845999978,-6.835756201999994,1.589027343000001,-1.8526655497000013
50,ARG,0.917,0.2734864300626304,3.13881,1.93651,0.49949,0,0.0,0,0.0,0.0,0.7346,0.9398,0.6914,2.50752869,4.88880621,7.02492984,8.811195679999999,-2.561456468498,-5.008561640927999,-0.3749689013636,-1.0706890419854005,7.006693333999992,-5.247675139379995,0.9811502091999984,-1.0672080166322
51,GLY,0.404,0.2234513274336283,0.66486,1.00105,0.4029499999999999,1,0.0625,0,0.0,0.4556,0.0,1.0,0.5062,1.67024267,3.24802668,4.64692826,5.79214086,-2.6394357069,-5.139400359199999,-0.4153405588500001,-1.1805650629199995,7.929003864000013,-9.853035428400004,1.2958738855000016,-2.5133717780199967
52,GLY,0.493,0.2726769911504424,0.8485299999999999,0.8691,0.4458999999999999,2,0.153846153846154,0,0.0,0.4556,0.0,1.0,0.5062,1.67061284,3.25090167,4.65630432,5.8133568,-2.5981717956300003,-5.064047187900001,-0.40226876821,-1.14460694044,8.676375781999994,-9.563998418400006,1.4035709320999985,-2.4447996893799986
53,PHE,1.284,0.4129945320038597,3.39164,1.51114,0.31386,8,0.615384615384615,0,0.0,0.8111,0.783,0.0763,0.037,1.53083552,2.9756142,4.253880339999999,5.2959635700000005,-1.73310770904,-3.37367079426,-0.2746798299669999,-0.78067524518,10.010305471999976,-10.953730328679995,1.6362136702,-2.8300965053699976
54,GLY,0.027,0.014933628318584,0.61169,1.07848,0.70252,10,0.555555555555556,0,0.0,0.4556,0.0,1.0,0.5062,1.66886357,3.23730245,4.61189571,5.71268272,-1.4445027914600002,-2.8181362621999995,-0.21996118284,-0.62646432744,12.026900515000015,-12.048392510100015,1.832828799600004,-2.8701278715399945
55,PRO,0.416,0.1865470852017937,1.64709,1.5104,0.3036000000000001,8,0.421052631578947,0,0.0,0.3222,0.3764,0.8594,0.3827,1.6690874499999997,3.2389666600000004,4.61707019,5.72361932,-0.9925104534360002,-1.928843880224,-0.1619726840329999,-0.4597319985300002,10.356796536,-10.29347261363598,1.7450185359999963,-2.453940122420005
56,GLY,0.356,0.1969026548672566,0.81733,0.90415,0.54785,3,0.157894736842105,0,0.0,0.4556,0.0,1.0,0.5062,1.95011465,3.80098152,5.45924553,6.842924389999999,-1.4211516695999995,-2.7668724016,-0.22427321953,-0.63742677528,15.363321797000008,-15.672168096399998,2.381638646399991,-3.613988280070009
57,LYS,0.861,0.3311538461538461,2.56774,1.6384199999999998,0.1005800000000003,3,0.176470588235294,1,0.0588235294117647,0.0667,0.6942,0.6867,0.7901,2.22957999,4.350840209999999,6.261679880000001,7.872008909999999,-2.198503069650001,-4.2891983824,-0.3344000528199999,-0.95234128851,16.527557892999983,-19.800425782900028,2.356977541200007,-4.226413599290006
58,MET,1.28,0.4292421193829644,2.25059,1.39233,0.3096700000000001,4,0.266666666666667,1,0.0666666666666667,0.7111,0.6196,0.0,0.0988,1.67066046,3.25125015,4.6573696700000005,5.815549079999999,-1.700768722644001,-3.3034743147760004,-0.2809151840287,-0.7971733063704997,11.924909876000047,-15.99020914441496,2.0291649790000097,-4.086481117094998
59,ASP,0.535,0.1995524058187243,2.06633,1.46083,0.6851699999999998,1,0.142857142857143,0,0.0,0.1111,0.3239,0.8675,1.0,1.3918385400000002,2.7064297200000005,3.871508779999999,4.82440517,-1.6878404821000002,-3.2862691652,-0.2677331761499999,-0.7614134807999999,11.129157164000006,-18.836456008799964,1.663367993300005,-4.181650441300005
60,SER,0.526,0.2417279411764706,1.55698,1.15414,0.4958600000000002,1,0.1,2,0.2,0.4111,0.1877,0.8514,0.5309,1.2507042899999998,2.42058772,3.43460346,4.22880301,-0.9177987412,-1.7852722099999998,-0.1470229545,-0.4175304258,6.753402303999993,-13.294127674000013,1.083709361599998,-3.1588511874
61,ARG,1.81,0.5398150909633164,3.66726,1.28664,0.2563600000000001,0,0.0,0,0.0,0.0,0.7346,0.9398,0.6914,1.11242142,2.15700095,3.0706719,3.79954137,-0.8699301488,-1.6998648285999998,-0.12831402711,-0.3659695458199999,6.249763761000006,-13.004662256100008,0.946985530999999,-3.025463175420001
62,GLY,0.964,0.5331858407079646,1.05173,0.6211200000000001,0.2228799999999999,0,0.0,0,0.0,0.4556,0.0,1.0,0.5062,0.69442759,1.34165893,1.89815426,2.32737559,-0.6363880245000001,-1.2343742415,-0.1073193425,-0.3041291023999999,5.884198829999989,-11.365129606000002,0.9940179952999976,-2.994334023999998
63,GLU,2.083,0.7635630498533724,3.11015,0.70224,-0.0572399999999999,0,0.0,0,0.0,0.1111,0.4884,0.8112,0.9136,0.6940819899999999,1.33895099,1.88923806,2.30693787,-0.6401248650000002,-1.2407543800000005,-0.1097157208,-0.3108888375,5.883539225999984,-11.873300041999997,1.0088222181000006,-2.9542215090000004
64,HIS,1.595,0.5768535262206148,3.11483,1.11984,0.0501600000000002,0,0.0,1,0.111111111111111,0.1444,0.561,0.1124,0.679,1.11200261,2.15372591,3.05991029,3.77493972,-0.7462808424999998,-1.454934099,-0.1152466823999999,-0.3280554672,7.424440736999978,-13.129069852000004,1.1710145687999995,-2.9957935481999978
65,ARG,2.417,0.7208470026841634,3.79296,0.99096,-0.0549599999999995,0,0.0,2,0.222222222222222,0.0,0.7346,0.9398,0.6914,1.39160848,2.7046587199999994,3.8657877,4.811628079999999,-0.6186057197,-1.2032600505,-0.09887154724,-0.2806806748999999,7.384229915000004,-12.3415665945,1.1655028399999996,-2.9072217035600003
66,GLN,0.475,0.1652173913043478,2.18273,1.79405,0.60595,1,0.0714285714285714,3,0.214285714285714,0.1111,0.5388,0.7952,0.6914,1.5310581099999998,2.977328,4.25941829,5.30833733,-1.3738720329999996,-2.681272193,-0.2083324153999999,-0.5936576641,8.067319695000016,-16.837701738000007,1.152844460600003,-3.479693684999997
67,ASP,1.199,0.4472211861245804,2.14105,0.8759300000000001,0.6060699999999999,0,0.0,0,0.0,0.1111,0.3239,0.8675,1.0,0.97343675,1.88793804,2.68878801,3.32936695,-0.9667604328,-1.8739164270000004,-0.1644857343,-0.4657967243000001,8.437248972999974,-7.761461521400005,1.3934029827999943,-1.9407351261000017
68,ARG,2.133,0.6361467342678199,3.82709,0.97937,0.2406300000000002,0,0.0,0,0.0,0.0,0.7346,0.9398,0.6914,0.97355022,1.8888323,2.69174931,3.33620696,-1.3154836237999996,-2.560295351,-0.2080527543199999,-0.5909621203500001,10.370396594000024,-15.202214380199983,1.624858523700002,-3.5827103215499965
69,ARG,1.196,0.3566954965702356,3.51381,1.5480500000000004,0.6089499999999997,0,0.0,0,0.0,0.0,0.7346,0.9398,0.6914,1.39126598,2.7019691800000007,3.8569136900000007,4.79123254,-1.5399525569,-3.0067944345,-0.232326675,-0.6625702828399999,10.936888979999978,-22.555363398,1.5893663298000071,-4.843523797399989
70,GLU,1.323,0.4849706744868035,2.67543,1.01092,0.3940800000000002,1,0.125,0,0.0,0.1111,0.4884,0.8112,0.9136,1.11209827,2.15446436,3.062302470000001,3.78030235,-1.0791702427999998,-2.0963465045,-0.1778403813399999,-0.5046802061000001,11.380220102000065,-19.20876419900001,1.8978437722000088,-4.704297193299993
71,ARG,1.406,0.4193259767372502,3.38146,1.6004199999999995,0.3465800000000008,4,0.363636363636364,0,0.0,0.0,0.7346,0.9398,0.6914,1.25113875,2.4239866900000004,3.4457746500000006,4.2543464,-1.1561207269000002,-2.2500285336,-0.1855605712499999,-0.5277487700999999,11.270580452000022,-21.531890309999945,1.8206515106000083,-5.145129286400002
72,PRO,1.355,0.6076233183856502,1.90656,0.92542,-0.05042,4,0.571428571428571,0,0.0,0.3222,0.3764,0.8594,0.3827,0.83306838,1.60804541,2.27128756,2.77768006,-1.0774731464999998,-2.082362844,-0.1931988124999999,-0.5462173649000001,12.151488339000046,-23.26702264200002,2.1418946776000074,-6.116388206099998
73,TYR,1.539,0.4515845070422535,3.6502,1.65786,0.2111400000000001,5,0.714285714285714,0,0.0,0.3556,0.8063,0.502,0.1605,1.11291181,2.16080466,3.0830621900000006,3.82753741,-2.0098177851,-3.919127333299999,-0.3085266338699999,-0.8782460055700001,10.366171101999972,-18.304155065,1.6732915367000043,-4.438763733600004
