1,GLY,1.323,0.7317477876106194,1.18752,0.4564899999999999,0.0285100000000002,0,0.0,0,0.0,0.4556,0.0,1.0,0.5062,0.4168864999999999,0.8067789699999999,1.14470478,1.40956632,-0.3786896219999999,-0.738650341,-0.0578273296,-0.164654958,1.6110807090000006,-3.74346221,0.2485146070000001,-0.8465953789999998
2,PRO,1.657,0.7430493273542601,2.07682,0.7212299999999999,-0.1482299999999999,1,0.333333333333333,0,0.0,0.3222,0.3764,0.8594,0.3827,0.5552125800000001,1.07080406,1.51041595,1.84392362,-0.35887095692,-0.6970193916,-0.05927945668,-0.1682122671999999,2.2395251729999988,-4.626209159399992,0.3482365189999998,-1.116103986320001
3,GLY,0.911,0.5038716814159292,0.95848,0.68676,0.2102399999999999,1,0.25,0,0.0,0.4556,0.0,1.0,0.5062,0.69444853,1.3418272999999998,1.89872393,2.32872832,-0.1892714438,-0.366269223,-0.0327714023599999,-0.092599892,2.668672497000001,-2.166973506000001,0.4380705457000002,-0.5703899496999998
4,GLY,0.742,0.4103982300884956,1.03616,0.7443700000000001,0.3216299999999999,1,0.142857142857143,0,0.0,0.4556,0.0,1.0,0.5062,1.11317905,2.16291466,3.0900623199999995,3.84373768,-0.20851574094,-0.4088353436,-0.028805817764,-0.082471695254,1.968954345,-3.100547864500002,0.2684522013,-0.60982963365
5,GLY,0.671,0.3711283185840708,0.89838,0.8672600000000001,0.2697399999999998,0,0.0,0,0.0,0.4556,0.0,1.0,0.5062,0.97386275,1.89125702,2.69964785,3.35404941,-0.49037550483,-0.9582760385,-0.0720822205449999,-0.20554629433,1.9663442370000013,-4.206458494999997,0.2903349527999999,-0.8367981729999997
6,PRO,1.402,0.6286995515695067,1.52297,0.76702,0.06098,0,0.0,0,0.0,0.3222,0.3764,0.8594,0.3827,0.8338572899999999,1.61419689,2.29143819,2.82355213,-0.8954681130000001,-1.743719806,-0.1419331681,-0.4037515710000001,2.3587254970000004,-6.011400858,0.3588929999,-1.3416206075
7,GLY,0.839,0.4640486725663716,1.01791,0.7500600000000001,0.21894,0,0.0,0,0.0,0.4556,0.0,1.0,0.5062,0.97345414,1.88806823,2.68919362,3.33022536,-0.7949115492,-1.5431238666,-0.13120289804,-0.3717769891,3.1394505200000045,-4.333098598,0.5153095060000009,-1.2639272932000007
8,GLY,0.677,0.3744469026548673,0.91443,0.8028899999999999,0.3281100000000001,0,0.0,0,0.0,0.4556,0.0,1.0,0.5062,1.3927421000000002,2.7135256,3.89492907,4.878261879999999,-0.7318499665,-1.4318710074999998,-0.1048145214399999,-0.2992006500999999,2.361240201,-4.528249181,0.3327233914999999,-0.915803385
9,SER,0.839,0.3855698529411764,1.3906200000000002,0.91037,0.4266300000000002,0,0.0,1,0.1,0.4111,0.1877,0.8514,0.5309,1.25208754,2.43137673,3.4699539500000003,4.309301809999999,-0.68385235823,-1.3274815256,-0.113681043027,-0.3223222351500001,2.7788563620000013,-1.7391779641999994,0.5196113869000001,-0.467431159
10,HIS,1.562,0.5649186256781193,2.97073,1.09638,0.1066200000000001,0,0.0,1,0.111111111111111,0.1444,0.561,0.1124,0.679,1.39238449,2.71071631,3.88565253,4.85691678,-0.3538880336499999,-0.6858981863,-0.0597157662499999,-0.16892375543,2.634776626000001,-4.288073123999999,0.3906391722000009,-0.9494419478400008
11,MET,1.111,0.3725687458081824,2.18463,1.3700799999999995,0.5009200000000007,1,0.0833333333333333,2,0.166666666666667,0.7111,0.6196,0.0,0.0988,1.11219675,2.15523017,3.06480547,3.78598377,-0.46070983486,-0.8952980179500002,-0.07587319133,-0.21551512772,3.4154354749999967,-3.752303239000004,0.5552097642999997,-0.9322653315999992
12,GLY,0.676,0.3738938053097345,0.90391,0.76575,0.3662500000000001,1,0.142857142857143,1,0.142857142857143,0.4556,0.0,1.0,0.5062,0.69395012,1.33791917,1.8858465900000003,2.29918299,-0.44768022056,-0.8654589669,-0.0798500555399999,-0.22577607637,4.075319120000001,-3.787125782799999,0.7295479610000001,-0.9993840443400006
13,GLY,0.973,0.5381637168141593,1.0064,0.6579100000000001,0.1770899999999999,1,0.166666666666667,1,0.166666666666667,0.4556,0.0,1.0,0.5062,0.83387174,1.61432961,2.29194374,2.82492116,-0.3628059415,-0.7068954609999998,-0.05708303101,-0.1625278701,3.063891853999994,-2.5599476878000003,0.4822825767000004,-0.5980426797999999
14,ASN,1.542,0.6306748466257669,2.37373,0.8926099999999999,0.0103899999999999,2,0.222222222222222,1,0.111111111111111,0.1111,0.3976,0.6747,0.8272,0.97316805,1.88582558,2.68180764,3.31329098,-0.3607723683,-0.6994352760000001,-0.06087544705,-0.1723220704999999,3.2212277680000017,-4.406153133999999,0.5043698566000001,-1.0581786852
15,TYR,0.792,0.2323943661971831,3.4942,1.88351,0.7324899999999996,1,0.0909090909090909,2,0.181818181818182,0.3556,0.8063,0.502,0.1605,1.39075952,2.6980019000000004,3.84385627,4.76131876,-0.981393167,-1.9236549640000005,-0.1362551971,-0.389936642,4.01095142999999,-8.970587497999999,0.5961122039999996,-1.845497480600001
16,GLY,1.017,0.5624999999999999,0.98908,0.6601199999999999,0.1308800000000002,1,0.142857142857143,1,0.142857142857143,0.4556,0.0,1.0,0.5062,1.25301775,2.43866004,3.49391432,4.36415861,-1.1637771735,-2.2695475455,-0.1791844107,-0.5102946070000001,4.244327083000002,-8.343874497000005,0.6555780004000006,-1.920293388499998
17,ASP,0.887,0.3308466989929131,2.2991,1.12734,0.66666,0,0.0,2,0.333333333333333,0.1111,0.3239,0.8675,1.0,1.11294634,2.16112093,3.08426104,3.83076215,-0.91939391108,-1.7761876356000004,-0.164624361116,-0.46498818314,4.899956115999998,-6.243780882800004,0.8531538252000008,-1.7214377885199992
18,ASP,0.946,0.3528534129056322,2.3319300000000003,1.07001,0.6649900000000002,0,0.0,0,0.0,0.1111,0.3239,0.8675,1.0,1.6711336800000005,3.25495158,4.66953036,5.843339139999999,-1.1903985133,-2.318775360660001,-0.185877633304,-0.528447529726,7.002044609999984,-7.1529344091,1.0194958957999989,-1.525778002896
19,ARG,1.733,0.5168505815687444,3.5366500000000003,1.22066,0.39934,0,0.0,1,0.0833333333333333,0.0,0.7346,0.9398,0.6914,1.5301593400000002,2.9703479500000003,4.23665244,5.256816059999999,-1.05984364286,-2.0680853576,-0.16090692862,-0.45840701456,7.938042485999988,-9.516606556399982,1.222503421700003,-2.08490973702
20,ARG,1.681,0.5013420817178645,3.49067,1.45588,0.2161200000000001,0,0.0,1,0.0625,0.0,0.7346,0.9398,0.6914,1.39021748,2.69381649,3.83028806,4.73086701,-1.3263910457000003,-2.5875904371,-0.2025511449699999,-0.5769840248999999,8.013174218999998,-13.3567588738,1.270149015999999,-3.061705686500001
21,GLY,0.424,0.2345132743362831,0.7730800000000001,0.9042,0.4798000000000001,0,0.0,1,0.125,0.4556,0.0,1.0,0.5062,0.83294712,1.60710338,2.26821573,2.77073093,-0.9797228667,-1.8955278687,-0.1735889608299999,-0.4914436847,8.153174419999978,-11.754193975000009,1.4360226989999951,-3.0977787316999974
22,GLY,0.737,0.4076327433628318,0.89161,0.8145899999999999,0.2564100000000002,1,0.125,0,0.0,0.4556,0.0,1.0,0.5062,0.97301977,1.88466185,2.67796822,3.30446491,-1.13852043876,-2.2123535359,-0.1867542573049999,-0.53017518933,8.712569049999972,-16.5406744686,1.4417831212999972,-3.986310661700001
23,ARG,1.475,0.4399045630778407,3.2187,1.54745,0.3305500000000001,3,0.157894736842105,1,0.0526315789473684,0.0,0.7346,0.9398,0.6914,1.6688402700000002,3.23705632,4.610874020000001,5.709702919999999,-1.3369847544000002,-2.6066806146999992,-0.2067194728,-0.58858976058,7.541174883999983,-13.122238317299994,1.2007842080999978,-3.06434207722
24,GLY,0.279,0.1543141592920354,0.7618300000000001,0.99474,0.53426,4,0.16,0,0.0,0.4556,0.0,1.0,0.5062,1.8075026800000005,3.5036043999999995,4.98450962,6.16106608,-1.4249246892600005,-2.7754871507,-0.224701341896,-0.6393727625,5.061600107999991,-11.6183448572,0.8500922275000006,-2.7561571451399978
25,GLY,0.26,0.1438053097345132,0.87149,0.91968,0.62832,5,0.208333333333333,0,0.0,0.4556,0.0,1.0,0.5062,1.9471062800000003,3.77764515,5.38321186,6.67107993,-1.3650022377500002,-2.6475911497,-0.229822239568,-0.6511835569399999,4.950928150000003,-9.697916284859993,0.7664450407000017,-2.234905075969996
26,TYR,1.056,0.3098591549295775,3.36352,1.7227,0.6293,9,0.5,0,0.0,0.3556,0.8063,0.502,0.1605,1.94859874,3.78915281,5.42047317,6.75458931,-1.1119373005699995,-2.16355263964,-0.17844199834,-0.50720923773,6.993542040000017,-8.549446280479998,1.0918833283,-1.9453013963999988
27,ASP,0.596,0.2223051100335695,2.00853,1.3190400000000002,0.7659599999999998,5,0.416666666666667,0,0.0,0.1111,0.3239,0.8675,1.0,1.53004994,2.9694727500000004,4.23370793,5.24987492,-1.4709077532000003,-2.8665697556,-0.22971802293,-0.6539211437599999,6.323769802,-7.964191157099996,1.0050425180999982,-1.9009926178900007
28,ARG,1.97,0.5875335520429465,3.88536,1.17558,0.2074200000000001,3,0.5,0,0.0,0.0,0.7346,0.9398,0.6914,0.9730645,1.8850345,2.6792721,3.30768991,-1.1341873158300002,-2.2035608297,-0.185581095171,-0.5264988919799998,7.887556374000004,-10.84037404206002,1.3081605771000016,-2.859216295199999
29,GLY,0.78,0.4314159292035398,0.95504,0.7034199999999999,0.3245800000000001,2,0.285714285714286,0,0.0,0.4556,0.0,1.0,0.5062,0.83317064,1.60884,2.27388325,2.7835676,-1.04782342,-2.036117039,-0.17247236734,-0.4898034195599999,6.27542944799999,-11.993135507199998,1.0747521371999984,-2.9894199320599983
30,GLY,0.547,0.3025442477876106,0.87988,0.80179,0.4592100000000001,1,0.125,0,0.0,0.4556,0.0,1.0,0.5062,0.97241144,1.87994197,2.66259071,3.2697172100000005,-1.0894456460999995,-2.114755691,-0.1815151821199999,-0.5147585081,5.536352583999997,-9.326217681999989,0.8958485569999984,-2.288079852999999
31,TYR,1.117,0.3277582159624413,3.55961,1.79549,0.4955099999999999,0,0.0,0,0.0,0.3556,0.8063,0.502,0.1605,1.25245419,2.4342664500000004,3.47952683,4.33142345,-1.02948003337,-2.0142732497399995,-0.14866983141,-0.4247458464140001,4.799963543999997,-6.095239771799995,0.691553803399999,-1.2855390606499997
32,ARG,2.115,0.6307784073963615,3.85658,1.05625,0.18175,0,0.0,0,0.0,0.0,0.7346,0.9398,0.6914,0.69413181,1.33933306,1.89046753,2.3096685700000004,-0.7094739093,-1.364455423,-0.1358185228,-0.3824406145,4.307572748999996,-6.672621343000002,0.7914739894999988,-1.8919765503999983
33,GLY,0.454,0.2511061946902654,0.8190900000000001,0.91573,0.43827,0,0.0,0,0.0,0.4556,0.0,1.0,0.5062,0.97302204,1.88466543,2.67793061,3.30422695,-0.47491012,-0.9200979613,-0.08195835614,-0.2321492071699999,6.285144192000016,-3.9597960001000096,0.9961830125000002,-1.130167170240001
34,ARG,2.176,0.6489710706829704,3.9527,0.85635,0.3206500000000001,0,0.0,0,0.0,0.0,0.7346,0.9398,0.6914,0.97353574,1.88869912,2.69124064,3.3348247099999995,-0.97044923116,-1.9007043977,-0.13735382949,-0.3928517760799999,6.296178096999988,-10.229248111899995,0.901729183299997,-2.164285988920004
35,GLY,0.804,0.4446902654867257,0.93968,0.69102,0.31298,0,0.0,0,0.0,0.4556,0.0,1.0,0.5062,0.6944570800000001,1.34189021,1.89891712,2.32912886,-1.0696378645999998,-2.076149652,-0.1783844382,-0.505812111,5.494924105000008,-10.989224987999988,0.9010928224999996,-2.7770413740000017
36,GLY,0.768,0.4247787610619469,0.96453,0.7861800000000001,0.2538199999999999,0,0.0,0,0.0,0.4556,0.0,1.0,0.5062,1.113143,2.16263342,3.08914021,3.84163587,-1.12729158677,-2.1930581957299995,-0.179900115501,-0.51083929682,8.097686832000004,-9.76628997365002,1.221523589000001,-2.329505101700004
37,ASP,1.097,0.4091756807161507,2.48608,0.99952,0.5844800000000001,0,0.0,0,0.0,0.1111,0.3239,0.8675,1.0,1.80979324,3.52147165,5.04305897,6.294414999999999,-0.9211239121999998,-1.7973103946,-0.1404313724799999,-0.40015993355,6.448554415999981,-7.963626240200001,0.9675876489999988,-1.7994750373999977
38,ARG,1.965,0.5860423501342081,3.71006,1.00057,0.3874300000000001,1,0.0714285714285714,0,0.0,0.0,0.7346,0.9398,0.6914,1.80997994,3.52294891,5.04797416,6.30583897,-0.9102903052600002,-1.77131243315,-0.14559350721,-0.4137822009999999,7.149633133000006,-9.596020183300013,1.127338894400001,-2.27397494705
39,GLY,0.603,0.3335176991150442,0.93674,0.7929600000000001,0.4120399999999999,1,0.0555555555555556,0,0.0,0.4556,0.0,1.0,0.5062,1.66907675,3.2389076,4.6169597200000005,5.723620660000001,-1.3273589401,-2.5777222435,-0.21912245926,-0.621509868,5.649007260999995,-12.050789240999984,0.9557594280000012,-3.00296245098
40,GLY,0.094,0.0519911504424778,0.68539,1.06744,0.64656,1,0.0357142857142857,0,0.0,0.4556,0.0,1.0,0.5062,1.80585589,3.49087931,4.94322189,6.068284289999999,-1.1922811558,-2.3161075294,-0.1962293351,-0.5568686127,4.355217219,-8.556178690599992,0.7285843113999998,-2.0720568189
41,PHE,1.076,0.3460919909938887,3.16473,1.67971,0.3532899999999999,0,0.0,0,0.0,0.8111,0.783,0.0763,0.037,1.9477996200000005,3.78293038,5.40011816,6.70833684,-1.11556586655,-2.1706367428,-0.1784986842499999,-0.50725147897,3.848009140999997,-6.5701672201999965,0.6216990830000012,-1.6045831398400008
42,ARG,1.053,0.3140471219803161,3.07491,1.86534,0.4346600000000002,1,0.0625,0,0.0,0.0,0.7346,0.9398,0.6914,2.08888585,4.06844159,5.836092940000001,7.30229207,-1.30026030805,-2.5301481149,-0.20753787371,-0.5897020657600001,3.924462820000001,-6.301996189999996,0.6487100191999997,-1.5700635020999998
43,GLY,0.352,0.1946902654867256,0.8146800000000001,0.95234,0.50366,0,0.0,0,0.0,0.4556,0.0,1.0,0.5062,1.39244991,2.71125175,3.88749769,4.8613988,-1.9416458452,-3.769024451,-0.32150209665,-0.9111986325899998,7.312412667999997,-5.693676588500005,1.0955425863999986,-1.3740263415799991
44,GLY,0.247,0.1366150442477876,0.7674599999999999,1.06753,0.4934699999999998,2,0.125,0,0.0,0.4556,0.0,1.0,0.5062,1.67036988,3.24897786,4.6499026,5.798478159999999,-2.0468377606600003,-3.977832268799999,-0.33539083095,-0.95235742345,5.574169169999998,-8.140016596700002,0.9118311078,-2.0378160762999986
45,ARG,1.536,0.4580972263644497,3.56025,1.4492200000000002,0.36778,3,0.157894736842105,0,0.0,0.0,0.7346,0.9398,0.6914,1.80867034,3.51277717,5.01478915,6.2307026,-1.7869104072,-3.4770316643,-0.2852443409,-0.8104422517500002,5.889505410000002,-7.239242708899995,0.953019446,-1.768139501700002
46,GLY,0.464,0.2566371681415929,0.8992,0.97038,0.37362,2,0.0869565217391304,0,0.0,0.4556,0.0,1.0,0.5062,1.94841378,3.78780479,5.41637078,6.746196249999999,-1.47200003985,-2.8676835087999994,-0.2300248369169999,-0.6542428293599999,5.543234211999994,-10.265024724999996,0.8319156882999996,-2.335488200719998
47,GLY,0.521,0.2881637168141593,0.91189,0.90383,0.3831699999999999,0,0.0,0,0.0,0.4556,0.0,1.0,0.5062,1.25231225,2.43316198,3.4759168000000003,4.32322955,-1.3330924893,-2.5908898784000005,-0.2168816492799999,-0.6154787516400002,5.023238951000001,-6.167035385999998,0.8304179467999995,-1.4944072920000002
48,GLY,0.751,0.4153761061946902,1.0140900000000002,0.7352700000000001,0.3217299999999998,0,0.0,0,0.0,0.4556,0.0,1.0,0.5062,0.8340565299999999,1.6157551499999998,2.29655813,2.8352533500000003,-0.9437142278,-1.8352546541,-0.15300999006,-0.4347265866000001,4.591136289999995,-4.714258415300002,0.7662711567999991,-1.1445663716000003
49,ASP,0.916,0.3416635583737411,2.29089,1.11205,0.6529500000000001,0,0.0,0,0.0,0.1111,0.3239,0.8675,1.0,0.8342106,1.61697473,2.30061791,2.84469628,-0.8801253973,-1.7222894130000002,-0.12592964733,-0.3596375597999999,4.602150035000002,-4.582938588999998,0.6710956492999992,-1.0859655356999995
50,ARG,2.414,0.7199522815389203,3.84276,0.85585,0.08315,0,0.0,0,0.0,0.0,0.7346,0.9398,0.6914,0.6947152700000001,1.34391094,1.90556166,2.34433222,-0.6725586560999999,-1.3077528284000002,-0.10890623254,-0.3092846444,5.298592169999993,-6.551788552700003,0.8673180659999992,-1.6805042567000008
51,GLY,0.757,0.4186946902654867,0.99614,0.74298,0.3080200000000002,0,0.0,0,0.0,0.4556,0.0,1.0,0.5062,0.6945609800000001,1.34270092,1.90157429,2.33518231,-0.6474762249999999,-1.245744923,-0.1230235218899999,-0.3464496945999999,5.649852886000007,-5.057929103999998,0.9443863753999968,-1.3920372160000014
52,GLY,0.534,0.2953539823008849,0.84994,0.8984800000000002,0.3755199999999998,2,0.4,0,0.0,0.4556,0.0,1.0,0.5062,1.2529372900000002,2.4380339,3.49186816,4.35951807,-0.4102490659,-0.7953311915,-0.0694600122,-0.1966717981,5.463061217999996,-5.128335351999997,0.8338449293999988,-1.357346909600003
53,PHE,1.464,0.470890961724027,3.8635,1.1563200000000002,0.4886799999999998,2,0.285714285714286,0,0.0,0.8111,0.783,0.0763,0.037,1.11303192,2.1617568,3.08623306,3.8349092,-0.2942810927,-0.5709015684,-0.04974176108,-0.1410495533,3.964998212000004,-4.367536157600005,0.6501630833000007,-1.0665157983800004
54,GLY,0.344,0.1902654867256637,0.6904399999999999,1.03218,0.4318199999999998,1,0.0909090909090909,0,0.0,0.4556,0.0,1.0,0.5062,0.97193156,1.87616904,2.6501237700000004,3.24100491,-0.4163167550000001,-0.8062202230000001,-0.07229177493,-0.2046814199999999,3.135787126000001,-4.918980708,0.5522096267999996,-1.229516987000001
55,PRO,1.276,0.5721973094170404,2.00169,0.76762,0.18638,0,0.0,0,0.0,0.3222,0.3764,0.8594,0.3827,1.11290289,2.16077498,3.0831005900000004,3.82803567,-0.61562585875,-1.2029873224999998,-0.0909851177699999,-0.2595557146,3.380720468999999,-5.470085506000009,0.5113257057999998,-1.2426570800000012
56,GLY,1.044,0.577433628318584,1.08969,0.5812499999999999,0.18275,0,0.0,0,0.0,0.4556,0.0,1.0,0.5062,0.69461043,1.34309316,1.90288278,2.3382331,-0.4792246076999999,-0.926385789,-0.0850751129,-0.2404026466,3.486948807999996,-5.939984323999994,0.6218413440000008,-1.6129369191999996
57,LYS,1.937,0.745,2.99565,0.93213,-0.26913,0,0.0,0,0.0,0.0667,0.6942,0.6867,0.7901,0.97268498,1.88207278,2.66956393,3.28557129,-0.5729064589999999,-1.11092775,-0.0970729559,-0.275047851,3.1381124370000046,-7.75874009,0.5309670168,-2.029741341
58,MET,1.321,0.44299128101945,2.47472,1.37453,0.2864700000000002,2,0.2,0,0.0,0.7111,0.6196,0.0,0.0988,1.2513884300000002,2.42591426,3.45202204,4.26836261,-0.811276131,-1.585505239,-0.1196397536,-0.3413550599999999,4.206593833000002,-8.288417783000007,0.6362155323999994,-1.8602829400000007
59,ASP,1.09,0.4065647146587094,2.21978,1.15839,0.4326099999999999,0,0.0,0,0.0,0.1111,0.3239,0.8675,1.0,1.1130303700000002,2.16174749,3.08621173,3.83488771,-0.9384219807999996,-1.820621963,-0.15798024934,-0.4478745487,6.3595190439999865,-8.740391770000004,1.0332769329999991,-2.138885549000003
60,SER,1.318,0.6056985294117647,1.3766999999999998,0.65769,0.2003100000000001,0,0.0,0,0.0,0.4111,0.1877,0.8514,0.5309,1.11342845,2.16488175,3.09658407,3.85882554,-1.5419800182,-2.9994602572000004,-0.24622571985,-0.6990318519,7.309445184999982,-10.455027622200014,1.1190101635000007,-2.5215668971
61,ARG,1.554,0.4634655532359081,3.47774,1.5314200000000002,0.2675799999999999,0,0.0,0,0.0,0.0,0.7346,0.9398,0.6914,1.5308862,2.97602569,4.255286020000001,5.29934347,-1.2971772981999996,-2.5323041996000004,-0.195363535576,-0.5568175268100001,5.815334233999998,-6.714801086599996,0.907165041000001,-1.5373157840799991
62,GLY,0.727,0.4021017699115044,0.9589,0.77251,0.3084899999999999,0,0.0,0,0.0,0.4556,0.0,1.0,0.5062,1.39072143,2.69772313,3.84300419,4.759566329999999,-0.9975648472,-1.9362307325,-0.1668255024299999,-0.47316622446,5.414215868999989,-5.429475956600004,0.9129679032999996,-1.33869570895
63,GLU,1.402,0.5139296187683283,2.79654,0.93376,0.3922400000000002,1,0.0555555555555556,0,0.0,0.1111,0.4884,0.8112,0.9136,1.80797773,3.5073580400000006,4.9969766700000005,6.18997045,-1.163300336,-2.268759457,-0.17839934315,-0.5079865960000001,3.614131596,-5.840653037999996,0.5692107418000001,-1.3316775752
64,HIS,0.219,0.0792043399638336,2.41624,1.89629,0.6497100000000002,1,0.037037037037037,0,0.0,0.1444,0.561,0.1124,0.679,1.80627727,3.49414805,4.95387078,6.09234533,-1.0802578726999998,-2.101884895,-0.1731244829,-0.49201578113,4.392563510000008,-7.218638397000007,0.7530237726000004,-1.7803432727299988
65,ARG,1.943,0.579481061735759,3.48202,0.9704199999999998,0.4395800000000003,1,0.0833333333333333,0,0.0,0.0,0.7346,0.9398,0.6914,1.53002628,2.9692968900000007,4.23316187,5.24872381,-1.2513095521800002,-2.432585377100001,-0.2039585342969999,-0.579301240735,6.754497916000017,-10.040224706000007,1.0856979225999994,-2.487691894580004
66,GLN,1.421,0.4942608695652174,2.8540499999999995,1.10906,0.34494,0,0.0,0,0.0,0.1111,0.5388,0.7952,0.6914,1.11318135,2.16293275,3.09012146,3.84387159,-1.2380104737,-2.4068595535000004,-0.2010879297799999,-0.5710168502999998,6.484449239000002,-8.006000819999997,0.9954392451999986,-1.956816159399999
67,ASP,1.124,0.4192465497948527,2.43268,0.8815999999999999,0.6754,0,0.0,0,0.0,0.1111,0.3239,0.8675,1.0,0.69462176,1.34317782,1.90314701,2.33879467,-1.1858474694999996,-2.3015087650000003,-0.1972477818,-0.5590387828,4.358502943000005,-9.422389351999994,0.6986326548999977,-2.2711877761
68,ARG,2.33,0.6949000894721145,3.97005,0.98677,0.03623,0,0.0,0,0.0,0.0,0.7346,0.9398,0.6914,0.6944096900000001,1.34152507,1.89773668,2.32649007,-0.7233113609999999,-1.404861235,-0.1198255854999999,-0.340099873,2.075646167999998,-5.843884545000001,0.3796119127,-1.5727194910000006
69,ARG,2.329,0.6946018490903668,3.65136,0.7555900000000001,0.2684099999999999,0,0.0,0,0.0,0.0,0.7346,0.9398,0.6914,0.5548345800000001,1.0678301099999998,1.50058207,1.82125398,-0.444952703,-0.85949947,-0.0803401205,-0.2270330599999999,1.7245300959999983,-4.415614049999999,0.305234469,-1.1247589359999994
70,GLU,1.558,0.5711143695014662,2.89304,0.98816,0.1818400000000001,0,0.0,0,0.0,0.1111,0.4884,0.8112,0.9136,0.6944428899999999,1.34178483,1.89859002,2.32844035,-0.171857443,-0.331622395,-0.03167513,-0.0894951349999999,1.1742854400000002,-3.284072669999998,0.22092783,-0.8868103219999997
71,ARG,1.606,0.478974053086788,3.25246,1.50485,0.2421500000000001,0,0.0,1,0.333333333333333,0.0,0.7346,0.9398,0.6914,0.69448512,1.3421109,1.89964725,2.33081272,-0.189522874,-0.371394224,-0.026401741,-0.075529285,1.18093532,-3.69402044,0.16471325,-0.751596266
72,PRO,1.329,0.5959641255605381,1.46863,0.78854,0.11246,0,0.0,1,0.5,0.3222,0.3764,0.8594,0.3827,0.4156739299999999,0.79739407,1.11419634,1.3408208,-0.248640603,-0.47880782,-0.0467070515,-0.131623665,0.6262543520000001,-1.9453966,0.1170844584,-0.5312389780000002
73,TYR,2.646,0.7764084507042254,4.586259999999999,0.8490300000000001,-0.08703,0,0.0,1,1.0,0.3556,0.8063,0.502,0.1605,0.41711906,0.80859593,1.15066863,1.42317891,-0.239363918,-0.4683872099999999,-0.0345098843,-0.098613011,0.6295156799999999,-1.8957711400000004,0.0910117183999999,-0.3976344660000001
