1,GLY,1.342,0.7422566371681416,0.7904399999999999,0.45559,0.0104099999999999,0,0.0,0,0.0,0.4556,0.0,1.0,0.5062,0.41673559,0.8056076299999999,1.1408866400000002,1.40093267,-0.3054148027700001,-0.5919010610000002,-0.0524442719149999,-0.1486017284,0.7839350000000002,-0.7118226368,0.1372375309999999,-0.2173258157999999
2,PRO,1.634,0.7327354260089686,2.11481,0.67077,-0.0747699999999998,0,0.0,0,0.0,0.3222,0.3764,0.8594,0.3827,0.55502202,1.06930048,1.5054286600000002,1.83237877,-0.5317795536,-1.027906549,-0.0945911549,-0.2673023891,0.7837806259999998,-1.073934263,0.1390278798999999,-0.3137632499
3,GLY,0.895,0.4950221238938053,0.94939,0.7259,0.1871,0,0.0,0,0.0,0.4556,0.0,1.0,0.5062,1.11296325,2.16124794,3.08465869,3.83160973,-0.8026949383399999,-1.5720085015999998,-0.11332979734,-0.323980896515,1.6540912580000011,-3.8444958159999993,0.2242287359000001,-0.7631508209999999
4,GLY,0.798,0.4413716814159292,0.9765,0.75632,0.25368,0,0.0,0,0.0,0.4556,0.0,1.0,0.5062,1.2529226100000002,2.43792554,3.49153569,4.35882992,-0.7000702025000001,-1.3723421590999998,-0.0965535237099999,-0.2762280094,1.6933109950000005,-4.5421558330000025,0.2302021392000001,-0.892213055
5,GLY,0.612,0.3384955752212389,0.98662,0.85094,0.3450600000000001,0,0.0,0,0.0,0.4556,0.0,1.0,0.5062,1.11275405,2.15957872,3.07905684,3.81844387,-0.5029567640000001,-0.9835756975,-0.07344737896,-0.2097383933,1.494622766000001,-3.429919619000001,0.2200824863,-0.7165817847999999
6,PRO,1.58,0.7085201793721974,1.83818,0.73435,-0.08435,0,0.0,0,0.0,0.3222,0.3764,0.8594,0.3827,0.97349889,1.88841062,2.69029385,3.33266537,-0.5582172706,-1.088860344,-0.0851508560499999,-0.2424514021,1.4952812670000002,-2.995716737,0.2145531558999998,-0.6265081187000003
7,GLY,0.757,0.4186946902654867,0.92868,0.75094,0.3000600000000001,0,0.0,0,0.0,0.4556,0.0,1.0,0.5062,0.8337605800000001,1.61346752,2.28913497,2.81857286,-0.5732866085,-1.113350333,-0.0946738811,-0.2685649877,1.413207683000001,-2.247762162000001,0.2300796859999999,-0.5729597771
8,GLY,0.679,0.3755530973451327,0.95399,0.70345,0.42555,0,0.0,0,0.0,0.4556,0.0,1.0,0.5062,0.97375815,1.89043041,2.69690176,3.3476797000000005,-0.4797088272399999,-0.93347163437,-0.076301959404,-0.2167299281039999,1.7682126240000011,-0.0722306729000001,0.2741675116000001,-0.0100368994999999
9,SER,0.525,0.2412683823529411,1.35247,1.1074400000000002,0.54356,0,0.0,1,0.1,0.4111,0.1877,0.8514,0.5309,1.39127296,2.70202348,3.85709077,4.79163255,-0.5020041777,-0.9737046071,-0.08453940754,-0.23953775055,1.4536866350000008,-1.261794059,0.2252975105000001,-0.3018705316
10,HIS,1.439,0.5204339963833635,2.9675,1.14603,0.1799699999999999,0,0.0,1,0.0909090909090909,0.1444,0.561,0.1124,0.679,1.95049054,3.80392794,5.46894885,6.86517212,-0.26543627908,-0.5192070768,-0.0388676829499999,-0.1110855786,1.454530083999999,-2.1433417594,0.2231128730999998,-0.4654244804
11,MET,1.379,0.4624413145539905,2.0066900000000003,1.26544,0.3375600000000003,0,0.0,1,0.0909090909090909,0.7111,0.6196,0.0,0.0988,1.3915098200000002,2.70387155,3.86314811,4.80543276,-0.21501489577,-0.4176900087,-0.035424189955,-0.1005395394,1.7270255470000004,-1.5600915480000004,0.2840956073999999,-0.3917976211999999
12,GLY,0.715,0.3954646017699115,0.87264,0.7936799999999999,0.29932,0,0.0,0,0.0,0.4556,0.0,1.0,0.5062,0.6939871199999998,1.33820682,1.88678547,2.30130984,-0.512273807801,-0.988599232908,-0.093606169015,-0.264276561552,2.118677663000001,-1.7453638366800008,0.3595808586999995,-0.4222708669239999
13,GLY,0.786,0.4347345132743362,0.97652,0.66903,0.35297,0,0.0,0,0.0,0.4556,0.0,1.0,0.5062,0.69448512,1.3421109,1.89964725,2.33081272,-0.6371789549999999,-1.2390802485,-0.1033446141999999,-0.2936176357,2.1185788760000004,-2.2870142000000007,0.3555620909999999,-0.6555571535999998
14,ASN,1.587,0.649079754601227,2.51459,0.80615,0.0518499999999998,0,0.0,0,0.0,0.1111,0.3976,0.6747,0.8272,0.97334778,1.88722604,2.68638991,3.32370561,-0.7239416659000001,-1.4107323574999997,-0.1123384428599999,-0.3195234298999999,1.648674712000001,-3.4170272820000003,0.2682431777,-0.8084697376000004
15,TYR,0.848,0.2488262910798122,3.41277,1.86002,0.69998,0,0.0,1,0.1,0.3556,0.8063,0.502,0.1605,1.39076566,2.69804699,3.84399292,4.76159583,-1.042419302,-2.032513416,-0.1615076122,-0.4600309849999999,1.9644844200000025,-4.751354672000001,0.3046811626000002,-1.0629370060000003
16,GLY,0.83,0.4590707964601769,0.94776,0.70482,0.2731800000000001,0,0.0,1,0.25,0.4556,0.0,1.0,0.5062,1.11324023,2.16339521,3.0916470199999995,3.847377689999999,-1.3720067379,-2.6769116886,-0.2083513989599999,-0.5933724829,2.554023398999997,-6.676094736699999,0.3965429780000003,-1.5052561931
17,ASP,0.869,0.3241327862737784,2.22378,1.18481,0.6271900000000001,0,0.0,1,0.2,0.1111,0.3239,0.8675,1.0,0.973291,1.88679045,2.68498944,3.32059926,-1.0471641504520002,-2.0368352015310003,-0.1694223778109,-0.4815248909006,4.160671253000001,-5.661285526399999,0.6804090519000013,-1.4247591887000004
18,ASP,1.177,0.4390152928011936,2.36723,0.99022,0.51378,0,0.0,0,0.0,0.1111,0.3239,0.8675,1.0,1.11317207,2.16287516,3.08998447,3.84371978,-0.84559541017,-1.6433583683,-0.13724786672,-0.3893668717999999,5.971690034000003,-5.335121102799998,0.9305351048000016,-1.2794717363000017
19,ARG,2.001,0.5967790038771249,3.72806,1.14237,0.2096300000000002,0,0.0,1,0.1,0.0,0.7346,0.9398,0.6914,1.39092525,2.69930982,3.84819358,4.77135558,-1.0268769158700002,-2.00246198272,-0.158006666905,-0.44992163482,6.169346418999998,-10.311844524799993,0.9534265455999984,-2.2732402878
20,ARG,1.521,0.4536236206382343,3.4674400000000003,1.5171100000000002,0.3148900000000001,0,0.0,1,0.0588235294117647,0.0,0.7346,0.9398,0.6914,1.5296099,2.966083639999999,4.2227508700000005,5.225374199999999,-1.2177680505530002,-2.3730951639100004,-0.189837341896,-0.540244920285,7.504436190999993,-13.94213019675997,1.1722065680000031,-3.297069260260003
21,GLY,0.594,0.3285398230088495,0.82418,0.88376,0.33024,0,0.0,1,0.125,0.4556,0.0,1.0,0.5062,0.97270116,1.88219052,2.66991972,3.28628985,-0.9841809951,-1.9090451422000003,-0.16595641464,-0.4703747594,6.508766513999987,-13.893298932299984,1.1246813009999994,-3.366182823499999
22,GLY,0.835,0.4618362831858407,0.97849,0.66546,0.30754,1,0.0909090909090909,1,0.0909090909090909,0.4556,0.0,1.0,0.5062,1.11266425,2.15889693,3.07689029,3.8137198300000006,-1.231755644,-2.4027603653,-0.1886190456299999,-0.5373085610999999,7.976270735999973,-16.950236131900002,1.242535925599998,-3.749393276300005
23,ARG,1.513,0.4512376975842528,3.26501,1.50595,0.3340500000000004,4,0.235294117647059,0,0.0,0.0,0.7346,0.9398,0.6914,1.38977002,2.69029537,3.81864384,4.704023530000001,-1.1889756644999998,-2.3105128911,-0.1954731504,-0.55512969185,7.728827352999978,-14.348017553699984,1.3080803032999948,-3.5846781348500008
24,GLY,0.244,0.1349557522123893,0.69965,0.95529,0.6087100000000001,4,0.166666666666667,0,0.0,0.4556,0.0,1.0,0.5062,1.80737433,3.502618190000001,4.98132826,6.15397341,-1.25528562,-2.4468535967,-0.1951587225999999,-0.5556160875999999,5.613522407000005,-14.487451672000002,0.9196829852999991,-3.4126339323999995
25,GLY,0.317,0.1753318584070796,0.87348,1.02813,0.4628700000000001,4,0.2,0,0.0,0.4556,0.0,1.0,0.5062,1.94723906,3.77869194,5.38668268,6.679112709999998,-1.1014287785,-2.1394503247,-0.1812391521,-0.5141924618999999,5.853617166000001,-11.01832826790001,0.916324600800001,-2.6127009028999995
26,TYR,1.201,0.352406103286385,3.54448,1.69107,0.5159299999999998,7,0.466666666666667,1,0.0666666666666667,0.3556,0.8063,0.502,0.1605,1.5303405600000002,2.97174404,4.24116585,5.26690766,-1.4637275053199996,-2.84037101706,-0.245330834862,-0.6955717126200001,5.576440644999998,-9.37157826994,0.8927082261999985,-2.221411680868002
27,ASP,0.557,0.2077582991421111,2.06505,1.3426699999999998,0.7813300000000003,1,0.142857142857143,1,0.142857142857143,0.1111,0.3239,0.8675,1.0,1.3922646600000002,2.70976354,3.88246752,4.84946806,-1.1427323059,-2.2271461935000003,-0.17796844491,-0.50654697467,7.0281107619999945,-7.2504793825,1.136351969499999,-1.7044432439499986
28,ARG,2.051,0.6116910229645094,3.80926,1.07274,0.22926,1,0.25,1,0.25,0.0,0.7346,0.9398,0.6914,0.83414673,1.616464,2.2988988,2.84064029,-0.8794452420000001,-1.707374839,-0.1455591015,-0.4126474924,3.724469636,-7.153753053000003,0.6470421858000004,-1.897764056300001
29,GLY,0.696,0.3849557522123893,0.90371,0.8812,0.2308000000000001,1,0.166666666666667,1,0.166666666666667,0.4556,0.0,1.0,0.5062,0.69401986,1.33846297,1.88762793,2.30323717,-0.7510469,-1.46039231,-0.1230373378,-0.3498169,2.863696232999998,-7.439849636999996,0.4889575584999998,-1.854781454
30,GLY,0.957,0.5293141592920354,1.03842,0.62601,0.2249900000000001,1,0.2,1,0.2,0.4556,0.0,1.0,0.5062,0.6943440200000001,1.34099977,1.89596964,2.32232415,-0.724276551,-1.406744791,-0.119615432,-0.339396486,2.867312076,-6.225708804000005,0.4549937425,-1.4646966058000006
31,TYR,0.792,0.2323943661971831,3.5245100000000003,1.82776,0.7882399999999996,1,0.166666666666667,2,0.333333333333333,0.3556,0.8063,0.502,0.1605,1.1130947000000002,2.16226158,3.08794007,3.83895969,-0.7318523304610409,-1.4294722932056878,-0.10894517340157,-0.3106162358386595,4.092473398000009,-4.044796539851375,0.5845615930999998,-0.8229646687173188
32,ARG,2.391,0.7130927527587235,4.00248,0.8700899999999999,0.0919100000000002,0,0.0,1,0.25,0.0,0.7346,0.9398,0.6914,1.11317886,2.16292304,3.09012535,3.84399177,-0.3952048167600001,-0.7653169792000001,-0.0674389912879999,-0.19060069213,5.2605371050000045,-3.401524791800003,0.8453345183000002,-0.8378427156999994
33,GLY,0.413,0.228429203539823,0.8058299999999999,0.96913,0.4258699999999999,0,0.0,0,0.0,0.4556,0.0,1.0,0.5062,1.25185228,2.4295365600000003,3.46390666,4.29547668,-0.8250126570399999,-1.6013532103,-0.1377001554699999,-0.3904956359999999,7.272458649999995,-6.914616762199993,1.1036841921999998,-1.691968209319999
34,ARG,2.601,0.7757232329257381,4.015969999999999,0.82061,-0.0686099999999997,0,0.0,0,0.0,0.0,0.7346,0.9398,0.6914,0.97321747,1.88621806,2.68311735,3.31634692,-1.178673646,-2.2975315202,-0.18312143183,-0.5213254331500001,7.621014861999977,-13.392398139000017,1.2009798136999998,-3.219228032240003
35,GLY,1.042,0.5763274336283186,1.07819,0.5965400000000001,0.1694599999999999,0,0.0,0,0.0,0.4556,0.0,1.0,0.5062,0.69448226,1.3420898899999998,1.89958271,2.33067917,-1.1439175197,-2.2208692423,-0.1900814556599999,-0.5391113137,6.196201636999983,-14.121189428799998,1.0636633877000006,-3.4817601757000007
36,GLY,0.536,0.2964601769911504,0.95854,0.89251,0.37949,0,0.0,0,0.0,0.4556,0.0,1.0,0.5062,1.11271163,2.159262,3.0780699900000004,3.81635538,-1.1498518594,-2.2317950788,-0.1912116692099999,-0.5419983926500002,8.445487208000024,-10.054567702800009,1.3274293458000044,-2.500645756249998
37,ASP,0.662,0.2469227900037299,2.19779,1.36165,0.6573500000000001,0,0.0,0,0.0,0.1111,0.3239,0.8675,1.0,2.08828198,4.06368235,5.820327100000002,7.265861149999999,-0.7856524528,-1.5356365999999997,-0.1152635263399999,-0.3288451626999999,6.251817158999992,-7.520735422000001,0.9382383459000012,-1.6348371156000017
38,ARG,2.112,0.6298836862511183,3.8085,0.97271,0.2682900000000001,0,0.0,0,0.0,0.0,0.7346,0.9398,0.6914,1.80981317,3.52163391,5.043614460000001,6.29575369,-0.8836070852999999,-1.7202831090999997,-0.13988365734,-0.39768443381,6.049971267000005,-9.621172526999992,0.952005952700001,-2.1879635864399987
39,GLY,0.547,0.3025442477876106,0.95296,0.8019000000000001,0.4591,0,0.0,0,0.0,0.4556,0.0,1.0,0.5062,1.66913886,3.23935829,4.61832302,5.7263797400000005,-1.2907857239000002,-2.5069578106300003,-0.213501193572,-0.60585054225,5.807397088,-12.8359516755,0.9711216851999992,-3.1498685284800008
40,GLY,0.0,0.0,0.59421,1.06493,0.7430700000000001,0,0.0,0,0.0,0.4556,0.0,1.0,0.5062,1.80523281,3.4860515900000006,4.92750869,6.0328179,-1.25600397566,-2.44315627968,-0.2023455338999999,-0.5749473971699999,3.450903072999998,-6.19907382974,0.593259607,-1.5364602954700006
41,PHE,1.283,0.412672885172081,3.58215,1.36802,0.45798,0,0.0,0,0.0,0.8111,0.783,0.0763,0.037,2.08690209,4.052957780000001,5.78531902,7.1865421000000005,-1.1918568097300002,-2.3252126819,-0.1816613842799999,-0.5174345368500001,2.632106003,-4.555918151399999,0.4130421252000002,-1.05172535565
42,ARG,1.167,0.3480465254995526,2.9763,1.97818,0.2078199999999999,1,0.0555555555555556,0,0.0,0.0,0.7346,0.9398,0.6914,1.94953987,3.79653984,5.44483384,6.810541150000001,-1.1454198481700002,-2.2218593399700004,-0.19257355794,-0.54564057615,3.021110095,-3.793324541999998,0.5075948177999995,-1.0248426159000006
43,GLY,0.279,0.1543141592920354,0.73139,1.04821,0.4807899999999998,1,0.111111111111111,0,0.0,0.4556,0.0,1.0,0.5062,1.39225259,2.70969974,3.88236465,4.8495609900000005,-2.0818593719000003,-4.040248073499999,-0.3466514589899999,-0.9824324632699996,3.613968715000001,-5.766147761600002,0.5680164245999999,-1.4034957459799997
44,GLY,0.424,0.2345132743362831,0.8208,1.00228,0.38172,1,0.1,0,0.0,0.4556,0.0,1.0,0.5062,1.39113762,2.70098268,3.85373031,4.784132229999999,-2.11421155421,-4.110097748306001,-0.3441977008166,-0.9775121674049996,5.101928895999992,-8.695849450424005,0.8443126240999989,-2.202670930749998
45,ARG,1.173,0.3498359677900388,3.54258,1.68959,0.4904100000000002,1,0.0769230769230769,0,0.0,0.0,0.7346,0.9398,0.6914,1.39037113,2.69501055,3.834178010000001,4.73964703,-1.2913719207,-2.4986241238,-0.22675852687,-0.6414234643000002,4.704670700000004,-7.558304581000001,0.8204501557999989,-1.9833779862000007
46,GLY,0.219,0.1211283185840707,0.7956699999999999,1.07337,0.51563,1,0.0588235294117647,0,0.0,0.4556,0.0,1.0,0.5062,1.52945855,2.9649240700000004,4.21901784,5.217068689999999,-0.7752309429000002,-1.5018524555,-0.13385752445,-0.37912414903,6.044803704999995,-5.498750369999998,0.9930119804999998,-1.436669900200001
47,GLY,0.746,0.4126106194690265,0.85469,0.89012,0.17188,0,0.0,0,0.0,0.4556,0.0,1.0,0.5062,1.112785,2.15982046,3.0798511900000003,3.82026049,-1.099460208,-2.138146338,-0.1776126512,-0.5044674742999999,5.891420023999994,-7.828516630999996,0.9374238502,-1.8910731642
48,GLY,0.896,0.495575221238938,0.99508,0.71496,0.19704,0,0.0,0,0.0,0.4556,0.0,1.0,0.5062,0.97350213,1.88843563,2.69037397,3.33284157,-0.8169817041999999,-1.5891083416999996,-0.1312441029,-0.37276992993,7.026719565000002,-7.193067382099995,1.1458774509999987,-1.784723384090001
49,ASP,0.92,0.3431555389779933,2.29854,1.1622500000000002,0.5987499999999999,0,0.0,0,0.0,0.1111,0.3239,0.8675,1.0,0.97327831,1.88667286,2.68453768,3.31936434,-1.0968463793999998,-2.143736193,-0.1626906083199999,-0.4644778397399999,6.2885755080000045,-10.25484651099997,0.9686744355000002,-2.2793951870800013
50,ARG,2.32,0.6919176856546375,4.09412,0.64684,0.3861600000000004,0,0.0,0,0.0,0.0,0.7346,0.9398,0.6914,0.55493656,1.06862682,1.5031960700000002,1.82721762,-0.6003683098999999,-1.158632531,-0.109589367,-0.3093818824999999,3.800200749,-5.096863191999996,0.6845918801000014,-1.4607595850999984
51,GLY,0.683,0.3777654867256637,0.90484,0.79766,0.3273399999999999,0,0.0,0,0.0,0.4556,0.0,1.0,0.5062,0.8342152599999999,1.61701027,2.30073036,2.84494011,-0.5125142548999999,-0.9972218,-0.0816753608999999,-0.2319920260999999,4.906215545999997,-1.6207295899999992,0.8033518103000005,-0.4647301184000004
52,GLY,0.589,0.3257743362831858,1.00325,0.88918,0.3298200000000001,1,0.1,0,0.0,0.4556,0.0,1.0,0.5062,1.39279838,2.7139582800000004,3.89632275,4.881361979999999,-0.7767220335,-1.5137198505999994,-0.12037502479,-0.34241853623,5.549171606999988,-4.035141962399997,0.7817441587999975,-0.8489307820200008
53,PHE,1.478,0.4753940173689289,3.74236,1.23965,0.3913500000000001,2,0.333333333333333,1,0.166666666666667,0.8111,0.783,0.0763,0.037,1.25251079,2.43468885,3.48084238,4.334207279999999,-0.4566527121,-0.8846658875999999,-0.07807775446,-0.22090965253,3.9654188420000014,-4.0226048374,0.6390799367000011,-0.9809544765999978
54,GLY,0.293,0.1620575221238938,0.79294,0.8971799999999999,0.6178200000000003,4,0.266666666666667,2,0.133333333333333,0.4556,0.0,1.0,0.5062,1.24971894,2.41299779,3.4100538,4.17386428,-0.6971573530000001,-1.361493093,-0.1049640342,-0.2994449069999999,3.967790373999994,-7.8553336769999955,0.6272197217999993,-1.7618280225000007
55,PRO,1.127,0.5053811659192825,1.96993,0.91876,0.1842399999999999,2,0.222222222222222,2,0.222222222222222,0.3222,0.3764,0.8594,0.3827,0.97253207,1.88087341,2.66561014,3.2764936600000003,-0.5653851370399999,-1.10138094937,-0.08815853147,-0.25064911448,4.163180578000005,-5.562139948699994,0.6620625179000011,-1.3077364418000004
56,GLY,0.897,0.4961283185840708,1.01931,0.59716,0.31384,1,0.166666666666667,1,0.166666666666667,0.4556,0.0,1.0,0.5062,0.83401827,1.61547031,2.29567267,2.8333855100000003,-0.6718808538000001,-1.3079576870000005,-0.1065322228999999,-0.3028427273,4.671283892000005,-10.751449491999992,0.7620912275000012,-2.566982388800001
57,LYS,1.611,0.6196153846153846,2.5922500000000004,1.11172,-0.1227199999999999,2,0.222222222222222,1,0.111111111111111,0.0667,0.6942,0.6867,0.7901,0.97222768,1.87853014,2.65803789,3.2595723800000003,-0.705711262,-1.373325733,-0.111987962,-0.3180981736,4.200607851999998,-9.942575445999996,0.6799885324999998,-2.3378081934999986
58,MET,1.244,0.4171696847753185,2.3449,1.3515199999999998,0.3864800000000004,4,0.285714285714286,2,0.142857142857143,0.7111,0.6196,0.0,0.0988,1.25073387,2.42090181,3.43591186,4.23262764,-0.832127187,-1.626065481,-0.1225767706999999,-0.3496055502,4.008437662000002,-8.985126876000006,0.6156411854999998,-2.0161389965
59,ASP,0.987,0.3681462140992167,2.50718,1.02702,0.6669799999999999,0,0.0,1,0.166666666666667,0.1111,0.3239,0.8675,1.0,1.2523904899999998,2.43375371,3.47779097,4.32729792,-0.7904421015999998,-1.5360090887,-0.1289104675239999,-0.36579146823,5.296301470999988,-7.8163735109,0.8868823074000015,-2.004051219309998
60,SER,1.053,0.4839154411764705,1.65577,0.88716,0.2358400000000002,0,0.0,1,0.166666666666667,0.4111,0.1877,0.8514,0.5309,1.53168366,2.98224795,4.275679770000001,5.34580056,-1.4975253433400004,-2.9151761008499992,-0.2373735045929999,-0.6747045196799999,5.740916892999987,-6.176461381199995,0.8561684471000015,-1.4538540499500026
61,ARG,1.502,0.4479570533850283,3.85876,1.28171,0.5692900000000003,0,0.0,0,0.0,0.0,0.7346,0.9398,0.6914,1.39132574,2.70243987,3.85847173,4.79482844,-1.4848305766299998,-2.8830346975999994,-0.246519464974,-0.6993169897900001,7.18503337999999,-6.458435125000011,1.1674116219000004,-1.6841813035200004
62,GLY,0.54,0.2986725663716814,0.84678,0.89005,0.37795,0,0.0,0,0.0,0.4556,0.0,1.0,0.5062,1.66928374,3.2405729300000004,4.622588620000001,5.73696281,-1.4485280255,-2.8226163596,-0.2253501571699999,-0.6410969282999999,5.492965990000002,-7.298411637400009,0.9192552442999992,-1.7784143745999987
63,GLU,1.517,0.5560850439882697,2.52005,0.8856399999999999,0.3253600000000004,0,0.0,0,0.0,0.1111,0.4884,0.8112,0.9136,1.80773512,3.5054982700000004,4.9909876,6.17664425,-1.3344250201,-2.602462694,-0.2047266365,-0.5829359749,2.434667467000001,-4.278809614000001,0.3919889136,-1.0013768729999997
64,HIS,0.476,0.1721518987341772,2.35945,1.84802,0.4409800000000001,0,0.0,1,0.0344827586206897,0.1444,0.561,0.1124,0.679,1.66700759,3.222794810000001,4.56425307,5.60386336,-1.0740340392,-2.0871866261000003,-0.17618689873,-0.5002746959000001,3.057750919000001,-5.330456028,0.5361231876999996,-1.3451506680000005
65,ARG,1.889,0.5633760811213838,3.3374400000000004,1.04309,0.4209100000000001,0,0.0,1,0.0833333333333333,0.0,0.7346,0.9398,0.6914,1.53058861,2.97366301,4.24739861,5.280930819999999,-1.3212209336604124,-2.5721180636407444,-0.2100906508829925,-0.5974243481164507,6.047667351000007,-10.688749526281478,0.9714552416999982,-2.601908327032904
66,GLN,1.271,0.442086956521739,2.77596,1.29674,0.3072600000000001,0,0.0,1,0.2,0.1111,0.5388,0.7952,0.6914,1.1133064300000002,2.16392399,3.0934249900000004,3.8515666299999993,-1.25309864986,-2.4323513517400004,-0.2085658981689999,-0.591351322626,8.411119124000011,-10.702047292780009,1.2769345050000018,-2.634991465081997
67,ASP,1.3,0.484893696381947,2.50107,0.74373,0.63727,0,0.0,0,0.0,0.1111,0.3239,0.8675,1.0,0.6946877,1.34369373,1.90484281,2.34267228,-0.920689105,-1.78016442,-0.1630049489999999,-0.460712733,3.760654999999995,-9.692721437999996,0.678505723999999,-2.617804532000004
68,ARG,1.949,0.5812705040262451,3.81033,1.17027,0.2337300000000002,0,0.0,0,0.0,0.0,0.7346,0.9398,0.6914,0.69434377,1.34100907,1.89604018,2.32260906,-0.432140618,-0.8397900269999998,-0.0712482446999999,-0.202405499,2.117186283999999,-4.939289974000001,0.3710856212,-1.2622863120000014
69,ARG,2.541,0.7578288100208768,3.89191,0.7991900000000001,0.0128100000000002,0,0.0,0,0.0,0.0,0.7346,0.9398,0.6914,0.5548009,1.06756689,1.4997179000000005,1.81928098,-0.237674064,-0.459906729,-0.041906608,-0.11861214,1.2141520029999997,-3.590016573999999,0.2216190175,-0.9633479739999996
70,GLU,1.562,0.5725806451612903,2.26188,1.1847600000000005,-0.0187600000000003,0,0.0,0,0.0,0.1111,0.4884,0.8112,0.9136,0.55514992,1.07031327,1.50880111,1.8402256,-0.222560336,-0.43261998,-0.0359357773,-0.101952271,1.2196917280000006,-3.488855924999999,0.1756219248,-0.7445167680000003
71,ARG,1.899,0.5663584849388607,4.01696,0.99768,0.4563200000000001,0,0.0,1,0.5,0.0,0.7346,0.9398,0.6914,0.55634709,1.07955848,1.53878263,1.90755796,-0.239918587,-0.466678205,-0.038208469,-0.108440591,1.3348130919999992,-4.059290789999998,0.2149229724,-0.9498367779999994
72,PRO,1.359,0.6094170403587444,1.89817,0.7378800000000001,0.1331199999999999,0,0.0,0,0.0,0.3222,0.3764,0.8594,0.3827,0.9984103181818184,1.9345297454545451,2.7505306590909093,3.397155506363636,-0.7867821503927648,-1.5297822283709763,-0.1274960624047265,-0.3620702938038591,3.21863191618182,-5.90576338131468,0.527978589472727,-1.4644419167013552
73,TYR,2.841,0.8336267605633804,4.39504,0.70065,-0.1336500000000002,0,0.0,1,1.0,0.3556,0.8063,0.502,0.1605,0.13926263,0.27123275,0.38899973,0.48639682,-0.170314276,-0.331710056,-0.027232397,-0.077566728,0.31428212,-0.8947483949999999,0.050252132,-0.209227012
