1,GLY,0.93,0.5143805309734514,0.87819,0.65553,0.22247,0,0.0,0,0.0,0.4556,0.0,1.0,0.5062,0.27767247,0.53584065,0.75638562,0.92385957,-1.7910573572984003,-3.486498664519,-0.2850965123581999,-0.8106440328242701,8.926008162399992,-9.698152396167805,1.4342612036499998,-2.435970952137282
2,PRO,0.573,0.2569506726457399,1.98026,1.51469,0.1423099999999999,0,0.0,0,0.0,0.3222,0.3764,0.8594,0.3827,1.25229899,2.4329282999999995,3.47470791,4.31912765,-2.2682747841,-4.410578350299999,-0.37016577502,-1.0520815448499998,9.92700194499995,-15.611233209300025,1.6715135852000031,-4.054961428250007
3,GLY,0.419,0.2317477876106194,0.9075,0.92372,0.46528,0,0.0,0,0.0,0.4556,0.0,1.0,0.5062,1.67048633,3.24987094,4.65277556,5.80485422,-2.1776480892,-4.249273369499999,-0.3324849742199999,-0.9476507291800004,7.306653088000016,-6.9024195057999975,1.1539929605,-1.6758961920500015
4,GLY,0.605,0.3346238938053097,0.85351,1.0158299999999998,0.1871700000000002,2,0.166666666666667,0,0.0,0.4556,0.0,1.0,0.5062,1.6700972099999998,3.2468244900000003,4.64275255,5.78190559,-1.8452097084,-3.5886773101000005,-0.2985165098699999,-0.84816731393,4.318440243000007,-3.8773522120000017,0.7053697404000007,-1.0216053956
5,GLY,0.691,0.3821902654867256,0.8597499999999999,0.77054,0.34646,2,0.222222222222222,0,0.0,0.4556,0.0,1.0,0.5062,1.67160502,3.2586536399999995,4.68175413,5.87146602,-1.5689563807,-3.0614360049699987,-0.237276835578,-0.6756551624259998,6.048527409999982,-4.292777007400007,0.9562501455999992,-1.1500726532599994
6,PRO,0.536,0.2403587443946188,1.80608,1.35014,0.34386,0,0.0,0,0.0,0.3222,0.3764,0.8594,0.3827,1.94964165,3.79729982,5.447207489999999,6.8155908400000005,-1.683123219114,-3.2854450631500014,-0.2530499676149999,-0.7209235968767002,6.559958794000003,-7.296373430407997,1.032607539299998,-1.785066437682801
7,GLY,0.257,0.142146017699115,0.8685200000000001,0.94552,0.6054800000000001,3,0.1875,0,0.0,0.4556,0.0,1.0,0.5062,1.67031516,3.24851078,4.64822861,5.79422266,-1.4426370739,-2.8101795664,-0.2270780306,-0.64609064889,10.803424814000008,-6.243699260700002,1.7119119440000032,-1.49969485085
8,GLY,0.627,0.34679203539823,0.85804,0.80692,0.3740800000000001,2,0.153846153846154,0,0.0,0.4556,0.0,1.0,0.5062,1.6716408500000002,3.25892059,4.682582689999999,5.87320971,-1.4275201527,-2.7799186724,-0.22532505631,-0.64080316399,11.748082519000016,-10.920087730900011,1.8246585717,-2.697181371500005
9,SER,1.19,0.5468749999999999,1.72716,0.7072500000000002,0.27875,2,0.25,1,0.125,0.4111,0.1877,0.8514,0.5309,1.2527429099999998,2.4365025099999995,3.4867966,4.34780188,-1.6420058991499995,-3.1980103194,-0.2578081993899999,-0.7330477048000001,11.934327414999998,-14.057892837,1.9389781364999987,-3.5966785032999966
10,HIS,0.699,0.2528028933092224,2.2669,1.6504,0.4156000000000002,7,0.304347826086957,1,0.0434782608695652,0.1444,0.561,0.1124,0.679,1.8078512200000003,3.50631784,4.99338483,6.18123032,-1.8226675345200007,-3.5368972869700035,-0.308294897689,-0.8749278540000001,11.11392477499998,-12.396579677469978,1.7901547378999991,-3.0576311860800045
11,MET,1.655,0.5549966465459423,2.29013,0.88344,0.4435600000000002,2,0.142857142857143,2,0.142857142857143,0.7111,0.6196,0.0,0.0988,1.3906967500000005,2.69754156,3.8424481,4.75841808,-2.0325307312000005,-3.944570702000001,-0.3409648772899999,-0.9670926093000002,9.499740620999978,-15.383109090700016,1.5571746753999955,-3.820921502800007
12,GLY,0.826,0.456858407079646,0.91545,0.74707,0.23493,1,0.1,2,0.2,0.4556,0.0,1.0,0.5062,1.39187897,2.70677058,3.87271374,4.827420470000001,-1.5259997636,-2.9663191988999995,-0.2483314918699999,-0.7050409722700003,11.110184434000011,-15.9345550304,1.808159433500008,-3.899379421200002
13,GLY,0.034,0.0188053097345132,0.61702,0.9919,0.7821,4,0.129032258064516,1,0.032258064516129,0.4556,0.0,1.0,0.5062,2.22626399,4.32494877,6.17674729,7.678298089999999,-1.7012638769999993,-3.306217462500001,-0.2788081463599999,-0.7916777612399999,10.953764619999976,-14.804884100500006,1.7841467043000012,-3.785993050379996
14,ASN,0.287,0.1173824130879345,1.67665,1.61522,0.5427799999999998,8,0.242424242424242,1,0.0303030303030303,0.1111,0.3976,0.6747,0.8272,2.5057599200000005,4.87498746,6.979574019999999,8.707672660000002,-1.5877384125199998,-3.0782333729,-0.27028083125,-0.7657923386600001,8.479822362000016,-9.802814571800006,1.3802635953000044,-2.5810838451
15,TYR,0.728,0.2136150234741784,3.57973,1.7772599999999998,0.90274,14,0.466666666666667,1,0.0333333333333333,0.3556,0.8063,0.502,0.1605,3.0651998600000003,5.978623750000001,8.59709705,10.794082809999995,-2.2203118716,-4.3368116904,-0.3302724794500001,-0.94161349289,4.328626788000001,-6.0094545886000095,0.6181214622999994,-1.273764740580001
16,GLY,0.131,0.0724557522123893,0.71997,1.06724,0.6097600000000001,5,0.178571428571429,0,0.0,0.4556,0.0,1.0,0.5062,1.94756818,3.78117164,5.39450756,6.69601268,-2.3372931205200005,-4.523893579859999,-0.4082857932750001,-1.1552409347599994,6.626290040000009,-6.264188933440005,1.1453525610999986,-1.79020485772
17,ASP,0.581,0.216710182767624,2.02525,1.3205899999999997,0.7794100000000004,1,0.0555555555555556,0,0.0,0.1111,0.3239,0.8675,1.0,1.66952034,3.2423941000000003,4.628471360000001,5.75009853,-2.3959727607,-4.6562209219,-0.39215950219,-1.1133120259999998,6.045490497,-5.9110026083000005,0.9874187110999996,-1.5080888245500017
18,ASP,0.521,0.1943304737038418,1.73791,1.4720000000000002,0.688,0,0.0,0,0.0,0.1111,0.3239,0.8675,1.0,1.53062673,2.9740015200000003,4.24865109,5.284224119999999,-2.1356118245600006,-4.149099539000002,-0.350110887774,-0.99341784466,6.085708253999981,-6.878844671900001,0.9866232513000002,-1.8331724953199984
19,ARG,1.43,0.4264837458991947,2.77293,1.7371199999999998,0.1858800000000005,0,0.0,3,0.230769230769231,0.0,0.7346,0.9398,0.6914,1.5307804400000002,2.9751643799999994,4.25233649,5.292233309999999,-1.531833373,-2.9850504941,-0.239188328354,-0.6807309154800002,9.038259219999963,-11.016341870699998,1.3963392314999976,-2.7150230465399967
20,ARG,2.182,0.6507605129734565,3.7852,1.10074,0.0702600000000002,0,0.0,0,0.0,0.0,0.7346,0.9398,0.6914,0.97331716,1.88697465,2.6855214,3.32158802,-1.312638176,-2.55542856,-0.2084741974999999,-0.5927549334,7.100123532000001,-14.573944899000002,1.2031248053999974,-3.6079851534999903
21,GLY,0.902,0.4988938053097345,0.94326,0.79727,0.10873,0,0.0,1,0.2,0.4556,0.0,1.0,0.5062,0.83378765,1.6136668799999998,2.28974791,2.81984547,-1.067048706,-2.082429506,-0.1621825736,-0.4622417785000001,7.499563663000004,-17.300100080999997,1.2129667553999977,-4.159061437500001
22,GLY,0.901,0.4983407079646018,0.88924,0.69582,0.21118,0,0.0,2,0.333333333333333,0.4556,0.0,1.0,0.5062,0.69433154,1.34089485,1.8955981,2.32139204,-0.7810080302,-1.5140494954,-0.13352758124,-0.3783962376999999,8.318753375999986,-16.30470523120001,1.395889705599998,-3.976161138099994
23,ARG,1.746,0.5207277065314643,3.62988,1.2243399999999998,0.3826600000000004,1,0.111111111111111,3,0.333333333333333,0.0,0.7346,0.9398,0.6914,1.1125866599999998,2.15826893,3.0747513800000004,3.80859787,-0.5158964896800001,-0.9943739156000004,-0.096044128593,-0.2709484744100001,11.15012662199998,-12.293719823059996,1.8177038571,-3.147545892929992
24,GLY,0.166,0.0918141592920354,0.6701900000000001,1.10271,0.53929,4,0.222222222222222,6,0.333333333333333,0.4556,0.0,1.0,0.5062,1.8098509,3.52190143,5.0443985,6.29725276,-0.7192725377000002,-1.4055179285999997,-0.1072107797899999,-0.3060679757999999,12.54235136900005,-15.05223646480002,1.9000125328,-3.3581611291199955
25,GLY,0.67,0.370575221238938,0.90033,0.78692,0.3510799999999999,6,0.4,5,0.333333333333333,0.4556,0.0,1.0,0.5062,1.25114451,2.42399781,3.44569396,4.25380395,-1.2344302149999995,-2.3927535950000003,-0.2117878972,-0.6002414155,12.44646830300004,-22.835322303,2.0295862343000075,-5.597406289200014
26,TYR,1.868,0.5481220657276996,4.02651,1.27101,0.2689899999999998,3,0.3,3,0.3,0.3556,0.8063,0.502,0.1605,1.1128306,2.16018522,3.08107786,3.823150810000001,-1.3743900015,-2.684957302,-0.2051554869399999,-0.5853460126000001,11.174889381999984,-27.350647640999984,1.6035986830000046,-5.794932179499999
27,ASP,1.289,0.4807907497202536,2.32763,1.0800199999999998,0.3119800000000003,1,0.142857142857143,2,0.285714285714286,0.1111,0.3239,0.8675,1.0,0.97384723,1.89114073,2.6992843,3.353277,-1.1720356207,-2.2913461136,-0.17137192173,-0.48904527435,9.12046506599996,-21.212210868799943,1.375867936100003,-4.592753133249993
28,ARG,2.069,0.6170593498359678,3.67072,1.35597,-0.0719699999999996,1,0.111111111111111,3,0.333333333333333,0.0,0.7346,0.9398,0.6914,1.11291499,2.1608384,3.0831997600000003,3.82792714,-1.1055886433999995,-2.151006020000001,-0.1766443185,-0.501738137,10.443012220000028,-16.608080851000015,1.6893428965999997,-4.165930634199999
29,GLY,0.521,0.2881637168141593,0.8128,0.8814299999999999,0.40557,2,0.142857142857143,4,0.285714285714286,0.4556,0.0,1.0,0.5062,1.81075605,3.5289835600000004,5.067679180000001,6.35050129,-1.4002822491,-2.7398823131,-0.20140874481,-0.5752608755600003,9.553323824000032,-11.367298361800025,1.4397389242999938,-2.5780289284999967
30,GLY,0.58,0.3207964601769911,0.91327,0.78437,0.4436300000000002,2,0.2,2,0.2,0.4556,0.0,1.0,0.5062,1.67110053,3.2546767500000007,4.6685744300000005,5.84099326,-1.2878107941939998,-2.510169859661,-0.1998155390171999,-0.5686970339833001,10.091477068000016,-12.67442044243597,1.626855672800001,-3.040954286806006
31,TYR,0.459,0.1346830985915493,2.90123,2.2999,0.6490999999999998,4,0.333333333333333,3,0.25,0.3556,0.8063,0.502,0.1605,1.67158006,3.25832437,4.680215459999999,5.866560590000001,-1.4689561762099996,-2.86384070837,-0.229037637892,-0.6525343046299998,13.28946491100004,-12.73515988050001,2.0040144424999906,-2.9558057685799985
32,ARG,2.304,0.6871458395466745,3.93788,0.8768999999999999,0.1721000000000004,0,0.0,0,0.0,0.0,0.7346,0.9398,0.6914,0.27718577,0.53211152,0.74439007,0.8972157199999999,-1.3314196906507367,-2.593083379775316,-0.2097547568637999,-0.5966039297085948,9.56911312078948,-14.62359144550505,1.504918029942105,-3.450235831481367
33,GLY,0.22,0.1216814159292035,0.58173,1.17376,0.4142400000000001,0,0.0,0,0.0,0.4556,0.0,1.0,0.5062,0.27683112,0.52936747,0.73547465,0.87714455,-1.3565710111572369,-2.6423831478373163,-0.2131477413692999,-0.6062909151283948,9.709415325889484,-14.44202655011755,1.518978391172105,-3.400220704767667
34,ARG,0.786,0.2344169400536832,3.09213,2.10761,0.4593899999999999,0,0.0,0,0.0,0.0,0.7346,0.9398,0.6914,1.9484107700000004,3.78757368,5.41491494,6.74076439,-2.5972730496999987,-5.059721358600001,-0.40885049977,-1.16356196652,4.948146467000004,-7.663085496299996,0.7990255760000003,-1.856602211600001
35,GLY,0.154,0.0851769911504424,0.8444400000000001,1.10549,0.54851,2,0.0769230769230769,0,0.0,0.4556,0.0,1.0,0.5062,1.94707055,3.77735501,5.382220640000001,6.66869774,-2.6149666299,-5.081755484999999,-0.42692245314,-1.2116708241899996,4.198426569999994,-3.8602551599,0.700045418099999,-1.0115194036099997
36,GLY,0.483,0.267146017699115,0.77742,0.93335,0.3916500000000001,1,0.0588235294117647,0,0.0,0.4556,0.0,1.0,0.5062,1.94951712,3.79631112,5.443906970000001,6.80788617,-2.3133963961800004,-4.512560808100002,-0.3541753289,-1.0087725474200002,6.755730403999999,-6.217773246999998,1.0754708017999992,-1.5188849716999993
37,ASP,0.504,0.1879895561357702,2.11059,1.52858,0.64842,0,0.0,0,0.0,0.1111,0.3239,0.8675,1.0,1.81017175,3.52441277,5.052656020000001,6.31614694,-1.5447810934,-3.0129197112,-0.23742681407,-0.6762626257999999,8.996007351000001,-8.484426631199998,1.420454744199999,-2.1118691374
38,ARG,2.085,0.6218311959439308,3.55772,1.27672,-0.0087199999999998,0,0.0,0,0.0,0.0,0.7346,0.9398,0.6914,1.1127386,2.15946165,3.07868711,3.8176452,-1.1903945583,-2.316035910499999,-0.19049410429,-0.5411796772,12.09408600600002,-19.723851237499986,1.946726280500004,-4.860688642099991
39,GLY,0.757,0.4186946902654867,0.94039,0.74626,0.3047400000000001,0,0.0,0,0.0,0.4556,0.0,1.0,0.5062,0.69431802,1.3408064599999998,1.89536935,2.32105964,-0.7596884982999998,-1.4731083486999998,-0.1288803484,-0.3651913790999999,8.705566560000031,-16.840689698600002,1.5023699006999969,-4.311507924549999
40,GLY,0.752,0.415929203539823,0.90747,0.7863700000000001,0.2696299999999999,0,0.0,1,0.333333333333333,0.4556,0.0,1.0,0.5062,0.83396037,1.6150140699999995,2.29416202,2.8298967100000003,-0.9893209150000002,-1.931039217,-0.14935914323,-0.4256023216,8.643483715999972,-17.802824283000014,1.3481926749999995,-4.127579968699996
41,PHE,1.675,0.5387584432293342,3.10966,1.18241,0.25159,0,0.0,2,0.25,0.8111,0.783,0.0763,0.037,1.11206995,2.1542379899999995,3.06154267,3.77851758,-1.351973897,-2.633808184,-0.21250604384,-0.6047210285000001,8.531236460000002,-16.89796960999999,1.2934628287999987,-3.8161832056
42,ARG,2.44,0.7277065314643603,3.72367,0.7906,0.1224000000000002,0,0.0,2,0.285714285714286,0.0,0.7346,0.9398,0.6914,1.25316525,2.43982963,3.49781474,4.37325276,-0.8755083269,-1.6997379413,-0.1447216090599999,-0.4102365526,10.810133620000002,-11.923560233499986,1.6250834587000005,-2.7319659526999995
43,GLY,0.207,0.1144911504424778,0.76208,1.11178,0.48922,3,0.25,4,0.333333333333333,0.4556,0.0,1.0,0.5062,1.6713835199999998,3.25690814,4.67596995,5.85809374,-1.28403444033,-2.5000448566400006,-0.2013872713499999,-0.5721359460960002,11.124797477999998,-12.673407323450022,1.6770969301999996,-2.9758586038260044
44,GLY,0.233,0.1288716814159292,0.8252700000000001,1.0883,0.4866999999999999,4,0.181818181818182,2,0.0909090909090909,0.4556,0.0,1.0,0.5062,2.22894957,4.345865560000002,6.245178280000001,7.833809139999999,-1.8858724777000009,-3.6845212591000007,-0.2814181123799999,-0.8031079117799999,9.122989818000022,-12.34356660090003,1.3634453952999994,-2.648600101279997
45,ARG,1.949,0.5812705040262451,2.9799900000000004,1.2824100000000005,0.1215899999999996,2,0.166666666666667,1,0.0833333333333333,0.0,0.7346,0.9398,0.6914,2.0901194800000003,4.078046410000001,5.86750525,7.373645279999998,-2.2098309001099987,-4.3168288083,-0.3282714120200001,-0.9360891865700004,7.674386414999986,-14.358132656999992,1.085587857199996,-2.98323699313
46,GLY,0.714,0.3949115044247787,1.00648,0.74652,0.3474800000000001,1,0.142857142857143,2,0.285714285714286,0.4556,0.0,1.0,0.5062,0.83448145,1.6190913299999998,2.30756619,2.86055792,-1.0679976260500004,-2.07075105896,-0.180089004955,-0.50986717689,7.420435145999999,-9.22354549052,1.1940054489000005,-2.3911401839800006
47,GLY,0.995,0.5503318584070797,0.74698,0.66753,0.1454700000000001,0,0.0,1,0.2,0.4556,0.0,1.0,0.5062,0.6960689499999999,1.3543852399999998,1.93959859,2.42098532,-1.1758010960000005,-2.2972478669999994,-0.1751087115499999,-0.4996453328,6.878528739999978,-14.023378066999996,1.0506297059000007,-3.259773898200008
48,GLY,0.704,0.3893805309734512,0.7773699999999999,0.74999,0.35401,0,0.0,0,0.0,0.4556,0.0,1.0,0.5062,1.350141597,2.625704377000001,3.756942992500001,4.683416372999999,-1.3730572601313,-2.673593076106,-0.2166949867127749,-0.61610235642215,10.149962369100008,-14.990242335682002,1.58614684394,-3.5487388072903
49,ASP,1.142,0.4259604625139873,2.46349,0.95963,0.5793700000000002,0,0.0,1,0.2,0.1111,0.3239,0.8675,1.0,1.25396438,2.44596938,3.51761579,4.417383610000001,-1.3519221895000006,-2.6445867883000003,-0.19567840703,-0.5588278223800001,9.515966297000013,-16.384021133799976,1.4175534745999985,-3.577881203089996
50,ARG,2.541,0.7578288100208768,3.84493,0.66169,0.1503100000000002,0,0.0,1,0.333333333333333,0.0,0.7346,0.9398,0.6914,0.55500217,1.06915291,1.50497057,1.83141422,-0.8531905743999999,-1.641649179,-0.1613032985,-0.4540791951,6.688153014000011,-10.513593937000005,1.283283971999999,-3.014851094300002
51,GLY,0.42,0.2323008849557521,0.84299,0.95896,0.4290400000000001,3,0.25,4,0.333333333333333,0.4556,0.0,1.0,0.5062,1.6706770000000002,3.25139568,4.65789891,5.816912349999999,-1.6278472999999996,-3.1828143731,-0.2389227241899999,-0.6822417121000001,10.581128174000003,-14.15790854849998,1.5506254576,-3.0622850663999963
52,GLY,0.954,0.5276548672566371,0.95779,0.69542,0.15858,1,0.166666666666667,1,0.166666666666667,0.4556,0.0,1.0,0.5062,1.11312459,2.16249665,3.0887166500000003,3.84074768,-1.3490687138400006,-2.6272490767,-0.2102048734,-0.5971424113099998,8.841149525999993,-14.155502397100006,1.357500917999998,-3.226466438550005
53,PHE,0.833,0.2679318108716629,3.20157,1.84509,0.4309099999999999,1,0.0769230769230769,1,0.0769230769230769,0.8111,0.783,0.0763,0.037,1.6697124799999998,3.24385432,4.63312884,5.760322840000001,-1.790388512786,-3.4845652353600003,-0.2869548330015001,-0.8161239222149997,9.628741849000008,-14.564855799970022,1.486129812900003,-3.380477238199993
54,GLY,0.668,0.3694690265486726,0.82883,0.8529,0.2871000000000001,1,0.1,1,0.1,0.4556,0.0,1.0,0.5062,1.2522958000000002,2.43300077,3.47527312,4.32140642,-1.6361667459,-3.1686494829,-0.2820533935559999,-0.7980602826099998,11.459963502000004,-13.02130222640002,1.892581731799994,-3.380710858100004
55,PRO,1.058,0.4744394618834081,1.63408,1.02568,0.14632,5,0.25,0,0.0,0.3222,0.3764,0.8594,0.3827,2.22862231,4.34331783,6.2368487,7.81489868,-1.7648051427,-3.4455875531,-0.26595160243,-0.75821619116,10.028119840000024,-12.718942354600005,1.4917804410000026,-2.7425814686500005
56,GLY,0.221,0.1222345132743362,0.7782399999999999,1.11082,0.47618,2,0.0740740740740741,0,0.0,0.4556,0.0,1.0,0.5062,2.2269854599999994,4.330522280000001,6.194820450000001,7.718872309999999,-1.5349582977,-2.9919124015,-0.239649087397,-0.68249391398,14.105554668999975,-15.477504026200013,2.2056383849999994,-3.597856868469994
57,LYS,2.128,0.8184615384615385,3.12777,0.9976,-0.5256000000000001,2,0.181818181818182,0,0.0,0.0667,0.6942,0.6867,0.7901,1.3922071500000002,2.7093329,3.881120300000001,4.84659774,-1.4285804565599998,-2.776073942,-0.2329887174829999,-0.6611018609,15.719054138000049,-21.6543116906,2.4179614132000053,-5.287128073779997
58,MET,1.643,0.550972501676727,2.72304,0.85091,0.4880900000000001,2,0.25,0,0.0,0.7111,0.6196,0.0,0.0988,1.11298544,2.16139834,3.08507237,3.83230832,-1.33379453355,-2.58565003866,-0.2279570361929999,-0.6459833035520002,15.425772414000086,-21.345979397999937,2.5332807915000006,-5.598002362200019
59,ASP,1.184,0.4416262588586348,2.47251,0.90485,0.5921500000000001,0,0.0,0,0.0,0.1111,0.3239,0.8675,1.0,1.5312396,2.97874354,4.264053840000001,5.318882999999999,-1.4058869623,-2.747375764279999,-0.208814040672,-0.596024297195,11.868717162000006,-13.428278913039964,1.836713108,-3.0909089466599955
60,SER,0.514,0.2362132352941176,1.58263,1.13898,0.52302,0,0.0,0,0.0,0.4111,0.1877,0.8514,0.5309,1.67035943,3.2489008100000003,4.649665270000001,5.79798381,-1.5830044032000008,-3.0930717136000005,-0.2351880973799999,-0.67111666252,10.820067195999986,-15.10852845199998,1.5566776232999997,-3.140016876499994
61,ARG,1.652,0.4926931106471816,3.53772,1.28013,0.4208700000000003,0,0.0,0,0.0,0.0,0.7346,0.9398,0.6914,1.11334294,2.1642081,3.09435331,3.85367234,-1.2931315088000004,-2.5053988922,-0.2207729085599999,-0.62471502045,9.889060795999976,-17.16950156750002,1.6408434853999991,-4.360737380300004
62,GLY,0.38,0.2101769911504424,0.84648,0.98096,0.4470399999999999,0,0.0,1,0.125,0.4556,0.0,1.0,0.5062,1.2520369800000002,2.43100039,3.4687838399999995,4.30683226,-1.17076780514,-2.2715542331000003,-0.197003702362,-0.5585827560500001,8.624685586999966,-15.224703263999997,1.5015532948,-3.9496166572
63,GLU,1.203,0.4409824046920821,2.80125,1.12911,0.3958900000000001,0,0.0,1,0.0588235294117647,0.1111,0.4884,0.8112,0.9136,1.67080274,3.2523595000000003,4.6610022,5.823813219999999,-1.9113874614,-3.7360805543,-0.28061019534,-0.8006757372000001,9.089623399000002,-17.44284165420002,1.2981298598999955,-3.638439461799997
64,HIS,1.037,0.3750452079566003,2.6982,1.47575,0.2522500000000003,0,0.0,1,0.0909090909090909,0.1444,0.561,0.1124,0.679,1.2523900600000002,2.43376544,3.47788239,4.32766955,-1.5170612446600005,-2.9536107801,-0.23978953718,-0.6816322554600001,7.337886497999997,-9.21668666679999,1.2140885231999998,-2.3521110552800013
65,ARG,2.208,0.6585147628988965,3.74647,0.95669,0.1883099999999999,0,0.0,0,0.0,0.0,0.7346,0.9398,0.6914,0.8340367,1.61560735,2.2960982100000003,2.8342812800000003,-0.9423225644999998,-1.828662052,-0.1576038662999999,-0.4467795037,6.866506799999989,-11.985506041000017,1.1503263726000004,-3.001250050899998
66,GLN,1.331,0.4629565217391304,2.73232,1.21531,0.3286900000000001,0,0.0,2,0.285714285714286,0.1111,0.5388,0.7952,0.6914,1.11255569,2.15805062,3.07411966,3.8074183,-0.4119804888,-0.8024549993,-0.0656184179,-0.18687595627,6.914398264999992,-8.31717542270001,1.1000946369999984,-1.9466612804400003
67,ASP,1.326,0.494591570309586,2.5961700000000003,0.81465,0.54035,0,0.0,1,0.2,0.1111,0.3239,0.8675,1.0,0.8339426900000001,1.61487088,2.29367332,2.82872369,-0.3383167579999999,-0.6539671304,-0.05960689177,-0.1682892205,4.318134738999998,-7.493807253199987,0.7004138647999993,-1.9175248275000016
68,ARG,1.644,0.4903071875932001,3.74473,1.3674499999999998,0.3415500000000004,0,0.0,2,0.333333333333333,0.0,0.7346,0.9398,0.6914,0.8337133,1.61310173,2.2879482,2.81590792,-0.211814511,-0.410044539,-0.0371320103,-0.10515048,4.361190750999992,-5.628563791999993,0.6771651085999992,-1.444715803199998
69,ARG,2.633,0.7852669251416642,3.82152,1.00232,-0.2823199999999999,0,0.0,1,0.333333333333333,0.0,0.7346,0.9398,0.6914,0.55611798,1.07777952,1.53298218,1.89443722,-0.456989215,-0.8904631009999999,-0.0707707757,-0.201234198,2.868665853,-7.821112047999993,0.4396458624999997,-1.722810572
70,GLU,1.614,0.591642228739003,3.1679700000000004,0.74008,0.3739200000000001,0,0.0,0,0.0,0.1111,0.4884,0.8112,0.9136,0.13897605,0.26900125,0.3817012,0.4698174,-0.8736892752858335,-1.7011897542116667,-0.13782587626325,-0.3918305278883332,6.708422457999991,-10.552046142020831,1.046866043191666,-2.4735861229975
71,ARG,1.911,0.569937369519833,4.08307,0.94314,0.4988600000000002,1,0.333333333333333,2,0.666666666666667,0.0,0.7346,0.9398,0.6914,0.6961185,1.35469364,1.94035077,2.42192082,-0.27841605423,-0.54492445874,-0.039805400627,-0.1137338407199999,3.4609918859999995,-4.968862962250004,0.5112646004,-1.0474624347600008
72,PRO,1.234,0.5533632286995516,1.87089,0.98207,0.0139299999999999,0,0.0,0,0.0,0.3222,0.3764,0.8594,0.3827,0.13897605,0.26900125,0.3817012,0.4698174,-0.7710749697014395,-1.501545108995606,-0.1214341259529318,-0.3452695617798484,6.045487632909086,-9.536233620615532,0.9465215866174236,-2.241442303833409
73,TYR,2.066,0.6062206572769953,4.43109,1.12512,0.2168800000000001,1,0.5,2,1.0,0.3556,0.8063,0.502,0.1605,0.55811362,1.09329013,1.5836235,2.00921869,-0.3690792887,-0.7240445967999999,-0.05000871174,-0.14318070379,5.94985772600001,-6.247264580599998,0.7721892857999993,-1.1616870760900009
