1,GLY,1.395,0.771570796460177,0.79672,0.44426,-0.0312599999999999,0,0.0,0,0.0,0.4556,0.0,1.0,0.5062,0.4168949899999999,0.8068422599999999,1.14490182,1.40998272,-0.3729826979999999,-0.7275517239999999,-0.0574961099999999,-0.1638760298,0.235878711,-0.373059826,0.0359026683,-0.0859320382
2,PRO,1.765,0.7914798206278026,1.83239,0.6969700000000001,-0.23197,0,0.0,0,0.0,0.3222,0.3764,0.8594,0.3827,0.4156739299999999,0.79739407,1.11419634,1.3408208,-0.3283773704,-0.631622602,-0.06264467424,-0.1763822400599999,0.234845382,-0.202129165,0.0439066718999999,-0.0576415281999999
3,GLY,0.729,0.4032079646017699,1.00548,0.8110200000000001,0.2679800000000001,0,0.0,0,0.0,0.4556,0.0,1.0,0.5062,0.97356852,1.88895576,2.69208614,3.33676482,-0.2398731326699999,-0.46845132804,-0.0356936818899999,-0.10171726293,0.5121257279999999,-0.5161907995,0.067861746,-0.0967503104
4,GLY,0.688,0.3805309734513274,0.79899,0.86013,0.2598700000000001,1,0.125,0,0.0,0.4556,0.0,1.0,0.5062,0.97362952,1.88942346,2.69358902,3.34009506,-0.2269653934,-0.4422331209999999,-0.0354757083,-0.1009409994,0.471092102,-0.392224827,0.0764343526,-0.0913995476999999
5,GLY,0.941,0.5204646017699115,0.9591,0.6738999999999999,0.1931000000000001,1,0.125,0,0.0,0.4556,0.0,1.0,0.5062,0.8339483799999999,1.61491303,2.29380422,2.82899934,-0.3760953458,-0.7237198428999999,-0.0713820146199999,-0.2010616853,0.4713663880000001,-0.1382319,0.0745327155,-0.0409016776
6,PRO,0.669,0.3,1.65988,1.23716,0.3238399999999999,1,0.0833333333333333,3,0.25,0.3222,0.3764,0.8594,0.3827,1.11190716,2.15296475,3.0573592800000005,3.76895495,-0.2910501905,-0.5682693146000001,-0.04405900624,-0.125681176,0.5897343679999999,-0.181699277,0.0894639683,-0.0454380389999999
7,GLY,0.874,0.4834070796460177,0.94466,0.7040200000000001,0.2299799999999999,0,0.0,1,0.166666666666667,0.4556,0.0,1.0,0.5062,0.8336421900000001,1.6125100599999995,2.28587948,2.81079506,-0.415557994,-0.80838292,-0.0670118596,-0.1904348282,0.5882447799999999,-0.97929115,0.1013269195,-0.23588443
8,GLY,0.698,0.3860619469026548,0.91351,0.7713400000000001,0.3386599999999999,0,0.0,2,0.333333333333333,0.4556,0.0,1.0,0.5062,0.83389884,1.61454329,2.29265229,2.82656052,-0.4302718563,-0.836492618,-0.06967180282,-0.1977864321,0.6676589960000001,-1.679681140000001,0.1053220432,-0.390080641
9,SER,1.121,0.5151654411764706,1.47315,0.81029,0.2447100000000002,0,0.0,4,0.5,0.4111,0.1877,0.8514,0.5309,0.83357365,1.61198552,2.28419695,2.80707627,-0.3840060465,-0.7409656568000001,-0.07037688224,-0.1987030293,0.7455065770000003,-1.2007880104000006,0.1240113206,-0.2963084839000001
10,HIS,1.083,0.3916817359855334,2.90361,1.37617,0.3058300000000002,1,0.0833333333333333,4,0.333333333333333,0.1444,0.561,0.1124,0.679,1.3914028200000002,2.7030270900000004,3.8603453,4.798938519999999,-0.2101718004,-0.4095777309999999,-0.0325662928,-0.0926256941,0.7851522200000002,-1.199367995,0.1270922924999999,-0.2883878859999999
11,MET,1.43,0.4795439302481555,2.5120400000000003,1.08988,0.4621200000000003,1,0.166666666666667,1,0.166666666666667,0.7111,0.6196,0.0,0.0988,0.97315991,1.88576666,2.6816297400000004,3.31293144,-0.38021245865,-0.7341000087699999,-0.068795118885,-0.19424375415,1.1006073259999998,-2.399245212000001,0.1691559647,-0.5492577786
12,GLY,1.015,0.5613938053097345,0.99307,0.63626,0.1567400000000001,2,0.4,0,0.0,0.4556,0.0,1.0,0.5062,0.8341338,1.6163777,2.2986692900000003,2.8402821899999995,-0.5222664355000001,-1.011919798,-0.0898041574,-0.2543302823,0.8618315479999998,-2.6633563300000005,0.15640341,-0.700852846
13,GLY,0.374,0.206858407079646,0.69869,0.9378,0.4962000000000002,2,0.5,0,0.0,0.4556,0.0,1.0,0.5062,0.69417471,1.33969084,1.89172121,2.31277413,-0.6805454489999999,-1.3203778185,-0.1143954765999999,-0.3243022192,1.174827344,-3.383814166000001,0.2160356229999999,-0.9003778739999999
14,ASN,1.465,0.5991820040899796,2.51054,0.76905,0.2109499999999997,2,0.5,0,0.0,0.1111,0.3976,0.6747,0.8272,0.69429219,1.3405895099999998,1.89460327,2.31914436,-0.5466210469999999,-1.0595633053000002,-0.0935736801299999,-0.2651436978,1.175219712,-3.125005516599998,0.2121329625999998,-0.8348798745999996
15,TYR,1.472,0.431924882629108,3.81254,1.37411,0.56189,1,0.2,2,0.4,0.3556,0.8063,0.502,0.1605,0.6941612199999999,1.33956471,1.89123417,2.31143709,-0.7884092990000001,-1.5256623859999998,-0.1388626071,-0.3930326957999999,2.5081958719999973,-5.961294949000003,0.4458134296,-1.585248757999999
16,GLY,0.665,0.3678097345132743,0.81682,0.8199999999999998,0.3230000000000002,0,0.0,2,0.333333333333333,0.4556,0.0,1.0,0.5062,0.97373762,1.89028827,2.69649969,3.34696243,-0.6878371672000001,-1.3338952077,-0.1155530092299999,-0.3271787538299999,2.983411482000002,-4.848901896000002,0.4817684993000005,-1.2084576361999997
17,ASP,0.663,0.247295785154793,2.07767,1.24576,0.7722399999999998,0,0.0,2,0.166666666666667,0.1111,0.3239,0.8675,1.0,1.39125771,2.70189679,3.8566478600000007,4.79053772,-0.667159781444,-1.30041362311,-0.1041698578099999,-0.2966537670169999,4.601571019999996,-6.568755916249997,0.6808013035000001,-1.4890112878900004
18,ASP,1.192,0.4446102200671391,2.31742,0.95369,0.5353100000000001,0,0.0,2,0.333333333333333,0.1111,0.3239,0.8675,1.0,0.83333478,1.61012418,2.27810325,2.79321437,-0.3930530643,-0.7583611429999998,-0.07209880947,-0.2035473002,3.921551980000001,-3.5695066690000017,0.6746403515000002,-0.9808174374000016
19,ARG,2.601,0.7757232329257381,4.03126,0.71761,0.0343900000000002,0,0.0,0,0.0,0.0,0.7346,0.9398,0.6914,0.69439156,1.34137828,1.89723656,2.32529184,-0.47366874,-0.9101877214,-0.09163561697,-0.2578589063499999,3.764751483000005,-4.370851200199999,0.6480978744000011,-1.2447004712000007
20,ARG,1.0,0.2982403817476886,3.0686,1.96395,0.3890500000000001,0,0.0,0,0.0,0.0,0.7346,0.9398,0.6914,1.25153851,2.42709259,3.45591049,4.27730282,-0.7452133618269999,-1.456113309062,-0.1112739239971,-0.3176629233349999,4.439997140999997,-6.503577126264008,0.6957908587000001,-1.413637839858401
21,GLY,0.613,0.3390486725663716,0.86008,0.85138,0.34362,1,0.111111111111111,1,0.111111111111111,0.4556,0.0,1.0,0.5062,1.25232812,2.43326814,3.47620204,4.32368522,-0.8589181405999999,-1.6702583565999998,-0.13887661123,-0.39443014335,4.712807072999999,-6.933610230799994,0.7527375341000005,-1.6645432496499992
22,GLY,0.726,0.4015486725663716,0.95067,0.7449600000000001,0.33704,1,0.0833333333333333,1,0.0833333333333333,0.4556,0.0,1.0,0.5062,1.11265051,2.15875829,3.0763241800000003,3.8120844,-0.7521085360200002,-1.4581972358000002,-0.127972980891,-0.3625887357959999,3.6898763050000007,-3.439709541379999,0.6055722421000006,-0.813207190938
23,ARG,1.993,0.5943930808231435,3.99178,0.86392,0.4960800000000001,3,0.230769230769231,1,0.0769230769230769,0.0,0.7346,0.9398,0.6914,1.53116596,2.9781947199999994,4.2623467,5.31527761,-0.9456732589000004,-1.848005506,-0.14012582758,-0.3998787116,2.830488071999999,-4.132088901000002,0.4280035543999996,-0.898786585
24,GLY,0.311,0.1720132743362832,0.75173,0.9703199999999998,0.5266800000000003,2,0.166666666666667,0,0.0,0.4556,0.0,1.0,0.5062,1.3913082499999998,2.70227249,3.85781288,4.79298665,-0.6985879794999998,-1.3629620539999998,-0.10728961795,-0.3058374018000001,3.9666465030000007,-3.6529532769999977,0.6364187072000003,-0.8405787798000003
25,GLY,0.814,0.450221238938053,0.94871,0.7104300000000001,0.28357,2,0.4,0,0.0,0.4556,0.0,1.0,0.5062,0.83412644,1.6163123499999998,2.29842583,2.83963666,-0.8490677227000001,-1.6411963314999996,-0.1503515737,-0.4246782316,3.258682930000002,-4.817716690000003,0.5260858567000006,-1.1771028803999997
26,TYR,0.884,0.2593896713615023,3.29788,1.9024500000000004,0.6215499999999996,4,0.444444444444444,0,0.0,0.3556,0.8063,0.502,0.1605,1.25199118,2.43062205,3.46746986,4.30360965,-1.0945420847140002,-2.1332327336060004,-0.1711708284831,-0.4874134794110001,1.9651308839999988,-2.7864773149609987,0.3030906451999999,-0.6622567754840002
27,ASP,1.149,0.4285714285714285,2.38283,0.83847,0.69353,0,0.0,1,0.25,0.1111,0.3239,0.8675,1.0,0.97375983,1.89045355,2.69701392,3.34804823,-0.8775030399,-1.7032429165000005,-0.14507501214,-0.4110239478,3.375808858,-3.791601937,0.5488887233999992,-0.9611558574
28,ARG,1.778,0.5302713987473904,3.65469,1.28744,0.2875600000000002,0,0.0,1,0.142857142857143,0.0,0.7346,0.9398,0.6914,1.25290138,2.43774469,3.49088796,4.35718306,-0.8335127045399998,-1.6266280695000002,-0.12596351496,-0.35878723076,2.161929462000003,-3.0564583439999984,0.3283358167000003,-0.7180367866999999
29,GLY,0.712,0.3938053097345132,0.97721,0.8147800000000001,0.28122,0,0.0,1,0.166666666666667,0.4556,0.0,1.0,0.5062,0.69404221,1.33864193,1.88823076,2.30466079,-0.6403588809999999,-1.2368229199999998,-0.1156593252,-0.326775046,2.3502923459999985,-5.005628150000003,0.4265228344000002,-1.3717073979999996
30,GLY,0.864,0.4778761061946902,0.99731,0.65075,0.29325,0,0.0,0,0.0,0.4556,0.0,1.0,0.5062,0.5549702400000001,1.06889004,1.50406024,1.82919062,-0.591525653,-1.144811154,-0.1037544636,-0.293618558,2.115995285999999,-5.624167149000006,0.3779066510999999,-1.4905502249999996
31,TYR,2.234,0.6555164319248826,4.15252,1.01029,0.16371,0,0.0,1,0.2,0.3556,0.8063,0.502,0.1605,0.83387904,1.61437309,2.29203728,2.8249825200000003,-0.5266765219999999,-1.028688788,-0.0786478128999999,-0.2242741809999999,2.396917298000002,-5.857877655999994,0.3727797117000005,-1.3102270399999996
32,ARG,1.743,0.5198329853862212,3.32119,1.56627,0.04373,0,0.0,2,0.4,0.0,0.7346,0.9398,0.6914,0.97350963,1.88849302,2.69055797,3.33324811,-0.40348977406,-0.7891767130000001,-0.05870534717,-0.1676665295499999,2.5182992320000013,-4.062413771999998,0.3617586087999999,-0.8957515788999998
33,GLY,0.575,0.3180309734513274,0.89995,0.7348600000000001,0.49814,0,0.0,2,0.5,0.4556,0.0,1.0,0.5062,0.5548677799999999,1.06808987,1.50143541,1.82320426,-0.549854122,-1.058381937,-0.1041276522999999,-0.2934093307999999,2.8573565519999984,-5.261828832000004,0.5351916878000005,-1.511371158
34,ARG,1.584,0.4724127646883388,3.40312,1.46299,0.3060100000000001,0,0.0,1,0.25,0.0,0.7346,0.9398,0.6914,0.83375329,1.6133870099999998,2.28878869,2.81753037,-0.21885324227,-0.4257831414999999,-0.03532902693,-0.1004449578499999,2.5101152239999984,-0.6795065401999998,0.4293528247999997,-0.1859575213000001
35,GLY,0.557,0.308075221238938,0.95521,0.8069299999999999,0.4440699999999999,0,0.0,1,0.2,0.4556,0.0,1.0,0.5062,0.97349419,1.88839032,2.6902843,3.33281849,-0.62465358466,-1.2179911919000002,-0.09547419909,-0.2716219220999999,1.6506582910000007,-2.1617758984000006,0.2527288204,-0.5259692407999998
36,GLY,0.81,0.4480088495575221,1.00404,0.68359,0.3144099999999999,0,0.0,1,0.125,0.4556,0.0,1.0,0.5062,0.83378213,1.6136014199999995,2.28945403,2.81893126,-0.9102833775,-1.763413191,-0.1570975375999999,-0.4448581932,2.0388238240000005,-4.061496871000001,0.3540524363999998,-1.0746170107999995
37,ASP,1.315,0.4904886236478925,2.45467,0.93876,0.42724,0,0.0,1,0.166666666666667,0.1111,0.3239,0.8675,1.0,1.1128346000000002,2.16022687,3.08125237,3.82366629,-1.3451209089999998,-2.6312792970000007,-0.19456001055,-0.5556007102,1.4167969480000004,-2.176022737,0.1996136593999999,-0.4490298418
38,ARG,1.706,0.5087980912615567,3.81871,1.38972,0.2572800000000002,0,0.0,0,0.0,0.0,0.7346,0.9398,0.6914,1.25244613,2.43416944,3.47908777,4.33004835,-1.40508513137,-2.7358101187000003,-0.22342455889,-0.63556963119,1.807639557,-2.4365378089000003,0.281524553,-0.5858614790800002
39,GLY,0.684,0.3783185840707965,1.02001,0.74371,0.3802900000000001,0,0.0,0,0.0,0.4556,0.0,1.0,0.5062,1.11309306,2.1622376,3.0878210100000003,3.83856252,-1.080726341726,-2.084621139696,-0.1989486427513999,-0.5615256457139999,1.9227738299999992,-2.8364068855,0.3196694255,-0.7432381775900001
40,GLY,0.306,0.1692477876106194,0.75759,1.13852,0.36348,1,0.0588235294117647,0,0.0,0.4556,0.0,1.0,0.5062,1.94982456,3.79869684,5.451681700000001,6.82546017,-0.8794840320999999,-1.7074156188999998,-0.1461239024799999,-0.4143927383999999,2.043525824,-2.4572575000000003,0.3160860052999999,-0.5909984662999997
41,PHE,0.626,0.2013509166934705,3.27277,1.8698000000000004,0.6131999999999997,4,0.307692307692308,0,0.0,0.8111,0.783,0.0763,0.037,1.8098003200000004,3.5214871800000007,5.04296971,6.29377752,-0.7162466790250002,-1.38452214174,-0.126818322243,-0.35823181815,1.058348682,-0.7369613418000001,0.1857942866,-0.2053380838679999
42,ARG,1.694,0.5052192066805845,3.66267,1.27248,0.3865200000000002,3,0.214285714285714,0,0.0,0.0,0.7346,0.9398,0.6914,1.81011117,3.52394839,5.05116364,6.31283767,-0.8676973083999998,-1.6860875118,-0.14267205504,-0.4051098237600001,1.5718737019999998,-1.2740422176,0.2429067752,-0.32069888269
43,GLY,0.45,0.2488938053097345,0.8405400000000001,0.93919,0.4188100000000001,2,0.181818181818182,0,0.0,0.4556,0.0,1.0,0.5062,1.11286486,2.16045124,3.0819460000000003,3.8251177,-0.8595319629000001,-1.6617439905000002,-0.1523295597499999,-0.4304922407,2.3913626929999983,-2.701470624000003,0.4174299665000001,-0.7776033573000003
44,GLY,0.711,0.3932522123893805,0.872,0.86635,0.23065,2,0.25,0,0.0,0.4556,0.0,1.0,0.5062,1.25298771,2.43844819,3.49329987,4.363006,-0.98737154905,-1.9250218449300005,-0.152211819674,-0.43326031916,2.4774731940000003,-2.588143640419999,0.3684817487999999,-0.62670337124
45,ARG,2.175,0.6486728303012227,4.1443900000000005,0.69421,0.4837900000000004,0,0.0,0,0.0,0.0,0.7346,0.9398,0.6914,0.41709857,0.80843172,1.15011511,1.42187092,-0.5728260928600001,-1.1097728327,-0.09758521244,-0.2760354317,1.8847489029999989,-2.710278502799999,0.300935282,-0.6570928861600003
46,GLY,0.681,0.3766592920353983,0.74334,0.76567,0.36133,0,0.0,0,0.0,0.4556,0.0,1.0,0.5062,0.8352131,1.62469765,2.32559703,2.9005915799999995,-0.6670205824999998,-1.2896195924000002,-0.11870505143,-0.3356459616799999,1.6085042259999998,-0.3623951898000004,0.2716789415999999,-0.13282447522
47,GLY,0.386,0.2134955752212389,0.90998,0.8838199999999999,0.5381800000000002,0,0.0,0,0.0,0.4556,0.0,1.0,0.5062,1.53144374,2.9803517200000003,4.2693800500000005,5.33118757,-0.0478457151999999,-0.0932333975999999,-0.0074225699999999,-0.0211095264999999,2.001168154,-0.0383180625999999,0.3335644669999998,-0.0204317334399999
48,GLY,0.087,0.0481194690265486,0.59551,1.09023,0.63077,1,0.0384615384615385,0,0.0,0.4556,0.0,1.0,0.5062,1.80630069,3.4943176200000003,4.95438082,6.09337025,-0.5178873457000001,-1.0130197,-0.07502308071,-0.2142371924,0.548760002,-0.6623890989999999,0.0969953096999999,-0.1666763104
49,ASP,0.484,0.1805296531145095,1.79655,1.3411700000000002,0.8558299999999999,0,0.0,0,0.0,0.1111,0.3239,0.8675,1.0,1.8075813600000004,3.5042761499999995,4.98690457,6.1671039,-0.6946600025,-1.3538499383,-0.10742458821,-0.3055602192,0.234973484,-0.3590570396,0.0428170496,-0.1064491190999999
50,ARG,1.978,0.5899194750969281,3.64438,1.28079,0.0942100000000001,0,0.0,0,0.0,0.0,0.7346,0.9398,0.6914,1.8101993700000003,3.52462883,5.05336614,6.317770509999999,-0.6329491205,-1.2314868795,-0.1015744536,-0.2886593573,0.039235737,0.020035673,0.0067013893,0.0050084856
51,GLY,0.372,0.2057522123893805,0.7797799999999999,0.88264,0.55336,4,0.307692307692308,0,0.0,0.4556,0.0,1.0,0.5062,1.53168608,2.98226503,4.27572975,5.34589595,-0.9798864972,-1.9035468995,-0.1605418611,-0.4553750526,1.819013205842105,-2.2764610166221058,0.3071599292157893,-0.5982134841098948
52,GLY,0.332,0.1836283185840708,0.7795799999999999,0.972,0.504,7,0.466666666666667,2,0.133333333333333,0.4556,0.0,1.0,0.5062,1.53049594,2.97301975,4.24556746,5.277611449999999,-0.7572224331999999,-1.4734254875,-0.12060829743,-0.34261582312,1.8445639228421045,-2.330046859332106,0.3110680121007893,-0.6116946295214949
53,PHE,1.308,0.4207140559665487,3.08667,1.795,0.006,5,0.625,1,0.125,0.8111,0.783,0.0763,0.037,1.11383685,2.16793673,3.1061479800000003,3.87924548,-1.0009761776,-1.9465878874,-0.16155422778,-0.4588127342999999,0.2741864519999999,-0.4082785993999999,0.0496821969999999,-0.1243336694399999
54,GLY,0.212,0.1172566371681415,0.49985,1.13171,0.4642900000000001,4,0.5,1,0.125,0.4556,0.0,1.0,0.5062,0.6946949099999999,1.34369976,1.90469606,2.34183782,-0.5848707870000002,-1.1342124169,-0.09890030841,-0.28021233075,2.7043045889999995,-5.652685560999999,0.4758626607000001,-1.5063177579000009
55,PRO,0.7,0.3139013452914798,1.84198,1.24612,0.2838800000000001,4,0.363636363636364,0,0.0,0.3222,0.3764,0.8594,0.3827,1.1122019600000002,2.15528325,3.06502132,3.78660417,-0.7117239586999999,-1.3806342559999996,-0.1199025472499999,-0.3398367078999999,2.591827145999998,-3.898718976000001,0.4152319311,-0.9964041428000006
56,GLY,0.82,0.4535398230088495,1.02831,0.7151900000000001,0.27281,3,0.214285714285714,0,0.0,0.4556,0.0,1.0,0.5062,1.39143293,2.70323789,3.860950780000001,4.80005319,-0.6498029188,-1.2692233287,-0.0976433087399999,-0.27862265237,2.3568033509999995,-2.9630186600000004,0.3751607467000001,-0.69267835061
57,LYS,1.811,0.6965384615384614,2.85047,1.11681,-0.3278099999999999,5,0.555555555555556,0,0.0,0.0667,0.6942,0.6867,0.7901,0.69384103,1.3370848599999998,1.88317086,2.29326753,-0.422337981,-0.811287707,-0.0820588916,-0.2308673711,3.878391380999994,-4.926923832000002,0.6995517983999985,-1.4314405489999995
58,MET,1.017,0.3410462776659959,1.38525,1.4088699999999998,0.5561300000000005,4,0.5,1,0.125,0.7111,0.6196,0.0,0.0988,0.55501254,1.06916965,1.50480948,1.83039424,-0.56616044,-1.09728827,-0.0978445726,-0.27743182,3.136837213,-7.209415568000001,0.5489930759999997,-1.8370043630000008
59,ASP,1.016,0.3789630734800447,2.32737,0.95876,0.7062400000000001,0,0.0,0,0.0,0.1111,0.3239,0.8675,1.0,0.55640822,1.08003982,1.54037421,1.91122627,-0.4588886061999999,-0.8882711786999999,-0.0798354162,-0.2258371277,2.469990633000001,-2.7671886620000032,0.4261607053000006,-0.7806638036000003
60,SER,0.871,0.4002757352941176,1.7510599999999998,0.7893600000000001,0.5156400000000001,2,0.5,0,0.0,0.4111,0.1877,0.8514,0.5309,1.11306599,2.16202369,3.08710997,3.83691304,-0.6443308633,-1.2633509394000002,-0.08889068326,-0.2544794066,1.062520436,-1.7190614830000002,0.1521775857,-0.356886272
61,ARG,2.315,0.6904264837458991,4.00049,0.8910600000000001,0.1469400000000001,0,0.0,0,0.0,0.0,0.7346,0.9398,0.6914,0.69427239,1.3404419,1.89414481,2.31817835,-0.2970640197599999,-0.5760932295,-0.0499827592059999,-0.1415431803899999,2.269940933,-2.294447929800001,0.4259127378999996,-0.6315175559200003
62,GLY,0.841,0.4651548672566371,1.02121,0.72929,0.2377100000000001,1,0.333333333333333,0,0.0,0.4556,0.0,1.0,0.5062,0.83397168,1.61509863,2.29442542,2.83045437,-0.5312371667,-1.0339402377,-0.08507028289,-0.2419102226999999,1.5693630220000008,-1.808678196,0.2639559442999999,-0.4749609921000001
63,GLU,1.642,0.6019061583577712,2.99909,0.87288,0.2131200000000003,1,0.333333333333333,0,0.0,0.1111,0.4884,0.8112,0.9136,0.97356052,1.88889536,2.69189501,3.33635082,-0.7495025569999999,-1.4581582514000002,-0.1193139632,-0.3387634965999999,0.5887454250000003,-0.7669346370000001,0.096147414,-0.2080937514999999
64,HIS,0.592,0.2141048824593128,2.6664,1.54954,0.6234600000000001,5,0.454545454545455,2,0.181818181818182,0.1444,0.561,0.1124,0.679,1.39147689,2.70360163,3.86221703,4.80316711,-0.4619348777399999,-0.9015045915,-0.0704851787059999,-0.20097016176,0.2353421389999999,-0.0062214044999999,0.040432604,-0.00277863576
65,ARG,2.28,0.67998807038473,3.92161,0.88547,0.1875300000000004,3,0.3,1,0.1,0.0,0.7346,0.9398,0.6914,1.39131328,2.70235026,3.8582033200000008,4.794293570000001,-0.9007357033000002,-1.7448325144,-0.15424522973,-0.43641229364,0.117612411,-0.065161995,0.0207663923,-0.019651308
66,GLN,0.313,0.1088695652173913,2.13656,1.7417300000000002,0.8202699999999996,3,0.2,1,0.0666666666666667,0.1111,0.5388,0.7952,0.6914,1.80905983,3.51575926,5.02436868,6.25193328,-0.7870549659600004,-1.5267408555,-0.132985964536,-0.37702440312,1.7010593429374994,-2.3398394799000006,0.2918885941874999,-0.610439494018125
67,ASP,1.092,0.4073107049608355,2.27779,0.95151,0.63749,0,0.0,0,0.0,0.1111,0.3239,0.8675,1.0,1.81103107,3.53116912,5.074981230000001,6.367562449999999,-0.6974345553399998,-1.3523278767999996,-0.1179135208269999,-0.3339622365799999,1.6600753424335932,-2.3008907811437505,0.2866840846554686,-0.6052995654811328
68,ARG,1.441,0.4297643900984193,3.48978,1.50537,0.40663,0,0.0,0,0.0,0.0,0.7346,0.9398,0.6914,1.52949469,2.96512859,4.219427330000001,5.21721188,-0.539734314,-1.0421736356,-0.09802073445,-0.2769201249,1.018496988,-0.4657226262,0.1833080366,-0.140398138
69,ARG,1.559,0.4649567551446465,3.4911000000000003,1.42462,0.3693800000000002,0,0.0,0,0.0,0.0,0.7346,0.9398,0.6914,1.80767422,3.50495416,4.98897398,6.17136342,-0.5294405774200001,-1.03042714456,-0.084455004796,-0.2400912215599999,0.078418612,-0.017087067,0.0138206093,-0.00396975
70,GLU,0.999,0.3662023460410556,2.53082,1.18782,0.54118,0,0.0,0,0.0,0.1111,0.4884,0.8112,0.9136,1.38977509,2.6904256400000004,3.8193763500000006,4.706617939999999,-0.6494428006,-1.2526479137,-0.11882011743,-0.335129557,1.0174929500000005,-1.2448504644999998,0.191514027,-0.3600973421
71,ARG,1.876,0.5594989561586639,3.72774,1.00408,0.4729200000000002,2,0.133333333333333,0,0.0,0.0,0.7346,0.9398,0.6914,1.39000537,2.69216398,3.82487979,4.71857096,-0.8169132335000001,-1.586348124,-0.1358015740999999,-0.3854252288,1.8044489030000004,-2.980926913,0.3065858648999999,-0.7419390377
72,PRO,1.097,0.4919282511210762,1.76748,1.09597,0.0370299999999998,2,0.166666666666667,0,0.0,0.3222,0.3764,0.8594,0.3827,1.25083625,2.42166486,3.4382916000000003,4.23768078,-0.6641503449699998,-1.2866987693,-0.11465798806,-0.32476099778,2.9423297729999978,-3.4473303164000013,0.4972442673999996,-0.8937391683999997
73,TYR,2.783,0.8166079812206573,4.56037,0.62844,-0.0034399999999999,2,0.666666666666667,0,0.0,0.3556,0.8063,0.502,0.1605,0.6960633,1.35434312,1.93946827,2.42071169,-0.9468644341,-1.8386922227,-0.15678868585,-0.44475151396,2.6702153169999976,-4.754461924000002,0.4284856972000002,-1.1912128866000005
