1,GLY,1.463,0.8091814159292036,1.20024,0.30481,0.0401899999999999,0,0.0,0,0.0,0.4556,0.0,1.0,0.5062,0.41696662,0.8074001299999999,1.14672665,1.4141285199999998,-0.490772082,-0.961691134,-0.0686789003999999,-0.196513907,0.589781132,-1.4483132820000004,0.0891326676,-0.31788498
2,PRO,1.483,0.6650224215246637,2.06194,0.66135,0.0856499999999998,0,0.0,0,0.0,0.3222,0.3764,0.8594,0.3827,0.4157066699999999,0.79765022,1.1150388,1.34274813,-0.475983187,-0.92368593,-0.0800232896,-0.22696038,0.587014867,-1.3375979900000003,0.1103807665,-0.379448388
3,GLY,0.848,0.4690265486725663,0.9988,0.7310300000000001,0.22897,0,0.0,0,0.0,0.4556,0.0,1.0,0.5062,0.69455106,1.34262687,1.90134318,2.3346915,-0.5322591864,-1.0269877005000003,-0.09713291013,-0.2740885656999998,0.4318048559999999,0.2506147315,0.0700629233999999,0.0473997518999999
4,GLY,0.814,0.450221238938053,1.03581,0.7438600000000001,0.25014,0,0.0,0,0.0,0.4556,0.0,1.0,0.5062,1.39255899,2.71207875,3.8901212999999992,4.86710512,-0.2361612828,-0.4578351686999999,-0.03960176828,-0.1120214956599999,0.5892227510000001,-0.2238325895,0.0924789524999999,-0.0472954213
5,GLY,0.487,0.269358407079646,0.78232,0.92384,0.3971600000000002,2,0.117647058823529,1,0.0588235294117647,0.4556,0.0,1.0,0.5062,1.52967434,2.96655252,4.224172899999999,5.228266519999999,-0.4202449242,-0.8158897119999999,-0.06931566514,-0.19645260066,0.5119057459999999,-0.6772659220000001,0.0699768608999999,-0.1289030105999999
6,PRO,0.602,0.2699551569506726,1.71862,1.2906799999999998,0.3373200000000003,1,0.0909090909090909,1,0.0909090909090909,0.3222,0.3764,0.8594,0.3827,1.39135708,2.7027,3.85937805,4.79705768,-0.3423445839999999,-0.669540284,-0.0497768062,-0.1421304786999999,0.4333346780000001,-0.3587255899999999,0.057502544,-0.068738887
7,GLY,1.22,0.6747787610619469,1.10362,0.55028,0.03772,0,0.0,0,0.0,0.4556,0.0,1.0,0.5062,0.8337529300000002,1.6133827499999998,2.28877021,2.81747569,-0.5739047633,-1.1128390746,-0.0970032973,-0.2747553336,0.74554916,-0.946075387,0.1247546027999999,-0.2584697120999999
8,GLY,0.434,0.2400442477876106,0.81164,0.88197,0.4920300000000001,0,0.0,0,0.0,0.4556,0.0,1.0,0.5062,0.83263714,1.60468727,2.26030454,2.75273143,-0.6643303821000001,-1.288142771,-0.11385899618,-0.3229398406000001,0.7448073559999999,-1.5160504608,0.1317743118,-0.4052617585999999
9,SER,1.352,0.6213235294117647,1.72815,0.69136,0.1326400000000001,0,0.0,0,0.0,0.4111,0.1877,0.8514,0.5309,0.97270939,1.88222711,2.66994286,3.28604383,-0.5340462076000001,-1.036013784,-0.0899404449,-0.2549363119,0.8628143779999999,-1.245676521,0.1482769496,-0.3504768552
10,HIS,1.121,0.4054249547920434,2.6200400000000004,1.54849,0.0955100000000002,0,0.0,2,0.166666666666667,0.1444,0.561,0.1124,0.679,1.2507937299999998,2.4212659500000004,3.4367565300000003,4.233493719999999,-0.3791734938,-0.7392129800000001,-0.0588953314499999,-0.16772866418,0.7449378129999998,-0.4522063564999999,0.130591198,-0.11222739226
11,MET,1.893,0.6348088531187123,2.15269,0.8369,0.2521000000000002,0,0.0,1,0.2,0.7111,0.6196,0.0,0.0988,0.97343789,1.88793559,2.68873761,3.32912125,-0.4715237837,-0.9107814877,-0.0846885055,-0.23916734746,0.746335865,-0.5833016209999999,0.117588717,-0.151272952
12,GLY,0.867,0.4795353982300885,0.97633,0.72163,0.21937,0,0.0,1,0.25,0.4556,0.0,1.0,0.5062,0.83389015,1.6144671599999998,2.29237333,2.82583412,-0.6321916324999999,-1.2258850000000003,-0.1070541791999999,-0.3032959860000001,0.7449353199999998,-0.951196833,0.128967958,-0.2530932979999999
13,GLY,0.545,0.3014380530973451,0.90552,0.81964,0.4433599999999998,2,0.222222222222222,1,0.111111111111111,0.4556,0.0,1.0,0.5062,1.25192539,2.43011952,3.4658603,4.30006026,-0.5884379758999999,-1.146530516,-0.09219525711,-0.2623883266,0.7459189879999998,-1.788877243,0.1206647957999999,-0.4246956245
14,ASN,1.435,0.5869120654396729,2.5269,0.8150799999999999,0.1949199999999998,1,0.2,0,0.0,0.1111,0.3976,0.6747,0.8272,0.8337063800000001,1.61302551,2.28762023,2.81491903,-0.459047829,-0.8865059836999999,-0.0826151393399999,-0.2332494776,1.098495458,-1.0375422314,0.184777646,-0.2559817414
15,TYR,2.308,0.6772300469483568,4.33422,0.96791,0.13209,2,0.4,2,0.4,0.3556,0.8063,0.502,0.1605,1.11330928,2.16394537,3.09349232,3.85171205,-0.602981051,-1.1762254151,-0.09178562132,-0.26131723936,0.549974499,-1.148503143,0.0858602826999999,-0.2747451339999999
16,GLY,0.458,0.2533185840707964,0.83438,0.91991,0.4300900000000001,0,0.0,1,0.2,0.4556,0.0,1.0,0.5062,0.8339615300000001,1.61503433,2.2942687,2.83026483,-0.461025772,-0.8917825870000001,-0.0808228409,-0.2284496508,0.9802118240000004,-1.857372236,0.1696334801999999,-0.4871967085999998
17,ASP,1.259,0.4696008951883625,2.32536,0.98654,0.4354600000000002,0,0.0,1,0.166666666666667,0.1111,0.3239,0.8675,1.0,0.8337508,1.61335582,2.28864526,2.81707647,-0.5270285995000001,-1.026735232,-0.0832703665999999,-0.2370732479,1.3731796009999997,-2.3498066859999995,0.2310714259000001,-0.5567195287999998
18,ASP,1.03,0.3841850055949272,2.42888,0.98837,0.66263,0,0.0,0,0.0,0.1111,0.3239,0.8675,1.0,0.83381824,1.61391853,2.29061903,2.8219735900000003,-0.681733635,-1.328872109,-0.1055180349,-0.300312296,1.099710776000001,-2.708745755,0.1750006349999999,-0.647262639
19,ARG,2.57,0.7664777810915597,3.91542,0.84853,-0.0655299999999996,0,0.0,0,0.0,0.0,0.7346,0.9398,0.6914,0.6945193000000001,1.34237765,1.90052218,2.33280831,-0.642961843,-1.244058518,-0.1122871746999999,-0.3174625049999999,1.529424372999999,-4.106995651999999,0.2611435167000001,-1.03844711
20,ARG,2.287,0.6820757530569639,3.74432,1.18098,-0.1149799999999996,0,0.0,0,0.0,0.0,0.7346,0.9398,0.6914,0.97336145,1.88732854,2.68671198,3.3243947900000004,-0.575779837,-1.1258491380000002,-0.0844560749999999,-0.241190294,1.6887490390000002,-3.93883191,0.2702396405000001,-0.8638896809999997
21,GLY,0.683,0.3777654867256637,1.03355,0.75142,0.37358,0,0.0,0,0.0,0.4556,0.0,1.0,0.5062,0.83392858,1.61476489,2.29334111,2.82801391,-0.561059469,-1.092330856,-0.0890577568999999,-0.2532577325999999,1.649994356,-3.962185380999999,0.2593368626,-0.9314620686000004
22,GLY,0.968,0.5353982300884955,0.94061,0.66717,0.17283,1,0.2,0,0.0,0.4556,0.0,1.0,0.5062,0.5550361799999999,1.06940595,1.50575604,1.83306823,-0.5596015770000001,-1.076773674,-0.1061662623999999,-0.2989833860000001,1.292231650000001,-3.200273951999998,0.2370286924000001,-0.8850560539999998
23,ARG,1.835,0.5472711005070086,3.36943,1.40657,0.1114300000000001,3,0.428571428571429,1,0.142857142857143,0.0,0.7346,0.9398,0.6914,0.97294732,1.88409587,2.67611167,3.3002321400000003,-0.4446106695,-0.869254954,-0.0654138145,-0.186798112,1.4158997130000002,-2.8045128420000016,0.2096808792000001,-0.6065814159999999
24,GLY,0.788,0.4358407079646018,0.90605,0.75747,0.26253,3,0.375,1,0.125,0.4556,0.0,1.0,0.5062,0.97336433,1.88736434,2.68687491,3.32490748,-0.442884005,-0.8660499530000001,-0.0647219726999999,-0.1848126984999999,1.4161262719999994,-2.789452418,0.2072088947,-0.6030982014999999
25,GLY,1.017,0.5624999999999999,1.04504,0.5859300000000001,0.20507,2,0.4,1,0.2,0.4556,0.0,1.0,0.5062,0.5547278299999999,1.06699848,1.49786073,1.81506809,-0.597968778,-1.151427042,-0.112782463,-0.3179234749999999,1.135130677,-3.084742015,0.2124700521999999,-0.8529246890000001
26,TYR,1.143,0.335387323943662,3.40362,1.77808,0.4869199999999996,2,0.333333333333333,2,0.333333333333333,0.3556,0.8063,0.502,0.1605,0.8333406800000001,1.61017872,2.27831201,2.79378342,-0.6893374280000001,-1.338615794,-0.1150161111,-0.3265358322,0.9424203040000002,-2.0892114479999995,0.151313027,-0.5188720010000002
27,ASP,1.464,0.5460649011562849,2.40451,0.80289,0.4141100000000001,0,0.0,1,0.2,0.1111,0.3239,0.8675,1.0,0.97380245,1.89078383,2.69808761,3.35046673,-0.4262720789999999,-0.8305086079999998,-0.0659119759,-0.1873158600999999,1.1406484369999998,-1.4478121940000002,0.1672610065,-0.30727546
28,ARG,1.224,0.3650462272591708,3.37627,1.74277,0.3862300000000005,0,0.0,1,0.166666666666667,0.0,0.7346,0.9398,0.6914,1.11353661,2.16572351,3.09933506,3.86506709,-0.3781722087300001,-0.7343331590000002,-0.06228175657,-0.1765689209799999,0.6271750720000002,-0.690866918,0.1093722852,-0.1888772373999999
29,GLY,0.714,0.3949115044247787,0.9162,0.76893,0.3250700000000001,1,0.166666666666667,1,0.166666666666667,0.4556,0.0,1.0,0.5062,0.83427794,1.6175010099999998,2.30234505,2.8486371000000004,-0.42711977064,-0.8348251764999998,-0.0627808451299999,-0.1791320993399999,0.8244564860000001,-1.1405714069999997,0.1331168344,-0.2521069653999999
30,GLY,0.595,0.3290929203539823,0.8288,0.89219,0.32081,1,0.142857142857143,1,0.142857142857143,0.4556,0.0,1.0,0.5062,0.8341007300000001,1.61610906,2.29774907,2.8380617100000003,-0.6393400866000001,-1.246759549,-0.0977427643,-0.2781474673,0.824379666,-1.3267745232,0.1340574814,-0.3081007594
31,TYR,2.732,0.801643192488263,3.93425,0.8483799999999999,-0.1723800000000002,2,0.285714285714286,2,0.285714285714286,0.3556,0.8063,0.502,0.1605,0.97387008,1.89132258,2.69989333,3.3547041200000005,-0.4648842574,-0.9060275265,-0.07202725884,-0.2049139736499999,0.7859151080000002,-1.2216503790000002,0.1213501171,-0.2726581782599999
32,ARG,2.402,0.7163733969579481,3.94625,0.8716200000000001,0.07938,1,0.25,0,0.0,0.0,0.7346,0.9398,0.6914,1.11351751,2.16556997,3.0988154599999995,3.86383324,-0.2649506472,-0.5163947192,-0.04066292066,-0.1155907584,0.826495095,-0.7297944321999998,0.1164582272999999,-0.1547772001
33,GLY,0.346,0.1913716814159292,0.8566800000000001,1.05128,0.4107200000000002,1,0.0909090909090909,1,0.0909090909090909,0.4556,0.0,1.0,0.5062,1.11218777,2.15516303,3.0645955,3.785536349999999,-0.2666061864,-0.5185394506000001,-0.0433708720649999,-0.12331543477,0.8641565549999999,-0.7679994979999999,0.1366835723,-0.1799912416999999
34,ARG,2.449,0.7303906949000893,3.99471,0.81605,0.0879500000000003,0,0.0,0,0.0,0.0,0.7346,0.9398,0.6914,0.83386971,1.61430138,2.29180688,2.82447214,-0.5782621182000001,-1.1228619311,-0.09593737219,-0.2721671262,1.335143939,-2.4931002753,0.2141344055,-0.6197275579300002
35,GLY,0.848,0.4690265486725663,0.95693,0.71871,0.2412900000000001,0,0.0,0,0.0,0.4556,0.0,1.0,0.5062,0.6943119099999999,1.34076052,1.89522508,2.32075086,-0.6093252172999999,-1.1799329849999998,-0.10576331846,-0.2994071777999999,1.059523266,-1.8752136730999995,0.1759008588,-0.4860407684
36,GLY,0.788,0.4358407079646018,0.94653,0.75166,0.26834,0,0.0,0,0.0,0.4556,0.0,1.0,0.5062,0.8335597100000001,1.61187063,2.28379787,2.8060971,-0.4839362480999999,-0.9394966012,-0.0807033042399999,-0.2289424639999999,0.6264448040000001,-0.3686432159999999,0.1163037704,-0.1029811953
37,ASP,0.914,0.340917568071615,2.12458,1.3354500000000002,0.4315499999999996,0,0.0,0,0.0,0.1111,0.3239,0.8675,1.0,1.39195597,2.70736466,3.874638530000001,4.831736119999999,-0.2922206442,-0.5694335879999999,-0.04517918928,-0.1284564188,0.8270467769999998,-0.2973895169999999,0.1115793983999999,-0.0527902923
38,ARG,2.154,0.6424097822845213,3.76452,0.98717,0.2118300000000003,0,0.0,1,0.2,0.0,0.7346,0.9398,0.6914,0.6942364599999999,1.34017487,1.89331604,2.31643394,-0.5100088024,-0.98144057,-0.0964047922,-0.2714558066999999,0.313359317,-0.30181738,0.0569751335,-0.0800365477
39,GLY,0.786,0.4347345132743362,0.99073,0.71104,0.31096,0,0.0,1,0.166666666666667,0.4556,0.0,1.0,0.5062,0.69436586,1.34117483,1.8965588,2.32371364,-0.502679103,-0.976973681,-0.0826103236,-0.2346713728,0.314690245,-0.179644507,0.046183598,-0.0299756914
40,GLY,0.511,0.2826327433628318,0.85944,0.94127,0.3557300000000001,0,0.0,1,0.25,0.4556,0.0,1.0,0.5062,0.6942477200000001,1.34025969,1.89358236,2.31700405,-0.416281803,-0.8109243479999999,-0.0648073791,-0.1842275138999999,0.19634288,-0.1940580949999999,0.0313568584,-0.0583969902
41,PHE,1.314,0.4226439369572209,3.36777,1.47178,0.3232199999999998,0,0.0,0,0.0,0.8111,0.783,0.0763,0.037,0.6948471300000001,1.34494334,1.90895779,2.35210659,-0.304034238,-0.591336255,-0.0488184555,-0.138624109,0.5493679210000001,-1.62472922,0.0909776115,-0.3974842589999999
42,ARG,2.689,0.8019683865195347,3.94661,0.84194,-0.1779399999999998,0,0.0,0,0.0,0.0,0.7346,0.9398,0.6914,0.4170205899999999,0.807815,1.14806379,1.4171051499999998,-0.3063665639999999,-0.59179712,-0.0551662415,-0.155846966,0.6249484880000001,-1.8594424,0.1267223652,-0.5504882120000001
43,GLY,0.394,0.2179203539823009,0.95209,1.07839,0.3356100000000002,2,0.181818181818182,0,0.0,0.4556,0.0,1.0,0.5062,0.97538904,1.90307951,2.7381072800000004,3.44078891,-0.2800558788,-0.5452342735000001,-0.04410281098,-0.1253085689,0.6510039878333334,-0.9079247085333332,0.1059168581333333,-0.2293012646858333
44,GLY,0.535,0.2959070796460177,0.9739,0.84728,0.4257200000000001,0,0.0,0,0.0,0.4556,0.0,1.0,0.5062,1.11279922,2.15985633,3.0797178,3.81920164,-0.1878718632999999,-0.36871957,-0.0253796615499999,-0.0727313639999999,0.6332412739027777,-0.9195851427444444,0.1033529652861111,-0.2334104332679861
45,ARG,2.205,0.6576200417536534,3.96878,0.8462200000000001,0.30178,0,0.0,0,0.0,0.0,0.7346,0.9398,0.6914,0.27906765,0.54671527,0.7919902299999999,1.0048558,-0.078561389,-0.153967794,-0.0110002512,-0.0314885306999999,0.9840906699999996,-0.9079297910000004,0.1386171745999999,-0.1856277559
46,GLY,0.674,0.372787610619469,0.62615,0.93089,0.2031099999999999,0,0.0,0,0.0,0.4556,0.0,1.0,0.5062,0.69525284,1.34802802,1.9187989,2.37371347,-0.07482182263,-0.14370274163,-0.01499009074,-0.04230104073,0.4994947159780092,-0.6653312906064814,0.081972141118287,-0.1703482183461516
47,GLY,1.127,0.6233407079646017,1.05248,0.58767,0.09333,0,0.0,0,0.0,0.4556,0.0,1.0,0.5062,0.55473018,1.06701591,1.49791426,1.81517884,-0.3346296340699999,-0.6426217462000001,-0.065353365713,-0.1838526787199999,0.116932992,-0.02512893,0.025567551,-0.0080746644
48,GLY,0.715,0.3954646017699115,0.93189,0.8284199999999999,0.26458,0,0.0,0,0.0,0.4556,0.0,1.0,0.5062,1.11179744,2.15211328,3.05458312,3.76267555,-0.173450698,-0.339538962,-0.0249285905,-0.071284027,0.4581763387921928,-0.7257521858985689,0.0761595150670664,-0.1871595773545428
49,ASP,1.147,0.4278254382693024,2.26566,1.14845,0.38555,0,0.0,0,0.0,0.1111,0.3239,0.8675,1.0,1.11238818,2.1567193600000003,3.0696686700000004,3.79700618,-0.271592408,-0.531248809,-0.039631842,-0.11324094,0.471341522591483,-0.7642917137075298,0.0779035497549816,-0.1968980345958648
50,ARG,2.451,0.7309871756635848,3.96074,0.8831800000000001,0.01882,1,0.1,0,0.0,0.0,0.7346,0.9398,0.6914,0.83364682,1.61254518,2.28598886,2.81102606,-0.49250843193,-0.94937305235,-0.0915878645839999,-0.2583997503599999,0.4855825478270723,-0.8174414597718507,0.0807871817327072,-0.2120727930682162
51,GLY,0.9,0.497787610619469,1.00195,0.69735,0.21065,1,0.1,0,0.0,0.4556,0.0,1.0,0.5062,1.11298097,2.16135397,3.0848922300000003,3.83179085,-0.2306077819,-0.4483308995,-0.037773612476,-0.1073440569999999,0.5019083700770723,-0.8706860293551841,0.0837154331077072,-0.2236368363015495
52,GLY,0.754,0.4170353982300885,0.93233,0.79255,0.26145,2,0.222222222222222,0,0.0,0.4556,0.0,1.0,0.5062,1.2527558,2.43661087,3.4871792300000006,4.348757539999999,-0.0265426133,-0.0520667700999999,-0.003633286696,-0.01040796592,0.4747726902309185,-0.7946940878167226,0.078982391376938,-0.2038194886092418
53,PHE,1.777,0.5715664200707623,3.52013,1.06892,0.26308,0,0.0,0,0.0,0.8111,0.783,0.0763,0.037,0.55476578,1.06729313,1.4988213900000005,1.81724089,-0.4190062465999999,-0.8032070968,-0.0836010234,-0.23484903275,0.4441115891594899,-0.6974391221024367,0.0725663508626522,-0.1741928896092418
54,GLY,0.715,0.3954646017699115,0.84482,0.8273,0.2656999999999999,0,0.0,0,0.0,0.4556,0.0,1.0,0.5062,0.55495605,1.06878471,1.50373423,1.82850652,-0.4515412040000001,-0.8799804319999999,-0.0711606098,-0.202739522,0.4242285081039343,-0.7047996802002146,0.0696549465070967,-0.1764533106301863
55,PRO,1.301,0.5834080717488789,1.40709,0.84758,0.08142,0,0.0,0,0.0,0.3222,0.3764,0.8594,0.3827,0.41704934,0.80805197,1.14888639,1.41912105,-0.379611757,-0.7415964200000001,-0.0556463129,-0.158516474,0.156467236,-0.3976825799999999,0.030112409,-0.1156113139999999
56,GLY,0.528,0.2920353982300885,0.90554,0.87679,0.40321,1,1.0,0,0.0,0.4556,0.0,1.0,0.5062,0.2775017199999999,0.5345749,0.7524567900000001,0.91557045,-0.183838207,-0.355662074,-0.032386804,-0.091614645,0.3524838118506782,-0.648254560630599,0.0598717703484957,-0.1661621379943329
57,LYS,2.392,0.92,3.20125,0.8152400000000001,-0.6072399999999999,2,1.0,0,0.0,0.0667,0.6942,0.6867,0.7901,0.41564073,0.7971343099999999,1.113343,1.33887052,-0.123918032,-0.23878651,-0.023095899,-0.065126322,0.3426830849088561,-0.6471161119655402,0.0583984122971763,-0.1658830659708784
58,MET,2.004,0.6720321931589537,2.80547,0.76596,0.2120400000000002,2,0.666666666666667,0,0.0,0.7111,0.6196,0.0,0.0988,0.5550034399999999,1.0691498,1.5049135800000002,1.8311409,-0.2758302090365,-0.5345941121875,-0.0471733508477999,-0.1336145145014999,0.3378108769088561,-0.6504679938405404,0.0573330976721763,-0.1669601243208784
59,ASP,1.146,0.4274524431182394,2.48398,0.87311,0.6618900000000001,1,0.5,0,0.0,0.1111,0.3239,0.8675,1.0,0.41564073,0.7971343099999999,1.113343,1.33887052,-0.119059763,-0.2293097,-0.0223397835,-0.062969434,0.3223595347446095,-0.6409090758465069,0.0550961017270547,-0.1654448768882582
60,SER,1.345,0.6181066176470588,1.8088,0.6013599999999999,0.2296400000000003,0,0.0,0,0.0,0.4111,0.1877,0.8514,0.5309,0.2775017199999999,0.5345749,0.7524567900000001,0.91557045,-0.18865455,-0.364815215,-0.0334504505,-0.094586432,0.3070854668228603,-0.6295024673071997,0.0525124204184447,-0.1617208613551546
61,ARG,1.926,0.5744109752460482,3.67704,0.8196300000000001,0.6073700000000002,0,0.0,0,0.0,0.0,0.7346,0.9398,0.6914,0.41698362,0.80752709,1.14712251,1.41496827,-0.18059333,-0.351707158,-0.0284447743,-0.080889191,0.3922527470000001,-0.8329929299999999,0.0664958749,-0.197165509
62,GLY,0.632,0.3495575221238938,0.7763500000000001,0.90654,0.2694600000000001,0,0.0,1,0.333333333333333,0.4556,0.0,1.0,0.5062,0.5549841999999999,1.06901939,1.50455613,1.83054185,-0.19416656,-0.37950854,-0.028611746,-0.081657864,0.1966040829999999,-0.6368339799999999,0.029448069,-0.139858739
63,GLU,2.013,0.7379032258064515,3.07935,0.76142,-0.0464199999999996,0,0.0,1,0.25,0.1111,0.4884,0.8112,0.9136,0.55473018,1.06701591,1.4979142600000002,1.81517884,-0.1645979249999999,-0.3178126639999999,-0.030023183,-0.084853016,0.195693073,-0.4978728799999999,0.036897798,-0.135715826
64,HIS,1.602,0.5793851717902351,3.01287,0.87376,0.28924,0,0.0,1,0.25,0.1444,0.561,0.1124,0.679,0.6941987599999999,1.33987049,1.89228077,2.3139593,-0.1754968539999999,-0.33944435,-0.031021975,-0.08773586,0.3527577719999999,-1.0183330799999997,0.0622457927999999,-0.2632075799999999
65,ARG,2.305,0.6874440799284223,3.88745,0.94391,0.10409,0,0.0,0,0.0,0.0,0.7346,0.9398,0.6914,0.6944607899999999,1.34191869,1.8990076,2.32932587,-0.326885094,-0.632908251,-0.0568247051,-0.160828108,0.116932992,-0.27453846,0.025567551,-0.088217289
66,GLN,1.866,0.6490434782608696,3.0761900000000004,0.8890499999999999,0.11995,0,0.0,0,0.0,0.1111,0.5388,0.7952,0.6914,0.55493656,1.06862682,1.50319607,1.82721762,-0.5332825919999999,-1.0280392,-0.098824712,-0.278750536,0.2680533645147412,-0.611941102724399,0.0464303272227092,-0.1568143395330939
67,ASP,1.536,0.5729205520328235,2.5296000000000003,0.767,0.378,0,0.0,0,0.0,0.1111,0.3239,0.8675,1.0,0.6944853400000001,1.34210199,1.8995793,2.33053872,-0.468383007,-0.912148225,-0.074242947,-0.2112347249999999,0.2627764615562452,-0.6096715116052617,0.0455902370273475,-0.1562301021292664
68,ARG,2.187,0.6522517148821949,3.88118,0.98302,0.1829800000000003,0,0.0,0,0.0,0.0,0.7346,0.9398,0.6914,0.55465761,1.06645109,1.49606823,1.81098974,-0.412867126,-0.7963979149999999,-0.0762368952,-0.215262388,0.038977664,-0.07875904,0.008522517,-0.025307598
69,ARG,2.804,0.8362660304205188,4.13383,0.6452300000000001,-0.0962299999999997,0,0.0,0,0.0,0.0,0.7346,0.9398,0.6914,0.6943638,1.34114754,1.89642973,2.32329665,-0.254651801,-0.492905249,-0.0445763006,-0.126161322,0.1955035219999999,-0.5632505800000001,0.038130584,-0.161400371
70,GLU,1.383,0.5069648093841642,2.9582,1.03086,0.3141400000000001,0,0.0,0,0.0,0.1111,0.4884,0.8112,0.9136,0.8335554900000001,1.6118536799999998,2.28379747,2.80626622,-0.177758509,-0.347208725,-0.0267176149999999,-0.076245066,0.1964082999999999,-0.5589727600000001,0.0313972862,-0.129865755
71,ARG,2.006,0.5982702057858633,3.54231,1.28198,0.0650200000000005,0,0.0,1,0.333333333333333,0.0,0.7346,0.9398,0.6914,0.5548654,1.06807226,1.50138136,1.8230915,-0.194016428,-0.37232241,-0.0381123929,-0.107122692,0.313164116,-0.717389665,0.058204714,-0.206924841
72,PRO,1.245,0.5582959641255606,2.01607,0.7683099999999999,0.2166899999999999,0,0.0,1,0.25,0.3222,0.3764,0.8594,0.3827,0.55471497,1.06690416,1.4975715,1.8144698,-0.208133616,-0.40476882,-0.034074569,-0.096913466,0.314107552,-0.7921714099999999,0.05158617,-0.190144757
73,TYR,2.687,0.7884389671361502,4.79361,0.77879,-0.0577899999999999,0,0.0,1,1.0,0.3556,0.8063,0.502,0.1605,0.41696662,0.80740013,1.14672665,1.41412852,-0.17375513,-0.33772247,-0.0280411742,-0.079527967,0.314029236,-0.603692649,0.0511770762,-0.145050101
