1,GLY,1.489,0.8235619469026549,0.79523,0.43842,-0.11942,1,0.333333333333333,0,0.0,0.4556,0.0,1.0,0.5062,0.69642555,1.3571877199999998,1.94885538,2.44229369,-0.7793745684200003,-1.5244279188199996,-0.112786323393,-0.3219954926799999,1.1010769900000004,-2.035052313,0.1630531919,-0.4635139317879999
2,PRO,1.433,0.6426008968609865,1.53757,0.8684600000000001,-0.0714600000000001,1,0.142857142857143,0,0.0,0.3222,0.3764,0.8594,0.3827,0.83381575,1.61386474,2.29031934,2.82090843,-0.8740006227,-1.693786629,-0.150360976,-0.4260459269,0.7849497360000001,-1.4365907839999998,0.1302046368,-0.374187138
3,GLY,0.274,0.1515486725663717,0.80999,1.02332,0.51068,3,0.136363636363636,0,0.0,0.4556,0.0,1.0,0.5062,1.3893020799999998,2.68670839,3.8070985,4.67835673,-0.7660926966000001,-1.4775858073,-0.14062959467,-0.3967288639999999,0.5874914239999999,-0.8096730539999999,0.1076185999,-0.2370719432
4,GLY,0.413,0.228429203539823,0.8096,0.8719699999999999,0.5230300000000001,4,0.16,1,0.04,0.4556,0.0,1.0,0.5062,1.94854796,3.78872616,5.418964599999999,6.750812379999999,-0.2239549109999999,-0.432922349,-0.0403816444,-0.1143020673,0.587698072,-0.9778900909999996,0.106305341,-0.2588509486999999
5,GLY,0.345,0.1908185840707964,0.86347,0.88955,0.5734500000000001,3,0.125,1,0.0416666666666667,0.4556,0.0,1.0,0.5062,1.80860962,3.51222483,5.012707390000001,6.225129900000001,-0.40636661648,-0.7842752518299999,-0.0742525130439999,-0.2096766105969999,0.5500478750000001,-1.0343926140000002,0.086536351,-0.2518174126
6,PRO,0.901,0.4040358744394619,1.87496,1.12885,0.20015,1,0.0833333333333333,0,0.0,0.3222,0.3764,0.8594,0.3827,0.97267986,1.88198122,2.66908232,3.28391523,-0.8678989684,-1.6787540797,-0.15328612797,-0.43352971252,0.901589332,-1.511002659,0.1584730131999999,-0.3989329627
7,GLY,0.885,0.4894911504424779,0.93584,0.72074,0.20226,0,0.0,0,0.0,0.4556,0.0,1.0,0.5062,0.8334491900000001,1.61102617,2.2810918,2.80012293,-0.8961456997000001,-1.7460383072000003,-0.14053343124,-0.3999634625000001,1.2570316760000009,-2.262906385999999,0.1987907595000001,-0.5419967488999999
8,GLY,0.904,0.5,1.02155,0.68749,0.2165099999999999,0,0.0,0,0.0,0.4556,0.0,1.0,0.5062,0.97303867,1.8848024,2.6784042,3.3053819400000006,-0.7688641877999999,-1.5010147271999998,-0.1168405758399999,-0.33330253924,1.533328971000001,-2.5270255950000005,0.2330290041,-0.5733692582000002
9,SER,0.923,0.424172794117647,1.28,0.95466,0.2983400000000001,0,0.0,0,0.0,0.4111,0.1877,0.8514,0.5309,0.97260974,1.88146255,2.6674812900000004,3.28057163,-0.6304256759999999,-1.2161715415,-0.11510192617,-0.3246812209999999,1.5303559169999992,-1.7362294310000002,0.2552334240000001,-0.4931549134999999
10,HIS,0.637,0.230379746835443,2.59577,1.64473,0.4832700000000001,0,0.0,1,0.0555555555555556,0.1444,0.561,0.1124,0.679,1.6689689400000003,3.23799557,4.61372546,5.715501079999999,-0.3100380427,-0.6047322446999999,-0.0480441904499999,-0.1369720855,0.589521759,-0.4550311271,0.0914924135,-0.1031848817
11,MET,1.746,0.5855130784708249,2.6830700000000003,1.0321900000000002,0.20381,0,0.0,0,0.0,0.7111,0.6196,0.0,0.0988,1.3918335300000002,2.70638217,3.87132216,4.823883899999999,-0.4207794206999999,-0.8138341583000002,-0.07390812986,-0.2088745222899999,0.5902851539999998,-0.6545414202000001,0.0846697642,-0.1363288926
12,GLY,0.671,0.3711283185840708,0.91855,0.8278200000000001,0.3091799999999999,0,0.0,0,0.0,0.4556,0.0,1.0,0.5062,1.3916828,2.70520905,3.86748865,4.81518624,-0.5811459714999999,-1.1236670376,-0.1031045365,-0.29148809705,0.588744123,-0.5632769324999998,0.096503973,-0.1609684908999999
13,GLY,0.326,0.1803097345132743,0.79881,0.89815,0.58385,0,0.0,0,0.0,0.4556,0.0,1.0,0.5062,1.66996158,3.24578798,4.6394296200000005,5.77456015,-0.6604608116,-1.2916197110100005,-0.0970178726179999,-0.277202855198,0.275518804,-0.19819547453,0.0390702211,-0.041871870794
14,ASN,0.876,0.3582822085889571,2.21483,1.18446,0.3845399999999999,2,0.0769230769230769,1,0.0384615384615385,0.1111,0.3976,0.6747,0.8272,1.52865936,2.95866445,4.1984179,5.16988246,-0.8053163245999998,-1.56267965,-0.13608846264,-0.3861314775,0.274809707,-0.45794444,0.0455668159,-0.1096384132
15,TYR,1.527,0.4480633802816901,3.56058,1.46011,0.42089,3,0.166666666666667,1,0.0555555555555556,0.3556,0.8063,0.502,0.1605,1.52964027,2.96626271,4.22313877,5.225647779999999,-0.8197289147999999,-1.5877977597,-0.14276798409,-0.4045593977,0.273916652,-0.737484618,0.052037903,-0.2023391729999999
16,GLY,0.712,0.3938053097345132,0.84071,0.8456999999999999,0.2503000000000002,0,0.0,1,0.125,0.4556,0.0,1.0,0.5062,0.83385814,1.61420498,2.29146932,2.82363633,-0.9646434483,-1.86170611,-0.17554387873,-0.4954717297000001,0.234845382,-0.47884613,0.0439066718999999,-0.140281889
17,ASP,0.843,0.3144349123461394,2.3004,1.15069,0.6873100000000001,0,0.0,1,0.1,0.1111,0.3239,0.8675,1.0,0.97274246,1.88247244,2.67070107,3.28762908,-0.9799098981,-1.9057977586,-0.1599843021099999,-0.4549521911,0.431549968,-0.5468664200000001,0.0733255051999999,-0.1337580532
18,ASP,0.967,0.3606863110779559,2.12445,1.0860199999999998,0.6279800000000002,0,0.0,0,0.0,0.1111,0.3239,0.8675,1.0,0.69403361,1.33859461,1.88814364,2.3046704,-0.580083333554,-1.120391422655,-0.104487551161,-0.2951273040379999,0.8215981479999999,-2.1250052840000007,0.1558398356,-0.5953492789999999
19,ARG,2.487,0.7417238294065016,3.88172,0.8772599999999999,-0.0112599999999998,0,0.0,0,0.0,0.0,0.7346,0.9398,0.6914,0.6945936799999999,1.34295715,1.90241687,2.33711,-0.4905690439999999,-0.952439841,-0.0815702667,-0.2313721514999999,1.489427728000001,-3.7551394570000025,0.2614416468000001,-0.9874586600000002
20,ARG,1.886,0.5624813599761407,3.75779,1.19861,0.2683900000000003,0,0.0,0,0.0,0.0,0.7346,0.9398,0.6914,0.8330316,1.6077703899999998,2.2704293,2.77585739,-0.312120794,-0.60724791,-0.0504632455,-0.1435031174,1.64810544,-2.740089048,0.2760030804,-0.6462577200000004
21,GLY,1.058,0.5851769911504425,0.9575,0.71788,0.03212,0,0.0,0,0.0,0.4556,0.0,1.0,0.5062,0.83412459,1.61629788,2.29837837,2.8395280199999995,-0.2701689043999999,-0.5266713904,-0.04138971865,-0.1177063274999999,2.4366132920000005,-4.555656808700002,0.3733798324999999,-1.0271708322000002
22,GLY,0.895,0.4950221238938053,0.97079,0.7264200000000001,0.1865799999999999,0,0.0,0,0.0,0.4556,0.0,1.0,0.5062,0.69424313,1.34022357,1.89346442,2.3167375,-0.336850369,-0.650851884,-0.0607676676499999,-0.1718183099999999,1.9211752719999995,-3.988472687000002,0.3336360334000001,-1.0669316465999996
23,ARG,2.657,0.7924246943036086,4.035,0.80776,-0.1117599999999998,0,0.0,0,0.0,0.0,0.7346,0.9398,0.6914,0.69456611,1.34273987,1.90169697,2.33544578,-0.552631133,-1.074673514,-0.0892796121,-0.253555337,1.3721437800000005,-3.7015164059999983,0.2377288265000001,-0.940673368
24,GLY,0.69,0.3816371681415929,0.97095,0.79316,0.3248400000000001,1,0.333333333333333,0,0.0,0.4556,0.0,1.0,0.5062,0.69451175,1.34232104,1.90034439,2.33242699,-0.4976634280000001,-0.963781819,-0.0859949993,-0.2433797823,1.1382864840000004,-2.0869742590000007,0.1859737022,-0.5099545779
25,GLY,0.765,0.4231194690265487,1.0071,0.71482,0.3281800000000001,1,0.333333333333333,0,0.0,0.4556,0.0,1.0,0.5062,0.69455106,1.34262687,1.90134318,2.3346915,-0.712909734,-1.38333082,-0.1184762670999999,-0.3355823836999999,0.5880419780000001,-1.0079406439999998,0.1017435147,-0.2926498915999999
26,TYR,1.781,0.522593896713615,4.251329999999999,1.18067,0.4463299999999999,1,0.333333333333333,0,0.0,0.3556,0.8063,0.502,0.1605,0.83403101,1.6155650999999998,2.29596683,2.83400385,-0.6456665119999998,-1.2537786877999997,-0.10754323944,-0.3052336129999999,0.9827558060000002,-1.292387064,0.1486032859,-0.2980880396199998
27,ASP,1.521,0.567325624766878,2.54082,0.74552,0.4144800000000002,0,0.0,0,0.0,0.1111,0.3239,0.8675,1.0,0.5547316,1.06702638,1.49794646,1.8152453,-0.6423498664999999,-1.2323823355000003,-0.12697511273,-0.35695751776,0.703883282,-1.1499776709999996,0.1369905935,-0.3214551025
28,ARG,1.471,0.43871160155085,3.73048,1.4625,0.4195000000000002,0,0.0,0,0.0,0.0,0.7346,0.9398,0.6914,1.6718057200000005,3.2602213,4.6868974,5.883198179999999,-0.4023986993,-0.789462136,-0.0546082512,-0.1563945692,1.181679878,-2.775739328000001,0.1577885225,-0.5476245460000002
29,GLY,0.94,0.5199115044247787,0.92015,0.79775,0.0702500000000001,0,0.0,0,0.0,0.4556,0.0,1.0,0.5062,0.8340569299999999,1.6157590899999998,2.29657268,2.83529153,-0.4721879506999999,-0.9081810323,-0.09005838098,-0.25352984275,1.2555195340000007,-1.6684207510000009,0.2100990239000001,-0.46728132735
30,GLY,0.678,0.375,0.98531,0.77505,0.3549499999999999,0,0.0,0,0.0,0.4556,0.0,1.0,0.5062,0.69371056,1.3360485299999998,1.87971125,2.2851929,-0.4803143358,-0.931006978,-0.0829251832999999,-0.2351651193999999,1.058292066,-1.5290134410000005,0.1881956048999999,-0.3923065335
31,TYR,1.912,0.5610328638497653,3.96623,1.21019,0.2858099999999999,0,0.0,0,0.0,0.3556,0.8063,0.502,0.1605,0.8339869,1.6152251399999995,2.29486723,2.83154472,-0.4968645967,-0.9686978158,-0.07693745642,-0.21907805438,1.060713894,-1.8794614272000003,0.1660111398,-0.43905523165
32,ARG,2.14,0.6382344169400537,3.65245,1.0781200000000002,0.1348799999999999,0,0.0,0,0.0,0.0,0.7346,0.9398,0.6914,0.9736243100000002,1.88940693,2.6936217900000003,3.34043899,-0.2608280632,-0.506569857,-0.04244140887,-0.1202359768999999,1.1006199960000005,-0.934768089,0.1655663603999999,-0.2352508078
33,GLY,0.461,0.2549778761061947,0.98674,0.87307,0.4739299999999999,0,0.0,0,0.0,0.4556,0.0,1.0,0.5062,1.2513968800000002,2.4259631399999995,3.45212299,4.26841028,-0.26062506996,-0.5094317545,-0.0387413157699999,-0.1106561856999999,1.3764409030000009,-1.6113168085000005,0.2062536666,-0.3449509044999999
34,ARG,2.53,0.7545481658216522,4.06843,0.72723,0.0957700000000003,0,0.0,0,0.0,0.0,0.7346,0.9398,0.6914,0.97362177,1.88937616,2.69348196,3.33999982,-0.4281334963,-0.82871647,-0.0741697489299999,-0.2097156611,1.2966905709999996,-1.92180797,0.201883583,-0.4432968669999998
35,GLY,0.698,0.3860619469026548,0.8875,0.93495,0.1750500000000001,0,0.0,0,0.0,0.4556,0.0,1.0,0.5062,0.97368105,1.88984291,2.69502576,3.3435596699999994,-0.6014867409999999,-1.166231259,-0.1020662299,-0.2891575195,1.13704726,-2.4443683819999995,0.1964560299999999,-0.6536306627999998
36,GLY,0.718,0.3971238938053097,0.99912,0.80182,0.2881800000000001,0,0.0,0,0.0,0.4556,0.0,1.0,0.5062,1.11299431,2.1614657800000003,3.08528532,3.83276777,-0.5591584930000001,-1.0911050684,-0.08530377995,-0.24311658073,1.217452726,-1.9214077119999995,0.1941270369999999,-0.4549219347999998
37,ASP,1.157,0.4315553897799328,2.3718,1.1076199999999998,0.4163800000000002,0,0.0,0,0.0,0.1111,0.3239,0.8675,1.0,1.113216,2.16320275,3.09100524,3.84588152,-0.2595377306999999,-0.507605438,-0.0375463276,-0.10716297436,1.2558065030000003,-1.048039721,0.2067696689000001,-0.2491462824
38,ARG,2.575,0.7679689830002983,3.98867,0.80218,-0.0241799999999999,0,0.0,0,0.0,0.0,0.7346,0.9398,0.6914,0.6945539000000001,1.34264785,1.90140791,2.33482608,-0.62515298263,-1.21657091656,-0.0990617011449999,-0.28133966122,0.5491609140000001,-1.138048593,0.0937301008,-0.2836919879999999
39,GLY,0.945,0.5226769911504424,0.92302,0.8131200000000001,0.04988,0,0.0,0,0.0,0.4556,0.0,1.0,0.5062,0.69431264,1.3407543,1.89516166,2.32047294,-0.7858387490000001,-1.5270162450000002,-0.1294679329999999,-0.367682795,0.5483624490000001,-1.444299855,0.0992689481,-0.390420185
40,GLY,0.768,0.4247787610619469,0.99668,0.7800400000000001,0.2599599999999999,0,0.0,0,0.0,0.4556,0.0,1.0,0.5062,0.8342522800000001,1.617298,2.30167002,2.84707028,-0.6834736476000001,-1.3298992375999998,-0.1078873028299999,-0.3061885011999999,0.941352936,-2.228236559,0.1592002056000001,-0.5657879219999999
41,PHE,1.037,0.3335477645545191,3.0691,1.65094,0.42106,0,0.0,0,0.0,0.8111,0.783,0.0763,0.037,1.11291666,2.16086149,3.08331241,3.82829766,-0.7207858650000001,-1.407890968,-0.1078487617,-0.3076592120999999,1.6891623549999992,-2.787251522,0.2655454626,-0.6360461602999999
42,ARG,2.194,0.6543393975544288,3.9784,0.6960700000000001,0.4629300000000002,0,0.0,0,0.0,0.0,0.7346,0.9398,0.6914,0.8339344799999999,1.61479781,2.29340183,2.82800602,-0.8212250247,-1.5923596735000003,-0.139321841996,-0.3947211071,1.13557828,-2.091993978400001,0.2084234964000001,-0.5729496896700002
43,GLY,0.515,0.2848451327433628,0.91219,0.8366800000000001,0.45632,0,0.0,0,0.0,0.4556,0.0,1.0,0.5062,1.25112564,2.42392469,3.44570815,4.25461002,-0.6457750246000001,-1.2523242446,-0.1095675646,-0.3105485534,1.0216431860000004,-2.556208317,0.1592349141999999,-0.5989115267000001
44,GLY,0.247,0.1366150442477876,0.69053,0.99787,0.5631299999999999,0,0.0,0,0.0,0.4556,0.0,1.0,0.5062,1.25021871,2.4168119800000003,3.42226902,4.20082479,-0.4209900478999999,-0.8161081156,-0.07221934168,-0.2047388046,1.2161470550000002,-2.0577489430000004,0.206466062,-0.4846202995000003
45,ARG,1.881,0.5609901580674023,3.53135,1.2433,0.2287000000000001,0,0.0,0,0.0,0.0,0.7346,0.9398,0.6914,1.11174471,2.15169535,3.0531899100000004,3.75942885,-0.4753194655,-0.922887197,-0.0798434887999999,-0.2267416869999999,1.2183460509999997,-1.4642803690000004,0.189095236,-0.3389618846000001
46,GLY,1.033,0.5713495575221238,1.01015,0.61628,0.15872,0,0.0,0,0.0,0.4556,0.0,1.0,0.5062,0.69419362,1.33983126,1.89215649,2.3136886,-0.6353313621999997,-1.22631185,-0.11582872878,-0.3270938674,0.94056918,-1.132092014,0.1664594420000001,-0.3161352854000001
47,GLY,0.93,0.5143805309734514,0.94265,0.6902200000000001,0.1877799999999999,0,0.0,0,0.0,0.4556,0.0,1.0,0.5062,0.97320185,1.88610244,2.68276118,3.31560473,-0.4820293763,-0.9343638025,-0.0822606990699999,-0.2330378158999999,0.7862721350000003,-1.1283050469999998,0.1186931107,-0.2664641132
48,GLY,0.412,0.2278761061946902,0.94458,0.8568200000000001,0.53918,0,0.0,0,0.0,0.4556,0.0,1.0,0.5062,1.2503041700000002,2.41744818,3.4242521600000004,4.205034199999999,-0.34335248193,-0.6647116962,-0.0600927353099999,-0.1701537343,0.823740063,-1.2206415438,0.1408669227,-0.30369652787
49,ASP,0.78,0.2909362178291682,2.20857,1.32351,0.5774900000000001,0,0.0,0,0.0,0.1111,0.3239,0.8675,1.0,1.52944407,2.96482824,4.2187648000000015,5.216680919999999,-0.395002401,-0.7719402,-0.0579556141,-0.165274747,1.1796149990000002,-3.343407779999999,0.1752416871,-0.7168061440000002
50,ARG,2.089,0.6230241574709215,3.41128,0.9709,0.2931000000000002,0,0.0,0,0.0,0.0,0.7346,0.9398,0.6914,0.83350128,1.6114115999999998,2.28228232,2.80261017,-0.6938113499999999,-1.3385161480000003,-0.1273538931999999,-0.3594800484000001,0.7840834800000003,-1.809355557,0.1368737429,-0.4666761073
51,GLY,0.957,0.5293141592920354,0.97279,0.7053499999999999,0.1456500000000001,0,0.0,0,0.0,0.4556,0.0,1.0,0.5062,0.8336082499999999,1.61225572,2.28508268,2.80909404,-0.5881186552000001,-1.140201578,-0.1010973892999999,-0.2867192535,0.902629852,-1.150738559,0.1493065924,-0.3180368777
52,GLY,0.75,0.4148230088495575,0.94482,0.79079,0.26721,0,0.0,0,0.0,0.4556,0.0,1.0,0.5062,0.69471707,1.34392594,1.90561445,2.34446213,-0.6739259879999999,-1.317569677,-0.09858127146,-0.2813439464,0.6684394780000001,-1.6085391210000002,0.1003084231999999,-0.34642468
53,PHE,2.224,0.7153425538758444,3.26489,0.8749499999999999,0.0100499999999998,0,0.0,0,0.0,0.8111,0.783,0.0763,0.037,0.41685827,0.80654457,1.14388555,1.40754196,-0.467557622,-0.905534389,-0.0809078225,-0.2290354077,0.4305420640000001,-0.919406852,0.080806557,-0.2571754047
54,GLY,0.757,0.4186946902654867,0.73709,0.8104399999999999,0.2405600000000002,0,0.0,0,0.0,0.4556,0.0,1.0,0.5062,0.13817221,0.26281917,0.36173955,0.42525035,-0.3729639758963158,-0.7235615318578946,-0.0627892321615789,-0.1779948133210526,0.6094268494210526,-1.201954207094737,0.1002180065105263,-0.2921600009826315
55,PRO,1.276,0.5721973094170404,1.53917,1.03789,-0.08389,1,1.0,0,0.0,0.3222,0.3764,0.8594,0.3827,0.13817221,0.26281917,0.36173955,0.42525035,-0.3714339342063158,-0.7206429162178947,-0.0624497989940789,-0.1770385590610526,0.5774942070221608,-1.1569123788891966,0.0946260035900276,-0.2820305115869806
56,GLY,0.697,0.385508849557522,1.00989,0.73443,0.3765700000000002,0,0.0,0,0.0,0.4556,0.0,1.0,0.5062,0.55640822,1.08003982,1.54037421,1.91122627,-0.035119977,-0.068689715,-0.00515557697,-0.0147341104,0.472083312,-0.412138452,0.0693013524,-0.0884046984
57,LYS,2.044,0.7861538461538461,3.20303,0.77322,-0.2172199999999999,0,0.0,0,0.0,0.0667,0.6942,0.6867,0.7901,0.41557287,0.79660434,1.1116039,1.33490193,-0.06449904,-0.122684464,-0.014102801,-0.03942213,0.155910656,-0.49073788,0.034090068,-0.157688528
58,MET,1.913,0.6415157612340711,2.06585,0.99149,0.0775100000000001,0,0.0,0,0.0,0.7111,0.6196,0.0,0.0988,0.4154315199999999,0.7955025099999999,1.10799683,1.32669827,-0.063427515,-0.12306545,-0.010833299,-0.030763704,0.156942948,-0.49226184,0.0268055572,-0.123054824
59,ASP,0.672,0.2506527415143603,2.12876,1.31825,0.69075,0,0.0,0,0.0,0.1111,0.3239,0.8675,1.0,0.41709196,0.80838225,1.14996008,1.42153955,-0.062818386,-0.12348475,-0.008123647,-0.023309983,0.157624752,-0.493939,0.0203839688,-0.093239932
60,SER,1.29,0.5928308823529411,1.6077,0.7151799999999999,0.1708200000000002,0,0.0,0,0.0,0.4111,0.1877,0.8514,0.5309,0.41721355,0.8093360399999999,1.15310487,1.42876177,-0.249725421,-0.4903958899999999,-0.033048605,-0.094721075,0.5119711540000002,-1.5737486840000003,0.0691193428,-0.30816557
61,ARG,2.03,0.6054279749478079,3.50245,1.2805300000000002,0.0424700000000002,0,0.0,0,0.0,0.0,0.7346,0.9398,0.6914,0.41557287,0.79660434,1.1116039,1.33490193,-0.250010407,-0.48430883,-0.043422137,-0.123032053,0.509391272,-1.551549406,0.0913810259999999,-0.4006957680000001
62,GLY,0.962,0.5320796460176991,0.91797,0.69738,0.14862,1,0.333333333333333,0,0.0,0.4556,0.0,1.0,0.5062,0.55493704,1.0686302799999998,1.5032069,1.82724034,-0.302261973,-0.583333469,-0.0551890774999999,-0.1558135759999999,0.4693174479999999,-1.433556195,0.0906441575,-0.405630316
63,GLU,1.35,0.4948680351906158,2.89371,1.16219,0.21581,1,0.25,0,0.0,0.1111,0.4884,0.8112,0.9136,0.83426475,1.617402,2.3020344,2.8479720900000003,-0.351757342,-0.685496176,-0.0543863167,-0.154665517,0.156506576,-0.459222426,0.029776358,-0.128488863
64,HIS,1.424,0.51500904159132,2.93177,1.15757,0.1834300000000002,1,0.25,1,0.25,0.1444,0.561,0.1124,0.679,0.6944728600000001,1.34201938,1.89936215,2.33020969,-0.531256731,-1.028065708,-0.0925929667,-0.2618199925,0.038977664,-0.095460266,0.008522517,-0.030674195
65,ARG,2.236,0.6668654935878319,3.72668,1.05506,0.0619399999999998,0,0.0,1,0.2,0.0,0.7346,0.9398,0.6914,0.69441374,1.3415437300000002,1.89775188,2.32638201,-0.3903892141,-0.7577358028000001,-0.06543067833,-0.1856137194,0.362301856876385,-0.6413856649805747,0.0599450846306267,-0.1608267126054363
66,GLN,1.185,0.4121739130434783,2.58124,1.45429,0.2357099999999998,0,0.0,1,0.2,0.1111,0.5388,0.7952,0.6914,0.8339188799999999,1.61470403,2.2931947900000003,2.82784515,-0.405239576,-0.789523814,-0.0631493933,-0.1796091652999999,0.3488523349922741,-0.6091652453612859,0.0577775271956641,-0.1532514751690897
67,ASP,1.556,0.5803804550540843,2.57282,0.69266,0.4323399999999999,0,0.0,0,0.0,0.1111,0.3239,0.8675,1.0,0.97389036,1.8914744,2.70036823,3.3557159500000004,-0.3345452049999999,-0.650359858,-0.0537366005,-0.1524083285,0.3411503989292912,-0.6214794199463664,0.0570572881203931,-0.1573043987171579
68,ARG,2.047,0.6104980614375186,3.74847,1.34826,-0.0422599999999999,0,0.0,0,0.0,0.0,0.7346,0.9398,0.6914,0.97302547,1.88470412,2.67809942,3.3047414,-0.255915821,-0.4980975159999999,-0.0410311477,-0.1167038127999999,0.077955328,-0.101875372,0.017045034,-0.032735556
69,ARG,2.503,0.7464956755144646,4.046600000000001,0.71524,0.1347600000000001,0,0.0,0,0.0,0.0,0.7346,0.9398,0.6914,0.97338602,1.88753283,2.68742669,3.3261641399999995,-0.272472587,-0.531129374,-0.0418193001,-0.118927389,0.274112032,-0.5976814180000001,0.0503567818,-0.1654063389999999
70,GLU,1.644,0.6026392961876832,2.65788,0.8571,0.2269000000000003,0,0.0,0,0.0,0.1111,0.4884,0.8112,0.9136,0.83348723,1.61133498,2.2821464,2.80265531,-0.1301749549999999,-0.253297133,-0.0208822829999999,-0.0593609314,0.58867611,-0.6571705700000001,0.097365111,-0.1583622089
71,ARG,2.363,0.7047420220697882,3.91594,0.72468,0.2653200000000002,1,0.333333333333333,1,0.333333333333333,0.0,0.7346,0.9398,0.6914,0.6943729700000001,1.3412277,1.89672346,2.32406219,-0.191697273,-0.371549798,-0.0325876451,-0.092255756,0.588611678,-0.7696507069999999,0.09768305,-0.189284096
72,PRO,1.14,0.5112107623318385,1.896,1.0714,0.0186000000000001,1,0.2,1,0.2,0.3222,0.3764,0.8594,0.3827,0.83326162,1.60955664,2.27625398,2.78903432,-0.0548135974,-0.1075992566999999,-0.00739856758,-0.0212121952,0.5899182929999999,-0.2189361397999999,0.0881346419999999,-0.0426950802
73,TYR,2.887,0.8471244131455399,4.71459,0.42182,0.0991799999999999,1,1.0,1,1.0,0.3556,0.8063,0.502,0.1605,0.55678706,1.08300739,1.55014277,1.93361007,0.0560238095,0.1129382789999999,0.0033626982,0.0103797765,0.4713362800000001,0.242670095,0.073886384,0.0333290843999999
