1,GLY,0.785,0.4341814159292035,1.13644,0.74213,0.2808700000000002,0,0.0,0,0.0,0.4556,0.0,1.0,0.5062,1.3913154399999998,2.70226412,3.85756923,4.79178114,-0.197430106,-0.3849706555,-0.0308130187,-0.0878316239,0.549741659,-0.9040939125,0.0894075488,-0.2048438377
2,PRO,0.972,0.4358744394618834,1.75522,1.15121,0.1067899999999999,0,0.0,0,0.0,0.3222,0.3764,0.8594,0.3827,1.11183068,2.1523794,3.0554744300000003,3.76476038,-0.2126908802,-0.409156655,-0.0404447027999999,-0.1138682863,0.627904918,-0.7999153819999999,0.1042368494,-0.2231044471999999
3,GLY,0.954,0.5276548672566371,0.92273,0.66326,0.1907400000000001,0,0.0,0,0.0,0.4556,0.0,1.0,0.5062,0.83355979,1.61190029,2.28399618,2.80685957,-0.3810661939999999,-0.7396977531000001,-0.06347164719,-0.17999204506,0.9020224159999995,-1.2920190158000002,0.1539731766,-0.31575724624
4,GLY,0.985,0.5448008849557522,1.03355,0.62828,0.1947200000000001,0,0.0,0,0.0,0.4556,0.0,1.0,0.5062,0.83392477,1.61473685,2.29325489,2.82783466,-0.23469195884,-0.4554984363,-0.039051168435,-0.110683958,1.0588676990000003,-0.8199594022000001,0.1810763623,-0.2093909954499999
5,GLY,0.224,0.1238938053097345,0.7928799999999999,0.96989,0.61411,0,0.0,0,0.0,0.4556,0.0,1.0,0.5062,1.11126903,2.14801571,3.0412384500000003,3.73253471,-0.314893131,-0.6157875599999999,-0.0463152670999999,-0.1323309485,0.629175441,-1.149237327,0.0946688105,-0.2482746869999999
6,PRO,1.553,0.6964125560538116,2.09985,0.7521800000000001,-0.07518,0,0.0,0,0.0,0.3222,0.3764,0.8594,0.3827,1.11242509,2.15699344,3.07051876,3.79879465,-0.2729043846,-0.530278749,-0.0452860187,-0.1286895652,0.6278372599999998,-0.9058292,0.1053672564,-0.2251666340999999
7,GLY,0.405,0.224004424778761,0.8178799999999999,0.90922,0.49378,0,0.0,0,0.0,0.4556,0.0,1.0,0.5062,1.11219981,2.15527206,3.06500203,3.78661316,-0.4529120404,-0.87924362,-0.0755523878,-0.21432832804,0.39252617,-0.8490853389999999,0.0645959933,-0.2073246725
8,GLY,0.79,0.4369469026548672,0.97685,0.7243099999999999,0.2936900000000001,0,0.0,0,0.0,0.4556,0.0,1.0,0.5062,1.1122610600000002,2.15573734,3.06648392,3.78985654,-0.3632228859,-0.7050137787,-0.06093240855,-0.17287950843,0.5494506700000001,-0.4039283458,0.0905799779999999,-0.10189463519
9,SER,0.814,0.3740808823529411,1.41697,0.9768,0.3852000000000001,0,0.0,0,0.0,0.4111,0.1877,0.8514,0.5309,1.3903785599999998,2.6950819,3.8344626,4.740458629999999,-0.2139410303,-0.4131675284,-0.0382222866699999,-0.10783854255,0.470768468,-0.699347861,0.0786670149999999,-0.1925111159999999
10,HIS,1.24,0.4484629294755877,2.97327,1.29519,0.22981,0,0.0,1,0.142857142857143,0.1444,0.561,0.1124,0.679,1.11241971,2.15697837,3.07056394,3.79919027,-0.493131135,-0.9508935917,-0.0908601265599999,-0.256290969,0.4327550959999999,-0.1111741491999999,0.0627282702,-0.0241750115
11,MET,1.988,0.6666666666666666,2.80801,0.6559200000000002,0.33808,0,0.0,1,0.25,0.7111,0.6196,0.0,0.0988,0.83405646,1.61575542,2.29656063,2.83526349,-0.7231374353000001,-1.405158874,-0.1187584798999999,-0.3371488172,0.508388137,-0.6322494499999999,0.0983234435,-0.179418881
12,GLY,0.511,0.2826327433628318,0.81726,0.8239400000000001,0.47306,1,0.166666666666667,1,0.166666666666667,0.4556,0.0,1.0,0.5062,0.8338184599999999,1.61390931,2.29054908,2.8216905600000004,-0.6862794565999999,-1.339290449,-0.1038729995999999,-0.2959174194,0.353973956,-0.6873866420000001,0.0526432205,-0.14761964
13,GLY,0.616,0.3407079646017699,0.8161700000000001,0.8886799999999999,0.3033200000000002,2,0.333333333333333,0,0.0,0.4556,0.0,1.0,0.5062,0.69452185,1.34238629,1.9005097,2.33265265,-0.5036785268,-0.9766269095,-0.08549031887,-0.2422122908,0.3913621199999999,-0.9343632350000002,0.0735991235,-0.258454026
14,ASN,1.713,0.7006134969325154,2.52323,0.8058299999999999,-0.0738300000000001,3,0.5,1,0.166666666666667,0.1111,0.3976,0.6747,0.8272,0.8341208,1.61626982,2.29829179,2.83934752,-0.5418461659999999,-1.0573105810000003,-0.0820304926,-0.2336256499999999,0.82292022,-1.7520363750000003,0.1459406104,-0.4385398254999998
15,TYR,2.025,0.5941901408450704,3.86197,1.02954,0.3534600000000001,3,0.75,1,0.25,0.3556,0.8063,0.502,0.1605,0.8340333999999999,1.61558285,2.29602241,2.8341230700000004,-0.4042585499,-0.7867237175,-0.0642645638599999,-0.1825804715,1.1375002,-1.5044995065,0.1933158773000001,-0.3795311962000001
16,GLY,0.425,0.2350663716814159,0.83253,0.92812,0.45488,1,0.25,1,0.25,0.4556,0.0,1.0,0.5062,0.6942801299999999,1.3405112199999998,1.8944033,2.31886435,-0.358182366,-0.6908376994999998,-0.06596505723,-0.1861609417,1.1746288840000003,-2.1681205719999994,0.2163646964000001,-0.6208021153999996
17,ASP,1.442,0.5378590078328982,2.50881,0.8017299999999999,0.4372700000000001,1,0.166666666666667,1,0.166666666666667,0.1111,0.3239,0.8675,1.0,0.8339212400000001,1.61469936,2.29309601,2.8273614200000003,-0.3997512698000001,-0.7798651873000001,-0.06132589228,-0.174758984,1.060933166,-1.6947482865000003,0.1656043734,-0.3968052459999999
18,ASP,0.968,0.361059306229019,2.09369,1.0808,0.6322000000000001,0,0.0,0,0.0,0.1111,0.3239,0.8675,1.0,0.8338552400000001,1.6142061799999998,2.29155791,2.82410044,-0.5170221070000001,-1.009362814,-0.0775524614,-0.220987139,1.3360945760000007,-3.269058080000001,0.2050023001999999,-0.722370773
19,ARG,2.424,0.7229346853563972,3.93512,0.7895800000000001,0.1394200000000002,0,0.0,0,0.0,0.0,0.7346,0.9398,0.6914,0.6945590800000001,1.3426869499999998,1.90153114,2.33509223,-0.5740051349999999,-1.112265675,-0.0982960019,-0.2783175459999999,1.098676894,-3.081542852,0.1832688823,-0.749520079
20,ARG,2.088,0.6227259170891739,3.86681,1.05516,0.20984,0,0.0,0,0.0,0.0,0.7346,0.9398,0.6914,0.83376863,1.6135127699999998,2.289223,2.8185888500000003,-0.4443761577,-0.8654114431999999,-0.0700727451,-0.1992910378,1.020304998,-2.1346806606,0.1693877584000001,-0.4964268058999999
21,GLY,0.853,0.47179203539823,0.88363,0.7989799999999999,0.1560200000000001,0,0.0,0,0.0,0.4556,0.0,1.0,0.5062,0.83372784,1.61319665,2.28819417,2.81626724,-0.3753750980000001,-0.729570678,-0.061152793,-0.1735830272999999,1.02032904,-1.6782730009999995,0.1695844188999999,-0.4142149396
22,GLY,0.881,0.4872787610619469,1.0071599999999998,0.6819599999999999,0.2450400000000001,0,0.0,0,0.0,0.4556,0.0,1.0,0.5062,0.69434377,1.34100907,1.89604018,2.32260906,-0.419636529,-0.8097828760000002,-0.0766421341,-0.2163538276999999,1.1374453210000006,-2.2704217850000004,0.1925662244999999,-0.6062967354999996
23,ARG,1.914,0.570832090665076,3.54411,1.2894899999999998,0.1495100000000004,1,0.166666666666667,0,0.0,0.0,0.7346,0.9398,0.6914,0.8335375199999999,1.61170554,2.28328515,2.80501751,-0.4446651129999999,-0.868069567,-0.0673912884,-0.1921888755,0.8252996199999999,-1.660140906,0.1284148325999999,-0.3715432902
24,GLY,0.821,0.4540929203539822,0.93443,0.7469700000000001,0.2400299999999999,1,0.2,0,0.0,0.4556,0.0,1.0,0.5062,0.69401226,1.33840673,1.88745346,2.30286997,-0.4717938139999999,-0.915837304,-0.079174061,-0.22469012,0.900951308,-2.1757097420000004,0.1634829834,-0.561394144
25,GLY,0.939,0.519358407079646,0.96577,0.6928200000000001,0.17618,0,0.0,0,0.0,0.4556,0.0,1.0,0.5062,0.69455106,1.34262687,1.90134318,2.3346915,-0.372438397,-0.718271248,-0.0683509135,-0.1927835564999999,1.0582545000000003,-2.2381705160000003,0.1857389036000001,-0.6079702210000001
26,TYR,1.286,0.3773474178403756,3.43045,1.71721,0.40479,2,0.333333333333333,1,0.166666666666667,0.3556,0.8063,0.502,0.1605,0.8335045700000001,1.6114361,2.2823575600000003,2.80276659,-0.5123252500000001,-0.999885762,-0.0783702268,-0.223510063,1.060487008,-1.7934494149999995,0.1694682340999999,-0.402162196
27,ASP,1.119,0.4173815740395374,2.10267,1.09416,0.46784,1,0.25,1,0.25,0.1111,0.3239,0.8675,1.0,0.5550034399999999,1.0691498,1.5049135800000002,1.8311409,-0.6334710169999999,-1.223524757,-0.1142339526,-0.322687601,1.0975774460000003,-2.740873521,0.1928504187000001,-0.723047561
28,ARG,1.904,0.5678496868475991,3.32851,1.3293899999999998,0.1196100000000004,2,0.4,2,0.4,0.0,0.7346,0.9398,0.6914,0.6945239599999999,1.3424131899999998,1.9006346300000003,2.33305214,-0.7527571073000001,-1.4573795504000002,-0.13079845026,-0.3701258531299999,1.3334269360000006,-2.217148203900001,0.2272974170000002,-0.63052191358
29,GLY,0.38,0.2101769911504424,0.71398,0.96295,0.4650499999999999,3,0.333333333333333,1,0.111111111111111,0.4556,0.0,1.0,0.5062,1.11244127,2.1571264,3.07097687,3.79990799,-0.4990942448500001,-0.96813843834,-0.0843761958399999,-0.23920666948,0.863936573,-0.7602769718,0.139244825,-0.16694304633
30,GLY,0.52,0.2876106194690265,0.8314,0.88765,0.40035,6,0.375,2,0.125,0.4556,0.0,1.0,0.5062,1.2504868,2.41892174,3.42924591,4.21690858,-0.456267704,-0.8838357369999998,-0.0783000671999999,-0.221584596,0.6663737040000002,-1.5909033150000005,0.1167721486,-0.406321044
31,TYR,1.544,0.4530516431924883,3.8303,1.39317,0.4708299999999998,5,0.454545454545455,2,0.181818181818182,0.3556,0.8063,0.502,0.1605,1.2513000600000002,2.42524218,3.44988159,4.26368054,-0.485243909,-0.948758887,-0.071095435,-0.202993508,0.668412132,-1.7429184739999997,0.1007452042,-0.377899156
32,ARG,2.712,0.8088279152997316,3.66073,0.69062,-0.04962,2,0.333333333333333,2,0.333333333333333,0.0,0.7346,0.9398,0.6914,0.8337804600000001,1.6136152199999998,2.28959322,2.81953816,-0.29705418717,-0.5720371768,-0.05587675406,-0.1574943898799999,1.4121821340000005,-1.4406718902999998,0.2388953571000001,-0.4058162018000001
33,GLY,0.97,0.536504424778761,1.08573,0.5732200000000001,0.26478,2,0.222222222222222,2,0.222222222222222,0.4556,0.0,1.0,0.5062,0.83337083,1.61040467,2.27901943,2.79529212,-0.4125711565000001,-0.796385997,-0.0751856447999999,-0.2123368101,1.412075988000001,-1.862538465,0.2415327032999999,-0.4874941876000001
34,ARG,1.709,0.5096928124067999,3.5833,1.3187,0.3253000000000001,4,0.25,3,0.1875,0.0,0.7346,0.9398,0.6914,1.25056778,2.4195353,3.43119912,4.221187909999999,-0.4977659749999999,-0.974532573,-0.0708372016,-0.2024820329999999,0.6289501200000002,-1.5760978410000002,0.0959755032,-0.3440882329999999
35,GLY,1.034,0.5719026548672567,1.05128,0.68409,0.08991,2,0.142857142857143,1,0.0714285714285714,0.4556,0.0,1.0,0.5062,1.25085457,2.42179522,3.43867833,4.238439959999999,-0.406646805,-0.793912657,-0.061214128,-0.174504728,0.6281629440000001,-1.0653488430000002,0.1025118111,-0.240414933
36,GLY,0.517,0.2859513274336283,0.84548,0.8846,0.4063999999999999,1,0.0714285714285714,1,0.0714285714285714,0.4556,0.0,1.0,0.5062,1.25160114,2.42758396,3.4575299900000007,4.28102057,-0.3644024629999999,-0.7069310660000001,-0.0619448782,-0.1757504804,0.6279974580000001,-0.878079826,0.1044762622999999,-0.2271292780999999
37,ASP,1.405,0.5240581872435658,2.39915,0.8263400000000001,0.4496599999999999,0,0.0,1,0.142857142857143,0.1111,0.3239,0.8675,1.0,0.97363647,1.88948455,2.69381519,3.34069182,-0.39284718898,-0.755428751,-0.0756203918139999,-0.21299880823,1.099751131,-1.0914440555,0.1734904389999999,-0.312420779215
38,ARG,1.664,0.4962719952281538,3.63827,1.21378,0.4752200000000002,0,0.0,0,0.0,0.0,0.7346,0.9398,0.6914,0.97373388,1.8902594,2.6964067000000003,3.34675494,-0.735219853,-1.4306879476999996,-0.1168077520399999,-0.3317784174600001,0.902423989,-1.3484679201000005,0.1499890252,-0.3588605302800001
39,GLY,0.576,0.3185840707964601,0.89943,0.8294,0.4026000000000002,0,0.0,0,0.0,0.4556,0.0,1.0,0.5062,0.69418544,1.3397578799999998,1.89188193,2.31295847,-0.638994063,-1.237338506,-0.1110852723,-0.314476155,0.9795791540000002,-2.7942555059999994,0.1751789594,-0.7348668679999999
40,GLY,0.843,0.4662610619469026,0.99312,0.6688000000000001,0.2962,0,0.0,0,0.0,0.4556,0.0,1.0,0.5062,0.55473018,1.06701591,1.49791426,1.81517884,-0.4903724859999999,-0.948917581,-0.0866393725,-0.2452994859999999,0.783466194,-2.325726018000001,0.142437048,-0.6082387090000002
41,PHE,2.108,0.6780315213895144,3.02896,1.00749,-0.0064900000000001,0,0.0,0,0.0,0.8111,0.783,0.0763,0.037,0.6943967099999999,1.34141716,1.89735861,2.32555317,-0.4956095949999999,-0.966263556,-0.0764935851999999,-0.217744117,1.0211916440000002,-3.1176282400000006,0.1624616156,-0.725081117
42,ARG,1.491,0.4446764091858037,3.36618,1.5596,0.3024,0,0.0,0,0.0,0.0,0.7346,0.9398,0.6914,0.69439417,1.34138622,1.89721727,2.325108,-0.3268870953,-0.6346901145,-0.0545011611,-0.1546506587,0.9405196230000002,-1.5055096840000002,0.1668751453,-0.385555167
43,GLY,0.715,0.3954646017699115,0.96649,0.80387,0.28913,0,0.0,0,0.0,0.4556,0.0,1.0,0.5062,0.5550034399999999,1.0691498,1.5049135800000002,1.8311409,-0.479242298,-0.922976969,-0.0898963765,-0.2533549695,0.8217956040000002,-2.157223162,0.15487809,-0.6172507374999999
44,GLY,0.892,0.493362831858407,1.01276,0.72349,0.19251,0,0.0,0,0.0,0.4556,0.0,1.0,0.5062,0.69465496,1.34343758,1.90400035,2.34074495,-0.5468582939999999,-1.067261446,-0.0826319762999999,-0.235397078,0.863767225,-2.5612753400000003,0.1402212719999999,-0.613302095
45,ARG,2.748,0.8195645690426484,3.98941,0.75981,-0.15481,1,0.333333333333333,0,0.0,0.0,0.7346,0.9398,0.6914,0.55479706,1.06753889,1.49963177,1.81910212,-0.4422480339999999,-0.855569581,-0.0783038415,-0.221610699,0.54839263,-1.435249718,0.0996481384999999,-0.3793034999999999
46,GLY,0.837,0.4629424778761061,0.89755,0.75292,0.21808,2,0.666666666666667,0,0.0,0.4556,0.0,1.0,0.5062,0.5548696799999999,1.06810384,1.5014785600000002,1.82329434,-0.427705228,-0.8239842829999999,-0.0800423653,-0.2256887483,0.5478405030000001,-1.1519930870000004,0.1036282345,-0.3233960846
47,GLY,1.006,0.5564159292035398,0.97356,0.7224900000000001,0.0795099999999999,2,0.666666666666667,0,0.0,0.4556,0.0,1.0,0.5062,0.97364576,1.88955614,2.69404497,3.34119898,-0.3551709058,-0.6958055285,-0.0499480945,-0.142882159,1.0232990529999997,-2.042394909000001,0.1453040443999999,-0.4265755729999999
48,GLY,0.697,0.385508849557522,1.00309,0.76147,0.3495300000000002,2,0.666666666666667,0,0.0,0.4556,0.0,1.0,0.5062,0.6939126099999999,1.33762807,1.88489727,2.29703502,-0.48598247,-0.940421185,-0.0855471318999999,-0.242109124,1.0983366520000002,-2.872919324,0.1881913696000001,-0.7176700680000002
49,ASP,1.536,0.5729205520328235,2.14053,1.0121099999999998,0.1328900000000001,1,1.0,0,0.0,0.1111,0.3239,0.8675,1.0,0.5549693,1.06888297,1.50403853,1.82914495,-0.5711270239999999,-1.104642974,-0.1010467495,-0.285791595,1.0184532799999997,-3.1875047399999987,0.184718014,-0.8428897280000003
50,ARG,2.033,0.6063226960930509,3.69499,1.12891,0.1910900000000002,1,1.0,0,0.0,0.0,0.7346,0.9398,0.6914,0.83385028,1.61415827,2.29136754,2.82356335,-0.566507628,-1.104386392,-0.0877753819,-0.2498913882,0.8639780660000002,-2.0106584050000005,0.1378324462,-0.4866401394999998
51,GLY,0.823,0.4551991150442477,0.94247,0.7328599999999998,0.2521400000000002,1,0.333333333333333,0,0.0,0.4556,0.0,1.0,0.5062,0.9733535,1.88726771,2.68651615,3.3239616399999994,-0.2924047059,-0.565077898,-0.05203791672,-0.1469837134,0.94194177,-1.207278589,0.1547038929999999,-0.3338280667000001
52,GLY,0.709,0.392146017699115,0.97221,0.7770899999999998,0.3219100000000003,0,0.0,0,0.0,0.4556,0.0,1.0,0.5062,0.83361087,1.6122642699999998,2.2850685200000003,2.80893181,-0.5518922260000001,-1.069165316,-0.0947377894,-0.2681469354999999,0.5889819079999998,-0.9857995229999998,0.0957493594,-0.2392876619999999
53,PHE,2.311,0.7433258282405918,3.1812,0.71465,0.08335,0,0.0,0,0.0,0.8111,0.783,0.0763,0.037,0.8338578600000001,1.61421391,2.29153747,2.82391177,-0.5712585800000001,-1.115563424,-0.0861863834,-0.245893963,0.589384792,-1.124499727,0.0927603163999999,-0.2656332
54,GLY,0.727,0.4021017699115044,0.98934,0.7381899999999999,0.34281,0,0.0,0,0.0,0.4556,0.0,1.0,0.5062,0.69444203,1.34177708,1.89856215,2.32836913,-0.658011564,-1.27785043,-0.1081601812999999,-0.306660019,0.7431624380000001,-1.87909569,0.1425490437,-0.5368678579999999
55,PRO,1.185,0.531390134529148,1.97337,0.93886,0.1061399999999999,1,0.166666666666667,0,0.0,0.3222,0.3764,0.8594,0.3827,0.8335995,1.6121797,2.2848053,2.80837437,-0.3202709313,-0.621289363,-0.0542012895,-0.1536959681999999,1.1770585259999995,-1.6059333033000005,0.1983255042,-0.3904692832500001
56,GLY,0.344,0.1902654867256637,0.80908,1.01708,0.44692,1,0.2,0,0.0,0.4556,0.0,1.0,0.5062,1.11276643,2.15968475,3.07943737,3.81941326,-0.4269308362,-0.8367103158,-0.05959546046,-0.1705531876999999,1.2972240180000003,-1.86606556,0.1972565136,-0.38593988949
57,LYS,2.457,0.945,3.1909300000000003,0.84143,-0.6984299999999998,1,0.333333333333333,0,0.0,0.0667,0.6942,0.6867,0.7901,0.83427888,1.61750815,2.30236781,2.84868705,-0.6572884769999999,-1.2813227540000005,-0.1005372264,-0.2858645237,1.2950840160000003,-2.801590212,0.2132263041,-0.6630073376
58,MET,1.542,0.5171026156941649,2.51223,1.17189,0.26811,0,0.0,1,0.166666666666667,0.7111,0.6196,0.0,0.0988,0.83309422,1.6082468600000002,2.27194865,2.77918908,-0.7171688484000002,-1.393761228,-0.1186640662,-0.3372794702,1.2950309520000003,-3.0848604920000007,0.2167082489999999,-0.7410569092000002
59,ASP,1.552,0.5788884744498322,2.53755,0.72581,0.40319,0,0.0,1,0.25,0.1111,0.3239,0.8675,1.0,0.83395519,1.6149753099999995,2.29404082,2.82963904,-0.428661511,-0.8276036597,-0.07756787182,-0.2189889904399999,1.216509498,-1.7031783605,0.20129063,-0.4429450887800001
60,SER,1.243,0.5712316176470589,1.46799,0.72584,0.20716,0,0.0,1,0.142857142857143,0.4111,0.1877,0.8514,0.5309,1.11254767,2.15796891,3.07378224,3.80643465,-0.3751518005,-0.7306450472,-0.05945880431,-0.1692093619999999,0.9815701400000002,-1.4279711018999997,0.1592140763,-0.3327739680000001
61,ARG,1.756,0.5237101103489412,3.62498,1.37019,0.2268100000000001,0,0.0,1,0.166666666666667,0.0,0.7346,0.9398,0.6914,1.251989,2.43061717,3.46749688,4.303803879999999,-0.4219125339,-0.8263689418,-0.0597179796,-0.1708099172999999,1.0230577450000002,-1.8205111564,0.1472289363,-0.38072078408
62,GLY,1.05,0.5807522123893806,1.06716,0.59358,0.16442,1,0.25,0,0.0,0.4556,0.0,1.0,0.5062,0.834379,1.61829074,2.30493749,2.85455597,-0.379093475,-0.7300241740000001,-0.0708951316999999,-0.1996973306,0.903021657,-1.1633279339999996,0.1460341363,-0.304376866
63,GLU,1.48,0.5425219941348973,2.96538,0.98276,0.2652400000000002,1,0.166666666666667,0,0.0,0.1111,0.4884,0.8112,0.9136,0.83349181,1.6113416799999998,2.28206716,2.80216337,-0.4631825431,-0.8998053140000001,-0.0770688740439999,-0.21895044292,0.9803783580000002,-1.428529646,0.1688301568,-0.3384612497199999
64,HIS,1.409,0.5095840867992767,2.4839,1.19088,0.1651200000000001,1,0.142857142857143,1,0.142857142857143,0.1444,0.561,0.1124,0.679,0.97298173,1.88435319,2.676915,3.3019382200000003,-0.515254093,-1.0036917079999998,-0.0815017512,-0.23200383,0.745928268,-1.489611404,0.1226465264999999,-0.3538469519999999
65,ARG,2.25,0.6710408589322994,3.93638,0.74686,0.3561400000000002,0,0.0,1,0.166666666666667,0.0,0.7346,0.9398,0.6914,1.11300801,2.1615682,3.08560623,3.83345285,-0.5323357354999999,-1.0411334340000002,-0.0778190345,-0.22229665073,0.629493154,-1.1628350669999996,0.0909935831999999,-0.248549693
66,GLN,1.491,0.5186086956521739,2.73551,1.22404,0.1599599999999998,0,0.0,1,0.2,0.1111,0.5388,0.7952,0.6914,0.8338877900000001,1.61444937,2.29231686,2.82571132,-0.7240599165,-1.403784487,-0.1226080888,-0.3472230263999999,0.58779327,-1.308978144,0.104561243,-0.356348242
67,ASP,0.934,0.3483774710928758,2.17202,1.12995,0.6170499999999999,0,0.0,0,0.0,0.1111,0.3239,0.8675,1.0,0.83398695,1.6152245099999998,2.2948619,2.83152227,-0.6319410590000001,-1.231306904,-0.0987411013,-0.280955555,0.5492412760000001,-1.071662976,0.092249212,-0.2522373599999999
68,ARG,1.923,0.5735162541008052,3.95141,0.94153,0.4884700000000002,0,0.0,0,0.0,0.0,0.7346,0.9398,0.6914,0.8338098399999999,1.61383244,2.29026376,2.82093799,-0.4572904505,-0.8898428690000002,-0.0732686768,-0.2082642745,0.6669376860000001,-0.7056380239999999,0.112794547,-0.169361238
69,ARG,1.746,0.5207277065314643,3.65262,1.25677,0.3502300000000002,0,0.0,1,0.333333333333333,0.0,0.7346,0.9398,0.6914,0.8338547799999999,1.6142027,2.29154736,2.82407894,-0.32848394153,-0.6359933941000001,-0.0568453226,-0.16081909105,0.9427625840000003,-1.2289796164000002,0.147830816,-0.3146879642000001
70,GLU,1.408,0.5161290322580645,2.8867000000000003,0.99053,0.3294700000000002,0,0.0,1,0.333333333333333,0.1111,0.4884,0.8112,0.9136,0.8339184100000001,1.6147004899999997,2.2931833800000003,2.82782006,-0.256280975,-0.497791859,-0.0422068243999999,-0.119748098,0.589084256,-1.0263992759999998,0.0934760206,-0.254122867
71,ARG,1.965,0.5860423501342081,3.86179,1.0126,0.3754000000000002,0,0.0,2,0.666666666666667,0.0,0.7346,0.9398,0.6914,0.69431802,1.3408064599999998,1.89536935,2.32105964,-0.31463265,-0.612287925,-0.050196637,-0.142657307,0.5487943080000001,-1.4159698949999997,0.096027304,-0.356477551
72,PRO,1.396,0.6260089686098654,1.97319,0.89085,-0.0568499999999999,0,0.0,1,0.5,0.3222,0.3764,0.8594,0.3827,0.55512282,1.07009959,1.50809256,1.83858624,-0.33291026,-0.648406241,-0.0522145483,-0.1484760219999999,0.8634299080000003,-2.3575798570000006,0.1420876292,-0.5602860530000001
73,TYR,2.962,0.8691314553990611,4.97545,0.58226,-0.1362600000000002,0,0.0,1,1.0,0.3556,0.8063,0.502,0.1605,0.41721355,0.80933604,1.15310487,1.42876177,-0.349676021,-0.68200458,-0.0531638403999999,-0.1512845259999999,0.7467884260000001,-2.2015361380000007,0.1132788169,-0.486951884
