1,GLY,1.367,0.7560840707964601,1.20804,0.44091,9.00000000000345e-05,0,0.0,1,0.5,0.4556,0.0,1.0,0.5062,0.69635164,1.35661166,1.94697041,2.43800957,-0.8932639958999999,-1.7391569521000003,-0.14170762389,-0.40298037034,1.257983772,-2.0868836460999995,0.1895663705999998,-0.4749104856199999
2,PRO,1.475,0.6614349775784754,1.70277,0.8667400000000001,-0.1117400000000001,2,0.4,2,0.4,0.3222,0.3764,0.8594,0.3827,0.97376596,1.89051438,2.69725754,3.34873905,-0.7555961372000001,-1.4648885665999998,-0.1279662814499999,-0.3623819631,1.4137922350000005,-2.0154141958,0.2254847046,-0.4990144079999999
3,GLY,0.36,0.1991150442477876,0.77593,0.995,0.4529999999999999,4,0.285714285714286,4,0.285714285714286,0.4556,0.0,1.0,0.5062,1.66977166,3.24433729,4.63478376,5.764312809999999,-0.3796001709999999,-0.7389247889999999,-0.0602184133999999,-0.1711700156,1.060237078,-0.9468120060000004,0.1695912123999999,-0.2318357788999999
4,GLY,0.563,0.3113938053097345,0.93026,0.9253999999999998,0.3196000000000003,3,0.230769230769231,3,0.230769230769231,0.4556,0.0,1.0,0.5062,1.6706537900000002,3.25118055,4.65707841,5.81468889,-0.2598600593,-0.5050991570000001,-0.0422324911,-0.1198647177,0.6674092789999999,-0.588883806,0.1089445527,-0.1463328861999999
5,GLY,0.765,0.4231194690265487,0.9337,0.81025,0.2327500000000001,2,0.133333333333333,1,0.0666666666666667,0.4556,0.0,1.0,0.5062,1.53124527,2.9787863,4.26418896,5.3191763100000005,-0.5885959950999998,-1.1447282305000002,-0.09527674852,-0.2706998132,0.3538650779999999,-0.43846733,0.0537458026,-0.0965556918
6,PRO,1.012,0.4538116591928251,1.78313,1.1361,0.0818999999999998,0,0.0,0,0.0,0.3222,0.3764,0.8594,0.3827,1.39219302,2.70920543,3.88064109,4.845315960000001,-0.7868493522000001,-1.5388288544999995,-0.11466527168,-0.32742492845,0.354279646,-0.518276865,0.049681167,-0.1077165193
7,GLY,0.656,0.3628318584070796,0.84795,0.87258,0.2794200000000001,0,0.0,0,0.0,0.4556,0.0,1.0,0.5062,1.11280116,2.15995429,3.08031715,3.82140606,-0.6760524801,-1.3199258150000002,-0.10198036482,-0.2907701958000001,0.942773408,-0.3481610891,0.1487302557,-0.100940192
8,GLY,0.984,0.5442477876106194,1.00227,0.64771,0.17629,0,0.0,1,0.166666666666667,0.4556,0.0,1.0,0.5062,0.97392632,1.89175542,2.70128943,3.35781455,-0.6789175881999998,-1.3188268432999997,-0.11174170244,-0.3170549629999999,1.2187035030000004,-1.1180589542,0.1841866474000001,-0.2792638416
9,SER,1.005,0.4618566176470587,1.56131,0.9057,0.2653000000000003,0,0.0,2,0.222222222222222,0.4111,0.1877,0.8514,0.5309,1.2518896199999998,2.42982938,3.4648710300000003,4.2976872,-0.5439387658,-1.04999805,-0.098625537216,-0.2784034432399999,1.2943916919999994,-1.268440723,0.2200874047000001,-0.34108763549
10,HIS,0.424,0.1533453887884267,2.72277,1.85391,0.4870900000000002,2,0.142857142857143,3,0.214285714285714,0.1444,0.561,0.1124,0.679,1.94940055,3.795429050000001,5.441109600000001,6.80179932,-0.3462131248,-0.6773933386,-0.04972170225,-0.141981945,0.7089098920000001,-1.156342353,0.0959778709999999,-0.2273183758
11,MET,1.96,0.6572769953051643,2.54497,0.94098,0.0810200000000002,3,0.5,2,0.333333333333333,0.7111,0.6196,0.0,0.0988,1.11274912,2.15955303,3.07901921,3.81850304,-0.4261454303999999,-0.8160788580000001,-0.08622320949,-0.24209597313,1.9198903669999976,-0.9812043528,0.3425607200000001,-0.2974203711099999
12,GLY,0.272,0.1504424778761062,0.82072,0.85261,0.68339,4,0.571428571428571,1,0.142857142857143,0.4556,0.0,1.0,0.5062,0.97419935,1.89389883,2.70836167,3.37407127,-0.7635206450999997,-1.489543036,-0.1165825429,-0.3320890854,0.7476454589999999,-1.4397639839999998,0.1075020578999999,-0.292320003
13,GLY,0.234,0.1294247787610619,0.9423,0.7972599999999999,0.7767400000000002,4,0.8,1,0.2,0.4556,0.0,1.0,0.5062,0.55674064,1.08264905,1.54898212,1.93100902,-0.8794829199999998,-1.7148033440000003,-0.1345718897399999,-0.3828515128999999,0.6686502160000002,-0.91328974,0.0965706842,-0.1864041541
14,ASN,1.455,0.5950920245398774,2.25263,1.03766,-0.0476600000000002,0,0.0,0,0.0,0.1111,0.3976,0.6747,0.8272,1.11484486,2.17582482,3.13208455,3.938585550000001,-0.924775255,-1.8018312791,-0.14445493358,-0.4109560177,5.540712143999996,-7.903959816600004,0.8579745645000003,-1.8840691590000007
15,TYR,1.045,0.306631455399061,3.5210000000000004,1.56608,0.7969200000000001,2,0.181818181818182,0,0.0,0.3556,0.8063,0.502,0.1605,1.5295875099999998,2.96590495,4.2221505,5.2239605,-1.4886039583,-2.8991020053,-0.2346919704999999,-0.6675143633599999,4.826274970000003,-9.59215532179999,0.8077741401999996,-2.324143985919998
16,GLY,0.106,0.0586283185840707,0.5986,1.0376500000000002,0.6643499999999998,1,0.0384615384615385,0,0.0,0.4556,0.0,1.0,0.5062,1.6672407800000002,3.22462951,4.57031433,5.61781115,-1.6739734838000004,-3.240112717,-0.29392260106,-0.8321577933000001,4.432898615999998,-6.789684238999997,0.7540881421000011,-1.7382591712000008
17,ASP,0.634,0.2364789257739649,1.97653,1.3451300000000002,0.70187,1,0.037037037037037,0,0.0,0.1111,0.3239,0.8675,1.0,1.66833147,3.23307769,4.59779762,5.67979905,-1.8451085116,-3.578512138999999,-0.31380166441,-0.8898361690000001,5.023818846000001,-8.573160202699995,0.8324909494999996,-2.124741700700002
18,ASP,0.917,0.3420365535248041,2.25055,1.0465600000000002,0.7174399999999999,1,0.04,1,0.04,0.1111,0.3239,0.8675,1.0,1.94802555,3.78473698,5.406181210000001,6.7225712,-2.326735384300001,-4.541620700800001,-0.35140230863,-1.0013987149999997,4.362009143999998,-6.854705809000007,0.6755826560000007,-1.5370387585
19,ARG,1.816,0.5416045332538025,3.46907,1.29484,0.2421600000000001,0,0.0,1,0.0833333333333333,0.0,0.7346,0.9398,0.6914,1.25101527,2.42304143,3.44274201,4.24764141,-1.8906769236000005,-3.670105835399999,-0.31534305213,-0.8944201009100002,4.309633086000002,-6.2114534334,0.7754101726000002,-1.67638145376
20,ARG,2.64,0.787354607813898,3.93699,0.68367,0.02933,0,0.0,1,0.142857142857143,0.0,0.7346,0.9398,0.6914,1.11261635,2.15850633,3.0755480100000003,3.81046913,-1.6811740491600005,-3.2695761779999994,-0.272184641581,-0.773336864322,4.118629795999995,-6.739840420099999,0.6988764786999996,-1.779513369587999
21,GLY,0.272,0.1504424778761062,0.86521,0.91319,0.6228100000000001,0,0.0,4,0.2,0.4556,0.0,1.0,0.5062,1.38900741,2.68437283,3.79932474,4.66029195,-1.7859983832000004,-3.4665610373000004,-0.30025862381,-0.8520626846400001,3.134924888999997,-4.2206628670000015,0.5609609808000005,-1.116151221918
22,GLY,0.337,0.1863938053097345,0.77352,0.93102,0.5399800000000001,1,0.0434782608695652,3,0.130434782608696,0.4556,0.0,1.0,0.5062,1.94704813,3.77710052,5.38112381,6.665410949999999,-2.1422531439,-4.1666274127000005,-0.34478304229,-0.97931550933,2.8647427400000005,-2.7007299801,0.4744970971,-0.7330928860700001
23,ARG,1.193,0.3558007754249925,3.17128,1.66186,0.4981400000000002,4,0.114285714285714,2,0.0571428571428571,0.0,0.7346,0.9398,0.6914,2.22510211,4.31591595,6.14724574,7.611397420000001,-2.07923050313,-4.036137642360001,-0.3486511598580001,-0.98940662825,2.9832098249999994,-5.181590307350001,0.4931680947999999,-1.3027489862499997
24,GLY,0.17,0.0940265486725663,0.6422199999999999,1.0142,0.6238000000000001,4,0.114285714285714,0,0.0,0.4556,0.0,1.0,0.5062,2.36566523,4.59726967,6.5693331100000005,8.17292094,-1.9098444508500003,-3.705525811049999,-0.32145425348,-0.9114453904199998,4.280808236999994,-7.1995956918,0.6839950496999995,-1.7473799878299994
25,GLY,0.1,0.0553097345132743,0.8447499999999999,0.982,0.726,6,0.181818181818182,0,0.0,0.4556,0.0,1.0,0.5062,2.64458037,5.142775100000001,7.35729638,9.168419879999998,-1.63415553457,-3.182004659199999,-0.2588847558,-0.7363378667199999,5.580231343,-6.101000920999999,0.8607339900000011,-1.42243717349
26,TYR,0.538,0.1578638497652582,2.99885,1.9560800000000005,0.9139199999999996,11,0.366666666666667,0,0.0,0.3556,0.8063,0.502,0.1605,2.50554718,4.873317689999999,6.974065839999999,8.695014610000001,-1.3832270753000004,-2.689487588800001,-0.2244179187900001,-0.63738892215,3.8913860800000033,-3.1381973326999995,0.5970187457,-0.7340440093999996
27,ASP,1.075,0.4009697873927638,2.236,0.99962,0.6063800000000001,5,0.277777777777778,0,0.0,0.1111,0.3239,0.8675,1.0,1.39003599,2.69237103,3.825443490000001,4.71949705,-1.3921558401000005,-2.6953851855,-0.24210751052,-0.6852019101300001,4.901233816000002,-4.775404550099996,0.8518563900000009,-1.2700103183999998
28,ARG,1.997,0.5955860423501342,3.78176,1.05713,0.2988700000000002,5,0.217391304347826,0,0.0,0.0,0.7346,0.9398,0.6914,1.66883091,3.23699277,4.61069589,5.70938703,-1.8450061683,-3.5958038047,-0.2868378113300001,-0.8163061578999999,3.651054867000002,-4.9597472014,0.5959817123999999,-1.2397007215999991
29,GLY,0.067,0.0370575221238938,0.57189,1.08711,0.6538900000000001,8,0.210526315789474,1,0.0263157894736842,0.4556,0.0,1.0,0.5062,2.22501685,4.31527079,6.145201489999999,7.60696019,-2.4096387918,-4.700963521500001,-0.3685986309,-1.0501933785,2.550839511000001,-4.030458798999998,0.4246510691999999,-1.0200884993999997
30,GLY,0.159,0.0879424778761061,0.8125100000000001,0.98559,0.66341,9,0.236842105263158,2,0.0526315789473684,0.4556,0.0,1.0,0.5062,2.5052460600000006,4.870917470000001,6.96601782,8.67612136,-1.9166909644500003,-3.71994463932,-0.323266752255,-0.91747221524,2.4333450619999977,-2.8889067443000007,0.4040418427999999,-0.7530317547500004
31,TYR,0.873,0.2561619718309859,3.60781,1.82164,0.7133600000000002,3,0.111111111111111,4,0.148148148148148,0.3556,0.8063,0.502,0.1605,2.36631814,4.60238729,6.586192359999999,8.21159457,-1.69775496494,-3.30282827679,-0.272546466543,-0.7743640250200001,2.394083854000001,-2.188181616320001,0.3957975533000001,-0.5826811519399997
32,ARG,2.301,0.6862511184014316,3.73528,0.91584,0.13616,0,0.0,2,0.142857142857143,0.0,0.7346,0.9398,0.6914,1.80983504,3.52183183,5.04435376,6.29771277,-1.682521131,-3.2839501376,-0.2549263693950001,-0.7265638629100003,4.1632356519999965,-4.342040292900001,0.6628027553999991,-1.08443038518
33,GLY,0.571,0.3158185840707964,0.90876,0.7911299999999999,0.4458700000000002,0,0.0,3,0.333333333333333,0.4556,0.0,1.0,0.5062,0.97259533,1.88134472,2.66707536,3.27958548,-1.6343313889299995,-3.16307328316,-0.2865926907579999,-0.8110831786499999,4.509368156999995,-7.482187820549992,0.7813701794999992,-1.9622184718499995
34,ARG,2.579,0.769161944527289,3.88022,0.91147,-0.1374699999999999,0,0.0,1,0.2,0.0,0.7346,0.9398,0.6914,1.25325009,2.44048663,3.49995068,4.37806481,-1.4242446222999998,-2.7736160455,-0.2239224463199999,-0.6366106310699998,4.873213276999992,-7.4525148959999985,0.7462931337999994,-1.7140351788
35,GLY,0.702,0.3882743362831858,1.06067,0.8262200000000002,0.2797799999999999,0,0.0,4,0.363636363636364,0.4556,0.0,1.0,0.5062,1.5313710600000003,2.979772079999999,4.26743541,5.32661909,-0.7396990024200001,-1.43896678513,-0.1184060024739999,-0.3362791130849999,5.344852861999994,-5.3482260112,0.8190079237000014,-1.1926464860000012
36,GLY,0.521,0.2881637168141593,0.98658,0.8461400000000001,0.4408599999999998,0,0.0,4,0.307692307692308,0.4556,0.0,1.0,0.5062,1.38994339,2.69170538,3.8234576,4.7155735,-0.47510526212,-0.92080270893,-0.080750799745,-0.228570547899,5.065786101999999,-8.235600235820012,0.8091731626999993,-2.045466302600002
37,ASP,1.072,0.3998508019395748,2.2235,1.06697,0.54203,0,0.0,3,0.333333333333333,0.1111,0.3239,0.8675,1.0,0.97227253,1.87884147,2.65892688,3.2611961,-0.2998820707799999,-0.5782821332800001,-0.0558568471869999,-0.15775361484,4.905190573999992,-4.062566506460012,0.8174028774000007,-1.1290387756579996
38,ARG,2.657,0.7924246943036086,3.12469,0.87209,-0.1760899999999998,0,0.0,2,0.4,0.0,0.7346,0.9398,0.6914,0.6941988499999999,1.33987008,1.8922776,2.31394615,-0.5613855844,-1.0874726069999998,-0.0972734358699999,-0.2755450034999999,4.314840646,-6.852504036000002,0.7346578260000015,-1.791321088699999
39,GLY,0.986,0.5453539823008849,1.00779,0.64964,0.17236,0,0.0,2,0.333333333333333,0.4556,0.0,1.0,0.5062,0.8336197000000001,1.61235442,2.2854389700000004,2.81000767,-0.4643359764,-0.8975948106000002,-0.0825916115299999,-0.2334291866,4.750853246000007,-7.090445459000006,0.7674451183999991,-1.8225069521999988
40,GLY,0.413,0.228429203539823,0.7464,0.94529,0.44971,0,0.0,6,0.4,0.4556,0.0,1.0,0.5062,1.25040978,2.41830465,3.42717065,4.21202232,-0.5219742822,-1.018476866,-0.07973469753,-0.2272291181,5.028769508999988,-9.840858992400005,0.7917712569000008,-2.197478338880001
41,PHE,1.771,0.56963653908009,3.22122,1.21341,0.1245899999999999,0,0.0,4,0.307692307692308,0.8111,0.783,0.0763,0.037,1.39076729,2.69811633,3.84441119,4.763127739999999,-0.5027655742,-0.9823537430000002,-0.0744327191999999,-0.212312274,5.071573477999994,-9.189987342999997,0.7637716441000015,-2.028704967999999
42,ARG,2.236,0.6668654935878319,3.7957,1.1031100000000005,0.0138899999999995,0,0.0,3,0.272727272727273,0.0,0.7346,0.9398,0.6914,1.39201546,2.7078307300000004,3.87617427,4.83526111,-0.7006980029000002,-1.365773224,-0.1084517498799999,-0.3085965991,4.600230601000002,-6.990607222000003,0.6895187886999997,-1.585581947200001
43,GLY,0.592,0.327433628318584,0.88847,0.8286,0.3874000000000002,0,0.0,3,0.333333333333333,0.4556,0.0,1.0,0.5062,1.11302515,2.16170898,3.0860927099999995,3.83463898,-0.8502355697020001,-1.65771841727,-0.131773203826,-0.375284997517,5.1842258389999945,-6.28082316151,0.8263105756000022,-1.4503489430310004
44,GLY,0.957,0.5293141592920354,1.06786,0.5906800000000001,0.26032,0,0.0,3,0.333333333333333,0.4556,0.0,1.0,0.5062,1.25300318,2.43855038,3.49356975,4.36341978,-0.872015964676,-1.6931048752800002,-0.143839646484,-0.407738955644,5.301162715999988,-7.441471470999995,0.8490932364999997,-1.978056190239999
45,ARG,1.266,0.3775723232925738,3.5560500000000004,1.6020299999999998,0.4849700000000003,0,0.0,0,0.0,0.0,0.7346,0.9398,0.6914,1.53102667,2.9770842600000007,4.258624350000001,5.30654374,-1.7143953880699998,-3.33201221,-0.2819177150539999,-0.8008663522400002,4.201539007999999,-6.489478088,0.6794486664999991,-1.6221850502999986
46,GLY,0.489,0.2704646017699115,0.79663,0.9892300000000002,0.3297699999999998,1,0.0666666666666667,0,0.0,0.4556,0.0,1.0,0.5062,1.53024292,2.971001200000001,4.23879522,5.26169991,-1.830051782,-3.5515039763,-0.30772154229,-0.8729139712300001,4.51358524,-4.791164636199999,0.7465293581999992,-1.249480240000003
47,GLY,0.564,0.3119469026548672,0.82393,0.8306,0.4134000000000002,2,0.125,0,0.0,0.4556,0.0,1.0,0.5062,1.53001468,2.9692827400000006,4.23337463,5.24999609,-1.835316807683,-3.577254070106,-0.2837873686426,-0.8074064576039999,4.081278954999997,-6.488272893599997,0.6761498676999996,-1.5818658221980004
48,GLY,0.539,0.2981194690265487,0.76378,0.79698,0.4720200000000001,2,0.133333333333333,0,0.0,0.4556,0.0,1.0,0.5062,1.25069723,2.42054347,3.43449417,4.22866114,-1.6867340801,-3.2736820153,-0.2826447468600001,-0.8016769143000001,5.414375077000006,-8.531300964600007,0.9127034321000008,-2.176075186599998
49,ASP,1.273,0.474822827303245,2.37436,0.8832500000000001,0.52475,5,0.227272727272727,0,0.0,0.1111,0.3239,0.8675,1.0,1.52863972,2.95849245,4.19779474,5.16828815,-1.81244778944,-3.523245760940001,-0.29661564176,-0.8426647126500002,4.120920139999999,-6.654518515019995,0.6865291758000003,-1.61597490044
50,ARG,1.133,0.3379063525201312,3.04434,1.71273,0.5072700000000001,4,0.222222222222222,0,0.0,0.0,0.7346,0.9398,0.6914,1.80873982,3.51324138,5.016043160000001,6.232742850000001,-1.7846011337960002,-3.47402917325,-0.2845802710783,-0.8093836903119997,5.262424600999997,-5.717039099400004,0.8440421907999989,-1.3836643502879995
51,GLY,0.716,0.3960176991150442,0.93866,0.77235,0.3196500000000001,1,0.1,0,0.0,0.4556,0.0,1.0,0.5062,1.25127384,2.42502118,3.4491002,4.26172408,-2.0882591352,-4.057791783700001,-0.3446746577599999,-0.9790754402600002,6.121326040999999,-9.657859807999998,1.0285430722999982,-2.469660216439997
52,GLY,1.077,0.5956858407079646,0.98525,0.6126199999999999,0.1183800000000001,0,0.0,0,0.0,0.4556,0.0,1.0,0.5062,0.833739,1.61326763,2.2883696,2.8164898700000003,-1.8121110898000008,-3.5135018429000007,-0.3082732642199999,-0.8735234651,5.020763108000002,-9.558058503099996,0.8543501700999979,-2.3793562416000045
53,PHE,0.545,0.1752975233193953,2.88753,1.9060100000000004,0.6579899999999996,0,0.0,0,0.0,0.8111,0.783,0.0763,0.037,1.80904167,3.5155979,5.023771180000001,6.25036143,-1.778616303700001,-3.4597401420000007,-0.2881231004499999,-0.8190994567,5.496388417000003,-9.085362092,0.9003807785999988,-2.2247466311
54,GLY,0.22,0.1216814159292035,0.80769,0.94714,0.6408600000000001,1,0.0416666666666667,0,0.0,0.4556,0.0,1.0,0.5062,2.0867730900000003,4.05191599,5.781782550000001,7.17811232,-2.0055202636,-3.909610428,-0.3115045468,-0.8870255519000002,5.150341274999997,-9.907082290999991,0.7777331158000013,-2.2512086382999983
55,PRO,0.934,0.4188340807174888,1.74698,1.1157,0.1802999999999999,3,0.166666666666667,0,0.0,0.3222,0.3764,0.8594,0.3827,1.6683202,3.2330693100000003,4.59804057,5.68117514,-1.9302343904000003,-3.7593844827,-0.3025607459399999,-0.8601793545,4.204857266000002,-10.101102302199994,0.6479302370999992,-2.2698906612499985
56,GLY,0.346,0.1913716814159292,0.75571,0.8903599999999999,0.5716400000000003,4,0.5,1,0.125,0.4556,0.0,1.0,0.5062,1.25183302,2.42938426,3.46339808,4.2942878,-1.3384733987,-2.602516976999999,-0.2169937604499999,-0.6162673330999999,5.890086819,-11.951239821,0.948942636199998,-2.9054594594
57,LYS,1.893,0.7280769230769231,3.0830900000000003,0.80467,-0.0976699999999999,3,1.0,1,0.333333333333333,0.0667,0.6942,0.6867,0.7901,0.6946784899999999,1.34361449,1.90455634,2.34193689,-0.7620059790000001,-1.477268787,-0.1301035674,-0.3686743687,5.060848569999996,-8.322979325000006,0.8513043431999977,-2.220439948599998
58,MET,1.049,0.35177733065057,2.33145,1.5701599999999998,0.3628400000000005,0,0.0,0,0.0,0.7111,0.6196,0.0,0.0988,0.55688385,1.08376546,1.5526369,1.93932153,-0.6196759523,-1.210905935,-0.09132621694,-0.2604677472,5.387364426999996,-10.036625438,0.7979441512999998,-2.283075224500001
59,ASP,0.899,0.3353226408056695,1.86362,1.2209799999999995,0.5610200000000005,2,0.5,0,0.0,0.1111,0.3239,0.8675,1.0,0.97525109,1.90203853,2.73482222,3.43369772,-0.6085161348,-1.1806192638000002,-0.10145570722,-0.28738722737,0.3938087599999999,-0.902707794,0.0535036527999999,-0.1769292539999999
60,SER,1.145,0.5261948529411764,1.61711,0.67486,0.3561400000000001,2,0.222222222222222,0,0.0,0.4111,0.1877,0.8514,0.5309,1.39226827,2.70981547,3.88272191,4.85030765,-0.4715447781499999,-0.91933715213,-0.0728735768649999,-0.20746079047,0.3930206159999999,-0.803750228,0.0607600509999999,-0.179794214
61,ARG,1.177,0.3510289293170295,3.46646,1.87717,0.2988300000000001,1,0.0666666666666667,0,0.0,0.0,0.7346,0.9398,0.6914,1.2517496,2.42873873,3.46130297,4.289578189999999,-0.7653098427,-1.4853403615,-0.1277770936599999,-0.3622811484000001,0.3917908459999999,-1.159959508,0.070262037,-0.3078477879999999
62,GLY,0.666,0.368362831858407,0.98561,0.82118,0.3208199999999999,0,0.0,1,0.125,0.4556,0.0,1.0,0.5062,1.11268167,2.15902774,3.07730094,3.81459848,-1.0934314174000002,-2.1262575210000003,-0.17672002658,-0.501870596,0.4322062059999999,-1.3204930929999998,0.0667109133,-0.296268929
63,GLU,1.824,0.6686217008797654,3.05796,0.73932,0.1646800000000001,0,0.0,1,0.2,0.1111,0.4884,0.8112,0.9136,0.97376923,1.89052423,2.6972359600000004,3.34852339,-0.9274719874,-1.806199471,-0.14584448477,-0.4146558588,0.7446741199999997,-1.754276385,0.1309668,-0.4619932600000001
64,HIS,1.759,0.6361663652802892,3.3169600000000004,0.80399,0.2020100000000002,0,0.0,1,0.333333333333333,0.1444,0.561,0.1124,0.679,0.69429001,1.340585,1.8946329200000005,2.31934914,-0.606519783,-1.173391593,-0.1065185897,-0.301231038,1.211895237,-2.732449722,0.2385949450000001,-0.791892067
65,ARG,1.802,0.5374291679093349,3.63443,1.3325699999999998,0.2184300000000003,0,0.0,1,0.2,0.0,0.7346,0.9398,0.6914,0.8335219100000001,1.61158972,2.28292712,2.80426728,-0.593712759,-1.159464045,-0.089223869,-0.2545114349999999,0.9829776700000004,-2.304735195,0.1481133404999999,-0.508018211
66,GLN,2.041,0.7099130434782609,3.11318,0.7099,0.1241000000000001,0,0.0,0,0.0,0.1111,0.5388,0.7952,0.6914,0.69437105,1.3412137,1.8966805,2.32397314,-0.578869494,-1.12278517,-0.0973062709999999,-0.2756474599999999,1.4128964549999987,-3.925103536,0.232582113,-0.9171620279999998
67,ASP,1.013,0.3778440880268556,2.34853,1.06282,0.60518,0,0.0,1,0.25,0.1111,0.3239,0.8675,1.0,0.8337517600000001,1.61339977,2.28891842,2.8180978,-0.3903435399,-0.7585280714,-0.063977227595,-0.1816340654,1.4907032469999992,-3.997604339999998,0.2514346559999999,-0.984562517
68,ARG,2.168,0.646585147628989,3.6444,1.1515799999999998,0.0334200000000002,0,0.0,1,0.2,0.0,0.7346,0.9398,0.6914,0.6943324900000001,1.34090192,1.89561994,2.3214380500000003,-0.481654168,-0.9328667969999996,-0.0834492026999999,-0.2362758264999999,1.1775363949999995,-2.4214790500000003,0.1950155845,-0.5691921009999997
69,ARG,1.975,0.5890247539516851,3.5492700000000004,1.31899,0.05901,0,0.0,1,0.166666666666667,0.0,0.7346,0.9398,0.6914,0.69399046,1.33823123,1.88686046,2.30146491,-0.3712152989999999,-0.7161612559999999,-0.0684008641,-0.1931580803,0.8218858930000001,-2.24432001,0.1552981969,-0.621844272
70,GLU,1.729,0.6337976539589443,2.6922,0.80267,0.1963300000000001,0,0.0,1,0.25,0.1111,0.4884,0.8112,0.9136,0.83388874,1.61447093,2.29243596,2.82613109,-0.284420463,-0.557529366,-0.0394325117,-0.11285724,0.8268129079999998,-2.31122561,0.1140447587999999,-0.4671114739999999
71,ARG,2.219,0.661795407098121,3.66163,0.83676,0.2972400000000004,0,0.0,1,0.333333333333333,0.0,0.7346,0.9398,0.6914,0.55479946,1.0675563499999998,1.49968556,1.81921389,-0.193694339,-0.3733673,-0.035940077,-0.10137129,0.313089696,-0.74673464,0.0588792988,-0.202742588
72,PRO,0.736,0.3300448430493273,1.787,1.21594,0.27806,0,0.0,2,0.5,0.3222,0.3764,0.8594,0.3827,0.55446778,1.06497827,1.49126963,1.80014568,-0.1068899501,-0.2078400972,-0.01757788282,-0.0499942199599999,0.313828632,-0.4156803208,0.053936162,-0.0999884727399999
73,TYR,2.842,0.8339201877934272,4.68193,0.68019,-0.1141900000000001,0,0.0,1,1.0,0.3556,0.8063,0.502,0.1605,0.41696662,0.80740013,1.14672665,1.41412852,-0.1379149459999999,-0.26666615,-0.0242170716,-0.0683937835,0.3922628540000001,-0.6206038760000001,0.0662332807,-0.1701640565
