1,GLY,1.387,0.7671460176991151,1.12824,0.46364,-0.0426399999999999,0,0.0,0,0.0,0.4556,0.0,1.0,0.5062,0.4169777099999999,0.8074941,1.14706156,1.41497525,-0.303207408,-0.592080152,-0.0450543665,-0.1283537773999999,1.3748281650000007,-2.7886118899999994,0.2151753758999998,-0.6237094563
2,PRO,1.425,0.6390134529147983,1.99344,0.74746,0.0575399999999999,1,0.5,0,0.0,0.3222,0.3764,0.8594,0.3827,0.55514546,1.07026871,1.5086202400000002,1.83970546,-0.3942229206,-0.770144802,-0.0589212199,-0.1681337376,1.531909725999999,-2.9368581109999985,0.2432278068000002,-0.6561115634000003
3,GLY,0.817,0.4518805309734512,0.97724,0.76619,0.22481,1,0.25,0,0.0,0.4556,0.0,1.0,0.5062,0.6942459499999999,1.34024441,1.89352799,2.31686756,-0.6594186336000003,-1.279637722,-0.10986355817,-0.3113295426,1.6464961920000003,-2.878122471,0.2863485524000003,-0.8257840175999999
4,GLY,0.852,0.4712389380530973,0.95698,0.75102,0.20498,1,0.125,0,0.0,0.4556,0.0,1.0,0.5062,1.1125985,2.15835708,3.07502638,3.80918147,-0.8312671674000001,-1.6197947419,-0.13095744896,-0.37295066444,2.0804322929999994,-1.5499753493999997,0.3437612888999996,-0.3796959684999998
5,GLY,0.397,0.2195796460176991,0.72371,0.99012,0.42088,1,0.0769230769230769,1,0.0769230769230769,0.4556,0.0,1.0,0.5062,1.39103387,2.70017038,3.85105861,4.77801873,-0.9179209541799996,-1.781580928,-0.1530643445499999,-0.43396504069,1.964503262000001,-3.4598607190000026,0.3074035328000002,-0.7748802484999993
6,PRO,1.291,0.5789237668161434,1.7226,0.90571,0.03329,5,0.277777777777778,2,0.111111111111111,0.3222,0.3764,0.8594,0.3827,1.66888784,3.23750213,4.6125818,5.714337849999999,-0.7211422888,-1.4045962258,-0.11314085934,-0.3217426057399999,1.9626550390000013,-5.220871139999995,0.3191251778000003,-1.2213626570000005
7,GLY,0.57,0.3152654867256637,0.76956,0.92692,0.31108,5,0.25,2,0.1,0.4556,0.0,1.0,0.5062,1.66831799,3.2330576799999995,4.5980187,5.68117077,-0.7388087031999999,-1.438803513,-0.11636003724,-0.3308978111,1.9635953860000008,-6.2188162820000015,0.3105215120999999,-1.4380183129999975
8,GLY,0.51,0.2820796460176991,0.86229,0.8773099999999999,0.4206900000000001,2,0.166666666666667,0,0.0,0.4556,0.0,1.0,0.5062,1.25184638,2.4294815,3.4636935900000005,4.29488985,-0.78112601445,-1.5116880007,-0.136863589219,-0.38723958411,2.0813204699999988,-4.2523079725,0.3342280733,-1.0614443634799997
9,SER,1.246,0.572610294117647,1.52857,0.67729,0.2527100000000002,0,0.0,0,0.0,0.4111,0.1877,0.8514,0.5309,1.25257266,2.43517169,3.48242583,4.33781929,-0.6964272638,-1.3578972459700005,-0.107063211637,-0.304717106746,2.2799016440000006,-3.799318762979999,0.3457262268,-0.8634355830149997
10,HIS,1.286,0.4650994575045208,2.39831,1.3382699999999998,0.1407300000000002,0,0.0,2,0.166666666666667,0.1444,0.561,0.1124,0.679,1.11146349,2.14953169,3.04620565,3.74384849,-0.6742510916,-1.317631031,-0.09970844538,-0.2845101582,2.317156653,-4.008120057799999,0.3703898206000001,-0.8872168029999996
11,MET,1.926,0.6458752515090542,2.7522,0.7156199999999999,0.3403800000000003,0,0.0,2,0.333333333333333,0.7111,0.6196,0.0,0.0988,0.69396098,1.33801503,1.88619889,2.30010179,-0.6623018258,-1.281240989,-0.11699878947,-0.3310238445,2.3511239129999986,-4.593617349300001,0.4202858078999998,-1.1987132170999997
12,GLY,0.82,0.4535398230088495,0.97574,0.66944,0.31856,0,0.0,2,0.4,0.4556,0.0,1.0,0.5062,0.8340293700000001,1.61556414,2.2960066,2.83422824,-0.8080047709999999,-1.5685637379,-0.13339441681,-0.37802252224,2.395285089,-5.44099587928,0.3829486654999997,-1.3085851525400003
13,GLY,0.615,0.3401548672566371,0.7478199999999999,0.8820000000000001,0.3109999999999999,2,0.166666666666667,3,0.25,0.4556,0.0,1.0,0.5062,1.39091372,2.69924276,3.84805286,4.77127671,-0.740953807,-1.4520503000000002,-0.1033177061,-0.2956136199,1.850106315,-3.125751943000003,0.2588100635999998,-0.6647860523999997
14,ASN,0.785,0.3210633946830266,2.19545,1.32332,0.3366799999999996,5,0.263157894736842,2,0.105263157894737,0.1111,0.3976,0.6747,0.8272,1.38955866,2.6886073,3.812974950000001,4.69069085,-0.6636587924999998,-1.2834658911999997,-0.1181346814899999,-0.3342561928,1.841663665,-2.390932971199999,0.3309350932,-0.6711963536000005
15,TYR,1.843,0.5407863849765259,3.62613,1.22629,0.3387099999999998,9,0.5,5,0.277777777777778,0.3556,0.8063,0.502,0.1605,1.66977843,3.24438518,4.6349249100000005,5.76458642,-0.66097403,-1.281550584,-0.1124194087999999,-0.3185497465999999,1.9611202759999973,-3.625947752999999,0.3352720891999998,-0.8397092540000005
16,GLY,0.274,0.1515486725663717,0.74208,0.99631,0.53769,7,0.35,4,0.2,0.4556,0.0,1.0,0.5062,1.52806299,2.95414328,4.18404572,5.138494789999999,-1.1426951470000002,-2.220998749,-0.1859955277,-0.5279536614,1.9681984140000013,-6.051809276000003,0.2742083509999998,-1.2352797219999991
17,ASP,0.794,0.2961581499440507,2.09519,1.2496,0.6374,3,0.25,2,0.166666666666667,0.1111,0.3239,0.8675,1.0,1.11131192,2.14829814,3.0419843900000005,3.73368434,-1.3516611466400006,-2.6192231339700003,-0.2338286252039999,-0.66278458692,1.9980845149999984,-5.243370729599998,0.3616472079999999,-1.3771004694800009
18,ASP,1.221,0.4554270794479672,2.39226,0.90147,0.55853,2,0.4,2,0.4,0.1111,0.3239,0.8675,1.0,1.11325515,2.16351718,3.09206822,3.8484041899999992,-1.26017559544,-2.450056201,-0.204195508156,-0.57976795769,2.6227132760000025,-6.582445674000003,0.4885249979999997,-1.872449767000001
19,ARG,1.953,0.5824634655532359,3.61508,1.25747,0.14253,0,0.0,0,0.0,0.0,0.7346,0.9398,0.6914,0.9737551,1.89041826,2.6969035699999995,3.34781327,-1.3155283669999998,-2.5636558553,-0.20363449351,-0.5791455363999998,2.668136213999997,-4.2938641562,0.4440392805000002,-1.0043468778
20,ARG,2.633,0.7852669251416642,3.99939,0.7813300000000001,-0.0613299999999998,0,0.0,0,0.0,0.0,0.7346,0.9398,0.6914,1.11324269,2.16341235,3.09169771,3.84747624,-1.6525261069,-3.2221733521,-0.2548694080999999,-0.7256537342500001,3.454183001999996,-7.056168829099997,0.5634960023,-1.782716238800003
21,GLY,0.559,0.3091814159292035,0.7988500000000001,0.87444,0.3745600000000001,1,0.0833333333333333,0,0.0,0.4556,0.0,1.0,0.5062,1.39088376,2.69904567,3.84752986,4.770456459999999,-1.8294607828,-3.5564271865,-0.2965390250699999,-0.8417589938400005,2.354716200000001,-4.496641056700003,0.3878424853,-1.1894610379999992
22,GLY,0.676,0.3738938053097345,0.8937,0.7903799999999999,0.3416200000000002,0,0.0,0,0.0,0.4556,0.0,1.0,0.5062,1.53049468,2.97297087,4.24527004,5.276512090000001,-1.3813098256400005,-2.6878175227000005,-0.2208621555599999,-0.6276547960300003,2.7532777820000005,-4.294997508999998,0.4069126999999997,-0.9206453938000004
23,ARG,2.527,0.7536534446764092,4.03854,0.75516,0.07084,0,0.0,0,0.0,0.0,0.7346,0.9398,0.6914,1.53096505,2.97661311,4.25711262,5.30319935,-1.30676717859,-2.54456782914,-0.206932753067,-0.5885789708600002,3.337155450999997,-3.7581804226199975,0.5421885338,-0.9261533543800003
24,GLY,0.617,0.3412610619469026,0.98074,0.8818000000000001,0.3091999999999999,3,0.166666666666667,0,0.0,0.4556,0.0,1.0,0.5062,1.52970437,2.96680871,4.225086060000001,5.230568229999999,-1.0067579622,-1.9463089189,-0.1794541740099999,-0.5074217846100001,3.606833112999998,-3.134970908399999,0.6282641784999998,-0.9030764318199996
25,GLY,0.409,0.226216814159292,0.8787,0.99304,0.40596,4,0.166666666666667,0,0.0,0.4556,0.0,1.0,0.5062,2.0871019200000003,4.0545259,5.79048679,7.198396439999999,-1.15465493738,-2.247756113040001,-0.1827428730909999,-0.5193770555599999,2.747417707000003,-4.509798478900003,0.4547224427999996,-1.05420014124
26,TYR,1.074,0.3151408450704225,3.83909,1.66999,0.6640099999999995,7,0.304347826086957,0,0.0,0.3556,0.8063,0.502,0.1605,2.36710036,4.60845147,6.60593712,8.25617861,-0.8943898734400001,-1.7461934239499997,-0.134353025793,-0.3829422732800001,3.146172170999995,-3.513407160900004,0.4641724283000004,-0.7296504705
27,ASP,1.0,0.3729951510630361,2.29734,1.12515,0.55585,2,0.117647058823529,1,0.0588235294117647,0.1111,0.3239,0.8675,1.0,1.52957678,2.96576324,4.2214877,5.22184448,-1.1459377491,-2.213627188699999,-0.20572052472,-0.5810349859999998,3.649538758999997,-3.997560032399999,0.6064815058000004,-1.0153200948999996
28,ARG,1.212,0.3614673426781986,3.03357,1.78647,0.35453,0,0.0,0,0.0,0.0,0.7346,0.9398,0.6914,1.80913935,3.51637045,5.02634143,6.25633728,-0.95615657945,-1.8648893294,-0.147033524696,-0.41884845352,3.8550245350000014,-4.474070726700004,0.5622863092,-0.9872872083400004
29,GLY,0.344,0.1902654867256637,0.68223,1.03345,0.43055,0,0.0,0,0.0,0.4556,0.0,1.0,0.5062,1.2501197700000002,2.41609485,3.4201028900000003,4.1964467,-0.9434101344,-1.836442427,-0.14884680774,-0.4228736338,3.7667114439999967,-6.162589833999999,0.6275264018000011,-1.544263018599999
30,GLY,0.89,0.4922566371681416,0.91202,0.70968,0.20832,0,0.0,0,0.0,0.4556,0.0,1.0,0.5062,0.8332095799999999,1.6091410599999998,2.27486016,2.78576305,-0.6884996273400001,-1.33319468765,-0.119946801123,-0.3396452381,3.531636065999999,-5.451123566450001,0.5934702566000003,-1.3844382171999998
31,TYR,1.915,0.5619131455399061,3.79976,1.15817,0.3348299999999999,0,0.0,0,0.0,0.3556,0.8063,0.502,0.1605,0.83404448,1.61567658,2.29635568,2.83496338,-0.9111895719999998,-1.781307756,-0.1334676824,-0.3809048090000001,3.538020772000002,-8.785486397000003,0.5349331366000001,-1.9403417869999973
32,ARG,2.239,0.6677602147330748,3.59189,1.16523,-0.0512299999999996,0,0.0,0,0.0,0.0,0.7346,0.9398,0.6914,0.97297017,1.88427826,2.67672468,3.30167546,-0.901201073,-1.7563086610000005,-0.1399640405,-0.3982305252999999,3.5738681140000006,-9.048080340999991,0.5688842543999999,-2.145370598200001
33,GLY,0.364,0.2013274336283185,0.73406,1.02371,0.42029,0,0.0,0,0.0,0.4556,0.0,1.0,0.5062,1.24989533,2.41435178,3.41441776,4.183581879999999,-0.8079671615000003,-1.571062072,-0.131115196,-0.3724611839,3.7271736560000015,-7.511283321000008,0.6276629468000005,-1.838918237
34,ARG,1.918,0.5720250521920668,3.56883,1.17427,0.2607300000000003,0,0.0,0,0.0,0.0,0.7346,0.9398,0.6914,1.53038888,2.97211603,4.2423671700000005,5.26958831,-1.1278712255,-2.2037721670000003,-0.1677129337,-0.4785858411,3.969018701000004,-8.471185856000002,0.6170035385000006,-1.912018445099999
35,GLY,0.459,0.2538716814159292,0.8413299999999999,0.9557100000000002,0.3932899999999998,1,0.0714285714285714,1,0.0714285714285714,0.4556,0.0,1.0,0.5062,1.39079327,2.69827869,3.84480932,4.763630419999999,-1.4838889641999995,-2.8840071712,-0.24286670276,-0.6896457828000001,4.279700264000002,-8.836005863,0.6955594109000011,-2.1354872197000003
36,GLY,0.386,0.2134955752212389,0.8168099999999999,0.90532,0.5166800000000001,2,0.142857142857143,2,0.142857142857143,0.4556,0.0,1.0,0.5062,1.53078646,2.97524745,4.25273481,5.293529359999999,-1.5203148271999998,-2.9615404344000003,-0.23832133845,-0.67790199383,3.890180579999999,-7.2645672520000035,0.6035699810000006,-1.6702260271000011
37,ASP,1.091,0.4069377098097724,2.53171,0.88907,0.70093,4,0.19047619047619,1,0.0476190476190476,0.1111,0.3239,0.8675,1.0,1.67001642,3.2462168000000005,4.6408397200000016,5.777788469999999,-1.5397125292399998,-3.0021206597,-0.23837632828,-0.6788971637769997,4.401081944999999,-6.786297972499998,0.6848915520000004,-1.6152064678999996
38,ARG,1.718,0.5123769758425291,3.6412,1.4527800000000002,0.18222,3,0.142857142857143,1,0.0476190476190476,0.0,0.7346,0.9398,0.6914,1.53023743,2.97092668,4.23844135,5.260560369999999,-1.5983025979,-3.1087113419999994,-0.25833306477,-0.73406185742,3.927026548999996,-6.850132154400001,0.6339796783000003,-1.6438965916800006
39,GLY,0.756,0.4181415929203539,0.99101,0.80752,0.24448,4,0.19047619047619,0,0.0,0.4556,0.0,1.0,0.5062,1.5294823000000002,2.9650680300000003,4.21935324,5.21742347,-1.3458286033200002,-2.6111890629700003,-0.227270796251,-0.64461521606,4.280288543,-6.481732490940003,0.6897178522000006,-1.6107857023459995
40,GLY,0.7,0.3871681415929203,0.95492,0.78866,0.31934,1,0.0625,0,0.0,0.4556,0.0,1.0,0.5062,1.66994248,3.2456103700000005,4.638750310000001,5.772716249999999,-1.2048565504000002,-2.3525776716,-0.18177959266,-0.51844602665,5.187232576,-6.123723050300003,0.8078197075999995,-1.422360504899999
41,PHE,1.379,0.4435509810228369,3.37764,1.45141,0.2785899999999999,0,0.0,0,0.0,0.8111,0.783,0.0763,0.037,1.53136127,2.9797486,4.26754484,5.32744492,-1.30591118425,-2.5522205440499994,-0.1912127775949999,-0.54524053329,3.9316598339999977,-6.372869912059996,0.5883313475000005,-1.4191082195199995
42,ARG,2.283,0.6808827915299731,3.89119,0.98489,0.0851100000000002,0,0.0,0,0.0,0.0,0.7346,0.9398,0.6914,0.97323622,1.88636019,2.6835681200000003,3.31732528,-0.5283885889200001,-1.02292312553,-0.092134476873,-0.26077849195,5.456670067000006,-4.7450728136999984,0.8914889295000002,-1.20876120002
43,GLY,0.71,0.3926991150442477,0.89652,0.7460600000000001,0.35194,0,0.0,1,0.166666666666667,0.4556,0.0,1.0,0.5062,0.83366072,1.6126759199999998,2.28649621,2.81242496,-0.73008772873,-1.4140388196999998,-0.125987590785,-0.3565874187900001,4.860964220000002,-7.182143412400002,0.8477586817999999,-1.96567161962
44,GLY,0.913,0.5049778761061947,0.92284,0.66971,0.22529,1,0.111111111111111,1,0.111111111111111,0.4556,0.0,1.0,0.5062,1.2520566400000002,2.43113409,3.46915123,4.307450139999999,-0.73525647826,-1.43661446538,-0.1099123120899999,-0.3137832143,5.152431643999993,-5.513855894099996,0.7636959452000014,-1.192552029980001
45,ARG,2.396,0.7145839546674619,3.9538,0.95047,0.0065300000000002,1,0.166666666666667,1,0.166666666666667,0.0,0.7346,0.9398,0.6914,0.83337468,1.61044761,2.27920572,2.7958566300000003,-0.5838058383999999,-1.1286928288,-0.10373958331,-0.2932715153,5.216700689000007,-7.561927048999989,0.8893490804000004,-1.9836869171999985
46,GLY,1.05,0.5807522123893806,1.00837,0.6379900000000001,0.1200099999999999,1,0.166666666666667,0,0.0,0.4556,0.0,1.0,0.5062,0.8341846199999999,1.61675918,2.29986438,2.84283322,-0.731832718,-1.4198912255999998,-0.122234510745,-0.3462872557400001,4.5473604160000045,-7.233632019300003,0.7926931768000012,-1.9453224313999995
47,GLY,0.688,0.3805309734513274,1.02921,0.75481,0.3651900000000001,1,0.1,0,0.0,0.4556,0.0,1.0,0.5062,1.25200741,2.43075438,3.46792295,4.304702219999999,-1.3557345623,-2.65059331003,-0.199434162742,-0.56950697085,3.302606189999997,-6.170663726999998,0.4993954396000005,-1.3369149134400002
48,GLY,0.85,0.4701327433628318,0.96711,0.7681499999999999,0.1898500000000001,0,0.0,0,0.0,0.4556,0.0,1.0,0.5062,1.11306243,2.16198626,3.0869516,3.83644177,-1.4567022473000004,-2.8344794064000007,-0.23352635152,-0.6637210905300001,3.965856526,-7.487465290000004,0.6391631263,-1.7440660045000016
49,ASP,1.284,0.4789257739649384,2.35942,0.92329,0.4737099999999999,0,0.0,0,0.0,0.1111,0.3239,0.8675,1.0,1.11336722,2.16440086,3.09499668,3.85517412,-1.2662972370500003,-2.4596536917,-0.207242802706,-0.58762321219,3.999961574,-5.681976996999996,0.6854842308999998,-1.4938083035000005
50,ARG,1.884,0.5618848792126453,3.63079,1.25366,0.2153400000000003,0,0.0,0,0.0,0.0,0.7346,0.9398,0.6914,1.39182659,2.70634249,3.8712422,4.82385655,-0.92249141993,-1.7964249327999997,-0.1458198448479999,-0.4147502833399999,3.146084062000003,-2.3470208924000007,0.4673561644,-0.5531523707800001
51,GLY,0.356,0.1969026548672566,0.64227,0.95385,0.49815,0,0.0,2,0.133333333333333,0.4556,0.0,1.0,0.5062,1.3907014599999998,2.69758418,3.84260354,4.75881661,-0.7108852456999999,-1.3793839632,-0.11924437926,-0.33804582565,2.5073597399999965,-5.039272309900006,0.4511520682999999,-1.3086719337999992
52,GLY,0.874,0.4834070796460177,0.95438,0.68538,0.24862,0,0.0,2,0.125,0.4556,0.0,1.0,0.5062,1.67013699,3.24714961,4.643870790000001,5.784612409999999,-0.562728378,-1.100069592,-0.0824552606,-0.235301159,2.516511448000002,-6.132736073,0.3772169689000001,-1.3141041340000008
53,PHE,0.682,0.2193631392730781,2.83655,1.85381,0.5731900000000001,1,0.05,3,0.15,0.8111,0.783,0.0763,0.037,1.6685873,3.23511125,4.60459402,5.6956836,-0.565913631,-1.1017252170000005,-0.0896923066999999,-0.255001239,2.395552943,-5.429681806,0.3828412625,-1.2570562020000002
54,GLY,0.455,0.2516592920353982,0.8912,0.86747,0.48553,2,0.133333333333333,2,0.133333333333333,0.4556,0.0,1.0,0.5062,1.39021155,2.69373144,3.8298734900000007,4.72950401,-0.5727236294500001,-1.1138767708,-0.0927239002699999,-0.26347651337,3.179376303000001,-4.6360067704999945,0.5258545762999999,-1.1170172078999998
55,PRO,1.284,0.5757847533632288,1.97047,0.8743,0.0716999999999999,2,0.333333333333333,1,0.166666666666667,0.3222,0.3764,0.8594,0.3827,0.97306439,1.88500582,2.6790822,3.30696143,-0.7069213424999998,-1.372233275,-0.11800009499,-0.3346831403,3.0634973739999976,-4.283949208999999,0.4897691050000004,-1.0466494909000004
56,GLY,0.739,0.4087389380530973,0.90857,0.7354,0.3335999999999999,2,0.333333333333333,1,0.166666666666667,0.4556,0.0,1.0,0.5062,0.97331981,1.88701949,2.68575429,3.32238342,-0.6699568830000001,-1.300703566,-0.11114276246,-0.31518805306,3.0627702920000024,-3.111299221499999,0.4917555039000003,-0.8179915132799997
57,LYS,2.369,0.9111538461538462,3.24334,0.6771,-0.4461000000000001,1,0.111111111111111,0,0.0,0.0667,0.6942,0.6867,0.7901,1.53175008,2.98275278,4.27728888,5.349325419999999,-0.74943586,-1.4661020945,-0.10772067646,-0.3074931914,2.598270840000002,-6.438223253999999,0.3600611425999999,-1.2934324658000007
58,MET,0.849,0.2847082494969818,1.77296,1.5130800000000002,0.6199199999999998,3,0.142857142857143,4,0.19047619047619,0.7111,0.6196,0.0,0.0988,1.5285841100000002,2.9580316200000003,4.196194,5.16436756,-0.5328470425,-1.0372664325,-0.0847639897,-0.2410131709,2.589810109999997,-4.7100692340000005,0.4324361115000002,-1.0722827486000002
59,ASP,0.716,0.2670645281611339,2.09249,1.19586,0.7691400000000002,1,0.04,4,0.16,0.1111,0.3239,0.8675,1.0,1.80731022,3.5021759700000006,4.98007854,6.151737049999999,-0.534929338,-1.0419791050000002,-0.083793495,-0.23831105,2.318587536,-6.462149105000006,0.3582220755999997,-1.4845275482999991
60,SER,0.924,0.4246323529411764,1.43227,0.96806,0.2839400000000002,1,0.0714285714285714,3,0.214285714285714,0.4111,0.1877,0.8514,0.5309,1.53051799,2.97312665,4.2456911900000005,5.277197610000001,-0.6845297086000001,-1.331262683,-0.11044324755,-0.3136854938,2.2802620279999983,-4.744225461999997,0.3409952997999997,-1.0334390276
61,ARG,1.858,0.5541306292872055,3.45322,1.32792,0.1670800000000001,0,0.0,1,0.1,0.0,0.7346,0.9398,0.6914,1.39170381,2.70539101,3.8681471,4.81687781,-1.08467443698,-2.11214541945,-0.171806273615,-0.4887024224,2.6708923569999987,-3.6402264834,0.4238666214000003,-0.8610662910000005
62,GLY,0.538,0.2975663716814159,0.76193,0.8873400000000001,0.3826599999999999,0,0.0,0,0.0,0.4556,0.0,1.0,0.5062,0.97400936,1.89241945,2.70352502,3.3630915099999994,-1.2883698815000002,-2.5094826090000004,-0.1998178478199999,-0.5676731534000001,1.7679204589999986,-3.3430864932000004,0.2736390025,-0.8050462769700001
63,GLU,1.836,0.6730205278592375,2.90909,0.8101,0.0819,0,0.0,0,0.0,0.1111,0.4884,0.8112,0.9136,0.83361851,1.6123343499999998,2.2853343300000004,2.80964797,-1.070666896,-2.085628583,-0.1693509821,-0.4820990449999999,1.4915403639999998,-3.632369421000001,0.2468122470000001,-0.8576775309999999
64,HIS,1.628,0.5887884267631103,3.04642,1.0908,0.0462000000000002,0,0.0,0,0.0,0.1444,0.561,0.1124,0.679,0.6944749699999999,1.34202444,1.89933748,2.33002556,-0.723230771,-1.406297475,-0.1168293411999999,-0.3317097931999999,1.452221646,-3.289472476000001,0.2387965706000001,-0.7844004123999996
65,ARG,2.467,0.7357590217715478,3.97581,0.8915,-0.0054999999999998,0,0.0,0,0.0,0.0,0.7346,0.9398,0.6914,0.8341745399999999,1.61669383,2.29969864,2.8426062400000003,-0.5111848062,-0.9947755442,-0.0810906045,-0.2303213406699999,0.8628407020000002,-2.0113210200000005,0.146406095,-0.5192965744
66,GLN,1.406,0.4890434782608695,2.65692,1.22144,0.24756,0,0.0,0,0.0,0.1111,0.5388,0.7952,0.6914,0.8337376000000001,1.61325719,2.2883372100000003,2.81642238,-0.4540451627,-0.8849324049999999,-0.07090185545,-0.2018686582,1.1770473139999995,-2.687391500000001,0.196695992,-0.6367268009999997
67,ASP,1.255,0.4681089145841103,2.47613,0.8291,0.5969000000000002,0,0.0,0,0.0,0.1111,0.3239,0.8675,1.0,0.69417043,1.33965955,1.89162592,2.31257984,-0.477859649,-0.925920206,-0.0817771484,-0.2315081849999999,1.2921073309999993,-3.0403756500000005,0.2386640515,-0.824796269
68,ARG,2.553,0.761407694601849,4.01759,0.7220500000000001,0.0779500000000001,0,0.0,0,0.0,0.0,0.7346,0.9398,0.6914,0.69437914,1.34127353,1.89686615,2.32436424,-0.4360142608,-0.8482400242,-0.07045807105,-0.20031231,0.9403855520000002,-2.2800649384,0.1686844,-0.5663387637199999
69,ARG,1.666,0.4968684759916492,3.18517,1.50642,0.1805800000000001,0,0.0,0,0.0,0.0,0.7346,0.9398,0.6914,0.8332603800000001,1.60954464,2.27620782,2.78890985,-0.5317807299999999,-1.032827546,-0.0877189569999999,-0.248849457,1.298291887,-3.901704359999999,0.1887374845999999,-0.825578175
70,GLU,1.625,0.595674486803519,3.01141,0.88619,0.2168100000000001,0,0.0,1,0.2,0.1111,0.4884,0.8112,0.9136,0.8341003100000002,1.61610561,2.29773827,2.83803953,-0.1431735683,-0.2736520946,-0.02951030627,-0.0827082447,0.5880540420000001,-0.8283519882000001,0.1015710222,-0.247781436
71,ARG,2.26,0.6740232627497762,3.83123,1.02906,0.0639400000000003,0,0.0,2,0.5,0.0,0.7346,0.9398,0.6914,0.6942752400000001,1.34046282,1.89420898,2.31831079,-0.247393629,-0.4807099989999999,-0.0408569502,-0.1160515209999999,0.509965884,-0.938057045,0.086514134,-0.2321895979999999
72,PRO,1.274,0.5713004484304933,1.63759,0.8530500000000001,0.1029499999999998,0,0.0,2,0.666666666666667,0.3222,0.3764,0.8594,0.3827,0.41560705,0.79687109,1.11247883,1.33689752,-0.281124584,-0.541753855,-0.0524033489999999,-0.147792268,0.5091704400000001,-1.4038970500000003,0.092864717,-0.380538444
73,TYR,2.734,0.8022300469483569,4.59201,0.57852,0.0954799999999999,0,0.0,2,1.0,0.3556,0.8063,0.502,0.1605,0.41700174,0.80767389,1.14762316,1.41616861,-0.274891782,-0.537698849,-0.0400621919999999,-0.1144583729999999,0.5114533,-1.4218803420000004,0.0743779314,-0.301516976
