1,GLY,1.107,0.6122787610619469,0.62395,0.75412,-0.0531199999999999,0,0.0,0,0.0,0.4556,0.0,1.0,0.5062,0.6950488499999999,1.34641954,1.91346844,2.36139131,-0.071426075,-0.1384780619999999,-0.0123061821,-0.0349136066,1.336178604,-1.1693851699999993,0.2066780672000001,-0.2997028946999997
2,PRO,1.593,0.7143497757847533,1.98925,0.7442000000000001,-0.1072,0,0.0,0,0.0,0.3222,0.3764,0.8594,0.3827,0.55467703,1.06660961,1.49661178,1.81230085,-0.239979433,-0.466669604,-0.0391317658,-0.111229976,1.412293912,-3.2890553140000005,0.2396808729999999,-0.7835519489999997
3,GLY,1.126,0.622787610619469,1.0607,0.5755600000000001,0.10644,0,0.0,0,0.0,0.4556,0.0,1.0,0.5062,0.5548654000000001,1.06807226,1.50138136,1.8230915,-0.2182788069999999,-0.422848117,-0.0376470877,-0.1065950885,1.412529356,-3.105751579,0.2380239845000001,-0.7788524014999998
4,GLY,0.594,0.3285398230088495,0.8935599999999999,0.86236,0.3516399999999999,0,0.0,0,0.0,0.4556,0.0,1.0,0.5062,0.6935269399999999,1.33462084,1.87504905,2.27462483,-0.2196829,-0.422670344,-0.0418979328,-0.118038254,1.329851712,-2.979880205999999,0.2566008164,-0.8643070799999999
5,GLY,0.665,0.3678097345132743,0.92384,0.89931,0.2436899999999999,0,0.0,0,0.0,0.4556,0.0,1.0,0.5062,0.9725683,1.88111479,2.66625573,3.2775152800000003,-0.302419788,-0.588616589,-0.0488774816,-0.1391270652,1.0194941559999997,-1.793222273,0.1774385959999999,-0.4269822642
6,PRO,1.502,0.673542600896861,1.96208,0.82341,-0.09541,0,0.0,0,0.0,0.3222,0.3764,0.8594,0.3827,0.83375403,1.6134181999999997,2.28898053,2.81824404,-0.8079226425,-1.5660767189999998,-0.1372029944,-0.3884951211,1.4917027310000004,-3.5454344110000005,0.2425079230000001,-0.8566291509999999
7,GLY,0.662,0.3661504424778761,0.97665,0.6436999999999999,0.5023,0,0.0,0,0.0,0.4556,0.0,1.0,0.5062,0.83413399,1.61636874,2.29860143,2.84000802,-1.0671050017999997,-2.0813396070000003,-0.16353853294,-0.4657310853,1.6906296529999991,-3.3084653185000006,0.2539340177000003,-0.7145877919000001
8,GLY,0.746,0.4126106194690265,0.90622,0.83768,0.22432,0,0.0,0,0.0,0.4556,0.0,1.0,0.5062,0.97276392,1.88265937,2.6713831799999994,3.28939663,-1.0118930371,-1.9665626257,-0.1658306489,-0.4708732927,1.9234420839999973,-3.4192294930000005,0.3143173690000001,-0.8508840046999997
9,SER,0.579,0.2660845588235294,1.34493,1.1247300000000002,0.4722699999999999,0,0.0,0,0.0,0.4111,0.1877,0.8514,0.5309,1.3909883200000002,2.69983538,3.85003242,4.77590084,-0.6695922649999999,-1.29493606,-0.1187986415999999,-0.3360452605,2.081050202000001,-2.4793446559999994,0.3364201550000003,-0.6554765027
10,HIS,1.665,0.6021699819168174,3.01879,1.0504000000000002,0.0495999999999998,0,0.0,0,0.0,0.1444,0.561,0.1124,0.679,1.2514207300000002,2.42619656,3.45305163,4.27102904,-1.0189858559999998,-1.976904655,-0.1719663036,-0.4876455671999999,1.9615779020000013,-3.908176766,0.3309739371999999,-0.9793530299999996
11,MET,0.9,0.3018108651911468,2.16961,1.67818,0.4038200000000003,1,0.0833333333333333,0,0.0,0.7111,0.6196,0.0,0.0988,1.11104671,2.14627709,3.0355247200000006,3.71946839,-1.1488144273000005,-2.2230171153,-0.2026671840699999,-0.5737058095,3.0591594439999983,-5.409679136899997,0.5264418553000001,-1.4180339662000006
12,GLY,0.76,0.4203539823008849,1.03441,0.75819,0.28981,1,0.2,0,0.0,0.4556,0.0,1.0,0.5062,0.97359512,1.88916618,2.69278555,3.3383886,-1.2303837143699998,-2.3974342,-0.191617546495,-0.5450944457000001,2.7887915609999983,-6.730877019499999,0.4409387125000001,-1.6023308600599997
13,GLY,0.247,0.1366150442477876,0.85264,1.00206,0.55894,2,0.5,0,0.0,0.4556,0.0,1.0,0.5062,0.83377206,1.61355086,2.28938762,2.81908641,-0.7525730495,-1.4625769651999998,-0.1229220859699999,-0.3489445262599999,2.314198919999998,-4.791323634599998,0.3929570472000002,-1.18272296428
14,ASN,0.907,0.3709611451942741,2.36518,1.03919,0.4988099999999997,3,0.6,0,0.0,0.1111,0.3976,0.6747,0.8272,0.83375467,1.6133975599999997,2.28882148,2.81759952,-0.5789510042,-1.1277031119999998,-0.09121913133,-0.2595329931,1.7655655439999998,-2.894847586,0.2968403408000002,-0.6946320917000001
15,TYR,2.268,0.6654929577464789,3.98962,1.0671799999999998,0.0728200000000003,2,0.5,2,0.5,0.3556,0.8063,0.502,0.1605,0.6942956499999999,1.34062743,1.89476617,2.3196343,-0.609807611,-1.182447226,-0.1034683209,-0.293176756,1.9581662390000003,-5.245923365000002,0.3579456973000003,-1.3908165149999998
16,GLY,0.753,0.4164823008849557,0.9798,0.7059500000000001,0.3490500000000001,1,0.2,2,0.4,0.4556,0.0,1.0,0.5062,0.83404632,1.6156911899999995,2.29640396,2.8350744600000004,-0.7117495203,-1.3892957970000002,-0.1072634424999999,-0.3056299689999999,1.9660446970000005,-4.854519668000003,0.2938503876,-1.0966664860000002
17,ASP,1.15,0.4289444237224916,2.33762,1.01705,0.5139500000000001,0,0.0,2,0.333333333333333,0.1111,0.3239,0.8675,1.0,0.83364752,1.61257708,2.28618749,2.81176815,-0.5639063449999998,-1.094483518,-0.094340799,-0.2675729072,1.924045428999999,-3.5438701399999992,0.3094767423999998,-0.8262482678
18,ASP,1.453,0.5419619544945916,2.37858,0.83149,0.39651,0,0.0,1,0.142857142857143,0.1111,0.3239,0.8675,1.0,0.8338307,1.6140011200000002,2.29083699,2.8223059800000003,-0.5977652673,-1.1531243210000002,-0.1091493571,-0.3078685295,1.961169608,-3.4340753490000013,0.3330576509999999,-0.8903957310000007
19,ARG,1.431,0.4267819862809424,3.41817,1.50343,0.4185700000000001,0,0.0,2,0.166666666666667,0.0,0.7346,0.9398,0.6914,1.2516605000000005,2.42806528,3.45917055,4.28495155,-0.5766003890000001,-1.1226263837,-0.0913736254,-0.2598332156,2.0048539200000004,-4.184850409599998,0.3043342776000002,-0.9592417498000004
20,ARG,2.596,0.7742320310169997,4.03337,0.7064,0.0506,0,0.0,1,0.142857142857143,0.0,0.7346,0.9398,0.6914,0.97323461,1.88633653,2.68345022,3.31693294,-0.63090468216,-1.2288584124300002,-0.0994028465469999,-0.28279018053,1.5317752199999992,-3.89608986,0.2438625304999999,-0.8946843349999997
21,GLY,0.441,0.2439159292035398,0.87571,0.90725,0.45975,0,0.0,1,0.111111111111111,0.4556,0.0,1.0,0.5062,0.8332389200000001,1.60937354,2.27563358,2.7875602,-0.6348868251000002,-1.2343953089,-0.10389211072,-0.2952888599,1.5307889980000011,-3.892935604699998,0.2541545230000001,-0.9302471037000004
22,GLY,0.824,0.4557522123893805,0.89512,0.72199,0.2620100000000001,0,0.0,0,0.0,0.4556,0.0,1.0,0.5062,0.6944511600000001,1.34183524,1.89870437,2.32854313,-0.6078736659999999,-1.175216581,-0.1077222751,-0.3044230959999999,1.3326326480000006,-3.0256320229999973,0.234546534,-0.8186444780000002
23,ARG,2.068,0.6167611094542201,3.64287,1.2256900000000002,0.0593099999999999,1,0.111111111111111,1,0.111111111111111,0.0,0.7346,0.9398,0.6914,1.11257739,2.15819013,3.07446899,3.80787951,-0.5131104447,-1.003375339,-0.0755549364,-0.2158740346999999,1.6518617039999988,-3.687026742,0.2463434489,-0.8000082857999997
24,GLY,0.44,0.243362831858407,0.8708,0.98297,0.3850300000000001,2,0.133333333333333,2,0.133333333333333,0.4556,0.0,1.0,0.5062,1.11186179,2.15258959,3.05605266,3.76574125,-0.3988560958,-0.7748091747,-0.06666313535,-0.1894508631,1.6485090220000012,-3.0334351147,0.2751658824999999,-0.7484797547000003
25,GLY,0.952,0.5265486725663716,0.94563,0.7150700000000001,0.14093,2,0.285714285714286,1,0.142857142857143,0.4556,0.0,1.0,0.5062,0.8341554,1.61654002,2.29917752,2.84136529,-0.57402626916,-1.10845149243,-0.1031779792809999,-0.29121630635,2.038606172000001,-3.828156599459997,0.3523957376,-0.9979032516600008
26,TYR,1.559,0.4574530516431925,3.84676,1.4582100000000002,0.3907899999999997,5,0.625,2,0.25,0.3556,0.8063,0.502,0.1605,0.97318323,1.88595212,2.68225016,3.3143839500000003,-0.8532196993,-1.66486891,-0.1296087749,-0.3692411726,2.8702704000000026,-6.073528714000002,0.4263186259999996,-1.2657513498000008
27,ASP,0.871,0.3248787765759045,2.25892,1.12156,0.6884400000000002,3,0.375,1,0.125,0.1111,0.3239,0.8675,1.0,0.97312876,1.88549687,2.68065018,3.31040549,-0.672197116,-1.311237284,-0.1037591179,-0.2957651249999999,1.6476151380000017,-3.7198731130000007,0.2787495142000001,-0.8715718049999995
28,ARG,1.748,0.5213241872949597,3.5934500000000003,1.21711,0.3878900000000003,2,0.5,0,0.0,0.0,0.7346,0.9398,0.6914,0.69433901,1.3409742,1.89593363,2.32239022,-0.4538410020000001,-0.872943592,-0.08649562135,-0.2435177258,1.644865923999999,-2.751870341,0.3013691743999999,-0.772292549
29,GLY,0.912,0.504424778761062,0.93141,0.7595700000000001,0.1364299999999999,2,0.4,0,0.0,0.4556,0.0,1.0,0.5062,0.83416248,1.6165930899999998,2.2993439,2.84172152,-0.6961796959999998,-1.357979888,-0.1068870727,-0.3045191164,2.201477318,-3.146582864000001,0.3326204752,-0.7475706975999996
30,GLY,0.605,0.3346238938053097,0.92993,0.8605099999999999,0.3424900000000002,1,0.25,0,0.0,0.4556,0.0,1.0,0.5062,0.69440146,1.3414520499999998,1.89746593,2.32577569,-0.660099489,-1.274633799,-0.119052573,-0.336122795,2.391505248999999,-3.6357782279999977,0.4155361520000001,-0.9208488890000004
31,TYR,1.247,0.3659037558685446,3.51461,1.7472899999999998,0.4137099999999998,3,0.6,0,0.0,0.3556,0.8063,0.502,0.1605,1.11324384,2.16341074,3.0916540500000003,3.84725825,-0.7213647065,-1.4034211240000003,-0.11569929204,-0.3287169551,3.617603157000005,-5.473083873000002,0.5417023381999992,-1.2625906859000005
32,ARG,2.085,0.6218311959439308,3.69951,1.0844,0.1836000000000002,1,0.2,0,0.0,0.0,0.7346,0.9398,0.6914,0.97355556,1.8888474,2.69170456,3.33581354,-0.3841726561,-0.7493723631999999,-0.0587714822099999,-0.1673841804,2.278854255999998,-3.1043765178,0.3547976828999995,-0.6904413026000003
33,GLY,0.451,0.2494469026548672,0.74008,0.8632399999999999,0.4937600000000001,1,0.142857142857143,0,0.0,0.4556,0.0,1.0,0.5062,0.6940905399999999,1.33901397,1.88943131,2.30733847,-0.3991511489,-0.7719791989999999,-0.0706419007999999,-0.1997801468,1.960946943000002,-2.9799800529999985,0.3375074803999998,-0.7642302747999995
34,ARG,2.523,0.7524604831494184,3.91072,0.91167,-0.0816699999999999,0,0.0,0,0.0,0.0,0.7346,0.9398,0.6914,0.83398127,1.61518266,2.29473379,2.83125866,-0.5715574920000001,-1.118229673,-0.0827591851999999,-0.2364549605,2.399881576000003,-4.439232493,0.3481487627000003,-0.9424715
35,GLY,0.898,0.4966814159292035,1.00637,0.7000299999999999,0.2099700000000001,0,0.0,0,0.0,0.4556,0.0,1.0,0.5062,0.6944009600000001,1.34144896,1.8974586,2.325767,-0.5929650526,-1.149518046,-0.1008966129,-0.2857931385,2.5092478709999977,-5.0001247899999965,0.4354763286999994,-1.2469105412000003
36,GLY,0.505,0.2793141592920354,0.93141,0.89836,0.4046399999999999,2,0.2,1,0.1,0.4556,0.0,1.0,0.5062,1.25217045,2.4320190699999995,3.47204169,4.31400374,-0.6049546734000001,-1.1732143060000004,-0.1021134943499999,-0.2892813667,5.264809244000007,-8.667742148000004,0.8199381188000008,-2.146395571500004
37,ASP,0.814,0.3036180529653114,2.22648,1.17023,0.6967699999999999,2,0.153846153846154,3,0.230769230769231,0.1111,0.3239,0.8675,1.0,1.3904001300000002,2.69523033,3.83487998,4.74119464,-0.5124182439,-0.995070502,-0.0848526605,-0.2407067477,3.332597389,-3.665098069999998,0.5816972493000007,-0.9487931264
38,ARG,1.411,0.4208171786459886,3.36442,1.4161799999999998,0.5258200000000004,3,0.15,5,0.25,0.0,0.7346,0.9398,0.6914,1.24962488,2.41217891,3.4070865100000005,4.166248850000001,-0.6395026881999999,-1.2363879653,-0.1139815784799999,-0.32232788065,1.8026120300000004,-2.0689460513,0.3221882559999998,-0.5650537947499994
39,GLY,0.783,0.433075221238938,0.95961,0.7071199999999999,0.31788,1,0.0666666666666667,2,0.133333333333333,0.4556,0.0,1.0,0.5062,1.25069297,2.42052654,3.43449394,4.22883004,-0.63552337108,-1.2342983650000003,-0.10511147251,-0.2982534321399999,2.1244296800000013,-0.4195301272000002,0.3070467891000003,-0.0959363795999999
40,GLY,0.818,0.452433628318584,0.96856,0.73424,0.2557600000000001,0,0.0,2,0.166666666666667,0.4556,0.0,1.0,0.5062,0.9724381800000002,1.88012042,2.6630717,3.27049475,-0.5266457888,-1.0211295067,-0.09008938336,-0.2554432914,1.803900876,-1.2347163294999994,0.3098395417,-0.3756137290000005
41,PHE,1.458,0.4689610807333547,3.37386,1.3510300000000002,0.2999699999999998,0,0.0,2,0.142857142857143,0.8111,0.783,0.0763,0.037,1.11084275,2.14472817,3.03059463,3.70868799,-0.8490170779999999,-1.6466101430000002,-0.1440469342999999,-0.408370068,1.882512794,-3.688522638,0.3220707850000002,-0.985411802
42,ARG,2.265,0.6755144646585147,3.69393,1.06845,0.0195500000000001,0,0.0,2,0.142857142857143,0.0,0.7346,0.9398,0.6914,1.25106791,2.42342879,3.4439296,4.250094659999999,-0.6085155940199999,-1.1804400842299998,-0.102651024664,-0.291003842905,2.042465783,-2.9219930560000003,0.3241719147000001,-0.7617420913999998
43,GLY,0.362,0.200221238938053,0.8077,1.0448400000000002,0.4011599999999999,0,0.0,2,0.105263157894737,0.4556,0.0,1.0,0.5062,1.38967506,2.68957471,3.81634839,4.698993409999999,-0.7780328616000001,-1.5181307414399996,-0.11835633312,-0.33720199647,1.884129874,-1.49635142015,0.3099168442000001,-0.3501537000999999
44,GLY,0.672,0.3716814159292035,1.04221,0.6998599999999999,0.4361400000000002,0,0.0,2,0.181818181818182,0.4556,0.0,1.0,0.5062,1.3919085300000005,2.70698616,3.87337001,4.82876125,-0.960713657,-1.8736519273,-0.14801192738,-0.4216103626999999,2.1217521989999995,-2.2309689145999982,0.3303290474999998,-0.5132845742000001
45,ARG,2.539,0.7572323292573815,4.0972100000000005,0.7195199999999999,0.0944800000000001,0,0.0,0,0.0,0.0,0.7346,0.9398,0.6914,1.11339176,2.16458409,3.0955684,3.85638764,-1.3772031076200002,-2.67727950232,-0.2227665736430001,-0.632207255854,2.7083965409999977,-4.548021585000001,0.4411141942999999,-1.1806566753699994
46,GLY,0.571,0.3158185840707964,0.96178,0.8851899999999999,0.3518100000000002,0,0.0,1,0.0769230769230769,0.4556,0.0,1.0,0.5062,1.25132297,2.4253868999999995,3.45023663,4.26412075,-1.27657188469,-2.49243409385,-0.1938958860499999,-0.5532260485500001,2.749592654,-4.592396038800001,0.4390281049999999,-1.0409239130499996
47,GLY,0.922,0.5099557522123894,1.0153100000000002,0.6837899999999999,0.2022100000000001,0,0.0,1,0.2,0.4556,0.0,1.0,0.5062,0.8339707000000001,1.6150919699999997,2.29440734,2.83042419,-0.9107947652,-1.7749801905,-0.14110577684,-0.40136143426,2.5518759030000013,-3.737365542000002,0.4151071700000007,-0.9260945254600004
48,GLY,0.902,0.4988938053097345,0.96789,0.70313,0.20287,0,0.0,1,0.166666666666667,0.4556,0.0,1.0,0.5062,0.6943392699999998,1.34096488,1.89586232,2.32210163,-1.026297043,-1.993700249,-0.1692269421999999,-0.4802945877999999,2.625051915000004,-4.760841684499999,0.4697147442999996,-1.2611086775000009
49,ASP,0.924,0.3446475195822454,2.1390100000000003,1.1817000000000002,0.5752999999999999,0,0.0,2,0.2,0.1111,0.3239,0.8675,1.0,1.25203104,2.43096766,3.46872511,4.30684857,-1.0068563396,-1.9612115329000008,-0.15729539249,-0.4472065453999999,3.1465611529999995,-3.935587578500002,0.4604623934,-0.8739990789000002
50,ARG,1.013,0.3021175067104085,3.1158300000000003,1.6578,0.6822000000000004,0,0.0,2,0.166666666666667,0.0,0.7346,0.9398,0.6914,1.53113325,2.97793841,4.26150324,5.313346709999999,-1.0048737,-1.9551709864,-0.16098357235,-0.4574763785,4.046370823999999,-6.563896527000001,0.6361168929000003,-1.499245548799999
51,GLY,0.534,0.2953539823008849,0.865,0.87825,0.39575,0,0.0,2,0.117647058823529,0.4556,0.0,1.0,0.5062,1.94881835,3.79087679,5.426159220000001,6.76765127,-0.8775885695299999,-1.7058761467599997,-0.142321185733,-0.403940205745,4.046005523999998,-6.845638869899997,0.6367931579000001,-1.5913112584799984
52,GLY,0.831,0.4596238938053097,0.93361,0.76322,0.21378,2,0.111111111111111,0,0.0,0.4556,0.0,1.0,0.5062,2.22748379,4.33449238,6.208118089999999,7.7500398,-1.2713481855,-2.4834339036000004,-0.18860101885,-0.5376864624900001,3.188039359000004,-6.483172763999997,0.4492757616999998,-1.3509923655
53,PHE,1.408,0.4528787391444194,3.3573500000000003,1.3553000000000002,0.3456999999999999,3,0.1875,3,0.1875,0.8111,0.783,0.0763,0.037,1.38998082,2.6919438,3.82405651,4.71638181,-1.0773587836,-2.0876417365,-0.1850473270499999,-0.52411538174,2.5899593440000026,-3.864392745499999,0.4323525546999997,-0.9611552590400004
54,GLY,0.332,0.1836283185840708,0.74275,0.91231,0.56369,3,0.3,2,0.2,0.4556,0.0,1.0,0.5062,1.1118271,2.15237246,3.05552984,3.76513191,-0.90714577867,-1.7668625812,-0.1425335995699999,-0.40538478617,2.3946746979999984,-1.7667540105599997,0.3902238713000001,-0.43264660372
55,PRO,1.099,0.4928251121076233,1.99554,1.0024700000000002,0.1285299999999998,1,0.2,1,0.2,0.3222,0.3764,0.8594,0.3827,0.97348641,1.88832127,2.6900274,3.33213898,-1.0973616119,-2.142446633,-0.1652138545699999,-0.4709676693,2.788979286000001,-3.5595561850000013,0.4381740794000001,-0.8261486149999998
56,GLY,1.03,0.5696902654867256,1.00574,0.6162500000000001,0.1617499999999999,1,0.142857142857143,1,0.142857142857143,0.4556,0.0,1.0,0.5062,0.9731289,1.88551099,2.68074288,3.3107604200000003,-1.124863979,-2.187894335,-0.18080549449,-0.513492356,2.1596178,-4.186807670199999,0.3473474477999999,-1.0021428942999997
57,LYS,1.3,0.5,2.77096,1.2942999999999998,0.0057000000000002,4,0.285714285714286,2,0.142857142857143,0.0667,0.6942,0.6867,0.7901,1.39020431,2.69370241,3.82987528,4.729809169999999,-1.1226405686000005,-2.187698898,-0.1749084497,-0.4977173509,2.592189848000001,-4.143024048000003,0.4132066818000002,-0.984734409099999
58,MET,0.908,0.3044936284372904,2.15841,1.49351,0.5804900000000004,4,0.181818181818182,3,0.136363636363636,0.7111,0.6196,0.0,0.0988,1.66795367,3.2301846100000007,4.588501480000001,5.65918681,-1.2276974197999997,-2.3766398667,-0.21423677697,-0.6063939195,3.218023448000004,-5.589684730800006,0.5333673133000001,-1.4149428213000008
59,ASP,0.462,0.1723237597911227,1.83419,1.3804,0.8385999999999998,2,0.111111111111111,2,0.111111111111111,0.1111,0.3239,0.8675,1.0,1.6697347799999998,3.24402524,4.6336809,5.761558489999999,-1.36671514272,-2.64969111722,-0.233439965543,-0.6616559130540002,4.631063038999995,-8.256306902,0.7660492901999991,-2.1315392275500016
60,SER,0.627,0.2881433823529412,1.40893,1.10803,0.4409700000000001,1,0.0833333333333333,1,0.0833333333333333,0.4111,0.1877,0.8514,0.5309,1.67133371,3.2565110400000004,4.674639490000001,5.85497411,-1.3379904853000002,-2.621070952999999,-0.18692077515,-0.5343205338000001,3.8175563700000033,-7.506974104000007,0.5407337857999999,-1.5413245401999998
61,ARG,1.712,0.5105875335520429,3.46452,1.43045,0.2105500000000002,0,0.0,1,0.111111111111111,0.0,0.7346,0.9398,0.6914,0.97302613,1.88472009,2.67818935,3.30506278,-0.9497744375,-1.846496497,-0.1541273704,-0.4376596293,3.0243726580000003,-6.676404322000005,0.4782864731999999,-1.5170517788999995
62,GLY,0.687,0.3799778761061947,0.91106,0.75812,0.36288,0,0.0,1,0.2,0.4556,0.0,1.0,0.5062,0.8339164,1.61468759,2.2931501,2.82777139,-0.949287315,-1.852700903,-0.1430245546,-0.4073726709999999,2.592011915,-6.657419203999999,0.4105801741000001,-1.5563351520000008
63,GLU,2.095,0.7679618768328446,3.21144,0.59342,0.03958,0,0.0,1,0.25,0.1111,0.4884,0.8112,0.9136,0.8339962,1.6152821199999998,2.29499928,2.83167611,-0.8412892617000002,-1.6434348518,-0.1255609446999999,-0.3581790203,2.746518806000002,-5.531159761800001,0.4602635691999996,-1.3177958387000004
64,HIS,0.795,0.2875226039783002,2.69322,1.57038,0.3996200000000001,0,0.0,1,0.111111111111111,0.1444,0.561,0.1124,0.679,0.97235806,1.87949893,2.6610475000000005,3.26592313,-1.0775142919999998,-2.097275455,-0.17188007,-0.4887148562,2.3541555070000006,-5.315382541999997,0.3946167389000001,-1.2963647411999994
65,ARG,2.214,0.6603042051893826,3.63104,1.16991,-0.0309099999999997,0,0.0,0,0.0,0.0,0.7346,0.9398,0.6914,1.11348905,2.16534533,3.09807054,3.86210972,-0.6985019443999999,-1.3503536385,-0.1235229508799999,-0.3489534241299999,3.220224070000001,-3.3213363693999995,0.5104133174000003,-0.8983889002000004
66,GLN,1.199,0.4170434782608695,2.79129,1.27239,0.40361,0,0.0,1,0.125,0.1111,0.5388,0.7952,0.6914,1.39167414,2.7051471300000003,3.86730408,4.81482173,-0.8205100290999999,-1.5971215989999998,-0.1308605581,-0.372080008,3.927411533999995,-5.499856151000002,0.6270110329000006,-1.3566354462999994
67,ASP,0.507,0.1891085415889593,1.99042,1.42819,0.7458099999999999,0,0.0,0,0.0,0.1111,0.3239,0.8675,1.0,1.1128667,2.16048077,3.08209473,3.82561557,-0.9889485015,-1.921510064,-0.1630482879699999,-0.4629840008999999,3.100772209999999,-7.169839621,0.5111076286000003,-1.8039770092
68,ARG,1.909,0.5693408887563376,3.63251,1.356,0.088,0,0.0,1,0.1,0.0,0.7346,0.9398,0.6914,1.1116452099999998,2.1509143500000003,3.05061425,3.75351331,-0.9484826337,-1.8389288125,-0.1616984357699999,-0.4582684129999999,3.0998211029999982,-7.0185574264999975,0.5201652338000002,-1.720163646899999
69,ARG,1.479,0.4410975246048315,3.39918,1.55145,0.3225500000000001,0,0.0,0,0.0,0.0,0.7346,0.9398,0.6914,1.5310002,2.976901029999999,4.258103530000001,5.30560169,-0.649782889,-1.264340615,-0.1043124731999999,-0.2965143787,2.866041598999998,-5.557804750000003,0.4667278564,-1.3300720038000005
70,GLU,0.745,0.2730938416422287,2.33744,1.5209400000000002,0.4620599999999999,0,0.0,0,0.0,0.1111,0.4884,0.8112,0.9136,1.6685965500000002,3.23519891,4.60493295,5.696613329999999,-0.5794092074,-1.1256237295999998,-0.09528137052,-0.2704059614,2.315831754,-3.3300330418,0.3819896143,-0.7914830222999992
71,ARG,1.313,0.3915896212347151,3.41246,1.58814,0.4518599999999999,0,0.0,0,0.0,0.0,0.7346,0.9398,0.6914,1.66958484,3.24281679,4.629581250000001,5.75178636,-0.6059241867599999,-1.1821884229,-0.0927327979,-0.2642579677,2.121871619,-2.7019576226000006,0.3316602385000002,-0.6090295534399999
72,PRO,1.118,0.5013452914798207,1.7202099999999998,1.08551,0.0264899999999999,0,0.0,0,0.0,0.3222,0.3764,0.8594,0.3827,1.11341807,2.16478196,3.0961891700000006,3.85771453,-0.4319089987999999,-0.8365693515999999,-0.07409797085,-0.20962380346,3.222701017999999,-3.1251990176,0.4932965307999998,-0.74528657636
73,TYR,2.131,0.6252934272300469,4.56587,0.9592,0.3178000000000001,0,0.0,1,0.2,0.3556,0.8063,0.502,0.1605,0.97521674,1.90174351,2.73376078,3.43098847,-0.6436662877,-1.2575271623000002,-0.09533200688,-0.27186393484,3.146794480000003,-4.233359690499999,0.4599686585999997,-0.93449111908
