1,GLY,0.859,0.4751106194690265,0.7763599999999999,0.7072400000000001,0.2417599999999999,0,0.0,0,0.0,0.4556,0.0,1.0,0.5062,1.25314901,2.43956108,3.4964500000000003,4.36866765,-0.5615374642900002,-1.0986823390400002,-0.081345545932,-0.23245731177,2.8712498610000026,-3.01234191805,0.4251091551999993,-0.6604425763899999
2,PRO,1.449,0.6497757847533633,1.4122,0.73112,0.0498799999999999,0,0.0,0,0.0,0.3222,0.3764,0.8594,0.3827,0.97384141,1.89110003,2.69916658,3.35305597,-0.6448596591,-1.2609656845,-0.09365190081,-0.26724036723,3.066769940999996,-4.735870237999999,0.4576699398000002,-1.0006089874000004
3,GLY,1.066,0.5896017699115045,1.02861,0.59067,0.1513299999999999,0,0.0,0,0.0,0.4556,0.0,1.0,0.5062,1.11311405,2.16240549,3.08838639,3.83989783,-0.7060488666999999,-1.3796990290000002,-0.10419355076,-0.2971955302,3.5398995390000043,-5.561163255,0.5180795065999995,-1.2072000157
4,GLY,0.304,0.1681415929203539,0.8484099999999999,1.03795,0.4660500000000001,0,0.0,0,0.0,0.4556,0.0,1.0,0.5062,1.38950981,2.68832211,3.81236534,4.6902885,-0.9564743873,-1.864597634,-0.147932036,-0.4210814668,2.749025618000001,-5.497033153999999,0.4409356044000003,-1.3195961751999992
5,GLY,0.579,0.3202433628318584,0.85295,0.7693299999999998,0.4596700000000002,0,0.0,0,0.0,0.4556,0.0,1.0,0.5062,1.11220217,2.15528989,3.06505967,3.78674073,-0.6393512253,-1.2359819846,-0.11408765406,-0.32261883677,3.5262433910000013,-5.184650595100003,0.6320102831000011,-1.3938934100099996
6,PRO,1.703,0.763677130044843,1.84852,0.75912,-0.2321200000000001,0,0.0,0,0.0,0.3222,0.3764,0.8594,0.3827,1.39212172,2.70867406,3.87898764,4.841821379999999,-0.9081224254000002,-1.772163893,-0.13746178183,-0.3915617351000001,2.869638118000001,-5.126973711000004,0.4328556625000002,-1.1765299446000004
7,GLY,0.087,0.0481194690265486,0.71248,1.1341899999999998,0.5868100000000003,1,0.0476190476190476,0,0.0,0.4556,0.0,1.0,0.5062,1.8083928700000005,3.51054416,5.007239329999999,6.212801509999999,-0.6882015691999999,-1.3396059204,-0.10978330976,-0.3122076324999999,2.5136926660000007,-2.518457076100004,0.4025863056,-0.604743534
8,GLY,0.297,0.1642699115044247,0.83724,0.98858,0.5224200000000001,0,0.0,0,0.0,0.4556,0.0,1.0,0.5062,1.66729346,3.22501713,4.57150315,5.620268899999999,-0.818128957,-1.5840180555999996,-0.14319780103,-0.4055704276999999,2.274499665999998,-3.382953883800001,0.3938900679999997,-0.8932049237000003
9,SER,0.761,0.3497242647058823,1.4967,0.98898,0.42602,0,0.0,0,0.0,0.4111,0.1877,0.8514,0.5309,1.94806002,3.78499315,5.40698293,6.72428888,-0.5730280950000001,-1.1037538326,-0.10810211563,-0.3049724238399999,2.2350961060000007,-1.8443964579,0.3869141761999996,-0.5281260924000003
10,HIS,1.564,0.5656419529837251,2.90572,1.0938499999999998,0.1071500000000003,0,0.0,0,0.0,0.1444,0.561,0.1124,0.679,1.39088733,2.6990229,3.84728163,4.769361760000001,-1.36565009864,-2.6399334922,-0.24357671021,-0.68865864393,2.315187980000001,-3.6080140270000016,0.3867228162999999,-0.9465376966500002
11,MET,0.692,0.2320590207914151,2.11909,1.66575,0.62425,3,0.272727272727273,0,0.0,0.7111,0.6196,0.0,0.0988,1.2511976500000002,2.42446421,3.4474013,4.25824085,-1.59577651732,-3.09987499714,-0.264055481557,-0.7496684461739999,1.6111091709999998,-3.20188960654,0.2513236692000002,-0.7483287160200001
12,GLY,0.728,0.4026548672566371,0.92335,0.7584299999999999,0.3215700000000001,4,0.571428571428571,0,0.0,0.4556,0.0,1.0,0.5062,0.83420604,1.61693059,2.3004415,2.84419441,-1.1029962609999997,-2.1467008793,-0.1751602597399999,-0.4976823712,1.5703286490000006,-2.6622702538,0.2552754100000002,-0.6438929827999996
13,GLY,0.233,0.1288716814159292,0.65889,0.96269,0.6123099999999999,6,0.75,0,0.0,0.4556,0.0,1.0,0.5062,0.97286612,1.88351376,2.67438097,3.29683262,-0.9966542672000002,-1.9465324663,-0.14806701837,-0.4220094052500001,1.5695022760000008,-2.2756399024,0.2599064658000001,-0.5165030250000001
14,ASN,1.228,0.5022494887525563,2.35064,0.99366,0.2233399999999998,6,0.666666666666667,0,0.0,0.1111,0.3976,0.6747,0.8272,0.97365289,1.88960838,2.69420459,3.3415271800000004,-0.5064523807,-0.99098191,-0.0728889731,-0.2082147218999999,2.316625036000001,-2.25402987,0.3728392378000002,-0.4754366408999999
15,TYR,2.237,0.6563967136150235,3.97579,1.1524100000000002,0.0185899999999996,3,0.6,1,0.2,0.3556,0.8063,0.502,0.1605,0.8340022,1.61535079,2.29530103,2.8326011,-0.616406768,-1.1977246794999998,-0.1004990303699999,-0.2851053974,2.5493426,-4.506046590999999,0.4334471382999999,-1.1703130801
16,GLY,0.777,0.4297566371681416,1.02155,0.7225900000000001,0.3084100000000001,0,0.0,1,0.25,0.4556,0.0,1.0,0.5062,0.83431869,1.61781738,2.30337618,2.8509687,-0.7344537810000001,-1.428209531,-0.1178649417,-0.3345035465,3.256527052999996,-7.541819039,0.5426717593999997,-1.9047539789999992
17,ASP,1.448,0.5400969787392763,2.36718,0.97146,0.2615400000000001,0,0.0,1,0.2,0.1111,0.3239,0.8675,1.0,0.8337875,1.6136682899999997,2.28976039,2.81989743,-0.572135315,-1.113924033,-0.090738854,-0.258031757,3.6134032360000026,-7.762995487999997,0.5748655889000003,-1.808395609999998
18,ASP,1.343,0.5009324878776575,2.54949,0.85446,0.4835400000000001,0,0.0,0,0.0,0.1111,0.3239,0.8675,1.0,0.69425717,1.34032989,1.89379961,2.3174595,-0.4550067969999999,-0.8820220839999999,-0.0773245674999999,-0.2189720951,2.588894985999999,-5.000146847999995,0.4383548284000003,-1.267283863000001
19,ARG,2.275,0.6784968684759916,3.80116,0.8943500000000001,0.1836500000000002,0,0.0,1,0.166666666666667,0.0,0.7346,0.9398,0.6914,0.83337572,1.61046855,2.27931906,2.79625248,-0.4526419949999999,-0.8817356190000002,-0.0712561053,-0.2027779436999999,2.553961794,-4.787671712999995,0.39930635,-1.1099718895000006
20,ARG,2.509,0.7482851178049507,3.98987,0.8353,0.0087000000000002,0,0.0,1,0.2,0.0,0.7346,0.9398,0.6914,0.6942282200000001,1.34010196,1.89304579,2.31572146,-0.543008442,-1.051468604,-0.0938896476,-0.2656517756,2.31191868,-4.481872089000006,0.4108068990999998,-1.1603711370999996
21,GLY,0.454,0.2511061946902654,1.00305,0.80328,0.5507200000000001,0,0.0,1,0.166666666666667,0.4556,0.0,1.0,0.5062,0.97320199,1.88609465,2.68270318,3.3153713400000004,-0.5897786559999999,-1.148789012,-0.0927782242,-0.263930598,3.494878728,-6.430786989,0.5619969597999992,-1.495838013500001
22,GLY,0.818,0.452433628318584,0.9107,0.78555,0.2044500000000001,0,0.0,0,0.0,0.4556,0.0,1.0,0.5062,0.97320035,1.88607788,2.6826352900000003,3.31517884,-0.8083576760000001,-1.57742716,-0.1222965692999999,-0.34833642,2.591504070000003,-5.478393203999998,0.4166611701000002,-1.2716752770000006
23,ARG,2.851,0.8502833283626603,4.1043400000000005,0.7344600000000001,-0.2324599999999999,0,0.0,0,0.0,0.0,0.7346,0.9398,0.6914,0.83400274,1.615354,2.29530946,2.83261397,-0.804329054,-1.569555109,-0.1216544392,-0.3464855025999999,2.1228563190000007,-4.886618899000002,0.3201236435999999,-1.0903620612
24,GLY,0.742,0.4103982300884956,0.96038,0.7837100000000001,0.2822899999999999,1,0.125,2,0.25,0.4556,0.0,1.0,0.5062,0.83339746,1.61060075,2.27962322,2.79654845,-0.611396056,-1.187466853,-0.1018992302,-0.2893716828,2.118191321,-3.743049971,0.3621623339,-0.9502487708
25,GLY,0.681,0.3766592920353983,0.99065,0.75371,0.37329,1,0.1,2,0.2,0.4556,0.0,1.0,0.5062,1.11228729,2.15594352,3.06716659,3.79143306,-0.799081517,-1.5554090369999998,-0.1265303502999999,-0.3595283905,2.5526145930000004,-4.721731580999999,0.4067391235000006,-1.09303921
26,TYR,1.235,0.3623826291079812,3.32329,1.7507199999999998,0.4222800000000002,3,0.3,2,0.2,0.3556,0.8063,0.502,0.1605,1.5314377,2.98034142,4.26947691,5.33181225,-1.20809305137,-2.3616447394,-0.17695125193,-0.50494738813,3.2255611660000016,-6.1463415474,0.4722044016999998,-1.3454642511199997
27,ASP,1.213,0.4524431182394629,2.08156,0.8612400000000001,0.6067599999999999,2,0.222222222222222,2,0.222222222222222,0.1111,0.3239,0.8675,1.0,1.11231783,2.15618067,3.06794098,3.7931895,-0.935043651,-1.821113894,-0.147230377,-0.4187657050999999,2.276385679999999,-4.280763699,0.3726372629000002,-0.9957996229999992
28,ARG,1.688,0.5034297643900983,3.4988,1.2687,0.3963000000000003,1,0.142857142857143,0,0.0,0.0,0.7346,0.9398,0.6914,0.97333132,1.88711764,2.68610604,3.32327771,-0.9841538802,-1.9101157431,-0.1637982135099999,-0.4642992749400001,3.105377852000001,-3.689239746999998,0.4693051899999995,-0.9042709215000008
29,GLY,0.805,0.4452433628318584,0.96343,0.72204,0.2809600000000001,1,0.166666666666667,0,0.0,0.4556,0.0,1.0,0.5062,0.83392007,1.61470174,2.2931458300000003,2.8276047400000004,-0.7470503501999999,-1.4508083674,-0.12336268826,-0.3499376976499999,2.39290718,-3.571388357000001,0.4041613520000001,-0.92174145745
30,GLY,0.878,0.4856194690265487,0.92453,0.75428,0.1757200000000001,0,0.0,0,0.0,0.4556,0.0,1.0,0.5062,0.97353401,1.88868438,2.69119036,3.33470546,-0.7007016562000001,-1.367777074,-0.10565731558,-0.3010981437,2.438294324000001,-3.407529899,0.3619049675999997,-0.7650630646999999
31,TYR,1.914,0.5616197183098591,3.82248,1.20411,0.28989,0,0.0,0,0.0,0.3556,0.8063,0.502,0.1605,0.6942777299999999,1.34049377,1.89435015,2.31875527,-0.4516231393,-0.8687372525000001,-0.08636623613,-0.2432794231,2.5449923199999978,-5.749697183999998,0.4695607072000002,-1.6425991802000006
32,ARG,2.421,0.7220399642111541,4.061240000000001,0.7383899999999999,0.1936100000000005,0,0.0,0,0.0,0.0,0.7346,0.9398,0.6914,0.8341549800000001,1.61653657,2.29916672,2.84134311,-0.408461436,-0.795443043,-0.0642705671,-0.1827391903,2.595575621,-5.682832085000004,0.3843262625000001,-1.2660434326
33,GLY,0.36,0.1991150442477876,0.8058,0.9469,0.5011,0,0.0,0,0.0,0.4556,0.0,1.0,0.5062,0.83316034,1.60877647,2.27373363,2.78340756,-0.391273742,-0.7640488660000001,-0.058357707,-0.1663097419999999,2.0819413060000005,-4.979147106999998,0.3269758399999998,-1.0741064460000005
34,ARG,2.483,0.7405308678795108,4.10577,0.67092,0.1990800000000001,0,0.0,0,0.0,0.0,0.7346,0.9398,0.6914,0.6944922,1.34216397,1.89981363,2.33116895,-0.451238853,-0.8755465610000001,-0.075664732,-0.214483973,1.9224004239999983,-5.348067252,0.3226848153999998,-1.3102094819999996
35,GLY,0.754,0.4170353982300885,0.90602,0.82034,0.2336600000000001,0,0.0,0,0.0,0.4556,0.0,1.0,0.5062,0.6941636800000001,1.3396114099999998,1.89148334,2.31230027,-0.4494217419999999,-0.8721911929999999,-0.0753488199,-0.213692275,1.3343162489999991,-3.202661715,0.2205561767,-0.7725776205000003
36,GLY,0.87,0.4811946902654867,1.03927,0.78155,0.1564500000000001,0,0.0,0,0.0,0.4556,0.0,1.0,0.5062,0.69409813,1.33906984,1.88960336,2.30769557,-0.471066457,-0.912040579,-0.08238824547,-0.2333064771,1.3328149090000008,-2.451208255,0.2347503114999999,-0.6332955583999996
37,ASP,1.306,0.4871316672883252,2.444,0.76851,0.60649,0,0.0,0,0.0,0.1111,0.3239,0.8675,1.0,0.6944605899999999,1.34190559,1.8989239,2.32900833,-0.7098015120000001,-1.376325393,-0.1207322896,-0.3421492928,1.2937147819999992,-2.8001760329999983,0.2256990191999999,-0.7141305585
38,ARG,2.25,0.6710408589322994,3.80168,1.10879,-0.0057899999999997,0,0.0,0,0.0,0.0,0.7346,0.9398,0.6914,0.83367972,1.6128150099999998,2.28692016,2.81329248,-0.5863651361000001,-1.1328113845,-0.10532661613,-0.2975736458,1.92289736,-2.9635840128,0.3193873169999996,-0.7768297464000004
39,GLY,0.638,0.3528761061946903,0.92658,0.8597500000000002,0.3102499999999997,0,0.0,0,0.0,0.4556,0.0,1.0,0.5062,1.11139223,2.14898598,3.0444487400000004,3.73993844,-0.3948504676,-0.7661296943,-0.06649892852,-0.18858050283,1.8444367880000008,-2.188622227200002,0.3068066449000001,-0.5535986698400003
40,GLY,0.73,0.4037610619469026,1.03678,0.67291,0.40509,0,0.0,0,0.0,0.4556,0.0,1.0,0.5062,1.11225174,2.15566591,3.0662557499999994,3.78935551,-0.3874710345000001,-0.7562530187,-0.05890041932,-0.1679206237,1.845441892000001,-2.1272593106000004,0.2976140069000002,-0.4897184229999999
41,PHE,1.853,0.5960115792859441,3.67938,1.09682,0.1591800000000001,0,0.0,0,0.0,0.8111,0.783,0.0763,0.037,1.11289512,2.16069074,3.08274229,3.82696537,-0.3192028503999999,-0.620536392,-0.05181426838,-0.1470963144,1.7291503439999985,-2.018744068,0.2657724181000001,-0.4791470721000004
42,ARG,1.698,0.5064121682075753,3.41765,1.4743500000000005,0.1806499999999997,0,0.0,2,0.142857142857143,0.0,0.7346,0.9398,0.6914,1.11087784,2.14494923,3.03114056,3.70938708,-0.4204160145,-0.8142886137,-0.07331323455,-0.2077555665,2.234834760000003,-3.1392246118000005,0.3907190377000006,-0.8087399282999997
43,GLY,0.651,0.3600663716814159,0.97405,0.81453,0.34247,0,0.0,2,0.142857142857143,0.4556,0.0,1.0,0.5062,1.11057206,2.14258808,3.0234816500000004,3.69217996,-0.5095810860000001,-0.986158386,-0.0895860303,-0.25356022,1.723078058000002,-2.832955479999998,0.3169529734999998,-0.7604245879999995
44,GLY,0.723,0.3998893805309734,0.99143,0.69801,0.3869899999999999,0,0.0,1,0.125,0.4556,0.0,1.0,0.5062,1.2522585000000002,2.4327231200000003,3.474410469999999,4.31958846,-0.27636859456,-0.5373408089,-0.0448989460259999,-0.12752454168,2.005589422000001,-1.888999035700001,0.2959640628000002,-0.4310275884400002
45,ARG,2.326,0.6937071279451238,3.79141,0.91641,0.1105900000000001,1,0.111111111111111,2,0.222222222222222,0.0,0.7346,0.9398,0.6914,1.25163219,2.42786905,3.45861405,4.28394977,-0.4572468551999999,-0.892745588,-0.0685250097,-0.19529571107,2.124286804,-3.425475706999998,0.3069602690000002,-0.7096656641799999
46,GLY,0.575,0.3180309734513274,0.8651300000000001,0.8996,0.3334000000000001,1,0.0833333333333333,1,0.0833333333333333,0.4556,0.0,1.0,0.5062,1.2512883300000002,2.42513174,3.44945182,4.262491669999999,-0.480233363,-0.9380637511,-0.0721795777899999,-0.2060063282399999,2.1220984079999994,-4.186210490799999,0.3309869073999999,-0.92326940784
47,GLY,0.876,0.4845132743362831,1.01953,0.7195199999999999,0.2124800000000001,1,0.166666666666667,0,0.0,0.4556,0.0,1.0,0.5062,0.8338682400000001,1.6142918,2.29178251,2.82443783,-0.733892255,-1.419993937,-0.12879227835,-0.3642993986,2.157202688,-5.228133309,0.3689950394,-1.3356479675000013
48,GLY,0.771,0.4264380530973451,0.96782,0.7331300000000001,0.3038699999999998,0,0.0,0,0.0,0.4556,0.0,1.0,0.5062,0.69450346,1.34224879,1.90007995,2.33173906,-0.93307475,-1.8083915590000004,-0.1599263126,-0.4530563652,2.5458198020000022,-6.627189839999997,0.4627721894999997,-1.7606717350000003
49,ASP,0.991,0.3696381947034688,2.46536,1.02786,0.66214,0,0.0,0,0.0,0.1111,0.3239,0.8675,1.0,1.2530129200000002,2.43863286,3.4938636,4.36416338,-1.0527107567999998,-2.0539987062,-0.15860283442,-0.45141295926,3.7334847940000047,-7.611756299400003,0.5676445817999993,-1.7872979999200014
50,ARG,1.201,0.358186698478974,3.08349,1.8097,0.3423,0,0.0,0,0.0,0.0,0.7346,0.9398,0.6914,1.1126711299999998,2.15893638,3.0769683699999995,3.81373944,-0.887328717,-1.720405767,-0.1508218083,-0.4273196195,3.377452810000001,-5.281921251,0.5408115795000001,-1.2837496972000002
51,GLY,0.624,0.3451327433628318,0.87484,0.74775,0.4362500000000001,0,0.0,0,0.0,0.4556,0.0,1.0,0.5062,1.11238398,2.15670248,3.06966881,3.7971777,-0.9843615288700002,-1.9116629357000003,-0.163146092126,-0.4629351220699999,2.7486811319999984,-4.8006882208,0.4429720038999998,-1.1778084088999998
52,GLY,0.658,0.3639380530973451,0.8912,0.8116,0.3383999999999999,1,0.0555555555555556,0,0.0,0.4556,0.0,1.0,0.5062,1.38951369,2.68834898,3.81244143,4.690426519999999,-0.8562250080199998,-1.66537419806,-0.137673307566,-0.39103364389,2.549184809999998,-4.048657851499998,0.4384829204999996,-1.0112180374400004
53,PHE,1.805,0.5805725313605661,3.16068,1.1351,0.1689,2,0.111111111111111,2,0.111111111111111,0.8111,0.783,0.0763,0.037,1.52967636,2.96660264,4.2244537200000005,5.229258830000001,-1.0356908215,-2.015604488,-0.16410528808,-0.4661326128,3.0622932899999995,-5.933174462999993,0.4946187120000002,-1.4080511436999992
54,GLY,0.2,0.1106194690265486,0.69788,1.02234,0.5856600000000001,2,0.125,0,0.0,0.4556,0.0,1.0,0.5062,1.6704382300000002,3.24951126,4.65165214,5.80246688,-1.1870163331,-2.316073619300001,-0.18056371339,-0.5143874362,3.184265373000001,-4.8303977146,0.4809827919999998,-1.1094315838000008
55,PRO,0.773,0.3466367713004484,1.75905,1.0901900000000002,0.3668099999999996,0,0.0,0,0.0,0.3222,0.3764,0.8594,0.3827,1.11256485,2.15810832,3.0742583800000003,3.8075783,-1.0452481330000003,-2.037582435,-0.1627497999,-0.4634899137000001,3.139617226,-4.351797643999998,0.5210789615,-1.0260930441
56,GLY,0.948,0.5243362831858407,1.01977,0.6619700000000001,0.19803,0,0.0,0,0.0,0.4556,0.0,1.0,0.5062,0.83359133,1.6121065599999995,2.28453297,2.80765311,-0.7253720716,-1.3992943738,-0.1332795770459999,-0.37617301768,3.3327719460000003,-4.007675724200003,0.5798981931000006,-1.1286007548599997
57,LYS,1.292,0.4969230769230769,2.61824,1.3322699999999998,-0.0242699999999997,1,0.0666666666666667,1,0.0666666666666667,0.0667,0.6942,0.6867,0.7901,1.3901624099999998,2.6933507,3.828635510000001,4.72671669,-0.68793966238,-1.33726890734,-0.112771258052,-0.3204172207239999,3.2976752619999963,-5.258630926840008,0.5411963575000001,-1.2624889671440005
58,MET,0.657,0.2203219315895372,1.90499,1.7449399999999995,0.5800600000000007,1,0.0434782608695652,2,0.0869565217391304,0.7111,0.6196,0.0,0.0988,1.66786535,3.2295279000000003,4.5864572,5.65485588,-0.9539813415,-1.858972789,-0.14835725444,-0.4220529629999999,3.141071007000001,-6.058300106999998,0.5083773784999995,-1.465807573200001
59,ASP,0.61,0.227527042148452,1.86743,1.3094100000000002,0.76159,1,0.0588235294117647,1,0.0588235294117647,0.1111,0.3239,0.8675,1.0,1.6705903700000002,3.25069472,4.65551712,5.81122814,-0.8515517554,-1.6574520214,-0.13488137515,-0.3832289448,3.8515068910000014,-6.707996228000007,0.5894546391000005,-1.520528484000001
60,SER,0.799,0.3671875,1.56895,0.97914,0.3978600000000002,0,0.0,0,0.0,0.4111,0.1877,0.8514,0.5309,1.25165901,2.4280408499999995,3.45904669,4.284533629999999,-0.85088277748,-1.6517685557,-0.14112488823,-0.4000678110299999,5.577203769999989,-6.387637904999997,0.8870468244000019,-1.6032453732000007
61,ARG,1.726,0.5147628988965105,3.39678,1.45889,0.1681100000000002,0,0.0,0,0.0,0.0,0.7346,0.9398,0.6914,0.8330615100000001,1.60799113,2.27111004,2.77727768,-0.8563399492,-1.6640507547,-0.14107010973,-0.40067309294,3.725320258000005,-7.209263610500002,0.6449756674999992,-1.7967652876999989
62,GLY,0.862,0.4767699115044247,0.97837,0.65261,0.29339,0,0.0,0,0.0,0.4556,0.0,1.0,0.5062,0.6944024,1.34145906,1.89748751,2.32582019,-0.6710987879999999,-1.3044103299999998,-0.1091778153,-0.3098941806,3.728072868,-7.671738803999993,0.620374112,-1.862647984
63,GLU,1.869,0.6851173020527859,3.00627,0.85935,-0.0003499999999997,0,0.0,0,0.0,0.1111,0.4884,0.8112,0.9136,0.97299014,1.88443976,2.67727377,3.3029877,-0.84417105158,-1.65020686364,-0.123465580134,-0.352255685062,4.361055450999994,-9.284725452,0.6825669766999994,-2.150854242600001
64,HIS,1.104,0.3992766726943942,2.80652,1.50229,0.1587100000000001,0,0.0,0,0.0,0.1444,0.561,0.1124,0.679,1.1119255,2.15311702,3.05788843,3.77025097,-0.8021374674999999,-1.5623745793,-0.12676045873,-0.3607328077,4.200616015000002,-7.131648536999998,0.6870931164000003,-1.7170475174999975
65,ARG,2.364,0.7050402624515358,3.9124,0.82325,0.1657500000000002,0,0.0,0,0.0,0.0,0.7346,0.9398,0.6914,0.8338753200000001,1.61434452,2.29194639,2.82478354,-0.8669664508999999,-1.6697603729999997,-0.1619630940999999,-0.456310828,4.197193977999996,-7.320333819999998,0.7092764067000009,-1.9517481533000007
66,GLN,0.446,0.1551304347826087,2.30827,1.74413,0.6848699999999999,0,0.0,1,0.111111111111111,0.1111,0.5388,0.7952,0.6914,1.39175741,2.70581641,3.86956569,4.820185189999999,-0.8280383832999999,-1.6199604138,-0.12002308603,-0.3429070843999999,1.9640647369999995,-2.3690305472,0.3094583244000001,-0.5539192286000003
67,ASP,0.554,0.206639313688922,1.99223,1.3447,0.7822999999999998,0,0.0,0,0.0,0.1111,0.3239,0.8675,1.0,1.11277794,2.1597821,3.07978298,3.82028233,-1.02975631535,-2.0091082355800003,-0.157176978862,-0.44780466491,2.000835003999998,-2.7163552663999986,0.3365123559999999,-0.68425805838
68,ARG,1.902,0.5672532060841037,3.59116,1.38329,0.0677100000000003,0,0.0,1,0.1,0.0,0.7346,0.9398,0.6914,1.1120199,2.1538424000000003,3.06022658,3.77545688,-1.2532490955000002,-2.4290147814000007,-0.2154998817799999,-0.6107663438999998,1.921972772999999,-4.2257851858,0.3271975538000001,-1.0888249353000008
69,ARG,1.46,0.4354309573516253,3.0496600000000003,1.7790399999999995,0.1139600000000007,0,0.0,0,0.0,0.0,0.7346,0.9398,0.6914,1.3918129,2.7062411,3.870929700000001,4.82320614,-1.2898115922999998,-2.5096362668999994,-0.2068812770199999,-0.5879807076999998,1.806131866,-3.454607822199999,0.2919432605999999,-0.8150322373599996
70,GLU,0.501,0.1836510263929618,2.2549,1.72113,0.5058700000000003,0,0.0,0,0.0,0.1111,0.4884,0.8112,0.9136,1.94816247,3.78580002,5.4096556300000005,6.730467049999999,-1.0908381551000002,-2.116914109,-0.18279048061,-0.5183399275999999,2.084102930999999,-2.5125581130000025,0.3103854080000001,-0.5188585177000001
71,ARG,0.809,0.2412764688338801,2.97703,1.88668,0.6573200000000001,1,0.05,0,0.0,0.0,0.7346,0.9398,0.6914,2.0870341800000003,4.05397242,5.788590150000001,7.19382841,-0.9860283961999998,-1.9143636812,-0.16397226007,-0.46513602863,2.044389999,-3.210389106,0.3089622758,-0.7267522627
72,PRO,0.952,0.4269058295964125,1.84346,1.05807,0.2199299999999999,1,0.125,0,0.0,0.3222,0.3764,0.8594,0.3827,1.39157011,2.7043380500000005,3.86466124,4.80882726,-1.2144163649,-2.3596554127000005,-0.19979421743,-0.5672472772,2.356855184999998,-3.062311969399999,0.3715977807999999,-0.6747870938999999
73,TYR,2.168,0.6361502347417841,4.31153,1.27028,-0.0302800000000003,1,0.166666666666667,2,0.333333333333333,0.3556,0.8063,0.502,0.1605,1.1145748,2.1737232,3.12521669,3.9230056699999993,-1.0894475006999995,-2.123524619,-0.16967970262,-0.4831149772999999,2.516315818,-2.0440056259999992,0.3791645834,-0.4705701094999999
