1,GLY,1.322,0.7311946902654868,1.17557,0.45098,0.0350199999999999,1,0.125,0,0.0,0.4556,0.0,1.0,0.5062,1.1143023399999998,2.17157603,3.1181025000000004,3.90655969,-0.5234462450299998,-1.0134412472000005,-0.09055660238,-0.2561464192200001,0.6818306364,-0.4409313740639997,0.1217348674799999,-0.1279151674079998
2,PRO,0.719,0.3224215246636771,1.85902,1.2715,0.2395,1,0.0625,0,0.0,0.3222,0.3764,0.8594,0.3827,1.53141608,2.98013415,4.268658970000001,5.32951879,-0.0876372506,-0.170955218,-0.0136402681,-0.0389107956999999,0.4713204239999999,-0.0357390287999999,0.0758568803999999,-0.00708481122
3,GLY,0.923,0.5105088495575222,0.92883,0.71307,0.17193,1,0.0833333333333333,0,0.0,0.4556,0.0,1.0,0.5062,1.3922666700000002,2.7097904299999995,3.88259385,4.84987325,-0.4467911858000001,-0.8721137341,-0.06732107239,-0.1918091030999999,0.7052206599999998,-0.4859527457599997,0.1268324215999999,-0.1413407625399999
4,GLY,0.461,0.2549778761061947,0.96105,0.8610899999999999,0.48591,0,0.0,0,0.0,0.4556,0.0,1.0,0.5062,1.39101316,2.69997778,3.8503184,4.77599571,-0.2963521886,-0.5751320646,-0.04984167965,-0.1413919837399999,0.7052206599999998,-0.4859527457599997,0.1268324215999999,-0.1413407625399999
5,GLY,0.714,0.3949115044247787,0.96483,0.7396,0.3544,0,0.0,0,0.0,0.4556,0.0,1.0,0.5062,1.53170738,2.98242292,4.2762184,5.34692008,-0.537452121,-1.0498916249,-0.0799440223,-0.2279819212399999,0.7052206599999998,-0.4859527457599998,0.1268324215999999,-0.1413407625399999
6,PRO,1.581,0.7089686098654708,1.97927,0.8456300000000001,-0.19663,0,0.0,0,0.0,0.3222,0.3764,0.8594,0.3827,0.97316128,1.88577787,2.68166815,3.31302392,-0.7012163599000001,-1.3588968321,-0.11997534558,-0.3397581785299999,0.7052206599999998,-0.4859527457599997,0.1268324215999999,-0.1413407625399999
7,GLY,0.515,0.2848451327433628,0.88825,0.9542,0.3388000000000001,0,0.0,0,0.0,0.4556,0.0,1.0,0.5062,1.3921764600000002,2.70908217,3.88025738,4.84450417,-0.3897026564999999,-0.7620595655000001,-0.0570266807599999,-0.1628535502999999,0.7052206599999999,-0.4859527457599997,0.1268324215999999,-0.1413407625399999
8,GLY,0.287,0.1587389380530973,0.6526000000000001,1.11664,0.40436,0,0.0,0,0.0,0.4556,0.0,1.0,0.5062,1.2516288400000002,2.4278143,3.4583348,4.28300711,-0.3243636211,-0.6307630185,-0.05198170735,-0.1475091865699999,0.7052206599999999,-0.4859527457599998,0.1268324215999999,-0.1413407625399999
9,SER,0.214,0.0983455882352941,1.50968,1.1644100000000002,0.79759,0,0.0,0,0.0,0.4111,0.1877,0.8514,0.5309,0.97406738,1.89273213,2.7040706,3.36287333,-0.8426646566,-1.6403528793,-0.1343374258759999,-0.3820060739400001,0.7052206599999999,-0.4859527457599998,0.1268324215999999,-0.1413407625399999
10,HIS,1.262,0.4564195298372513,2.9153,1.26564,0.23736,0,0.0,0,0.0,0.1444,0.561,0.1124,0.679,1.25064387,2.42013901,3.4332079400000004,4.22584966,-0.519758856,-1.018619168,-0.0727345862,-0.2081847566,0.7052206599999999,-0.4859527457599998,0.1268324215999999,-0.1413407625399999
11,MET,0.689,0.2310529845741113,2.1719,1.49428,0.7987200000000001,0,0.0,0,0.0,0.7111,0.6196,0.0,0.0988,1.25062273,2.4199416799999995,3.43245383,4.223808119999999,-0.4576519064,-0.8958603240000002,-0.06555262417,-0.1873993322,0.70522066,-0.4859527457599997,0.1268324215999999,-0.1413407625399999
12,GLY,0.88,0.4867256637168141,0.93881,0.6915100000000001,0.2364899999999999,0,0.0,0,0.0,0.4556,0.0,1.0,0.5062,0.83369412,1.61293402,2.2873348,2.81431403,-0.25250641675,-0.4843421795,-0.05003729483,-0.14064133847,0.4713204239999999,-0.0357390287999999,0.0758568803999999,-0.00708481122
13,GLY,0.844,0.4668141592920353,0.9654,0.6853499999999999,0.2786500000000002,0,0.0,0,0.0,0.4556,0.0,1.0,0.5062,0.6940469300000001,1.33867722,1.8883411,2.30489572,-0.50091125925,-0.97046917128,-0.086774066197,-0.24588482353,1.1730211319999997,-1.3863801796799995,0.228783504,-0.4098526651799998
14,ASN,0.915,0.3742331288343559,2.0486,1.2011500000000002,0.3288499999999996,0,0.0,0,0.0,0.1111,0.3976,0.6747,0.8272,0.97235744,1.87951228,2.66115395,3.2663568199999995,-0.3304888103,-0.6429774836,-0.05326073466,-0.1514179053,0.7286106835999999,-0.5309741174559998,0.1319299757199999,-0.1547663576719999
15,TYR,1.729,0.5073356807511737,3.71163,1.34118,0.3378199999999998,0,0.0,0,0.0,0.3556,0.8063,0.502,0.1605,0.9731763,1.88583078,2.68162525,3.31227151,-0.3152247969999999,-0.610622659,-0.0545393622,-0.1544784575,0.6715865625090909,-0.5010745396596361,0.1219493041199999,-0.1465051214410908
16,GLY,0.212,0.1172566371681415,0.7053100000000001,1.01283,0.5831700000000002,0,0.0,0,0.0,0.4556,0.0,1.0,0.5062,0.97518663,1.90153234,2.73315197,3.42985939,-0.5533370052000001,-1.0829923277,-0.0782354099899999,-0.2233132265,0.6685289172826446,-0.5024492481959667,0.1215053843490908,-0.1469746086139172
17,ASP,0.629,0.2346139500186497,2.27442,1.17423,0.8777699999999999,0,0.0,0,0.0,0.1111,0.3239,0.8675,1.0,1.25086413,2.42191048,3.4391906000000003,4.240011309999999,-0.4340574444,-0.8463447405999999,-0.06767975601,-0.1928907559,0.6651933043083396,-0.5039489302356001,0.1210211082353718,-0.1474867764388188
18,ASP,0.399,0.1488250652741514,1.63919,1.05518,1.22682,0,0.0,0,0.0,0.1111,0.3239,0.8675,1.0,0.97298275,1.88437453,2.67703185,3.30234838,-0.6271574154999999,-1.2133011675,-0.1107146651299999,-0.3132687691999999,0.6615544537909158,-0.5055849470061091,0.1204928070204056,-0.1480455049750751
19,ARG,0.552,0.1646286907247241,3.01396,1.97706,0.8239400000000001,0,0.0,0,0.0,0.0,0.7346,0.9398,0.6914,0.97357418,1.88899748,2.6922140400000005,3.3370279599999995,-0.7431766164000001,-1.4292502394999995,-0.14204678907,-0.39989835256,0.6575847986809991,-0.5073696925739373,0.1199164784222607,-0.1486550270146273
20,ARG,1.027,0.3062928720548762,3.17855,1.96855,0.3574500000000005,0,0.0,0,0.0,0.0,0.7346,0.9398,0.6914,2.08879893,4.06772738,5.83362731,7.296291040000001,-0.037072374,-0.0728362582,-0.00487088096,-0.01397142872,0.6532542658338173,-0.5093166877388406,0.1192877563151935,-0.1493199601486844
21,GLY,0.437,0.2417035398230088,0.91675,0.8475800000000001,0.5234199999999999,0,0.0,0,0.0,0.4556,0.0,1.0,0.5062,1.66984964,3.24488658,4.63637803,5.76730975,-0.0142097072999999,-0.0259818346,-0.00460563696,-0.0127278417999999,0.6485300481823462,-0.5114406824641899,0.1186018776529383,-0.1500453417494739
22,GLY,0.765,0.4231194690265487,1.01384,0.72473,0.3182700000000001,0,0.0,0,0.0,0.4556,0.0,1.0,0.5062,1.25200247,2.43070636,3.4677317800000003,4.30416185,-0.7358998394999999,-1.4275876980000002,-0.12401414855,-0.3515289822,0.6433763561989231,-0.5137577676191164,0.1178536463850237,-0.1508366671321534
23,ARG,2.68,0.7992842230838055,3.9982,0.7187800000000001,-0.04578,0,0.0,0,0.0,0.0,0.7346,0.9398,0.6914,0.97368767,1.88989222,2.6951787000000005,3.3438814800000003,-0.8029065394000001,-1.5593091668,-0.13277662995,-0.3767022402,0.6073749983655897,-0.5121490880524497,0.1120416597100237,-0.1505576931304867
24,GLY,0.364,0.2013274336283185,1.01066,0.79704,0.64696,0,0.0,0,0.0,0.4556,0.0,1.0,0.5062,0.97313209,1.88545338,2.6802787100000005,3.3088707800000003,-0.7925227121,-1.5358107929999998,-0.13725318824,-0.3891698437999999,0.5201408854425128,-0.4089976993847574,0.0950985068638698,-0.1201530460397175
25,GLY,0.441,0.2439159292035398,0.7656399999999999,0.8169500000000001,0.5500499999999999,0,0.0,0,0.0,0.4556,0.0,1.0,0.5062,0.41687972,0.8067163799999999,1.14446534,1.40891482,-0.508426088,-0.990138661,-0.080674977,-0.229570885,0.077955328,-0.15705739,0.017045034,-0.050467164
26,TYR,0.975,0.2860915492957746,3.66016,1.4955999999999998,0.9374,0,0.0,1,0.142857142857143,0.3556,0.8063,0.502,0.1605,0.55511338,1.0700291,1.50787278,1.83812025,-0.4254168276,-0.8214893449999999,-0.07643826587,-0.2157480375999999,0.4901479291738406,-0.3911599278559139,0.0897916513545148,-0.1150725971202462
27,ASP,1.387,0.5173442745244312,2.62193,0.74617,0.54783,0,0.0,1,0.142857142857143,0.1111,0.3239,0.8675,1.0,0.97364488,1.88954892,2.69402132,3.34114558,-0.3241599379999999,-0.6335560979999999,-0.04773706935,-0.13620210274,0.4752828468314403,-0.3818858178275762,0.0871488402716335,-0.1124140961624403
28,ARG,1.729,0.5156576200417536,3.80105,1.20194,0.4220600000000001,0,0.0,1,0.125,0.0,0.7346,0.9398,0.6914,0.97313977,1.88559227,2.6809972200000005,3.31130299,-0.38074385309,-0.7410085148,-0.060977507177,-0.1733840585199999,0.4594569753750321,-0.3717138917935742,0.0843261512746553,-0.1094913728060754
29,GLY,0.346,0.1913716814159292,0.86035,0.8510500000000001,0.6109500000000001,1,0.125,0,0.0,0.4556,0.0,1.0,0.5062,1.11258917,2.15833067,3.07510099,3.80984766,-0.38635525,-0.745888195,-0.0699065279,-0.1973501608,0.442615518840375,-0.3605579705258629,0.0813122632958427,-0.1062785284586587
30,GLY,0.713,0.394358407079646,0.94486,0.77922,0.3157800000000001,3,0.230769230769231,0,0.0,0.4556,0.0,1.0,0.5062,1.2505651800000002,2.4195883,3.43161453,4.22286007,-0.267382702,-0.520302618,-0.0429063262,-0.121977035,0.4247014121869898,-0.3483236603551902,0.0780952453686413,-0.1027471535789947
31,TYR,1.891,0.5548708920187794,3.86715,1.26338,0.2536199999999999,5,0.333333333333333,2,0.133333333333333,0.3556,0.8063,0.502,0.1605,1.2511653500000002,2.42415216,3.44617128,4.254803170000001,-0.209463435,-0.410246418,-0.0297852499,-0.0852149555,0.4056553410497541,-0.3349075747398859,0.0746625361230952,-0.0988660863648539
32,ARG,2.303,0.6868475991649269,3.70982,1.07894,-0.0289399999999997,2,0.25,1,0.125,0.0,0.7346,0.9398,0.6914,1.11293753,2.16103027,3.0838855,3.82966479,-0.14492372416,-0.2828362645999999,-0.02155577326,-0.061319392266,0.3854157821220381,-0.3201964824295272,0.0710009243289416,-0.0946011484161356
33,GLY,0.945,0.5226769911504424,1.07256,0.58042,0.28258,2,0.285714285714286,1,0.142857142857143,0.4556,0.0,1.0,0.5062,0.83414435,1.6164465099999998,2.29884522,2.8405290400000003,-0.2489085959999999,-0.4832473583000001,-0.04128275726,-0.1170637784,0.03930413,-0.016434874,0.0061130403,-0.0037371232
34,ARG,2.569,0.7661795407098121,3.60134,0.8837299999999999,-0.0997299999999996,3,0.3,1,0.1,0.0,0.7346,0.9398,0.6914,0.8330570900000001,1.60794499,2.2709157,2.77670193,-0.2959611359999999,-0.5750491560000001,-0.0490541229,-0.13936436,0.038977664,-0.045412127,0.008522517,-0.014592253
35,GLY,0.62,0.3429203539823008,0.86756,0.83776,0.3502400000000002,3,0.25,1,0.0833333333333333,0.4556,0.0,1.0,0.5062,0.97249625,1.8805683,2.66451947,3.27372971,-0.342344452,-0.6636649569999999,-0.0585533719,-0.1659524496,0.2980445992344973,-0.2584355515025027,0.0551400654833931,-0.0768423480097641
36,GLY,0.472,0.2610619469026548,0.37191,1.08902,0.2469799999999999,3,0.25,0,0.0,0.4556,0.0,1.0,0.5062,1.11172429,2.15156097,3.0528366700000005,3.75889171,-0.2122031055,-0.4119087668,-0.03540237549,-0.10040736294,0.294814464901164,-0.2496680431691694,0.0543059660667264,-0.0737726763430974
37,ASP,1.082,0.4035807534502051,2.46373,0.77384,0.82516,0,0.0,0,0.0,0.1111,0.3239,0.8675,1.0,0.4171042,0.8084740599999999,1.15024799,1.4221549699999998,-0.357327882577647,-0.6947576119576471,-0.0579429955743529,-0.1645493006224705,0.2601222798108685,-0.2188635033340991,0.047965751762533,-0.0647236138107708
38,ARG,2.122,0.6328660900685952,3.71317,1.11583,0.1151700000000002,0,0.0,0,0.0,0.0,0.7346,0.9398,0.6914,0.41560705,0.79687109,1.11247883,1.33689752,-0.3641459999665359,-0.7081157226243138,-0.0589290610826862,-0.1673772502480261,0.2289745764657656,-0.1938898400607008,0.0422314623145592,-0.0572848496563107
39,GLY,0.439,0.2428097345132743,1.02309,0.72638,0.64262,0,0.0,0,0.0,0.4556,0.0,1.0,0.5062,0.41564073,0.7971343099999999,1.113343,1.33887052,-0.3662951330302201,-0.7121865843716821,-0.0594501194733704,-0.1688411533785524,0.2009570258407635,-0.1697925991411292,0.0370787749629155,-0.0501651716025724
40,GLY,0.698,0.3860619469026548,0.48581,0.81877,0.2912300000000001,0,0.0,0,0.0,0.4556,0.0,1.0,0.5062,0.41707052,0.80821084,1.14938382,1.42018197,-0.3794074091252201,-0.7377025931916822,-0.0615371627203704,-0.1747691703385524,0.1977864635382401,-0.1702945822957627,0.0363243555569253,-0.0507666688876562
41,PHE,0.334,0.1074300418140881,3.06144,1.85869,0.91631,0,0.0,0,0.0,0.8111,0.783,0.0763,0.037,1.25337809,2.4413772599999994,3.50250469,4.38277613,-0.74821322912,-1.4454358054800005,-0.133936061061,-0.3782469478659999,0.1936245054095936,-0.1865353749807516,0.0348368471470052,-0.0523751444300683
42,ARG,2.046,0.6101998210557709,3.96908,1.04806,0.2589400000000004,0,0.0,0,0.0,0.0,0.7346,0.9398,0.6914,1.53112947,2.97788838,4.26126558,5.312576000000001,-0.5182263634500001,-1.0054546977,-0.0873313154159999,-0.24762211565,0.1907056941290517,-0.1921339967174246,0.0339893030512777,-0.0523561332153541
43,GLY,0.665,0.3678097345132743,0.8514400000000001,0.87346,0.26954,0,0.0,1,0.0714285714285714,0.4556,0.0,1.0,0.5062,1.6702863400000003,3.248310719999999,4.64765966,5.793192129999999,-0.537499913,-1.053971278,-0.0739987565999999,-0.2118591744,0.1931660459121023,-0.2307463560632389,0.0338045812918597,-0.0599561440355575
44,GLY,0.212,0.1172566371681415,0.7623099999999999,0.96955,0.6264500000000001,0,0.0,3,0.15,0.4556,0.0,1.0,0.5062,1.25034672,2.4178161200000003,3.42558439,4.20845843,-0.144768588,-0.279004204,-0.02687042629,-0.0757661762,0.2206360009121023,-0.2985774322632389,0.0383679360268597,-0.0763226583255576
45,ARG,2.265,0.6755144646585147,3.89985,0.84347,0.24453,0,0.0,3,0.272727272727273,0.0,0.7346,0.9398,0.6914,0.97213368,1.87776294,2.65540624,3.25321684,-0.4398862947999999,-0.8563147919999999,-0.06988826326,-0.1986933687999999,0.038977664,-0.11514135,0.008522517,-0.036998305
46,GLY,1.005,0.555862831858407,0.99925,0.6042299999999999,0.1987700000000002,0,0.0,1,0.142857142857143,0.4556,0.0,1.0,0.5062,0.97318315,1.8859531,2.6822586600000005,3.31441877,-0.4467578213999999,-0.8740391716000001,-0.0646891149,-0.1848103931999999,0.039193716,-0.05184729,0.007035841,-0.013631104
47,GLY,0.652,0.3606194690265487,0.90429,0.8694299999999999,0.2865700000000002,0,0.0,2,0.142857142857143,0.4556,0.0,1.0,0.5062,0.97162641,1.87378744,2.6423157300000004,3.22321048,-0.4267756023,-0.828951108,-0.0711559059,-0.2021042787,0.039149523,0.00929909,0.0073688654,0.0025652158
48,GLY,0.494,0.2732300884955752,0.80994,0.93899,0.37501,0,0.0,3,0.2,0.4556,0.0,1.0,0.5062,1.11142299,2.14919086,3.04500128,3.74083585,-0.446886051,-0.8740020900000001,-0.0654862485,-0.1871051959999999,0.039215,-0.032254532,0.006868788,-0.008271398
49,ASP,0.855,0.3189108541588959,2.27027,1.13661,0.6893900000000002,0,0.0,2,0.181818181818182,0.1111,0.3239,0.8675,1.0,1.11165222,2.15098378,3.05089352,3.75430718,-0.4215773813,-0.818354888,-0.0708776166,-0.2011982179999999,0.039193716,-0.010255278,0.007035841,-0.002696202
50,ARG,2.196,0.6549358783179242,3.99465,0.76213,0.39487,0,0.0,0,0.0,0.0,0.7346,0.9398,0.6914,0.55665112,1.0819350399999998,1.54658628,1.92537862,-0.6486007719000001,-1.2562083714,-0.11164739284,-0.3159105,0.391886522,-0.368589701,0.0692415528,-0.11590248502
51,GLY,0.789,0.4363938053097345,0.96204,0.6789099999999999,0.3400900000000002,0,0.0,0,0.0,0.4556,0.0,1.0,0.5062,0.55628477,1.07907187,1.53718524,1.9039102,-0.232452009,-0.455546307,-0.0325044151,-0.0930247246999999,0.353948124,-0.6244171359999999,0.0528076024,-0.1300912378
52,GLY,0.928,0.5132743362831859,0.98065,0.66055,0.21945,0,0.0,0,0.0,0.4556,0.0,1.0,0.5062,0.55508705,1.06980931,1.5071014000000005,1.83620526,-0.1578732437,-0.308326773,-0.0237634357,-0.0677974783,0.353116738,-0.435682766,0.0594067424,-0.0985238844999999
53,PHE,2.393,0.7697008684464457,3.10034,0.7890999999999999,-0.0730999999999997,1,0.2,0,0.0,0.8111,0.783,0.0763,0.037,0.6943316799999999,1.34090864,1.89568781,2.32173432,-0.295478758,-0.57577745,-0.0459528991999999,-0.130717272,0.432162466,-1.05383131,0.0674912109,-0.239001354
54,GLY,0.346,0.1913716814159292,0.94568,0.8613000000000001,0.6007000000000001,2,0.333333333333333,0,0.0,0.4556,0.0,1.0,0.5062,0.83369491,1.61292731,2.28726742,2.81401961,-0.2355894369999999,-0.457685476,-0.0388732694999999,-0.110355806,0.5887032299999999,-1.3730563979999997,0.0973801349999999,-0.331067409
55,PRO,1.234,0.5533632286995516,1.7754,0.77609,0.21991,3,0.6,1,0.2,0.3222,0.3764,0.8594,0.3827,0.97360025,1.88920524,2.69290924,3.33865689,-0.24879624,-0.483848973,-0.039707999,-0.112661011,0.352827876,-0.94386037,0.0612109265999999,-0.242147999
56,GLY,0.882,0.4878318584070796,0.96594,0.73119,0.19481,2,0.285714285714286,1,0.142857142857143,0.4556,0.0,1.0,0.5062,0.8335829100000001,1.61205713,2.2844272,2.80758592,-0.3283974032,-0.63738209,-0.0551815104499999,-0.1565642079999999,0.235697148,-0.6709486499999999,0.0376807371,-0.155689094
57,LYS,2.192,0.8430769230769232,3.1385,0.83623,-0.4282300000000001,2,0.4,1,0.2,0.0667,0.6942,0.6867,0.7901,0.6943316799999999,1.34090864,1.89568781,2.32173432,-0.557960797,-1.079159166,-0.0984585408999999,-0.2783964475,0.234845382,-0.6394905399999999,0.0439066718999999,-0.1805163049999999
58,MET,1.454,0.4875922199865861,2.22145,1.1873999999999998,0.3406000000000004,0,0.0,0,0.0,0.7111,0.6196,0.0,0.0988,0.8338166,1.61389481,2.29050173,2.82158351,-0.599934329,-1.170289568,-0.0917143498999999,-0.261223415,0.35389595,-0.923682188,0.053226232,-0.1994819189999999
59,ASP,1.469,0.5479298769116002,2.42349,0.8547499999999999,0.35725,0,0.0,0,0.0,0.1111,0.3239,0.8675,1.0,0.6943253899999999,1.34084927,1.89545661,2.32109464,-0.538870407,-1.045218474,-0.0913321924,-0.258942319,0.3522399559999999,-0.8225244960000001,0.0663386649999999,-0.22288512
60,SER,1.212,0.556985294117647,1.55505,0.8698999999999999,0.0941000000000003,0,0.0,0,0.0,0.4111,0.1877,0.8514,0.5309,0.69436586,1.34117483,1.8965588,2.32371364,-0.398173943,-0.768745082,-0.0721689331,-0.203791439,0.548261443,-1.094230807,0.0995668357,-0.3033084349999999
61,ARG,1.91,0.5696391291380852,3.59962,1.3003,0.1427000000000002,0,0.0,0,0.0,0.0,0.7346,0.9398,0.6914,0.8333931099999999,1.6105847599999998,2.27963199,2.79675563,-0.476372194,-0.9302449,-0.0719432435,-0.205257134,0.471202939,-1.3396864800000003,0.0769546741,-0.316206802
62,GLY,1.051,0.5813053097345132,1.03185,0.61005,0.1469500000000001,0,0.0,0,0.0,0.4556,0.0,1.0,0.5062,0.5548696799999999,1.06810384,1.5014785600000002,1.82329434,-0.4056764759999999,-0.782197002,-0.0750787674999999,-0.211834991,0.782936891,-2.203970038,0.1457993345,-0.6012217790000001
63,GLU,1.177,0.4314516129032258,2.59887,1.30957,0.2414300000000002,0,0.0,0,0.0,0.1111,0.4884,0.8112,0.9136,0.69413094,1.3393552599999998,1.89064088,2.31037294,-0.449121933,-0.8713214349999999,-0.075891637,-0.2152241505,0.7847612799999999,-2.14266583,0.1314442563,-0.5381986429999999
64,HIS,1.807,0.6535262206148281,3.14466,1.0754799999999998,-0.1174799999999995,0,0.0,0,0.0,0.1444,0.561,0.1124,0.679,0.69432968,1.34088084,1.89555448,2.32130017,-0.492532154,-0.954536274,-0.084483839,-0.2393241864999999,0.7445723390000001,-1.656273786,0.1322523456,-0.4242718165
65,ARG,2.574,0.7676707426185505,3.8212,0.90967,-0.1306699999999996,0,0.0,0,0.0,0.0,0.7346,0.9398,0.6914,0.6947218399999999,1.34396056,1.90571786,2.34466823,-0.590724277,-1.146268365,-0.0985507164,-0.2792590079999999,0.391735436,-0.98742643,0.0707683098,-0.267690303
66,GLN,1.317,0.4580869565217391,2.68636,1.23531,0.3226900000000001,0,0.0,0,0.0,0.1111,0.5388,0.7952,0.6914,0.6945529800000001,1.34264087,1.90138635,2.33478131,-0.5309298,-1.0308670519999998,-0.0879935572,-0.2495582147,0.195839608,-0.6053745799999999,0.0356369571,-0.160311019
67,ASP,1.385,0.5165982842223051,2.48357,0.78951,0.50649,0,0.0,0,0.0,0.1111,0.3239,0.8675,1.0,0.69418735,1.3397720199999998,1.89192582,2.3130512,-0.4374151629999999,-0.8489327000000001,-0.0735681485,-0.2087206139999999,0.274149512,-0.857825288,0.0500197122,-0.229815064
68,ARG,2.64,0.787354607813898,3.97502,0.8970899999999999,-0.1840899999999998,0,0.0,0,0.0,0.0,0.7346,0.9398,0.6914,0.83393396,1.61481705,2.2935488,2.82860061,-0.3520454629999999,-0.684726741,-0.0564568930999999,-0.160308483,0.275452924,-0.7616097119999999,0.0393923693999999,-0.158966822
69,ARG,2.106,0.6280942439606322,3.94529,0.93011,0.3168900000000003,0,0.0,1,0.166666666666667,0.0,0.7346,0.9398,0.6914,0.8334631099999998,1.61112602,2.28139024,2.80071464,-0.2994263260699999,-0.58248337127,-0.048035088488,-0.136458714043,0.3922955470000001,-1.028228928,0.0657149301,-0.247518964
70,GLU,1.798,0.6590909090909091,3.06407,0.7850400000000001,0.1449600000000001,0,0.0,0,0.0,0.1111,0.4884,0.8112,0.9136,0.8336880600000001,1.61288741,2.28718535,2.8139838700000004,-0.245571805,-0.4774099039999999,-0.0402971423,-0.114533499,0.509665172,-1.221741802,0.089210036,-0.294531304
71,ARG,1.796,0.5356397256188488,3.45743,1.27803,0.2789700000000001,0,0.0,2,0.5,0.0,0.7346,0.9398,0.6914,0.69428716,1.34056414,1.89456913,2.3192179,-0.233959786,-0.454716795,-0.0380564405,-0.1080067105,0.431849153,-0.970066945,0.0700912009999999,-0.228735331
72,PRO,1.081,0.4847533632286995,1.79802,1.06965,0.07935,0,0.0,2,0.5,0.3222,0.3764,0.8594,0.3827,0.55476578,1.06729313,1.49882139,1.81724089,-0.2710721279999999,-0.527241788,-0.0443210397999999,-0.1260795576,0.431405469,-0.934468968,0.0745873665,-0.2240950222
73,TYR,2.537,0.744424882629108,4.49605,0.85861,0.01239,0,0.0,1,1.0,0.3556,0.8063,0.502,0.1605,0.41714569,0.8088060699999999,1.15136577,1.42479318,-0.22228468308,-0.43169107705,-0.036360951889,-0.10305257039,0.3928889300000001,-0.8164691070499999,0.06076986,-0.19497345439
