2,MET,2.231,0.7481556002682762,2.95673,0.44841,0.3025900000000003,0,0.0,0.8,0.64,0.7111,0.6196,0.0,0.0988,0.27746852,0.5343151399999999,0.75160345,0.91362017,-0.173312691,-0.33466965,-0.031392011,-0.088670844,1.3721456399999998,-4.009541159999999,0.2401578624999998,-1.0395695979999993
3,GLU,1.471,0.5392228739002932,2.96112,1.0096600000000002,0.2473399999999999,1,0.5,-0.1,-0.74,0.1111,0.4884,0.8112,0.9136,0.4154315199999999,0.7955025099999999,1.10799683,1.32669827,-0.2349536599999999,-0.4541330239999999,-0.042308477,-0.119702911,2.3497569790000004,-6.687564300000005,0.4330425289000008,-1.7767975660000026
4,SER,1.205,0.5537683823529411,1.50154,0.78206,0.1889400000000001,1,0.333333333333333,-0.1,-0.18,0.4111,0.1877,0.8514,0.5309,0.55493704,1.0686302799999998,1.5032069,1.82724034,-0.328811308,-0.635259546,-0.0591425899999999,-0.167126781,2.543378136000002,-7.083077209999996,0.4818821166999998,-1.980943872
5,ASN,1.258,0.514519427402863,2.50274,0.97597,0.2110299999999997,1,0.333333333333333,-0.1,-0.78,0.1111,0.3976,0.6747,0.8272,0.6943783699999999,1.34127927,1.89692591,2.32462683,-0.7055830430000002,-1.3740149359999998,-0.11085239783,-0.3151194166999999,1.9236296880000008,-4.265462246999995,0.3090439237999998,-0.9940988636
6,GLN,1.717,0.5972173913043478,2.95745,0.98663,0.1713699999999999,0,0.0,-0.1,-0.85,0.1111,0.5388,0.7952,0.6914,0.8343130599999999,1.6177749,2.30324274,2.85068264,-1.0671089643999998,-2.0750039658,-0.17165890691,-0.4872380322999999,1.5318670240000003,-2.359458436,0.2428429518000001,-0.5880273861599999
7,SER,1.053,0.4839154411764705,1.66891,0.9171,0.2059000000000002,0,0.0,-0.1,-0.18,0.4111,0.1877,0.8514,0.5309,1.25289738,2.43772564,3.49086897,4.35727446,-1.1197224246,-2.178717105,-0.1785826340799999,-0.5072990326999999,1.218941001,-0.4658032539999999,0.1809142260000001,-0.1126164504
8,ASN,0.58,0.2372188139059304,1.97437,1.4329500000000002,0.4320499999999996,3,0.176470588235294,-0.1,-0.78,0.1111,0.3976,0.6747,0.8272,1.67035261,3.2488237200000003,4.649329550000001,5.79696262,-0.9919532486,-1.926343835,-0.16462011951,-0.4671479491500001,1.3357436239999994,-0.194554032,0.2088286930000001,-0.0860268
9,ASN,1.116,0.4564417177914111,2.25438,0.93557,0.3934299999999997,2,0.125,-0.1,-0.78,0.1111,0.3976,0.6747,0.8272,2.08901686,4.0694345,5.83924569,7.309161649999999,-1.1871176182299998,-2.3187257223600004,-0.1765081943499999,-0.5032125846000001,0.8253883310000001,-0.8732585759199999,0.1257677135,-0.2043954060400001
10,GLY,0.638,0.3528761061946903,1.01282,0.74728,0.4227199999999999,1,0.0588235294117647,0.03,0.48,0.4556,0.0,1.0,0.5062,1.94866526,3.78970204,5.4223715100000005,6.7592082200000005,-1.1880427113999998,-2.3187019205,-0.1800318847,-0.5130338673,1.2169004739999998,-2.0833592149999998,0.1981987246000001,-0.4999346321
11,GLY,0.204,0.1128318584070796,0.83234,0.95652,0.64748,0,0.0,0.03,0.48,0.4556,0.0,1.0,0.5062,1.2515486300000005,2.42717976,3.45622596,4.278114029999999,-1.2288378332999998,-2.3934757949,-0.1923669689899999,-0.54694180508,2.509192507000002,-4.202635741800002,0.4343762509999999,-1.0630022870800002
12,SER,1.498,0.6884191176470588,1.61973,0.6395799999999999,0.0384200000000002,0,0.0,-0.1,-0.18,0.4111,0.1877,0.8514,0.5309,0.83386426,1.6142503199999998,2.29160883,2.82392557,-0.8367567374600001,-1.6302609316,-0.1311241854399999,-0.37310415733,3.4935391839999967,-5.953989766690005,0.5733195702999995,-1.411724202450001
13,GLY,0.754,0.4170353982300885,0.90787,0.77358,0.28042,0,0.0,0.03,0.48,0.4556,0.0,1.0,0.5062,0.83368359,1.61284277,2.28700376,2.81346092,-0.9033854609999998,-1.7631727109999995,-0.1378087668,-0.3929773333,4.669550260999999,-7.242085142999996,0.7798293424999984,-1.6942329979999995
14,ASN,1.641,0.6711656441717792,2.50333,0.8983200000000001,-0.0943200000000002,0,0.0,-0.1,-0.78,0.1111,0.3976,0.6747,0.8272,0.9724123400000002,1.87990405,2.66231024,3.26859831,-0.898421384,-1.7421905257000003,-0.1533826274,-0.434947426,3.3733185839999997,-5.961710170399996,0.5776111433999996,-1.5644879134000005
15,ALA,0.5,0.2292526364053186,1.10524,1.1341,0.5468999999999999,2,0.133333333333333,0.77,0.62,0.7,0.1645,0.249,0.3951,1.25002259,2.41527974,3.417238340000001,4.18933737,-0.9367496364,-1.8063740106,-0.17402605105,-0.4913716172999999,2.623708175000002,-3.3383157728,0.4855640375000001,-0.9447816107999996
16,ALA,0.88,0.4034846400733608,1.21252,0.83958,0.4614200000000001,2,0.25,0.77,0.62,0.7,0.1645,0.249,0.3951,1.53131139,2.9793148300000003,4.26596577,5.32336053,-0.7880081695200001,-1.5332953974999997,-0.126803065403,-0.36051567737,2.0811830339999986,-2.9086194046000005,0.3369335841,-0.6787392651000004
17,LEU,0.89,0.3348382242287434,2.33474,1.4666900000000005,0.3013099999999995,2,0.25,1.4,1.1,0.9222,0.663,0.2811,0.0,1.3914140700000002,2.7031340500000005,3.86076436,4.80010504,-0.9919875568899996,-1.9272845074,-0.162627928667,-0.461458248316,2.158118202999999,-3.5629471325999997,0.3620885892,-0.8902304171799995
18,ASN,1.589,0.6498977505112474,2.36687,0.81258,0.0434199999999999,1,0.25,-0.1,-0.78,0.1111,0.3976,0.6747,0.8272,0.69413256,1.33936416,1.89065887,2.31038049,-0.900728132,-1.740798328,-0.1609871323,-0.4550138663999999,2.311235873999999,-5.206424174000002,0.4173266453000001,-1.4087338217999996
19,ARG,2.259,0.6737250223680286,3.96343,0.8337,0.2603000000000003,1,0.25,-1.3,-2.5,0.0,0.7346,0.9398,0.6914,0.8340482300000001,1.61570494,2.29644538,2.83515722,-0.994819359,-1.941507539,-0.1508676627,-0.4299302493,2.515533566000001,-5.934598745000001,0.3847195887999997,-1.3636499328
20,GLY,0.503,0.2782079646017699,0.89473,0.94881,0.3561900000000002,2,0.222222222222222,0.03,0.48,0.4556,0.0,1.0,0.5062,0.97260438,1.88143331,2.66743232,3.2806057600000003,-0.6998276153999999,-1.3620229329999998,-0.1117412082999999,-0.3176627003,2.554650558,-3.891552447000002,0.3926137002999998,-0.8724034305
21,GLY,0.804,0.4446902654867257,0.95974,0.70719,0.29681,1,0.166666666666667,0.03,0.48,0.4556,0.0,1.0,0.5062,1.11353167,2.16567595,3.09914659,3.86453841,-0.37497485296,-0.7317930039000001,-0.05637989099,-0.16052056685,3.538514082999997,-4.132566422599999,0.5283830949,-0.9246427243000004
22,ARG,1.556,0.4640620339994035,3.89036,1.31432,0.4826800000000002,2,0.285714285714286,-1.3,-2.5,0.0,0.7346,0.9398,0.6914,0.97312308,1.88547721,2.68067483,3.31073826,-0.5477184157500001,-1.0663522955,-0.086940756454,-0.24724302419,4.439259637000005,-7.739344229499985,0.6963477789000004,-1.7814932517500002
23,TYR,2.326,0.6825117370892019,4.24732,0.8755700000000001,0.2064299999999997,1,0.25,-0.27,0.26,0.3556,0.8063,0.502,0.1605,0.69442476,1.34163804,1.8980899,2.32724212,-0.7033089929999999,-1.3650670029999998,-0.1170403462999999,-0.3317714275,4.6694175959999855,-11.511865847000006,0.7780441222999984,-2.8513730500000003
24,VAL,1.185,0.486652977412731,1.91146,1.04714,0.20286,1,0.2,1.6,1.1,0.9667,0.4924,0.3655,0.1235,0.8339883800000001,1.61523496,2.29489387,2.8315882500000003,-0.803710071,-1.567768786,-0.1229818841,-0.3502905889999999,3.611343005999999,-8.085401158999993,0.5914264016000005,-1.9516024040000013
25,PRO,1.025,0.4596412556053811,1.66311,1.00928,0.1957200000000001,1,0.111111111111111,-0.37,0.12,0.3222,0.3764,0.8594,0.3827,1.11257172,2.15817028,3.07449213,3.80820604,-0.6880917831000001,-1.3411350300000002,-0.10629729822,-0.3023845453999999,2.666314924999997,-3.42550586,0.4584056587000001,-0.9239314533199998
26,PRO,1.214,0.5443946188340807,1.50833,0.97901,0.03699,0,0.0,-0.37,0.12,0.3222,0.3764,0.8594,0.3827,1.25276497,2.43669115,3.48747399,4.34952746,-0.6110049457500001,-1.1852488988,-0.10292773864,-0.29172676694,2.3566971000000003,-2.2093925086,0.3717753400000004,-0.5447626067
27,HIS,1.721,0.6224231464737794,3.24469,0.98574,0.05826,1,0.25,-0.91,-0.4,0.1444,0.561,0.1124,0.679,1.25279901,2.43698051,3.4885057100000005,4.35213636,-1.1568201235,-2.24608797007,-0.190489325037,-0.539907060786,1.6084723199999995,-1.2936328234000003,0.2671626336000001,-0.3893299317200001
28,LEU,0.867,0.3261851015801355,2.48085,1.3355899999999998,0.4554100000000001,1,0.0909090909090909,1.4,1.1,0.9222,0.663,0.2811,0.0,1.67041551,3.24930631,4.65088229,5.80040987,-1.678357973,-3.2753336357,-0.25650173576,-0.7313326982300001,1.0999035700000002,-2.1151521503,0.1749324176,-0.5094211326999999
29,ARG,2.032,0.6060244557113033,3.83991,1.09862,0.2223800000000002,1,0.166666666666667,-1.3,-2.5,0.0,0.7346,0.9398,0.6914,1.11273386,2.15944163,3.0786794200000003,3.81780673,-1.4391881072,-2.7958154897000007,-0.23570894067,-0.6685733756899999,2.3145547639999986,-3.2798089633999994,0.3899328202999999,-0.8928103989799997
30,GLY,0.775,0.4286504424778761,0.9314,0.7275499999999999,0.30545,1,0.125,0.03,0.48,0.4556,0.0,1.0,0.5062,1.5324265200000002,2.98808257,4.2949413,5.39010817,-0.8667203337699999,-1.6900289729999995,-0.132962176345,-0.37842334539,4.125863473999994,-3.394786127499997,0.6343045483999991,-0.79458939888
31,GLY,0.67,0.370575221238938,1.02588,0.82825,0.3097499999999998,1,0.0588235294117647,0.03,0.48,0.4556,0.0,1.0,0.5062,1.81048606,3.52687486,5.060760900000001,6.334718869999999,-1.0532002091,-2.0541197517,-0.1626898662699999,-0.46357975423,3.93111555,-2.3581720778,0.6002152720999994,-0.5312468778200006
32,ASP,0.731,0.2726594554270794,2.29869,1.31255,0.6374500000000001,2,0.125,-0.1,-0.9,0.1111,0.3239,0.8675,1.0,1.6697098599999998,3.2437941100000005,4.63279143,5.759123820000001,-0.7366738718,-1.4378821553,-0.11043067906,-0.3144557771999999,3.731167998999994,-4.781108009000001,0.5920294557000002,-1.1191336648999997
33,GLY,0.959,0.5304203539823008,0.91035,0.73584,0.11316,1,0.111111111111111,0.03,0.48,0.4556,0.0,1.0,0.5062,1.2528812100000002,2.43759232,3.49040659,4.35614398,-0.4565233454000001,-0.887722136,-0.07343750856,-0.20844250735,2.6709011040000004,-1.3667692217,0.4206333822000002,-0.3736321925799999
34,GLY,0.686,0.3794247787610619,0.94076,0.77818,0.3438199999999999,1,0.166666666666667,0.03,0.48,0.4556,0.0,1.0,0.5062,0.8338645100000001,1.6142634,2.29169221,2.8242415700000003,-0.4547707512,-0.8850252640000003,-0.07277214342,-0.20688707345,4.393296274,-3.442299378000003,0.7420272531999987,-0.8675849902800004
35,ALA,0.921,0.422283356258597,1.2458,0.85443,0.40557,1,0.142857142857143,0.77,0.62,0.7,0.1645,0.249,0.3951,0.69395488,1.3379540399999998,1.88595314,2.29940183,-0.5319889563,-1.0318033733,-0.09072893601,-0.2573565878,4.858893775000002,-5.5782255626000055,0.8714206702999981,-1.402480358600002
36,ALA,1.197,0.5488308115543329,1.38549,0.67289,0.31111,0,0.0,0.77,0.62,0.7,0.1645,0.249,0.3951,1.11318149,2.16293133,3.0901085000000004,3.8438180699999993,-0.5658914579700001,-1.1050711587,-0.08441175554,-0.24057673722,4.526106712000001,-7.449424173900005,0.6387497304999994,-1.5812576846000008
37,ALA,0.748,0.3429619440623567,1.29509,1.00333,0.42967,0,0.0,0.77,0.62,0.7,0.1645,0.249,0.3951,1.25160103,2.42757015,3.4574398200000007,4.28067588,-0.774817227,-1.5094056420000002,-0.1220113038999999,-0.34724096,4.793112574000008,-11.268188836999997,0.7550200416000008,-2.6415014549999976
38,ALA,1.211,0.5552498853736818,1.37444,0.6911499999999999,0.27885,0,0.0,0.77,0.62,0.7,0.1645,0.249,0.3951,0.97371036,1.8900611,2.69570393,3.34499089,-0.9650650244000002,-1.877738864,-0.1535620387,-0.4360929112,4.676001472000007,-10.419722938,0.7221443702000009,-2.364987596
39,ALA,1.047,0.4800550206327372,1.3904,0.82959,0.30441,0,0.0,0.77,0.62,0.7,0.1645,0.249,0.3951,0.97350191,1.88842341,2.69029666,3.33255033,-0.963797316,-1.8779089423,-0.15098535705,-0.4296890659,4.598279298999998,-9.507315624300004,0.7070314557999992,-2.206448281100001
40,SER,1.233,0.5666360294117647,1.3398,0.7574899999999999,0.1855100000000001,0,0.0,-0.1,-0.18,0.4111,0.1877,0.8514,0.5309,0.5546614,1.06647896,1.4961536000000002,1.81116548,-0.8536476815000001,-1.6489439379999995,-0.1547693403,-0.4375537745999999,4.304296284999998,-6.350712510999997,0.8176414661999996,-1.8084247220000005
41,ALA,1.186,0.5437872535534158,1.3350499999999998,0.7097500000000001,0.28525,0,0.0,0.77,0.62,0.7,0.1645,0.249,0.3951,0.69465496,1.34343758,1.90400035,2.34074495,-1.5663551050000002,-3.040506687300001,-0.2601237716,-0.7374155805000001,4.276166041999997,-9.562626006299997,0.7197477071000006,-2.4436855037999985
42,GLY,0.862,0.4767699115044247,0.97667,0.8085,0.1375,0,0.0,0.03,0.48,0.4556,0.0,1.0,0.5062,1.53208518,2.9854066,4.286125889999999,5.36988799,-1.53983108106,-2.999771507300001,-0.23992909265,-0.6822136493300001,5.069118,-7.045745567599998,0.7811785928000002,-1.728119189519998
43,GLY,0.353,0.1952433628318584,0.8367600000000001,1.02245,0.43255,0,0.0,0.03,0.48,0.4556,0.0,1.0,0.5062,1.94827626,3.786639530000001,5.412238929999999,6.735836519999999,-1.3670901867999996,-2.6567370414,-0.2230991799,-0.6331787044800001,4.279399210999995,-7.498905478100008,0.6956349641000003,-1.8515917098999997
44,ASP,0.756,0.2819843342036554,2.24674,1.14573,0.7792699999999999,0,0.0,-0.1,-0.9,0.1111,0.3239,0.8675,1.0,2.226334,4.325558450000001,6.178964470000001,7.684016880000001,-1.1965188118600003,-2.332964291,-0.184903621054,-0.5265469623100001,2.2402450480000007,-3.8882163773999983,0.3435436033999998,-0.8612947813000003
45,ASP,0.897,0.3345766505035434,2.18132,1.02746,0.75654,0,0.0,-0.1,-0.9,0.1111,0.3239,0.8675,1.0,1.5288666700000002,2.96034283,4.20412938,5.18353962,-1.4216264392999995,-2.7470624198999998,-0.25428714102,-0.7185119381000001,2.9033373579999995,-4.2294334875,0.4860160506,-1.0983878329999996
46,ARG,1.587,0.4733074858335818,3.4976100000000003,1.45651,0.3094900000000002,0,0.0,-1.3,-2.5,0.0,0.7346,0.9398,0.6914,1.3912219600000002,2.70163645,3.85585823,4.78893326,-1.5867211051999996,-3.0849585568,-0.25837005966,-0.73395180303,2.117804924,-3.1307873419999988,0.3636362801999998,-0.8104834550300001
47,ARG,2.267,0.6761109454220101,3.69825,0.90457,0.1814300000000002,0,0.0,-1.3,-2.5,0.0,0.7346,0.9398,0.6914,0.97398528,1.8922182,2.70281705,3.36132854,-1.5615532635999998,-3.0374592550000004,-0.2498055315,-0.7092562439999999,1.9632366119999984,-4.374042993999998,0.3151567125999998,-1.0626121331999998
48,GLY,0.744,0.411504424778761,0.91119,0.8754200000000001,0.1885799999999999,0,0.0,0.03,0.48,0.4556,0.0,1.0,0.5062,1.11305185,2.16191837,3.086783,3.83622496,-0.5982831609,-1.1576060555,-0.1052342042699999,-0.2977255876,1.8808066879999985,-4.432739917999996,0.3355013720000001,-1.1869384846
49,GLY,0.407,0.2251106194690265,0.79078,0.96587,0.43513,0,0.0,0.03,0.48,0.4556,0.0,1.0,0.5062,1.25048777,2.4189584600000003,3.42946627,4.21771925,-0.5010085763,-0.9818820001,-0.0697262716099999,-0.19949791772,2.4796801620000037,-3.9110761054,0.3497619057000005,-0.7932037200199997
50,ALA,1.134,0.5199449793672627,1.23194,0.74952,0.2974800000000002,0,0.0,0.77,0.62,0.7,0.1645,0.249,0.3951,0.97225069,1.87869598,2.65853621,3.26057054,-0.523535762,-1.017442096,-0.0852730311,-0.2420014684999999,2.2772186650000017,-4.398137517000005,0.3665855250999998,-1.0433749934999998
51,GLY,0.843,0.4662610619469026,0.95778,0.62337,0.3416300000000001,0,0.0,0.03,0.48,0.4556,0.0,1.0,0.5062,0.83368812,1.61290192,2.28728154,2.81435309,-0.562984339,-1.0925332819999998,-0.0940334580499999,-0.2665624067,3.0614026939999985,-8.190259706999997,0.502805282,-1.9930053370000007
52,GLY,0.392,0.2168141592920354,0.73366,0.93486,0.48114,0,0.0,0.03,0.48,0.4556,0.0,1.0,0.5062,0.9718695900000002,1.87571775,2.64875437,3.23821999,-0.410620934,-0.797284141,-0.0684913106999999,-0.1943820479,3.727215223999998,-6.762152105000001,0.6301216609999994,-1.662332010100003
53,GLY,0.386,0.2134955752212389,0.7981699999999999,0.91082,0.5111800000000002,0,0.0,0.03,0.48,0.4556,0.0,1.0,0.5062,1.11085908,2.14484569,3.03094782,3.70939582,-0.2048992667,-0.3967577626999999,-0.03556822074,-0.1006805405999999,4.081017774000003,-3.655268702500001,0.6806023820000002,-0.919295773000001
54,GLY,0.83,0.4590707964601769,0.91168,0.72325,0.2547500000000001,0,0.0,0.03,0.48,0.4556,0.0,1.0,0.5062,1.2525137700000002,2.43470929,3.4809012900000007,4.3343174,-0.0361251134999999,-0.069916785,-0.0063510994399999,-0.0179789881,4.401178424000001,-0.4293710010000001,0.6824137337000011,-0.1301174649999999
55,TYR,1.391,0.4081572769953052,3.69437,1.61243,0.4045699999999999,0,0.0,-0.27,0.26,0.3556,0.8063,0.502,0.1605,0.9731859,1.88596,2.68223054,3.31419837,-0.5430099206,-1.0544178088,-0.09003372435,-0.25540896657,3.2573817719999973,-3.5029893361000024,0.5383390245000006,-0.9075769385100004
56,ARG,2.577,0.7685654637637935,3.81101,0.8631099999999999,-0.0871099999999996,0,0.0,-1.3,-2.5,0.0,0.7346,0.9398,0.6914,0.83392858,1.61476489,2.29334111,2.82801391,-0.8521387463000001,-1.6593729425,-0.1344433181,-0.3822959675,1.175775615,-2.047050654,0.2077071303999999,-0.4993075369999999
57,ARG,2.217,0.6611989263346257,3.76056,1.1569,-0.0208999999999999,0,0.0,-1.3,-2.5,0.0,0.7346,0.9398,0.6914,0.8338368899999999,1.6140465599999998,2.29097635,2.82259434,-0.9332460483,-1.8220177356,-0.14041985745,-0.4002543307999999,1.2174726830000002,-3.189513439,0.1931502933000001,-0.7363412300000002
58,GLY,0.795,0.439712389380531,0.95208,0.76157,0.2514299999999999,0,0.0,0.03,0.48,0.4556,0.0,1.0,0.5062,0.97343276,1.88789627,2.68861223,3.32884594,-1.2463281955500003,-2.4255136375,-0.19825655264,-0.56332894417,1.963649030000001,-3.1778259365,0.3126231692000001,-0.7919300954800002
59,GLY,0.568,0.3141592920353982,0.84398,0.8352499999999999,0.4047500000000003,0,0.0,0.03,0.48,0.4556,0.0,1.0,0.5062,1.3920581800000005,2.7081538700000003,3.87719612,4.837472340000001,-1.2641739754,-2.4609197230999995,-0.20088756368,-0.5711442474,2.6327285219999994,-1.9879836183000008,0.4071115706000002,-0.4952288202
60,GLY,0.258,0.1426991150442478,0.6356499999999999,0.93747,0.61253,0,0.0,0.03,0.48,0.4556,0.0,1.0,0.5062,1.80825816,3.50958134,5.004382120000001,6.207199459999999,-1.4383481039,-2.789398791,-0.24280557159,-0.6878658500499998,2.6309314830000017,-2.8020723556000022,0.4216743799999999,-0.7172587570700002
61,ASN,0.554,0.2265848670756646,2.18133,1.31307,0.5779299999999998,0,0.0,-0.1,-0.78,0.1111,0.3976,0.6747,0.8272,2.36482277,4.5907536,6.548174330000002,8.125324609999998,-1.1696817394,-2.2719718332,-0.1931191316799999,-0.5480542669000001,3.139785125999999,-5.225331523400004,0.5177782972000001,-1.3085207355999997
62,SER,0.334,0.1534926470588235,1.18648,1.2816600000000002,0.5603399999999998,0,0.0,-0.1,-0.18,0.4111,0.1877,0.8514,0.5309,1.80640203,3.49506676,4.956698320000001,6.098232789999999,-1.3411068872,-2.6034773883699995,-0.2241773854639999,-0.6360890527699997,3.842269956999998,-6.174918480299998,0.6698523801999999,-1.5389530084999985
63,GLY,1.061,0.5868362831858407,0.99527,0.64057,0.1064300000000001,0,0.0,0.03,0.48,0.4556,0.0,1.0,0.5062,1.53137972,2.97984841,4.267716790000001,5.327355989999999,-1.4752299688999997,-2.876204289700001,-0.22831801753,-0.6501048181,5.581009758000004,-8.690621308399999,0.8569710170000014,-1.980953801529999
64,GLY,0.664,0.3672566371681416,0.87075,0.80221,0.3417900000000001,0,0.0,0.03,0.48,0.4556,0.0,1.0,0.5062,1.39152866,2.70404201,3.86378608,4.807128469999999,-1.3760538975,-2.6759302072,-0.2228101327299999,-0.6329449381299999,6.442759865999993,-9.021602711199996,1.012797705599998,-2.1307545047500005
65,GLY,0.313,0.1731194690265486,0.68171,1.01333,0.48167,0,0.0,0.03,0.48,0.4556,0.0,1.0,0.5062,1.8094412600000005,3.51870546,5.03392144,6.27337812,-1.3729285974,-2.67557955,-0.2146754409999999,-0.6111450035999999,5.773690231999984,-9.465941103,0.9226251694000004,-2.2119015770999986
66,GLY,0.067,0.0370575221238938,0.63142,1.05377,0.6872300000000002,0,0.0,0.03,0.48,0.4556,0.0,1.0,0.5062,2.22417198,4.308617860000001,6.12319313,7.55620711,-1.1297328801,-2.1965988894000006,-0.18383065539,-0.5222774706000001,4.355578367999996,-8.349202435999997,0.7303305962,-2.0015889304
67,GLY,0.17,0.0940265486725663,0.65227,0.96905,0.66895,2,0.0512820512820513,0.03,0.48,0.4556,0.0,1.0,0.5062,2.2258525300000005,4.321717890000001,6.166084069999999,7.65377695,-1.0990765654,-2.1409250985000003,-0.1728709467959999,-0.49184349733,4.163982465999999,-7.168339643600003,0.6592148319000006,-1.6469813940599989
68,GLY,0.623,0.3445796460176991,0.92271,0.74799,0.43701,2,0.117647058823529,0.03,0.48,0.4556,0.0,1.0,0.5062,1.53032979,2.97169285,4.24111371,5.26714411,-1.1443758102999997,-2.2164774237,-0.19771199918,-0.5597119479,5.852450705000005,-7.461952022,0.9263216923999992,-1.945441219
69,GLY,0.571,0.3158185840707964,0.75837,0.9000999999999999,0.3369000000000002,2,0.166666666666667,0.03,0.48,0.4556,0.0,1.0,0.5062,1.11199583,2.15367825,3.05977206,3.77467821,-1.3074659212999995,-2.53578567,-0.2219312506999999,-0.6291862183999999,5.178603266999999,-9.186158624599996,0.8744322647999999,-2.3093246256000017
70,TYR,1.725,0.506161971830986,3.68084,1.3628,0.3201999999999998,1,0.05,-0.27,0.26,0.3556,0.8063,0.502,0.1605,1.66917252,3.23966666,4.61949102,5.72952358,-0.98681333687,-1.9164362146,-0.163729516178,-0.4646954032459999,5.735433910999999,-6.571617024879992,0.9023369853000004,-1.6110480782160008
71,ASP,0.815,0.3039910481163744,2.14805,1.18597,0.6800300000000001,3,0.142857142857143,-0.1,-0.9,0.1111,0.3239,0.8675,1.0,1.80864627,3.5125749400000004,5.01408048,6.22895354,-1.0336813929000002,-2.0108577659999995,-0.16630384544,-0.47257302066,5.701879915000013,-7.012895394999996,0.8456553466000004,-1.5362100299999994
72,ARG,1.601,0.4774828511780494,3.34061,1.46144,0.2905600000000004,4,0.307692307692308,-1.3,-2.5,0.0,0.7346,0.9398,0.6914,1.2502763300000002,2.41727023,3.4238056300000004,4.204437059999999,-1.5692246674,-3.042482884699999,-0.2673855169399999,-0.7577963203599999,6.555906436999996,-11.511956762400017,1.0727953000999992,-2.758776941139994
73,GLY,0.746,0.4126106194690265,0.84096,0.73463,0.32737,2,0.333333333333333,0.03,0.48,0.4556,0.0,1.0,0.5062,1.11293401,2.16100802,3.08383025,3.82959158,-1.3289447206000002,-2.5818079386,-0.21855577405,-0.6202687363,6.358863925999984,-10.614236221400017,1.0415016508999997,-2.774475885600002
74,TYR,1.418,0.4160798122065727,3.64343,1.52989,0.46011,3,0.75,-0.27,0.26,0.3556,0.8063,0.502,0.1605,0.97345774,1.88808275,2.68919294,3.3300740500000003,-1.14332665528,-2.22625587018,-0.180581328001,-0.5134509238939999,7.817299721999979,-17.179358319300015,1.2308348943999996,-3.8569187510999954
75,ASN,1.337,0.5468302658486708,2.30286,1.04262,0.0653799999999997,3,0.5,-0.1,-0.78,0.1111,0.3976,0.6747,0.8272,0.97298502,1.88441512,2.67724622,3.30308899,-0.910046053,-1.77686192,-0.1361988212,-0.3881407165,7.847848898999972,-16.728487596000036,1.304349141999999,-4.018064211500005
76,ASP,1.46,0.5445729205520328,2.52117,0.69991,0.52109,2,0.4,-0.1,-0.9,0.1111,0.3239,0.8675,1.0,0.83389311,1.6145016,2.29252549,2.8263014600000003,-0.892930585,-1.743318644,-0.1331328402,-0.3791916286,7.460664220999964,-14.874888975000026,1.187385153599997,-3.557592444799997
77,ASN,0.684,0.2797546012269939,2.29755,1.2691,0.4918999999999995,1,0.125,-0.1,-0.78,0.1111,0.3976,0.6747,0.8272,0.97305051,1.88490508,2.67877654,3.3063398800000003,-1.2818462367,-2.500967987,-0.1964970441,-0.5600593896,8.725127951000001,-16.027685685999945,1.3492103681999992,-3.691552962799999
78,ARG,1.561,0.4655532359081419,3.50627,1.47358,0.3184200000000001,2,0.333333333333333,-1.3,-2.5,0.0,0.7346,0.9398,0.6914,0.83307759,1.60811024,2.27147783,2.77804604,-0.6188397605,-1.196419846,-0.1098357389,-0.3104505145,7.470276847999999,-12.915744263999994,1.4424564368000008,-3.608192071000005
79,ASP,1.15,0.4289444237224916,2.26456,1.15189,0.37911,0,0.0,-0.1,-0.9,0.1111,0.3239,0.8675,1.0,1.11338849,2.16455922,3.09548965,3.8562168,-0.881662381204,-1.7241908682299998,-0.1278838496657,-0.364995522262,9.246646389999972,-8.741621756264,1.3228855678999982,-1.8800352881619975
80,ASP,1.277,0.4763148079074971,2.38464,0.96984,0.4341600000000001,0,0.0,-0.1,-0.9,0.1111,0.3239,0.8675,1.0,0.6945880799999999,1.3429146,1.9022828400000005,2.33682167,-1.1435227671,-2.223682968,-0.184146082,-0.5227940303,6.787858322999986,-9.837134323,1.133876974699998,-2.6621597175
81,ARG,2.337,0.6969877721443484,3.96266,0.93854,0.0774599999999999,0,0.0,-1.3,-2.5,0.0,0.7346,0.9398,0.6914,0.69410912,1.3391646499999998,1.88994639,2.30857634,-1.3407300638,-2.595453065,-0.23424817644,-0.66307006954,6.346135840000006,-7.646886216999992,1.1506964661999963,-2.280537164180006
82,ASP,0.784,0.2924281984334204,2.0835,1.36902,0.5279799999999999,0,0.0,-0.1,-0.9,0.1111,0.3239,0.8675,1.0,1.3915832099999998,2.70443013,3.8649301,4.80934108,-1.06943451077,-2.0717628493,-0.18469203775,-0.52305596107,8.376850485000016,-9.856061029999992,1.2528027661000063,-2.1065978718000005
83,ASN,1.267,0.518200408997955,2.33563,1.00605,0.1719499999999998,0,0.0,-0.1,-0.78,0.1111,0.3976,0.6747,0.8272,1.94947028,3.79593389,5.44263075,6.804856879999999,-1.00428499982,-1.9571548078000005,-0.155907582373,-0.4435591962599999,8.109184741000012,-13.668227169199993,1.1237702367000002,-2.760037193109999
84,ARG,1.866,0.556516552341187,3.60021,1.2566700000000002,0.2303299999999999,2,0.142857142857143,-1.3,-2.5,0.0,0.7346,0.9398,0.6914,1.94973519,3.798010600000001,5.44946849,6.82052787,-0.6163081475,-1.1953020223300002,-0.104340018575,-0.2957193080349999,9.662078809000002,-14.322559293260024,1.5347759474000058,-3.444853416370007
85,GLY,0.197,0.1089601769911504,0.64089,0.9252,0.6858000000000001,3,0.125,0.03,0.48,0.4556,0.0,1.0,0.5062,1.66793191,3.23000809,4.58789976,5.657745119999999,-0.5015482289,-0.9704690779999998,-0.08803808928,-0.2490456854,7.663178410999991,-11.163559947000016,1.1781653357000013,-2.6351830782999954
86,GLY,0.231,0.1277654867256637,0.8178,1.05992,0.51708,3,0.1,0.03,0.48,0.4556,0.0,1.0,0.5062,1.6660559,3.21538461,4.54001669,5.548803980000001,-0.5053080679999998,-0.982581221,-0.0827528661,-0.235300504,7.659990344000018,-10.79152887400002,1.2185918348999971,-2.483790196900001
87,SER,1.434,0.6590073529411764,1.5548,0.6773099999999999,0.0646900000000003,0,0.0,-0.1,-0.18,0.4111,0.1877,0.8514,0.5309,1.3911706,2.70121393,3.8543961,4.78536415,-0.6776999680000001,-1.322280796,-0.10279261242,-0.2927209143,6.881974287000002,-10.588895497000026,1.021426906,-2.3113593603
88,GLY,1.021,0.5647123893805309,1.06093,0.59761,0.1893900000000001,0,0.0,0.03,0.48,0.4556,0.0,1.0,0.5062,0.97329698,1.88682267,2.68504441,3.32056735,-0.6497149248999999,-1.2604005893999997,-0.10963475253,-0.3108250345399999,5.145091207999988,-7.422121401799994,0.8193121234999995,-1.749623775399999
89,GLY,0.449,0.2483407079646017,0.83786,0.90084,0.45816,0,0.0,0.03,0.48,0.4556,0.0,1.0,0.5062,1.2496070700000002,2.41210454,3.40706052,4.16685048,-0.7582358656000001,-1.4713530334999998,-0.12751434063,-0.3616590663,6.554878005999986,-10.766811720000003,1.0831280043000002,-2.649308565500001
90,TYR,1.525,0.4474765258215962,3.72873,1.31583,0.56717,0,0.0,-0.27,0.26,0.3556,0.8063,0.502,0.1605,1.25076718,2.42108541,3.4362578200000007,4.232642670000001,-0.6764671315999999,-1.312184875,-0.11457645641,-0.3249048882,6.553710228000003,-9.801326872000008,1.091865815000003,-2.439099734300001
91,GLY,0.773,0.4275442477876106,0.98422,0.68857,0.3464300000000001,3,0.2,0.03,0.48,0.4556,0.0,1.0,0.5062,1.53010726,2.96993293,4.23526295,5.25356181,-0.6826431283,-1.3302076443,-0.1055531029499999,-0.3001166298,7.352825253999994,-15.383455803,1.0930717148000004,-3.365726490600005
92,ARG,1.023,0.3050999105278854,3.00113,1.87667,0.45333,5,0.208333333333333,-1.3,-2.5,0.0,0.7346,0.9398,0.6914,1.80730163,3.50206918,4.979591060000001,6.1502057,-0.63318267808,-1.2359639043,-0.096407932097,-0.27496964636,8.37341068599999,-15.884649944399987,1.2782803204999993,-3.5666812582400094
93,ASP,0.783,0.2920552032823573,2.13285,1.17196,0.72604,4,0.2,-0.1,-0.9,0.1111,0.3239,0.8675,1.0,1.66911101,3.23915087,4.61767046,5.72497207,-0.5342227117999999,-1.0357365442,-0.0911868720599999,-0.2584401329,8.357485876000016,-9.235503039200008,1.4030248994000056,-2.420618126800003
94,ARG,2.02,0.602445571130331,3.66684,1.14799,0.1850100000000001,0,0.0,-1.3,-2.5,0.0,0.7346,0.9398,0.6914,1.6712886,3.25616416,4.6735198,5.85247535,-1.0903927745,-2.1241167844000004,-0.1705152959,-0.4849275425000001,7.8299500800000095,-8.276890480999999,1.1323105975000007,-1.7135771017999957
95,ASN,0.817,0.3341513292433538,2.17058,1.2746,0.3533999999999999,1,0.0833333333333333,-0.1,-0.78,0.1111,0.3976,0.6747,0.8272,1.67057878,3.25059759,4.655173980000001,5.81036962,-1.3814156732,-2.697369409999999,-0.2083314105,-0.59417495,7.816740187000007,-16.166155927,1.2397370519999995,-3.7469560305000025
96,TYR,1.07,0.3139671361502347,3.36666,1.7811500000000002,0.5568499999999998,1,0.0909090909090909,-0.27,0.26,0.3556,0.8063,0.502,0.1605,1.3908889400000002,2.69903147,3.84729691,4.76935881,-1.65494097575,-3.2221342479000006,-0.26180742979,-0.7443513281599999,7.410021282999966,-15.753266707400009,1.2872818651000038,-4.057020681520002
97,GLU,1.533,0.5619501466275659,2.97768,0.78145,0.4135500000000003,1,0.142857142857143,-0.1,-0.74,0.1111,0.4884,0.8112,0.9136,1.25310429,2.43933979,3.49615909,4.369325809999999,-1.961844761296,-3.8254922008899994,-0.301124785514,-0.857082768704,8.012222327999975,-12.969307885270007,1.2662830357999957,-3.1420187118330016
98,ASP,0.602,0.2245430809399477,2.03261,1.51238,0.5666200000000001,1,0.111111111111111,-0.1,-0.9,0.1111,0.3239,0.8675,1.0,1.67117711,3.25531278,4.670793860000001,5.846463409999999,-2.07027548326,-4.0383659354,-0.3152428189099998,-0.8974764122400003,9.001029515999974,-8.455460066689987,1.364344378299997,-2.187649165660003
99,ARG,1.741,0.519236504622726,3.91185,1.2408,0.3712000000000002,0,0.0,-1.3,-2.5,0.0,0.7346,0.9398,0.6914,1.95051151,3.80409563,5.46951266,6.86650055,-2.3884915294099995,-4.66104295839,-0.361083234565,-1.0284326479900006,8.213902571,-7.841199961720001,1.256182011400005,-1.848830705650002
100,GLY,0.197,0.1089601769911504,0.6415000000000001,1.1571,0.4538999999999999,0,0.0,0.03,0.48,0.4556,0.0,1.0,0.5062,2.22751878,4.33479641,6.209219380000001,7.75286881,-2.5664924696299987,-5.003442717560001,-0.396605702664,-1.12893846432,7.072777517999998,-8.690443924099991,1.0963858200999996,-2.0866752279900025
101,TYR,1.757,0.5155516431924883,4.22667,1.1768599999999998,0.4741400000000002,0,0.0,-0.27,0.26,0.3556,0.8063,0.502,0.1605,1.94862386,3.78933131,5.420994370000001,6.7555778,-2.441335581439999,-4.758714586199997,-0.3799267169899998,-1.0817439079500004,6.831410355000005,-7.779016795199997,1.1088500699000006,-1.879820364610002
102,ASN,0.974,0.3983640081799591,2.3060400000000003,1.09906,0.3719399999999997,0,0.0,-0.1,-0.78,0.1111,0.3976,0.6747,0.8272,1.94946575,3.79596524,5.442963000000001,6.806316009999999,-2.08062969425,-4.056009124999999,-0.32171511176,-0.91567359782,9.078936362000007,-10.867821179750008,1.390351333799998,-2.654769883849998
103,GLY,0.299,0.1653761061946902,0.65398,1.0097899999999995,0.4992100000000004,0,0.0,0.03,0.48,0.4556,0.0,1.0,0.5062,1.38952274,2.68845296,3.81289547,4.691802889999999,-1.86199608048,-3.60450768759,-0.3240273912120001,-0.9168489698099992,13.647884316000017,-16.915865044179967,2.3334699090999877,-4.511291170960004
104,GLY,0.462,0.2555309734513274,0.82244,0.96139,0.38461,0,0.0,0.03,0.48,0.4556,0.0,1.0,0.5062,1.8095202500000005,3.5193586700000004,5.036191800000001,6.27894831,-1.63258500684,-3.182313187920001,-0.2532061714719999,-0.7207399215100004,13.03959263700005,-14.066478465999989,2.077114203899989,-3.287029867319996
105,GLY,0.671,0.3711283185840708,0.93829,0.68563,0.45137,0,0.0,0.03,0.48,0.4556,0.0,1.0,0.5062,1.94875303,3.79035619,5.424413370000001,6.763550749999999,-1.5359051284400005,-2.9883724590000003,-0.245795739648,-0.6984012105199998,16.450548025000028,-20.610763103000025,2.670451625000011,-5.117525565559998
106,GLY,0.428,0.2367256637168141,0.7278,0.9078,0.4722,3,0.0967741935483871,0.03,0.48,0.4556,0.0,1.0,0.5062,2.22600788,4.32303074,6.17073967,7.665466819999999,-2.141226492040001,-4.177675489359999,-0.3236102779409999,-0.9212095972300002,13.91046140999993,-19.59707727730001,2.1453963282999933,-4.746688261880004
107,GLY,0.151,0.0835176991150442,0.72922,1.02053,0.6364700000000001,3,0.0566037735849057,0.03,0.48,0.4556,0.0,1.0,0.5062,2.50335599,4.856254150000002,6.9182502,8.56819944,-2.230252164570001,-4.348556990299999,-0.3458617795559998,-0.9852244493600002,10.570102728999991,-8.77820890800001,1.6545976263000015,-2.0676972539499983
108,GLY,0.225,0.1244469026548672,0.70274,1.0003,0.5827,3,0.0882352941176471,0.03,0.48,0.4556,0.0,1.0,0.5062,1.80634338,3.4946550400000005,4.955498790000002,6.095947310000001,-1.9196117098,-3.7326204231,-0.31100608231,-0.8833444929299998,12.837921522000052,-14.20718812850001,2.089130221400007,-3.4389304702
109,GLY,0.597,0.3301991150442477,0.79765,0.86523,0.34577,3,0.142857142857143,0.03,0.48,0.4556,0.0,1.0,0.5062,1.38971829,2.6898925300000003,3.81732297,4.70100911,-1.6245143106000002,-3.1439718502,-0.28616972382,-0.8102478141299999,17.142978914000015,-22.819741693800108,2.915212665400001,-6.093182364469993
110,ASN,1.222,0.4997955010224949,2.27565,1.03342,0.1895799999999998,5,0.357142857142857,-0.1,-0.78,0.1111,0.3976,0.6747,0.8272,1.11158281,2.15042963,3.04903288,3.74993129,-1.8001155918999998,-3.4848691338,-0.31515962873,-0.8923672871399999,14.306877217000116,-21.20530730549993,2.5270454461999905,-5.649950081239998
111,ARG,0.912,0.271995228153892,3.3045,1.88767,0.5533300000000001,5,0.238095238095238,-1.3,-2.5,0.0,0.7346,0.9398,0.6914,2.08835724,4.06427772,5.822309290000001,7.270473079999999,-2.1141558941760006,-4.1262745377100005,-0.3205083113089999,-0.9134554992029996,12.232955696999984,-11.30503154391002,1.7916833951000013,-2.476311742433001
112,GLY,0.438,0.2422566371681415,0.89005,0.96107,0.4089300000000002,3,0.111111111111111,0.03,0.48,0.4556,0.0,1.0,0.5062,1.94644451,3.772348,5.36539568,6.62911205,-1.83933627415,-3.56271821928,-0.3206083794620001,-0.90857946366,13.922832498000025,-14.134266748699984,2.395536090000006,-3.777042162519996
113,TYR,1.543,0.4527582159624413,4.05245,1.3193099999999998,0.5456900000000002,3,0.375,-0.27,0.26,0.3556,0.8063,0.502,0.1605,1.3910994,2.70066038,3.85258909,4.781269589999999,-2.2174103633,-4.314463936399999,-0.3562940407299999,-1.01276549576,13.475055774999952,-19.41758945629996,2.1245388802000096,-4.599793572
114,ASN,1.349,0.5517382413087935,2.54996,0.87206,0.2239399999999999,1,0.142857142857143,-0.1,-0.78,0.1111,0.3976,0.6747,0.8272,1.25211176,2.43156894,3.47059451,4.310792940000001,-1.7048928432,-3.32079945015,-0.2696079145969999,-0.7673105001500001,11.596209231999987,-14.21869328030002,1.7725980003999997,-3.2989784046640023
115,ASN,0.96,0.3926380368098159,2.05074,1.26766,0.2173399999999998,1,0.0555555555555556,-0.1,-0.78,0.1111,0.3976,0.6747,0.8272,1.1099207,2.13750309,3.00680707,3.6541689600000007,-1.4071847026099995,-2.721806257949998,-0.2511983008490001,-0.711255024032,11.438129097000044,-14.24144126557999,2.0928438033000085,-3.749191108119999
116,ASN,1.308,0.5349693251533743,2.41446,0.90674,0.2302599999999998,0,0.0,-0.1,-0.78,0.1111,0.3976,0.6747,0.8272,1.25194255,2.43026033,3.466348,4.30125097,-1.4356097455,-2.796967587200001,-0.2252034996599999,-0.6408755390000004,12.855374600000006,-17.95756068419999,1.941944081700005,-4.109032040699992
117,ARG,2.811,0.8383537130927526,4.13617,0.67339,-0.1313899999999997,0,0.0,-1.3,-2.5,0.0,0.7346,0.9398,0.6914,1.3927851700000002,2.7138666,3.89606573,4.88091338,-1.6864408556,-3.297509165400001,-0.24465233608,-0.6979907613600003,12.554494729999991,-20.702352242199968,1.7624512574999989,-4.305986710839999
118,GLY,0.234,0.1294247787610619,0.79105,1.04535,0.5286500000000001,0,0.0,0.03,0.48,0.4556,0.0,1.0,0.5062,1.80896183,3.51498152,5.021778830000001,6.24591584,-1.4530817366000004,-2.8179893582,-0.2468153233,-0.6996656002699998,12.53369843100004,-15.183196375199977,1.9644754516000056,-3.6847342249000072
119,GLY,0.12,0.0663716814159292,0.65905,1.06959,0.6184100000000001,0,0.0,0.03,0.48,0.4556,0.0,1.0,0.5062,2.36672657,4.6055329600000015,6.5963599,8.23431858,-1.5878366841599998,-3.0825106649099983,-0.2648822707529999,-0.7513982408480002,14.29761091299995,-10.933510477659976,2.258476473399997,-3.105531257477999
120,GLY,0.344,0.1902654867256637,0.85869,1.0054800000000002,0.4585199999999998,0,0.0,0.03,0.48,0.4556,0.0,1.0,0.5062,3.3450040800000003,6.531076990000002,9.407862890000002,11.841616319999998,-1.08096450196,-2.0964180472600003,-0.1832312810359999,-0.5193530052799998,11.168746624999995,-3.112888382290001,1.652015093299995,-0.8658805656099998
121,GLY,0.227,0.1255530973451327,0.88521,1.05042,0.53058,0,0.0,0.03,0.48,0.4556,0.0,1.0,0.5062,3.06515163,5.9782127,8.595627109999999,10.79035432,-1.6893259370000004,-3.2793941384300016,-0.2814184135909999,-0.798114793144,6.760716253999994,-3.7885952444600055,1.0328187304999998,-0.9091313934180008
122,GLY,0.124,0.0685840707964601,0.84842,1.11905,0.5649500000000001,0,0.0,0.03,0.48,0.4556,0.0,1.0,0.5062,2.36487424,4.5912034,6.54981529,8.12957496,-2.8718605061000004,-5.585915723070002,-0.4614696361999998,-1.3106896244499997,5.653460366000005,-8.785982519500003,0.9150373285,-2.1453201159499984
123,GLY,0.367,0.2029867256637168,0.89193,0.85565,0.58535,0,0.0,0.03,0.48,0.4556,0.0,1.0,0.5062,1.80718519,3.50125346,4.97722772,6.14575791,-2.3403580146,-4.5369879514,-0.39967890312,-1.1325575786000004,8.597131466999985,-11.534263961299995,1.4038048065,-2.8722068128999982
124,TYR,1.382,0.4055164319248826,3.73024,1.37949,0.6465099999999999,2,0.125,-0.27,0.26,0.3556,0.8063,0.502,0.1605,1.80989915,3.52229551,5.04575096,6.30052362,-2.555386803199999,-4.9747617776,-0.4059563517300001,-1.1543094880099998,9.117658455000008,-14.759848730999982,1.4057413169,-3.4835840910000035
125,ASN,1.291,0.5280163599182004,2.22867,0.98129,0.1727099999999999,1,0.125,-0.1,-0.78,0.1111,0.3976,0.6747,0.8272,1.5317542599999998,2.98278515,4.27739268,5.34955582,-1.3981824075499991,-2.7219560163000005,-0.220415242445,-0.6262815857999999,13.854156721999994,-19.39161470759993,2.280173900500005,-5.1412555302
126,ARG,0.811,0.2418729495973755,3.01656,1.78713,0.7548700000000002,3,0.3,-1.3,-2.5,0.0,0.7346,0.9398,0.6914,0.97210996,1.87754295,2.65456389,3.25092648,-0.9273286784,-1.7964036334,-0.16077721502,-0.4554774106,10.072679171999988,-21.428100214399997,1.7860433719999984,-5.708584940939998
127,GLN,1.478,0.5140869565217391,2.87665,0.94658,0.45042,1,0.166666666666667,-0.1,-0.85,0.1111,0.5388,0.7952,0.6914,0.6938875,1.3374428699999998,1.88432867,2.29585682,-0.6149486327000001,-1.192434259,-0.1050780455,-0.2979555101,6.001240486999992,-16.549365689000016,1.030370638799998,-4.147847136999999
128,ASP,1.477,0.5509138381201044,2.49641,0.7497,0.4542999999999999,0,0.0,-0.1,-0.9,0.1111,0.3239,0.8675,1.0,0.69442759,1.34165893,1.89815426,2.32737559,-0.6384074674000001,-1.2420986843999997,-0.1019606491799999,-0.2896223096,6.014553178999989,-17.574613821600007,0.9093956425000008,-3.8804121434
129,ARG,1.614,0.4813599761407695,3.21851,1.6166200000000002,0.1223799999999999,2,0.222222222222222,-1.3,-2.5,0.0,0.7346,0.9398,0.6914,0.97233558,1.87933677,2.66056126,3.26495304,-0.66114294,-1.2874269487,-0.10487404477,-0.29836072215,8.685837240000023,-16.269240308200043,1.3403453177999962,-3.7232308238999936
130,GLY,0.855,0.4728982300884956,0.97164,0.70654,0.2464600000000001,2,0.222222222222222,0.03,0.48,0.4556,0.0,1.0,0.5062,1.11229419,2.15598264,3.0672422,3.79144229,-0.307258773,-0.5932341915,-0.0557386629399999,-0.1574177953,10.160199873999968,-8.301014246099967,1.7212215363000063,-2.1764185313000093
131,ASP,0.623,0.2323759791122715,2.33015,1.2048100000000002,0.8531899999999997,2,0.166666666666667,-0.1,-0.9,0.1111,0.3239,0.8675,1.0,1.3917318600000002,2.70561206,3.86887955,4.81857137,-1.2265969932999998,-2.4021861023,-0.17257131858,-0.49320224442,14.179649437000126,-23.70404504419993,1.9030111753999936,-4.5910154738000015
132,GLY,0.93,0.5143805309734514,1.01491,0.66953,0.20847,0,0.0,0.03,0.48,0.4556,0.0,1.0,0.5062,0.97326427,1.88658063,2.68429572,3.3189993499999995,-1.0962761313,-2.1387253102000003,-0.1669563879099999,-0.4754872895999999,9.435523929000007,-15.746896477099993,1.4237020018999935,-3.373063647899999
133,GLY,0.771,0.4264380530973451,0.98486,0.7404600000000001,0.2965399999999998,0,0.0,0.03,0.48,0.4556,0.0,1.0,0.5062,0.83368647,1.6128779,2.28716234,2.81395552,-1.2779835985,-2.490047858,-0.2000043987699999,-0.5691427864,9.146788015000048,-18.245286403999977,1.4978569096000012,-4.310168553800001
134,SER,0.887,0.4076286764705882,1.6132300000000002,0.95855,0.33045,0,0.0,-0.1,-0.18,0.4111,0.1877,0.8514,0.5309,0.97339823,1.88762492,2.6877168,3.32678812,-1.1568068056000005,-2.2480381338,-0.189277618355,-0.5373086148300003,9.257719525999972,-11.921979553299984,1.559345120599997,-3.164438701590001
135,SER,0.66,0.3033088235294117,1.56225,1.11683,0.39917,0,0.0,-0.1,-0.18,0.4111,0.1877,0.8514,0.5309,1.6706362200000002,3.25103529,4.656572180000001,5.81344335,-1.5224124223500002,-2.9618591270999994,-0.244560276624,-0.6949540675800001,13.200368023999996,-12.017595530399992,2.068343266299999,-2.986320070989997
136,ASN,0.627,0.256441717791411,2.01641,1.4064,0.4115999999999997,0,0.0,-0.1,-0.78,0.1111,0.3976,0.6747,0.8272,2.50680726,4.88318692,7.006538770000001,8.769376869999999,-1.9923627603000005,-3.8938305208,-0.2948182615600001,-0.8414682262900002,9.749221300999992,-13.56657112560002,1.4815457766999978,-3.02498880122
137,PHE,1.114,0.3583145706014796,3.35248,1.4947700000000002,0.5002299999999997,0,0.0,1.1,1.2,0.8111,0.783,0.0763,0.037,2.08663504,4.05089883,5.77864888,7.17157769,-2.4235936806600007,-4.718042129730001,-0.3847659472389999,-1.0939138835799995,11.342537896,-13.2293851802,1.8716915344000076,-3.33432046816
138,SER,0.352,0.1617647058823529,1.49626,1.27825,0.5457500000000004,0,0.0,-0.1,-0.18,0.4111,0.1877,0.8514,0.5309,1.94778888,3.78285696,5.39990465,6.70792438,-2.5437196310000005,-4.9532187332,-0.40383293013,-1.1488645826600004,9.901347075999997,-11.974823386399995,1.552065292800003,-2.762874116200003
139,ARG,1.585,0.4727110050700864,3.49624,1.34668,0.4213200000000001,0,0.0,-1.3,-2.5,0.0,0.7346,0.9398,0.6914,1.67052037,3.2501385200000006,4.653657710000001,5.8068795600000005,-2.1857664042,-4.263115436599999,-0.3359785447899998,-0.9569806976600002,11.827333989000053,-11.6621981792,1.838781768900004,-2.7550377345399992
140,GLY,0.612,0.3384955752212389,1.04104,0.67636,0.5196400000000002,0,0.0,0.03,0.48,0.4556,0.0,1.0,0.5062,1.39235504,2.7104852900000003,3.88489138,4.85517005,-1.6236788882,-3.157558089229999,-0.2621652959869999,-0.74455993124,15.156146162000049,-14.3984313455,2.436708320899996,-3.647711167780004
141,GLY,0.371,0.2051991150442478,0.7977500000000001,0.99435,0.4426500000000001,0,0.0,0.03,0.48,0.4556,0.0,1.0,0.5062,1.6706787799999998,3.2513884600000003,4.65780599,5.8164890300000005,-2.0156075575,-3.930303508399999,-0.31042931593,-0.8838569931999999,14.18851036900002,-13.498426345899968,2.1741159439000035,-3.0611393680999988
142,TYR,0.542,0.159037558685446,3.37481,1.98336,0.8826399999999996,0,0.0,-0.27,0.26,0.3556,0.8063,0.502,0.1605,2.36754785,4.611904229999999,6.61711568,8.2812177,-2.68911169657,-5.24978704123,-0.4081524305649999,-1.164130865656,11.16561759200003,-16.205216937559996,1.6884230801000064,-3.5349283168399994
143,ASN,0.825,0.3374233128834356,2.10672,1.2474499999999995,0.3725500000000001,1,0.0833333333333333,-0.1,-0.78,0.1111,0.3976,0.6747,0.8272,1.9500085900000004,3.80018072,5.45671371,6.837443029999998,-2.466267280956,-4.81090604386,-0.3754759051414999,-1.0689791703700002,12.307324848000004,-14.948913740119988,1.8297315558000025,-3.452019664200006
144,ASN,0.818,0.334560327198364,2.10403,1.2019099999999998,0.4250899999999999,1,0.0714285714285714,-0.1,-0.78,0.1111,0.3976,0.6747,0.8272,1.39038037,2.69505893,3.83426186,4.739619579999999,-1.7104325777699994,-3.3214479908000007,-0.2849483838839999,-0.8088307556800001,10.172246740999997,-12.783776834169998,1.6245231362000048,-3.05245658962
145,ARG,2.204,0.6573218013719058,3.86807,0.88745,0.26155,1,0.166666666666667,-1.3,-2.5,0.0,0.7346,0.9398,0.6914,0.97306652,1.88506223,2.67940539,3.30812406,-1.3206485422399998,-2.5667273607000003,-0.214800297882,-0.60959987542,8.363976984999985,-10.079253457400007,1.339825876900001,-2.557649651619995
146,ASP,1.558,0.5811264453562104,2.46313,0.75098,0.37202,0,0.0,-0.1,-0.9,0.1111,0.3239,0.8675,1.0,0.83329348,1.60980539,2.27707033,2.79089828,-1.1299833564,-2.1835167532,-0.20229347031,-0.5716410534,8.22816092200001,-12.665065773399997,1.4727364873000002,-3.5073266571000072
147,GLU,0.772,0.282991202346041,2.77711,1.39861,0.5573900000000003,0,0.0,-0.1,-0.74,0.1111,0.4884,0.8112,0.9136,1.81021601,3.52480333,5.054096620000001,6.3199239,-1.9145204575600008,-3.7479753264999993,-0.2725658716739999,-0.7789367425799998,12.12227790799998,-11.338605693499993,1.709213588199999,-2.4315500988999945
148,GLY,0.697,0.385508849557522,0.97659,0.79269,0.3183100000000002,1,0.125,0.03,0.48,0.4556,0.0,1.0,0.5062,1.39223903,2.70959634,3.88203532,4.848841569999999,-1.2379291438,-2.420018711399999,-0.18063647873,-0.5152988443,10.380501432000036,-14.080412525699986,1.5432936392000018,-3.070636752199994
149,SER,1.479,0.6796875,1.3988999999999998,0.6417200000000001,0.0552799999999999,1,0.142857142857143,-0.1,-0.18,0.4111,0.1877,0.8514,0.5309,1.11300988,2.16158235,3.08565061,3.83354815,-1.5283559679,-2.981280512,-0.2338735211,-0.6661075446999999,11.589059707000064,-23.620045019000035,1.818067795999997,-5.268786524599982
150,ASP,0.868,0.3237597911227154,2.049,1.20649,0.6065100000000001,1,0.166666666666667,-0.1,-0.9,0.1111,0.3239,0.8675,1.0,1.11301902,2.1616995,3.08619672,3.83529342,-1.35879795212,-2.6583304977999997,-0.1948089076499999,-0.5560690358,9.909020646000014,-19.501637269399957,1.470350116600004,-4.220267075079998
151,ASN,1.633,0.6678936605316974,2.53632,0.67132,0.1406799999999998,0,0.0,-0.1,-0.78,0.1111,0.3976,0.6747,0.8272,0.83428549,1.61755762,2.30252284,2.84901842,-0.98772103992,-1.9249425967600005,-0.152671199906,-0.43420494392,6.994054213,-16.60149718032002,1.0797653559999982,-3.86450559174
152,ARG,1.612,0.4807634953772741,3.4761200000000003,1.38424,0.3567600000000002,1,0.166666666666667,-1.3,-2.5,0.0,0.7346,0.9398,0.6914,0.83329023,1.60979539,2.27709148,2.79111199,-0.6048814960000002,-1.175321341,-0.0997275262,-0.2832288098999999,5.139238372999993,-9.569985822500003,0.8667605794999984,-2.267971720800002
153,GLY,0.928,0.5132743362831859,1.0031,0.63189,0.24811,1,0.2,0.03,0.48,0.4556,0.0,1.0,0.5062,0.8338165200000001,1.61389563,2.29050939,2.82161557,-0.5325563209999999,-1.032622122,-0.0897284509,-0.2540472177,4.081362994000002,-7.813540525,0.6754776609999991,-1.928556493899999
154,SER,0.933,0.4287683823529412,1.34013,0.8460300000000001,0.39697,1,0.166666666666667,-0.1,-0.18,0.4111,0.1877,0.8514,0.5309,1.112654,2.1588331,3.07673776,3.81354778,-0.5943474592,-1.164948646,-0.0824067699999999,-0.2357932811999999,3.384939779999995,-3.114110832000002,0.4740657090999999,-0.6569241679999999
155,GLY,0.786,0.4347345132743362,0.95036,0.70875,0.31325,0,0.0,0.03,0.48,0.4556,0.0,1.0,0.5062,0.83378803,1.6136712800000002,2.28976692,2.8199020700000004,-0.7919108539999999,-1.5401445980000006,-0.1273447932999999,-0.3615995115,3.1370312169999983,-7.957152670999997,0.5392039094999999,-2.0331567029999995
156,ARG,1.705,0.5084998508798091,3.4964,1.40451,0.2434899999999999,0,0.0,-1.3,-2.5,0.0,0.7346,0.9398,0.6914,0.8335955,1.61217611,2.28489147,2.80887307,-0.7329161839,-1.4245548649999995,-0.11984783605,-0.3403705181,2.080770148,-4.960090268400003,0.3387615793999999,-1.1957564914000007
157,SER,1.316,0.6047794117647058,1.55832,0.64087,0.21913,0,0.0,-0.1,-0.18,0.4111,0.1877,0.8514,0.5309,0.9735547,1.88883991,2.69167819,3.3357488800000006,-0.7302659733000001,-1.4141755345000002,-0.12699128601,-0.3595771874000001,1.3739722559999992,-2.502056683000001,0.2268802771,-0.5924214130000002
158,TYR,0.591,0.1734154929577464,3.09297,2.0081,0.8089000000000004,2,0.181818181818182,-0.27,0.26,0.3556,0.8063,0.502,0.1605,1.39141211,2.7031060200000008,3.86062822,4.79965953,-0.7031609830000001,-1.3670499905000002,-0.1138652100399999,-0.3232512352099999,1.378241188,-2.6738789200000013,0.1874805189999999,-0.5257114235000003
159,ASN,1.185,0.4846625766871166,2.28722,0.93537,0.3246299999999997,1,0.166666666666667,-0.1,-0.78,0.1111,0.3976,0.6747,0.8272,1.5317151500000004,2.9824698499999998,4.27632261,5.347003329999999,-0.3077572768,-0.5916024049999999,-0.05897813901,-0.1659266746999999,0.7459478370000001,-0.92342276,0.1202292665,-0.2303255964
160,ASN,0.3,0.1226993865030674,1.80108,1.48009,0.6649099999999999,2,0.133333333333333,-0.1,-0.78,0.1111,0.3976,0.6747,0.8272,1.52925111,2.96318631,4.21291509,5.20192622,-0.3034385339999999,-0.5859224230000001,-0.0551265775,-0.155749042,0.7449432770000001,-0.8362250000000002,0.1294199293,-0.2528548389999999
161,ASP,1.488,0.5550167847817978,2.51361,0.82882,0.36418,1,0.2,-0.1,-0.9,0.1111,0.3239,0.8675,1.0,1.11243529,2.15709454,3.07092591,3.79995567,-0.2801316973899998,-0.5376372718199998,-0.055382910607,-0.15581010444,1.218014936,-1.0592388599999998,0.1900635816000001,-0.3010978166
162,ARG,2.228,0.6644795705338503,3.74572,1.06889,0.0561099999999998,2,0.222222222222222,-1.3,-2.5,0.0,0.7346,0.9398,0.6914,0.97245386,1.88025083,2.66352721,3.27161893,-0.41119592986,-0.801232319,-0.064367286996,-0.1832103284999999,0.982091064,-1.7864529260000002,0.1547696791999999,-0.3890682772000001
163,ARG,2.583,0.7703549060542798,4.03831,0.73461,0.03539,2,0.25,-1.3,-2.5,0.0,0.7346,0.9398,0.6914,0.83316208,1.60877683,2.27368775,2.78315767,-0.532193865,-1.0333957981,-0.0888763726999999,-0.2522954312,1.1364025139999996,-1.5730399298000002,0.2028158235000001,-0.4101293825
164,ASP,1.387,0.5173442745244312,2.48455,0.77804,0.5159600000000001,2,0.181818181818182,-0.1,-0.9,0.1111,0.3239,0.8675,1.0,1.11166926,2.15110941,3.05127825,3.75510142,-0.3897923511,-0.7586802703,-0.0625004173599999,-0.1777815763,0.9819796059999996,-1.0535711989999994,0.1564958567999999,-0.2392873615599999
165,ASN,1.146,0.4687116564417178,2.25817,1.05104,0.2479599999999999,2,0.166666666666667,-0.1,-0.78,0.1111,0.3976,0.6747,0.8272,1.11192666,2.15312236,3.05789412,3.77023027,-0.2260521635,-0.4358759833999999,-0.04177904286,-0.11787456224,1.3736341140000006,-0.8955956299,0.2264972277,-0.2322373469599999
166,GLY,0.61,0.3373893805309734,0.8725499999999999,0.8017799999999999,0.39622,0,0.0,0.03,0.48,0.4556,0.0,1.0,0.5062,1.53113399,2.97793257,4.26144311,5.313081629999999,-0.267567999,-0.525286755,-0.0356900927,-0.1022694628,0.7477370760000001,-1.002926415,0.1063895928,-0.2043937998
167,GLY,0.246,0.1360619469026548,0.70095,1.00995,0.5520500000000002,2,0.142857142857143,0.03,0.48,0.4556,0.0,1.0,0.5062,1.11237092,2.15656531,3.06909503,3.79548847,-0.3703052914399999,-0.71723695112,-0.0642227272479999,-0.18187944189,0.7454128369999999,-0.1237136192000001,0.1262889075,-0.0294413546
168,ASP,1.46,0.5445729205520328,2.33294,0.8599999999999999,0.3610000000000002,1,0.111111111111111,-0.1,-0.9,0.1111,0.3239,0.8675,1.0,1.11308033,2.1621426,3.087524770000001,3.83793547,-0.5198465600000001,-1.0123222303,-0.08230056585,-0.2341184943399999,0.5115299150000001,-0.861561595,0.0737047677,-0.182999799
169,GLY,1.311,0.7251106194690266,1.40047,0.48715,0.00985,1,0.111111111111111,0.03,0.48,0.4556,0.0,1.0,0.5062,1.11439405,2.17229401,3.12046414,3.91196681,-0.6448696169999998,-1.2608768271000004,-0.09480677535,-0.27076201225,0.5114332629999999,-1.1629190115000003,0.074724769,-0.245033613
