2,MET,2.208,0.7404426559356136,2.44393,0.61066,0.16334,1,1.0,0.8,0.64,0.7111,0.6196,0.0,0.0988,0.4168666599999999,0.8066311800000001,1.14424503,1.40859508,-0.382722489,-0.7489097600000002,-0.0548542104499999,-0.1566746877,1.6124072380000007,-3.8128093400000025,0.2384491151999998,-0.8546526025999998
3,GLU,1.734,0.6356304985337243,3.00635,0.87616,0.1178400000000001,2,0.666666666666667,-0.1,-0.74,0.1111,0.4884,0.8112,0.9136,0.41557287,0.79660434,1.1116039,1.33490193,-0.3333005474,-0.6443423427,-0.05957225808,-0.16848009786,1.6052352640000007,-3.097247808200001,0.2976586769999999,-0.8596334753999997
4,SER,0.97,0.4457720588235294,1.61118,0.8896400000000001,0.3163600000000001,1,0.333333333333333,-0.1,-0.18,0.4111,0.1877,0.8514,0.5309,0.69426732,1.34041635,1.89410938,2.31824666,-0.3610586518999999,-0.6962420765,-0.06636543719,-0.1871646941999999,2.196537944000001,-2.836645535000001,0.3703601329999998,-0.765659882
5,ASN,0.984,0.4024539877300613,2.33846,1.1766299999999998,0.28437,0,0.0,-0.1,-0.78,0.1111,0.3976,0.6747,0.8272,1.39237845,2.7106692599999995,3.88549926,4.85657034,-0.5879424639999999,-1.151044802,-0.0837073404999999,-0.2392513242,2.123702666,-2.7307402110000014,0.3137094019999997,-0.5937942153
6,GLN,1.603,0.5575652173913044,2.89141,0.97457,0.2974299999999999,0,0.0,-0.1,-0.85,0.1111,0.5388,0.7952,0.6914,0.97304208,1.88482631,2.67847393,3.30551496,-0.8071736540000002,-1.5630020929999997,-0.1403102709999999,-0.3972161158999999,2.039328718,-2.741399386,0.3482488000000003,-0.6998400105999996
7,SER,0.968,0.4448529411764705,1.51266,1.01273,0.19527,0,0.0,-0.1,-0.18,0.4111,0.1877,0.8514,0.5309,1.1125717000000002,2.15814776,3.07433658,3.8075984,-0.94720568,-1.8401911353,-0.15614169363,-0.4432214442,1.4928504819999997,-2.378478593,0.2364525875999999,-0.5707303863000004
8,ASN,1.367,0.5591002044989776,2.51329,0.94107,0.1369299999999997,0,0.0,-0.1,-0.78,0.1111,0.3976,0.6747,0.8272,1.1132294,2.1633142,3.09139521,3.84684567,-0.9183882584,-1.7947543832999997,-0.1346684186,-0.3839806615999999,2.3966571200000013,-3.2952887991999997,0.3716322854000004,-0.7720424049000002
9,ASN,1.549,0.6335378323108385,2.54682,0.6654800000000001,0.2305199999999998,0,0.0,-0.1,-0.78,0.1111,0.3976,0.6747,0.8272,0.6945420899999999,1.34255979,1.90113319,2.33424372,-0.702188612,-1.3604679350000002,-0.12048932334,-0.3411211114999999,1.8427865169999988,-3.485639644999999,0.3194707588000001,-0.911087489
10,GLY,0.584,0.323008849557522,0.84654,0.90831,0.3156900000000002,0,0.0,0.03,0.48,0.4556,0.0,1.0,0.5062,0.55462628,1.0662052,1.49525709,1.80912539,-0.630856716,-1.21664616,-0.116838165,-0.3298600065,1.7994708019999983,-4.176080860000002,0.345814083,-1.1885242105
11,GLY,0.848,0.4690265486725663,0.92032,0.6930000000000001,0.267,0,0.0,0.03,0.48,0.4556,0.0,1.0,0.5062,0.97316242,1.88576066,2.68151846,3.31239586,-0.3497366124,-0.683140251,-0.05249521764,-0.1497923412,1.8860616409999995,-2.6287777934,0.2950785616999999,-0.5936689516000004
12,SER,1.179,0.5418198529411764,1.48749,0.92346,0.07354,0,0.0,-0.1,-0.18,0.4111,0.1877,0.8514,0.5309,0.97318531,1.88596457,2.6822791,3.31441458,-0.444549157,-0.868015913,-0.0662832172,-0.188847881,2.082309246,-4.307962591000001,0.3229703015000001,-0.9991530627999988
13,GLY,0.928,0.5132743362831859,0.8803700000000001,0.7217800000000001,0.1582199999999999,0,0.0,0.03,0.48,0.4556,0.0,1.0,0.5062,0.6940763,1.3389091,1.88910929,2.30667103,-0.6325331700000001,-1.226724272,-0.107326999,-0.304221555,1.4888333379999996,-4.135949194,0.2671054383,-1.071913687
14,ASN,1.598,0.6535787321063395,2.47556,0.78946,0.0575399999999997,0,0.0,-0.1,-0.78,0.1111,0.3976,0.6747,0.8272,0.83359399,1.6121513399999998,2.28476428,2.8084419900000004,-0.590861308,-1.153197568,-0.0900300513,-0.2567110429999999,1.493542010000001,-3.201888364000001,0.230675246,-0.7254856119999997
15,ALA,0.94,0.430994956441999,1.25537,0.8059700000000001,0.43503,0,0.0,0.77,0.62,0.7,0.1645,0.249,0.3951,0.83296744,1.6072394,2.26858266,2.77132494,-0.438473663,-0.8484313740000001,-0.0773829271,-0.2190287543,1.4899816919999993,-1.871370966,0.259984289,-0.4837626981999998
16,ALA,1.069,0.4901421366345713,1.31344,0.71306,0.3989400000000001,0,0.0,0.77,0.62,0.7,0.1645,0.249,0.3951,1.11301199,2.16160977,3.08577996,3.83396576,-0.4396051097,-0.855210255,-0.0700812177999999,-0.1989727793999999,3.3018950339999966,-4.187038999500002,0.500577446,-0.9905316440000012
17,LEU,1.47,0.5530474040632054,2.31955,1.2176,-0.0296,0,0.0,1.4,1.1,0.9222,0.663,0.2811,0.0,0.97271007,1.88225847,2.67013719,3.28676825,-0.4094940111999999,-0.7913748010999999,-0.0733704033399999,-0.2074078398999999,2.549951772000002,-1.6084501575999992,0.4320300481000005,-0.4385926270999999
18,ASN,1.048,0.4286298568507158,2.04267,1.12027,0.2767299999999999,0,0.0,-0.1,-0.78,0.1111,0.3976,0.6747,0.8272,0.83390582,1.6145970099999998,2.29282475,2.82694174,-0.5133958551200001,-0.99446051226,-0.0886414875159999,-0.25097013406,2.6696105320000028,-3.0709234250799984,0.4319960945000005,-0.7919614424800003
19,ARG,1.782,0.5314643602743812,3.2303300000000004,1.38868,0.18232,1,0.111111111111111,-1.3,-2.5,0.0,0.7346,0.9398,0.6914,0.97315441,1.8857231,2.68148597,3.31260261,-0.625607594,-1.221698289,-0.0934967292,-0.2665327605,2.356113379000001,-4.271631287000003,0.3788969182999996,-1.004443192999999
20,GLY,0.766,0.4236725663716814,1.0286499999999998,0.75004,0.29196,0,0.0,0.03,0.48,0.4556,0.0,1.0,0.5062,1.11198594,2.1536044800000003,3.05954197,3.77419158,-0.3919597661,-0.766983634,-0.05641665789,-0.1611796334,2.278494116000002,-2.3662364240000007,0.3575523080000002,-0.4888801004999999
21,GLY,0.843,0.4662610619469026,0.99828,0.74522,0.2197800000000001,0,0.0,0.03,0.48,0.4556,0.0,1.0,0.5062,1.11266181,2.15887957,3.07683783,3.81361385,-0.738854174,-1.4433162970000002,-0.1095716190999999,-0.3124057649,2.043757468000001,-4.604745432999998,0.314074947,-1.0311575345000004
22,ARG,1.534,0.4575007456009543,3.4178800000000003,1.4850900000000002,0.3339099999999999,1,0.125,-1.3,-2.5,0.0,0.7346,0.9398,0.6914,0.97342914,1.88786664,2.68851114,3.32860523,-0.6963921349,-1.3558733291999996,-0.10953968389,-0.31128127295,2.119773004,-4.991356746200002,0.3445978587999999,-1.18873482475
23,TYR,1.429,0.4193075117370892,4.12414,1.22512,0.7538799999999999,1,0.2,-0.27,0.26,0.3556,0.8063,0.502,0.1605,1.11312523,2.16251319,3.08881139,3.8410888499999993,-0.5793960437000001,-1.12861991,-0.0907641953099999,-0.25813774233,2.199972493999997,-3.770632102,0.3437640038000001,-0.8836296728999998
24,VAL,1.1,0.4517453798767967,1.88235,1.03722,0.2977799999999999,1,0.166666666666667,1.6,1.1,0.9667,0.4924,0.3655,0.1235,1.11298826,2.16141958,3.08513851,3.83244894,-0.7631544618,-1.4801655075999998,-0.12856646533,-0.36425197176,2.5521467529999997,-4.095553238199999,0.4126635982999997,-1.0386202123
25,PRO,0.947,0.4246636771300448,1.89708,1.05067,0.2323299999999999,1,0.142857142857143,-0.37,0.12,0.3222,0.3764,0.8594,0.3827,1.39215207,2.7088976700000003,3.879674800000001,4.84324601,-0.40364260834,-0.7849308259000002,-0.06541326697,-0.1858296582399999,2.39639492,-2.3448976622,0.3748083188,-0.61388536836
26,PRO,0.5,0.2242152466367713,1.7867,1.37846,0.3515399999999999,0,0.0,-0.37,0.12,0.3222,0.3764,0.8594,0.3827,1.39121701,2.70157919,3.855606050000001,4.78816277,-1.0276054529999998,-1.999187565,-0.1648660917999999,-0.4684339775,1.4125492279999996,-3.064769136,0.2355216362,-0.7736951539999998
27,HIS,1.626,0.5880650994575044,3.14293,1.00886,0.1301400000000001,0,0.0,-0.91,-0.4,0.1444,0.561,0.1124,0.679,0.97343967,1.88793565,2.68868959,3.32886272,-0.925452713,-1.7894188120000003,-0.16370314664,-0.4626721797,1.7661286989999987,-2.2206187915,0.2919673638,-0.5579171851
28,LEU,1.263,0.4751693002257336,2.43259,1.1856,0.2094,1,0.2,1.4,1.1,0.9222,0.663,0.2811,0.0,0.97353852,1.88872092,2.69131278,3.3349904,-0.9040077739,-1.7608333543000003,-0.1420241800399999,-0.4039569581999999,2.3535483419999985,-3.920157136,0.3972005402000004,-1.0100132158999997
29,ARG,2.38,0.7098121085594988,4.01657,0.7706599999999999,0.2023400000000004,1,0.25,-1.3,-2.5,0.0,0.7346,0.9398,0.6914,0.83437994,1.61829788,2.30496025,2.85460592,-0.9698183980000002,-1.887781301,-0.1536808261999999,-0.4367322168,2.432206378,-5.537874811000002,0.4107165356,-1.4398504640000007
30,GLY,0.723,0.3998893805309734,0.92485,0.8254599999999999,0.2595400000000001,1,0.2,0.03,0.48,0.4556,0.0,1.0,0.5062,0.8337648999999998,1.6134837799999997,2.28912852,2.8183750300000003,-0.497569027,-0.960502759,-0.0909047157,-0.2568209190999999,1.959686065999999,-2.523657010000001,0.3459223697,-0.7128295324000001
31,GLY,0.723,0.3998893805309734,0.89333,0.7520300000000001,0.3329699999999999,0,0.0,0.03,0.48,0.4556,0.0,1.0,0.5062,1.3920493499999995,2.70808541,3.87697397,4.83697446,-0.291669053,-0.572138768,-0.0398471983,-0.114129443,2.519925408,-4.865620714,0.3472713468000001,-0.9682742009999998
32,ASP,0.9,0.3356956359567326,2.18336,1.14435,0.6366500000000002,3,0.214285714285714,-0.1,-0.9,0.1111,0.3239,0.8675,1.0,1.2504055900000002,2.41831705,3.42736681,4.21294623,-0.1937435864,-0.378912251,-0.02799041102,-0.0798783517,2.946166710000003,-4.485052529500002,0.4600987317999997,-0.9289146092999998
33,GLY,0.746,0.4126106194690265,0.8585299999999999,0.7999800000000001,0.2620199999999999,1,0.1,0.03,0.48,0.4556,0.0,1.0,0.5062,1.25194285,2.43024983,3.4662674200000003,4.30092437,-0.1771396412,-0.345541768,-0.02713009873,-0.07727675284,2.241510147,-1.9692246800000008,0.3327880577999996,-0.4387492151000001
34,GLY,1.017,0.5624999999999999,0.94434,0.67499,0.1160100000000001,2,0.4,0.03,0.48,0.4556,0.0,1.0,0.5062,0.83395278,1.61495831,2.29399132,2.82954516,-0.4623313944999999,-0.893056113,-0.0828014134499999,-0.2337901927,2.4743107199999983,-4.0073141470000015,0.3929062958000001,-1.0040028179000002
35,ALA,0.984,0.4511691884456671,1.20131,0.87653,0.32047,3,0.3,0.77,0.62,0.7,0.1645,0.249,0.3951,0.8327548499999999,1.6056144,2.26337437,2.75982043,-0.547003074,-1.058330404,-0.0967769778,-0.2739520276,2.470714059999999,-5.01840746,0.4261657109999999,-1.2995541474999983
36,ALA,0.723,0.3314993122420908,1.16223,0.8851299999999999,0.5728700000000003,2,0.166666666666667,0.77,0.62,0.7,0.1645,0.249,0.3951,1.1116273,2.15081939,3.05045682,3.75362356,-0.501314778,-0.973721067,-0.082845536,-0.235111224,2.9821106130000032,-7.83775775,0.4996907663999998,-1.9487105940000005
37,ALA,1.052,0.4823475469967905,1.33744,0.76619,0.3628099999999999,0,0.0,0.77,0.62,0.7,0.1645,0.249,0.3951,1.11258173,2.15822134,3.0745635200000008,3.8080710399999993,-0.4173263009999999,-0.8118410139999999,-0.0676321069,-0.1923019403999999,2.745667261000001,-6.123399318000001,0.4685597738999995,-1.5346302782999997
38,ALA,1.117,0.5121503897294819,1.35469,0.73905,0.32495,0,0.0,0.77,0.62,0.7,0.1645,0.249,0.3951,0.83433969,1.61798504,2.30393988,2.85229691,-0.7947587331,-1.5364223307000002,-0.14102392345,-0.3985340632,3.335399756000004,-7.147358426999999,0.5552403563999991,-1.8196071765000008
39,ALA,1.162,0.5327831270059605,1.34306,0.71777,0.3012300000000001,0,0.0,0.77,0.62,0.7,0.1645,0.249,0.3951,0.6945193000000001,1.34237765,1.9005221800000005,2.33280831,-1.3692709420000004,-2.6619993885999995,-0.2216643288399999,-0.6292330194999999,5.693653286999982,-9.508148521000017,0.9095385155000004,-2.3709170042
40,SER,1.186,0.5450367647058822,1.51407,0.7733700000000001,0.2166300000000001,0,0.0,-0.1,-0.18,0.4111,0.1877,0.8514,0.5309,0.97339001,1.88755276,2.68745229,3.32609915,-1.8744717078,-3.6487704161,-0.29837815098,-0.8483334817999997,6.166949387,-8.618147398999993,0.9751728299000016,-2.1405053638
41,ALA,0.935,0.4287024300779459,1.3342599999999998,0.8598100000000001,0.3861899999999999,0,0.0,0.77,0.62,0.7,0.1645,0.249,0.3951,1.39177754,2.70596189,3.8700048,4.8210701,-1.5916804821800004,-3.09338165805,-0.2602831997220001,-0.7389611562350002,7.539398187000018,-7.299743562689993,1.2110163890999996,-1.8385176213300003
42,GLY,0.498,0.2754424778761062,0.83364,0.94024,0.3697600000000001,0,0.0,0.03,0.48,0.4556,0.0,1.0,0.5062,2.22722399,4.33258881,6.2022987800000005,7.738060719999998,-0.83362891796,-1.61874544393,-0.138208922864,-0.3920833085859999,7.58590406999999,-4.724324544480005,1.1496554576000009,-1.2476395327099994
43,GLY,0.497,0.2748893805309734,0.7896,0.85342,0.45758,0,0.0,0.03,0.48,0.4556,0.0,1.0,0.5062,1.94787222,3.78345001,5.401659309999999,6.71135105,-1.6175824133700003,-3.1491920097,-0.25608225721,-0.7280135040500001,5.337423229000003,-7.184763281200002,0.8858366550000003,-1.7531841187700017
44,ASP,0.992,0.3700111898545319,2.37201,0.99777,0.69123,0,0.0,-0.1,-0.9,0.1111,0.3239,0.8675,1.0,2.22708317,4.33136288,6.19784623,7.726593999999999,-1.4970581468100004,-2.9209121235500004,-0.228961245975,-0.6525170961100002,3.969483134000001,-4.854434517800003,0.6135096177000005,-1.0990875178200004
45,ASP,1.014,0.3782170831779187,2.30228,1.01037,0.65663,0,0.0,-0.1,-0.9,0.1111,0.3239,0.8675,1.0,1.5294136900000002,2.96461233,4.21813314,5.21547921,-1.95937724734,-3.78062925279,-0.3576503943789999,-1.0093308050600005,3.6901406779999992,-4.5088334263900025,0.5955966409000001,-1.1755746240600011
46,ARG,1.548,0.461676110945422,3.5264100000000003,1.41861,0.38639,0,0.0,-1.3,-2.5,0.0,0.7346,0.9398,0.6914,2.22881295,4.344865940000001,6.24213484,7.82759334,-1.8223564740999996,-3.5405991772999985,-0.30005101582,-0.8518084527,3.302385827000002,-4.292978940400001,0.4982802355999997,-0.9892550003
47,ARG,2.213,0.660005964807635,3.81724,1.02976,0.1102400000000001,1,0.0833333333333333,-1.3,-2.5,0.0,0.7346,0.9398,0.6914,1.67037126,3.24896664,4.64978662,5.797966779999999,-1.3998911727,-2.7259707756,-0.22020969868,-0.62596274504,3.652251927999994,-4.076431988600003,0.5818607284000002,-1.0283520995000004
48,GLY,0.254,0.1404867256637168,0.77751,1.14138,0.41262,1,0.0526315789473684,0.03,0.48,0.4556,0.0,1.0,0.5062,1.25009969,2.41587411,3.4191639100000004,4.19365624,-0.5989861655999997,-1.159630409,-0.1049732194,-0.2972788137999999,3.8406002089999935,-5.009999318000001,0.6868996852000013,-1.336586285200001
49,GLY,0.434,0.2400442477876106,0.86863,0.92935,0.44465,1,0.0833333333333333,0.03,0.48,0.4556,0.0,1.0,0.5062,1.11205751,2.15414785,3.0612700500000005,3.77796577,-0.7177132944999999,-1.399712565,-0.1099194357999999,-0.3129390917999999,3.340271416999998,-6.682073254999997,0.5167524743999999,-1.5576207037000014
50,ALA,1.08,0.4951856946354883,1.27183,0.8379500000000001,0.2630499999999999,0,0.0,0.77,0.62,0.7,0.1645,0.249,0.3951,0.9724324,1.88007925,2.66294955,3.270255440000001,-0.4786286584999999,-0.9336670245,-0.07369034643,-0.2100243964,5.025764947999999,-6.291451583999987,0.8154198347000002,-1.425273139699998
51,GLY,0.814,0.450221238938053,0.91095,0.7005200000000001,0.2934799999999999,0,0.0,0.03,0.48,0.4556,0.0,1.0,0.5062,0.97320677,1.88614381,2.68290525,3.31595711,-0.5128636893999999,-1.00071286,-0.07765612266,-0.221146128,5.029732130999991,-7.99055874300001,0.778065305000001,-1.8281841622000008
52,GLY,1.01,0.5586283185840708,0.97568,0.6511300000000001,0.1468699999999999,0,0.0,0.03,0.48,0.4556,0.0,1.0,0.5062,1.11202561,2.15388447,3.0603565900000005,3.77572912,-0.5630427496,-1.098623361,-0.0857978781499999,-0.2444687611,3.340676071000003,-5.814683143000002,0.5161780576999999,-1.3400080132999983
53,GLY,0.31,0.1714601769911504,0.71616,1.04865,0.4493500000000001,0,0.0,0.03,0.48,0.4556,0.0,1.0,0.5062,1.24986632,2.4140783800000003,3.4133650300000005,4.18071303,-0.7077413409999999,-1.379365031,-0.1096438655,-0.3119322973,3.847233401000004,-8.074959421999997,0.6266963096000007,-1.9968529381999995
54,GLY,0.83,0.4590707964601769,0.97535,0.76315,0.2148500000000001,0,0.0,0.03,0.48,0.4556,0.0,1.0,0.5062,1.5311481100000002,2.97805312,4.26187217,5.314163799999999,-0.5393826635999999,-1.0539511803,-0.0800514356899999,-0.2284086726999999,4.480962443999999,-5.329823623500005,0.6842839847000005,-1.2307796954000016
55,TYR,1.631,0.4785798122065728,3.80407,1.54609,0.2309099999999999,0,0.0,-0.27,0.26,0.3556,0.8063,0.502,0.1605,1.11278279,2.15981663,3.07988632,3.82048815,-0.98481165068,-1.90704326717,-0.1702576822369999,-0.481781806306,3.8467958879999946,-4.550211948279999,0.6275208979999998,-1.1994902472159992
56,ARG,2.177,0.6492693110647182,4.11093,0.76015,0.4158500000000001,1,0.142857142857143,-1.3,-2.5,0.0,0.7346,0.9398,0.6914,0.97358763,1.88908747,2.6924550500000004,3.3374112,-1.4188171340000004,-2.7636111198999997,-0.2231134118799999,-0.63464359707,4.948879861999995,-7.084540870999992,0.787021984799998,-1.6195405218200016
57,ARG,1.943,0.579481061735759,3.52554,1.27333,0.13667,2,0.153846153846154,-1.3,-2.5,0.0,0.7346,0.9398,0.6914,1.25192426,2.43009876,3.46575012,4.29967779,-1.8573026897,-3.6173820462,-0.29412987367,-0.8370479227599998,4.636280145000001,-8.546124406400004,0.7293586423000007,-1.9760650959200008
58,GLY,0.687,0.3799778761061947,1.01999,0.8111400000000001,0.3098599999999999,1,0.0714285714285714,0.03,0.48,0.4556,0.0,1.0,0.5062,1.67102716,3.25411857,4.666795169999999,5.83709606,-2.1351949508000003,-4.159588759100001,-0.3334090855200001,-0.9481707346599998,5.0289077399999975,-9.087213707000004,0.7895266999000013,-2.175378802300003
59,GLY,0.587,0.3246681415929203,0.94471,0.9311,0.2899,0,0.0,0.03,0.48,0.4556,0.0,1.0,0.5062,2.3673426500000003,4.610343650000001,6.612143089999999,8.270327649999999,-1.2089120043,-2.3478469869,-0.2013579930099999,-0.5717077375500002,4.283496999999994,-7.649064959399994,0.6644048982999995,-1.7670051665800004
60,GLY,0.33,0.1825221238938053,0.64193,0.96026,0.5177399999999999,0,0.0,0.03,0.48,0.4556,0.0,1.0,0.5062,2.08739175,4.05672976,5.797513630000001,7.2138073999999985,-1.5101125447800006,-2.925664637140001,-0.25957004606,-0.7349218878299999,3.4175914620000043,-4.465820155749999,0.5391540561999999,-1.0494635735400002
61,ASN,0.281,0.1149284253578732,1.76345,1.6152,0.5487999999999997,0,0.0,-0.1,-0.78,0.1111,0.3976,0.6747,0.8272,2.22466446,4.31249974,6.13604266,7.585856049999999,-1.4382240595500002,-2.7907269519,-0.24327499151,-0.6902815724100001,4.39963469,-4.979745767999998,0.6976816333000012,-1.2193754806599997
62,SER,0.832,0.3823529411764705,1.5200399999999998,0.99727,0.3467300000000003,0,0.0,-0.1,-0.18,0.4111,0.1877,0.8514,0.5309,1.94871525,3.79005996,5.423438460000001,6.761318809999999,-2.0461326669,-3.9993241239000015,-0.30078194513,-0.8582306101900001,4.247519802999992,-7.442790930600001,0.6263147328999987,-1.6220594117799998
63,GLY,0.973,0.5381637168141593,1.02806,0.72943,0.10557,0,0.0,0.03,0.48,0.4556,0.0,1.0,0.5062,1.81100777,3.53096892,5.074262590000001,6.365732869999999,-1.5547724629000004,-3.041542939000001,-0.2250388482499999,-0.6427458268000001,6.216405723999994,-7.864644332000001,0.8976867402000005,-1.6727112712999992
64,GLY,0.611,0.3379424778761061,0.96712,0.84586,0.3511400000000001,0,0.0,0.03,0.48,0.4556,0.0,1.0,0.5062,1.53141333,2.9801117400000003,4.26858163,5.329331989999999,-1.5434301843700002,-3.01052287795,-0.2370333317079999,-0.6752305159259999,9.351330967999983,-11.3504899075,1.4600564976999972,-2.6063789754300024
65,GLY,0.265,0.1465707964601769,0.80388,0.91362,0.6293800000000003,0,0.0,0.03,0.48,0.4556,0.0,1.0,0.5062,1.80828342,3.5096988100000006,5.0044902,6.2065944,-1.2622717424400005,-2.4510287482000006,-0.210198193455,-0.5965071452799997,9.808252202000006,-9.900059667599985,1.656230714600002,-2.522528496559998
66,GLY,0.147,0.0813053097345132,0.58031,1.05612,0.6048800000000001,0,0.0,0.03,0.48,0.4556,0.0,1.0,0.5062,2.50436819,4.864152020000001,6.944126340000001,8.62710686,-1.0590839520999995,-2.0593126015,-0.17122322298,-0.4861756473,4.472434491999999,-6.075374371000002,0.7562851247999998,-1.565282987900002
67,GLY,0.091,0.0503318584070796,0.63749,1.08904,0.6279600000000001,1,0.025,0.03,0.48,0.4556,0.0,1.0,0.5062,2.6441509500000007,5.1394613300000005,7.34655419,9.144305239999998,-1.0248039588,-1.9932198467,-0.16702275438,-0.4749593146,5.6950550839999865,-7.259043885000002,0.9111042241000014,-1.7269666033000026
68,GLY,0.69,0.3816371681415929,0.91136,0.7539899999999999,0.3640100000000001,0,0.0,0.03,0.48,0.4556,0.0,1.0,0.5062,2.22816098,4.339710419999999,6.224995740000001,7.787804649999999,-1.49664258856,-2.9203446878,-0.228131016504,-0.6500771932999999,8.885814676999999,-9.639918976799995,1.3357648608000008,-2.177366917000001
69,GLY,0.931,0.5149336283185841,0.93288,0.65946,0.2175399999999999,0,0.0,0.03,0.48,0.4556,0.0,1.0,0.5062,1.2523376900000005,2.4333372099999995,3.47640981,4.324101649999999,-1.4453148433200005,-2.802383297160001,-0.2461652164959999,-0.69766133752,13.82457639000002,-15.847544012120007,2.2029053174000066,-3.933901224640002
70,TYR,1.358,0.3984741784037559,3.57346,1.5125199999999996,0.5374800000000002,1,0.0714285714285714,-0.27,0.26,0.3556,0.8063,0.502,0.1605,1.3907396799999998,2.69789885,3.8436971,4.76150453,-1.79825330833,-3.4955854669999997,-0.29358873891,-0.8339046594999999,10.958341264,-18.005868818199975,1.7452984026000062,-4.378605953799993
71,ASP,0.773,0.2883252517717269,2.17106,1.21503,0.6929699999999999,1,0.0625,-0.1,-0.9,0.1111,0.3239,0.8675,1.0,1.5298177699999995,2.9677186000000004,4.228155050000001,5.237823479999999,-1.7384681448100003,-3.3666043445,-0.3017246216910001,-0.8542539178800002,12.016814479999969,-13.855652782700004,1.9212692653000016,-3.5501651562399985
72,ARG,1.15,0.3429764390098418,3.12319,1.6628200000000002,0.5401800000000001,1,0.111111111111111,-1.3,-2.5,0.0,0.7346,0.9398,0.6914,1.5307667599999997,2.97504015,4.25186596,5.29096424,-1.9571734057000003,-3.8032559134,-0.3219742136300001,-0.9143348865,8.48169884800001,-14.531851495800012,1.3733895265000022,-3.508341163099998
73,GLY,0.736,0.4070796460176991,0.98045,0.79522,0.27678,0,0.0,0.03,0.48,0.4556,0.0,1.0,0.5062,1.80920373,3.51686218,5.02791571,6.259808239999999,-1.8862405803600004,-3.67339330097,-0.298468748237,-0.8491423381700002,5.773119012999991,-10.566246713740007,0.9233595333000012,-2.531651368440001
74,TYR,0.986,0.289319248826291,3.10478,1.75435,0.6676499999999996,4,0.333333333333333,-0.27,0.26,0.3556,0.8063,0.502,0.1605,1.5310583000000002,2.97733402,4.25945141,5.308452000000001,-1.7173776502999998,-3.3466212833,-0.26790793317,-0.7623805346599997,6.721946446000033,-13.307753913000004,1.0237797108000022,-2.9762489799199967
75,ASN,0.905,0.3701431492842536,2.30433,1.0123,0.5276999999999998,2,0.222222222222222,-0.1,-0.78,0.1111,0.3976,0.6747,0.8272,0.83336365,1.61033853,2.27876808,2.79461329,-1.0971986,-2.127786875,-0.18636002665,-0.5282401834000001,7.8333946199999795,-13.549622682999992,1.4284442129999948,-3.586893420899992
76,ASP,1.087,0.4054457292055203,2.23916,0.9867,0.6073000000000001,1,0.125,-0.1,-0.9,0.1111,0.3239,0.8675,1.0,1.1130932,2.16225135,3.08791039,3.83890391,-1.5329640878,-3.0008766013000003,-0.21891941415,-0.62569977796,9.755865549000037,-19.26668051060001,1.4171293636999975,-4.1487301028800045
77,ASN,0.646,0.2642126789366053,2.2265,1.29556,0.5034399999999999,0,0.0,-0.1,-0.78,0.1111,0.3976,0.6747,0.8272,0.97287492,1.88352206,2.67419835,3.29577081,-1.2980613589000003,-2.5269408765000003,-0.20683893671,-0.5882242179999999,12.644621477999982,-20.06475826750001,2.043635196499998,-4.8704071979
78,ARG,1.841,0.5490605427974947,3.56548,1.4232000000000005,0.0887999999999997,1,0.2,-1.3,-2.5,0.0,0.7346,0.9398,0.6914,0.8334923299999999,1.6113446799999998,2.28207354,2.8021675,-0.7780578930000001,-1.5082391,-0.13210762491,-0.3740704446,8.659974712000006,-14.548023350999994,1.541171355400003,-3.8110469084
79,ASP,1.071,0.3994778067885117,2.1414,1.10359,0.50641,0,0.0,-0.1,-0.9,0.1111,0.3239,0.8675,1.0,0.97369155,1.88991967,2.6952598199999995,3.3440394600000003,-0.9623682426,-1.8755623027,-0.14924045137,-0.424590993,7.94384529600001,-9.368135210500004,1.1692831291999977,-2.2088823271
80,ASP,1.367,0.5098843715031705,2.39805,0.98345,0.33055,0,0.0,-0.1,-0.9,0.1111,0.3239,0.8675,1.0,0.6945459300000001,1.34258779,1.9012193200000005,2.33442258,-1.117047333,-2.175208025,-0.1755484185499999,-0.4990050983000001,6.3878808400000056,-10.58995506630002,1.1338234737999984,-2.8346622755999933
81,ARG,1.749,0.5216224276767074,3.55962,1.43022,0.17378,1,0.166666666666667,-1.3,-2.5,0.0,0.7346,0.9398,0.6914,0.6939510799999999,1.3379260199999998,1.88586727,2.29922381,-1.322131585,-2.557417082,-0.23438833685,-0.6632149776999999,5.402123172999995,-8.225148616999999,1.009117009699999,-2.375581751800005
82,ASP,0.466,0.1738157403953748,2.04576,1.35304,0.8619599999999998,1,0.111111111111111,-0.1,-0.9,0.1111,0.3239,0.8675,1.0,1.67156439,3.2583145200000003,4.68056358,5.86851059,-1.4495372909500002,-2.82596513418,-0.222706531663,-0.6336105477460001,7.086517116999985,-12.445504212000008,0.9861688118999992,-2.5262561878999987
83,ASN,0.896,0.3664621676891615,2.42478,1.2017700000000002,0.3472299999999997,2,0.153846153846154,-0.1,-0.78,0.1111,0.3976,0.6747,0.8272,1.80999918,3.52306394,5.0482281,6.3060382,-0.6066229709000001,-1.1729566982,-0.10770718355,-0.3045451822000001,7.378682968999995,-6.245535354000017,1.2074461931999974,-1.7765797140000006
84,ARG,1.87,0.5577095138681778,3.66455,1.28928,0.1937200000000001,1,0.0909090909090909,-1.3,-2.5,0.0,0.7346,0.9398,0.6914,1.80995406,3.52271773,5.04711361,6.30356112,-0.4732622345,-0.9228082621,-0.07351710602,-0.2094714732,7.115203627000001,-10.83315082900003,1.0794013523999997,-2.3971863902499977
85,GLY,0.053,0.0293141592920353,0.57247,1.06802,0.6869800000000001,1,0.0416666666666667,0.03,0.48,0.4556,0.0,1.0,0.5062,1.66719754,3.224311150000001,4.56933488,5.61577402,-0.48070438295,-0.9349335043,-0.077029350568,-0.21868234644,6.677541049999995,-7.23770052490001,1.0516390367000004,-1.5347118168600018
86,GLY,0.098,0.0542035398230088,0.7306999999999999,1.03677,0.67323,2,0.0555555555555556,0.03,0.48,0.4556,0.0,1.0,0.5062,1.9441435700000005,3.75460673,5.307958320000001,6.50041525,-0.5619287393600001,-1.0998768224400002,-0.080539638337,-0.23019565893,7.007878252999975,-9.557732634099995,0.9717844037000006,-1.9349811361000029
87,SER,0.887,0.4076286764705882,1.40463,1.04121,0.2477900000000001,0,0.0,-0.1,-0.18,0.4111,0.1877,0.8514,0.5309,1.5299217200000002,2.96845427,4.23030583,5.2419271,-0.3730891061599999,-0.7235568928399999,-0.0634457936999999,-0.17988230991,6.912521995999986,-4.229552253280007,1.1016408745999993,-1.0614616931200005
88,GLY,0.972,0.5376106194690266,1.03073,0.6028500000000001,0.2331499999999999,0,0.0,0.03,0.48,0.4556,0.0,1.0,0.5062,1.3919847900000002,2.70758012,3.87531218,4.8331704,-0.8154247730499999,-1.5917911136700005,-0.123112980363,-0.350917414686,6.449987017999997,-10.130798177999992,0.9550420671999998,-2.226446257359997
89,GLY,0.51,0.2820796460176991,0.8188500000000001,0.9121,0.3859,0,0.0,0.03,0.48,0.4556,0.0,1.0,0.5062,1.3879737600000002,2.67639494,3.77346605,4.60225538,-0.8463008207000001,-1.6397162227000004,-0.14617243956,-0.4141355731,6.430054745000003,-10.855980739500012,1.1227324293999976,-2.7500602693
90,TYR,1.951,0.5724765258215962,3.82089,1.18927,0.2677299999999998,0,0.0,-0.27,0.26,0.3556,0.8063,0.502,0.1605,1.25090007,2.42210894,3.43956692,4.24004088,-0.97560719423,-1.89047060456,-0.1681254395019999,-0.476363020576,6.042104896999993,-12.54348989029998,1.0206243425000006,-3.1527574095800017
91,GLY,0.672,0.3716814159292035,0.85792,0.7729400000000001,0.36306,2,0.125,0.03,0.48,0.4556,0.0,1.0,0.5062,1.5296969,2.96676678,4.22500649,5.230564799999999,-0.7253462363999997,-1.4074088056000005,-0.1212772504599999,-0.34371646953,6.956004651999972,-12.986271348499985,1.064727051500001,-3.0261229710000013
92,ARG,1.587,0.4733074858335818,3.1547300000000003,1.48795,0.2780500000000001,4,0.210526315789474,-1.3,-2.5,0.0,0.7346,0.9398,0.6914,1.8077953200000003,3.5059730500000006,4.99256121,6.18028002,-0.5721851733600001,-1.1172157132999998,-0.0861034332979999,-0.24550561113,7.109246568000017,-13.72069927469999,1.133792102900003,-3.075083313190006
93,ASP,0.741,0.2763894069377098,2.24656,1.12083,0.81917,5,0.25,-0.1,-0.9,0.1111,0.3239,0.8675,1.0,1.8077421,3.5055377400000003,4.99106525,6.176659720000001,-0.3233062443,-0.6298469106,-0.0509792737199999,-0.14511025725,7.094448355999979,-6.777044895600004,1.2528524072999987,-1.6475498491500014
94,ARG,2.309,0.688637041455413,4.14045,1.00253,0.0414700000000001,1,0.142857142857143,-1.3,-2.5,0.0,0.7346,0.9398,0.6914,1.25249307,2.43456783,3.48050774,4.333636019999999,-1.1701181580999995,-2.26726983725,-0.2001472901899999,-0.56657862705,8.418639157999987,-13.064987337000025,1.2198098815999978,-2.760097651099989
95,ASN,0.704,0.2879345603271984,2.04643,1.2670100000000002,0.4739899999999997,3,0.333333333333333,-0.1,-0.78,0.1111,0.3976,0.6747,0.8272,1.5313611400000002,2.9797496,4.26755403,5.32748274,-1.2574685274480002,-2.45225806619,-0.1935534529954999,-0.551229113994,8.216717134000028,-17.138048755020005,1.2335197017000028,-3.946785827791999
96,TYR,0.8,0.2347417840375587,3.25465,1.90648,0.7015199999999995,3,0.375,-0.27,0.26,0.3556,0.8063,0.502,0.1605,1.5308787199999998,2.97594709,4.254956750000001,5.298371459999999,-1.47007807802,-2.86590260735,-0.22838860729,-0.650390303215,6.429936681999991,-13.46804156360001,1.121037968199998,-3.442541750299996
97,GLU,1.3,0.4765395894428152,2.78033,0.98386,0.4441400000000002,1,0.166666666666667,-0.1,-0.74,0.1111,0.4884,0.8112,0.9136,1.1130338,2.16180011,3.08647293,3.83575617,-1.7246173361399997,-3.347352575930001,-0.286155545705,-0.8109498874600002,6.514925977999972,-11.684945051000009,1.0667165939000016,-3.031469167000005
98,ASP,0.855,0.3189108541588959,2.11143,1.28067,0.5453300000000001,1,0.125,-0.1,-0.9,0.1111,0.3239,0.8675,1.0,1.53144055,2.98034071,4.26939251,5.33136548,-1.7444054440000003,-3.3985300205,-0.273261964556,-0.7774820727199998,9.277864076999968,-11.074306633999983,1.4024826183000043,-2.587904350440001
99,ARG,0.839,0.2502236802863107,3.24967,1.95805,0.5559500000000004,1,0.125,-1.3,-2.5,0.0,0.7346,0.9398,0.6914,1.67084489,3.25270174,4.66217027,5.82661573,-2.5335577381,-4.9422186877000005,-0.38692670989,-1.1019195271500002,7.661078915000006,-8.382212700600004,1.1965725689000033,-2.1005703348
100,GLY,0.221,0.1222345132743362,0.73886,1.10192,0.4850799999999999,0,0.0,0.03,0.48,0.4556,0.0,1.0,0.5062,1.6686041,3.2352848100000005,4.60530043,5.697703739999999,-2.5307732657999997,-4.902872130300003,-0.4360832420499998,-1.2348737787199997,7.3809292599999825,-8.699484456900004,1.1952327610000009,-2.284594188020001
101,TYR,1.114,0.3268779342723005,3.74592,1.6172400000000002,0.6767599999999994,0,0.0,-0.27,0.26,0.3556,0.8063,0.502,0.1605,1.8088679,3.51423664,5.01929288,6.24011134,-2.6351468904,-5.123475324899999,-0.4300183659499999,-1.22194099314,6.8300372019999935,-10.796166606900004,1.1213397229999982,-2.648516422980003
102,ASN,0.988,0.4040899795501023,2.20432,1.22048,0.2365199999999998,0,0.0,-0.1,-0.78,0.1111,0.3976,0.6747,0.8272,2.09020649,4.07872308,5.869715520000001,7.37865393,-2.3855092608600006,-4.6719186416,-0.33686755175,-0.96311718152,8.693622560999978,-12.841758536199986,1.2664562219999993,-2.746400074800006
103,GLY,0.219,0.1211283185840707,0.7342400000000001,1.01557,0.5734299999999999,0,0.0,0.03,0.48,0.4556,0.0,1.0,0.5062,1.39201634,2.70783861,3.87620383,4.83533924,-1.4903405797999998,-2.8935186457100004,-0.2471131684579999,-0.70078501989,12.959182267999958,-14.976883549699975,2.0654836006999973,-4.0073141940490125
104,GLY,1.01,0.5586283185840708,0.95196,0.7102,0.0877999999999999,0,0.0,0.03,0.48,0.4556,0.0,1.0,0.5062,1.3919532200000002,2.70732134,3.87441774,4.83099058,-1.2958178251,-2.525031130800001,-0.2027825113,-0.5771619307999998,10.92186124899998,-15.686853020000008,1.7136599428000037,-3.707793529499993
105,GLY,0.641,0.3545353982300885,0.91713,0.84423,0.32277,0,0.0,0.03,0.48,0.4556,0.0,1.0,0.5062,1.53046539,2.97272318,4.24439325,5.27431623,-1.2918184096,-2.5156017715,-0.20456827152,-0.58194327776,12.210610654000016,-19.780728635400003,1.9818208805000035,-4.724834726079998
106,GLY,0.725,0.4009955752212389,0.8991899999999999,0.7764000000000001,0.3066000000000001,0,0.0,0.03,0.48,0.4556,0.0,1.0,0.5062,1.66926573,3.2404179499999994,4.6220276700000005,5.73551956,-1.1314185897000002,-2.2054715785,-0.17514355033,-0.4984713221999999,13.065804391000016,-19.45019505460002,2.184881460399998,-4.716141940000001
107,GLY,0.367,0.2029867256637168,0.74351,0.94012,0.50088,0,0.0,0.03,0.48,0.4556,0.0,1.0,0.5062,2.0870647700000005,4.05421705,5.789411350000001,7.19575661,-0.8864050133399999,-1.7313365301,-0.13155848396,-0.37499763103,9.238471398,-9.369793135200014,1.3939166018999989,-2.151126221800001
108,GLY,0.087,0.0481194690265486,0.66378,1.08478,0.63622,0,0.0,0.03,0.48,0.4556,0.0,1.0,0.5062,1.8070086,3.49974899,4.97187377,6.1322847,-1.2057545800300005,-2.3414592788600004,-0.2002570281899999,-0.56829467559,11.188343168000008,-14.428243458239994,1.8343876057999973,-3.5962754932399994
109,GLY,0.528,0.2920353982300885,0.71485,0.90531,0.3746900000000001,0,0.0,0.03,0.48,0.4556,0.0,1.0,0.5062,1.38967317,2.6895986,3.81655681,4.69986309,-1.3613285896,-2.6406627279999992,-0.229868153104,-0.651612608,12.634270514000008,-20.67467568570002,2.116705484900004,-5.214607705499996
110,ASN,1.122,0.4588957055214724,2.18945,1.09488,0.2281199999999996,1,0.0909090909090909,-0.1,-0.78,0.1111,0.3976,0.6747,0.8272,1.11186726,2.1526558,3.0563537400000005,3.76668578,-1.3023207515000002,-2.5209728547,-0.2281959455199999,-0.6460698388699999,13.760480382000065,-21.458328383000016,2.4069617597000184,-5.680245765299991
111,ARG,1.196,0.3566954965702356,3.11646,1.79989,0.35711,1,0.0555555555555556,-1.3,-2.5,0.0,0.7346,0.9398,0.6914,1.52995279,2.96873929,4.23138912,5.244853279999999,-1.103267851227,-2.139890945104,-0.1872202379139999,-0.5308793278830002,12.765538181999943,-10.971905329911984,2.0277088294000003,-2.8536014326490013
112,GLY,0.642,0.3550884955752212,0.91527,0.81745,0.3485499999999999,1,0.0666666666666667,0.03,0.48,0.4556,0.0,1.0,0.5062,1.39012572,2.69309095,3.82787193,4.72524007,-1.0405544797800002,-2.01805944583,-0.1760373409739999,-0.49889738065,11.019783751000055,-6.626563684129984,1.8987749291000056,-1.8125244671
113,TYR,1.65,0.4841549295774647,3.85809,1.4021100000000002,0.3558899999999998,1,0.2,-0.27,0.26,0.3556,0.8063,0.502,0.1605,1.1132065800000002,2.16313187,3.09078188,3.84540035,-1.4340308822,-2.7909349695,-0.22749108226,-0.6462848798999999,10.062029583999996,-12.36894279160001,1.534667314900002,-2.843603530899997
114,ASN,1.105,0.4519427402862986,2.34418,1.0376,0.3023999999999998,1,0.125,-0.1,-0.78,0.1111,0.3976,0.6747,0.8272,1.25229929,2.4330387,3.47543519,4.32189341,-1.4018454138999998,-2.730598127300001,-0.2202922898999999,-0.6266437317500001,8.532559191,-13.023863458999992,1.2731228718999963,-2.9720718953000045
115,ASN,1.41,0.5766871165644172,2.50654,0.87493,0.1600699999999999,1,0.1,-0.1,-0.78,0.1111,0.3976,0.6747,0.8272,1.2515345,2.4270885,3.4559926,4.27778484,-1.5287351203,-2.9845612224000004,-0.230038252,-0.6557165359999999,8.016432781000008,-16.855409445999978,1.2409132943000016,-3.845298288400001
116,ASN,1.026,0.4196319018404908,2.15725,1.14876,0.2702399999999998,0,0.0,-0.1,-0.78,0.1111,0.3976,0.6747,0.8272,0.8333482300000001,1.61023533,2.2784898,2.7941647400000003,-1.07184298918,-2.0855296716,-0.1716196794599999,-0.4877236071199999,8.166093419999969,-17.664601110999975,1.323721446499998,-4.116168473099999
117,ARG,2.245,0.669549657023561,3.85953,0.92562,0.18238,0,0.0,-1.3,-2.5,0.0,0.7346,0.9398,0.6914,0.97360091,1.88922182,2.69300468,3.3390008,-1.05645657,-2.062910938999999,-0.1573897733999999,-0.4484369192,10.106302439999952,-20.526957327999988,1.4947026082000003,-4.413586867800007
118,GLY,0.08,0.0442477876106194,0.7859099999999999,1.11275,0.6152500000000001,0,0.0,0.03,0.48,0.4556,0.0,1.0,0.5062,1.3905560900000002,2.6964186100000003,3.83867751,4.74955128,-1.1811645129,-2.2993274636,-0.18855221711,-0.5362887557,12.609465471000034,-17.7003456,2.0030947656999984,-4.265507767399986
119,GLY,0.529,0.2925884955752212,0.7332299999999999,0.8829899999999999,0.39601,0,0.0,0.03,0.48,0.4556,0.0,1.0,0.5062,1.80914943,3.5164061600000007,5.02630789,6.25579733,-1.3051040969000005,-2.5344089971000003,-0.2162577216099999,-0.6135260297,9.770647691999988,-12.044749112200032,1.6319002854000118,-3.202852167500005
120,GLY,0.504,0.2787610619469026,0.87208,0.95009,0.35391,0,0.0,0.03,0.48,0.4556,0.0,1.0,0.5062,2.3689434700000005,4.62286535,6.65329525,8.36441996,-1.1137107854,-2.1685773017000005,-0.1749608325199999,-0.49719684629,10.577123506999966,-8.648698095900006,1.5800129897999955,-2.089192060300003
121,GLY,0.311,0.1720132743362832,0.9425,1.00412,0.4928800000000002,0,0.0,0.03,0.48,0.4556,0.0,1.0,0.5062,2.2276969200000005,4.33609787,6.21318487,7.76098924,-1.5460605628299997,-2.9995607707200005,-0.2604006466489998,-0.7383017514560001,7.187510983999988,-7.112973259480001,1.1470608511999998,-1.8046499140879984
122,GLY,0.027,0.014933628318584,0.73277,1.08659,0.6944100000000002,0,0.0,0.03,0.48,0.4556,0.0,1.0,0.5062,2.08741344,4.05698903,5.79866992,7.217372539999999,-1.8472263069,-3.579437975200001,-0.3167903535699999,-0.8971102354800002,7.769270167999991,-9.972108116599983,1.2966086104000003,-2.7082081124599995
123,GLY,0.44,0.243362831858407,0.88464,0.94551,0.42249,0,0.0,0.03,0.48,0.4556,0.0,1.0,0.5062,2.22878829,4.34466084,6.24142254,7.825850039999999,-2.0453227278,-3.9904652973999992,-0.3108615124000001,-0.8853509517000003,10.10255951199998,-12.9119274262,1.5340767010999958,-2.976765170699999
124,TYR,1.664,0.488262910798122,4.17275,1.31726,0.4267399999999999,1,0.142857142857143,-0.27,0.26,0.3556,0.8063,0.502,0.1605,1.81144173,3.53437069,5.08546802,6.39143349,-2.3791839723999995,-4.6481927786,-0.3524621349400001,-1.0051300988499996,11.68108747600001,-18.54952402599996,1.715611819,-4.048997718499989
125,ASN,1.059,0.4331288343558282,2.32834,1.23914,0.14686,1,0.125,-0.1,-0.78,0.1111,0.3976,0.6747,0.8272,1.2523350700000002,2.43332913,3.47642701,4.32427654,-0.8086809355000002,-1.5571393457000005,-0.1526248886299999,-0.4302509119,9.21473928200001,-13.595673903999993,1.5861399201999948,-3.820026341700006
126,ARG,2.102,0.6269012824336414,3.70652,1.13609,0.1149100000000002,2,0.2,-1.3,-2.5,0.0,0.7346,0.9398,0.6914,1.39243077,2.71108335,3.88687812,4.85977955,-0.7791205501,-1.5203913625000005,-0.11784263535,-0.3356460199399999,7.160130866000018,-13.864623932300011,1.0353372630999975,-2.983324270250004
127,GLN,1.259,0.4379130434782608,2.60223,1.1217,0.4942999999999999,2,0.333333333333333,-0.1,-0.85,0.1111,0.5388,0.7952,0.6914,0.97308503,1.88519874,2.6798257,3.3089981500000003,-0.5493395715999999,-1.0706800054000003,-0.08540805102,-0.2430891712,5.539068394999993,-12.910314887800023,0.8683313228999996,-2.9397875211999964
128,ASP,1.57,0.5856023871689668,2.40497,0.77248,0.3385199999999999,0,0.0,-0.1,-0.9,0.1111,0.3239,0.8675,1.0,0.8342247100000001,1.61708072,2.30095012,2.84540606,-0.4619527025,-0.899068459,-0.07309062924,-0.2076004289,4.911248179000001,-11.925081954999968,0.7625214932999974,-2.792913571899996
129,ARG,1.524,0.4545183417834774,3.47045,1.61881,0.2101900000000001,1,0.125,-1.3,-2.5,0.0,0.7346,0.9398,0.6914,0.97261232,1.88149343,2.6676214500000004,3.28101175,-0.4726305907999999,-0.922923837,-0.0711294195,-0.2028759986,5.581509585999999,-13.056363408000008,0.8562344160000003,-2.891203846300001
130,GLY,0.945,0.5226769911504424,0.99348,0.62746,0.23554,0,0.0,0.03,0.48,0.4556,0.0,1.0,0.5062,0.8341321399999999,1.61635449,2.29855616,2.83990934,-0.483946936,-0.940096368,-0.0792590297,-0.2247937015,4.909410643000005,-10.270845902000008,0.7765137264999985,-2.3232807732
131,ASP,0.861,0.3211488250652741,2.12749,1.18998,0.63002,0,0.0,-0.1,-0.9,0.1111,0.3239,0.8675,1.0,1.11327408,2.16367232,3.09260173,3.84969629,-0.4192256523,-0.8183155188,-0.06308233845,-0.1797122449499999,6.294407107999984,-9.4417691063,0.910988932200002,-2.050371500600001
132,GLY,0.452,0.25,0.89655,0.8822800000000001,0.47372,0,0.0,0.03,0.48,0.4556,0.0,1.0,0.5062,0.97313227,1.88555025,2.68091713,3.31129726,-0.4419926747999999,-0.8581218545,-0.0738691326599999,-0.2096409839499999,6.322984045999989,-9.015163417999998,1.0102443481999976,-2.1995054353999994
133,GLY,1.161,0.6421460176991151,0.91112,0.66408,-0.0170799999999999,0,0.0,0.03,0.48,0.4556,0.0,1.0,0.5062,0.6944607899999999,1.34191869,1.8990076,2.32932587,-0.8220402256999999,-1.5895142408,-0.1447129902999999,-0.4088400289699999,6.712777625999981,-12.484498842999995,1.089711200299997,-3.084308969550001
134,SER,0.612,0.28125,1.53873,1.22124,0.3427599999999999,0,0.0,-0.1,-0.18,0.4111,0.1877,0.8514,0.5309,1.25216417,2.43199697,3.4720652600000004,4.31435321,-0.8782331306000002,-1.7141091373999997,-0.13243368143,-0.377289982,9.24509628800003,-16.60285402759997,1.3313149517999967,-3.5219060470999977
135,SER,1.345,0.6181066176470588,1.67648,0.72581,0.1051900000000002,0,0.0,-0.1,-0.18,0.4111,0.1877,0.8514,0.5309,1.1132735,2.16365467,3.09249808,3.84931822,-1.0872238894999997,-2.117775667,-0.16903944,-0.4803767592999999,11.669609378999924,-18.295106307999983,1.7927401920999992,-4.136822449599996
136,ASN,1.185,0.4846625766871166,2.37195,1.13583,0.1241699999999998,0,0.0,-0.1,-0.78,0.1111,0.3976,0.6747,0.8272,1.5319566,2.98437741,4.282660320000001,5.361706519999999,-1.2775721754999996,-2.4979263080000007,-0.1868014176499999,-0.53321843449,13.259463465999984,-14.572554557000004,1.9124672551999875,-3.066100544950005
137,PHE,1.843,0.592795110968157,2.7904,0.97891,0.28709,0,0.0,1.1,1.2,0.8111,0.783,0.0763,0.037,1.1123479200000002,2.15643687,3.06885333,3.79548855,-1.3107145339,-2.5445692913,-0.2171338283799999,-0.61557521047,12.59351177799996,-16.494139979999936,2.114393537999995,-4.052762498100004
138,SER,0.772,0.3547794117647058,1.56512,1.0348000000000002,0.3692,0,0.0,-0.1,-0.18,0.4111,0.1877,0.8514,0.5309,1.67062409,3.25095733,4.6563764,5.81318165,-1.5121341179000003,-2.9516023674000005,-0.2290757000299999,-0.6530182382899999,12.143121732000006,-16.229904249,1.876939191900005,-3.701716718249994
139,ARG,1.07,0.3191172084700268,3.21941,1.81414,0.4688600000000003,0,0.0,-1.3,-2.5,0.0,0.7346,0.9398,0.6914,1.8095414400000005,3.51950304,5.03659212,6.27963626,-2.0434647287,-3.991910700300001,-0.3050938294299999,-0.8704132880000001,13.997776606999942,-21.91510136600001,2.099642842300001,-4.82347087900001
140,GLY,0.883,0.4883849557522123,1.03901,0.7674699999999999,0.1575300000000001,0,0.0,0.03,0.48,0.4556,0.0,1.0,0.5062,1.39210016,2.70848894,3.87832199,4.840123009999999,-1.7918324943000006,-3.4954881544999994,-0.27248085195,-0.7757695931000002,12.884596132000055,-18.593810079799976,2.026445832300009,-4.366702389159998
141,GLY,0.789,0.4363938053097345,1.00875,0.79147,0.2275300000000001,0,0.0,0.03,0.48,0.4556,0.0,1.0,0.5062,1.53174717,2.98273169,4.2772233,5.349187639999999,-1.5591535804000007,-3.0411140469999998,-0.2393156665799999,-0.68165303663,13.566370711999951,-18.82605949530004,2.0238172069999965,-4.2517608137000025
142,TYR,0.792,0.2323943661971831,3.40207,1.84292,0.7730799999999998,0,0.0,-0.27,0.26,0.3556,0.8063,0.502,0.1605,1.6695866700000002,3.2428536400000008,4.62978278,5.75249664,-1.59377583805,-3.0960796335,-0.26424429619,-0.7504135810350001,13.353129638000055,-19.38264034420001,2.137814026800005,-4.726855013249998
143,ASN,1.125,0.4601226993865031,2.11826,1.15042,0.1695799999999998,1,0.125,-0.1,-0.78,0.1111,0.3976,0.6747,0.8272,1.53149793,2.98077901,4.270796000000001,5.33446162,-1.2615502032299997,-2.4623140783,-0.1909675525499999,-0.5442182886400001,11.985452203999971,-12.976594982499993,1.852361152600006,-3.0564820368800047
144,ASN,0.709,0.2899795501022495,1.9831,1.3462199999999998,0.38978,2,0.181818181818182,-0.1,-0.78,0.1111,0.3976,0.6747,0.8272,1.39129796,2.70222438,3.85776765,4.7932299700000005,-1.2818695864,-2.4987655098,-0.1990354165599999,-0.5666351930999999,8.575779371999998,-10.525511923799993,1.2502239177,-2.3519321663999984
145,ARG,1.847,0.5508499850879809,3.67336,1.19884,0.3071600000000003,2,0.5,-1.3,-2.5,0.0,0.7346,0.9398,0.6914,0.83366149,1.61269154,2.28658248,2.81273097,-0.8106266404,-1.5719363810999991,-0.13750141388,-0.38967203654,8.24280935400001,-7.682253036199992,1.350172091999997,-2.0038701921000013
146,ASP,1.604,0.59828422230511,2.50629,0.71257,0.3644299999999999,1,0.2,-0.1,-0.9,0.1111,0.3239,0.8675,1.0,0.69394212,1.3378742,1.88576071,2.29917549,-0.9370684710000002,-1.810738982,-0.1678719471999999,-0.4744119888,6.739736113999977,-12.199430006000014,1.2032737459999954,-3.317739366000003
147,GLU,1.191,0.4365835777126099,2.57061,1.29064,0.2463600000000001,1,0.0909090909090909,-0.1,-0.74,0.1111,0.4884,0.8112,0.9136,1.39160414,2.70461265,3.8655934100000007,4.81105302,-0.9980879853000002,-1.9476236343,-0.15219982559,-0.4337713605000001,10.621037150999973,-5.876618169500011,1.556125165500006,-1.3536709378799998
148,GLY,0.768,0.4247787610619469,1.01812,0.7513,0.2887,0,0.0,0.03,0.48,0.4556,0.0,1.0,0.5062,1.3925296,2.7118474799999994,3.88935728,4.86534697,-1.4374237685600002,-2.80626752497,-0.216077992802,-0.6157876680500001,12.03946218000002,-14.461985991090016,1.7315261168999991,-3.0237722277499994
149,SER,1.095,0.5032169117647058,1.6811,0.73348,0.3475200000000001,0,0.0,-0.1,-0.18,0.4111,0.1877,0.8514,0.5309,1.2530246100000002,2.43872177,3.49414599,4.364777929999999,-1.6144739015000005,-3.1409217209000007,-0.2571926241799999,-0.7302414584600002,10.103513118000013,-18.938224981100014,1.5175235139000012,-4.242979223500002
150,ASP,1.396,0.5207012308839984,2.5769,0.8189999999999998,0.4660000000000003,0,0.0,-0.1,-0.9,0.1111,0.3239,0.8675,1.0,1.25266232,2.43587801,3.48476555,4.34322409,-0.6656109238,-1.2896191134,-0.11414802634,-0.32314270803,3.5269024819999992,-6.868532793000002,0.6268125186999998,-1.8863922690399983
151,ASN,1.638,0.6699386503067485,2.56167,0.69949,0.10751,0,0.0,-0.1,-0.78,0.1111,0.3976,0.6747,0.8272,0.83404372,1.6156606,2.29626702,2.83464751,-0.397992209,-0.768394293,-0.0723265313,-0.2042919057,4.544871648999994,-6.349679161599994,0.8142179122000002,-1.7528676969000023
152,ARG,2.044,0.6096033402922756,3.80936,1.17591,0.1330900000000001,1,0.166666666666667,-1.3,-2.5,0.0,0.7346,0.9398,0.6914,0.97281125,1.88304674,2.67271697,3.29263441,-0.50734854,-0.993195912,-0.0723765479999999,-0.2068691055,3.3034931390000017,-6.082829068000008,0.4908632092000002,-1.3388352001999988
153,GLY,0.946,0.5232300884955752,0.9753,0.64447,0.2175300000000001,0,0.0,0.03,0.48,0.4556,0.0,1.0,0.5062,0.69459885,1.34299602,1.90253943,2.33737311,-0.4652026628,-0.9027548488,-0.07791400482,-0.220898532,4.434494574999998,-9.667415299200004,0.7320121529999993,-2.3530320960000006
154,SER,1.045,0.4802389705882352,1.57942,0.8089700000000001,0.3220300000000001,1,0.25,-0.1,-0.18,0.4111,0.1877,0.8514,0.5309,0.8339717600000001,1.61511292,2.29452055,2.83081935,-0.498373619,-0.967444759,-0.0827616538,-0.234635839,3.260198865000002,-6.870355858000002,0.5119954234999999,-1.650346805
155,GLY,0.465,0.2571902654867257,1.01267,0.87889,0.46411,1,0.142857142857143,0.03,0.48,0.4556,0.0,1.0,0.5062,1.11260406,2.15840012,3.0751653,3.80949046,-0.27671551,-0.5380629004,-0.04457081528,-0.126510217,2.8305152360000023,-1.988136084000003,0.4327802205,-0.4274476544999996
156,ARG,1.759,0.5246048314941842,3.4857,1.44914,0.1448600000000002,0,0.0,-1.3,-2.5,0.0,0.7346,0.9398,0.6914,1.11318568,2.16297848,3.09031334,3.84443741,-0.6317641666999999,-1.2307861904,-0.09841998593,-0.27985092817,2.9459687760000004,-2.310249153,0.4620323889000006,-0.5316083308600003
157,SER,1.457,0.6695772058823529,1.6377000000000002,0.5871,0.1319000000000001,0,0.0,-0.1,-0.18,0.4111,0.1877,0.8514,0.5309,0.97397871,1.89216858,2.70266085,3.36099253,-1.0369538428,-2.0149269892,-0.16941660067,-0.48072778546,2.6385942800000013,-4.003352482200002,0.3553800082999998,-0.8070598497999996
158,TYR,0.841,0.2467723004694835,3.33436,1.85155,0.7154500000000001,1,0.142857142857143,-0.27,0.26,0.3556,0.8063,0.502,0.1605,1.11259894,2.15837567,3.07513912,3.8095974,-0.7908050388,-1.5291669556999998,-0.13991745078,-0.3955235904999999,2.8218965120000004,-3.369981353999997,0.4960734700000002,-0.9632714625999996
159,ASN,1.22,0.4989775051124744,2.24527,0.99337,0.2316299999999997,1,0.25,-0.1,-0.78,0.1111,0.3976,0.6747,0.8272,1.5319914900000002,2.98463809,4.28347311,5.36342964,-0.2438063445,-0.4742775764999999,-0.0389953188,-0.1107342842999999,1.886818848999999,-0.6534041501999992,0.2900538376999997,-0.1493966982000001
160,ASN,0.399,0.1631901840490797,1.8019,1.5158,0.5301999999999998,2,0.181818181818182,-0.1,-0.78,0.1111,0.3976,0.6747,0.8272,1.2503895000000005,2.41809227,3.42628681,4.20943417,-0.3305847347,-0.6379087489,-0.06046561739,-0.17069109154,1.7206849079999995,-2.574753522499997,0.3329310979000001,-0.7763553533900005
161,ASP,1.338,0.4990675121223424,2.4234,0.8278900000000001,0.5151099999999998,1,0.166666666666667,-0.1,-0.9,0.1111,0.3239,0.8675,1.0,1.11290034,2.16072891,3.08285778,3.8271993,-0.5946521941,-1.1579082123,-0.093347192224,-0.2652801641999999,3.855593346000002,-7.337434349999996,0.5524665487999997,-1.586972262400001
162,ARG,2.039,0.6081121383835372,3.81053,0.97688,0.33712,3,0.333333333333333,-1.3,-2.5,0.0,0.7346,0.9398,0.6914,0.9725957,1.88135653,2.6671478900000003,3.27985694,-0.4738554627,-0.9243007236,-0.07261813643,-0.2068520203,2.313251988999998,-4.1659008116,0.4004750455000002,-1.0164118029999996
163,ARG,2.625,0.7828810020876826,3.92139,0.7804100000000002,-0.0524099999999999,3,0.333333333333333,-1.3,-2.5,0.0,0.7346,0.9398,0.6914,0.97282351,1.88313862,2.67300496,3.29324957,-0.4409495675,-0.8602011497000001,-0.0671309600199999,-0.1911534590999999,2.3171676600000004,-3.171769748799999,0.3712931635,-0.7415522222400007
164,ASP,1.315,0.4904886236478925,2.48305,0.8401099999999999,0.5258900000000002,1,0.125,-0.1,-0.9,0.1111,0.3239,0.8675,1.0,1.11192645,2.15310922,3.05780989,3.76991054,-0.3113306519,-0.6075274102000001,-0.04776051644,-0.1361998308999999,2.0837025400000004,-1.4281225039000014,0.3175107302999999,-0.3110479265000004
165,ASN,1.233,0.5042944785276074,2.33555,0.94484,0.2671599999999996,3,0.230769230769231,-0.1,-0.78,0.1111,0.3976,0.6747,0.8272,1.11186435,2.15263525,3.056293040000001,3.76656752,-0.459832343,-0.8907755850000001,-0.0789751074999999,-0.2235185034,2.082667501999998,-3.631617795000003,0.3235350078999997,-0.8120064065999998
166,GLY,0.383,0.2118362831858407,0.8853300000000001,0.89592,0.52908,0,0.0,0.03,0.48,0.4556,0.0,1.0,0.5062,1.53124348,2.97878598,4.264235940000001,5.31943085,-0.2640203721,-0.5126422673000001,-0.04328047257,-0.12261985526,1.72872414,-3.6510479710000014,0.2676705872000001,-0.8241177688000001
167,GLY,0.214,0.118362831858407,0.65226,1.09525,0.49875,1,0.0769230769230769,0.03,0.48,0.4556,0.0,1.0,0.5062,1.39192143,2.70707217,3.873598330000001,4.82911394,-0.6202039928,-1.2085104849,-0.09628357173,-0.2738257514,2.791898039999998,-4.234817845299999,0.4147623507999998,-0.8900856977999988
168,ASP,1.438,0.536367027228646,2.55668,0.7819999999999999,0.4610000000000002,1,0.2,-0.1,-0.9,0.1111,0.3239,0.8675,1.0,0.55508705,1.06980931,1.5071014,1.83620526,-0.5207066719,-1.005242737,-0.0946783213499999,-0.2673924134,1.371171525999999,-1.2546107780000004,0.2464003632,-0.3289371960999999
169,GLY,1.505,0.8324115044247786,1.65902,0.4065899999999999,-0.1035899999999998,0,0.0,0.03,0.48,0.4556,0.0,1.0,0.5062,0.41698362,0.80752709,1.14712251,1.41496827,-0.3470040901,-0.6771440690000001,-0.05303933496,-0.1512000583,1.5710180439999988,-0.6315920994999998,0.2510163508,-0.1726858031
