2,MET,2.436,0.8169014084507041,2.99192,0.48732,0.0586800000000002,0,0.0,0.8,0.64,0.7111,0.6196,0.0,0.0988,0.2774006599999999,0.53378517,0.74986435,0.90965158,-0.244580804,-0.47353162,-0.042811757,-0.121241053,0.9015515919999996,-2.699123900000001,0.1593513559999999,-0.6937675439999998
3,GLU,1.823,0.6682551319648093,2.93496,0.8603500000000001,0.0446500000000001,0,0.0,-0.1,-0.74,0.1111,0.4884,0.8112,0.9136,0.4156739299999999,0.79739407,1.11419634,1.3408208,-0.2759456489999999,-0.532170464,-0.0508162126,-0.143368138,1.056640986,-2.927669886000001,0.1987847619000002,-0.8222282849999999
4,SER,1.11,0.5101102941176471,1.65372,0.8524799999999999,0.2135200000000001,0,0.0,-0.1,-0.18,0.4111,0.1877,0.8514,0.5309,0.69450486,1.3422592299999998,1.90011234,2.33180655,-0.325936903,-0.6356600250000001,-0.0500318826,-0.142462899,0.8637608999999998,-1.8940789449999995,0.1395865478,-0.447738578
5,ASN,1.68,0.6871165644171779,2.53751,0.90693,-0.1419300000000001,0,0.0,-0.1,-0.78,0.1111,0.3976,0.6747,0.8272,0.6943515299999999,1.34105621,1.8961459,2.32269887,-0.4185579838,-0.809992842,-0.07319042743,-0.2070223909,1.25596963,-1.0309467379999997,0.2072247228,-0.2866502892999999
6,GLN,1.612,0.560695652173913,2.9201,1.06647,0.1965299999999998,0,0.0,-0.1,-0.85,0.1111,0.5388,0.7952,0.6914,0.83416767,1.61663196,2.2994656,2.84198102,-0.6379526209,-1.2455902409999997,-0.0953866132,-0.2717884223,2.2042766360000003,-2.752440816,0.3091418016000004,-0.525935955
7,SER,1.022,0.4696691176470588,1.45365,0.88624,0.2677600000000001,0,0.0,-0.1,-0.18,0.4111,0.1877,0.8514,0.5309,0.97342375,1.88782949,2.6884057999999995,3.32841384,-0.78357494906,-1.5298979775000003,-0.11753293397,-0.33498026913,3.260947468000005,-5.731063155680004,0.5082204708000011,-1.2439527961200008
8,ASN,1.623,0.6638036809815951,2.57558,0.6679999999999999,0.1539999999999999,0,0.0,-0.1,-0.78,0.1111,0.3976,0.6747,0.8272,1.25272492,2.43636868,3.48638045,4.34692248,-0.860433064,-1.6818530599999997,-0.1264721594,-0.3608936674,4.090826925999998,-9.10360681899999,0.5968729732000005,-1.9555182304
9,ASN,1.046,0.4278118609406953,2.35876,1.05739,0.3416099999999997,0,0.0,-0.1,-0.78,0.1111,0.3976,0.6747,0.8272,1.25163713,2.4278651,3.45845201,4.28312209,-0.7725254238400001,-1.5012048256499997,-0.127031071764,-0.36074576755,3.6133923809999935,-7.119352687700003,0.5776509910999996,-1.7140712930600004
10,GLY,0.212,0.1172566371681415,0.72586,0.92983,0.6661700000000002,0,0.0,0.03,0.48,0.4556,0.0,1.0,0.5062,1.24938124,2.41031257,3.4010874200000005,4.15294207,-0.631767839,-1.2241343837,-0.1090721938799999,-0.3090635053,3.6025519820000023,-6.134675727999999,0.6681395710000009,-1.6234326924000009
11,GLY,0.483,0.267146017699115,0.82628,0.8824799999999999,0.4425200000000002,0,0.0,0.03,0.48,0.4556,0.0,1.0,0.5062,1.2495934000000002,2.41194917,3.4063862,4.16481353,-0.534811669,-1.035509039,-0.0934709874,-0.2647219345,3.525361865000001,-5.347404091000003,0.6433617142000005,-1.380341651799999
12,SER,0.838,0.385110294117647,1.56188,1.06846,0.2695400000000001,0,0.0,-0.1,-0.18,0.4111,0.1877,0.8514,0.5309,1.66949655,3.24217413,4.6276372100000005,5.74785943,-0.5949316585999999,-1.1655590324000005,-0.08281544911,-0.23673191776,3.4583167720000034,-5.7515890106,0.5300494079999993,-1.2477943249000012
13,GLY,0.367,0.2029867256637168,0.7620999999999999,0.84281,0.5981900000000001,0,0.0,0.03,0.48,0.4556,0.0,1.0,0.5062,1.52960198,2.96603745,4.2226537,5.22532138,-0.5893593379000001,-1.1569473354999995,-0.07851002804,-0.22489075329,3.070564056000003,-3.9974978022,0.4251742842000004,-0.7735724691499993
14,ASN,1.391,0.5689161554192229,2.38558,0.84671,0.2072899999999998,0,0.0,-0.1,-0.78,0.1111,0.3976,0.6747,0.8272,1.25110037,2.42371784,3.4449989900000006,4.25290286,-0.2840465243,-0.5517695235999999,-0.04669004026,-0.13247329,3.528012269999994,-1.5455111231999998,0.6145518615999991,-0.4053690232999998
15,ALA,0.685,0.3140761118752865,1.11465,0.92294,0.57306,0,0.0,0.77,0.62,0.7,0.1645,0.249,0.3951,1.38957981,2.6888559900000004,3.814077670000001,4.694082839999999,-0.86109770915,-1.6803482953,-0.130878926865,-0.37293636993,3.3027006049999947,-4.9923257014,0.4974761135000001,-1.0767767864399995
16,ALA,0.32,0.1467216872994039,0.94356,1.21424,0.64676,0,0.0,0.77,0.62,0.7,0.1645,0.249,0.3951,1.24886399,2.40626332,3.38776875,4.12245693,-1.08466980123,-2.0993385357499994,-0.191646346866,-0.54288460549,3.289115096000003,-5.760422037199999,0.6107440668000003,-1.5131328382699996
17,LEU,1.91,0.7185854025583145,2.61824,0.77874,-0.0307399999999999,0,0.0,1.4,1.1,0.9222,0.663,0.2811,0.0,1.39206761,2.70822336,3.8774071699999992,4.837902499999999,-1.2238392333349997,-2.3819885566299988,-0.1951962117645,-0.55488250909,3.888261790999996,-6.8907077800900005,0.6163170101999991,-1.7219513215300004
18,ASN,1.102,0.4507157464212679,2.22281,1.22796,0.1150399999999998,1,0.1,-0.1,-0.78,0.1111,0.3976,0.6747,0.8272,1.5305435,2.9733532,4.24653072,5.27940977,-1.2834226306000005,-2.4954107588000007,-0.20734915634,-0.5886926803999999,3.572798475999996,-5.056347600199998,0.5806591695000002,-1.2304955903000006
19,ARG,1.493,0.4452728899492991,3.54947,1.4423899999999998,0.4176100000000002,0,0.0,-1.3,-2.5,0.0,0.7346,0.9398,0.6914,1.80898088,3.51515083,5.02239906,6.247521519999999,-1.1804895203,-2.3039539152,-0.17896781507,-0.51003464825,3.2598956309999982,-5.152218293999998,0.5196346115000003,-1.1649229757999997
20,GLY,0.633,0.3501106194690265,0.92517,0.8760200000000001,0.2989799999999999,0,0.0,0.03,0.48,0.4556,0.0,1.0,0.5062,1.5303483100000004,2.9718285900000003,4.241527499999999,5.267991589999999,-0.946789855145,-1.83519531431,-0.161096209734,-0.4561857214000001,3.179831967000003,-4.32292837285,0.5178595292999999,-1.0546335931599993
21,GLY,0.775,0.4286504424778761,1.03575,0.69044,0.3425599999999998,0,0.0,0.03,0.48,0.4556,0.0,1.0,0.5062,1.39095249,2.6995002,3.8487395,4.77235721,-1.211136936727,-2.356694029204,-0.194825882894,-0.553969373583,3.2980628549999995,-5.425428129312,0.5384576391999996,-1.3252545112490004
22,ARG,2.133,0.6361467342678199,3.87912,1.06998,0.1500200000000002,0,0.0,-1.3,-2.5,0.0,0.7346,0.9398,0.6914,0.8337287,1.61320453,2.28822351,2.81634416,-1.1403708492,-2.2079889423,-0.19771391584,-0.5594668447999999,3.8040502099999967,-6.6189634484,0.6503367944000007,-1.7633715491000006
23,TYR,1.824,0.5352112676056339,3.90564,1.1761899999999998,0.40781,1,0.333333333333333,-0.27,0.26,0.3556,0.8063,0.502,0.1605,0.8342176300000002,1.61702765,2.30078374,2.84504983,-0.8247745454000002,-1.6071321427,-0.12829125834,-0.3649332579499999,4.398438293999996,-7.935855042799999,0.7019793962999994,-1.8577134269000009
24,VAL,1.183,0.4858316221765913,1.89998,1.03864,0.21336,1,0.25,1.6,1.1,0.9667,0.4924,0.3655,0.1235,0.6943678,1.34118886,1.8966017800000003,2.32380242,-0.4853883289999999,-0.942779954,-0.0801729748,-0.2275025439999999,3.2125335719999994,-6.490337123999998,0.5759753648000007,-1.6428124169999987
25,PRO,0.726,0.3255605381165919,1.66442,1.21032,0.2936799999999999,1,0.2,-0.37,0.12,0.3222,0.3764,0.8594,0.3827,0.6944024,1.34145906,1.89748751,2.32582019,-0.578322308,-1.1224814040000002,-0.0969646599,-0.275067651,3.922924424,-10.013652852,0.663413733000001,-2.5199679660000016
26,PRO,1.474,0.6609865470852018,1.98661,0.80379,-0.04779,0,0.0,-0.37,0.12,0.3222,0.3764,0.8594,0.3827,0.69461892,1.34315678,1.90308215,2.33865892,-0.4825226849999999,-0.936283948,-0.0805446773,-0.228234669,3.1787277669999976,-7.198867745000001,0.5229363623000001,-1.737041681
27,HIS,1.77,0.6401446654611211,3.22846,1.05105,-0.0560499999999999,0,0.0,-0.91,-0.4,0.1444,0.561,0.1124,0.679,0.83414743,1.61647996,2.29898893,2.84096179,-0.7642535530000002,-1.491016391,-0.1160926607999999,-0.3305797006999999,2.8274724640000004,-7.105357614000002,0.4515308901999999,-1.6422586484000008
28,LEU,1.745,0.6565086531226487,2.42383,0.91084,0.0021599999999999,1,0.25,1.4,1.1,0.9222,0.663,0.2811,0.0,0.69446548,1.34195396,1.89911877,2.32956425,-1.148880303,-2.230635157,-0.1902414417,-0.5394542609999999,1.5676037260000002,-4.069623694,0.2777218702000003,-1.082532022
29,ARG,2.596,0.7742320310169997,4.06238,0.7568699999999999,0.0001300000000001,1,0.25,-1.3,-2.5,0.0,0.7346,0.9398,0.6914,0.97351734,1.88856242,2.69081776,3.33393948,-1.0039071772999997,-1.9501788797,-0.16550133678,-0.4697221617,1.2558829010000003,-1.628252652000001,0.2074464907999999,-0.4390355361999999
30,GLY,0.843,0.4662610619469026,0.98013,0.8227,0.1423000000000001,1,0.1,0.03,0.48,0.4556,0.0,1.0,0.5062,1.39218896,2.70918632,3.8806225199999993,4.845409320000001,-0.8609523489,-1.6762757187000008,-0.13572268352,-0.38575481919,1.2982197849999997,-1.8742572094000003,0.1877953455,-0.3817232559800002
31,GLY,0.432,0.2389380530973451,0.95549,0.8950800000000001,0.48092,0,0.0,0.03,0.48,0.4556,0.0,1.0,0.5062,1.80787246,3.5065369900000007,4.99428036,6.18380481,-0.58252379074,-1.1332822774,-0.0931784183299999,-0.2646616934999999,0.8244766450000002,-1.4810780600000002,0.1329476654,-0.3419419830000001
32,ASP,0.579,0.2159641924654979,2.04581,1.3256,0.7764000000000004,2,0.0666666666666667,-0.1,-0.9,0.1111,0.3239,0.8675,1.0,1.94768021,3.781957980000001,5.39679204,6.700334089999999,-0.46577838584,-0.9083535726,-0.07175740085,-0.2043743863,0.7461238280000001,-1.530455498,0.1199768085999999,-0.3558320039999999
33,GLY,0.915,0.5060840707964602,0.99834,0.6389099999999999,0.2540900000000001,0,0.0,0.03,0.48,0.4556,0.0,1.0,0.5062,1.3920850800000002,2.7083907300000005,3.87806709,4.83974882,-0.55872570247,-1.08350168556,-0.0942477004149999,-0.26696071616,0.7865606970000001,-0.8197788470000003,0.1155383825999999,-0.1813964493999999
34,GLY,0.871,0.4817477876106194,0.92071,0.70008,0.23692,0,0.0,0.03,0.48,0.4556,0.0,1.0,0.5062,0.9733534,1.88726882,2.68652692,3.32400598,-0.7066799067299999,-1.3661994804400002,-0.1257971507599999,-0.35565613268,2.157223165999998,-1.9750419022,0.3675652825,-0.5296338923999995
35,ALA,0.724,0.3319578175149014,1.18226,1.09465,0.3623500000000001,1,0.0454545454545455,0.77,0.62,0.7,0.1645,0.249,0.3951,1.5298400100000002,2.9678461100000004,4.22841661,5.23794506,-0.5035056073,-0.978941364,-0.0821788392999999,-0.2335235255,1.4125052590000005,-1.749997975,0.2381125779,-0.4297428993000001
36,ALA,0.743,0.3406694176983035,1.18343,0.94561,0.4923900000000002,1,0.0454545454545455,0.77,0.62,0.7,0.1645,0.249,0.3951,1.66895859,3.2380231100000003,4.61418408,5.717665869999999,-0.514808823,-1.0005094209999998,-0.08425090717,-0.2392158603999999,1.1380108430000004,-1.8312625640000009,0.18913263,-0.4492107961999998
37,ALA,1.087,0.4983952315451627,1.34299,0.66121,0.4327900000000001,0,0.0,0.77,0.62,0.7,0.1645,0.249,0.3951,1.3917494899999998,2.70571895,3.86912224,4.8187908,-0.7352138635999999,-1.4297423971999998,-0.11889622436,-0.3376970441599999,1.2963815279999993,-2.0255775074,0.2042976505000001,-0.4820882971
38,ALA,0.568,0.2604309949564419,1.08761,1.19929,0.41371,1,0.0625,0.77,0.62,0.7,0.1645,0.249,0.3951,1.39040486,2.69524287,3.8348397100000007,4.740857879999999,-0.6390085807799999,-1.2441910697,-0.1016090830399999,-0.28905620099,1.885152124,-2.8204287604,0.302626031,-0.6680196711
39,ALA,1.145,0.5249885373681797,1.24571,0.7025899999999999,0.3334100000000001,0,0.0,0.77,0.62,0.7,0.1645,0.249,0.3951,0.97357992,1.88905408,2.6924404,3.33767022,-0.7197534895000002,-1.3983259151,-0.1177691646899999,-0.3340868329899999,2.4344095239999977,-3.3593688205000003,0.3907440365,-0.8149970713499999
40,SER,1.543,0.7090992647058822,1.73698,0.65301,-0.0200099999999997,0,0.0,-0.1,-0.18,0.4111,0.1877,0.8514,0.5309,0.97380455,1.89081079,2.69821329,3.35086924,-0.81901320972,-1.59008296983,-0.134937655997,-0.3824013967299999,1.5711381540000016,-2.5914649946000003,0.2466892056000001,-0.5942658398280001
41,ALA,0.532,0.243924805135259,1.25817,1.11349,0.5355099999999999,2,0.153846153846154,0.77,0.62,0.7,0.1645,0.249,0.3951,1.66975168,3.24413139,4.633937090000001,5.761855929999999,-0.4947339837,-0.9604628785,-0.0827092124,-0.2346944135,1.6891236669999987,-2.1226555195000003,0.2675879643000001,-0.5198380142999999
42,GLY,0.698,0.3860619469026548,0.89846,0.77806,0.3319400000000001,1,0.0714285714285714,0.03,0.48,0.4556,0.0,1.0,0.5062,1.81024805,3.52502137,5.05469539,6.32092986,-0.5781597443999998,-1.1211997214,-0.097962344,-0.2776034073999999,1.020904127,-1.7082336829999998,0.1649851108,-0.4300941709
43,GLY,0.484,0.2676991150442477,0.87304,0.84762,0.47638,1,0.142857142857143,0.03,0.48,0.4556,0.0,1.0,0.5062,1.25270145,2.43619191,3.48582458,4.34573098,-1.05614195643,-2.04494016654,-0.18308361196,-0.5180798350960001,1.8868806430000016,-2.849427148,0.2859567407000002,-0.6298214352000001
44,ASP,1.397,0.5210742260350616,2.50013,0.91314,0.3708600000000001,0,0.0,-0.1,-0.9,0.1111,0.3239,0.8675,1.0,0.83422186,1.6170595499999998,2.30088423,2.84526639,-1.07073942254,-2.08232932373,-0.17236886396,-0.48943289559,1.9635237760000008,-4.364986605999999,0.3118274577999999,-1.02357214106
45,ASP,1.405,0.5240581872435658,2.4843,0.7828999999999998,0.4931000000000002,0,0.0,-0.1,-0.9,0.1111,0.3239,0.8675,1.0,0.6945861799999999,1.34290063,1.90223969,2.33673159,-0.52187294,-1.015320251,-0.0836819905,-0.2377644280999999,1.020986758,-2.6712586420000006,0.1642280830999999,-0.6172596870999999
46,ARG,2.681,0.7995824634655532,4.00205,0.81758,-0.1455799999999998,0,0.0,-1.3,-2.5,0.0,0.7346,0.9398,0.6914,0.6943527,1.34107604,1.89624933,2.32305345,-0.518831749,-1.012080791,-0.0792577912,-0.2257300316,1.018592425,-2.398402947,0.1828271246000001,-0.6341158496000001
47,ARG,2.717,0.81031911720847,3.9536,0.76283,-0.1268299999999999,0,0.0,-1.3,-2.5,0.0,0.7346,0.9398,0.6914,0.6945861799999999,1.34290063,1.90223969,2.33673159,-0.428764828,-0.83331435,-0.0694967092,-0.197152901,1.3319739960000003,-3.557895893000002,0.2390949684000001,-0.940626658
48,GLY,0.743,0.4109513274336283,0.94883,0.7940799999999999,0.27092,0,0.0,0.03,0.48,0.4556,0.0,1.0,0.5062,0.69448226,1.3420898899999998,1.89958271,2.33067917,-0.7589539933,-1.4749835619999998,-0.1246169052,-0.3539225770999999,2.550596887000001,-7.053768411000009,0.4246773217999999,-1.7185733031
49,GLY,0.811,0.4485619469026549,0.98004,0.7637599999999999,0.2332400000000001,0,0.0,0.03,0.48,0.4556,0.0,1.0,0.5062,0.5550034399999999,1.0691498,1.5049135800000002,1.8311409,-0.959777069,-1.845836137,-0.18343920427,-0.5164367413000001,2.702843922,-6.757478401000001,0.4892651282999998,-1.843156868199998
50,ALA,0.874,0.400733608436497,1.24809,0.8940899999999999,0.41291,0,0.0,0.77,0.62,0.7,0.1645,0.249,0.3951,1.53168877,2.98227238,4.27570586,5.345693219999999,-0.7213471191,-1.4034657285,-0.116210101,-0.33036611291,2.318235822,-2.905873936499998,0.3608690040000002,-0.7089964813299998
51,GLY,0.4,0.2212389380530973,0.67256,1.00071,0.4072899999999999,0,0.0,0.03,0.48,0.4556,0.0,1.0,0.5062,1.6702698300000005,3.24818847,4.6472833,5.7924104000000005,-0.5426168934400001,-1.05366421169,-0.0905148382199999,-0.2569342823459999,1.2960078819999996,-1.524526046920001,0.2072215857,-0.3751045435779999
52,GLY,0.796,0.4402654867256637,0.97379,0.7492599999999999,0.2627400000000001,0,0.0,0.03,0.48,0.4556,0.0,1.0,0.5062,1.1122693,2.15581047,3.06675633,3.790577400000001,-0.9346137972000002,-1.8130568474000004,-0.15776363762,-0.4472829407999999,1.1383415240000003,-1.9437780342,0.1861850709999999,-0.4484757709
53,GLY,1.137,0.6288716814159292,1.0815,0.57158,0.09942,0,0.0,0.03,0.48,0.4556,0.0,1.0,0.5062,1.11285431,2.16036062,3.08161948,3.82428321,-1.0178373635400002,-1.9775970561999996,-0.1672750731999999,-0.4748018582,1.1400614699999996,-1.2754607691,0.1731093663999999,-0.2883655705000001
54,GLY,0.174,0.0962389380530973,0.72149,1.04591,0.58809,2,0.0869565217391304,0.03,0.48,0.4556,0.0,1.0,0.5062,1.6674614500000002,3.2264116200000004,4.5763596,5.632203499999999,-0.6914714433000001,-1.340871401,-0.11721687633,-0.3321416097999999,0.863187445,-1.990685736,0.1450855006999999,-0.482942757
55,TYR,1.114,0.3268779342723005,3.3677,1.77456,0.5194399999999995,4,0.111111111111111,-0.27,0.26,0.3556,0.8063,0.502,0.1605,1.80597414,3.49167311,4.94538555,6.071880219999999,-0.550470821,-1.073035095,-0.0853742271,-0.2430450085,0.8634260529999996,-2.0140501200000003,0.1428993633,-0.4573850280000001
56,ARG,1.343,0.4005368326871458,3.5268200000000003,1.3528100000000003,0.6571899999999999,4,0.2,-1.3,-2.5,0.0,0.7346,0.9398,0.6914,1.66871148,3.23603545,4.60746953,5.70176792,-0.6681231885000001,-1.3023203026,-0.1027932645599999,-0.2923572224,0.8267597239999998,-1.880720149,0.1146396449999999,-0.3731843335
57,ARG,2.224,0.6632866090068595,3.79848,0.96514,0.1638599999999999,2,0.222222222222222,-1.3,-2.5,0.0,0.7346,0.9398,0.6914,1.39211461,2.70862119,3.87882298,4.841472829999999,-0.55191851422,-1.0736246747,-0.08823115007,-0.2505352297,0.9435323790000004,-0.9274536366,0.1409206532,-0.23781553728
58,GLY,0.581,0.3213495575221238,0.8996500000000001,0.7716799999999999,0.4553200000000001,2,0.181818181818182,0.03,0.48,0.4556,0.0,1.0,0.5062,1.1125297,2.15783527,3.07336766,3.80556163,-0.7516526133399999,-1.4612828461,-0.12299076705,-0.34948427599,1.804953749999999,-1.32234891,0.3005796224000001,-0.3508272075599999
59,GLY,0.197,0.1089601769911504,0.6584399999999999,0.92984,0.6811600000000001,2,0.125,0.03,0.48,0.4556,0.0,1.0,0.5062,1.25049819,2.41899837,3.42945879,4.217280359999999,-0.5484237209,-1.0612387971,-0.09633704741,-0.27259534265,1.7648932189999993,-1.0710411636,0.3031005209999999,-0.2727350744
60,GLY,0.751,0.4153761061946902,0.96527,0.71328,0.3437199999999999,2,0.0909090909090909,0.03,0.48,0.4556,0.0,1.0,0.5062,1.66870257,3.235945900000001,4.60710483,5.70071542,-0.4476342787,-0.8679434618999998,-0.07596554708,-0.2152219246,0.941206404,-1.7021621896000003,0.1625326879999999,-0.4275745892
61,ASN,0.86,0.3517382413087935,1.96815,1.13205,0.4529499999999999,3,0.125,-0.1,-0.78,0.1111,0.3976,0.6747,0.8272,1.80770325,3.50525078,4.99018103,6.174819720000001,-0.5268974584,-1.0234591285,-0.08707460578,-0.24713374375,1.7272775519999994,-2.1982706245,0.2820862643000001,-0.54779665025
62,SER,0.698,0.3207720588235294,1.45355,1.08042,0.3975800000000002,2,0.111111111111111,-0.1,-0.18,0.4111,0.1877,0.8514,0.5309,1.6689240800000005,3.23775884,4.61333866,5.71580876,-0.62935313014,-1.20818587274,-0.12396357154,-0.34881862757,2.0394200439999994,-2.26626144944,0.3476815901999999,-0.67371474162
63,GLY,0.71,0.3926991150442477,0.99126,0.74658,0.35142,0,0.0,0.03,0.48,0.4556,0.0,1.0,0.5062,1.3921200500000002,2.70863592,3.87877429,4.841062709999999,-1.3314286389000003,-2.592649242,-0.20944444927,-0.59536514536,1.4919464469999988,-3.5265857823,0.2407592244999999,-0.8264092011999999
64,GLY,0.7,0.3871681415929203,0.93939,0.80605,0.30195,0,0.0,0.03,0.48,0.4556,0.0,1.0,0.5062,0.9734361,1.88792096,2.6886886000000003,3.32900675,-1.09139769205,-2.128511787800001,-0.16789450155,-0.47819403757,1.5701027820000004,-3.232794318799999,0.2578418334,-0.7549505179700006
65,GLY,0.928,0.5132743362831859,0.94544,0.7246200000000002,0.1553799999999998,0,0.0,0.03,0.48,0.4556,0.0,1.0,0.5062,0.69455298,1.34264087,1.90138635,2.33478131,-0.969646606,-1.8856579419999997,-0.1554867234,-0.441308737,1.4143249999999994,-3.161940700999998,0.2205943715999999,-0.7280228199999998
66,GLY,0.744,0.411504424778761,0.94521,0.74432,0.3196800000000001,0,0.0,0.03,0.48,0.4556,0.0,1.0,0.5062,0.8338629,1.61423959,2.29157419,2.82384861,-0.7141330409999999,-1.3919815049999995,-0.1113625026,-0.317104097,1.059963411,-2.578757582,0.1724761071,-0.5933180940000001
67,GLY,0.844,0.4668141592920353,0.95029,0.7453,0.2187000000000001,0,0.0,0.03,0.48,0.4556,0.0,1.0,0.5062,0.97347996,1.88824818,2.68970732,3.3311604800000003,-0.6274606755000001,-1.227611821,-0.0912965084,-0.2609469452999999,0.9045180459999996,-1.8874690220000003,0.1354313560999999,-0.4077707039000001
68,GLY,0.559,0.3091814159292035,0.9739,0.74961,0.4993900000000001,0,0.0,0.03,0.48,0.4556,0.0,1.0,0.5062,0.69443918,1.34175616,1.89849798,2.32823669,-0.672958526,-1.307719509,-0.1092540714,-0.3098895814,1.684176430999999,-3.559090112999999,0.3048720707000002,-0.932422995
69,GLY,1.013,0.560287610619469,0.93715,0.65038,0.1446200000000002,0,0.0,0.03,0.48,0.4556,0.0,1.0,0.5062,0.83422326,1.6170699899999998,2.30091662,2.84533388,-0.461429777,-0.895735886,-0.0766339403,-0.2172702799999999,2.356599628000001,-5.148416319999999,0.3743260167999999,-1.2433317481000004
70,TYR,1.644,0.482394366197183,3.83256,1.25908,0.50492,1,0.2,-0.27,0.26,0.3556,0.8063,0.502,0.1605,0.8335753699999999,1.61200083,2.28425197,2.80721567,-0.5188912005,-1.0123169635,-0.07930903006,-0.2259482498299999,1.8459659599999991,-4.595884822400001,0.2931619410999999,-1.0204453582500004
71,ASP,1.346,0.5020514733308468,2.29983,0.93059,0.4044099999999999,1,0.25,-0.1,-0.9,0.1111,0.3239,0.8675,1.0,0.69466154,1.3434871199999998,1.90415597,2.34107859,-0.541325529,-1.0519957400000002,-0.0881332398,-0.250074971,1.490968194000001,-3.941027062,0.2495179246000002,-0.984311142
72,ARG,1.236,0.3686251118401431,3.05201,1.5264600000000002,0.5905399999999998,2,0.5,-1.3,-2.5,0.0,0.7346,0.9398,0.6914,0.6943072299999999,1.3407249,1.89511185,2.32050371,-0.489144249,-0.949420676,-0.0818312037999999,-0.232114415,1.49247714,-3.5422699790000007,0.2372237122,-0.8373174090000003
73,GLY,0.506,0.2798672566371681,0.8006,0.8062499999999999,0.4957500000000001,2,0.4,0.03,0.48,0.4556,0.0,1.0,0.5062,0.8341392000000001,1.61640712,2.2987186900000003,2.8402496,-0.357831354,-0.6959823660000001,-0.0573875468999999,-0.162943244,1.649144796999999,-3.423395782000001,0.2643928493999999,-0.8209307819999994
74,TYR,1.601,0.4697769953051643,3.833,1.37821,0.42879,3,0.75,-0.27,0.26,0.3556,0.8063,0.502,0.1605,0.8339238600000001,1.6147299599999998,2.2932337,2.827791,-0.2416978899999999,-0.4710377094,-0.03758651569,-0.10695682806,1.37532932,-1.9603155079000003,0.2131379614000002,-0.4475472228400001
75,ASN,1.691,0.6916155419222905,2.52833,0.80543,-0.0514300000000002,2,0.5,-0.1,-0.78,0.1111,0.3976,0.6747,0.8272,0.55476578,1.06729313,1.4988213900000005,1.81724089,-0.4943898149999999,-0.954388671,-0.090178534,-0.254739369,1.2137709600000002,-3.2038627239999986,0.2248972405,-0.8694883409999999
76,ASP,1.153,0.4300634091756807,2.38116,1.00164,0.5263599999999999,2,0.5,-0.1,-0.9,0.1111,0.3239,0.8675,1.0,0.69443918,1.34175616,1.89849798,2.32823669,-0.518171599,-1.005517294,-0.0868082453,-0.246116563,1.7643574299999996,-4.843765813999999,0.3061847947999999,-1.24121512
77,ASN,1.474,0.6028629856850716,2.41518,0.88813,0.0828699999999998,1,0.2,-0.1,-0.78,0.1111,0.3976,0.6747,0.8272,0.83407038,1.6158707199999998,2.29696346,2.8362589400000005,-0.7653552509999999,-1.494037955,-0.1150035489,-0.327645848,1.6098468550000005,-3.900824073000001,0.2583714454,-0.919367235
78,ARG,2.044,0.6096033402922756,3.83218,1.21143,0.0975700000000001,0,0.0,-1.3,-2.5,0.0,0.7346,0.9398,0.6914,0.69439391,1.34139571,1.8972900900000005,2.32540259,-0.6629183342999999,-1.283688709,-0.11528301863,-0.3264004136,1.5303163,-2.6789249036,0.2552120140000001,-0.6769625736
79,ASP,1.08,0.4028347631480791,2.38159,0.99334,0.60766,0,0.0,-0.1,-0.9,0.1111,0.3239,0.8675,1.0,0.83402632,1.6155301299999998,2.2958585300000003,2.83377736,-1.2099133386,-2.3519500520000003,-0.1956905672,-0.5552877198000001,1.4901469750000007,-3.2350517580000004,0.2554061237000001,-0.8542439910999999
80,ASP,0.951,0.3547183886609474,2.13661,1.22318,0.50682,0,0.0,-0.1,-0.9,0.1111,0.3239,0.8675,1.0,1.3912042100000002,2.70150036,3.85542164,4.78796921,-0.9397662677000002,-1.828740307,-0.151575175615,-0.4311631326899999,1.4154075399999992,-1.5930771982999996,0.2137000849999999,-0.37522489203
81,ARG,2.197,0.655234118699672,3.89904,0.84642,0.3095800000000002,0,0.0,-1.3,-2.5,0.0,0.7346,0.9398,0.6914,1.25194755,2.43030016,3.46647914,4.30154977,-0.9869543387,-1.9111139363000005,-0.1713018337299999,-0.484887146,1.570586868,-1.7763933309999995,0.2530982239000001,-0.4582998784999997
82,ASP,0.882,0.3289817232375979,2.08647,1.16174,0.6372599999999999,3,0.176470588235294,-0.1,-0.9,0.1111,0.3239,0.8675,1.0,1.80796001,3.50723029,4.9965858,6.1891549900000005,-0.62162075405,-1.2063618348,-0.1039885126899999,-0.29483612357,1.6097063840000003,-2.212526058600001,0.2616166676,-0.5261671142600001
83,ASN,0.573,0.2343558282208589,1.84263,1.4486600000000005,0.4233399999999996,2,0.0714285714285714,-0.1,-0.78,0.1111,0.3976,0.6747,0.8272,1.94462687,3.75832034,5.31993773,6.52712349,-0.517646593,-1.006457215,-0.0839719122,-0.2384680917,1.5309787229999998,-2.5287722785000004,0.2505770969000001,-0.6039745584999998
84,ARG,1.673,0.4989561586638831,3.4306,1.406,0.2740000000000002,1,0.0384615384615385,-1.3,-2.5,0.0,0.7346,0.9398,0.6914,1.94613611,3.76994065,5.357502030000001,6.611118040000001,-0.4727052968,-0.919852369,-0.075851838,-0.2156521456999999,1.2160939350000004,-1.7553989720000005,0.2063465732,-0.4235609364
85,GLY,0.383,0.2118362831858407,0.73517,0.91785,0.5071500000000001,2,0.111111111111111,0.03,0.48,0.4556,0.0,1.0,0.5062,1.66808488,3.23122981,4.59199915,5.667373459999999,-0.6607212294999999,-1.2800223098,-0.11344029077,-0.3211232713299999,1.6888513920000006,-2.3978170574000006,0.2687724796,-0.5908764724899999
86,GLY,0.918,0.5077433628318584,1.05592,0.61632,0.27368,1,0.0714285714285714,0.03,0.48,0.4556,0.0,1.0,0.5062,1.53101255,2.97697736,4.258285320000001,5.305806,-0.8908917533300001,-1.7354868675,-0.14008446476,-0.3986035660599999,1.9245285289999987,-3.2278632148000006,0.3067106200999999,-0.7459506291599994
87,SER,0.531,0.2440257352941176,1.4138399999999998,1.14172,0.50328,1,0.05,-0.1,-0.18,0.4111,0.1877,0.8514,0.5309,1.5285372600000002,2.95766894,4.195015150000001,5.161713679999999,-0.8935041112000001,-1.7337538308,-0.15063256563,-0.4272835667,2.275046904000001,-4.1076463198,0.3889246263000001,-1.0147923258
88,GLY,0.507,0.2804203539823008,0.7868600000000001,0.8652799999999999,0.4357200000000002,2,0.1,0.03,0.48,0.4556,0.0,1.0,0.5062,1.6682195000000002,3.23226868,4.5953632,5.67490986,-0.6215522070000001,-1.2087412925,-0.1007827720999999,-0.2863591237999999,1.924096714000001,-2.5822385635000003,0.3103170765,-0.6164541723000001
89,GLY,0.94,0.5199115044247787,0.93163,0.70105,0.1669500000000001,2,0.153846153846154,0.03,0.48,0.4556,0.0,1.0,0.5062,1.25193455,2.43019993,3.46615687,4.30083697,-0.8486169829,-1.6479184671,-0.14056776514,-0.3987943050999999,2.47250783,-3.2238097059999995,0.4086294062,-0.7662477333
90,TYR,1.42,0.4166666666666666,3.57091,1.4467100000000002,0.5412899999999998,4,0.210526315789474,-0.27,0.26,0.3556,0.8063,0.502,0.1605,1.80839855,3.5106303700000003,5.00766576,6.21421286,-0.6766520289999999,-1.3207851789999998,-0.1015681492,-0.2893108652999999,1.6902542439999997,-3.189785399,0.2565903063999999,-0.7256098458000003
91,GLY,0.033,0.0182522123893805,0.61283,1.01301,0.7619900000000002,6,0.162162162162162,0.03,0.48,0.4556,0.0,1.0,0.5062,1.94368054,3.75097012,5.295958260000001,6.472830729999999,-0.7129926830000001,-1.3866960409999998,-0.1147666107,-0.325931826,1.2155614970000008,-2.905039409,0.2096179185,-0.7198836589999998
92,ARG,1.569,0.4679391589621234,3.45509,1.35344,0.4305600000000003,4,0.266666666666667,-1.3,-2.5,0.0,0.7346,0.9398,0.6914,1.8084193400000004,3.51073989,5.007841440000001,6.21405129,-0.6119893402000001,-1.1858449517,-0.10541581674,-0.2986453268999999,1.687530018999999,-3.1020808269999995,0.2808327567,-0.7715871471999999
93,ASP,0.715,0.2666915330100708,2.27257,1.05264,0.9133600000000002,2,0.181818181818182,-0.1,-0.9,0.1111,0.3239,0.8675,1.0,1.66925459,3.24034685,4.6218516,5.73529342,-0.8090315707000001,-1.5711275066,-0.1341105558999999,-0.3805411136,2.003407816,-2.9047013846000005,0.3150572699000001,-0.6893824654999998
94,ARG,1.774,0.5290784372203996,3.4571300000000003,1.27298,0.3060200000000002,2,0.5,-1.3,-2.5,0.0,0.7346,0.9398,0.6914,1.25262617,2.43561931,3.48400031,4.34173592,-1.4127854527,-2.751895262,-0.2209701911599999,-0.6283122753999999,2.35869504,-4.988202097999997,0.3553740373999998,-1.1093843772999992
95,ASN,1.171,0.4789366053169734,2.25319,1.08526,0.1887399999999999,2,0.666666666666667,-0.1,-0.78,0.1111,0.3976,0.6747,0.8272,0.83390024,1.61455372,2.29268404,2.82662532,-1.3737292463,-2.674591131,-0.21729790754,-0.6178005755999999,2.551137489999999,-5.753209532000002,0.4200637926000001,-1.4138976418
96,TYR,1.929,0.5660211267605634,3.95148,1.15515,0.3238499999999999,3,1.0,-0.27,0.26,0.3556,0.8063,0.502,0.1605,0.6945239599999999,1.34241319,1.90063463,2.33305214,-1.1331049470000003,-2.204783227,-0.1804320845,-0.5125021755,2.351979010000001,-6.300333861999999,0.4109967724999998,-1.6232312579999983
97,GLU,1.664,0.6099706744868034,2.90626,1.01612,0.0478800000000003,2,0.5,-0.1,-0.74,0.1111,0.4884,0.8112,0.9136,0.83395187,1.6149505299999998,2.29396344,2.82947402,-0.856543309,-1.671112496,-0.1303811713999999,-0.371366363,3.7696555409999983,-8.129645699999992,0.6067411615000003,-1.8969340000000008
98,ASP,1.246,0.464751958224543,2.3650800000000003,0.97976,0.4552400000000001,1,0.25,-0.1,-0.9,0.1111,0.3239,0.8675,1.0,0.69474847,1.3441706999999998,1.906415,2.3462825,-0.4010254647,-0.7742596549999999,-0.0723859509,-0.2043171024999999,4.3157120500000055,-4.959267212999993,0.7176485957999998,-1.3718003291999987
99,ARG,1.707,0.5090963316433045,3.50585,1.4123400000000002,0.2336599999999999,1,0.142857142857143,-1.3,-2.5,0.0,0.7346,0.9398,0.6914,0.83366479,1.61270118,2.28655805,2.81250334,-0.7754809856999999,-1.5099537444000002,-0.12348819544,-0.3513746200999999,4.553151989999989,-7.025554833399999,0.7492966526000011,-1.710979705500001
100,GLY,0.751,0.4153761061946902,0.8920399999999999,0.75878,0.2982199999999999,1,0.166666666666667,0.03,0.48,0.4556,0.0,1.0,0.5062,0.83415825,1.61656144,2.29924525,2.8415128000000003,-0.8036880264999999,-1.5626564749999994,-0.13008246794,-0.3693752548,4.746962937999994,-7.389129328999996,0.7949281909000012,-1.7901924258
101,TYR,1.778,0.5217136150234742,3.95652,1.21375,0.41625,2,0.333333333333333,-0.27,0.26,0.3556,0.8063,0.502,0.1605,1.2525993700000002,2.43539592,3.48321715,4.339794169999999,-1.0214471513000003,-1.9898453183,-0.1596698933099999,-0.4540907985900001,4.43870443399999,-6.600361895499997,0.6980660748999992,-1.5698894547300002
102,ASN,0.474,0.1938650306748466,1.99337,1.56314,0.4078599999999999,2,0.105263157894737,-0.1,-0.78,0.1111,0.3976,0.6747,0.8272,1.5293224,2.96380003,4.21512676,5.207579599999999,-1.3376516867,-2.6040582072,-0.21321522553,-0.6064549811999999,2.866125825999995,-5.739041093299998,0.4665189691000002,-1.3402149359
103,GLY,0.304,0.1681415929203539,0.8081900000000001,1.03949,0.46451,0,0.0,0.03,0.48,0.4556,0.0,1.0,0.5062,1.52970909,2.96683603,4.22514588,5.23061568,-1.1408419764600002,-2.2183981201,-0.185016954184,-0.5256071459200001,2.904945408999999,-5.6363651214,0.4755858634000003,-1.3387502240999998
104,GLY,0.742,0.4103982300884956,0.92455,0.8402599999999999,0.2257400000000001,0,0.0,0.03,0.48,0.4556,0.0,1.0,0.5062,1.25264258,2.43570709,3.4841453100000006,4.34162402,-1.0343708259,-2.005282675,-0.1756201606799999,-0.4973797961,4.711052629999992,-5.403414556999999,0.7652300684999994,-1.4432955238
105,GLY,0.739,0.4087389380530973,1.03192,0.80232,0.2666799999999999,0,0.0,0.03,0.48,0.4556,0.0,1.0,0.5062,1.6706680699999998,3.25129965,4.65749512,5.8157196,-1.0034703333,-1.956255671,-0.15543799493,-0.4425233218,5.388603576999987,-7.129622226000001,0.7944659707000007,-1.5419559268999978
106,GLY,0.454,0.2511061946902654,0.94555,0.8481700000000001,0.50583,0,0.0,0.03,0.48,0.4556,0.0,1.0,0.5062,1.25111235,2.42377436,3.4450576,4.2526494900000005,-0.8891537156999999,-1.7290356872,-0.14329317,-0.4068415095799999,5.612290937999994,-8.395494213100003,0.9294608692000002,-2.0751095426500017
107,GLY,0.844,0.4668141592920353,0.92115,0.73748,0.22652,0,0.0,0.03,0.48,0.4556,0.0,1.0,0.5062,0.8334856500000001,1.6112963100000002,2.28192826,2.80187666,-0.7081232356000001,-1.37683766651,-0.1152775989979999,-0.327499257998,4.670794906999999,-7.287273905039991,0.7722208980000005,-1.7709186827919985
108,GLY,0.964,0.5331858407079646,0.93124,0.66571,0.17829,0,0.0,0.03,0.48,0.4556,0.0,1.0,0.5062,0.55483266,1.06781611,1.5005389000000002,1.82116417,-0.5674651885,-1.0963603173,-0.1022581957599999,-0.2890395707,4.308297447999997,-7.413326809000004,0.7862518704000013,-1.9789707625999968
109,GLY,0.563,0.3113938053097345,0.88872,0.91853,0.3264700000000001,0,0.0,0.03,0.48,0.4556,0.0,1.0,0.5062,0.97284819,1.88333504,2.67366178,3.2947861400000003,-0.988858907,-1.926986162,-0.1537710396,-0.4374901924,5.145719898999996,-13.231431114,0.8134103999000002,-3.0763993205999998
110,ASN,1.418,0.579959100204499,2.51148,0.90279,0.1242099999999999,0,0.0,-0.1,-0.78,0.1111,0.3976,0.6747,0.8272,1.25178892,2.42905885,3.46239619,4.29220381,-0.8214189841000001,-1.600553698,-0.128728563,-0.3664095703,4.91030443300001,-10.307351127399988,0.7758045856000003,-2.399429226199998
111,ARG,2.288,0.6823739934387115,4.06576,0.8091300000000001,0.2558700000000002,1,0.2,-1.3,-2.5,0.0,0.7346,0.9398,0.6914,0.97331346,1.88694622,2.6854314100000005,3.32139288,-0.7801335090000001,-1.5169835155000004,-0.1258492888,-0.357293453,3.4945722569999997,-5.880367292000001,0.5648641730000001,-1.4092295107
112,GLY,0.694,0.3838495575221238,0.91185,0.78447,0.3295300000000001,1,0.25,0.03,0.48,0.4556,0.0,1.0,0.5062,0.69370846,1.3360510799999998,1.8797829,2.28554897,-0.9309926054999998,-1.8067174649999995,-0.1568708376,-0.4450557480000001,2.075768595999998,-3.7176274559999993,0.3795117455,-1.0278662849999995
113,TYR,2.284,0.67018779342723,4.60207,0.6003000000000001,0.5237,2,0.5,-0.27,0.26,0.3556,0.8063,0.502,0.1605,0.69455106,1.34262687,1.90134318,2.3346915,-0.8859578859999999,-1.7251187585,-0.1401910795299999,-0.398686282,2.084076503999999,-3.0568877859999994,0.3105536877999999,-0.7099434740000002
114,ASN,0.835,0.3415132924335378,2.05497,1.3746699999999998,0.23533,2,0.333333333333333,-0.1,-0.78,0.1111,0.3976,0.6747,0.8272,0.83364663,1.61258491,2.28626443,2.8121021300000004,-0.9630201852,-1.8659966646,-0.1643144868299999,-0.4650324474,2.353602663,-4.872151601999999,0.3972403533,-1.2008389285999994
115,ASN,0.793,0.3243353783231084,2.0205,1.31955,0.3324499999999997,3,0.3,-0.1,-0.78,0.1111,0.3976,0.6747,0.8272,1.53115214,2.97805668,4.26178587,5.3136648200000005,-0.6680833185,-1.2996678288,-0.1073264316099999,-0.3049250632,2.6292637079999985,-3.517200772599997,0.4382747354999999,-0.8735516805999991
116,ASN,0.769,0.314519427402863,1.93832,1.26629,0.4097099999999996,2,0.125,-0.1,-0.78,0.1111,0.3976,0.6747,0.8272,1.38973971,2.69006399,3.81789973,4.7023697,-0.7306684049999999,-1.4151803956000002,-0.1266901846399999,-0.3587699465999999,2.1961529240000024,-2.867661776499999,0.3779491746999996,-0.7536065862
117,ARG,1.585,0.4727110050700864,3.54995,1.42594,0.3420600000000002,1,0.0666666666666667,-1.3,-2.5,0.0,0.7346,0.9398,0.6914,1.39005302,2.69250434,3.825885220000001,4.720521059999999,-0.6512673346000002,-1.2594573169999996,-0.1154025830999999,-0.3263392611999999,1.7644862090000006,-3.0101962670000018,0.3075278766999998,-0.7617144268999999
118,GLY,0.328,0.1814159292035398,0.8231499999999999,0.88771,0.59229,0,0.0,0.03,0.48,0.4556,0.0,1.0,0.5062,1.52910194,2.962091350000001,4.20956471,5.1950235,-0.550488169,-1.0728739740000002,-0.0857614149,-0.244106902,1.728808843,-3.842731117999999,0.270695535,-0.8677258480000003
119,GLY,0.642,0.3550884955752212,0.77306,0.8829400000000002,0.2830599999999997,0,0.0,0.03,0.48,0.4556,0.0,1.0,0.5062,1.110464,2.14179039,3.0210187900000007,3.68702484,-0.6275751438,-1.2157680424999997,-0.1082098126699999,-0.3064111226600001,1.7642650420000003,-2.9751858285000004,0.3072047240000001,-0.7490078798600005
120,GLY,0.815,0.4507743362831858,0.9151,0.65579,0.3372100000000001,0,0.0,0.03,0.48,0.4556,0.0,1.0,0.5062,0.83332923,1.6100807499999998,2.27796115,2.79289281,-0.7090194055,-1.377173008,-0.11727041733,-0.3328455187,1.5694832780000003,-3.1623200240000005,0.2634042925000001,-0.7890903428999999
121,GLY,0.999,0.5525442477876106,0.94899,0.62425,0.18475,0,0.0,0.03,0.48,0.4556,0.0,1.0,0.5062,0.83368801,1.61288782,2.28718903,2.81399922,-0.731627083,-1.4247217410000002,-0.1153435073,-0.3279832862,1.5705144350000002,-3.075936388000001,0.2544066932,-0.7424403530000001
122,GLY,0.337,0.1863938053097345,0.72502,0.93046,0.5405400000000001,0,0.0,0.03,0.48,0.4556,0.0,1.0,0.5062,1.11180139,2.15215383,3.05474992,3.76315991,-0.4503296265399999,-0.8759150217,-0.07264487567,-0.2063985587699999,2.004428862999999,-2.5881878901999995,0.3073132195000001,-0.5773178495599999
123,GLY,0.586,0.3241150442477876,0.8863599999999999,0.79167,0.43033,0,0.0,0.03,0.48,0.4556,0.0,1.0,0.5062,1.38929097,2.6866440400000005,3.806962850000001,4.678274699999999,-0.52046026847,-1.01246023808,-0.083546062258,-0.2373313145499999,2.043234132999999,-3.4885940381599987,0.3168962139000001,-0.8000363309999998
124,TYR,1.069,0.3136737089201878,3.18553,1.8701,0.4688999999999999,1,0.0434782608695652,-0.27,0.26,0.3556,0.8063,0.502,0.1605,1.66814206,3.2316310000000006,4.59316671,5.66959146,-0.5876178615000001,-1.1413644369999998,-0.0971915836999999,-0.2758586972999999,1.923655162,-4.522433891000001,0.3141040161999999,-1.0498645616
125,ASN,1.447,0.5918200408997956,2.4065,1.0047899999999998,-0.00679,0,0.0,-0.1,-0.78,0.1111,0.3976,0.6747,0.8272,1.39078455,2.69820259,3.84453027,4.76290366,-0.91847719184,-1.7821951400999998,-0.15371103294,-0.43566068023,2.002852401,-5.023665192000002,0.3184930716999999,-1.153691241000001
126,ARG,1.054,0.3143453623620638,3.0786,1.84261,0.4563900000000003,0,0.0,-1.3,-2.5,0.0,0.7346,0.9398,0.6914,1.2510419900000005,2.4232427800000003,3.4433741300000005,4.24899316,-0.95554238921,-1.8596654261800003,-0.152668729402,-0.434010961035,1.9264320220000004,-4.2840980050000015,0.2917737705,-0.9132793760000002
127,GLN,1.916,0.6664347826086956,3.0235700000000003,0.8548199999999999,0.1041800000000001,0,0.0,-0.1,-0.85,0.1111,0.5388,0.7952,0.6914,0.83384993,1.61413149,2.29119427,2.82290402,-0.9304633475,-1.8069978807,-0.1543835475,-0.4381022046,1.5690077870000003,-4.031435999400001,0.2669702352,-1.0210214177000003
128,ASP,0.946,0.3528534129056322,2.19207,1.14627,0.5887300000000002,0,0.0,-0.1,-0.9,0.1111,0.3239,0.8675,1.0,0.8339247599999999,1.61473728,2.29325814,2.8278482,-0.804164353,-1.5628164830000002,-0.131220709,-0.3724377077,2.155526658000002,-4.304661746999999,0.3808307865999998,-1.184967382599999
129,ARG,2.175,0.6486728303012227,3.72783,1.15585,0.0221500000000003,0,0.0,-1.3,-2.5,0.0,0.7346,0.9398,0.6914,0.83391082,1.61462211,2.29285673,2.82685875,-0.9252766015,-1.8015999055,-0.1469751315,-0.4180819840499999,5.139265625999998,-11.114240627000004,0.8720732908000002,-2.714918618860003
130,GLY,0.964,0.5331858407079646,1.03514,0.66379,0.1802100000000001,0,0.0,0.03,0.48,0.4556,0.0,1.0,0.5062,0.6944157899999999,1.3415711499999998,1.89788147,2.32680099,-1.071153576534,-2.07559058508,-0.1829433835975,-0.5178553216519999,5.682086526,-13.650647320239996,1.0054766195000022,-3.592602192010002
131,ASP,0.942,0.35136143230138,2.17833,1.14034,0.5986600000000002,0,0.0,-0.1,-0.9,0.1111,0.3239,0.8675,1.0,1.1128645199999998,2.16046144,3.0820242800000006,3.82543494,-0.922800044635,-1.79482482976,-0.1490403054709999,-0.4234744540699999,5.656209184999998,-9.409460120999997,0.8954673176999989,-2.2614519198000007
132,GLY,0.848,0.4690265486725663,0.99851,0.71466,0.2453400000000001,0,0.0,0.03,0.48,0.4556,0.0,1.0,0.5062,1.39200515,2.7077456199999994,3.87587745,4.83452797,-1.3800427505000004,-2.696339048,-0.20448352836,-0.5832265393,5.701498731,-12.79134071159999,0.8516934652000026,-2.8322602192000037
133,GLY,0.361,0.1996681415929203,0.86629,0.9497499999999998,0.4972500000000003,0,0.0,0.03,0.48,0.4556,0.0,1.0,0.5062,1.5293515,2.9640423999999994,4.215975869999999,5.2096826300000005,-1.3990228872200003,-2.7192786738,-0.22916728005,-0.6509498730399998,5.178853664000006,-10.586515777000008,0.8746958150999992,-2.632136950600003
134,SER,0.89,0.4090073529411764,1.12906,0.92843,0.35757,0,0.0,-0.1,-0.18,0.4111,0.1877,0.8514,0.5309,1.39020367,2.69370022,3.829876669999999,4.72983647,-1.84756467677,-3.5780730784,-0.3199662720800001,-0.9058043139,3.8028820419999927,-8.784824906999994,0.6622313564000002,-2.2572722485000005
135,SER,0.726,0.3336397058823529,1.4660300000000002,1.02198,0.4280200000000003,0,0.0,-0.1,-0.18,0.4111,0.1877,0.8514,0.5309,2.0877621100000003,4.0597087,5.80757987,7.23765802,-1.354836646,-2.6322520570000005,-0.2222642476649999,-0.6307312336800001,3.770994226999997,-7.375757409399998,0.5938868682000005,-1.7737750507600023
136,ASN,0.991,0.4053169734151329,2.30186,1.19724,0.2567599999999996,0,0.0,-0.1,-0.78,0.1111,0.3976,0.6747,0.8272,1.94864737,3.78949275,5.421445599999999,6.756364800000001,-1.8442926974000005,-3.5850922875,-0.3012574501,-0.8556500799000001,4.122102263000002,-7.360926243900001,0.6754562770000007,-1.7830508750000007
137,PHE,0.45,0.1447410743004181,2.8589,2.04022,0.6187799999999997,0,0.0,1.1,1.2,0.8111,0.783,0.0763,0.037,2.22902048,4.346429619999999,6.247065469999999,7.838228320000001,-1.5190606916999991,-2.9589652588,-0.23851770735,-0.6784581679999999,3.143210322000001,-4.1632992118,0.4924969669999996,-1.0067286025000004
138,SER,0.746,0.3428308823529411,1.3620599999999998,0.92942,0.5005800000000002,0,0.0,-0.1,-0.18,0.4111,0.1877,0.8514,0.5309,1.66877831,3.2365439899999995,4.60909219,5.705327520000001,-1.20100136305,-2.3227080947,-0.21200101678,-0.5993468807599999,2.4285406029999987,-3.5073993358000024,0.4399652644000001,-1.0084108817399997
139,ARG,0.363,0.1082612585744109,2.56066,1.99074,0.9992600000000004,0,0.0,-1.3,-2.5,0.0,0.7346,0.9398,0.6914,2.22537338,4.31800639,6.15401391,7.62656768,-1.1893633639799996,-2.321740497400001,-0.180142366012,-0.5136313638600001,2.3586220410000007,-3.125701579000002,0.3587492277000002,-0.7372405785399998
140,GLY,0.191,0.1056415929203539,0.73158,0.94611,0.67089,0,0.0,0.03,0.48,0.4556,0.0,1.0,0.5062,1.94593693,3.76849423,5.353130559999999,6.60228899,-1.3463609099,-2.6290029532000005,-0.2006825896,-0.5718167163499998,2.238587782,-4.942556345999996,0.3562852867999996,-1.1622862719
141,GLY,0.326,0.1803097345132743,0.59373,0.8539499999999999,0.6280500000000001,2,0.142857142857143,0.03,0.48,0.4556,0.0,1.0,0.5062,1.52937133,2.96421237,4.216581710000001,5.211205619999999,-1.08874904444,-2.109549439,-0.18734682121,-0.53062090321,3.612454885999997,-5.457797454200002,0.5830169084999998,-1.349370636820001
142,TYR,1.479,0.4339788732394367,3.75024,1.34256,0.5864399999999999,5,0.384615384615385,-0.27,0.26,0.3556,0.8063,0.502,0.1605,1.38978855,2.69043948,3.8191117,4.705072050000001,-1.2949796524599997,-2.509900836120001,-0.2221429688329999,-0.62943385186,4.077724666999998,-5.044855081559997,0.7086268848000002,-1.3144184402820012
143,ASN,0.564,0.2306748466257668,2.1007,1.40598,0.4750199999999998,6,0.375,-0.1,-0.78,0.1111,0.3976,0.6747,0.8272,1.52931942,2.96378733,4.21512386,5.207693710000001,-1.0904090833000004,-2.1170316660000004,-0.1818743443299999,-0.5160876401,4.317155121,-7.158506449,0.7186389056000011,-1.7793411261999996
144,ASN,1.197,0.4895705521472393,2.38267,1.0764,0.1715999999999997,2,0.166666666666667,-0.1,-0.78,0.1111,0.3976,0.6747,0.8272,1.25019579,2.41662353,3.421621010000001,4.199258739999999,-0.8642320009500002,-1.6803784844999998,-0.139886454936,-0.3972002171200001,2.471816078999999,-6.033416151000005,0.4151274615000003,-1.4957781660000002
145,ARG,1.86,0.5547271100507009,3.72815,1.02749,0.4655100000000001,1,0.1,-1.3,-2.5,0.0,0.7346,0.9398,0.6914,0.97222302,1.87843442,2.65751908,3.25776341,-0.5092156446999999,-0.987998043,-0.0861374459,-0.2443599199,2.9816758719999976,-5.688753154000004,0.5041883532999998,-1.408899783000002
146,ASP,1.227,0.4576650503543454,2.42297,0.8733399999999999,0.5806600000000001,0,0.0,-0.1,-0.9,0.1111,0.3239,0.8675,1.0,0.8338684000000001,1.61430507,2.29186819,2.82476369,-0.5983354705000001,-1.1698028763,-0.08719325804,-0.24878935137,3.4979493040000023,-7.424313494299998,0.5343796152000005,-1.641007479019999
147,GLU,1.84,0.6744868035190615,3.00333,0.7211400000000001,0.16686,0,0.0,-0.1,-0.74,0.1111,0.4884,0.8112,0.9136,0.6939140800000001,1.33763837,1.88492839,2.29709696,-0.4570728262,-0.8859974043000001,-0.0785124192499999,-0.2225555561,3.369839549999996,-5.795805185000001,0.6043567008000005,-1.4905907169999997
148,GLY,0.33,0.1825221238938053,0.8861100000000001,0.93056,0.54744,0,0.0,0.03,0.48,0.4556,0.0,1.0,0.5062,0.9716814500000002,1.87422257,2.6437602900000003,3.22655921,-0.634402182,-1.2318114375,-0.1058904208999999,-0.3005385695,2.980289566000004,-6.083566998000001,0.5153996051999997,-1.534944739999999
149,SER,1.158,0.5321691176470588,1.64953,0.8029799999999999,0.2150200000000003,1,0.0833333333333333,-0.1,-0.18,0.4111,0.1877,0.8514,0.5309,1.25103083,2.42313472,3.4429453200000006,4.24778643,-0.8098749529999999,-1.5714520510000003,-0.136691191,-0.387730058,2.4700426200000005,-3.5757071290000013,0.4313206178999997,-0.9295171440000009
150,ASP,0.999,0.3726221559119731,2.22721,1.1697,0.5123,2,0.153846153846154,-0.1,-0.9,0.1111,0.3239,0.8675,1.0,1.53045584,2.9726540100000003,4.2441847500000005,5.273896689999999,-0.9440810508000004,-1.8300828055000005,-0.1596135227499999,-0.4517746425999999,3.341547614000001,-1.8956116705,0.5020459614999999,-0.4864389418999999
151,ASN,0.373,0.1525562372188139,1.80722,1.4291699999999998,0.6428300000000002,4,0.222222222222222,-0.1,-0.78,0.1111,0.3976,0.6747,0.8272,1.94749397,3.78054472,5.39229551,6.69050444,-1.0633420668000002,-2.0707569815,-0.16797617947,-0.47778947065,2.5179216970000016,-3.106982366,0.3653076077,-0.6631004477000003
152,ARG,1.812,0.5404115717268118,3.51477,1.24323,0.2977700000000001,3,0.214285714285714,-1.3,-2.5,0.0,0.7346,0.9398,0.6914,1.52889094,2.96046704,4.204314780000001,5.183286559999999,-1.2022634147,-2.3385241165000004,-0.19513041805,-0.5547551233000001,3.613779201000004,-5.275445773,0.5734804550000006,-1.213002644399999
153,GLY,0.523,0.2892699115044247,0.81895,0.82924,0.4557600000000001,0,0.0,0.03,0.48,0.4556,0.0,1.0,0.5062,1.2505706,2.41953472,3.43111633,4.22074753,-1.0984173068,-2.1286839267,-0.1892006514,-0.53616765554,3.920007915000003,-5.447816247999999,0.6919628689999991,-1.3748796037199975
154,SER,1.117,0.5133272058823529,1.4311699999999998,0.7715,0.2875000000000002,0,0.0,-0.1,-0.18,0.4111,0.1877,0.8514,0.5309,1.52950827,2.9652916999999994,4.22015864,5.2194793,-1.4987730502000003,-2.924753377,-0.2277212519399999,-0.6488931149,2.906242686000001,-5.579196049999996,0.4650385109999995,-1.3022707884999996
155,GLY,0.224,0.1238938053097345,0.71829,0.9381000000000002,0.6458999999999999,0,0.0,0.03,0.48,0.4556,0.0,1.0,0.5062,1.52859596,2.95824738,4.19731734,5.16818958,-1.32285102121,-2.5684279047500005,-0.219205667179,-0.621658948201,2.900108262999999,-4.96581767023,0.5140045022,-1.2549192471199988
156,ARG,2.076,0.6191470325082016,3.65614,1.11648,0.16052,0,0.0,-1.3,-2.5,0.0,0.7346,0.9398,0.6914,1.25125023,2.4248234,3.44840212,4.25997981,-1.68878863761,-3.274818582999999,-0.287112094084,-0.8137828161199999,3.688492509000001,-5.789599682800002,0.6182303983999997,-1.4196911122199998
157,SER,0.154,0.0707720588235294,1.27777,1.31117,0.7108300000000003,0,0.0,-0.1,-0.18,0.4111,0.1877,0.8514,0.5309,1.66939622,3.2413484700000006,4.6247817,5.740893249999999,-1.4193083453099995,-2.7626447247500003,-0.22767612188,-0.64774330109,3.811114009000002,-4.091336240600006,0.6014936764999997,-0.97140153006
158,TYR,1.619,0.4750586854460094,3.91942,1.26569,0.5233099999999999,0,0.0,-0.27,0.26,0.3556,0.8063,0.502,0.1605,1.25271463,2.43630579,3.4862355599999995,4.34678223,-1.4405735887,-2.8022560667,-0.2302669715799999,-0.6538048019,3.889734447000001,-5.615027577500003,0.6032801667000004,-1.3695211978000008
159,ASN,1.646,0.6732106339468302,2.64599,0.6666400000000001,0.1323599999999998,0,0.0,-0.1,-0.78,0.1111,0.3976,0.6747,0.8272,1.11298091,2.16135496,3.08490128,3.83182845,-1.02997779684,-2.0042279939000003,-0.16472950665,-0.46813015194,4.632981761999994,-4.891109687699996,0.7481161619000003,-1.197403598800001
160,ASN,0.14,0.0572597137014315,1.81385,1.6323700000000003,0.6726299999999994,0,0.0,-0.1,-0.78,0.1111,0.3976,0.6747,0.8272,1.53000631,2.96912024,4.23251023,5.24701577,-1.3653810510810411,-2.6679118083456883,-0.20347502324157,-0.5807970071386594,3.145595596999998,-4.253000584428439,0.4747973491,-0.9653118289732976
161,ASP,1.339,0.4994405072734054,2.49506,0.76247,0.5795300000000001,0,0.0,-0.1,-0.9,0.1111,0.3239,0.8675,1.0,0.97321551,1.8862197,2.68318164,3.3166731800000004,-0.9564195824,-1.8555667995,-0.15998419255,-0.45330111276,4.75315013099999,-4.385014352099998,0.7474441819000015,-1.1647310183000004
162,ARG,2.475,0.7381449448255294,4.01192,0.70331,0.1746900000000001,0,0.0,-1.3,-2.5,0.0,0.7346,0.9398,0.6914,0.83376557,1.6134786799999998,2.28907473,2.81813749,-0.93375406863,-1.8060938611,-0.165098060587,-0.4669737234799999,4.982597479999991,-6.260620177560005,0.8383109807000003,-1.6794202960500004
163,ARG,1.289,0.3844318520727706,3.42643,1.5937200000000002,0.4702799999999998,0,0.0,-1.3,-2.5,0.0,0.7346,0.9398,0.6914,1.66984091,3.24484828,4.63635805,5.76759048,-0.8460196944999999,-1.65038456498,-0.129361290608,-0.368475292245,4.323458718999999,-3.714612938000002,0.6640847749999998,-0.826472783
164,ASP,0.868,0.3237597911227154,2.18857,1.19428,0.6187200000000002,0,0.0,-0.1,-0.9,0.1111,0.3239,0.8675,1.0,1.80719039,3.5012535300000005,4.97709093,6.1450291,-1.1962528622,-2.32431348031,-0.1972875818429999,-0.5602351362159999,3.804959833000002,-5.964532926530002,0.6451374733000006,-1.4758525273999996
165,ASN,1.101,0.4503067484662577,2.31719,1.1414300000000002,0.2025699999999997,0,0.0,-0.1,-0.78,0.1111,0.3976,0.6747,0.8272,1.66926454,3.24034512,4.62157808,5.733858439999999,-1.713161065375729,-3.332697531804021,-0.2763412497628204,-0.7854304632197754,3.6934094600000025,-7.750146630000005,0.5757242855999997,-1.7272648765
166,GLY,0.705,0.389933628318584,1.00342,0.8079299999999999,0.2950700000000003,0,0.0,0.03,0.48,0.4556,0.0,1.0,0.5062,1.53117384,2.97824109,4.262445270000001,5.31533729,-0.99984918106,-1.94932221387,-0.154185521743,-0.43885724558,5.620281528000007,-7.030998700059999,0.8628096548999997,-1.7170505839800017
167,GLY,0.947,0.5237831858407079,1.00109,0.7418899999999999,0.1191100000000001,0,0.0,0.03,0.48,0.4556,0.0,1.0,0.5062,1.1133616,2.16433644,3.0947119899999995,3.85429835,-0.8668021110000002,-1.6878503756,-0.1367572326699999,-0.3888160947000001,5.496372709999998,-6.816280442199998,0.8865795910999987,-1.6911619270999994
168,ASP,1.496,0.5580007459903021,2.22573,0.89903,0.28597,0,0.0,-0.1,-0.9,0.1111,0.3239,0.8675,1.0,0.8344288200000001,1.61868741,2.30626542,2.85766545,-1.1227976546,-2.1815907039999995,-0.1830484050699999,-0.5192280420000001,5.614329809999999,-10.822463927000005,0.9064020971999988,-2.708684639200005
169,GLY,1.305,0.72179203539823,1.65369,0.52624,-0.0232399999999999,0,0.0,0.03,0.48,0.4556,0.0,1.0,0.5062,0.55671564,1.08244046,1.54824958,1.92918851,-0.750508141,-1.466515645,-0.1113149717,-0.3176092965000001,5.182496568000003,-9.019744077000013,0.8374723164999982,-2.0228465143000003
