2,MET,2.544,0.8531187122736418,2.74542,0.40246,0.0355400000000001,0,0.0,0.8,0.64,0.7111,0.6196,0.0,0.0988,0.2774348399999999,0.53405192,0.75073928,0.91164717,-0.2464092559999999,-0.47704714,-0.043101609,-0.12203747,0.3526445820000001,-1.13097757,0.06325665,-0.295922411
3,GLU,1.843,0.6755865102639296,2.90945,0.96571,-0.0807099999999998,1,0.5,-0.1,-0.74,0.1111,0.4884,0.8112,0.9136,0.41553827,0.7963341399999999,1.1107181700000002,1.33288416,-0.236044257,-0.4541908149999999,-0.044965783,-0.126690279,0.4694611439999999,-1.3763917759999995,0.0898334183999999,-0.3821206639999999
4,SER,0.985,0.4526654411764705,1.54723,0.9132,0.2778000000000002,1,0.333333333333333,-0.1,-0.18,0.4111,0.1877,0.8514,0.5309,0.69448418,1.34210389,1.8996256700000005,2.33076822,-0.2356188,-0.46211185,-0.0321584651,-0.0920619199999999,0.5115904579999999,-1.5112760750000005,0.0727548599,-0.3119987789999999
5,ASN,1.262,0.516155419222904,2.45139,0.89378,0.2892199999999998,1,0.333333333333333,-0.1,-0.78,0.1111,0.3976,0.6747,0.8272,0.5547321199999999,1.0670299399999998,1.4979572400000003,1.81526762,-0.359518336,-0.694842846,-0.064574834,-0.182611196,0.5090151999999999,-1.499048576,0.0942103401999999,-0.3990459999999998
6,GLN,1.429,0.4970434782608696,2.79238,0.99047,0.45553,0,0.0,-0.1,-0.85,0.1111,0.5388,0.7952,0.6914,0.55479946,1.0675563499999998,1.49968556,1.81921389,-0.484222371,-0.93476465,-0.0882172734999999,-0.249167814,0.5872017279999999,-1.7629231080000003,0.1092360806,-0.4785391580000001
7,SER,1.212,0.556985294117647,1.74449,0.7428200000000001,0.22118,0,0.0,-0.1,-0.18,0.4111,0.1877,0.8514,0.5309,0.8341488499999999,1.6164907,2.29902308,2.84103647,-0.7518875300000001,-1.467866931,-0.1132173407,-0.322700755,2.1235506969999998,-5.789305605999993,0.3158647980000001,-1.2759919289999997
8,ASN,1.506,0.6159509202453988,2.4330000000000003,0.8783799999999999,0.0606199999999998,0,0.0,-0.1,-0.78,0.1111,0.3976,0.6747,0.8272,0.69411862,1.33924961,1.89026251,2.30941235,-0.8229561009999998,-1.590924884,-0.1462984388,-0.4135243875,3.529805999000009,-9.01019587600001,0.602874817,-2.262227101499998
9,ASN,1.277,0.5222903885480572,2.35611,1.01888,0.1491199999999999,0,0.0,-0.1,-0.78,0.1111,0.3976,0.6747,0.8272,0.97333209,1.88711117,2.68604024,3.32298974,-0.7130204016399998,-1.38885491178,-0.112368088139,-0.31972186941,3.416824924000004,-6.890371180600001,0.5441812099000005,-1.5807837796799984
10,GLY,0.545,0.3014380530973451,0.91597,0.81943,0.4435699999999999,0,0.0,0.03,0.48,0.4556,0.0,1.0,0.5062,1.11223653,2.1555543800000003,3.0659146999999995,3.78865382,-0.7678818310000001,-1.498641327,-0.1163929,-0.3316846520000001,2.6696495849999944,-6.850389065999992,0.4347145135,-1.6407422819999995
11,GLY,0.224,0.1238938053097345,0.78227,0.95864,0.6253600000000001,0,0.0,0.03,0.48,0.4556,0.0,1.0,0.5062,1.11094048,2.14545633,3.03286694,3.71351774,-0.681066942,-1.3225726909999995,-0.1133200081,-0.3216459819999999,2.589211817000004,-6.579101895999995,0.4405546889999995,-1.617405010000001
12,SER,1.05,0.4825367647058823,1.46411,0.8535300000000001,0.27247,0,0.0,-0.1,-0.18,0.4111,0.1877,0.8514,0.5309,0.97184583,1.87550517,2.64796641,3.23614856,-0.534482074,-1.035541202,-0.0925473195,-0.2622614152999999,2.506947458000003,-3.9363898069999994,0.458570544,-1.0285172146999997
13,GLY,0.527,0.2914823008849557,0.8348099999999999,0.81716,0.4638400000000001,0,0.0,0.03,0.48,0.4556,0.0,1.0,0.5062,1.11194533,2.15328683,3.05849963,3.7718139,-0.60185728712,-1.1769273461,-0.08785001593,-0.25084692272,2.6737207980000006,-3.0139806904000017,0.3981757440999996,-0.6494561989399996
14,ASN,1.136,0.4646216768916155,2.37866,1.01534,0.2936599999999998,0,0.0,-0.1,-0.78,0.1111,0.3976,0.6747,0.8272,1.25152498,2.42701964,3.4557861199999995,4.27737345,-0.6043422635,-1.1831891142000002,-0.0857396206499999,-0.2450100440000001,3.186036393000003,-3.4466001323999995,0.4619153526999999,-0.7460726902000001
15,ALA,0.964,0.4419990829894543,1.21549,0.81308,0.40392,0,0.0,0.77,0.62,0.7,0.1645,0.249,0.3951,1.25121517,2.42460125,3.44785556,4.259294399999999,-0.9813467283800004,-1.92042287513,-0.14058286693,-0.4015631535599998,3.580251249000004,-4.890995674410001,0.5154874967000003,-1.0384348411900013
16,ALA,0.483,0.2214580467675378,1.11557,1.11656,0.58144,0,0.0,0.77,0.62,0.7,0.1645,0.249,0.3951,1.11159958,2.15055045,3.0493953000000005,3.75065549,-1.1704699226999995,-2.271326688900001,-0.1978979861099999,-0.5615893924400001,4.039097566000008,-6.5239045564,0.7014861556000015,-1.6365935132399991
17,LEU,1.618,0.6087283671933785,2.5009,0.8813200000000001,0.1586799999999997,0,0.0,1.4,1.1,0.9222,0.663,0.2811,0.0,1.11339788,2.16463019,3.0957135,3.85669952,-1.1077620168599998,-2.13992376997,-0.198274564552,-0.5598670619700002,5.578186761000006,-6.409274957999991,0.8735129447000002,-1.6458524847000011
18,ASN,0.662,0.2707566462167689,2.12557,1.34195,0.4410499999999999,0,0.0,-0.1,-0.78,0.1111,0.3976,0.6747,0.8272,1.94888383,3.79138835,5.427837600000001,6.77147932,-1.3299576232,-2.5965998602,-0.19989424257,-0.5697870588,4.282515430999998,-8.05131401140001,0.6699247461999996,-1.8076941939000009
19,ARG,0.872,0.2600656128839845,3.21559,1.75812,0.7228800000000002,0,0.0,-1.3,-2.5,0.0,0.7346,0.9398,0.6914,2.08716418,4.05499704,5.791986850000002,7.20168812,-1.2911733549999995,-2.519028594499999,-0.1961337162,-0.5585307916000001,4.1194437159999975,-6.111902749000003,0.6927484229000005,-1.409521790200001
20,GLY,0.519,0.2870575221238938,0.96794,0.93498,0.3540200000000001,0,0.0,0.03,0.48,0.4556,0.0,1.0,0.5062,1.66973732,3.24406474,4.633877450000001,5.762209049999999,-0.6675300423000001,-1.2898174725999998,-0.11886505829,-0.3356633207999999,3.8479040850000015,-1.8106759225999984,0.6195693100999999,-0.5080477266000006
21,GLY,0.716,0.3960176991150442,0.89264,0.81354,0.27846,0,0.0,0.03,0.48,0.4556,0.0,1.0,0.5062,1.11286423,2.16044914,3.0819479000000003,3.82514819,-0.9478658295,-1.8343779401,-0.1658185505,-0.4691041032900001,4.243002798,-4.339855351900001,0.6643031751000007,-1.0617487882300012
22,ARG,2.304,0.6871458395466745,4.04457,0.7685099999999999,0.2804900000000004,0,0.0,-1.3,-2.5,0.0,0.7346,0.9398,0.6914,0.97387152,1.89133312,2.69992567,3.35477121,-1.13061582991,-2.20094237386,-0.1794482677349999,-0.510142076103,4.951665169000001,-8.17425033006,0.7602328000999992,-1.9395594440400008
23,TYR,1.499,0.4398474178403756,3.8949,1.22295,0.6860499999999998,1,0.333333333333333,-0.27,0.26,0.3556,0.8063,0.502,0.1605,0.83402658,1.61554253,2.29593654,2.83407121,-1.0619783591000005,-2.0659053219,-0.1690375408099999,-0.4798536516,4.084252352999997,-8.931920841299998,0.6478438758999997,-2.130799205839997
24,VAL,1.375,0.5646817248459959,1.99058,0.76773,0.29227,1,0.25,1.6,1.1,0.9667,0.4924,0.3655,0.1235,0.8340424000000001,1.6156494,2.29622761,2.83455058,-0.539826788,-1.048744549,-0.0887694829,-0.251923067,2.3513159889999984,-6.279080330999996,0.4167980229000001,-1.6386898510000008
25,PRO,0.658,0.2950672645739911,1.50312,1.32057,0.25143,2,0.4,-0.37,0.12,0.3222,0.3764,0.8594,0.3827,0.83377589,1.61357858,2.28947088,2.81925319,-0.5243988720000001,-1.022886958,-0.0798300438,-0.2272606669999999,2.3570830540000003,-6.386177512000003,0.3703181106,-1.47085886
26,PRO,1.192,0.5345291479820627,2.01643,0.87903,0.15897,1,0.166666666666667,-0.37,0.12,0.3222,0.3764,0.8594,0.3827,0.83358251,1.6120679999999998,2.28451163,2.80792844,-0.495239349,-0.966109558,-0.0754718827,-0.214921197,2.7879885519999976,-8.107285995999998,0.4461174563999997,-1.8713019939999984
27,HIS,1.58,0.5714285714285714,3.08805,1.03773,0.14727,1,0.125,-0.91,-0.4,0.1444,0.561,0.1124,0.679,0.69411193,1.33918589,1.890013,2.3087186500000003,-0.5087687740000001,-0.987119739,-0.0860640695,-0.2441383419999999,2.667103994000001,-7.208176120000003,0.4571793892,-1.7492732480000006
28,LEU,1.615,0.607599699021821,2.49248,0.90738,0.1356199999999998,0,0.0,1.4,1.1,0.9222,0.663,0.2811,0.0,0.8337349599999999,1.6132642,2.28845714,2.81699411,-0.730340323,-1.419720265,-0.1190384563999999,-0.338045699,2.5163990430000007,-6.113107975000003,0.3757125416999998,-1.310609217
29,ARG,2.565,0.7649865791828213,3.9573,0.86621,-0.0782099999999997,0,0.0,-1.3,-2.5,0.0,0.7346,0.9398,0.6914,0.83390877,1.61459464,2.29272557,2.82643351,-0.8771246816000001,-1.6944403026999997,-0.1573126986199999,-0.44431132315,1.5297335199999995,-3.195098808200001,0.2604265125000001,-0.8208432719999997
30,GLY,0.645,0.3567477876106195,0.97412,0.8359,0.3271,1,0.0833333333333333,0.03,0.48,0.4556,0.0,1.0,0.5062,1.2520142,2.43080205,3.46806173,4.30496592,-0.6056207925999999,-1.1748274750000005,-0.1020711340999999,-0.28932127,1.060313902,-2.2171236210000003,0.1701748245999999,-0.5242948960000001
31,GLY,0.461,0.2549778761061947,0.88897,0.8835,0.4635,2,0.111111111111111,0.03,0.48,0.4556,0.0,1.0,0.5062,1.24963524,2.41233201,3.40783103,4.16867953,-0.4950401779999999,-0.961799263,-0.0814841652,-0.231312674,0.7851741159999999,-2.11000301,0.1281879060999999,-0.5112377180000001
32,ASP,1.316,0.4908616187989556,2.32837,0.91394,0.4510599999999999,2,0.153846153846154,-0.1,-0.9,0.1111,0.3239,0.8675,1.0,1.11159994,2.15058492,3.0496165500000005,3.75149117,-0.5480308970000001,-1.0691211210000002,-0.0836838521,-0.238356709,0.7860166739999997,-2.092522269,0.121141369,-0.4667157200000001
33,GLY,0.87,0.4811946902654867,0.95703,0.65246,0.28554,1,0.166666666666667,0.03,0.48,0.4556,0.0,1.0,0.5062,0.83384274,1.61410201,2.2911929,2.82319527,-0.443142127,-0.8615164989999999,-0.0718013924,-0.2038361825,0.8636450379999999,-1.6703351889999998,0.1402387454,-0.4097907166
34,GLY,0.964,0.5331858407079646,1.00102,0.6420899999999999,0.2019100000000001,0,0.0,0.03,0.48,0.4556,0.0,1.0,0.5062,0.6939140800000001,1.33763837,1.88492839,2.29709696,-0.4240450343,-0.8209241870000001,-0.0742553826,-0.2102577199999999,1.4487752359999997,-1.957229368,0.2676428698,-0.518071155
35,ALA,0.643,0.2948188904172398,1.02029,1.09597,0.4420300000000001,1,0.0714285714285714,0.77,0.62,0.7,0.1645,0.249,0.3951,0.97094245,1.86850558,2.62518858,3.18475339,-0.3724522989,-0.7217871389999999,-0.064204638,-0.1819543894999999,0.862035503,-1.5569257339999998,0.1550018857999999,-0.3940422475
36,ALA,1.042,0.4777624942686841,1.26406,0.7955800000000001,0.3434199999999999,0,0.0,0.77,0.62,0.7,0.1645,0.249,0.3951,1.11139058,2.14896269,3.0443346900000003,3.7395619,-0.4805846301999999,-0.9293979441,-0.08529422023,-0.2412464147399999,0.8618613310000001,-2.1916441513,0.1557913782999999,-0.58739671222
37,ALA,0.932,0.427326914259514,1.30424,0.8716999999999999,0.3773000000000002,0,0.0,0.77,0.62,0.7,0.1645,0.249,0.3951,1.11227873,2.15588066,3.06697388,3.79103454,-0.646473823,-1.251340562,-0.11285489505,-0.3193488931,0.8638850620000001,-1.67212488,0.1390369129999999,-0.4086020060000001
38,ALA,1.182,0.5419532324621733,1.27624,0.81874,0.1802600000000001,0,0.0,0.77,0.62,0.7,0.1645,0.249,0.3951,0.9738015,1.89077663,2.69806487,3.35041714,-0.8195658657,-1.5954831069999995,-0.129579226,-0.3682586577,0.9422167599999998,-2.081654014,0.1524399612,-0.492541329
39,ALA,0.984,0.4511691884456671,1.21611,0.86295,0.33405,0,0.0,0.77,0.62,0.7,0.1645,0.249,0.3951,0.69441255,1.34154602,1.89780084,2.32662242,-0.680854304,-1.32261728,-0.111960966,-0.317681771,0.9417521670000004,-2.66210368,0.1565670214999999,-0.630229294
40,SER,1.363,0.6263786764705882,1.52264,0.69815,0.1148500000000001,0,0.0,-0.1,-0.18,0.4111,0.1877,0.8514,0.5309,0.6945539000000001,1.34264785,1.90140791,2.33482608,-0.655518511,-1.279046108,-0.0996945862,-0.284012102,0.9428942789999998,-2.3036091569999995,0.1478185609,-0.537536547
41,ALA,1.109,0.5084823475469967,1.27995,0.8146100000000001,0.25739,0,0.0,0.77,0.62,0.7,0.1645,0.249,0.3951,0.6942723900000001,1.3404419,1.89414481,2.31817835,-0.618628117,-1.200547249,-0.1035004314999999,-0.293441333,1.3326514489999997,-3.6155136300000015,0.2348296457,-0.9296561490000004
42,GLY,0.853,0.47179203539823,0.95438,0.75864,0.1963600000000001,0,0.0,0.03,0.48,0.4556,0.0,1.0,0.5062,0.8344061,1.61850449,2.30564709,2.85619961,-0.626617715,-1.221237965,-0.0966099298999999,-0.274724694,2.120778389,-5.520214905000001,0.3361217942999999,-1.3007531090000009
43,GLY,0.757,0.4186946902654867,1.03268,0.73134,0.3196600000000001,0,0.0,0.03,0.48,0.4556,0.0,1.0,0.5062,0.69446463,1.34194669,1.89909373,2.32950473,-0.600846659,-1.1638661760000002,-0.1036586393,-0.2934709925,2.117086151,-4.975248699999996,0.3674214742000002,-1.3081145090000013
44,ASP,1.491,0.556135770234987,2.54437,0.78683,0.4031699999999999,0,0.0,-0.1,-0.9,0.1111,0.3239,0.8675,1.0,0.69441418,1.34154743,1.89776459,2.3264126,-0.34348901222,-0.6663591974399999,-0.057962682473,-0.16432793302,1.9610784510000003,-2.4469467591000025,0.3347969793,-0.6076475966599999
45,ASP,1.016,0.3789630734800447,2.34216,1.10664,0.55836,0,0.0,-0.1,-0.9,0.1111,0.3239,0.8675,1.0,0.97357691,1.88904216,2.69244404,3.33781102,-0.594336322,-1.166524775,-0.0796530929699999,-0.2281799631999999,2.795531758000001,-6.245322247000001,0.3828138445999998,-1.2315846379000008
46,ARG,2.691,0.80256486728303,4.16489,0.64534,0.0166600000000003,0,0.0,-1.3,-2.5,0.0,0.7346,0.9398,0.6914,0.83382401,1.6139374999999998,2.29058842,2.8216163400000003,-0.5522139387,-1.0761470664,-0.0863073883,-0.2456797577999999,2.4730996289999974,-4.741626190999998,0.4062813535,-1.0820161035000002
47,ARG,1.833,0.5466746197435133,3.65057,1.19092,0.3290800000000002,0,0.0,-1.3,-2.5,0.0,0.7346,0.9398,0.6914,0.8334986600000001,1.61141854,2.28240074,2.80317562,-0.9334225044000002,-1.8161664605,-0.149428205555,-0.4246292601700001,1.9205640620000013,-5.3526823809999975,0.3387560556000001,-1.3704568770000003
48,GLY,0.982,0.5431415929203539,0.9796,0.63759,0.18841,0,0.0,0.03,0.48,0.4556,0.0,1.0,0.5062,0.8341064200000001,1.61615146,2.29788153,2.8383438,-0.974271745,-1.89055118,-0.1629902181999999,-0.4619997502999999,1.8020975820000005,-4.528954707999999,0.3228528455000002,-1.1870863249999997
49,GLY,0.795,0.439712389380531,0.93936,0.7540400000000002,0.2589599999999997,0,0.0,0.03,0.48,0.4556,0.0,1.0,0.5062,1.3922901900000002,2.70998958,3.88330308,4.85166386,-0.82585754967,-1.61005526994,-0.1264565459559999,-0.35965849995,2.5944838449999974,-3.1162075885800005,0.3913933074,-0.7453585585800008
50,ALA,0.908,0.4163227877120587,1.22045,1.01323,0.25977,0,0.0,0.77,0.62,0.7,0.1645,0.249,0.3951,1.53163043,2.98181239,4.27418154,5.34216999,-0.9854613426700002,-1.9251781941000004,-0.145725520846,-0.41544306957,1.2977348890000004,-2.33839716,0.1912754443999999,-0.5186585582000001
51,GLY,0.813,0.4496681415929203,1.01901,0.73548,0.2595200000000001,0,0.0,0.03,0.48,0.4556,0.0,1.0,0.5062,1.25283365,2.4372143,3.48914412,4.35319463,-1.3233654068999998,-2.5794084049999992,-0.2056805409399999,-0.5854449179000001,1.1005278529999996,-2.4197290339999995,0.168653241,-0.5443138970000001
52,GLY,0.651,0.3600663716814159,1.01558,0.72334,0.43366,0,0.0,0.03,0.48,0.4556,0.0,1.0,0.5062,1.2524862100000005,2.4344913100000003,3.48017602,4.33263117,-1.2375727096999998,-2.4048537802000003,-0.2023088776799999,-0.5741497574700001,1.4134291100000007,-2.648726875,0.2284085926,-0.6581704698000002
53,GLY,0.698,0.3860619469026548,0.8752599999999999,0.8414499999999999,0.2685500000000002,0,0.0,0.03,0.48,0.4556,0.0,1.0,0.5062,1.6707361400000005,3.25182678,4.65920987,5.81958701,-0.9480054165,-1.8441908195,-0.1528363063799999,-0.43436982653,1.5714252989999993,-2.6259546295,0.2463234047,-0.5967667950300001
54,GLY,0.459,0.2538716814159292,0.6805800000000001,0.93487,0.41413,1,0.0416666666666667,0.03,0.48,0.4556,0.0,1.0,0.5062,2.0879034900000004,4.06070456,5.81047966,7.243157,-0.7567663843999999,-1.4716344189999997,-0.122129046,-0.3468274979700001,1.4938339190000005,-2.413303387,0.2270723295,-0.543241766
55,TYR,1.027,0.3013497652582159,3.53405,1.62079,0.7602100000000003,4,0.19047619047619,-0.27,0.26,0.3556,0.8063,0.502,0.1605,1.94766585,3.78191589,5.39688972,6.70127019,-0.52901582586,-1.0265644159299998,-0.088347501183,-0.25039478173,1.4153787000000009,-1.4162635931600005,0.2131360541,-0.31514733377
56,ARG,1.71,0.5099910527885475,3.66242,1.18539,0.4576100000000003,4,0.266666666666667,-1.3,-2.5,0.0,0.7346,0.9398,0.6914,0.97172003,1.87450473,2.64462199,3.22832891,-0.8220009888,-1.5860794208,-0.15111359771,-0.42677864977,2.155592500000001,-2.2723744058,0.3840304937,-0.62085115217
57,ARG,2.691,0.80256486728303,4.01497,0.69807,-0.0360699999999996,2,0.333333333333333,-1.3,-2.5,0.0,0.7346,0.9398,0.6914,0.8338090599999999,1.61383879,2.29032873,2.82122227,-0.8998848150000001,-1.7503711732599998,-0.14473909821,-0.41114684395,2.3174944560000013,-2.9532461929800022,0.3651032023999997,-0.7397569197499999
58,GLY,0.699,0.3866150442477876,0.93001,0.73373,0.37527,2,0.181818181818182,0.03,0.48,0.4556,0.0,1.0,0.5062,0.97327261,1.88663102,2.68441014,3.31910233,-0.8589526948399999,-1.6736160676,-0.1348703101999999,-0.3838963988,1.532806470999999,-1.5307123763,0.2357647815,-0.3606877316
59,GLY,0.265,0.1465707964601769,0.6756699999999999,0.90399,0.6390100000000001,2,0.117647058823529,0.03,0.48,0.4556,0.0,1.0,0.5062,1.39069932,2.6975566900000003,3.84248131,4.758444450000001,-0.7991020227999999,-1.5507958311,-0.1339775986899999,-0.3799427081,1.5718161540000004,-2.3900691240000005,0.2438635602999999,-0.5958713744999998
60,GLY,0.659,0.3644911504424779,0.8954000000000001,0.8053,0.3437,2,0.0869565217391304,0.03,0.48,0.4556,0.0,1.0,0.5062,1.80775208,3.505543030000001,4.9908347200000005,6.17538044,-0.8284700347999998,-1.6062977986000002,-0.1408584159499999,-0.3991244644,1.4118817009999995,-2.666247794,0.2429429045,-0.6986634743000001
61,ASN,0.628,0.2568507157464212,2.19495,1.4029,0.4140999999999997,2,0.111111111111111,-0.1,-0.78,0.1111,0.3976,0.6747,0.8272,1.5293138200000005,2.96373732,4.214935329999999,5.207185979999999,-0.41392565624,-0.7943289572,-0.081720813094,-0.22982935758,2.5484441539999985,-1.1403284134999998,0.4456867004999999,-0.34048783364
62,SER,1.262,0.5799632352941176,1.49869,0.8252999999999999,0.0887000000000002,0,0.0,-0.1,-0.18,0.4111,0.1877,0.8514,0.5309,1.2521278800000002,2.43168839,3.4709646500000004,4.31157119,-0.8660097258000001,-1.6812796998999997,-0.14422653276,-0.40911340446,2.318856201999998,-2.144089691,0.3577396006,-0.5208284602
63,GLY,0.986,0.5453539823008849,1.01194,0.6222699999999999,0.1997300000000001,0,0.0,0.03,0.48,0.4556,0.0,1.0,0.5062,0.83425056,1.61727509,2.30156018,2.84671083,-0.9020771249,-1.7514390786999996,-0.14962254936,-0.4243219334699999,2.865422355999999,-4.6274565927,0.4685010398000002,-1.177974945539999
64,GLY,0.744,0.411504424778761,1.02904,0.75585,0.30815,0,0.0,0.03,0.48,0.4556,0.0,1.0,0.5062,1.11279597,2.15991499,3.08019153,3.82113018,-1.0029629097,-1.959046788,-0.1501840243,-0.4284367208599998,2.476407053000001,-4.548502858999999,0.3791597355000001,-1.0157058128999998
65,GLY,0.964,0.5331858407079646,0.96583,0.7019,0.1421000000000001,0,0.0,0.03,0.48,0.4556,0.0,1.0,0.5062,0.97390398,1.89157685,2.70068981,3.35640373,-0.6426405250000001,-1.253421131,-0.09817192905,-0.27947544187,2.316275936,-2.327686104000001,0.3748734943999999,-0.5360302569
66,GLY,0.889,0.4917035398230088,1.03341,0.7380699999999999,0.1809300000000001,0,0.0,0.03,0.48,0.4556,0.0,1.0,0.5062,1.11313624,2.16259292,3.08905171,3.841573,-1.0315216117,-2.013196175,-0.15604127117,-0.4446047824999999,1.848932378,-3.9454195779999983,0.2677218409,-0.8326871511000001
67,GLY,0.968,0.5353982300884955,0.93155,0.72447,0.1155300000000001,0,0.0,0.03,0.48,0.4556,0.0,1.0,0.5062,1.2524856800000002,2.43448856,3.48017161,4.33263529,-1.1722430409,-2.2879936016,-0.17843794326,-0.5087825626,2.044413321,-4.038909863,0.3091586163999997,-0.8996987690999999
68,GLY,0.885,0.4894911504424779,0.95862,0.73597,0.18703,0,0.0,0.03,0.48,0.4556,0.0,1.0,0.5062,0.8338642099999999,1.61427307,2.29176634,2.82454157,-0.69879977996,-1.35179816494,-0.1223131846899999,-0.34571479809,1.6473366660000004,-2.560646374820001,0.2793071687000001,-0.6934107623700002
69,GLY,0.941,0.5204646017699115,0.98774,0.69235,0.17465,0,0.0,0.03,0.48,0.4556,0.0,1.0,0.5062,0.8344271000000001,1.61867208,2.30620974,2.85752354,-0.6481614716700002,-1.26191726212,-0.102249619531,-0.29060669948,1.4525073639999997,-2.56418729036,0.2347481220999999,-0.67796985384
70,TYR,2.016,0.5915492957746479,3.93281,1.20866,0.1833399999999998,1,0.2,-0.27,0.26,0.3556,0.8063,0.502,0.1605,0.83361522,1.6123099,2.28525918,2.8094922,-0.554902913,-1.082892345,-0.084559206,-0.241025529,1.920680289,-3.262733754999997,0.3379190434999999,-0.7813486063999993
71,ASP,1.206,0.4498321521820216,2.21668,0.9113,0.5637000000000001,2,0.4,-0.1,-0.9,0.1111,0.3239,0.8675,1.0,0.8342645,1.6173898799999995,2.30195856,2.84768784,-0.4527318669999999,-0.881406518,-0.0711208706999999,-0.202032235,2.788805511999998,-5.451077726,0.4400439944999998,-1.2930909009999998
72,ARG,1.707,0.5090963316433045,3.30859,1.35539,0.2906100000000002,2,0.333333333333333,-1.3,-2.5,0.0,0.7346,0.9398,0.6914,0.8337578800000001,1.61344533,2.2890595,2.81839337,-0.5624849380000001,-1.0954643670000002,-0.0886007732,-0.251996952,2.358544516999999,-5.596674408,0.3564553600000002,-1.2736582639999998
73,GLY,0.722,0.3993362831858407,0.93727,0.68605,0.39995,1,0.166666666666667,0.03,0.48,0.4556,0.0,1.0,0.5062,0.69442223,1.34160716,1.89794973,2.32680204,-0.54633251,-1.059942611,-0.0920511969999999,-0.260976616,1.7654879689999987,-4.037607128000001,0.2976920836999999,-0.9766340650000006
74,TYR,1.509,0.442781690140845,3.60365,1.55248,0.3465200000000001,3,0.5,-0.27,0.26,0.3556,0.8063,0.502,0.1605,0.83390019,1.61455467,2.29269187,2.82665769,-0.4857488239999999,-0.944419696,-0.0782131438,-0.221953033,2.473939001,-5.556628691999999,0.3944813763000001,-1.3196789519999994
75,ASN,1.017,0.4159509202453987,2.12309,1.18003,0.24797,2,0.4,-0.1,-0.78,0.1111,0.3976,0.6747,0.8272,0.83385402,1.61418671,2.29145793,2.82375997,-0.374634811,-0.7292107030000001,-0.0596574036,-0.1696018038,2.1220675100000004,-3.541316698999999,0.3288181550000001,-0.8346905925
76,ASP,1.228,0.4580380455054084,2.49626,0.8744000000000001,0.5786,2,0.5,-0.1,-0.9,0.1111,0.3239,0.8675,1.0,0.55493656,1.06862682,1.5031960700000002,1.82721762,-0.5281522120000001,-1.017885212,-0.0982610637999999,-0.277117629,1.683108614000002,-4.290102212999997,0.3144706008,-1.2146131920000005
77,ASN,0.764,0.3124744376278119,2.27047,1.39443,0.2865699999999997,0,0.0,-0.1,-0.78,0.1111,0.3976,0.6747,0.8272,0.83360439,1.6122286099999998,2.28500383,2.80894571,-0.4454513483999999,-0.8686748900000001,-0.0689499966,-0.1964555577,1.137862342,-1.7116767620000002,0.1908404675999999,-0.3953537157000001
78,ARG,2.382,0.7104085893229943,3.78457,0.94407,0.0269300000000001,0,0.0,-1.3,-2.5,0.0,0.7346,0.9398,0.6914,0.83410662,1.61616463,2.29796585,2.8386641,-0.7265996199,-1.4173025599999998,-0.1108705421,-0.3156945782,1.2965469040000008,-2.9258161726000007,0.2014383626999999,-0.6664987648999998
79,ASP,1.594,0.5945542707944796,2.47086,0.86475,0.2222499999999999,0,0.0,-0.1,-0.9,0.1111,0.3239,0.8675,1.0,0.6945796100000001,1.34285101,1.90208349,2.33639558,-1.1328955874000002,-2.201972009,-0.1834235836999999,-0.5204030654999999,1.3337011539999992,-3.026711803,0.2250390144999999,-0.7701267713000001
80,ASP,0.656,0.2446848190973517,2.06659,1.3792,0.6457999999999999,0,0.0,-0.1,-0.9,0.1111,0.3239,0.8675,1.0,1.11204582,2.15404393,3.06088685,3.7769632,-1.1537885011999995,-2.2432695638,-0.1889653931599999,-0.5371299743599998,2.041260507,-2.7062966316,0.3354904162999998,-0.6595551126999998
81,ARG,2.057,0.6134804652549954,3.81393,1.06632,0.2296800000000003,0,0.0,-1.3,-2.5,0.0,0.7346,0.9398,0.6914,1.39166773,2.70511135,3.86723793,4.814828970000001,-0.9934510992000004,-1.9244224568,-0.17080934862,-0.4834637256599999,1.7276854879999994,-1.680540638100001,0.278197114,-0.4462052724
82,ASP,0.561,0.2092502797463633,1.9179,1.35673,0.7632700000000001,3,0.136363636363636,-0.1,-0.9,0.1111,0.3239,0.8675,1.0,1.80743881,3.50319214,4.983451419999999,6.159546409999999,-0.4464448176,-0.8627485896,-0.08010883853,-0.2264552181,1.0582861360000002,-1.8887707058,0.1862076407,-0.4954066196999999
83,ASN,0.845,0.3456032719836401,2.13237,1.1899899999999997,0.4100100000000002,2,0.0833333333333333,-0.1,-0.78,0.1111,0.3976,0.6747,0.8272,1.94622629,3.77069441,5.360145360000001,6.617670230000001,-0.303740416,-0.592417003,-0.0467953569,-0.1333329738,1.100546942,-1.6528725965000002,0.1687651686,-0.3701936941
84,ARG,1.783,0.5317626006561288,3.96663,1.2037099999999998,0.3662900000000004,0,0.0,-1.3,-2.5,0.0,0.7346,0.9398,0.6914,1.80967181,3.52049502,5.039755489999999,6.28657163,-0.3072871159,-0.5983174195,-0.04865456876,-0.1383549694999999,1.0597396699999997,-1.3614710125000002,0.1747678611000001,-0.3155144965999999
85,GLY,0.424,0.2345132743362831,0.7893600000000001,0.90442,0.4795800000000001,0,0.0,0.03,0.48,0.4556,0.0,1.0,0.5062,1.8073639500000005,3.50258622,4.98138709,6.15459881,-0.3918289388,-0.7632874550000001,-0.06128840925,-0.1743082355,1.2558172390000004,-2.168333823,0.2078596124000001,-0.5057925756
86,GLY,0.739,0.4087389380530973,0.90057,0.7314499999999999,0.33755,0,0.0,0.03,0.48,0.4556,0.0,1.0,0.5062,1.67012352,3.2470535,4.643585300000001,5.78405172,-0.7395537565,-1.442119684,-0.1137769945,-0.3239355627,1.7292361220000008,-3.947948302,0.2662799651,-0.8881801212000004
87,SER,0.666,0.3060661764705882,1.45684,1.14396,0.3660400000000003,1,0.0625,-0.1,-0.18,0.4111,0.1877,0.8514,0.5309,1.52984918,2.96793416,4.22876031,5.23889463,-0.6642658154000001,-1.2942473697,-0.1038562225,-0.295503511,1.8464441150000008,-3.565069607999999,0.2903995092,-0.8106446387999999
88,GLY,0.91,0.5033185840707964,1.04497,0.62457,0.27343,0,0.0,0.03,0.48,0.4556,0.0,1.0,0.5062,1.39159866,2.70456851,3.86544547,4.810706259999999,-0.74626507686,-1.4547360725,-0.116152435402,-0.3307747444659999,2.437491309999998,-3.6122040508,0.3687898850000002,-0.8313007674380003
89,GLY,0.594,0.3285398230088495,1.0038200000000002,0.76396,0.45004,2,0.181818181818182,0.03,0.48,0.4556,0.0,1.0,0.5062,1.39117275,2.70124139,3.85452576,4.78578317,-0.5313793525,-1.0320065932,-0.08819780526,-0.25034226226,2.434955522,-2.593375741900001,0.3902722981000003,-0.64484085082
90,TYR,1.366,0.4008215962441315,3.61176,1.36458,0.6774199999999999,4,0.173913043478261,-0.27,0.26,0.3556,0.8063,0.502,0.1605,1.66857288,3.2349557400000006,4.603937090000001,5.69373998,-0.4289639379000001,-0.8355803101,-0.06750750908,-0.19208514293,1.374314106,-2.2227966258,0.2219686552,-0.5186002638900001
91,GLY,0.033,0.0182522123893805,0.55224,1.04294,0.7320600000000002,4,0.102564102564103,0.03,0.48,0.4556,0.0,1.0,0.5062,1.80397464,3.4762855,4.895668970000001,5.96079554,-0.44977384876,-0.8760621954000002,-0.0702698716529999,-0.19976598545,1.058417546,-1.955362421099999,0.1844027461,-0.4725979069100002
92,ARG,1.258,0.3751864002385923,3.26772,1.65054,0.4444600000000003,2,0.105263157894737,-1.3,-2.5,0.0,0.7346,0.9398,0.6914,1.80795239,3.50713662,4.996163900000001,6.18784568,-0.4850037748,-0.941437847,-0.08117666418,-0.2302834564999999,1.2547030539999997,-2.4473320460000005,0.2178780954,-0.6215661017000002
93,ASP,1.34,0.4998135024244685,2.51801,0.8854700000000001,0.4555299999999999,0,0.0,-0.1,-0.9,0.1111,0.3239,0.8675,1.0,1.53132391,2.97941926,4.26633236,5.3242715700000005,-0.8733841160300002,-1.69415800043,-0.1473189014399999,-0.4175496487299999,1.8845355949999991,-2.1392974129999995,0.3056651116,-0.5539630343
94,ARG,2.039,0.6081121383835372,3.70209,1.04786,0.26614,1,0.333333333333333,-1.3,-2.5,0.0,0.7346,0.9398,0.6914,0.97389123,1.89148182,2.70039397,3.35577811,-1.2029460557300002,-2.3337368392,-0.201303852429,-0.570283349575,3.2993215460000016,-5.34214875517,0.5210469717000008,-1.3447557527399998
95,ASN,1.083,0.4429447852760736,2.26712,1.0573499999999998,0.3046500000000001,2,0.666666666666667,-0.1,-0.78,0.1111,0.3976,0.6747,0.8272,0.69390838,1.33761158,1.8849014000000004,2.2972226,-0.7740049200000001,-1.499723754,-0.1339374430999999,-0.3795801674,2.9008876219999986,-3.875042383999999,0.5080908194000003,-0.960888019900001
96,TYR,2.37,0.6954225352112676,4.21469,0.8688400000000001,0.1691599999999997,3,0.75,-0.27,0.26,0.3556,0.8063,0.502,0.1605,0.6945796099999999,1.34285101,1.90208349,2.33639558,-0.613825321,-1.193204944,-0.0998749778999999,-0.283573786,2.8273419300000024,-6.793897132000003,0.4518149183999996,-1.6124468090000017
97,GLU,1.29,0.4728739002932551,2.80656,1.25229,0.18571,2,0.333333333333333,-0.1,-0.74,0.1111,0.4884,0.8112,0.9136,0.83331485,1.6099774799999995,2.27765312,2.79228324,-0.508609039,-0.990037464,-0.081022183,-0.230380234,3.294463805999996,-5.480055298999999,0.5650457010000006,-1.3529108219999977
98,ASP,1.498,0.5587467362924282,2.17748,0.85514,0.32786,1,0.166666666666667,-0.1,-0.9,0.1111,0.3239,0.8675,1.0,0.9738399,1.89107513,2.69903895,3.35262357,-0.5728535560999999,-1.1194540404,-0.0838575565799999,-0.2390438503999999,4.638089591999996,-6.183095574800004,0.7016793779000005,-1.4328108280999987
99,ARG,1.356,0.4044139576498658,3.19455,1.62415,0.3728500000000001,0,0.0,-1.3,-2.5,0.0,0.7346,0.9398,0.6914,0.97297136,1.88431258,2.67692447,3.30240004,-0.6261550404,-1.2190665645,-0.0998213787,-0.2839996059,4.909828398999996,-5.527422482,0.7788733425000005,-1.3257654592999986
100,GLY,0.71,0.3926991150442477,0.96892,0.6748200000000001,0.42318,0,0.0,0.03,0.48,0.4556,0.0,1.0,0.5062,0.83399904,1.6153029799999998,2.29506319,2.83180797,-0.88157995485,-1.7107944119200005,-0.1472517388629999,-0.4173830015699999,4.591934831999997,-6.767336973700004,0.758123794700001,-1.6993307020640005
101,TYR,1.453,0.426349765258216,3.72912,1.42349,0.5315099999999999,0,0.0,-0.27,0.26,0.3556,0.8063,0.502,0.1605,1.39165508,2.70503,3.86703158,4.814545119999999,-1.4039513744,-2.7373069805,-0.2164320405699999,-0.6161008629999999,5.894811985999992,-10.9810446372,0.9081144449999996,-2.541148126999999
102,ASN,0.332,0.1357873210633947,1.63963,1.56212,0.55088,0,0.0,-0.1,-0.78,0.1111,0.3976,0.6747,0.8272,1.66910693,3.239124910000001,4.617611650000001,5.72492172,-1.2476469317,-2.4239900998,-0.20587170203,-0.58457557923,4.906666462000011,-8.742012711400013,0.8066205642000001,-2.101845696990001
103,GLY,0.64,0.3539823008849557,0.95333,0.76062,0.4073800000000002,0,0.0,0.03,0.48,0.4556,0.0,1.0,0.5062,1.3906026,2.69681269,3.84007915,4.753084989999999,-1.0293289948000002,-1.9881323375,-0.18581788927,-0.5250207341,4.078960809000001,-6.810816970999999,0.6954469674000001,-1.733355878200001
104,GLY,0.471,0.2605088495575221,0.81326,0.8967600000000001,0.4402400000000001,0,0.0,0.03,0.48,0.4556,0.0,1.0,0.5062,1.52930719,2.9637184800000003,4.214988120000001,5.207657209999999,-1.1567413888999996,-2.2476981210000004,-0.1900017597999999,-0.5394699882999999,4.362995414000003,-7.691090723,0.6662956975000011,-1.7158773638999996
105,GLY,0.61,0.3373893805309734,0.86568,0.8250199999999999,0.3729800000000001,0,0.0,0.03,0.48,0.4556,0.0,1.0,0.5062,1.2516121000000002,2.42767824,3.45786913,4.281885269999999,-1.01544502796,-1.9813457435999997,-0.15482104432,-0.44116258675,4.442619472999989,-7.404708979200006,0.6696068629999987,-1.600560280999999
106,GLY,0.797,0.4408185840707965,0.87452,0.75587,0.2551300000000001,0,0.0,0.03,0.48,0.4556,0.0,1.0,0.5062,0.97362406,1.88939388,2.69353841,3.3401230499999994,-1.1463887567,-2.2331048224,-0.1796186493799999,-0.5108643083000001,5.104922852000012,-9.965032520900008,0.8204106404000023,-2.438363432720001
107,GLY,0.952,0.5265486725663716,0.96014,0.7104199999999999,0.1455800000000001,0,0.0,0.03,0.48,0.4556,0.0,1.0,0.5062,0.97345196,1.88804874,2.68912249,3.3300417499999995,-1.3379801977,-2.5990769642,-0.2197335433299999,-0.6233638911000002,6.827569705999993,-14.69372945080001,1.1360156699999997,-3.669633647
108,GLY,0.885,0.4894911504424779,1.04615,0.70654,0.2164600000000001,0,0.0,0.03,0.48,0.4556,0.0,1.0,0.5062,1.53228102,2.98692603,4.29107523,5.38106761,-1.426420362957,-2.78197837152,-0.2178315594499999,-0.6200388864139998,11.750029700999956,-19.151045660279934,1.8046242371999996,-4.435489619795994
109,GLY,0.679,0.3755530973451327,0.9602,0.7975300000000001,0.3314699999999999,0,0.0,0.03,0.48,0.4556,0.0,1.0,0.5062,1.39230272,2.71007171,3.88351627,4.851976199999999,-1.6357166675,-3.1817867434,-0.2614816829,-0.7423808928999999,10.56208179800002,-18.13215375540001,1.6982178913000048,-4.559825226900014
110,ASN,0.559,0.2286298568507158,1.86493,1.54238,0.3436199999999996,0,0.0,-0.1,-0.78,0.1111,0.3976,0.6747,0.8272,1.80896142,3.51500037,5.02191479,6.24644846,-1.7095462339500005,-3.33073910967,-0.2673894168000001,-0.7607794903800001,7.8564516989999955,-15.106652771019997,1.2422893120999994,-3.5500382466599976
111,ARG,1.488,0.4437816880405607,3.60724,1.36084,0.5041600000000002,0,0.0,-1.3,-2.5,0.0,0.7346,0.9398,0.6914,1.25082069,2.4215491,3.4379331200000003,4.23692952,-1.3902318806,-2.693531504100001,-0.23865192096,-0.6756916213299999,8.391605415000015,-11.076133218700006,1.4408027079999994,-2.710378551800004
112,GLY,0.344,0.1902654867256637,0.7717,1.02186,0.44214,0,0.0,0.03,0.48,0.4556,0.0,1.0,0.5062,1.39102647,2.7001212,3.85092619,4.777803360000001,-1.8069912571,-3.511812060999999,-0.2958837934,-0.8401391713300003,7.4193688420000035,-13.17719561499998,1.2144260820999966,-3.309164747539998
113,TYR,2.034,0.5968309859154929,3.98165,1.1467299999999998,0.2272700000000003,1,0.142857142857143,-0.27,0.26,0.3556,0.8063,0.502,0.1605,1.25280512,2.43698981,3.4884004,4.35147654,-1.6323863838000003,-3.1721514456999995,-0.2665105340699999,-0.7563030363000002,6.284779484000004,-12.06409112499999,0.9935224137000014,-2.929188046599996
114,ASN,0.487,0.1991820040899795,2.04927,1.53502,0.4229799999999997,1,0.142857142857143,-0.1,-0.78,0.1111,0.3976,0.6747,0.8272,1.53154057,2.98110884,4.27186576,5.33686428,-1.1550105224600002,-2.2459410588000006,-0.18634966455,-0.5290874974399999,5.500948397000008,-9.961819116300022,0.8543807242999991,-2.3019975851599987
115,ASN,0.729,0.298159509202454,2.20567,1.26762,0.4483799999999998,3,0.375,-0.1,-0.78,0.1111,0.3976,0.6747,0.8272,1.39181517,2.70624478,3.87089324,4.822973229999999,-0.83658246535,-1.6204802761,-0.14452264415,-0.4091989224599999,5.414381591999981,-8.456154897199996,0.904504370399999,-2.388343544240002
116,ASN,0.491,0.2008179959100204,1.93482,1.56758,0.3864199999999997,4,0.222222222222222,-0.1,-0.78,0.1111,0.3976,0.6747,0.8272,1.5293146699999998,2.96376731,4.215116500000001,5.20785591,-0.95046192129,-1.84827870878,-0.153936380168,-0.43728572554,5.425700380000015,-8.888326825000004,0.8175261447999992,-1.931568502599997
117,ARG,2.008,0.5988666865493587,3.64961,1.00083,0.3441700000000003,2,0.133333333333333,-1.3,-2.5,0.0,0.7346,0.9398,0.6914,1.6695319900000003,3.24245285,4.62855764,5.7499763,-0.6939037675499999,-1.3490820244000004,-0.1118353123299999,-0.3173586218999999,3.851879352000006,-9.193503488000008,0.5860910176000006,-2.0280095300999994
118,GLY,0.405,0.224004424778761,0.94786,0.8478600000000001,0.55514,0,0.0,0.03,0.48,0.4556,0.0,1.0,0.5062,1.5283876100000002,2.95654769,4.1914959000000005,5.154168809999999,-0.6099963927,-1.188226811,-0.0956611241,-0.2720800361,2.673110768000001,-5.651963746999996,0.4047969106,-1.2609212409999992
119,GLY,0.392,0.2168141592920354,0.77172,0.8911599999999998,0.5248400000000001,0,0.0,0.03,0.48,0.4556,0.0,1.0,0.5062,1.11056213,2.14252952,3.0233559800000007,3.69209636,-0.6345227987,-1.230391033,-0.1077268099699999,-0.3052605986,2.549574954,-4.679627900100001,0.4335849055000003,-1.189558438570001
120,GLY,0.94,0.5199115044247787,0.88845,0.65007,0.21793,0,0.0,0.03,0.48,0.4556,0.0,1.0,0.5062,0.8333187499999999,1.6100043999999998,2.2777295,2.79242152,-0.6579178435,-1.2778795349,-0.1088303598699999,-0.30886775805,2.706668677000001,-4.5256462098,0.4589598502000001,-1.111163168300001
121,GLY,0.815,0.4507743362831858,1.04771,0.66079,0.3322100000000001,0,0.0,0.03,0.48,0.4556,0.0,1.0,0.5062,0.97284393,1.8833036,2.6735653800000003,3.29458653,-0.6534243485000001,-1.274984649,-0.0994152863399999,-0.2832492847,2.122335966,-3.2935547179999984,0.3261945009000001,-0.7513528583999999
122,GLY,0.337,0.1863938053097345,0.64408,0.88861,0.5823900000000001,0,0.0,0.03,0.48,0.4556,0.0,1.0,0.5062,1.11126239,2.14797341,3.04113596,3.732414620000001,-0.42617335871,-0.8303585368599999,-0.066818993735,-0.1901841884,2.5530033960000003,-3.1643866332,0.4055557823999999,-0.7503657983299997
123,GLY,0.712,0.3938053097345132,0.8923399999999999,0.77751,0.31849,0,0.0,0.03,0.48,0.4556,0.0,1.0,0.5062,1.25030738,2.4175408600000003,3.4247848000000003,4.20694378,-0.4719772789999999,-0.917053824,-0.07693592338,-0.21823452694,2.355548109000001,-4.026666688399998,0.3820618269999999,-0.9548594628700005
124,TYR,1.222,0.3585680751173709,3.5320400000000003,1.6452600000000002,0.5407399999999998,3,0.157894736842105,-0.27,0.26,0.3556,0.8063,0.502,0.1605,1.52877584,2.95957111,4.20138674,5.176644120000001,-0.43289100583,-0.8406571249,-0.072438658485,-0.20572164094,2.668633133999999,-4.576867281099999,0.4479544564,-1.0978642421000016
125,ASN,1.477,0.6040899795501024,2.46178,0.8592099999999999,0.1087899999999998,3,0.272727272727273,-0.1,-0.78,0.1111,0.3976,0.6747,0.8272,1.39072618,2.6977575,3.84310678,4.7597689,-0.8753868297599999,-1.6943637627,-0.1527170682,-0.4320710321199999,3.2536408610000014,-5.961576296999997,0.5712343443000006,-1.5776148303800015
126,ARG,1.774,0.5290784372203996,3.5579300000000003,1.4215,0.1575000000000002,2,0.181818181818182,-1.3,-2.5,0.0,0.7346,0.9398,0.6914,1.39108687,2.70059408,3.85248336,4.781372709999999,-1.1699778694000005,-2.2783503895,-0.184419868546,-0.5243994786,5.193028065999987,-9.589276300680009,0.7538780929,-2.03048889856
127,GLN,1.78,0.6191304347826087,2.97768,0.84449,0.25051,1,0.1,-0.1,-0.85,0.1111,0.5388,0.7952,0.6914,1.11252716,2.15780479,3.07323001,3.80513181,-1.10854314537,-2.15360204834,-0.18275834626,-0.5187659172500001,5.17967716599999,-9.078967158000005,0.865619729900001,-2.347997683300001
128,ASP,0.748,0.279000372995151,2.19381,1.2680600000000002,0.6649399999999999,0,0.0,-0.1,-0.9,0.1111,0.3239,0.8675,1.0,1.11327777,2.1636862,3.0925950600000003,3.84952012,-1.1496876474999995,-2.2357552929999995,-0.18542586935,-0.5265447153000001,4.55653629,-8.744153689999985,0.7168012654999999,-2.1211767807999973
129,ARG,1.76,0.524903071875932,3.68754,1.31081,0.2821900000000001,0,0.0,-1.3,-2.5,0.0,0.7346,0.9398,0.6914,1.25274878,2.43655743,3.4870080800000003,4.34838237,-0.9072694715,-1.7678502656000006,-0.14088043696,-0.4006692966,6.48041542000001,-6.927661311799989,1.0249192401,-1.7313373023999992
130,GLY,0.711,0.3932522123893805,0.96742,0.6858,0.4112,0,0.0,0.03,0.48,0.4556,0.0,1.0,0.5062,1.39275595,2.71361925,3.89518364,4.87867908,-1.4553050297999996,-2.837409013999999,-0.2242995789760001,-0.6384275618399998,7.274904731999996,-10.255108030969982,1.080683393600001,-2.374228907099996
131,ASP,0.469,0.1749347258485639,1.95757,1.3640399999999997,0.8479600000000005,0,0.0,-0.1,-0.9,0.1111,0.3239,0.8675,1.0,1.6701413200000002,3.24717995,4.643958120000001,5.78477457,-1.6680310685000004,-3.252572384,-0.25720045091,-0.7323770088800002,7.032968113000018,-11.114856116700013,1.098405698,-2.580741373799998
132,GLY,0.545,0.3014380530973451,0.917,0.90698,0.3560199999999999,0,0.0,0.03,0.48,0.4556,0.0,1.0,0.5062,1.94774095,3.78254868,5.399121109999999,6.706833680000001,-1.6726852278000004,-3.2590714169,-0.26049935755,-0.7409215119500003,7.777503093000021,-13.783984576999996,1.2267637540000014,-3.2058221155000037
133,GLY,0.198,0.1095132743362831,0.7951600000000001,1.1012000000000002,0.5087999999999999,0,0.0,0.03,0.48,0.4556,0.0,1.0,0.5062,2.0865684,4.050314739999999,5.77652398,7.166103550000001,-1.8989805000000004,-3.694774961,-0.3055619006100001,-0.8686632456,7.459414306999986,-13.538977606600008,1.2166846037999997,-3.228282202760003
134,SER,0.586,0.2693014705882353,1.14224,1.00929,0.5807100000000003,0,0.0,-0.1,-0.18,0.4111,0.1877,0.8514,0.5309,1.80890039,3.51455557,5.0205632300000005,6.24369385,-2.01257926716,-3.901661781100001,-0.3424983893500002,-0.9702679206900002,7.343915178000013,-12.301230593400009,1.1713701463999977,-2.9876810721
135,SER,0.837,0.3846507352941176,1.33903,0.94072,0.3982800000000003,0,0.0,-0.1,-0.18,0.4111,0.1877,0.8514,0.5309,2.36680157,4.606166789999999,6.59860119,8.23992281,-1.6707953298999998,-3.2507366397000004,-0.2672392069399999,-0.7592078842999997,8.251298508000012,-12.957155220799988,1.2860475536999991,-3.052684133859997
136,ASN,0.662,0.2707566462167689,2.03865,1.32557,0.45743,0,0.0,-0.1,-0.78,0.1111,0.3976,0.6747,0.8272,2.5053244400000003,4.871583329999999,6.968388740000001,8.682100590000001,-2.0223702272,-3.935261895100001,-0.324577239352,-0.92269850945,8.321712456000009,-16.107404155100006,1.3693956957999986,-3.8896735095200015
137,PHE,0.81,0.2605339337407527,2.97361,1.89114,0.4078599999999999,0,0.0,1.1,1.2,0.8111,0.783,0.0763,0.037,2.50745922,4.88823664,7.022965060000001,8.80641843,-1.6727816281,-3.2512437406,-0.27370623064,-0.7772485803499999,7.504088539000008,-13.692399582400006,1.1773720676000057,-3.274954167100003
138,SER,0.861,0.3956801470588235,1.47571,0.96696,0.3480400000000002,0,0.0,-0.1,-0.18,0.4111,0.1877,0.8514,0.5309,1.94872577,3.79017357,5.423916,6.762726349999999,-1.3895837446,-2.6933755731999987,-0.2368089286900001,-0.67060793533,5.966792271000006,-5.005179430799995,0.9665911634999996,-1.5409668009000046
139,ARG,0.565,0.168505815687444,2.7375,1.84116,0.9468400000000003,0,0.0,-1.3,-2.5,0.0,0.7346,0.9398,0.6914,1.94583989,3.76764866,5.35005179,6.59433149,-1.36065306366,-2.6499131726000003,-0.216424206955,-0.6160787586900001,4.354573052000002,-7.683901919699993,0.7391519259000013,-1.8402545068599985
140,GLY,0.0,0.0,0.57921,0.9734,0.8346000000000001,0,0.0,0.03,0.48,0.4556,0.0,1.0,0.5062,1.66627354,3.21710256,4.545710079999999,5.56196035,-1.4676852833,-2.8536923222999997,-0.23901823855,-0.6791043668999999,5.533051127999985,-8.812447527000003,0.9217097878000008,-2.0981087577000004
141,GLY,0.261,0.144358407079646,0.5847399999999999,0.89366,0.6533400000000001,0,0.0,0.03,0.48,0.4556,0.0,1.0,0.5062,1.66906736,3.2388453500000005,4.616792719999999,5.723349450000001,-1.286201186,-2.4988044743,-0.2109896159,-0.59865162434,5.701848063000006,-10.35511065819999,0.8480452585000012,-2.3390311249999947
142,TYR,1.362,0.3996478873239437,3.57836,1.51433,0.5316699999999999,3,0.166666666666667,-0.27,0.26,0.3556,0.8063,0.502,0.1605,1.66816774,3.23188026,4.59414687,5.67231653,-1.3913130461999996,-2.7033867951999992,-0.2281323094899999,-0.6475127538600003,4.945172173999996,-9.133283678999987,0.8121312072999989,-2.2123066878000026
143,ASN,0.106,0.0433537832310838,1.76518,1.52758,0.81142,4,0.235294117647059,-0.1,-0.78,0.1111,0.3976,0.6747,0.8272,1.52907168,2.96187337,4.20891559,5.19374999,-1.0153744124,-1.96653268,-0.17627049688,-0.4992035198,7.261098739999996,-14.124245057999984,1.1984287107,-3.5561971794000007
144,ASN,0.983,0.4020449897750511,2.15793,1.09035,0.3716499999999998,4,0.25,-0.1,-0.78,0.1111,0.3976,0.6747,0.8272,1.3891831300000002,2.6858000199999994,3.80419086,4.671945999999999,-0.9264783959,-1.8065797840000004,-0.14235931125,-0.4052391694,4.441227316000001,-11.403219406800025,0.6801781084999994,-2.5626527910000028
145,ARG,1.679,0.5007456009543692,3.31875,1.3346300000000004,0.3393699999999997,2,0.181818181818182,-1.3,-2.5,0.0,0.7346,0.9398,0.6914,1.11127032,2.1480188300000003,3.04122679,3.7324423,-0.6536142581000001,-1.2745272185999998,-0.1005926952,-0.2864133467800001,4.359351271999993,-8.201152674,0.6954702998000015,-1.85440579696
146,ASP,1.448,0.5400969787392763,2.32216,0.85989,0.37311,1,0.2,-0.1,-0.9,0.1111,0.3239,0.8675,1.0,0.83386843,1.61430533,2.29186998,2.8247708300000003,-0.6698014912,-1.3066422336,-0.1016585057999999,-0.2893926128,3.850431976000004,-7.990147987600004,0.5977143660000004,-1.7626489450000016
147,GLU,1.79,0.656158357771261,3.07555,0.7262499999999998,0.2117500000000003,1,0.142857142857143,-0.1,-0.74,0.1111,0.4884,0.8112,0.9136,0.83330551,1.60990616,2.27742567,2.79178556,-0.639723919,-1.246497052,-0.1005751208,-0.2863624224,3.611433346000004,-7.526632102000003,0.5929302665999991,-1.719983130399999
148,GLY,0.397,0.2195796460176991,0.7636700000000001,0.91021,0.50079,1,0.0833333333333333,0.03,0.48,0.4556,0.0,1.0,0.5062,0.97134977,1.87164468,2.63534636,3.20749878,-0.5473201670700001,-1.0581389863,-0.09759185404,-0.2759753105999999,3.957308334999995,-6.525915044600003,0.7121530839999991,-1.7303948766000017
149,SER,0.937,0.4306066176470588,1.64916,0.8980600000000001,0.34094,4,0.307692307692308,-0.1,-0.18,0.4111,0.1877,0.8514,0.5309,1.3892987799999998,2.6866985400000005,3.8071207500000006,4.6785739,-0.753562019,-1.4675746209999998,-0.1198514456,-0.3411714811999999,4.438073926000008,-8.41438045,0.7116411476999996,-1.969374227
150,ASP,0.922,0.3439015292801193,2.22495,1.07296,0.68604,2,0.142857142857143,-0.1,-0.9,0.1111,0.3239,0.8675,1.0,1.38992323,2.6914997900000004,3.82262224,4.713179930000001,-0.595844224,-1.146525164,-0.1131052214499999,-0.3185581873999999,5.725802554999993,-6.079776721600004,0.983432857499998,-1.7144336703999996
151,ASN,0.452,0.1848670756646216,1.84213,1.39123,0.6017699999999999,1,0.05,-0.1,-0.78,0.1111,0.3976,0.6747,0.8272,1.66783224,3.2291843200000008,4.585040180000001,5.650741539999999,-1.3246111579999995,-2.572405411100001,-0.2206592456199999,-0.6264235544999999,5.0679425980000055,-7.818041413800012,0.805735851800001,-1.7901763975999994
152,ARG,1.542,0.4598866686549359,3.1590800000000003,1.3782500000000002,0.4327499999999999,0,0.0,-1.3,-2.5,0.0,0.7346,0.9398,0.6914,1.66788728,3.2296799200000006,4.58689303,5.6556631600000005,-1.546173458,-3.0112563338,-0.2448935591,-0.6968772207,5.060664617999999,-10.685348544,0.8576935395999978,-2.509058306400004
153,GLY,0.516,0.2853982300884956,0.8572700000000001,0.79617,0.49583,0,0.0,0.03,0.48,0.4556,0.0,1.0,0.5062,1.52949568,2.9651643800000005,4.219641290000001,5.21799495,-1.3316299682,-2.580279922,-0.2284568325799999,-0.6469636658,5.688452071999997,-7.88060339499999,0.9640373571000008,-2.105141292800003
154,SER,0.772,0.3547794117647058,1.3800800000000002,1.03884,0.3651600000000001,0,0.0,-0.1,-0.18,0.4111,0.1877,0.8514,0.5309,1.80637391,3.4949610700000004,4.9567273400000005,6.09942709,-1.8545344075000003,-3.619249463,-0.282346667,-0.8048058226999999,4.279194853999999,-7.056568301999994,0.7001903759000003,-1.6662818997999995
155,GLY,0.665,0.3678097345132743,0.98945,0.7338899999999999,0.4091100000000001,0,0.0,0.03,0.48,0.4556,0.0,1.0,0.5062,1.5302943999999998,2.97137659,4.239935570000001,5.26402488,-1.4828773295000002,-2.887593320599999,-0.2349690157099999,-0.6684079947999999,5.854725499000003,-5.334603380699984,0.9151922950000008,-1.3208508012000015
156,ARG,1.407,0.4196242171189979,3.4153800000000003,1.53273,0.41327,0,0.0,-1.3,-2.5,0.0,0.7346,0.9398,0.6914,1.53030688,2.97148118,4.240305050000001,5.26494854,-1.2467794842,-2.4215490381,-0.2062851519899999,-0.5854119029,5.852417660000008,-6.270000283300009,0.9302443064999988,-1.555622261199999
157,SER,0.194,0.0891544117647058,1.31437,1.246,0.7360000000000002,0,0.0,-0.1,-0.18,0.4111,0.1877,0.8514,0.5309,1.80797544,3.50724911,4.99630319,6.1874687900000005,-1.4643518978700003,-2.8464575897000004,-0.24068995484,-0.6840136956000001,7.381786454000004,-8.994537471800019,1.2017275217000027,-2.1854746690999947
158,TYR,1.778,0.5217136150234742,4.15405,1.08231,0.5476899999999998,0,0.0,-0.27,0.26,0.3556,0.8063,0.502,0.1605,1.39186606,2.70666222,3.8723323300000008,4.82646938,-1.4462675990000005,-2.8146288102000003,-0.23077869869,-0.6559101251999999,8.368188654999994,-9.63004084550002,1.310966471399999,-2.3112475714000014
159,ASN,1.491,0.6098159509202454,2.38151,0.8698300000000001,0.0841699999999996,0,0.0,-0.1,-0.78,0.1111,0.3976,0.6747,0.8272,1.2526249100000002,2.43560086,3.48390883,4.34143058,-1.1551296073,-2.2444071535,-0.1888627695499999,-0.5358387763000001,8.135499038000013,-9.01266741400001,1.2404846877999984,-2.246692535339996
160,ASN,0.237,0.0969325153374233,1.71679,1.58088,0.6271199999999997,0,0.0,-0.1,-0.78,0.1111,0.3976,0.6747,0.8272,1.66826897,3.232577490000001,4.59611926,5.67586049,-1.2534839414,-2.4417269883,-0.19842708534,-0.5649356564400001,6.874842898000007,-9.366563760099991,1.0899956364999983,-2.1673895342000007
161,ASP,1.036,0.3864229765013054,2.39574,0.97197,0.67303,0,0.0,-0.1,-0.9,0.1111,0.3239,0.8675,1.0,1.25231986,2.43323267,3.4761880400000003,4.32396892,-1.1931070786000002,-2.328961094799999,-0.1791101999899999,-0.51020522465,6.959844737000003,-8.750971013000001,1.0332265050999998,-1.99389318051
162,ARG,2.472,0.7372502236802863,3.99291,0.73683,0.1441700000000002,0,0.0,-1.3,-2.5,0.0,0.7346,0.9398,0.6914,1.11318817,2.16299521,3.09035978,3.84451853,-1.1551261721,-2.2467233734000005,-0.18513979485,-0.52566309854,7.231317378000011,-7.0959477415000025,1.1055356032000003,-1.7034705028000008
163,ARG,1.52,0.4533253802564867,3.23532,1.58548,0.2475200000000001,0,0.0,-1.3,-2.5,0.0,0.7346,0.9398,0.6914,1.80856622,3.5119228,5.0118479,6.223577379999999,-1.6236211353000003,-3.163554998999999,-0.25310669669,-0.7200697229299997,8.016299154999993,-12.060212015200008,1.2427932227999996,-2.8184143429100006
164,ASP,0.698,0.2603506154419992,2.01283,1.3056,0.6774,0,0.0,-0.1,-0.9,0.1111,0.3239,0.8675,1.0,1.80668789,3.497334630000001,4.964255940000001,6.115824770000001,-1.6485669829,-3.1874750931,-0.2939725091,-0.8315409582300004,7.450276445999997,-10.459755393699982,1.287775321900004,-2.743842921539996
165,ASN,0.964,0.3942740286298569,2.20026,1.1159799999999995,0.3650200000000001,0,0.0,-0.1,-0.78,0.1111,0.3976,0.6747,0.8272,1.66886816,3.2372708300000004,4.611561330000001,5.71121685,-2.21090329601,-4.286643153574998,-0.3771613730000001,-1.0690188772690006,8.006239591000012,-12.930964815849991,1.3292264740000024,-3.252813642513996
166,GLY,0.499,0.2759955752212389,0.8962699999999999,0.95837,0.3506300000000002,0,0.0,0.03,0.48,0.4556,0.0,1.0,0.5062,1.80932818,3.51785191,5.03122467,6.267546869999999,-1.64138575985,-3.1960564009000003,-0.25951181717,-0.7379644042799999,8.449420396000002,-13.977740979500002,1.301789609800002,-3.1992871236600022
167,GLY,0.736,0.4070796460176991,0.81402,0.8480800000000001,0.22392,0,0.0,0.03,0.48,0.4556,0.0,1.0,0.5062,1.11256642,2.15809528,3.07412665,3.80700157,-1.1520460255,-2.2376804823,-0.1904347847,-0.5404267519,8.088437424999986,-11.192040453099994,1.3143604196000025,-2.7996604073000038
168,ASP,1.28,0.4774337933606863,2.51384,0.85218,0.54882,0,0.0,-0.1,-0.9,0.1111,0.3239,0.8675,1.0,0.97423228,1.89416788,2.7092861,3.37630904,-0.8738021768,-1.7061701523,-0.13062280416,-0.37224743219,8.49350566100003,-8.846355532999999,1.2557617120000022,-2.14794852795
169,GLY,1.427,0.7892699115044248,1.71602,0.36112,0.01988,0,0.0,0.03,0.48,0.4556,0.0,1.0,0.5062,0.69653914,1.3580813699999998,1.95181122,2.4491104000000004,-0.6392242994799999,-1.2485439062700003,-0.094560044866,-0.26944794203,7.037905311999985,-8.977514622740006,1.0446726732000002,-2.09353653057
