2,MET,1.799,0.6032863849765258,2.61179,0.8846700000000001,0.2983300000000002,0,0.0,0.8,0.64,0.7111,0.6196,0.0,0.0988,1.81083348,3.5294768000000003,5.06891959,6.35218414,-1.84780929431,-3.5931439485700007,-0.3003750451659998,-0.8534942580599999,15.596360708000011,-14.887400589399997,2.459742896700011,-3.679508115580003
3,GLU,1.319,0.4835043988269794,2.8229,1.01997,0.3890300000000002,0,0.0,-0.1,-0.74,0.1111,0.4884,0.8112,0.9136,2.08941081,4.07247827,5.849116850000001,7.33132546,-2.4452318783,-4.765234584800002,-0.3794607709850001,-1.0794647766199996,12.457680623000003,-16.09029135860003,1.9178037566,-3.7575586147
4,SER,0.106,0.0487132352941176,1.3210499999999998,1.34101,0.7289900000000002,0,0.0,-0.1,-0.18,0.4111,0.1877,0.8514,0.5309,3.0647707200000003,5.97523949,8.585877100000001,10.7681299,-2.27924959547,-4.442386038500001,-0.3548559466759998,-1.0101685971099998,12.896364073999973,-12.783239384299982,1.932820466899999,-2.9651679896599985
5,ASN,0.14,0.0572597137014315,1.9042,1.58025,0.7247499999999998,0,0.0,-0.1,-0.78,0.1111,0.3976,0.6747,0.8272,3.06412255,5.970225459999999,8.569594660000002,10.73149962,-1.668743673536001,-3.2308404088800007,-0.2890451138870002,-0.8176974362740003,12.208434340999965,-9.04523192652002,1.986937917900004,-2.336941975220006
6,GLN,0.221,0.0768695652173913,2.22902,1.8614,0.7925999999999997,0,0.0,-0.1,-0.85,0.1111,0.5388,0.7952,0.6914,3.484123670000001,6.801221910000001,9.793396929999998,12.32042649,-2.0135796988,-3.911567186270001,-0.3314283095779998,-0.940515272866,10.145538557999991,-7.1952629362400025,1.5077843920000011,-1.6779755716219986
7,SER,0.271,0.1245404411764705,1.14316,1.2166900000000005,0.68831,0,0.0,-0.1,-0.18,0.4111,0.1877,0.8514,0.5309,2.64683058,5.16035957,7.415027489999999,9.30023835,-2.4380738822899994,-4.747107347069999,-0.38613447604,-1.0980287621300002,8.720876910999987,-4.564910529739995,1.3722751489000014,-1.2548583913800004
8,ASN,0.718,0.2936605316973415,2.10904,1.3860599999999998,0.34094,0,0.0,-0.1,-0.78,0.1111,0.3976,0.6747,0.8272,1.94707766,3.7773541699999993,5.38203367,6.66772003,-2.5983871069399997,-5.042926439399998,-0.4359301279800001,-1.23653556874,7.261204818999983,-9.819340326499994,1.198031348700001,-2.45072848716
9,ASN,0.96,0.3926380368098159,2.24676,1.24219,0.2428099999999999,0,0.0,-0.1,-0.78,0.1111,0.3976,0.6747,0.8272,1.53041127,2.97229431,4.2429644600000005,5.27098932,-1.9475916131999995,-3.7951161624000007,-0.3041052074499999,-0.86544024707,9.535544180999988,-9.763184416399996,1.5845289501999982,-2.411264630400002
10,GLY,0.431,0.2383849557522123,0.82029,1.02035,0.3566500000000001,0,0.0,0.03,0.48,0.4556,0.0,1.0,0.5062,1.6716689700000005,3.25914118,4.68331108,5.87488705,-1.7645178455300006,-3.4546253318000004,-0.2508757057899999,-0.7170440842699999,11.799738078999988,-13.93106953730001,1.7263278713999974,-3.0506227005000066
11,GLY,0.811,0.4485619469026549,0.93625,0.76434,0.2326599999999999,0,0.0,0.03,0.48,0.4556,0.0,1.0,0.5062,0.97380839,1.89083825,2.6982954,3.35103179,-1.4850565523,-2.8907616273,-0.23401195769,-0.6647212872999997,13.744960652000064,-24.1544853394,2.182807570000008,-6.027283207000004
12,SER,1.355,0.6227022058823529,1.51558,0.78786,0.0331400000000001,0,0.0,-0.1,-0.18,0.4111,0.1877,0.8514,0.5309,0.83411278,1.61621007,2.29810572,2.83895478,-0.92477927655,-1.7985540368000006,-0.149370723,-0.4243311838,14.68183206700005,-21.431963794999923,2.3913455788999918,-5.176429523530018
13,GLY,0.93,0.5143805309734514,0.95436,0.7004,0.1775999999999999,0,0.0,0.03,0.48,0.4556,0.0,1.0,0.5062,1.11324099,2.16338905,3.09158447,3.84710329,-0.9326461254000002,-1.81621332204,-0.146160865727,-0.41538741375,15.285886248999995,-22.196854939039973,2.356467472499998,-5.240665650460005
14,ASN,0.751,0.307157464212679,2.31604,1.24508,0.44892,0,0.0,-0.1,-0.78,0.1111,0.3976,0.6747,0.8272,1.5317257700000002,2.98256032,4.27664653,5.347827279999999,-1.2368663906699997,-2.4211289491,-0.176292089874,-0.50370578052,12.27303547100001,-11.53308217249999,1.7876349981000028,-2.414897773790002
15,ALA,0.693,0.3177441540577716,1.11794,0.96347,0.5245299999999999,0,0.0,0.77,0.62,0.7,0.1645,0.249,0.3951,1.3919240000000002,2.70710347,3.87374184,4.82956794,-1.6062896419799997,-3.12386038724,-0.258161473743,-0.7329389894799998,10.679046264000007,-7.837706120799994,1.7276083104999993,-2.037260212470001
16,ALA,0.353,0.1618523613021549,1.12706,1.13855,0.6894500000000001,0,0.0,0.77,0.62,0.7,0.1645,0.249,0.3951,1.81039588,3.5261657000000004,5.05841665,6.329317389999999,-3.3233319350999992,-6.4857804095,-0.50471198301,-1.43836414611,10.61572872199998,-15.323503203599978,1.5941816491000014,-3.4035198709599994
17,LEU,1.16,0.436418359668924,2.35263,1.25291,0.24509,0,0.0,1.4,1.1,0.9222,0.663,0.2811,0.0,1.6716207400000005,3.25876026,4.682043880000001,5.871940689999999,-2.6857055729500003,-5.236549605939997,-0.4130482997479999,-1.1756024490059993,11.988038449999932,-9.309209214539989,1.8220262887999985,-2.274913615385993
18,ASN,0.962,0.3934560327198364,2.17109,1.08645,0.3965499999999999,0,0.0,-0.1,-0.78,0.1111,0.3976,0.6747,0.8272,2.08920029,4.07083541,5.84373256,7.319061500000001,-1.7407958825699992,-3.395616590160001,-0.2671216559909999,-0.760969394573,15.014465811999967,-8.27820039840998,2.292285383699993,-1.842252000378998
19,ARG,0.546,0.162839248434238,2.80767,2.00491,0.8020900000000002,0,0.0,-1.3,-2.5,0.0,0.7346,0.9398,0.6914,2.2265269400000003,4.32701191,6.183553260000001,7.69394043,-2.156110745700001,-4.211254364900001,-0.3217548315300002,-0.9175450204500002,11.32169824899997,-13.296220286499992,1.7135977992000015,-2.9952434287
20,GLY,0.204,0.1128318584070796,0.79727,1.03935,0.5646500000000001,0,0.0,0.03,0.48,0.4556,0.0,1.0,0.5062,2.08666591,4.05108064,5.77904799,7.17189321,-2.0610306309999995,-4.0172225725,-0.32048124122,-0.9123203638,13.43030109699997,-20.474823640300016,2.156004931399994,-4.906113342999998
21,GLY,0.447,0.2472345132743363,0.81056,0.92676,0.4342399999999999,0,0.0,0.03,0.48,0.4556,0.0,1.0,0.5062,1.81066061,3.52825878,5.06537556,6.34547579,-1.833966389,-3.5818600152000006,-0.27435854202,-0.7824235661799999,18.23788802600008,-24.52866744760001,2.7851427029000018,-5.647127843119978
22,ARG,2.588,0.7718461079630182,4.01055,0.78908,-0.0240799999999998,0,0.0,-1.3,-2.5,0.0,0.7346,0.9398,0.6914,0.8342643300000001,1.61739855,2.3020236,2.84794991,-1.1311596777000004,-2.1882879176,-0.1983518863799999,-0.5607950101300002,14.60147580700004,-20.716701477900013,2.375554796300026,-5.338705579489998
23,TYR,1.497,0.4392605633802817,3.50438,1.65002,0.2609799999999997,1,0.2,-0.27,0.26,0.3556,0.8063,0.502,0.1605,1.11291135,2.16082347,3.08319846,3.82807029,-1.2119920832,-2.3644282994,-0.1861895704399999,-0.5306555562,18.04295274100007,-26.339322315499995,2.7481786230000123,-5.927513956900008
24,VAL,1.371,0.5630390143737166,1.94706,0.87413,0.1898700000000001,1,0.25,1.6,1.1,0.9667,0.4924,0.3655,0.1235,0.83406242,1.61581053,2.29677392,2.83585148,-0.8983714906000001,-1.7476606609999998,-0.1431479735799999,-0.4063941332799999,11.668841031000015,-23.823833542600006,1.8095424761999968,-5.579654856200016
25,PRO,0.866,0.3883408071748879,1.73076,1.14755,0.2164499999999998,2,0.4,-0.37,0.12,0.3222,0.3764,0.8594,0.3827,0.6937930200000001,1.33671772,1.88199269,2.29066051,-0.7172818218,-1.389843764,-0.1235354032199999,-0.349959716,6.19279741,-12.551106972000008,1.0960576638000008,-3.280581779999997
26,PRO,1.049,0.4704035874439461,1.65091,1.04404,0.1369599999999999,2,0.4,-0.37,0.12,0.3222,0.3764,0.8594,0.3827,0.83389884,1.61454329,2.29265229,2.82656052,-0.4600615501399999,-0.8969888289000002,-0.07129123922,-0.20304285588,7.270093685999997,-9.04288890200002,1.1173730256999994,-2.0070780094000025
27,HIS,1.641,0.5934900542495479,3.22892,0.91058,0.21342,2,0.4,-0.91,-0.4,0.1444,0.561,0.1124,0.679,0.97333608,1.88716774,2.68631489,3.3238914200000003,-0.7708955241,-1.5028351772,-0.11813922412,-0.3359988099999998,7.620522380999991,-14.691397411800022,1.194915917799999,-3.4128145178000038
28,LEU,1.279,0.4811888638073739,2.4178200000000003,1.21056,0.1684399999999999,3,0.428571428571429,1.4,1.1,0.9222,0.663,0.2811,0.0,1.11217624,2.1550806,3.06435006,3.78505289,-1.2927525621999996,-2.5224097898000006,-0.1971811866849999,-0.5618749831900001,7.068766162000006,-16.697128536399994,1.1346012028000017,-3.872463817570005
29,ARG,2.65,0.7903370116313748,4.06088,0.68465,0.0183500000000003,2,0.5,-1.3,-2.5,0.0,0.7346,0.9398,0.6914,1.11319821,2.16308272,3.0906783199999994,3.8453421,-1.4838255596000005,-2.8997011251,-0.2182011798399999,-0.6222984849000001,7.117715242000004,-16.791869355000003,1.052949755499997,-3.72648778872
30,GLY,0.529,0.2925884955752212,0.9385,0.7977300000000002,0.4812699999999997,2,0.166666666666667,0.03,0.48,0.4556,0.0,1.0,0.5062,1.1114957,2.14976959,3.04693812,3.74537174,-1.5827223385700002,-3.07395367,-0.26387546701,-0.7493723089200001,6.863535101999996,-13.67510602869997,1.182042349500004,-3.387083774559994
31,GLY,0.377,0.2085176991150442,0.8775799999999999,0.91742,0.51358,2,0.0952380952380952,0.03,0.48,0.4556,0.0,1.0,0.5062,1.3899769400000002,2.69189395,3.82382814,4.71566497,-1.5815041440299995,-3.0684570198000003,-0.266673233835,-0.7562349618199999,7.768044517999998,-11.451814005099976,1.3152943525999998,-2.8772237030499976
32,ASP,0.879,0.3278627377844088,2.20178,1.12217,0.6798299999999999,0,0.0,-0.1,-0.9,0.1111,0.3239,0.8675,1.0,2.22604887,4.32331586,6.171549339999999,7.666923059999999,-1.8033560845,-3.5045326093,-0.29553257888,-0.8390907983599999,7.465490360999986,-11.391725817,1.164422648500002,-2.7234219547
33,GLY,0.692,0.3827433628318584,0.92686,0.7951,0.3209000000000001,0,0.0,0.03,0.48,0.4556,0.0,1.0,0.5062,1.9478081300000003,3.782947940000001,5.4000068,6.707564109999999,-2.0687984972000004,-4.0302986584000005,-0.32721097314,-0.9316787743,7.147729494999994,-11.13635353820001,1.1500039626000016,-2.6080388324000023
34,GLY,0.823,0.4551991150442477,0.94019,0.7378600000000001,0.24714,0,0.0,0.03,0.48,0.4556,0.0,1.0,0.5062,1.8093738400000003,3.51823174,5.0325527800000005,6.27082761,-2.1929713712000005,-4.271873820800001,-0.3434091675300001,-0.9767116693500002,6.564946503999992,-10.593524543600005,0.9914688034000018,-2.4058306581000006
35,ALA,0.186,0.0852819807427785,0.97979,1.19951,0.79549,0,0.0,0.77,0.62,0.7,0.1645,0.249,0.3951,2.22580597,4.321435,6.165432869999999,7.653137629999999,-1.7774948055099995,-3.4509080841000004,-0.29600000946,-0.8397157600200004,6.637739124000007,-9.734013276800004,1.055660484400001,-2.360908775099997
36,ALA,0.569,0.2608895002292526,1.0484,0.98904,0.6229600000000001,0,0.0,0.77,0.62,0.7,0.1645,0.249,0.3951,2.5051674700000004,4.87041852,6.964775540000001,8.674492340000002,-1.4342446646999998,-2.785564995359999,-0.2372993012329999,-0.6733893363350002,4.945672380999998,-7.303711440720007,0.8149659984999991,-1.7768005432199994
37,ALA,0.186,0.0852819807427785,0.95018,1.18494,0.81006,0,0.0,0.77,0.62,0.7,0.1645,0.249,0.3951,2.3640301800000003,4.58455677,6.527823560000001,8.07884626,-1.8407473852,-3.5853395806999986,-0.28927681134,-0.8228359971999998,4.516088921999993,-7.929058423399996,0.7242360295,-1.889482253399999
38,ALA,0.786,0.3603851444291609,1.16132,0.9192500000000002,0.4757499999999998,0,0.0,0.77,0.62,0.7,0.1645,0.249,0.3951,1.80783579,3.5062231500000003,4.99316081,6.18098314,-2.1095038138000004,-4.095115859600001,-0.3513132637900001,-0.9963960801,5.218858519999987,-7.783277077600001,0.8725894052000013,-1.9185659793000005
39,ALA,0.531,0.2434662998624484,1.15893,1.05731,0.5926899999999999,0,0.0,0.77,0.62,0.7,0.1645,0.249,0.3951,2.36583046,4.598613010000001,6.57392873,8.183984240000001,-1.6617654540900002,-3.231584982319999,-0.269068993113,-0.7644154285199998,4.165173131,-6.185386496500001,0.6485249762999994,-1.4373242240600004
40,SER,0.697,0.3203124999999999,1.6058,0.9871700000000002,0.4918299999999999,0,0.0,-0.1,-0.18,0.4111,0.1877,0.8514,0.5309,2.0888269,4.06793382,5.83426225,7.297610519999999,-1.8437720545,-3.5905384504000004,-0.2903282640000001,-0.8255128595000001,4.2041498910000055,-6.045385457700001,0.6544354886000009,-1.428034322940001
41,ALA,0.962,0.4410820724438331,1.29821,0.83697,0.3820300000000001,0,0.0,0.77,0.62,0.7,0.1645,0.249,0.3951,1.39201867,2.70785679,3.87626289,4.83547295,-1.3758501709000004,-2.6760718157000007,-0.22171399602,-0.6298590530000001,4.282348505999996,-4.021877494800002,0.6681085989999984,-0.9811285286000002
42,GLY,0.957,0.5293141592920354,0.95473,0.6729099999999999,0.1780900000000002,0,0.0,0.03,0.48,0.4556,0.0,1.0,0.5062,1.11346473,2.16515304,3.0974308399999995,3.86062249,-1.3235125264999998,-2.583733714700001,-0.19814519386,-0.56441568397,3.732250982000004,-6.535202663000001,0.5805497525000012,-1.605143115399998
43,GLY,0.772,0.4269911504424779,0.8694799999999999,0.80277,0.23323,0,0.0,0.03,0.48,0.4556,0.0,1.0,0.5062,0.83374622,1.6133342899999998,2.28862469,2.81718404,-0.9156682323999998,-1.7860289210999996,-0.1406811983499999,-0.4007593226000001,2.786634129999999,-4.9810561905,0.4613920295000004,-1.160501721799999
44,ASP,1.586,0.5915703095859755,2.5341,0.8108399999999999,0.2841600000000001,0,0.0,-0.1,-0.9,0.1111,0.3239,0.8675,1.0,0.69461892,1.34315678,1.90308215,2.33865892,-0.690330595,-1.342430169,-0.111182847,-0.3156632752999999,3.1027975669999983,-6.095875534999999,0.4905767094999998,-1.4352121653999996
45,ASP,1.332,0.4968295412159642,2.46821,0.8303,0.5186999999999999,0,0.0,-0.1,-0.9,0.1111,0.3239,0.8675,1.0,0.8341311499999999,1.6163477599999998,2.2985367,2.8398734400000003,-0.3776484693999999,-0.7300557490000001,-0.06686409258,-0.1889079384,3.649266209999998,-4.475719624000005,0.6056867172000003,-1.0872981802000017
46,ARG,1.832,0.5463763793617655,3.69276,1.32857,0.1924300000000001,2,0.25,-1.3,-2.5,0.0,0.7346,0.9398,0.6914,1.11266437,2.15887343,3.07672674,3.81307849,-0.1845982259999999,-0.3608370276,-0.02710179216,-0.0773346045,5.071517957999988,-2.7648482738,0.7656157586000013,-0.6243547991
47,ARG,2.581,0.7697584252907843,3.94379,0.8272700000000001,-0.0552699999999998,3,0.428571428571429,-1.3,-2.5,0.0,0.7346,0.9398,0.6914,0.69412897,1.3393120799999998,1.8904028,2.30953399,-0.4607162093999999,-0.8908350569999999,-0.0819194313999999,-0.231657406,3.683431946000004,-6.831285848000001,0.6584080287000014,-1.7372626689999984
48,GLY,0.872,0.4823008849557522,0.95143,0.73191,0.2040900000000001,3,0.5,0.03,0.48,0.4556,0.0,1.0,0.5062,0.69418044,1.3397325299999998,1.89184801,2.31303319,-0.578968534,-1.126584039,-0.0924699109,-0.2627497185999999,3.063696012999995,-7.437847741999992,0.4840486340000003,-1.7521618200000004
49,GLY,0.666,0.368362831858407,0.78781,0.8687799999999999,0.27322,3,0.375,0.03,0.48,0.4556,0.0,1.0,0.5062,0.8336709000000001,1.61274719,2.28670337,2.8128164,-0.6954092270000001,-1.3592061405000002,-0.1026300217299999,-0.292943011,3.1462705890000024,-7.107740897999992,0.4661419036999997,-1.5454609600000004
50,ALA,0.778,0.3567171022466758,1.24654,0.9671,0.4358999999999999,3,0.333333333333333,0.77,0.62,0.7,0.1645,0.249,0.3951,0.97280207,1.88295229,2.67232805,3.29150414,-0.3944820878,-0.762619396,-0.07041382267,-0.19911374406,3.762437743000005,-3.3916836215000026,0.6635014300999992,-0.9283459739000006
51,GLY,0.559,0.3091814159292035,0.8951699999999999,0.8387500000000001,0.41025,0,0.0,0.03,0.48,0.4556,0.0,1.0,0.5062,1.39256251,2.71211642,3.89028128,4.86758342,-1.1016639394,-2.1448644923999995,-0.17250833778,-0.4899430651,4.988994854000003,-9.149003333099992,0.7793425206999999,-2.1885158327800007
52,GLY,0.586,0.3241150442477876,1.00186,0.7740900000000001,0.4479099999999999,0,0.0,0.03,0.48,0.4556,0.0,1.0,0.5062,1.67104852,3.2542749200000003,4.6672713,5.838068889999999,-1.77002443031,-3.4611856829000005,-0.257314115358,-0.7344007679900001,4.485707535000007,-5.7233360051999975,0.6448378105999996,-1.2020164013000003
53,GLY,0.57,0.3152654867256637,0.81731,0.8625900000000001,0.3754099999999999,0,0.0,0.03,0.48,0.4556,0.0,1.0,0.5062,0.83365093,1.6125860099999998,2.2861561900000003,2.81151232,-1.0387848488,-2.0124032519000004,-0.1796176348,-0.5087809688600001,4.000474335,-2.965800564000002,0.6827364095000016,-0.7451420502000002
54,GLY,0.883,0.4883849557522123,0.92163,0.73364,0.19136,0,0.0,0.03,0.48,0.4556,0.0,1.0,0.5062,0.97347025,1.88818781,2.68956488,3.3310078899999995,-1.7635187075000005,-3.4350820836,-0.27648896902,-0.78631907805,4.282555904999993,-4.656098617200004,0.6654441097999989,-1.1341067807199985
55,TYR,1.968,0.5774647887323944,4.16496,1.09318,0.3468199999999999,0,0.0,-0.27,0.26,0.3556,0.8063,0.502,0.1605,1.6710806400000002,3.2545293499999994,4.66811861,5.840038459999999,-1.4044624846600002,-2.7363456549,-0.2208434190739999,-0.6286144597300001,4.324534269999999,-4.009117491699999,0.6543907199000015,-0.9319892267400002
56,ARG,1.232,0.3674321503131523,3.29421,1.6939199999999996,0.4270800000000008,0,0.0,-1.3,-2.5,0.0,0.7346,0.9398,0.6914,1.94826522,3.78652288,5.41175475,6.7344228,-1.5237958315400004,-2.9632645954,-0.246405380308,-0.699869089235,4.082099034000001,-4.948510148559999,0.6706181555000007,-1.175753544420001
57,ARG,0.739,0.2203996421115419,3.14287,2.01548,0.5985200000000002,0,0.0,-1.3,-2.5,0.0,0.7346,0.9398,0.6914,2.50472398,4.866953550000001,6.953403600000001,8.648539879999998,-1.70599558493,-3.3224260336,-0.2693903053000001,-0.7663128956199999,4.086752889000001,-6.687866088900003,0.635505202100001,-1.5203216673599995
58,GLY,0.444,0.245575221238938,0.78074,0.83885,0.5251500000000001,0,0.0,0.03,0.48,0.4556,0.0,1.0,0.5062,1.66906496,3.2388048800000004,4.61658701,5.72266166,-1.832734855816,-3.56376117527,-0.2975470274944999,-0.845311798145,6.316923325999998,-7.151342465750006,1.0583658592000005,-1.7528339274550002
59,GLY,0.773,0.4275442477876106,0.82146,0.7325699999999999,0.3024300000000002,0,0.0,0.03,0.48,0.4556,0.0,1.0,0.5062,1.39076829,2.69811535,3.84438147,4.76298353,-1.7098454690100005,-3.3235848346999988,-0.2784911640600001,-0.7907136856299998,7.691965740999993,-9.223089259900004,1.2742976256000005,-2.2692523107100007
60,GLY,0.557,0.308075221238938,0.7981100000000001,0.8794300000000002,0.3715699999999997,0,0.0,0.03,0.48,0.4556,0.0,1.0,0.5062,1.66921256,3.23997413,4.6204766,5.731694509999999,-1.809120023982268,-3.5283889287553487,-0.2789023974787031,-0.794593869782947,7.502988441999992,-9.587207694421403,1.1859853620000014,-2.215401823171787
61,ASN,1.547,0.632719836400818,2.35641,0.8869900000000002,0.0110099999999997,0,0.0,-0.1,-0.78,0.1111,0.3976,0.6747,0.8272,1.6716545100000002,3.259022990000001,4.68290309,5.87389245,-1.68054940311,-3.2763329477799994,-0.258215011996,-0.73464713288,8.218800014999987,-7.741648913820007,1.2174356298000022,-1.7957716712999996
62,SER,0.619,0.2844669117647058,1.46305,1.0230100000000002,0.53399,0,0.0,-0.1,-0.18,0.4111,0.1877,0.8514,0.5309,1.94881533,3.79082746,5.425906510000001,6.766796359999999,-1.2362812907500005,-2.40524873207,-0.1991708068629999,-0.5661787353700001,7.422674105999982,-6.2731734097000045,1.187741918299999,-1.491903768739999
63,GLY,0.027,0.014933628318584,0.72919,1.03053,0.7504700000000002,0,0.0,0.03,0.48,0.4556,0.0,1.0,0.5062,2.5035527600000003,4.85787197,6.92382297,8.581706819999997,-1.2724101459,-2.4691848357,-0.213292921095,-0.60477659622,5.808608744000015,-6.888125730000008,0.9611559827999986,-1.700631590500001
64,GLY,0.191,0.1056415929203539,0.79349,1.15491,0.4620900000000001,0,0.0,0.03,0.48,0.4556,0.0,1.0,0.5062,2.9236223500000005,5.68929325,8.148645690000002,10.171827580000002,-1.2785135715000002,-2.4900636781600003,-0.2021854613899999,-0.5752956281700001,4.282230072,-7.813543298200006,0.6734397185,-1.796794406140001
65,GLY,0.492,0.2721238938053097,1.02706,0.88656,0.42944,0,0.0,0.03,0.48,0.4556,0.0,1.0,0.5062,2.36842275,4.6187638600000005,6.639717790000001,8.33307687,-1.536939993280412,-2.990899127540745,-0.2454304353779924,-0.6975017755564509,5.427543918000003,-6.6917141132999935,0.8012594381999996,-1.4938078988000012
66,GLY,0.86,0.4756637168141592,0.94716,0.78742,0.16058,0,0.0,0.03,0.48,0.4556,0.0,1.0,0.5062,1.3918202700000002,2.7063062,3.871171630000001,4.82384582,-2.02894825629,-3.9406286249,-0.3352079923199998,-0.95108080468,7.107764766000002,-9.571237994199992,1.137631912599998,-2.567351795929996
67,GLY,0.788,0.4358407079646018,0.95313,0.7786500000000001,0.2413499999999999,0,0.0,0.03,0.48,0.4556,0.0,1.0,0.5062,0.97331886,1.88699779,2.6856338600000003,3.32195752,-1.8365673082699991,-3.579252845,-0.2859901851999999,-0.8139578812999998,7.262703347999997,-14.97383558260002,1.184988829000001,-3.6531093442000033
68,GLY,1.047,0.5790929203539823,0.95373,0.7216,0.0394000000000001,0,0.0,0.03,0.48,0.4556,0.0,1.0,0.5062,0.6945590800000001,1.3426869499999998,1.90153114,2.33509223,-1.6089180129999996,-3.130417891,-0.2573731881,-0.7312360819000001,8.63229250999996,-23.186749844000087,1.4453457129000025,-5.7430400987000105
69,GLY,0.828,0.4579646017699115,1.03584,0.7106299999999999,0.2693700000000002,0,0.0,0.03,0.48,0.4556,0.0,1.0,0.5062,0.69453291,1.34248011,1.90084363,2.3334955,-1.3348807733999997,-2.585827617000001,-0.22935002437,-0.6491111014000002,13.06115784200006,-31.06450091600009,2.213139918199996,-7.9808346261
70,TYR,1.045,0.306631455399061,3.5432900000000003,1.7592899999999998,0.6037100000000002,0,0.0,-0.27,0.26,0.3556,0.8063,0.502,0.1605,1.39225354,2.70969159,3.88228334,4.84920937,-1.7177045641000004,-3.3518196984,-0.26142107499,-0.74490927551,19.88557616600001,-34.91961589880001,3.058551136199981,-8.14242872978001
71,ASP,0.819,0.3054830287206266,2.20802,1.12766,0.73434,0,0.0,-0.1,-0.9,0.1111,0.3239,0.8675,1.0,1.39075128,2.6979735,3.8438847,4.76175501,-1.6137635631000005,-3.1332339627999994,-0.2689781689200001,-0.7632404193999999,16.67546886800007,-21.584403835199996,2.796266891999997,-5.433475633280001
72,ARG,2.251,0.671339099314047,3.85257,0.95542,0.1465800000000003,0,0.0,-1.3,-2.5,0.0,0.7346,0.9398,0.6914,2.08876081,4.06749401,5.833082010000001,7.295720579999999,-2.09755085927,-4.09588244327,-0.31347989817,-0.8934735514199996,17.21766289799993,-30.23123543030006,2.6010959324999927,-6.773790408780011
73,GLY,0.094,0.0519911504424778,0.7353700000000001,1.1172300000000002,0.5967699999999998,0,0.0,0.03,0.48,0.4556,0.0,1.0,0.5062,1.94716383,3.77797601,5.38390197,6.67146238,-2.17689321222,-4.22411084592,-0.3647655452439998,-1.0341092056970007,15.072015811000016,-20.37361220492001,2.485059011700006,-5.140045756117994
74,TYR,0.197,0.0578051643192488,2.91176,2.27306,0.9379399999999998,0,0.0,-0.27,0.26,0.3556,0.8063,0.502,0.1605,2.5061819700000005,4.878243439999999,6.99011147,8.731263339999998,-2.9724404036999994,-5.7959379896300005,-0.4609201167639998,-1.3130223632900009,13.91184336800002,-16.772385540900032,2.1509466936000097,-3.927397935250003
75,ASN,0.79,0.3231083844580777,2.32743,1.2364800000000005,0.4185199999999993,0,0.0,-0.1,-0.78,0.1111,0.3976,0.6747,0.8272,2.08783918,4.0602127900000005,5.8089055300000005,7.239687589999999,-2.684184334120001,-5.217575280500002,-0.4370537745439998,-1.2408659912499995,11.118075916999992,-15.056607395400006,1.7452368696999967,-3.656627859640001
76,ASP,0.582,0.217083177918687,2.14789,1.34058,0.7584200000000001,1,0.0555555555555556,-0.1,-0.9,0.1111,0.3239,0.8675,1.0,2.3668333100000005,4.6063559,6.599025550000001,8.24029825,-2.68377853892,-5.2239272455,-0.4255625760099999,-1.20935696796,9.385305594999988,-14.52671334010002,1.5106187362000023,-3.4955275563600043
77,ASN,0.237,0.0969325153374233,1.78483,1.55536,0.6526399999999999,1,0.0357142857142857,-0.1,-0.78,0.1111,0.3976,0.6747,0.8272,2.6441191400000004,5.139212469999999,7.345736979999999,9.14243781,-3.080371810060002,-5.995728371879999,-0.4926982462709999,-1.4012381603509998,6.957096275999982,-9.42783096145,1.0690628473,-2.1797675011999984
78,ARG,1.418,0.4229048613182224,3.3656900000000003,1.5416599999999998,0.3933400000000004,0,0.0,-1.3,-2.5,0.0,0.7346,0.9398,0.6914,2.08646925,4.04953087,5.773914380000001,7.160031269999999,-3.339373744660001,-6.505272522800003,-0.5243868312300001,-1.4919434750199998,7.539299080999992,-11.196794421999988,1.2170814063999984,-2.720050866559999
79,ASP,0.6,0.2237970906378217,2.21003,1.40076,0.68024,1,0.0909090909090909,-0.1,-0.9,0.1111,0.3239,0.8675,1.0,1.80892426,3.51472852,5.021085520000001,6.24474712,-2.405766314200001,-4.673649958300001,-0.3961527389699998,-1.1244121147199997,10.244817187999985,-13.95767496799998,1.6852589584999986,-3.5546655481500014
80,ASP,0.867,0.3233867959716524,2.5028,1.08621,0.7277899999999999,0,0.0,-0.1,-0.9,0.1111,0.3239,0.8675,1.0,1.3914550499999998,2.7034260000000003,3.86162315,4.80175888,-2.3190036753900003,-4.5047746515,-0.38312613985,-1.0874962809999995,13.468603386000058,-21.194671101399983,2.1793415879999896,-5.062047657199993
81,ARG,1.118,0.3334327467939159,3.3208800000000003,1.71331,0.5216900000000004,2,0.2,-1.3,-2.5,0.0,0.7346,0.9398,0.6914,1.81014427,3.5242093700000003,5.05202813,6.31483417,-1.4389886207000009,-2.7984471410000005,-0.23139244592,-0.6569642803999999,11.73259916200004,-24.5164598134,1.948481662900004,-6.109460465500008
82,ASP,0.914,0.340917568071615,2.01599,1.23297,0.53403,4,0.210526315789474,-0.1,-0.9,0.1111,0.3239,0.8675,1.0,1.38943037,2.68764909,3.8099797,4.684311650000001,-0.8996262749999998,-1.7489071489999997,-0.1461345972,-0.4149225830999999,10.20789971300002,-24.99068441800008,1.6560901778000066,-5.98492575260001
83,ASN,1.372,0.5611451942740288,2.42633,0.8815700000000001,0.1914299999999996,4,0.25,-0.1,-0.78,0.1111,0.3976,0.6747,0.8272,1.39027131,2.69423176,3.831630070000001,4.73386282,-0.7483287710000002,-1.4636129559999995,-0.1083392081,-0.3092649719999999,8.100254715,-22.32672799600005,1.2029503403000008,-4.831999335000006
84,ARG,2.509,0.7482851178049507,3.92792,0.85209,-0.0080899999999997,1,0.142857142857143,-1.3,-2.5,0.0,0.7346,0.9398,0.6914,0.97245947,1.88029334,2.66366148,3.27190864,-0.6301248204000001,-1.2240463487,-0.10322115628,-0.2927662249999999,5.341154199000001,-14.67003966450003,0.8486330851999996,-3.3347521672999934
85,GLY,1.017,0.5624999999999999,1.01528,0.59005,0.2009500000000001,1,0.142857142857143,0.03,0.48,0.4556,0.0,1.0,0.5062,0.83357998,1.61202221,2.2842707,2.8071001,-0.5993656995,-1.1650333010000002,-0.09828687601,-0.279218073,6.393683043999998,-10.697601300999985,1.091925011699998,-2.624434590300002
86,GLY,0.325,0.1797566371681415,0.6685500000000001,1.01191,0.47109,2,0.153846153846154,0.03,0.48,0.4556,0.0,1.0,0.5062,1.11113253,2.14696182,3.03782307,3.72487381,-0.52663559,-1.026821229,-0.0815924567999999,-0.232392361,5.300229692999997,-10.839967989999998,0.8663585749999997,-2.545276383999992
87,SER,1.059,0.486672794117647,1.52071,0.7671,0.3499000000000002,1,0.0909090909090909,-0.1,-0.18,0.4111,0.1877,0.8514,0.5309,1.11162319,2.1507261699999995,3.049940800000001,3.75180431,-0.4375155098,-0.8506427599999999,-0.0715330772,-0.2032838565,5.301792319999995,-10.1473285272,0.8591105290000003,-2.3523508864999965
88,GLY,0.662,0.3661504424778761,0.90483,0.8729100000000001,0.2730899999999998,4,0.235294117647059,0.03,0.48,0.4556,0.0,1.0,0.5062,1.25018923,2.41658073,3.42150626,4.199071699999999,-0.4399921876,-0.8539480646,-0.07422905692,-0.2106719925,5.725034501999996,-12.02705615670002,0.9981835379999984,-2.958186787699994
89,GLY,0.618,0.3418141592920354,0.85687,0.84093,0.34907,3,0.375,0.03,0.48,0.4556,0.0,1.0,0.5062,1.11280387,2.15996098,3.08028761,3.82117991,-0.7050685351000001,-1.366494067,-0.1208657491399999,-0.3424030142,6.994185416999979,-8.898646202,1.0998768661999996,-2.129235583999997
90,TYR,2.1,0.6161971830985916,3.95514,1.07767,0.2303299999999999,3,0.5,-0.27,0.26,0.3556,0.8063,0.502,0.1605,0.83429962,1.6176635899999998,2.30285523,2.84972854,-0.9169691403,-1.7747898525,-0.1594941825999999,-0.4510582411,8.120806686999986,-10.349240120999992,1.363111003999993,-2.833122773799994
91,GLY,0.353,0.1952433628318584,0.72969,0.92767,0.5273300000000001,2,0.25,0.03,0.48,0.4556,0.0,1.0,0.5062,1.11330904,2.16393225,3.09340866,3.85139511,-1.4353696378000005,-2.8067813301000006,-0.20874509731,-0.59576195803,12.868678446999995,-21.90994650090008,1.8240258179999955,-4.5582407464000045
92,ARG,2.173,0.6480763495377274,3.83015,1.06155,0.1184500000000001,1,0.25,-1.3,-2.5,0.0,0.7346,0.9398,0.6914,0.8340463199999999,1.6156911899999995,2.29640396,2.83507446,-1.1659565027,-2.271148878599999,-0.18220748203,-0.5180595132,10.960718111999936,-21.417848779900023,1.7094678431999977,-4.989364959700002
93,ASP,1.32,0.4923535994032078,2.68912,0.7833600000000001,0.5776399999999999,0,0.0,-0.1,-0.9,0.1111,0.3239,0.8675,1.0,0.83332044,1.6099902699999995,2.27758782,2.79180469,-1.1963744207,-2.324059788,-0.1988937219,-0.5649226826000001,11.964897607999983,-18.383613791999995,2.0388236798000023,-4.6148904804
94,ARG,1.487,0.443483447658813,3.81761,1.49293,0.3730700000000002,0,0.0,-1.3,-2.5,0.0,0.7346,0.9398,0.6914,1.25133439,2.4254858500000003,3.45059569,4.26504614,-1.9820708007,-3.860207909300001,-0.31440863214,-0.8947963198999997,11.54414219800008,-17.128765515100007,1.8766698193999956,-4.208521681550006
95,ASN,1.162,0.4752556237218814,2.35058,1.1236700000000002,0.1593299999999997,0,0.0,-0.1,-0.78,0.1111,0.3976,0.6747,0.8272,1.39046128,2.69568837,3.836317100000001,4.74427587,-2.4242805093000004,-4.705286449,-0.40618974052,-1.1521717429999998,13.767012402000065,-21.44937448349996,2.3621114575999997,-5.421256241949997
96,TYR,0.356,0.1044600938967136,3.0444400000000003,2.08975,0.9622500000000004,0,0.0,-0.27,0.26,0.3556,0.8063,0.502,0.1605,2.36833923,4.6181703600000015,6.63797639,8.3297379,-3.01485541393,-5.8895475679,-0.446644549535,-1.2734220663300004,14.75209253399998,-18.547596672000008,2.141000712699993,-4.084624472550002
97,GLU,1.065,0.3903958944281524,2.63164,1.2747400000000002,0.38826,0,0.0,-0.1,-0.74,0.1111,0.4884,0.8112,0.9136,2.08818781,4.06294779,5.817919450000001,7.260373499999998,-2.2568233603800008,-4.392451039639999,-0.359657989706,-1.0223225721600004,15.28509425500004,-20.288102394900005,2.3740832749000105,-4.750639195299994
98,ASP,0.314,0.1171204774337933,1.78589,1.4424,0.9246,0,0.0,-0.1,-0.9,0.1111,0.3239,0.8675,1.0,2.36696366,4.607333170000001,6.6020895600000005,8.246851979999999,-2.6187638434,-5.106626851699999,-0.40489164672,-1.1533330784999996,12.498986579000016,-16.323904975500003,1.920030387800001,-3.731900261000005
99,ARG,1.524,0.4545183417834774,3.40824,1.59077,0.2382300000000001,0,0.0,-1.3,-2.5,0.0,0.7346,0.9398,0.6914,1.950354,3.80289758,5.46569632,6.858148839999999,-2.6104945927199994,-5.0896921132,-0.401313266864,-1.14209952482,17.42220469400005,-18.685533735600004,2.565032769300003,-4.328156722449995
100,GLY,0.983,0.5436946902654867,0.99034,0.60443,0.22057,0,0.0,0.03,0.48,0.4556,0.0,1.0,0.5062,1.39183621,2.70641128,3.87144656,4.82425887,-2.2387259369000003,-4.3560040669,-0.3595345382039999,-1.0219768947,17.712518992000025,-19.579545074200084,2.8332400481999827,-4.686700878199998
101,TYR,1.472,0.431924882629108,3.92492,1.53681,0.3991899999999999,0,0.0,-0.27,0.26,0.3556,0.8063,0.502,0.1605,1.80963842,3.520259240000001,5.03907055,6.28528279,-2.1728984325400003,-4.2469285427,-0.3216638931199999,-0.9182795262,17.966110126000107,-22.415632171500008,2.7240529114000056,-4.910090370199997
102,ASN,1.09,0.4458077709611452,2.28453,1.07632,0.2786799999999998,0,0.0,-0.1,-0.78,0.1111,0.3976,0.6747,0.8272,1.66960724,3.24307023,4.63068456,5.75513597,-1.6690063464999996,-3.2582865378000005,-0.25083945282,-0.7148304607599998,18.08072228800008,-23.73784752050008,2.7560740043000163,-5.42156945388001
103,GLY,0.709,0.392146017699115,0.95324,0.77629,0.3227100000000001,0,0.0,0.03,0.48,0.4556,0.0,1.0,0.5062,0.97243447,1.88012193,2.66318278,3.27107411,-1.50687654499,-2.920304403464001,-0.258604798816,-0.7326810294899998,16.94081104600016,-28.42091483170004,2.913763730600031,-7.318650580299995
104,GLY,1.07,0.5918141592920354,1.04162,0.61695,0.1210499999999999,0,0.0,0.03,0.48,0.4556,0.0,1.0,0.5062,0.97323531,1.8863528,2.68354343,3.31726794,-1.9114234619000008,-3.717793875199999,-0.3079626988,-0.8748629208400003,16.29255181799999,-33.69625459279995,2.645922840200003,-8.303171171299994
105,GLY,0.536,0.2964601769911504,0.7994199999999999,0.90411,0.3678900000000001,0,0.0,0.03,0.48,0.4556,0.0,1.0,0.5062,1.52965997,2.96644857,4.2238596,5.227635279999999,-1.7885006138,-3.4732763675,-0.29608439806,-0.8400655313000002,16.96553867700006,-24.546235508699976,2.7226042740000054,-6.0480843194999965
106,GLY,0.162,0.0896017699115044,0.8667,1.1007199999999997,0.5452800000000004,0,0.0,0.03,0.48,0.4556,0.0,1.0,0.5062,2.36630399,4.60228118,6.585860480000001,8.21088709,-1.6320529199399991,-3.1843113745,-0.248244657231,-0.7070898190600002,16.119123723999987,-15.189759406600006,2.425319642200003,-3.612117579450007
107,GLY,0.053,0.0293141592920353,0.64548,1.02225,0.7327500000000002,0,0.0,0.03,0.48,0.4556,0.0,1.0,0.5062,2.78403403,5.41556759,7.7516453200000015,9.667727929999998,-1.6942574847999994,-3.2919088851,-0.27942317994,-0.7935061856300001,12.17936085499996,-9.07330035400002,1.9134290805,-2.291115437500004
108,GLY,0.335,0.185287610619469,0.85893,0.90698,0.5660200000000001,0,0.0,0.03,0.48,0.4556,0.0,1.0,0.5062,1.80898399,3.5151694199999994,5.02244213,6.24756697,-2.1316036814470003,-4.140380076016,-0.352837089707,-1.0015081358760003,11.77872577200004,-10.026026715900011,1.9058324189000024,-2.589304668010004
109,GLY,0.64,0.3539823008849557,0.88508,0.80409,0.3639100000000002,0,0.0,0.03,0.48,0.4556,0.0,1.0,0.5062,1.81027348,3.52521878,5.05534181,6.32240096,-2.700727496000001,-5.2630159242,-0.4217761108300001,-1.20047914544,10.420191753000005,-12.8266323468,1.559449170900006,-2.9682432058299955
110,ASN,0.381,0.1558282208588957,1.95125,1.52222,0.5417799999999999,0,0.0,-0.1,-0.78,0.1111,0.3976,0.6747,0.8272,2.22687389,4.329694300000001,6.19225673,7.71349594,-2.663653630929999,-5.184452257300002,-0.4269549819889999,-1.2144342378200006,12.144590947000005,-12.815049503399983,1.8681384319999992,-3.0621126824499973
111,ARG,2.396,0.7145839546674619,3.98137,0.86556,0.0914400000000003,0,0.0,-1.3,-2.5,0.0,0.7346,0.9398,0.6914,1.80961702,3.5200721,5.03838521,6.28350203,-2.3770966332699994,-4.62703404854,-0.377624140608,-1.07335988447,13.388197678000056,-17.938104598539972,2.1762079788000093,-4.4759305929799895
112,GLY,0.501,0.2771017699115044,0.66498,0.98582,0.3211799999999999,0,0.0,0.03,0.48,0.4556,0.0,1.0,0.5062,1.67070473,3.2515824,4.658410750000001,5.81777244,-2.5153499685000003,-4.8968238521,-0.39858469381,-1.1330715185999998,12.106848308000036,-19.245511523400012,1.8448759666999963,-4.4184849431
113,TYR,0.859,0.2520539906103286,3.41812,1.87383,0.6751699999999998,0,0.0,-0.27,0.26,0.3556,0.8063,0.502,0.1605,1.8102604,3.5250968000000005,5.05487172,6.32111176,-1.7656941285000003,-3.4480867236999995,-0.26526960727,-0.7564988495399998,14.46495187000002,-11.92859046200002,2.2114428624,-2.6758171674400018
114,ASN,1.168,0.4777096114519427,2.39415,1.07824,0.1987599999999998,0,0.0,-0.1,-0.78,0.1111,0.3976,0.6747,0.8272,1.39194775,2.70729281,3.874376130000001,4.83105553,-1.36426843073,-2.6553024231,-0.216342686736,-0.61468236295,13.393594485000053,-20.057329806399945,2.1226229908000063,-4.952388940259996
115,ASN,1.63,0.6666666666666666,2.5186,0.7532,0.0617999999999999,0,0.0,-0.1,-0.78,0.1111,0.3976,0.6747,0.8272,0.97346421,1.88811909,2.68926222,3.33007925,-1.162420818,-2.2575055461,-0.19266628222,-0.546704284,12.016958874000052,-24.982174783600097,1.9294397437000024,-6.0576200275000165
116,ASN,1.225,0.5010224948875256,2.29999,1.05795,0.1620499999999998,0,0.0,-0.1,-0.78,0.1111,0.3976,0.6747,0.8272,0.8339462,1.61490877,2.2938357,2.82921152,-0.8789401699000001,-1.7098268774999998,-0.1403165757099999,-0.3984243326,9.383190946000049,-20.684719181500025,1.5148527154000042,-4.940950768499997
117,ARG,2.397,0.7148821950492096,3.9001,0.85719,0.0988100000000004,1,0.166666666666667,-1.3,-2.5,0.0,0.7346,0.9398,0.6914,0.83393036,1.6147799099999998,2.29339347,2.8281422700000003,-0.6924132340000001,-1.34874204,-0.10868991786,-0.3091535018,7.504111023999984,-15.626640786999983,1.173149508300002,-3.608513073699996
118,GLY,1.029,0.5691371681415929,1.07343,0.5757099999999999,0.2032900000000002,1,0.166666666666667,0.03,0.48,0.4556,0.0,1.0,0.5062,0.69453904,1.34252598,1.90098727,2.33380214,-0.4500744162,-0.8719336529999999,-0.077304919,-0.2188320869,2.859478956999998,-6.456875281000004,0.5187627663000003,-1.7491139364000017
119,GLY,0.698,0.3860619469026548,1.0356,0.76087,0.34913,1,0.142857142857143,0.03,0.48,0.4556,0.0,1.0,0.5062,0.8338423,1.61409806,2.29117853,2.8231580700000003,-0.5434440588,-1.059755139,-0.08406748556,-0.2395048443,3.498567885999999,-8.728534837000005,0.5309789274000003,-1.9277455897999975
120,GLY,0.783,0.433075221238938,1.01713,0.72699,0.2980099999999999,0,0.0,0.03,0.48,0.4556,0.0,1.0,0.5062,0.8339483200000001,1.61491322,2.2938062,2.82900774,-0.5720615977,-1.108370109,-0.0977632732,-0.2766707464999999,2.7491064419999987,-5.508238213999994,0.4381881633,-1.262498123000001
121,GLY,0.607,0.3357300884955752,0.92121,0.87887,0.32213,1,0.1,0.03,0.48,0.4556,0.0,1.0,0.5062,1.25211412,2.4315865599999995,3.47064972,4.31091081,-0.5251102986,-1.0247539435000002,-0.0796063218,-0.226807086,2.0822273219999987,-4.182114735999997,0.3262397906000001,-0.9845549942999996
122,GLY,0.645,0.3567477876106195,0.88437,0.8636900000000001,0.2993099999999999,1,0.125,0.03,0.48,0.4556,0.0,1.0,0.5062,0.8330972400000001,1.6082810999999997,2.2720990100000003,2.77964973,-0.4584481868999999,-0.8911688735000001,-0.07498917024,-0.21303614085,1.4920381789999997,-2.681272138399999,0.2397449415999999,-0.5879792632999998
123,GLY,1.126,0.622787610619469,1.01886,0.6000900000000001,0.08191,1,0.2,0.03,0.48,0.4556,0.0,1.0,0.5062,0.83426289,1.6173880099999998,2.3019912600000003,2.84788282,-0.7194374508999999,-1.3995937513,-0.11440606179,-0.3247578995999999,1.0994012600000005,-1.8686066379999997,0.1767858719999999,-0.4629428226
124,TYR,1.987,0.5830399061032864,4.06393,1.05415,0.3668499999999999,2,0.333333333333333,-0.27,0.26,0.3556,0.8063,0.502,0.1605,1.11285938,2.16043705,3.0819994,3.8255472,-0.752237928,-1.471749104,-0.108411952,-0.3096435112,1.178916231,-1.913754616,0.1818301557000001,-0.4115259289999999
125,ASN,0.873,0.3570552147239264,2.27566,1.25048,0.3215199999999998,2,0.2,-0.1,-0.78,0.1111,0.3976,0.6747,0.8272,1.2511587100000003,2.42410312,3.44602032,4.25448934,-0.5291924461999999,-1.0272235456,-0.088529452,-0.2511348988,1.2575064399999998,-1.3017069490000006,0.1962909466999999,-0.2832629691
126,ARG,1.831,0.5460781389800179,3.67082,1.23962,0.2823800000000003,1,0.25,-1.3,-2.5,0.0,0.7346,0.9398,0.6914,1.39239061,2.71076211,3.88579605,4.85722184,-0.41421867936,-0.8048659419,-0.06758692608,-0.19174182958,1.1795670039999997,-1.7410503819999996,0.1757461490000001,-0.4037637093
127,GLN,0.564,0.1961739130434782,2.41571,1.6566699999999996,0.6543300000000003,1,0.125,-0.1,-0.85,0.1111,0.5388,0.7952,0.6914,1.11200074,2.15369723,3.05976875,3.77447118,-0.4662332280999999,-0.9067545360000002,-0.0757585091,-0.2153357109999999,1.0609357980000005,-1.3423145379999997,0.1656955655,-0.3077820429999999
128,ASP,1.399,0.5218202163371877,2.51681,0.7889200000000001,0.4930799999999999,0,0.0,-0.1,-0.9,0.1111,0.3239,0.8675,1.0,0.6944479199999999,1.34181048,1.89862681,2.3283776,-0.5220100374999999,-1.009832352,-0.09191094278,-0.2599401551,1.5285796439999997,-1.910595127,0.268449327,-0.5245214336
129,ARG,2.281,0.6802863107664778,3.92696,0.87378,0.19822,1,0.25,-1.3,-2.5,0.0,0.7346,0.9398,0.6914,0.83390443,1.61458634,2.29279083,2.8268676000000004,-0.535508802,-1.044339387,-0.0821583025399999,-0.2339196794999999,1.1792763180000003,-1.89031383,0.1791723670999999,-0.4348759993000001
130,GLY,0.617,0.3412610619469026,0.89282,0.78924,0.40176,1,0.142857142857143,0.03,0.48,0.4556,0.0,1.0,0.5062,0.9732195,1.88620938,2.68300293,3.3158202,-0.4896100789000001,-0.951906396,-0.07950256804,-0.2257679532,1.4525648520000003,-2.7012253230000005,0.2370262321999999,-0.6289856989999999
131,ASP,1.283,0.4785527788138753,2.49717,0.8002,0.5978000000000001,1,0.1,-0.1,-0.9,0.1111,0.3239,0.8675,1.0,1.3917626399999998,2.70583962,3.8695816500000006,4.820035849999999,-0.3647105125,-0.7073715370000001,-0.0614573707999999,-0.1741271668,1.688709388,-3.1642620529999985,0.2688687549,-0.7823805524000003
132,GLY,0.531,0.2936946902654867,0.84309,0.8874700000000001,0.38953,0,0.0,0.03,0.48,0.4556,0.0,1.0,0.5062,1.67168421,3.25924544,4.683599610000001,5.87537789,-0.3704240587,-0.7218849047000001,-0.0576633424999999,-0.164080566,1.532125142999999,-2.1466144489999994,0.2402960978000001,-0.4988013586500001
133,GLY,0.552,0.3053097345132743,0.83864,0.8982300000000001,0.3577699999999999,0,0.0,0.03,0.48,0.4556,0.0,1.0,0.5062,0.8335127400000001,1.6115244300000002,2.2827331,2.8038860800000003,-0.8028282781999999,-1.5481548730000003,-0.1477404550999999,-0.4167331385,1.295958588000001,-2.391674592,0.2080956645999999,-0.5814683782
134,SER,1.483,0.6815257352941176,1.48205,0.73142,-0.0384199999999999,0,0.0,-0.1,-0.18,0.4111,0.1877,0.8514,0.5309,0.6947213799999999,1.34395695,1.90570698,2.34464528,-0.7461552274,-1.454388232,-0.11587686666,-0.3298323662,1.059628195,-2.681636703000001,0.1747923000999999,-0.666339249
135,SER,1.053,0.4839154411764705,1.56087,0.96896,0.1540400000000003,0,0.0,-0.1,-0.18,0.4111,0.1877,0.8514,0.5309,0.6938912100000001,1.33747092,1.8844159,2.2960404700000003,-0.8933885059999999,-1.7375752404999998,-0.14540947656,-0.4134109842999999,0.587035134,-1.1717481980000004,0.1104849911,-0.3297299965999999
136,ASN,1.499,0.6130879345603273,2.50912,0.86554,0.0804599999999997,0,0.0,-0.1,-0.78,0.1111,0.3976,0.6747,0.8272,0.6946059200000001,1.34304896,1.90270478,2.33772542,-0.917662214,-1.7739579649999997,-0.1627706782,-0.459926468,0.901845262,-1.892633841,0.1553001039000001,-0.505729357
137,PHE,1.439,0.4628497909295593,3.67862,1.39383,0.27617,2,0.5,1.1,1.2,0.8111,0.783,0.0763,0.037,1.1131303,2.16253766,3.08883789,3.8409828,-0.8833174817,-1.7152049635000002,-0.1458257653799999,-0.4135025821999999,1.3710925420000009,-2.9963015460000006,0.2454547656,-0.8064321499999998
138,SER,0.606,0.2784926470588235,1.4572,1.06802,0.5019800000000003,5,0.384615384615385,-0.1,-0.18,0.4111,0.1877,0.8514,0.5309,1.25086917,2.42186703,3.43877026,4.2382146700000005,-0.666613874,-1.296748754,-0.1073763724,-0.3051242990000001,1.726342861999999,-4.598272446,0.2906004833000001,-1.1524134090000009
139,ARG,1.797,0.5359379660005964,3.57399,1.26332,0.2926800000000003,5,0.333333333333333,-1.3,-2.5,0.0,0.7346,0.9398,0.6914,1.11095404,2.14554395,3.03308941,3.71382382,-0.5253158990000001,-1.020938782,-0.0860566045999999,-0.244370788,1.020324374,-2.118864528,0.1704815155,-0.5290838170000001
140,GLY,0.716,0.3960176991150442,0.94968,0.68376,0.40824,1,0.1,0.03,0.48,0.4556,0.0,1.0,0.5062,0.83292042,1.6068788200000002,2.2674223,2.7687471,-0.369313507,-0.715651404,-0.06370996775,-0.180531105,1.1763096900000003,-1.3647704650000003,0.2054287021000001,-0.3560611652
141,GLY,1.028,0.5685840707964602,1.02736,0.61989,0.1601099999999999,1,0.125,0.03,0.48,0.4556,0.0,1.0,0.5062,0.8338211800000002,1.6139166499999995,2.29052497,2.82148683,-0.507278306,-0.9873906451000002,-0.080918728,-0.2300717833,1.1778565020000005,-1.9772648152000003,0.1914350423,-0.4712676787999999
142,TYR,1.65,0.4841549295774647,3.72612,1.20473,0.5532699999999999,2,0.166666666666667,-0.27,0.26,0.3556,0.8063,0.502,0.1605,1.11177313,2.15194282,3.05409361,3.76177405,-0.5481675659999999,-1.070092333,-0.0821398847,-0.2339834887,1.022709277,-2.936367666000001,0.1486391803,-0.6213075234999998
143,ASN,0.781,0.3194274028629857,2.14351,1.21275,0.4512499999999997,2,0.117647058823529,-0.1,-0.78,0.1111,0.3976,0.6747,0.8272,1.2507294400000002,2.42075836,3.4350741000000005,4.22960447,-0.571914358,-1.112736384,-0.0924043649,-0.262786298,1.1785605380000004,-2.78138385,0.1859323641,-0.616781159
144,ASN,0.748,0.3059304703476482,2.15469,1.29269,0.4043099999999997,5,0.3125,-0.1,-0.78,0.1111,0.3976,0.6747,0.8272,1.39003491,2.69238699,3.82558134,4.72007735,-0.421486121,-0.8137382329999998,-0.0763635000599999,-0.2156170801999999,1.4131643680000008,-2.101167123,0.2314000432000002,-0.5171159406999997
145,ARG,1.302,0.3883089770354906,3.23199,1.65155,0.3994500000000001,2,0.181818181818182,-1.3,-2.5,0.0,0.7346,0.9398,0.6914,1.5310137300000002,2.97701266,4.25849367,5.30656576,-0.5016395069,-0.9759755169,-0.07990814755,-0.2269214319999999,0.8266750810000002,-1.7146492379999996,0.1150415592999999,-0.3406194389999999
146,ASP,1.023,0.381574039537486,2.30706,1.06837,0.5896300000000001,1,0.111111111111111,-0.1,-0.9,0.1111,0.3239,0.8675,1.0,0.97285853,1.88339773,2.67380381,3.29491492,-0.841195849,-1.633051691,-0.1403046755,-0.3980134043,0.8628322920000001,-2.114720041999999,0.1481085335999999,-0.5379659280000002
147,GLU,1.644,0.6026392961876832,2.9448200000000004,0.84433,0.2396700000000002,0,0.0,-0.1,-0.74,0.1111,0.4884,0.8112,0.9136,0.6940243899999999,1.33852212,1.88790571,2.30412934,-0.622588743,-1.20634282,-0.1073735067999999,-0.3042174265,0.7052062439999999,-1.83186876,0.1274586044,-0.4791276500000001
148,GLY,0.579,0.3202433628318584,0.85296,0.7780600000000001,0.45094,0,0.0,0.03,0.48,0.4556,0.0,1.0,0.5062,0.6940236500000001,1.33849084,1.8877133,2.30341291,-0.644431809,-1.252435681,-0.1062630642999999,-0.3019224929999999,0.7049258530000001,-1.6810285380000003,0.1291707173,-0.4449330709999999
149,SER,0.872,0.400735294117647,1.40312,1.0146699999999995,0.2893300000000005,1,0.111111111111111,-0.1,-0.18,0.4111,0.1877,0.8514,0.5309,0.9723708,1.87959461,2.66134846,3.26656988,-0.761427493,-1.483698027,-0.1189868595,-0.3386283843,0.706773993,-1.84875142,0.1145587483,-0.438205979
150,ASP,1.116,0.4162625885863484,2.4278,0.9453899999999998,0.6196100000000001,0,0.0,-0.1,-0.9,0.1111,0.3239,0.8675,1.0,0.97384015,1.89108778,2.69911881,3.35292444,-0.6354283784,-1.237450004,-0.10030958143,-0.285297877,0.6283849369999999,-0.93876671,0.0991359001999999,-0.2297037012
151,ASN,1.496,0.6118609406952965,2.47258,0.77887,0.1701299999999999,0,0.0,-0.1,-0.78,0.1111,0.3976,0.6747,0.8272,0.5549702400000001,1.06889004,1.50406024,1.82919062,-0.8425265580000001,-1.6205096650000002,-0.1608850511499999,-0.4529992503,0.6258904060000001,-0.8202614176,0.1198310047,-0.2454191748
152,ARG,1.437,0.4285714285714285,3.44959,1.5280800000000003,0.3879199999999998,0,0.0,-1.3,-2.5,0.0,0.7346,0.9398,0.6914,1.11292812,2.16093701,3.0835082600000003,3.82858247,-0.4267781817,-0.828751097,-0.0713620382,-0.202624012,0.862557118,-1.865136811,0.1497368938,-0.4993688429999998
153,GLY,0.367,0.2029867256637168,0.7333,1.00695,0.43405,0,0.0,0.03,0.48,0.4556,0.0,1.0,0.5062,0.97243636,1.88011411,2.66307552,3.27057686,-0.318915849,-0.6201186100000001,-0.0517087777,-0.146863117,0.980973812,-2.72364634,0.1641544869999999,-0.675710059
154,SER,1.297,0.596047794117647,1.56893,0.65268,0.2263200000000002,0,0.0,-0.1,-0.18,0.4111,0.1877,0.8514,0.5309,0.6940013899999999,1.33834118,1.88730597,2.30274057,-0.2729061945,-0.5285463396,-0.04725000533,-0.1337697772,0.94013097,-1.6218813041999995,0.1699698160000001,-0.4182209108000001
155,GLY,0.911,0.5038716814159292,0.94294,0.6258699999999999,0.2711300000000001,0,0.0,0.03,0.48,0.4556,0.0,1.0,0.5062,0.8339869499999999,1.61522451,2.2948619,2.83152227,-0.361461834,-0.70780988,-0.0513078493,-0.146703425,0.7473638089999997,-2.155675,0.1098510688999999,-0.4591441049999999
156,ARG,1.796,0.5356397256188488,3.76406,1.17094,0.38606,1,0.1,-1.3,-2.5,0.0,0.7346,0.9398,0.6914,0.83248615,1.60351711,2.25649639,2.74413889,-0.3680437319999999,-0.71368754,-0.0628155349999999,-0.178109105,0.744949584,-2.18918198,0.1300585506,-0.551299689
157,SER,1.103,0.5068933823529411,1.28094,0.78528,0.2877200000000002,1,0.2,-0.1,-0.18,0.4111,0.1877,0.8514,0.5309,0.97350988,1.88848323,2.69048369,3.33294718,-0.32440004,-0.631023082,-0.0521990389,-0.148292545,0.746763514,-1.813193671,0.1147883495,-0.412779898
158,TYR,1.411,0.4140258215962441,3.71263,1.5076,0.4893999999999998,2,0.4,-0.27,0.26,0.3556,0.8063,0.502,0.1605,0.97356547,1.88892152,2.69193557,3.3363037099999997,-0.3435639813,-0.6667508155,-0.05763413737,-0.163448458,1.0601415020000002,-2.1634656475,0.1717734949000001,-0.5386356145
159,ASN,1.447,0.5918200408997956,2.34016,0.93868,0.0593199999999998,1,0.333333333333333,-0.1,-0.78,0.1111,0.3976,0.6747,0.8272,0.5549702400000001,1.06889004,1.50406024,1.82919062,-0.6651909300000001,-1.282782649,-0.1226371321,-0.3460032814,0.6645228640000002,-1.125636243,0.1309315332,-0.362538511
160,ASN,1.143,0.4674846625766871,2.31941,1.04337,0.2586299999999999,1,0.333333333333333,-0.1,-0.78,0.1111,0.3976,0.6747,0.8272,0.5550034399999999,1.0691498,1.5049135800000002,1.8311409,-0.558610749,-1.0804617200000002,-0.0987409533,-0.2792580665,0.313780108,-0.5907294399999999,0.0537232758,-0.15619532
161,ASP,0.972,0.3625512868332711,2.18192,1.13912,0.5698800000000002,0,0.0,-0.1,-0.9,0.1111,0.3239,0.8675,1.0,0.6945060599999999,1.34227914,1.90021549,2.33215997,-0.5947129440000001,-1.159528928,-0.0915718085,-0.26065837,0.274149512,-0.802657585,0.0500197122,-0.2139640299999999
162,ARG,2.556,0.7623024157470921,4.01611,0.75417,0.0428300000000001,0,0.0,-1.3,-2.5,0.0,0.7346,0.9398,0.6914,0.5549023799999999,1.06836007,1.50232114,1.82522203,-0.491796313,-0.9503508575,-0.0882727600599999,-0.2495151323,0.35210484,-1.12169553,0.0670647462,-0.3128219279999999
163,ARG,2.307,0.6880405606919177,3.73648,1.06102,-0.0150199999999995,0,0.0,-1.3,-2.5,0.0,0.7346,0.9398,0.6914,0.8341375299999999,1.6164063199999998,2.29876074,2.84048339,-0.325174946,-0.6271414,-0.0597964183,-0.1687080215999999,0.5480099530000001,-1.4745764200000002,0.1029250887,-0.394646289
164,ASP,1.214,0.4528161133905259,2.42214,1.0019,0.4651,3,0.375,-0.1,-0.9,0.1111,0.3239,0.8675,1.0,1.11251468,2.15772123,3.07300537,3.80477193,-0.189539255,-0.37171158,-0.025903334,-0.074149349,0.551170234,-1.7332168200000002,0.0761584219999999,-0.3478917659999999
165,ASN,1.472,0.6020449897750512,2.4306,0.77386,0.1991399999999998,3,0.428571428571429,-0.1,-0.78,0.1111,0.3976,0.6747,0.8272,0.69413181,1.33933306,1.89046753,2.30966857,-0.321250385184,-0.6196421177499999,-0.059134369946,-0.1668908982617,0.234817272,-0.724132925,0.0441594741,-0.199255281
166,GLY,0.643,0.3556415929203539,0.89401,0.81753,0.34747,2,0.4,0.03,0.48,0.4556,0.0,1.0,0.5062,0.83364118,1.61254045,2.28611324,2.8117424900000003,-0.227792506,-0.444066409,-0.0353747485,-0.100737558,0.23583183,-0.6929884000000001,0.0361450086,-0.156457196
167,GLY,0.984,0.5442477876106194,1.03789,0.6043999999999999,0.2196000000000001,2,0.4,0.03,0.48,0.4556,0.0,1.0,0.5062,0.69432968,1.34088084,1.89555448,2.32130017,-0.214940476,-0.4180467089999999,-0.0347982844,-0.0988808779999999,0.352475494,-0.5132102179999999,0.064232228,-0.127462704
168,ASP,0.995,0.3711301753077209,2.20429,1.19296,0.4930399999999999,3,0.375,-0.1,-0.9,0.1111,0.3239,0.8675,1.0,0.83338811,1.61054384,2.27949222,2.79642108,-0.118771816,-0.232078764,-0.017649101,-0.050369047,0.23600937,-0.3991733270000001,0.0346334709,-0.0858792219999999
169,GLY,1.311,0.7251106194690266,1.67772,0.36401,0.13299,0,0.0,0.03,0.48,0.4556,0.0,1.0,0.5062,0.5567955,1.08307114,1.55034372,1.93404294,-0.137941545452,-0.265636802331,-0.0256921292409,-0.0723391112005999,0.274939204,-0.1062384136999999,0.0430355188,-0.0327111395
