2,MET,2.492,0.8356807511737089,2.88436,0.5432699999999999,-0.0532699999999997,0,0.0,0.8,0.64,0.7111,0.6196,0.0,0.0988,0.4170297899999999,0.8078947699999999,1.14835445,1.41785756,-0.254552856,-0.497669067,-0.037469544,-0.107001517,0.353922952,-0.8993832639999999,0.052973105,-0.201193977
3,GLU,1.597,0.5854105571847507,2.9725,0.92212,0.2088800000000003,0,0.0,-0.1,-0.74,0.1111,0.4884,0.8112,0.9136,0.41557287,0.79660434,1.1116039,1.33490193,-0.2485126319999999,-0.478130197,-0.0473677360999999,-0.133433318,0.351990816,-0.8995366669999999,0.068075233,-0.264171971
4,SER,0.951,0.4370404411764705,1.64242,0.95126,0.2737400000000001,0,0.0,-0.1,-0.18,0.4111,0.1877,0.8514,0.5309,0.6939596299999999,1.33798893,1.8860604600000004,2.29962435,-0.170526037,-0.331490625,-0.0281070477,-0.0799046408,0.4704124440000001,-0.987928795,0.0828577125,-0.2381838933999999
5,ASN,1.539,0.6294478527607362,2.40303,0.8472699999999999,0.05873,0,0.0,-0.1,-0.78,0.1111,0.3976,0.6747,0.8272,0.83394146,1.61487357,2.29372598,2.82897902,-0.26216657,-0.513463115,-0.0369330405,-0.105590529,0.432703316,-1.4138565599999997,0.0631470973999999,-0.301551286
6,GLN,1.584,0.5509565217391305,2.722,1.11057,0.1804299999999998,0,0.0,-0.1,-0.85,0.1111,0.5388,0.7952,0.6914,0.55462628,1.0662052,1.4952570900000002,1.80912539,-0.476239082,-0.91867639,-0.0879250065,-0.248282753,0.430632061,-1.238742724,0.0804131839999999,-0.330926761
7,SER,1.072,0.4926470588235294,1.64788,0.8643799999999999,0.2396200000000001,0,0.0,-0.1,-0.18,0.4111,0.1877,0.8514,0.5309,0.69395012,1.33791917,1.88584659,2.2991829900000003,-0.494547214,-0.957512865,-0.0863790047,-0.244580495,0.35210484,-1.102858235,0.0670647462,-0.3049855039999999
8,ASN,1.285,0.5255623721881391,2.29445,1.08132,0.0786799999999998,0,0.0,-0.1,-0.78,0.1111,0.3976,0.6747,0.8272,0.83398131,1.61518208,2.29472865,2.83123711,-0.481875091,-0.936125263,-0.0786976946999999,-0.2231741668999999,0.5888591940000001,-1.440166472,0.0958564379999999,-0.350402809
9,ASN,1.427,0.583640081799591,2.45284,0.8852899999999999,0.1327099999999998,0,0.0,-0.1,-0.78,0.1111,0.3976,0.6747,0.8272,0.69420926,1.3399616499999998,1.89261214,2.31481417,-0.540006161,-1.047037442,-0.0915684124999999,-0.2594026997,0.470616992,-0.8506857350000001,0.080375265,-0.195704817
10,GLY,0.927,0.5127212389380531,0.95599,0.65695,0.2240499999999999,0,0.0,0.03,0.48,0.4556,0.0,1.0,0.5062,0.69426907,1.3404169899999998,1.8940662900000005,2.31800874,-0.386557565,-0.7483581743,-0.0678510007599999,-0.1921774863,0.5491027159999999,-0.5464041085999999,0.0935143855,-0.1569431127999999
11,GLY,0.602,0.3329646017699115,0.92739,0.8451799999999999,0.36082,0,0.0,0.03,0.48,0.4556,0.0,1.0,0.5062,0.8336020900000001,1.61222554,2.28504599,2.80920189,-0.4128495797,-0.8017370377000002,-0.06773795842,-0.1920070015999999,0.7844924189999997,-1.0006003950000002,0.1331673795,-0.2819257601
12,SER,1.019,0.4682904411764705,1.44517,0.8877,0.2693000000000002,0,0.0,-0.1,-0.18,0.4111,0.1877,0.8514,0.5309,0.97261162,1.88147677,2.6675264700000003,3.28067005,-0.4890970870000001,-0.952953479,-0.0766454634,-0.2181176003,0.7455635810000001,-1.7079166719999996,0.1247650284999999,-0.4075202049999999
13,GLY,0.885,0.4894911504424779,0.93403,0.6990999999999999,0.2239000000000001,0,0.0,0.03,0.48,0.4556,0.0,1.0,0.5062,0.83405952,1.6157898899999998,2.29671187,2.83572764,-0.46410312,-0.904802229,-0.0714900701999999,-0.2034487595999999,0.784469718,-1.5689762810000003,0.1329724607,-0.3747223968000001
14,ASN,1.279,0.5231083844580777,2.29653,1.00022,0.16578,0,0.0,-0.1,-0.78,0.1111,0.3976,0.6747,0.8272,0.8336651199999999,1.61272098,2.2866818,2.81296432,-0.484022886,-0.941135894,-0.0784610131,-0.222841868,0.784244128,-1.7001028899999997,0.1350864085,-0.4158462819999999
15,ALA,0.826,0.3787253553415864,1.19838,0.9255300000000002,0.4294699999999998,0,0.0,0.77,0.62,0.7,0.1645,0.249,0.3951,0.8336265900000001,1.6123936099999998,2.28551538,2.81002038,-0.4152325043,-0.8079239175999999,-0.0665167977,-0.1890217208,0.98101845,-1.6421461448000003,0.1640048726,-0.3894112133999999
16,ALA,0.796,0.3649701971572673,1.24193,0.88322,0.50178,0,0.0,0.77,0.62,0.7,0.1645,0.249,0.3951,0.97312135,1.88546973,2.68066908,3.3107808800000003,-0.3822823802999999,-0.7449814307,-0.05996598343,-0.1707604531,0.9831604839999996,-1.4908311691999996,0.1464223025999999,-0.3441464828
17,LEU,1.717,0.6459744168547781,2.49461,0.8692300000000001,0.0717699999999997,0,0.0,1.4,1.1,0.9222,0.663,0.2811,0.0,0.69442759,1.34165893,1.89815426,2.32737559,-0.532378457,-1.027301974,-0.0969407715,-0.273540163,0.7446488450000001,-1.5010160709999998,0.1312214295,-0.4157830327
18,ASN,1.326,0.5423312883435584,2.33761,1.02556,0.0934399999999997,0,0.0,-0.1,-0.78,0.1111,0.3976,0.6747,0.8272,0.83354875,1.61180563,2.28365544,2.8059887700000004,-0.4275185285,-0.8291409009999999,-0.0724230320999999,-0.205285855,1.059473448,-1.833243669,0.1764971712,-0.445696146
19,ARG,2.544,0.7587235311661199,3.95177,1.03333,-0.2243299999999999,0,0.0,-1.3,-2.5,0.0,0.7346,0.9398,0.6914,0.83395594,1.61496963,2.29398206,2.82938041,-0.572123135,-1.117046356,-0.0861788603,-0.245698897,1.532944802,-4.423617850000003,0.234951796,-0.975558944
20,GLY,1.042,0.5763274336283186,0.98163,0.6623,0.1037,0,0.0,0.03,0.48,0.4556,0.0,1.0,0.5062,0.5548355,1.06783709,1.50060363,1.82129875,-0.4742580039999999,-0.915932526,-0.085892776,-0.2426954969999999,1.4887737699999997,-4.526178006,0.268419652,-1.1896007880000006
21,GLY,0.79,0.4369469026548672,0.91633,0.75421,0.2637899999999999,0,0.0,0.03,0.48,0.4556,0.0,1.0,0.5062,0.69428465,1.34053323,1.89442839,2.31877559,-0.5169905419999999,-1.005971485,-0.0832702084,-0.236778405,1.3330117509999997,-3.95590807,0.2322598243,-1.0030477829999995
22,ARG,1.888,0.5630778407396361,3.94615,1.07158,0.3934200000000003,0,0.0,-1.3,-2.5,0.0,0.7346,0.9398,0.6914,0.6945148000000001,1.34233346,1.90034432,2.33230088,-0.401455191,-0.776542401,-0.070605552,-0.1996140707,1.2926898190000011,-3.1127980409999987,0.2332607291000002,-0.8388430038999999
23,TYR,2.137,0.6270539906103286,3.79693,1.16361,0.1073899999999998,2,0.5,-0.27,0.26,0.3556,0.8063,0.502,0.1605,0.6944768699999999,1.34203841,1.89938063,2.33011564,-1.038770976,-2.0198587650000004,-0.1686464512,-0.479070526,1.0977861469999997,-2.706686629999999,0.1899194025000001,-0.7014374859
24,VAL,0.728,0.2989733059548254,1.77998,0.94908,0.7579200000000001,2,0.333333333333333,1.6,1.1,0.9667,0.4924,0.3655,0.1235,0.69442476,1.34163804,1.8980899,2.32724212,-0.9426510105000002,-1.81981153,-0.1709471073699999,-0.4826605118999997,0.8233004250000004,-1.6932697469999995,0.1435650606,-0.4535907376999999
25,PRO,0.777,0.3484304932735426,1.96297,0.8666699999999999,0.5863299999999999,3,0.333333333333333,-0.37,0.12,0.3222,0.3764,0.8594,0.3827,1.5315880000000002,2.9814956299999995,4.27319557,5.34008543,-0.8430236556999998,-1.645654849,-0.1265153033,-0.360416116,0.8650699450000001,-2.095300605,0.1279752715,-0.46367324
26,PRO,0.462,0.2071748878923767,1.75116,1.40107,0.36693,3,0.176470588235294,-0.37,0.12,0.3222,0.3764,0.8594,0.3827,1.3901044500000002,2.6928653,3.82692982,4.72247779,-0.5651107669200001,-1.0981348088000005,-0.093173113504,-0.26465476822,0.7841681519999999,-1.2376978915000003,0.1359366854,-0.28436389001
27,HIS,1.033,0.3735985533453887,2.91197,1.32723,0.4047700000000001,4,0.266666666666667,-0.91,-0.4,0.1444,0.561,0.1124,0.679,1.80848013,3.5113002800000004,5.009973960000001,6.21981203,-0.5497814607999999,-1.069844254,-0.08729303424,-0.2479375550999999,0.9439199209999996,-2.068086929,0.1378292529999999,-0.4548940089999998
28,LEU,1.692,0.636568848758465,2.5949,0.76822,0.1977799999999999,1,0.166666666666667,1.4,1.1,0.9222,0.663,0.2811,0.0,1.25249976,2.43461623,3.48065328,4.33392777,-0.4692138036999998,-0.9027220686999998,-0.08928738169,-0.25146220345,1.2171157600000009,-0.9136100491999998,0.1968034456,-0.2490990055499999
29,ARG,1.504,0.4485535341485236,3.69898,1.4158399999999998,0.4331600000000004,3,0.25,-1.3,-2.5,0.0,0.7346,0.9398,0.6914,1.39108801,2.70058356,3.85238199,4.780938470000001,-0.4549115479,-0.8814066103999999,-0.07925027493,-0.224746606,1.6889425009999988,-1.6162964271999998,0.2693755438000001,-0.4000859972000001
30,GLY,0.983,0.5436946902654867,0.93503,0.6512200000000001,0.1737799999999999,1,0.142857142857143,0.03,0.48,0.4556,0.0,1.0,0.5062,1.11314697,2.16265309,3.08916438,3.84156536,-0.63194193001,-1.230501758346,-0.09949316229,-0.282796171399,1.9647095940000023,-2.9335370113839985,0.3048079768,-0.7157289439960002
31,GLY,0.709,0.392146017699115,0.95157,0.80779,0.2912100000000002,1,0.111111111111111,0.03,0.48,0.4556,0.0,1.0,0.5062,0.97310958,1.88536663,2.68029308,3.3098080700000003,-0.41834190028,-0.8159345710000001,-0.064545621208,-0.1839173022099999,2.672316308000004,-2.8845701346,0.4134034642999996,-0.6549877513199999
32,ASP,1.685,0.628496829541216,2.64166,0.64317,0.35283,0,0.0,-0.1,-0.9,0.1111,0.3239,0.8675,1.0,0.83407267,1.61588853,2.29702084,2.83638555,-0.7010864107000001,-1.364419576,-0.11168317853,-0.3173809579,2.316338087999999,-4.211461589000002,0.3752735728000004,-1.0060243344000002
33,GLY,0.556,0.3075221238938053,0.86261,0.9003399999999999,0.3516600000000001,0,0.0,0.03,0.48,0.4556,0.0,1.0,0.5062,1.11288868,2.16065504,3.08267691,3.82697642,-0.6711718817000001,-1.3070517295,-0.1052828331099999,-0.29927198754,1.5323427040000008,-2.5668211568,0.2380991613999999,-0.6201352718
34,GLY,0.676,0.3738938053097345,0.92826,0.8136899999999999,0.3183100000000002,0,0.0,0.03,0.48,0.4556,0.0,1.0,0.5062,1.5313717,2.97978842,4.267528910000001,5.3269553,-0.453071875,-0.883293648,-0.0705053621,-0.2008306483,1.571934465,-1.5801246090000003,0.2425824820000001,-0.3813929586999999
35,ALA,0.555,0.2544704264099037,1.09079,1.1274,0.4985999999999999,2,0.111111111111111,0.77,0.62,0.7,0.1645,0.249,0.3951,1.66871638,3.23610047,4.60777144,5.70271998,-0.4402988213,-0.850000979,-0.0801055992,-0.2262531078,0.9799853940000004,-1.7898317809999995,0.1717442109,-0.4681308115999999
36,ALA,0.978,0.4484181568088032,1.28692,0.78291,0.4200900000000001,1,0.0909090909090909,0.77,0.62,0.7,0.1645,0.249,0.3951,1.39114701,2.70103814,3.85384991,4.7842128100000005,-0.9331427932339998,-1.808696826074,-0.15918095218,-0.450846770619,1.0615709889999994,-2.6880108149999997,0.1607757345,-0.577403242
37,ALA,0.559,0.2563044475011463,1.26547,1.0649499999999998,0.55705,2,0.153846153846154,0.77,0.62,0.7,0.1645,0.249,0.3951,1.11210266,2.15447967,3.0622876700000004,3.7800700799999993,-1.1341829974999995,-2.2046936653000007,-0.1860618889,-0.5286706831,1.058971846,-2.325451166000001,0.1828509492,-0.5940905559999999
38,ALA,1.305,0.5983493810178817,1.32971,0.6847,0.1913000000000001,0,0.0,0.77,0.62,0.7,0.1645,0.249,0.3951,0.83417853,1.61671326,2.29972015,2.84252463,-1.0285395359,-1.9961266908,-0.17143303702,-0.48591056375,1.1768759180000006,-2.5460945552999994,0.1983011695000001,-0.6608139190000002
39,ALA,1.143,0.5240715268225584,1.30905,0.81091,0.22709,1,0.166666666666667,0.77,0.62,0.7,0.1645,0.249,0.3951,1.11346008,2.16511759,3.09731786,3.860376229999999,-0.7857086544999999,-1.5377686409,-0.11202497524,-0.3199600314399999,1.885786094000002,-3.092790174680002,0.2941896565,-0.7405959568920004
40,SER,1.151,0.5289522058823529,1.39324,0.94852,0.0764800000000001,0,0.0,-0.1,-0.18,0.4111,0.1877,0.8514,0.5309,0.6937848799999999,1.3366437,1.88171263,2.28990724,-0.572186557,-1.103452527,-0.1055100757999999,-0.2977050152999999,1.9602239110000024,-3.360669338000002,0.3434586845999999,-0.9127728733000002
41,ALA,1.226,0.5621274644658414,1.4106800000000002,0.59368,0.3613200000000001,0,0.0,0.77,0.62,0.7,0.1645,0.249,0.3951,0.55479706,1.06753889,1.49963177,1.81910212,-0.589781197,-1.14344382,-0.1010846015,-0.286598739,1.8796157669999995,-4.344590972999995,0.3463829213000002,-1.185749113000001
42,GLY,0.699,0.3866150442477876,0.8449599999999999,0.8549100000000001,0.2540899999999999,0,0.0,0.03,0.48,0.4556,0.0,1.0,0.5062,0.69400415,1.33836314,1.88737862,2.30290824,-0.6092561460000001,-1.180509256,-0.1042904539999999,-0.295234041,2.5088769290000013,-4.835689987999995,0.4393945219999996,-1.310631113
43,GLY,0.718,0.3971238938053097,1.06549,0.7323199999999999,0.3576800000000002,0,0.0,0.03,0.48,0.4556,0.0,1.0,0.5062,0.97305765,1.88494288,2.6788387900000004,3.3062933400000003,-0.9338111657,-1.8245823512,-0.13934510585,-0.3977361885,5.694135802999994,-7.104554735800006,0.9179089773000012,-1.6300803006
44,ASP,1.567,0.5844834017157776,2.42488,0.9004200000000001,0.21358,0,0.0,-0.1,-0.9,0.1111,0.3239,0.8675,1.0,0.8342407099999999,1.61720066,2.30132486,2.84620293,-1.3403143908,-2.60439497327,-0.218852957197,-0.6209539036860001,4.826629389999996,-10.780002221000004,0.7993336662000006,-2.650826871999996
45,ASP,0.567,0.2114882506527415,2.04914,1.30361,0.8103899999999999,0,0.0,-0.1,-0.9,0.1111,0.3239,0.8675,1.0,1.2519139499999998,2.43002115,3.46550677,4.299158090000001,-1.118327928,-2.1720962440000005,-0.1851927505,-0.5256120446999999,6.2029715399999965,-9.292388278999988,1.011662003800003,-2.284203967300002
46,ARG,1.776,0.529674917983895,3.5586200000000003,1.2738799999999997,0.3031200000000005,3,0.136363636363636,-1.3,-2.5,0.0,0.7346,0.9398,0.6914,1.66768602,3.22813154,4.58189079,5.64448447,-0.8824693983,-1.7209600315,-0.13576881703,-0.38664314456,4.711151238000004,-9.2441378824,0.7685649264999993,-2.244441860200001
47,ARG,2.299,0.6856546376379361,3.75636,1.0471799999999998,0.0068200000000004,1,0.0625,-1.3,-2.5,0.0,0.7346,0.9398,0.6914,1.3901001400000002,2.6928490599999995,3.8269366,4.722676700000001,-0.7854902995,-1.5214044722999998,-0.1355604101799999,-0.3837324419999999,4.509520970999999,-7.113784133900001,0.7819214803000001,-1.8777766067000023
48,GLY,0.131,0.0724557522123893,0.70726,1.04403,0.63297,2,0.0666666666666667,0.03,0.48,0.4556,0.0,1.0,0.5062,1.6663984000000005,3.2181044300000003,4.54908813,5.56994001,-1.2585207631,-2.4526513173,-0.19676582232,-0.5601690811,2.351444286,-4.276572220000001,0.4155276053999999,-1.0699478712999997
49,GLY,0.415,0.2295353982300884,0.85679,0.95612,0.43688,0,0.0,0.03,0.48,0.4556,0.0,1.0,0.5062,1.80919905,3.51683528,5.02785901,6.25977136,-1.626053252499999,-3.1781993941000004,-0.24051164291,-0.6865770878,2.8312179149999985,-4.849021336800001,0.4234058145000001,-1.0819549423999997
50,ALA,1.345,0.6166895919303071,1.30163,0.64821,0.1877900000000001,0,0.0,0.77,0.62,0.7,0.1645,0.249,0.3951,1.11272301,2.15937583,3.07853,3.81766914,-0.8664116639999999,-1.6756800690000004,-0.1520955942999999,-0.4298023024,7.258179408999988,-7.344369710999996,1.2134552630999995,-2.1955298155000063
51,GLY,0.47,0.2599557522123893,0.74405,0.93143,0.4065700000000001,2,0.133333333333333,0.03,0.48,0.4556,0.0,1.0,0.5062,1.25061141,2.41985755,3.4321928500000003,4.22325987,-0.8115855485,-1.57074668,-0.1428928805,-0.40460348196,6.822883794000019,-10.735986234999986,1.1897815981999964,-2.849966185140001
52,GLY,0.277,0.1532079646017699,0.58379,0.8907099999999999,0.6402900000000002,2,0.08,0.03,0.48,0.4556,0.0,1.0,0.5062,1.5275696500000002,2.9501991000000003,4.1708028200000005,5.10737475,-0.93801210204,-1.8255287119,-0.14954952004,-0.4250341006399999,2.977520277000003,-3.9290854144499994,0.5382956737,-1.01677661965
53,GLY,0.611,0.3379424778761061,0.87934,0.8525100000000001,0.3444899999999999,2,0.0769230769230769,0.03,0.48,0.4556,0.0,1.0,0.5062,1.80720336,3.50131696,4.97716925,6.14481234,-0.9858799064,-1.9220294697,-0.1533580410699999,-0.436816712,3.180266178999998,-4.262815593,0.5182940392,-1.0315896721000002
54,GLY,0.133,0.0735619469026548,0.68376,1.07924,0.5957600000000001,1,0.0384615384615385,0.03,0.48,0.4556,0.0,1.0,0.5062,1.80742098,3.50305001,4.98297344,6.158416699999999,-1.1098978513000002,-2.1559216730000004,-0.1831609103,-0.5197644197,2.355397506,-3.3777922468,0.3853748248999996,-0.8182731229999999
55,TYR,1.505,0.4416079812206572,3.90324,1.42043,0.4825700000000001,0,0.0,-0.27,0.26,0.3556,0.8063,0.502,0.1605,1.94983668,3.798826580000001,5.452230050000002,6.827088549999999,-1.4486326139799992,-2.811576982000001,-0.241257437333,-0.6838895068299998,2.4356258070000014,-3.078148652200001,0.3812353958000003,-0.7660056606000003
56,ARG,0.992,0.2958544586937071,3.10844,1.88209,0.4789100000000001,0,0.0,-1.3,-2.5,0.0,0.7346,0.9398,0.6914,2.3676874100000003,4.612993690000001,6.6206922,8.289383680000002,-1.6003294485329995,-3.12448827642,-0.2416972187967999,-0.6892057353479996,2.515340409,-3.2127574402400003,0.3872015540999997,-0.7347898889559998
57,ARG,1.291,0.385028332836266,3.57471,1.49218,0.5698200000000002,0,0.0,-1.3,-2.5,0.0,0.7346,0.9398,0.6914,1.94726721,3.7787459500000007,5.3862941300000005,6.67650614,-1.9411302219999995,-3.777664311299999,-0.31105798723,-0.8844241546700002,2.0036356960000004,-3.8624969077999993,0.3154601504000001,-0.8851480803000003
58,GLY,0.284,0.1570796460176991,0.79136,0.97292,0.55108,0,0.0,0.03,0.48,0.4556,0.0,1.0,0.5062,1.94773406,3.78243302,5.398535730000002,6.70487725,-1.5691376422999996,-3.0386277262,-0.2705483355499999,-0.7653998539999998,1.2957602910000003,-2.714964203,0.2094132545000001,-0.6460080979999998
59,GLY,0.472,0.2610619469026548,0.95716,0.95984,0.37616,0,0.0,0.03,0.48,0.4556,0.0,1.0,0.5062,2.9240988700000003,5.693019510000001,8.160893040000001,10.19983684,-1.048370931,-2.0464046,-0.1591236493,-0.4537169539999999,1.2970251259999996,-3.0650751750000005,0.1996602106999999,-0.6876101612
60,GLY,0.226,0.125,0.76615,0.93752,0.6444799999999999,0,0.0,0.03,0.48,0.4556,0.0,1.0,0.5062,2.36609826,4.6006965200000005,6.580729109999998,8.1993775,-1.2775503478,-2.492550778,-0.19373585101,-0.5516166925,2.162493270999999,-2.777571410999999,0.3236409772000001,-0.6277213638999999
61,ASN,1.337,0.5468302658486708,2.30432,0.97549,0.1325099999999999,0,0.0,-0.1,-0.78,0.1111,0.3976,0.6747,0.8272,1.25040402,2.4183077,3.42734527,4.212924269999999,-1.2798120753999995,-2.470815742999999,-0.23201041573,-0.6551293689,5.138332985999986,-5.700180444400008,0.8729733822999988,-1.5750134629000014
62,SER,1.269,0.5831801470588235,1.64941,0.70737,0.1996300000000002,0,0.0,-0.1,-0.18,0.4111,0.1877,0.8514,0.5309,1.11236427,2.15655371,3.06920023,3.79616994,-1.5462268746,-2.9992095690000005,-0.26130255474,-0.7407040610999996,5.844943673,-9.981473925999998,0.9883957703000004,-2.5470720118999965
63,GLY,0.442,0.2444690265486725,0.79869,0.96416,0.4018400000000002,0,0.0,0.03,0.48,0.4556,0.0,1.0,0.5062,2.0884113600000003,4.06470569,5.82373197,7.273774759999999,-1.0110168471139998,-1.970612705344,-0.157977103374,-0.449935058029,5.623805952000012,-6.192838489718004,0.8348385059000001,-1.4449615789129977
64,GLY,0.207,0.1144911504424778,0.85768,0.99291,0.6080899999999999,0,0.0,0.03,0.48,0.4556,0.0,1.0,0.5062,1.80600193,3.4919867800000004,4.94674029,6.075957009999999,-0.57118011575,-1.10559655036,-0.09992861179,-0.28282598651,5.34000382600001,-2.5512008534100032,0.8610415054000016,-0.70165340194
65,GLY,0.67,0.370575221238938,0.84756,0.81531,0.3226899999999999,0,0.0,0.03,0.48,0.4556,0.0,1.0,0.5062,1.39005756,2.69254827,3.82605988,4.721015309999999,-1.12255423306,-2.181895465,-0.183081529324,-0.51981182752,5.180729496,-7.461165480000001,0.8565805215999986,-1.9438102650999995
66,GLY,0.673,0.3722345132743363,0.96849,0.7913699999999999,0.3436300000000001,0,0.0,0.03,0.48,0.4556,0.0,1.0,0.5062,1.39169326,2.70532267,3.867974180000001,4.81664294,-0.7465576575,-1.4571952499999998,-0.11258001735,-0.320783383,5.188593070999988,-3.52647369,0.7895926361999983,-0.8601019090100008
67,GLY,0.345,0.1908185840707964,0.76164,0.98864,0.4743600000000001,0,0.0,0.03,0.48,0.4556,0.0,1.0,0.5062,1.53114474,2.97803691,4.26185835,5.31425473,-1.1321008829,-2.2148991594000003,-0.16366278423,-0.46753072491,3.895167814000002,-3.067485693500001,0.5630559356000002,-0.6678598116
68,GLY,0.842,0.4657079646017699,1.04228,0.6491399999999999,0.3168600000000001,0,0.0,0.03,0.48,0.4556,0.0,1.0,0.5062,1.2518938700000002,2.42986113,3.4649696599999995,4.29789541,-0.8506023385500001,-1.6504762578999996,-0.14321704096,-0.4061554381600001,5.536436391999989,-4.218061334299999,0.8926249852999999,-1.0982897999
69,GLY,0.219,0.1211283185840707,0.75504,0.97023,0.61877,0,0.0,0.03,0.48,0.4556,0.0,1.0,0.5062,1.81101252,3.53100409,5.0743718300000005,6.36596344,-0.9002572519400002,-1.7487540172999996,-0.14798800443,-0.4198213237899999,3.7726136280000047,-1.4297859642,0.5800172821999997,-0.4992224323999999
70,TYR,1.517,0.4451291079812206,4.02503,1.34528,0.54572,0,0.0,-0.27,0.26,0.3556,0.8063,0.502,0.1605,2.08770029,4.0590759400000005,5.80499282,7.23020082,-1.1389850796000005,-2.2161720126,-0.183731422884,-0.5224748059800002,2.041098582,-1.0714301718,0.3380866966999998,-0.29349595778
71,ASP,0.779,0.2905632226781052,2.09153,1.22446,0.6775400000000003,0,0.0,-0.1,-0.9,0.1111,0.3239,0.8675,1.0,1.6696149500000002,3.24308741,4.63059638,5.75449682,-1.5642879294999998,-3.0434595524000008,-0.25030915355,-0.7111413399500004,1.5331129799999998,-2.5333898292999995,0.2322763653999999,-0.5837956454999998
72,ARG,1.891,0.5639725618848792,3.79605,1.2413500000000002,0.22065,0,0.0,-1.3,-2.5,0.0,0.7346,0.9398,0.6914,1.3906178299999998,2.69691757,3.84037277,4.75359677,-1.80869434046,-3.5212291816000008,-0.28806193725,-0.81933498408,1.7663406019999983,-2.3860135762000003,0.2904854355,-0.56574952177
73,GLY,0.439,0.2428097345132743,0.90356,0.8653,0.5037,0,0.0,0.03,0.48,0.4556,0.0,1.0,0.5062,1.38991253,2.6914251,3.82240565,4.71277153,-1.7363612957100003,-3.370807098970002,-0.2904858201090001,-0.8242706142539998,1.9207900709999997,-2.6070865406,0.3368216157,-0.6828894515499999
74,TYR,1.439,0.4222417840375587,3.93905,1.39186,0.57714,2,0.105263157894737,-0.27,0.26,0.3556,0.8063,0.502,0.1605,1.94790844,3.78375959,5.402769070000001,6.71417162,-1.7454505267000004,-3.40144108064,-0.272413004388,-0.7753529636299998,1.6498643779999995,-2.9643657180000003,0.2625917859,-0.6962541601999999
75,ASN,0.773,0.3161554192229039,2.14522,1.31252,0.3594799999999998,1,0.0588235294117647,-0.1,-0.78,0.1111,0.3976,0.6747,0.8272,2.08833218,4.06409907,5.821779490000001,7.269433369999999,-1.5032488747000003,-2.9184164016,-0.2502186656699999,-0.7097659556900003,3.963689220000001,-4.601997828100005,0.657028164099999,-1.23252825539
76,ASP,1.079,0.402461767997016,2.18762,1.00535,0.5966500000000001,2,0.285714285714286,-0.1,-0.9,0.1111,0.3239,0.8675,1.0,1.2524321700000005,2.43407778,3.47884962,4.329698799999999,-1.7476497265999995,-3.3984228377000005,-0.28257045603,-0.8024873156999999,5.262833301999997,-10.309134532000003,0.8361959637999999,-2.4525166572999977
77,ASN,1.245,0.5092024539877301,2.39066,1.0973,0.1026999999999997,2,0.333333333333333,-0.1,-0.78,0.1111,0.3976,0.6747,0.8272,0.83424308,1.61721826,2.30138002,2.84632006,-1.2682918085,-2.469075337,-0.2011322825,-0.5717813047000001,3.769383101999997,-9.150416571999992,0.6079100185999997,-2.126522689200004
78,ARG,1.846,0.5505517447062332,3.69772,1.21871,0.2882900000000001,0,0.0,-1.3,-2.5,0.0,0.7346,0.9398,0.6914,0.6941523900000001,1.33951165,1.89111672,2.31134424,-0.6355581809999999,-1.2325846640000002,-0.1082927918999999,-0.307104435,2.8619857100000003,-7.447776475,0.4997042357000006,-1.891023100000001
79,ASP,1.616,0.6027601641178665,2.58334,0.68772,0.3772799999999999,0,0.0,-0.1,-0.9,0.1111,0.3239,0.8675,1.0,0.6944554300000001,1.34186692,1.89880307,2.32875232,-0.611266588,-1.188173635,-0.0996311282,-0.2828711319999999,2.865809196000003,-7.016581931000006,0.4686462121999999,-1.714339951
80,ASP,0.836,0.3118239462886982,2.11054,1.25041,0.5945900000000002,1,0.25,-0.1,-0.9,0.1111,0.3239,0.8675,1.0,0.8339085100000001,1.6146265199999998,2.2929530500000004,2.8273325700000003,-0.4672420160000001,-0.910097767,-0.0730577591999999,-0.2077246669999999,3.3379215159999984,-8.892027880000002,0.5321493562000003,-2.119392369999999
81,ARG,2.477,0.7387414255890247,4.0205,0.7686299999999999,0.1073700000000004,1,0.25,-1.3,-2.5,0.0,0.7346,0.9398,0.6914,0.6944711800000001,1.34199601,1.89924817,2.32983355,-0.493816511,-0.956185195,-0.0855450955,-0.242072108,3.7646340289999976,-10.13426976,0.6462181844999997,-2.5264910510000025
82,ASP,1.511,0.5635956732562476,2.4602500000000003,0.92848,0.2415200000000001,1,0.333333333333333,-0.1,-0.9,0.1111,0.3239,0.8675,1.0,0.6944049999999999,1.34148941,1.89762305,2.3262411,-0.787844443,-1.535397913,-0.1222746223,-0.3479041890000001,4.638522474000009,-12.186978424000012,0.7008909245999995,-2.685514413000004
83,ASN,1.38,0.5644171779141104,2.54735,0.90867,0.15633,0,0.0,-0.1,-0.78,0.1111,0.3976,0.6747,0.8272,0.69451175,1.34232104,1.90034439,2.33242699,-0.8618762180000001,-1.6713073319999998,-0.1459156493999999,-0.4134193499999999,4.629416244000005,-11.633794853000024,0.7804196072000025,-2.852408433000003
84,ARG,1.752,0.5225171488219504,4.00854,1.20646,0.3945400000000001,0,0.0,-1.3,-2.5,0.0,0.7346,0.9398,0.6914,0.97379587,1.89073429,2.69793199,3.3501330900000004,-0.49863224205,-0.96305120366,-0.089884516324,-0.25388155043,8.794610359999977,-3.137012840300001,1.4174079908999966,-1.0314009949300011
85,GLY,0.534,0.2953539823008849,0.84521,0.96033,0.31367,0,0.0,0.03,0.48,0.4556,0.0,1.0,0.5062,1.39187969,2.70678692,3.87280629,4.827752139999999,-0.8159841455999999,-1.593731353,-0.1210574947399999,-0.3450129135999999,11.171918745999903,-7.610136625899997,1.6163782345999989,-1.5533278034999998
86,GLY,0.333,0.1841814159292035,0.72702,1.08369,0.39131,0,0.0,0.03,0.48,0.4556,0.0,1.0,0.5062,1.52976993,2.9673281,4.226813330000001,5.23457453,-1.14293253546,-2.2263126347,-0.17897826038,-0.5089961985,13.51870581199989,-19.58189112000004,2.0838955675999964,-4.263731367399999
87,SER,1.109,0.5096507352941176,1.33256,0.8728,0.1942000000000001,0,0.0,-0.1,-0.18,0.4111,0.1877,0.8514,0.5309,1.25175923,2.4288368300000007,3.46170445,4.29073889,-0.8021342120999999,-1.5580966445,-0.1323246007999999,-0.3755146491,12.289877222000046,-18.618936685999927,1.984097190800004,-4.677343920500002
88,GLY,0.962,0.5320796460176991,0.87524,0.779,0.067,0,0.0,0.03,0.48,0.4556,0.0,1.0,0.5062,1.11303465,2.16177795,3.08629991,3.83505306,-0.7519454665000002,-1.4654690230000005,-0.11717558006,-0.3335116665,11.126709464000038,-18.247612234600005,1.6758293768000063,-4.110828983819994
89,GLY,0.518,0.286504424778761,0.97772,0.92706,0.36294,1,0.0909090909090909,0.03,0.48,0.4556,0.0,1.0,0.5062,1.2522127,2.43234462,3.4730949,4.31635927,-0.5112601129,-0.999884147,-0.0749634324,-0.2141857548,11.639585942999975,-10.869540254000002,1.755808639900002,-2.4183343500999914
90,TYR,2.072,0.607981220657277,4.2332600000000005,0.99062,0.3453799999999998,1,0.142857142857143,-0.27,0.26,0.3556,0.8063,0.502,0.1605,0.97343602,1.88792125,2.68869202,3.32902113,-0.53397188747,-1.03481885245,-0.09182145203,-0.2601736952099999,11.036850228999963,-11.74754586227002,1.7589530455000124,-2.974515511680007
91,GLY,0.964,0.5331858407079646,1.08954,0.56605,0.27795,1,0.166666666666667,0.03,0.48,0.4556,0.0,1.0,0.5062,0.69468864,1.3437008,1.90486452,2.34271795,-0.6869126015599998,-1.3269967579,-0.122844391424,-0.3468726877399999,10.862743365999942,-11.954364740399972,1.8516357201999925,-3.325328126320007
92,ARG,0.711,0.2120489114226066,3.43759,2.0488,0.5932000000000004,1,0.1,-1.3,-2.5,0.0,0.7346,0.9398,0.6914,1.67055988,3.25045652,4.654734080000001,5.809436519999999,-1.24179952113,-2.4264496215,-0.1844108822699999,-0.5262130544300001,17.268559245999963,-27.48556134999997,2.52587059819999,-5.7941957780000095
93,ASP,0.907,0.3383066020141738,2.20319,1.16425,0.60975,1,0.0666666666666667,-0.1,-0.9,0.1111,0.3239,0.8675,1.0,1.80861259,3.5122975499999995,5.01311464,6.22657145,-1.4804630098199998,-2.8892511134500007,-0.223007938416,-0.6350890163399998,14.826634393999996,-28.40671272519993,2.181078528800001,-6.140306819380005
94,ARG,1.634,0.4873247837757232,3.61847,1.3613399999999998,0.3576600000000005,0,0.0,-1.3,-2.5,0.0,0.7346,0.9398,0.6914,1.67033626,3.2487290900000003,4.64913517,5.79687658,-1.8397266547,-3.573248590500001,-0.303021715556,-0.8595857448900001,14.134329221000092,-25.907867591599995,2.291959776199996,-6.315767546139988
95,ASN,0.593,0.2425357873210634,1.9575,1.4812599999999998,0.37074,0,0.0,-0.1,-0.78,0.1111,0.3976,0.6747,0.8272,1.94814591,3.785662639999999,5.40917788,6.72929455,-2.4977382921299998,-4.867286719000002,-0.388074648468,-1.1040296504799998,11.532930004999963,-13.947243416599989,1.9547050186999984,-3.5514006661000064
96,TYR,0.722,0.2118544600938967,3.56992,1.7856900000000002,0.9003099999999997,0,0.0,-0.27,0.26,0.3556,0.8063,0.502,0.1605,1.8095033200000004,3.5192310899999995,5.035789960000001,6.278084119999999,-2.3847012106000007,-4.652630165299999,-0.36305653944,-1.03414164824,12.538737762000018,-11.24696761830002,1.9075510156999904,-2.504743076880004
97,GLU,1.311,0.4805718475073313,2.48364,1.24388,0.1731200000000003,0,0.0,-0.1,-0.74,0.1111,0.4884,0.8112,0.9136,1.25271891,2.43632216,3.48623085,4.3465916600000005,-1.6586558522040007,-3.228205209849999,-0.264054228229,-0.7504730741040001,14.185747335000093,-16.00970739692006,2.1868815408999938,-3.839940389938003
98,ASP,1.078,0.402088772845953,2.43862,0.95437,0.64863,2,0.333333333333333,-0.1,-0.9,0.1111,0.3239,0.8675,1.0,0.97343431,1.88792021,2.68873183,3.3292459399999994,-1.2370088695,-2.4095749738,-0.19355012171,-0.5504032340999999,11.506974107999998,-14.430122312599996,1.8303077914000017,-3.6424082277199976
99,ARG,1.749,0.5216224276767074,3.64594,1.2706799999999998,0.3333200000000003,2,0.25,-1.3,-2.5,0.0,0.7346,0.9398,0.6914,0.8333797500000001,1.6104723899999998,2.27923427,2.7957598800000003,-0.7998123173999999,-1.556141656,-0.1293200190599999,-0.3677731839,9.963228196000015,-11.06577632300003,1.7019018877000054,-2.7404343155999924
100,GLY,0.596,0.329646017699115,0.82735,0.8199599999999999,0.3920400000000003,2,0.333333333333333,0.03,0.48,0.4556,0.0,1.0,0.5062,0.83387993,1.61440239,2.29221288,2.82562899,-0.3576633777999999,-0.6938176464,-0.06027582146,-0.1708629337,10.950216278999957,-8.347050162599974,1.793944533200006,-2.2544117745000056
101,TYR,1.661,0.4873826291079812,3.55462,1.14778,0.5992199999999999,1,0.2,-0.27,0.26,0.3556,0.8063,0.502,0.1605,0.97341728,1.8877944,2.68834497,3.32844306,-0.3567553673,-0.6921899045000001,-0.0596835287999999,-0.1691362059,9.306026959999976,-11.50212145700003,1.4917076399999976,-2.990808201200008
102,ASN,1.265,0.5173824130879345,2.36119,1.05742,0.1225799999999999,0,0.0,-0.1,-0.78,0.1111,0.3976,0.6747,0.8272,0.9724741,1.88040265,2.66400238,3.27263208,-0.8540709095000001,-1.667734204,-0.12847610895,-0.3663714697,8.723218325999982,-16.449291339599984,1.360842250399997,-3.7652180891000007
103,GLY,0.994,0.5497787610619469,0.98926,0.63398,0.18002,0,0.0,0.03,0.48,0.4556,0.0,1.0,0.5062,0.83401643,1.61545584,2.29562516,2.8332771999999995,-0.9183561082,-1.7967570884,-0.13208031399,-0.3771625577999999,8.023758078999986,-16.62459754619999,1.1780741337999965,-3.5686209853999964
104,GLY,0.888,0.4911504424778761,0.97473,0.6593800000000001,0.2606199999999999,0,0.0,0.03,0.48,0.4556,0.0,1.0,0.5062,0.69430808,1.34073264,1.89513993,2.32057589,-0.8977247636000001,-1.744382136,-0.1479691318,-0.4202242870000001,7.176628337999979,-15.18581097400001,1.233059115599999,-3.7550695085999983
105,GLY,0.613,0.3390486725663716,1.00171,0.82118,0.37382,0,0.0,0.03,0.48,0.4556,0.0,1.0,0.5062,1.1126673500000002,2.15890824,3.0768811300000003,3.81355544,-1.6045981773000002,-3.1134599094999995,-0.26914505949,-0.7629388463000001,11.068766449000009,-16.602301249199982,1.8147472107999985,-4.252436471679994
106,GLY,0.605,0.3346238938053097,1.0453400000000002,0.87571,0.3272900000000001,0,0.0,0.03,0.48,0.4556,0.0,1.0,0.5062,2.36811971,4.616385940000001,6.63187477,8.315055649999998,-2.8204561414699985,-5.487594849739999,-0.4524200034559999,-1.2856480910699997,18.393203018000083,-14.826169543979969,2.8278540092000237,-3.789219810289996
107,GLY,0.114,0.0630530973451327,0.757,1.1260599999999998,0.5679400000000001,0,0.0,0.03,0.48,0.4556,0.0,1.0,0.5062,3.34242287,6.51089861,9.34158876,11.6902111,-2.485370864279999,-4.828171107419998,-0.4113127592540001,-1.1678489965849994,13.242363159000028,-17.01077310417995,2.0665088544000016,-4.094510104899992
108,GLY,0.0,0.0,0.55797,0.99576,0.8122400000000001,1,0.0178571428571429,0.03,0.48,0.4556,0.0,1.0,0.5062,3.89840799,7.587632819999999,10.87112094,13.576721850000002,-2.2322628352340006,-4.332480396449999,-0.37569480486,-1.06611701484,10.629778849999983,-13.00644147057001,1.8246060985000017,-3.478681856689992
109,GLY,0.18,0.0995575221238938,0.70249,0.96282,0.6651800000000001,1,0.0217391304347826,0.03,0.48,0.4556,0.0,1.0,0.5062,3.0614713499999997,5.949545539999998,8.501820460000001,10.57710295,-2.4483973954200007,-4.728820229300002,-0.44370997841,-1.2540169969400008,14.679696764000049,-14.266223192800023,2.426331294200001,-3.890486707739994
110,ASN,0.237,0.0969325153374233,1.71228,1.5291300000000003,0.6788699999999994,0,0.0,-0.1,-0.78,0.1111,0.3976,0.6747,0.8272,2.78307173,5.40805961,7.7270311,9.6116252,-3.3363986724399988,-6.487856226299998,-0.5418438612659998,-1.5395338519300008,14.652323293999965,-17.887477833600006,2.314672626199993,-4.488169909949983
111,ARG,2.24,0.6680584551148225,3.81151,0.92908,0.18392,0,0.0,-1.3,-2.5,0.0,0.7346,0.9398,0.6914,2.50758528,4.88921368,7.026144960000001,8.81359281,-3.0751746958600004,-5.988061984799999,-0.4869702350700001,-1.3850553212700003,14.577558400000024,-11.233600151199992,2.27336855970001,-2.822009127689997
112,GLY,0.159,0.0879424778761061,0.7065300000000001,0.94168,0.70732,2,0.0606060606060606,0.03,0.48,0.4556,0.0,1.0,0.5062,2.2251852500000004,4.316571870000001,6.149421580000001,7.616435,-3.0939153573559994,-5.996251371512999,-0.5325109185864001,-1.5092644162074995,12.43361072299995,-10.915040793315995,2.1212438568000027,-2.853659234436796
113,TYR,1.01,0.2963615023474178,3.74883,1.5828,0.8151999999999997,2,0.0714285714285714,-0.27,0.26,0.3556,0.8063,0.502,0.1605,2.924048710000001,5.69268596,8.15999073,10.19835349,-3.5961533836800017,-6.986256298839999,-0.592475374019,-1.6816335621399998,8.634561563999982,-11.304998127300008,1.4295585600999985,-2.837101672800004
114,ASN,0.193,0.0789366053169734,1.87269,1.60402,0.6479799999999998,1,0.0303030303030303,-0.1,-0.78,0.1111,0.3976,0.6747,0.8272,2.9235137,5.688410419999999,8.14563429,10.16460982,-3.847108877020001,-7.486104718799998,-0.619214634057,-1.7609486742759994,7.0263731669999965,-5.497033621599997,1.1578243767000005,-1.4398389334499988
115,ASN,0.204,0.0834355828220859,1.84865,1.59617,0.6448299999999996,1,0.04,-0.1,-0.78,0.1111,0.3976,0.6747,0.8272,2.92471942,5.6978459300000015,8.17666331,10.23562004,-3.660147888899998,-7.130805616699998,-0.574554060354,-1.6350945332899998,5.975455411,-5.088246949800001,0.9080975564,-1.185836776830002
116,ASN,1.053,0.4306748466257669,2.25024,1.27758,0.1144199999999999,0,0.0,-0.1,-0.78,0.1111,0.3976,0.6747,0.8272,1.94900355,3.7923133,5.4308381,6.7782213,-2.616420053710001,-5.089035268500002,-0.423374692306,-1.2032405406500002,8.917223843999976,-4.238165358700001,1.3984434024999983,-1.1497583849800004
117,ARG,1.418,0.4229048613182224,3.63258,1.51885,0.4161500000000002,0,0.0,-1.3,-2.5,0.0,0.7346,0.9398,0.6914,1.67114076,3.25498962,4.6695957,5.843305859999999,-2.9368715606,-5.730309918399995,-0.448061387256,-1.2766807553300017,9.234828682999968,-8.893475086600004,1.4264780852999983,-2.075788892650003
118,GLY,0.765,0.4231194690265487,0.99456,0.7630100000000001,0.27999,0,0.0,0.03,0.48,0.4556,0.0,1.0,0.5062,1.9497325,3.7979884999999993,5.449394090000001,6.820353099999998,-2.4420652619,-4.7619166754,-0.37585330414,-1.07006468338,12.337618214000017,-14.57703758409998,1.9192192328999984,-3.449433073870002
119,GLY,0.194,0.1073008849557522,0.7060500000000001,1.01323,0.6007700000000002,0,0.0,0.03,0.48,0.4556,0.0,1.0,0.5062,2.50448877,4.86509854,6.947248440000001,8.63427935,-2.83413848081,-5.529905272650001,-0.4328755198679998,-1.2336002471099996,10.503922765000002,-17.473233937899987,1.5286589652999985,-3.624437690239991
120,GLY,0.222,0.122787610619469,0.6529699999999999,1.03112,0.55488,0,0.0,0.03,0.48,0.4556,0.0,1.0,0.5062,2.50529423,4.87134344,6.967589049999999,8.680239190000002,-2.575864159153999,-5.017579078499999,-0.40648756701,-1.156854597405,17.918603137000094,-18.82166756655997,2.786353136199997,-4.376474140801998
121,GLY,0.856,0.4734513274336283,0.87995,0.7755799999999999,0.1764200000000001,0,0.0,0.03,0.48,0.4556,0.0,1.0,0.5062,1.11200049,2.15369897,3.05978424,3.77453609,-2.2172134067,-4.299836874100001,-0.3757033015500001,-1.06474920265,15.615639636,-23.36125660589997,2.6269973181999893,-6.078359244399993
122,GLY,0.837,0.4629424778761061,0.94333,0.67161,0.29939,0,0.0,0.03,0.48,0.4556,0.0,1.0,0.5062,0.97258272,1.88123395,2.6666716900000003,3.27854241,-2.15928078742,-4.186637179499998,-0.3696788717759999,-1.0482326613500004,15.612240489000078,-27.444887300540064,2.6634203649000163,-7.005442665470004
123,GLY,0.277,0.1532079646017699,0.7025,0.91176,0.6192400000000001,0,0.0,0.03,0.48,0.4556,0.0,1.0,0.5062,1.94762913,3.7816774299999993,5.39627093,6.70035673,-2.0241453361,-3.9351502694399976,-0.3275639017470001,-0.9298224448400002,15.868777424999914,-13.803558018599952,2.511963188899989,-3.5114300632399904
124,TYR,1.155,0.3389084507042254,3.80124,1.6387699999999998,0.6142300000000003,0,0.0,-0.27,0.26,0.3556,0.8063,0.502,0.1605,2.2262580400000003,4.32484223,6.17619236,7.6764055,-2.763186695699999,-5.381223187499999,-0.4376219466800001,-1.245166472,18.25911440599999,-20.48602487990002,2.9494215972000006,-5.039143807500002
125,ASN,0.561,0.2294478527607362,1.77239,1.40659,0.4774099999999999,0,0.0,-0.1,-0.78,0.1111,0.3976,0.6747,0.8272,2.3657082500000004,4.59760425,6.57043315,8.17544367,-2.91594971199,-5.676469437449998,-0.464161263164,-1.32000694569,19.094188113000094,-24.26507864999997,2.994578085900001,-5.7236407835500085
126,ARG,2.017,0.6015508499850879,3.82132,0.98252,0.3534800000000002,0,0.0,-1.3,-2.5,0.0,0.7346,0.9398,0.6914,1.94846147,3.78814397,5.417372960000001,6.748150429999999,-3.236261519020001,-6.295767496720003,-0.5190994154869999,-1.4747061480249997,20.665444632999925,-28.574743884399997,3.2291329150000068,-6.700646500439996
127,GLN,0.751,0.2612173913043478,2.39951,1.42621,0.6977900000000001,0,0.0,-0.1,-0.85,0.1111,0.5388,0.7952,0.6914,2.0877371600000005,4.05947631,5.806697069999999,7.235286059999999,-3.02373819984,-5.883266416339999,-0.484407385834,-1.376597056150001,21.849083193999963,-32.8009138281901,3.3710532168000102,-7.596609434485007
128,ASP,1.259,0.4696008951883625,2.45828,0.82858,0.5934200000000002,1,0.0588235294117647,-0.1,-0.9,0.1111,0.3239,0.8675,1.0,1.94820988,3.786119530000001,5.410528170000001,6.73191868,-2.4724467698100003,-4.8133657688000016,-0.3946298782559999,-1.12266910647,21.411153240000075,-24.02426117419994,3.368000021800016,-5.5312256201100105
129,ARG,1.652,0.4926931106471816,3.39865,1.3901499999999998,0.3108500000000005,1,0.0526315789473684,-1.3,-2.5,0.0,0.7346,0.9398,0.6914,1.94803097,3.78477197,5.40627849,6.722748149999999,-3.0407829513,-5.936375972399999,-0.4574584137549999,-1.3038050554500002,20.87477745400009,-33.85199543760005,3.156773267800003,-7.6314843731
130,GLY,0.586,0.3241150442477876,0.90241,0.8067799999999999,0.41522,1,0.0588235294117647,0.03,0.48,0.4556,0.0,1.0,0.5062,1.53037441,2.9720056299999995,4.24201605,5.26882279,-2.1636661917400004,-4.218865219600001,-0.3350000590659999,-0.9542249416699996,23.330512227000018,-25.80383866219998,3.711167128700015,-5.987468030669994
131,ASP,1.188,0.443118239462887,2.40517,0.86153,0.6314700000000001,0,0.0,-0.1,-0.9,0.1111,0.3239,0.8675,1.0,1.66876043,3.23647767,4.60911833,5.70612079,-2.7985508579,-5.446186196399997,-0.4469879452199999,-1.2704567225399994,20.73029695899997,-28.485642301900054,3.363464560999996,-7.037115329280016
132,GLY,0.635,0.351216814159292,0.81709,0.8119700000000001,0.3610299999999999,0,0.0,0.03,0.48,0.4556,0.0,1.0,0.5062,1.80942552,3.5186131,5.033727210000001,6.27327094,-3.0158362881999983,-5.8840416356,-0.4601470309699999,-1.3109896479099996,21.38301669400005,-29.370910541399976,3.265445486099981,-6.818038798289988
133,GLY,0.272,0.1504424778761062,0.79512,0.8543200000000001,0.68168,0,0.0,0.03,0.48,0.4556,0.0,1.0,0.5062,2.0878877900000004,4.06056024,5.809931220000001,7.241676709999999,-2.53409012787,-4.933983752739998,-0.4029156076500001,-1.1461707867200006,22.89813760700005,-26.635987883199963,3.6630265035999976,-6.3709119791200095
134,SER,0.027,0.0124080882352941,1.03604,1.2789799999999998,0.8700200000000002,0,0.0,-0.1,-0.18,0.4111,0.1877,0.8514,0.5309,2.9209690600000005,5.66868166,8.08140389,10.01960656,-2.8922811201,-5.634989005139998,-0.451487090626,-1.2843033790900005,15.202563478999965,-22.928828172780037,2.3936676460000017,-5.311360190780007
135,SER,0.207,0.0951286764705882,1.13871,1.21759,0.7514100000000001,0,0.0,-0.1,-0.18,0.4111,0.1877,0.8514,0.5309,3.3405844,6.49664123,9.29516052,11.58536505,-2.261777909,-4.404517244599999,-0.3563285217900001,-1.01324532531,13.87928936199995,-22.827115704600008,2.0784218449000016,-4.97233399788001
136,ASN,0.288,0.1177914110429447,1.82114,1.50474,0.6522600000000001,0,0.0,-0.1,-0.78,0.1111,0.3976,0.6747,0.8272,2.9220553600000003,5.677131610000001,8.10900351,10.08218328,-2.69091810917,-5.229263294659999,-0.4428653921239998,-1.2578594989699998,17.944027391000063,-17.883135966749947,2.9084396189999944,-4.371216955199996
137,PHE,0.197,0.0633644258604052,2.70277,2.07226,0.8397399999999999,0,0.0,1.1,1.2,0.8111,0.783,0.0763,0.037,3.06393028,5.96869007,8.56443832,10.71937268,-3.0072117187400003,-5.8452325251599975,-0.491740641934,-1.3965567455899994,14.002323839999937,-15.986140761980018,2.063388092500001,-3.610295545040001
138,SER,0.3,0.1378676470588235,1.36687,1.2902600000000002,0.5857399999999999,0,0.0,-0.1,-0.18,0.4111,0.1877,0.8514,0.5309,2.3681490700000003,4.616603850000001,6.63255069,8.31647825,-2.4571054042999987,-4.787841548099999,-0.3830924226100001,-1.0899196247,15.804530734000036,-14.092890378000009,2.384377229300004,-3.3077170759999994
139,ARG,1.967,0.5866388308977035,3.54522,1.2573800000000002,0.1286199999999999,1,0.0625,-1.3,-2.5,0.0,0.7346,0.9398,0.6914,1.81026947,3.5251991299999994,5.05531749,6.322470529999999,-2.35994112576,-4.606211569200001,-0.3563144982199999,-1.0152857326660003,16.24389238199997,-23.488584636499976,2.3774427731000145,-5.362795633179992
140,GLY,0.661,0.3655973451327434,0.87944,0.8706100000000001,0.2763899999999999,1,0.0769230769230769,0.03,0.48,0.4556,0.0,1.0,0.5062,1.11250254,2.15760666,3.07255992,3.80354095,-1.7738332507000003,-3.4610836831500005,-0.27097236264,-0.7722156570800002,13.707432163000052,-22.36270322579997,2.184567721600008,-5.162712137680012
141,GLY,0.983,0.5436946902654867,0.98331,0.65938,0.1656200000000001,1,0.166666666666667,0.03,0.48,0.4556,0.0,1.0,0.5062,0.69436728,1.3411852999999998,1.896591,2.3237801,-0.8455545384,-1.6404363534,-0.1418604153199999,-0.4020184252,9.880400808,-18.33226692180004,1.7124607200000002,-4.7622089743999965
142,TYR,2.298,0.6742957746478874,3.73164,0.72814,0.3818599999999998,2,0.285714285714286,-0.27,0.26,0.3556,0.8063,0.502,0.1605,0.97339611,1.88759834,2.68759299,3.3263934500000003,-1.1632859339999997,-2.276613593,-0.1678114506,-0.4796918371999999,10.031158989999964,-21.824731817999965,1.4712611394000026,-4.6434001822000175
143,ASN,0.663,0.2711656441717792,2.07646,1.39641,0.3855899999999999,2,0.181818181818182,-0.1,-0.78,0.1111,0.3976,0.6747,0.8272,0.97198574,1.87656659,2.65133992,3.2435101799999995,-1.098265651,-2.1268647080000003,-0.192700925,-0.5462032142000002,9.995568727000022,-18.214709602,1.7736205929999962,-4.825919226500006
144,ASN,1.226,0.5014314928425359,2.45045,0.95713,0.2618699999999998,1,0.166666666666667,-0.1,-0.78,0.1111,0.3976,0.6747,0.8272,0.97349907,1.88840173,2.69022589,3.33239056,-1.52528884896,-2.9671067018,-0.245050787445,-0.69614976946,12.05742439399996,-16.75095075639997,1.9129225520000035,-4.151643931420008
145,ARG,1.031,0.3074858335818669,3.42451,1.7979600000000002,0.5240399999999998,0,0.0,-1.3,-2.5,0.0,0.7346,0.9398,0.6914,1.53148976,2.9807271700000006,4.27066905,5.334306789999999,-2.403923957147,-4.689394213988002,-0.368156384936,-1.0487820398773997,13.323025470000063,-12.947251778989983,2.0494843246000065,-3.0726305843797967
146,ASP,0.772,0.2879522566206639,2.24406,1.15878,0.7502200000000001,0,0.0,-0.1,-0.9,0.1111,0.3239,0.8675,1.0,1.53142747,2.98021765,4.268913180000001,5.330038569999999,-2.4327334177,-4.7292532936,-0.39556429922,-1.1231564539300003,14.800049823000084,-17.4521912733,2.4109999730999943,-4.500663917800012
147,GLU,0.292,0.1070381231671554,2.2425,1.65803,0.7779700000000003,0,0.0,-0.1,-0.74,0.1111,0.4884,0.8112,0.9136,2.50730313,4.887056589999999,7.01922867,8.79830866,-2.79227629259,-5.43523657555,-0.4457674663949999,-1.2677147465999998,9.233660043999974,-9.718874329000004,1.4404569220000043,-2.4531130831199963
148,GLY,0.033,0.0182522123893805,0.78185,1.1038800000000002,0.6711199999999999,0,0.0,0.03,0.48,0.4556,0.0,1.0,0.5062,2.6450882,5.146760169999999,7.370431520000001,9.19856614,-3.0388095164000006,-5.9212400142,-0.4766315954700001,-1.3568439239,8.399755080999999,-11.001272441999998,1.3822557385000007,-2.6725877143999983
149,SER,0.272,0.125,1.06678,1.3765999999999998,0.5274000000000003,1,0.0384615384615385,-0.1,-0.18,0.4111,0.1877,0.8514,0.5309,2.22611749,4.3238462,6.173263590000001,7.67074873,-3.4850195361340006,-6.800232748700002,-0.5310628858849997,-1.5132815022580004,11.389359774000011,-16.886112747299997,1.8222845249000117,-3.997223645396008
150,ASP,1.32,0.4923535994032078,2.15873,0.8159500000000001,0.5450499999999999,1,0.1,-0.1,-0.9,0.1111,0.3239,0.8675,1.0,1.25242934,2.43405618,3.4787797300000003,4.32954296,-1.8970768236999995,-3.6868481229,-0.3102405416000001,-0.8807464050000001,17.678676303999914,-22.005573940400065,2.767226245499993,-5.434679241750004
151,ASN,1.046,0.4278118609406953,2.2951,0.99446,0.4045399999999997,0,0.0,-0.1,-0.78,0.1111,0.3976,0.6747,0.8272,1.25188446,2.42980519,3.4648478000000003,4.29780571,-2.3020625292,-4.4858439837,-0.3591087869,-1.0218795334600002,17.042547688000166,-28.491749531399982,2.739242777599987,-6.927394952109983
152,ARG,1.664,0.4962719952281538,3.58575,1.38067,0.3083300000000002,0,0.0,-1.3,-2.5,0.0,0.7346,0.9398,0.6914,1.53096708,2.9766416500000004,4.2572523,5.303659820000001,-1.922257747,-3.744729543000001,-0.3018449895889999,-0.8588127282779998,18.4324871879999,-26.1418386691,2.844313815999991,-5.987229600352013
153,GLY,0.299,0.1653761061946902,0.77437,1.00671,0.5022900000000001,1,0.111111111111111,0.03,0.48,0.4556,0.0,1.0,0.5062,1.25251327,2.43470575,3.48089082,4.33429604,-0.8629864012000001,-1.6819903468,-0.13282808918,-0.37769308985,12.99986136200008,-13.727688444699965,2.055497401500012,-3.352566308349997
154,SER,0.892,0.4099264705882353,1.53065,0.9721,0.3119000000000003,1,0.166666666666667,-0.1,-0.18,0.4111,0.1877,0.8514,0.5309,0.83323658,1.60935591,2.27557905,2.7874452100000005,-0.5105176815,-0.99035364,-0.08671180993,-0.2459856376,9.881266193000055,-12.46717111279999,1.7203971105000029,-3.155126731100007
155,GLY,0.961,0.5315265486725663,0.9926,0.61241,0.23459,1,0.25,0.03,0.48,0.4556,0.0,1.0,0.5062,0.8343387100000001,1.61797805,2.3039182900000004,2.8522516,-0.6151673032,-1.203022967,-0.08883494738,-0.2534481486,7.312999860000004,-12.0974911305,1.0925652225000002,-2.805362999700001
156,ARG,1.165,0.3474500447360572,3.1783,1.60714,0.5808600000000002,2,0.4,-1.3,-2.5,0.0,0.7346,0.9398,0.6914,0.69373901,1.33627359,1.88045938,2.2869294300000003,-0.5733334008,-1.1120338671,-0.09794222288,-0.27789380477,5.2507999710000055,-10.808776497200018,0.944926554899998,-2.734891975539999
157,SER,0.992,0.4558823529411764,1.4365100000000002,0.7734800000000001,0.4105200000000001,1,0.333333333333333,-0.1,-0.18,0.4111,0.1877,0.8514,0.5309,0.83409304,1.6160401,2.29749257,2.83738414,-0.5491084596999999,-1.0667970210000002,-0.0898677881,-0.2549238363,5.194406015000001,-10.966165397999996,0.7442548951000002,-2.2476590209000005
158,TYR,1.295,0.3799882629107981,3.81739,1.5042,0.6088,3,0.6,-0.27,0.26,0.3556,0.8063,0.502,0.1605,1.1132893,2.1637836900000003,3.0929417300000006,3.85039357,-0.5328916297000001,-1.045421251,-0.0723537962,-0.2071863432,3.8572964340000016,-6.202847787,0.5399149397999998,-1.2661714401000008
159,ASN,1.479,0.6049079754601228,2.51101,0.86787,0.0981299999999997,2,0.333333333333333,-0.1,-0.78,0.1111,0.3976,0.6747,0.8272,0.69400942,1.33838612,1.88739178,2.30274775,-0.6777181365,-1.312250073,-0.1179436257,-0.3338868127,2.035904871999997,-4.331050741999998,0.3772825240000001,-1.2423630479999996
160,ASN,1.358,0.5554192229038856,2.46635,0.8964700000000001,0.1905299999999996,2,0.5,-0.1,-0.78,0.1111,0.3976,0.6747,0.8272,0.5548298,1.06779504,1.50047423,1.82102945,-0.642659259,-1.2434686549999998,-0.1133209898,-0.3206872039999999,1.0972761139999996,-2.305070635,0.196722038,-0.612951965
161,ASP,1.268,0.4729578515479298,2.44512,0.91332,0.49968,1,0.2,-0.1,-0.9,0.1111,0.3239,0.8675,1.0,0.8336665499999999,1.61271674,2.2866149,2.81264981,-0.4767155329999999,-0.925245741,-0.0794477939,-0.225223634,1.022495292,-1.961628415,0.1529997027999999,-0.4277018949999999
162,ARG,1.934,0.5767968983000298,3.68782,1.16666,0.2523400000000002,0,0.0,-1.3,-2.5,0.0,0.7346,0.9398,0.6914,1.25277744,2.43679594,3.48784457,4.3504553,-0.3359572514,-0.659450298,-0.0449610339499999,-0.1288134195,1.0244301360000003,-1.9718082480000012,0.1336764976,-0.3712409950000001
163,ARG,2.57,0.7664777810915597,3.96044,0.7517,0.0313000000000003,0,0.0,-1.3,-2.5,0.0,0.7346,0.9398,0.6914,0.69446463,1.34194669,1.89909373,2.32950473,-0.5364118618,-1.0342858139999995,-0.0989207977,-0.2790135763999999,0.4694611440000001,-0.926649824,0.0898334184,-0.2669140075
164,ASP,0.892,0.3327116747482282,2.14276,1.23507,0.55393,1,0.142857142857143,-0.1,-0.9,0.1111,0.3239,0.8675,1.0,0.97311683,1.88544787,2.68064557,3.31087652,-0.4037503039999999,-0.7842589630000001,-0.0667509070999999,-0.1894768732,0.4715527739999999,-1.043359535,0.073301808,-0.248401582
165,ASN,1.558,0.6372188139059305,2.54475,0.7402199999999999,0.1467799999999999,1,0.125,-0.1,-0.78,0.1111,0.3976,0.6747,0.8272,0.97325453,1.8864835,2.68390341,3.31787698,-0.302808219,-0.591419599,-0.045176064,-0.128801967,0.5492974680000001,-1.275775896,0.091832821,-0.295452044
166,GLY,0.691,0.3821902654867256,0.98252,0.76611,0.35089,1,0.111111111111111,0.03,0.48,0.4556,0.0,1.0,0.5062,0.97308268,1.88516611,2.67966927,3.30849063,-0.269059642,-0.52797456,-0.0361775778,-0.1035979379999999,0.550808168,-1.06955629,0.0792662047999999,-0.220980196
167,GLY,0.777,0.4297566371681416,0.9069,0.79149,0.2395100000000001,0,0.0,0.03,0.48,0.4556,0.0,1.0,0.5062,0.6940883,1.33901008,1.88946712,2.30756869,-0.279055917,-0.5404116,-0.0481705941,-0.136306935,0.7848139800000001,-0.9871121880000002,0.13084498,-0.2478664879999999
168,ASP,1.72,0.6415516598284222,2.4896700000000003,0.7709600000000001,0.19004,0,0.0,-0.1,-0.9,0.1111,0.3239,0.8675,1.0,0.55499588,1.06909354,1.50473937,1.83077454,-0.211345913,-0.408797724,-0.0372871156,-0.1054440223,0.5872681920000001,-0.5561281020000001,0.1085569474,-0.1676826576
169,GLY,1.291,0.7140486725663716,1.5768700000000002,0.4893499999999999,0.0276500000000001,0,0.0,0.03,0.48,0.4556,0.0,1.0,0.5062,0.8352919299999999,1.6253227,2.32768106,2.90544876,-0.098604501,-0.1939117159999999,-0.0126191431,-0.0362250951,0.3940307800000001,-0.250180283,0.0513004612,-0.0467244274999999
