2,MET,1.946,0.6525821596244131,2.23499,0.72517,0.3108300000000003,3,0.3,0.8,0.64,0.7111,0.6196,0.0,0.0988,1.25322545,2.4401986300000003,3.49868251,4.37419224,-0.2715269375,-0.5275758057,-0.0450637579199999,-0.1280481818,4.95614750200001,-7.116636504000005,0.7282451537999995,-1.5572164111999975
3,GLU,1.651,0.6052052785923754,2.92645,0.90619,0.1708100000000002,2,0.222222222222222,-0.1,-0.74,0.1111,0.4884,0.8112,0.9136,1.25112447,2.4239269299999995,3.4457565600000004,4.25484924,-0.3526305668,-0.6861179215000001,-0.05649519422,-0.1605487493,5.892322035000004,-8.309594828499991,0.9273849551000002,-1.9277434602999992
4,SER,0.799,0.3671875,1.338,0.92275,0.4542500000000002,1,0.0833333333333333,-0.1,-0.18,0.4111,0.1877,0.8514,0.5309,1.11120615,2.14751898,3.03959146,3.72872648,-0.4006293098,-0.7776025573,-0.0674295731399999,-0.1913796987399999,5.025397106999995,-6.310144825499992,0.8236660606000018,-1.4903145643400015
5,ASN,1.143,0.4674846625766871,2.31126,0.97263,0.3293699999999999,1,0.0909090909090909,-0.1,-0.78,0.1111,0.3976,0.6747,0.8272,1.25102222,2.42310934,3.44301008,4.2483892,-0.313511907,-0.605405494,-0.0569459171,-0.1609363294,5.888351854999984,-6.976727134999991,0.9596277330999994,-1.855014952300002
6,GLN,1.517,0.5276521739130434,2.8578300000000003,0.8999300000000001,0.45807,1,0.0769230769230769,-0.1,-0.85,0.1111,0.5388,0.7952,0.6914,1.38933508,2.68693128,3.80771731,4.67943509,-0.429900747,-0.8362579670000001,-0.0689345422,-0.1957946188,4.950660215999993,-10.986858533999987,0.7712300094000014,-2.5707111398000038
7,SER,0.346,0.1590073529411764,1.19909,1.1700199999999998,0.6599800000000002,4,0.137931034482759,-0.1,-0.18,0.4111,0.1877,0.8514,0.5309,1.52636476,2.94079295,4.139957140000001,5.03706077,-0.2600794529999999,-0.503988055,-0.0448625765,-0.127142537,5.294859883999982,-9.64278778000002,0.9074359008000016,-2.446010114000002
8,ASN,0.792,0.3239263803680982,2.12277,1.21952,0.4334799999999998,3,0.12,-0.1,-0.78,0.1111,0.3976,0.6747,0.8272,1.66747127,3.2263806,4.575898970000001,5.63007087,-0.2212465932,-0.4342049629,-0.0297071379,-0.085087679,5.306949396000002,-5.890122891600001,0.8053373622000004,-1.1868344253199994
9,ASN,1.227,0.5018404907975461,2.24627,1.04002,0.1779799999999998,2,0.153846153846154,-0.1,-0.78,0.1111,0.3976,0.6747,0.8272,1.25056228,2.41949965,3.4311054200000006,4.22104363,-0.328600643,-0.6328132231999999,-0.0620690405499999,-0.1750505195,4.935065345000003,-4.621196255000011,0.9002519229999988,-1.3049838188000025
10,GLY,0.782,0.4325221238938053,0.8646699999999999,0.73065,0.29535,1,0.1,0.03,0.48,0.4556,0.0,1.0,0.5062,1.39121636,2.70161483,3.85586655,4.78919864,-0.260903169245,-0.4998160189,-0.052829791805,-0.1484629148899999,5.29344362699999,-4.572610670079997,0.9120498974000016,-1.4583683197299986
11,GLY,0.55,0.3042035398230088,0.80809,0.90005,0.35795,1,0.0625,0.03,0.48,0.4556,0.0,1.0,0.5062,1.39036367,2.69492243,3.83379228,4.73848138,-0.86241096824,-1.6771505286,-0.1407699296349999,-0.4002302385999998,4.994335459999995,-7.664943644999997,0.751011548099998,-1.690687758599999
12,SER,0.815,0.3745404411764705,1.5632,0.8873900000000001,0.4736100000000001,2,0.111111111111111,-0.1,-0.18,0.4111,0.1877,0.8514,0.5309,1.80934849,3.5180027000000003,5.031692670000001,6.268530309999999,-0.6418397109999999,-1.256577509,-0.09175724034,-0.26235688825,4.9966199479999975,-10.698586621000011,0.7259769340000017,-2.3186783329000056
13,GLY,0.73,0.4037610619469026,0.99288,0.75429,0.32371,0,0.0,0.03,0.48,0.4556,0.0,1.0,0.5062,0.97360361,1.88922947,2.69298259,3.338805,-1.1361938151000004,-2.194865048,-0.20386427868,-0.5757882753000001,4.974648277999995,-10.433796945000005,0.9016489065000028,-2.880290692999998
14,ASN,1.085,0.4437627811860941,2.39617,1.0737100000000002,0.2862899999999997,0,0.0,-0.1,-0.78,0.1111,0.3976,0.6747,0.8272,1.2526519900000002,2.43579911,3.48451239,4.34266447,-1.7103834892400005,-3.3284133196,-0.27274896569,-0.7750407031869997,11.350981517999957,-9.548809381200003,1.7938786209999973,-2.479789248
15,ALA,1.174,0.5382851902796881,1.29173,0.71791,0.28909,0,0.0,0.77,0.62,0.7,0.1645,0.249,0.3951,1.95018481,3.80152792,5.461029930000001,6.846969629999999,-2.0616522859999984,-4.030655875600003,-0.30273873582,-0.8642869690899997,11.202403740999978,-8.296144601000009,1.7094091582000013,-1.904796242239999
16,ALA,0.257,0.1178358551123338,0.99568,1.2825,0.6415,0,0.0,0.77,0.62,0.7,0.1645,0.249,0.3951,1.6689861700000002,3.2382171899999994,4.61475005,5.718745790000001,-2.432552822165999,-4.731465303766002,-0.3920486608520002,-1.113790804901,8.386216275999999,-10.187943901031996,1.4880941466000002,-2.6481672662019946
17,LEU,1.428,0.5372460496613995,2.52862,1.04147,0.1885300000000001,0,0.0,1.4,1.1,0.9222,0.663,0.2811,0.0,1.80940485,3.51842061,5.032986859999999,6.271246779999999,-2.8020135388000016,-5.466216510299998,-0.4303676677699999,-1.2264625916000005,7.579333127000002,-9.672626291899986,1.2202186671000022,-2.353238948750004
18,ASN,1.231,0.5034764826175869,2.46238,1.0047199999999998,0.2092799999999999,0,0.0,-0.1,-0.78,0.1111,0.3976,0.6747,0.8272,1.67017936,3.24750358,4.645111719999999,5.7876880900000005,-2.4408305998000004,-4.7620198898,-0.37149027101,-1.05804815042,9.623751708,-10.551185631000005,1.5203143385999995,-2.507680032750004
19,ARG,1.391,0.4148523710110349,3.42204,1.62687,0.3351300000000001,0,0.0,-1.3,-2.5,0.0,0.7346,0.9398,0.6914,1.3914004,2.70299475,3.86019231,4.798444700000001,-1.1869851988,-2.303100969500001,-0.1997000105699999,-0.56623372656,12.557863323000015,-21.34740341300001,2.0926334859000058,-5.501180561779999
20,GLY,0.496,0.2743362831858407,0.7154200000000001,0.9108,0.4012000000000001,0,0.0,0.03,0.48,0.4556,0.0,1.0,0.5062,0.97230698,1.87912797,2.65992554,3.26365289,-1.0813098523399998,-2.1018675318000004,-0.17609667855,-0.49997971353,8.358882972999993,-19.659001657200008,1.384543798100005,-4.908125347060007
21,GLY,1.024,0.5663716814159292,1.01383,0.61583,0.16817,0,0.0,0.03,0.48,0.4556,0.0,1.0,0.5062,0.83388584,1.6144354099999998,2.29227479,2.82562585,-1.0210706200000002,-1.994288775,-0.1522204233999999,-0.4340036615000001,7.266765740000006,-18.200507227,1.1497672229999998,-4.200004765000014
22,ARG,2.273,0.6779003877124963,3.90469,0.86234,0.21766,0,0.0,-1.3,-2.5,0.0,0.7346,0.9398,0.6914,0.83352952,1.61166055,2.2831989100000003,2.80500846,-0.8489120469999999,-1.655808941,-0.1303592411,-0.371356812,6.436742293999994,-17.918923094000018,1.065263438199998,-4.251589152999995
23,TYR,1.201,0.352406103286385,3.53378,1.74155,0.4654499999999999,1,0.111111111111111,-0.27,0.26,0.3556,0.8063,0.502,0.1605,0.83237519,1.60263823,2.2535705900000003,2.73733541,-0.680898911,-1.3165106249999998,-0.1219134034999999,-0.3449813699999999,6.428561829000017,-13.381363853000018,1.1443490836000023,-3.4555128125000105
24,VAL,1.101,0.4521560574948665,2.00513,0.95609,0.3779100000000001,1,0.333333333333333,1.6,1.1,0.9667,0.4924,0.3655,0.1235,1.25308609,2.43921516,3.4958123700000003,4.368726539999999,-0.463424315,-0.9073458245,-0.06499277788,-0.1855628422,6.421586562000006,-12.994359610000028,0.8452175563999988,-2.4860077100000098
25,PRO,0.89,0.3991031390134529,1.81895,1.1034499999999998,0.23655,2,0.4,-0.37,0.12,0.3222,0.3764,0.8594,0.3827,0.97282358,1.88313824,2.67300158,3.29323542,-0.36944597755,-0.7165664628999999,-0.0625233516,-0.1772284070699999,3.887661132000006,-3.5442831470000016,0.6212676085000005,-0.9148036529799992
26,PRO,1.125,0.5044843049327354,1.89957,0.90077,0.2042299999999999,1,0.25,-0.37,0.12,0.3222,0.3764,0.8594,0.3827,0.69424022,1.34020267,1.89340083,2.3166073,-0.621176341,-1.206754344,-0.102256444,-0.2902166687,2.6329645280000022,-5.433876334000003,0.4053751826000003,-1.2812569208999989
27,HIS,1.616,0.5844484629294756,3.117,0.87768,0.27132,1,0.25,-0.91,-0.4,0.1444,0.561,0.1124,0.679,0.69440969,1.34152507,1.89773668,2.32649007,-0.657886708,-1.282446431,-0.1019757099,-0.2902936849999999,2.632673304000003,-6.442642749999995,0.4101433760999997,-1.4971860190000008
28,LEU,1.211,0.4556057185854026,2.27456,1.34521,0.1017899999999998,1,0.166666666666667,1.4,1.1,0.9222,0.663,0.2811,0.0,0.83330649,1.60991278,2.2774433,2.79181398,-0.464893091,-0.901891475,-0.0779741419,-0.2209555692999999,3.6851256500000007,-5.042110039000003,0.6394761749000009,-1.3174507575999994
29,ARG,2.39,0.7127945123769759,3.66598,0.99311,-0.0301099999999999,0,0.0,-1.3,-2.5,0.0,0.7346,0.9398,0.6914,1.1136532300000002,2.16662973,3.10229264,3.87176558,-0.6923998464000001,-1.358299402,-0.09351679716,-0.2676506649,5.514900885000014,-12.865632966999982,0.7326618081000004,-2.4380971029999987
30,GLY,0.622,0.3440265486725664,0.94761,0.84301,0.3429899999999999,0,0.0,0.03,0.48,0.4556,0.0,1.0,0.5062,0.69410759,1.33915472,1.88991874,2.30852858,-0.921361557,-1.787906662,-0.1550259429,-0.439684981,5.960873155999997,-14.358446572999982,1.028911616499999,-3.5044736319999994
31,GLY,1.017,0.5624999999999999,0.98491,0.6725500000000001,0.11845,0,0.0,0.03,0.48,0.4556,0.0,1.0,0.5062,0.69471433,1.34390387,1.90553995,2.34428655,-1.0703219376999995,-2.084672059,-0.1676384484599999,-0.4766254212999999,7.225385191000019,-16.566824246999996,1.1506840804999985,-4.023362592099998
32,ASP,1.322,0.4930995897053338,2.5377,0.91969,0.4393099999999998,0,0.0,-0.1,-0.9,0.1111,0.3239,0.8675,1.0,0.97329179,1.8867983,2.68501933,3.32067907,-1.2005386718100002,-2.3368058517800003,-0.190874216106,-0.54254757575,10.60917126500005,-16.340771162319985,1.6481997618000066,-3.754798880900001
33,GLY,0.317,0.1753318584070796,0.9354,1.0661600000000002,0.4248399999999999,0,0.0,0.03,0.48,0.4556,0.0,1.0,0.5062,1.53123638,2.97871815,4.263969820000001,5.318690749999999,-1.5170165029000002,-2.9543800027,-0.23976117896,-0.6820389462000003,13.19441432800002,-20.666618317699974,2.124254639500002,-5.107646620699998
34,GLY,0.479,0.2649336283185841,1.00211,0.88797,0.4410300000000001,0,0.0,0.03,0.48,0.4556,0.0,1.0,0.5062,1.80833789,3.51018979,5.006331860000001,6.211508479999999,-2.4199603826,-4.703691436700002,-0.3931303893500001,-1.1157636874,7.959466991000004,-10.571594676099997,1.3747063479,-2.734357954400002
35,ALA,0.552,0.2530949105914718,1.20102,1.1243599999999998,0.5046400000000002,0,0.0,0.77,0.62,0.7,0.1645,0.249,0.3951,2.64652314,5.157921820000001,7.406899820000001,9.28129701,-2.5547176525000013,-4.979204546500003,-0.3974830600340001,-1.13135126231,8.214787242999993,-9.799453200599988,1.2552844686999995,-2.298363493510005
36,ALA,0.413,0.1893626776707932,1.20953,1.14901,0.6189899999999999,0,0.0,0.77,0.62,0.7,0.1645,0.249,0.3951,3.06452979,5.97337361,8.579812259999999,10.754468879999996,-2.16114784831,-4.20557253465,-0.3444697608259999,-0.9787889693300004,8.210535240999985,-10.464951482599997,1.290116054999995,-2.572412314920001
37,ALA,0.219,0.1004126547455295,1.09674,1.26299,0.6990099999999999,0,0.0,0.77,0.62,0.7,0.1645,0.249,0.3951,2.64443105,5.14162725,7.35358651,9.1601224,-2.6142981216,-5.0901958124,-0.4141675254100001,-1.17777672151,8.529950084,-12.80660134209999,1.3016675650999998,-2.821248644669996
38,ALA,0.711,0.3259972489683631,1.24615,0.84855,0.6214500000000002,0,0.0,0.77,0.62,0.7,0.1645,0.249,0.3951,2.5075527600000003,4.889015110000001,7.025687,8.81314103,-2.0687809070399994,-4.03166869948,-0.3228385407460001,-0.9189345385699996,10.06653010400001,-13.144330582879991,1.4980940165000012,-2.9873096104000028
39,ALA,0.965,0.442457588262265,1.2417,0.90326,0.3127400000000002,0,0.0,0.77,0.62,0.7,0.1645,0.249,0.3951,1.6718433400000003,3.26052695,4.687942089999999,5.885711379999998,-1.9836510468900004,-3.8640525010000006,-0.3090530081399998,-0.87854094543,11.281656103999984,-10.935595750000012,1.7037803543999923,-2.79344852061001
40,SER,0.966,0.4439338235294117,1.48377,0.79598,0.4140200000000001,0,0.0,-0.1,-0.18,0.4111,0.1877,0.8514,0.5309,1.1126665299999998,2.1588783799999995,3.07669981,3.8128848,-1.3434671673900005,-2.612489230341001,-0.2186869922701,-0.6214595263714003,15.502083335999911,-15.347439690040003,2.5731889250000237,-3.8049285776699935
41,ALA,0.675,0.3094910591471802,1.31934,1.02687,0.47913,0,0.0,0.77,0.62,0.7,0.1645,0.249,0.3951,1.53081378,2.97543777,4.253279119999999,5.294524460000001,-1.4161051075299995,-2.7611835243200016,-0.2189961519899999,-0.6236680284739999,17.88207225500006,-18.068360171260004,2.758654371599995,-4.277560406951985
42,GLY,0.484,0.2676991150442477,0.91905,0.8724100000000001,0.4515899999999999,1,0.125,0.03,0.48,0.4556,0.0,1.0,0.5062,1.25210872,2.43154963,3.47054455,4.31071986,-1.0002124536,-1.9397482911000008,-0.16926094569,-0.4796272097200001,18.016003263000037,-31.91314008800012,2.959189538600004,-8.085708416600026
43,GLY,0.887,0.4905973451327433,0.94804,0.73552,0.1854800000000001,1,0.111111111111111,0.03,0.48,0.4556,0.0,1.0,0.5062,1.11271588,2.15929363,3.07816866,3.81656413,-0.8156210094400003,-1.5875398531,-0.12990761232,-0.3693150715000001,19.67976489300015,-26.77798521519992,3.1081581142000414,-6.353851774000011
44,ASP,0.765,0.2853412905632226,2.02416,1.26117,0.65483,1,0.142857142857143,-0.1,-0.9,0.1111,0.3239,0.8675,1.0,0.97333882,1.88717416,2.68628322,3.32365612,-0.9995545132,-1.9500321509,-0.15180811664,-0.4322422471999999,16.114178519999886,-26.38883237390001,2.4600328485999867,-5.951302085999972
45,ASP,0.858,0.320029839612085,2.14969,1.16861,0.65439,0,0.0,-0.1,-0.9,0.1111,0.3239,0.8675,1.0,0.97302877,1.88472849,2.67817383,3.30489435,-0.8355937601999999,-1.6264347651000002,-0.1337427972599999,-0.3803769815,15.817962014999967,-22.818845996499974,2.6078968076000124,-5.4082513843999855
46,ARG,1.55,0.4622725917089174,3.63286,1.23484,0.5681600000000002,0,0.0,-1.3,-2.5,0.0,0.7346,0.9398,0.6914,1.3922803600000002,2.70989291,3.88291516,4.85055982,-1.2134912677,-2.3778775626,-0.16972822042,-0.4856054289999999,21.014349178000103,-28.04933246709991,2.995298650200028,-5.807965164899991
47,ARG,1.468,0.4378168804056069,3.65785,1.3885999999999998,0.4964000000000004,0,0.0,-1.3,-2.5,0.0,0.7346,0.9398,0.6914,1.11316762,2.16283094,3.08980668,3.8432125,-0.8448952477200001,-1.64533992263,-0.1325533047869999,-0.37675843252,16.533176707000056,-24.440488886190007,2.631622202499986,-6.01909291396001
48,GLY,0.767,0.4242256637168141,0.93717,0.83519,0.2058099999999999,0,0.0,0.03,0.48,0.4556,0.0,1.0,0.5062,0.83403764,1.61561451,2.29612087,2.83433044,-1.2113354884000005,-2.350815086,-0.20301126516,-0.5756898784000002,12.99123040800003,-28.00898972500003,2.1467659090000115,-6.901609987999993
49,GLY,0.942,0.5210176991150443,0.9295,0.7324200000000001,0.13358,0,0.0,0.03,0.48,0.4556,0.0,1.0,0.5062,1.25311082,2.4393895,3.4963168500000004,4.36966862,-1.5657784745399996,-3.048938706600001,-0.245822951201,-0.6985934092100001,15.640593009000089,-20.644636400000017,2.399385678300012,-5.025538969520005
50,ALA,0.731,0.3351673544245758,1.30567,1.02258,0.4274200000000001,0,0.0,0.77,0.62,0.7,0.1645,0.249,0.3951,2.0887311000000004,4.06714458,5.83152778,7.290924499999999,-1.95000768151,-3.800970032100001,-0.3049869953599999,-0.8687348567900002,17.172396987000056,-19.23274511949998,2.668464521800001,-4.590469393500007
51,GLY,0.337,0.1863938053097345,0.84033,1.01201,0.4589900000000002,0,0.0,0.03,0.48,0.4556,0.0,1.0,0.5062,2.08924853,4.071215530000001,5.844993570000001,7.32198296,-2.20178193362,-4.299211106430002,-0.3293483004970001,-0.93864706306,14.227485949000082,-13.475319239229997,2.184252802399993,-3.316149806769999
52,GLY,0.498,0.2754424778761062,0.83981,0.99299,0.3170100000000001,0,0.0,0.03,0.48,0.4556,0.0,1.0,0.5062,1.9490493,3.7926700000000007,5.432004840000001,6.780870269999999,-2.266778237592,-4.408913699184002,-0.3664165284564998,-1.041216442675,11.554583494000044,-9.169722087219007,1.7776903235000023,-2.158695386157297
53,GLY,0.526,0.290929203539823,0.8997499999999999,0.89425,0.38775,0,0.0,0.03,0.48,0.4556,0.0,1.0,0.5062,1.9489641,3.79200158,5.4297993,6.77579872,-2.4628970728980004,-4.78857667021,-0.4006250078979999,-1.1380336454289997,10.802712049000023,-10.907733279959986,1.7051196350000044,-2.567797596894004
54,GLY,0.227,0.1255530973451327,0.76863,1.01039,0.5706100000000001,0,0.0,0.03,0.48,0.4556,0.0,1.0,0.5062,2.36535879,4.594891090000001,6.5615818400000006,8.15539958,-2.377249110999999,-4.605454637090002,-0.410252451711,-1.161955504185,10.983570972,-15.73536098896,1.864798660700004,-4.068401152739999
55,TYR,0.08,0.0234741784037558,2.90959,2.22356,1.10444,1,0.0454545454545455,-0.27,0.26,0.3556,0.8063,0.502,0.1605,2.64685347,5.16054121,7.41563464,9.30165707,-2.10455429171,-4.103122729230002,-0.3268087323099999,-0.930822614736,12.624529610000016,-20.18140708632998,1.868441482500002,-4.461941504895995
56,ARG,2.24,0.6680584551148225,3.89379,0.9113,0.2017,1,0.0588235294117647,-1.3,-2.5,0.0,0.7346,0.9398,0.6914,1.5299653800000002,2.96885122,4.23180196,5.245933129999999,-1.9910296959500005,-3.856536953199999,-0.34304241887,-0.97098161217,12.55823426499994,-15.94172669600005,2.074471230200008,-4.074493137169994
57,ARG,1.11,0.3310468237399344,3.22875,1.69657,0.5464300000000004,0,0.0,-1.3,-2.5,0.0,0.7346,0.9398,0.6914,1.80985154,3.52195457,5.0447421,6.29855945,-1.9793781428999997,-3.862178879,-0.3012954436600001,-0.8584540347999998,12.068568714999955,-21.435103362999964,1.8277498029,-4.888397790199992
58,GLY,1.054,0.5829646017699115,0.96039,0.6495099999999999,0.10449,0,0.0,0.03,0.48,0.4556,0.0,1.0,0.5062,0.9734999,1.88843208,2.69041116,3.33307732,-1.68609577508,-3.286142707249999,-0.261409078997,-0.7437846686599998,9.705195614000012,-21.60092598773001,1.5051193698000065,-4.91581970078
59,GLY,0.938,0.5188053097345132,1.05525,0.62703,0.2429700000000001,0,0.0,0.03,0.48,0.4556,0.0,1.0,0.5062,0.8335594900000001,1.61188014,2.28386984,2.80638795,-1.5953860394,-3.0931012463999994,-0.2707220764199999,-0.7668611842000002,9.49936656100004,-19.22131985440004,1.5536285714999964,-4.640586251600007
60,GLY,0.435,0.2405973451327433,0.74366,0.91361,0.4593900000000001,0,0.0,0.03,0.48,0.4556,0.0,1.0,0.5062,1.94881724,3.79085638,5.42605057,6.76727474,-1.80521930353,-3.511636217299998,-0.29125798942,-0.8277471932499999,15.242281040999968,-22.63078825550003,2.404502812500005,-5.518172333080018
61,ASN,0.958,0.3918200408997955,2.01887,1.35044,0.13656,2,0.0952380952380952,-0.1,-0.78,0.1111,0.3976,0.6747,0.8272,2.36638511,4.60289484,6.587804660000001,8.215111279999999,-1.96284151999,-3.81779526684,-0.315309569543,-0.8954992485750002,13.438961462999984,-19.129746334060027,2.078058073200002,-4.4224123978700005
62,SER,0.033,0.0151654411764705,1.06662,1.36024,0.7827600000000003,1,0.0285714285714286,-0.1,-0.18,0.4111,0.1877,0.8514,0.5309,2.9238476400000004,5.691030090000001,8.1542729,10.1844534,-1.9390134959400005,-3.7703991333999993,-0.31593783882,-0.8978839684900001,11.98628564300001,-15.826695598099995,1.860512896900006,-3.735100618759995
63,GLY,0.438,0.2422566371681415,0.8897400000000001,0.8205600000000001,0.54944,1,0.03125,0.03,0.48,0.4556,0.0,1.0,0.5062,2.2268766500000003,4.32970127,6.192229520000001,7.71327943,-2.186417436984,-4.2538092308,-0.351559878201,-0.9992058990380004,12.615785113000026,-14.395347362799995,1.9440898341999964,-3.381049034488004
64,GLY,0.82,0.4535398230088495,0.92533,0.732,0.2560000000000001,1,0.0555555555555556,0.03,0.48,0.4556,0.0,1.0,0.5062,1.5305980899999998,2.97374857,4.24771908,5.281784310000001,-1.5925291539999995,-3.08879912646,-0.269693347286,-0.76453071084,13.107343600000032,-13.61552299121998,2.1823883879,-3.640453718480007
65,GLY,0.604,0.3340707964601769,0.90425,0.85921,0.3447900000000001,0,0.0,0.03,0.48,0.4556,0.0,1.0,0.5062,1.25163727,2.42789364,3.45864077,4.28384526,-1.5340929063999995,-2.9909478753000007,-0.23649366911,-0.67318142702,12.294619399999998,-12.6126459326,1.9431996515000023,-3.084136773029997
66,GLY,0.912,0.504424778761062,0.95331,0.69281,0.2031899999999999,0,0.0,0.03,0.48,0.4556,0.0,1.0,0.5062,1.2528292,2.43719106,3.4891083700000003,4.35323986,-1.6510182867,-3.2319601737,-0.23495959922,-0.6713641312599999,11.920211140000031,-11.814171913599989,1.7133414510999976,-2.4915519607800034
67,GLY,0.896,0.495575221238938,1.01943,0.75515,0.15685,0,0.0,0.03,0.48,0.4556,0.0,1.0,0.5062,1.5308204600000002,2.97548598,4.253423250000001,5.29480976,-1.5980202223000002,-3.1189923649999995,-0.2434733301,-0.6942577262,11.126775037999968,-9.616998041499995,1.6846855114000052,-2.246700157600001
68,GLY,0.707,0.3910398230088495,0.86604,0.80095,0.3000499999999999,0,0.0,0.03,0.48,0.4556,0.0,1.0,0.5062,1.5310309700000002,2.9770929100000005,4.25856305,5.306125519999999,-1.5663704392799995,-3.050193206529999,-0.249102696856,-0.7088235855800002,12.26280141999999,-12.39303282844001,1.8945985514000043,-2.919798547999996
69,GLY,0.483,0.267146017699115,0.8210599999999999,0.90036,0.4246400000000001,0,0.0,0.03,0.48,0.4556,0.0,1.0,0.5062,1.80932499,3.5177751400000004,5.03079399,6.26601304,-1.4239935352400004,-2.7764525731999994,-0.220713656915,-0.6286256986200001,13.67375810000006,-12.73157149363998,2.145381930900001,-3.0307068701399973
70,TYR,1.99,0.5839201877934272,4.03501,1.0927099999999998,0.3252900000000001,0,0.0,-0.27,0.26,0.3556,0.8063,0.502,0.1605,1.3919843399999998,2.7075916,3.87540163,4.83353409,-1.0577787550740003,-2.045883984294,-0.1856743582175,-0.524720660101,13.62848738700007,-11.230158368600009,2.158544752900007,-2.919326655864
71,ASP,0.695,0.2592316299888101,2.0531200000000003,1.2229,0.7631000000000003,0,0.0,-0.1,-0.9,0.1111,0.3239,0.8675,1.0,2.08965492,4.074393570000001,5.855433860000001,7.34583797,-1.92697601805,-3.7711149608000007,-0.2774692237,-0.79298187013,13.339570494999974,-15.71301989939997,1.9138978751000064,-3.2568913221500067
72,ARG,1.879,0.5603936773039069,3.53596,1.20598,0.2680200000000001,1,0.2,-1.3,-2.5,0.0,0.7346,0.9398,0.6914,0.97358437,1.88909906,2.6926248900000003,3.33820505,-1.0395623981000002,-2.0064733250999995,-0.1883316000759999,-0.53143444142,10.714611802000066,-9.0583519696,1.751173841200005,-2.668458189219999
73,GLY,0.351,0.1941371681415929,0.7530800000000001,1.0329000000000002,0.4240999999999999,1,0.142857142857143,0.03,0.48,0.4556,0.0,1.0,0.5062,1.25276553,2.4366936,3.487475280000001,4.34951052,-1.2417893982,-2.4227433858,-0.18927968807,-0.5391947754,11.015067386000023,-12.761875889999995,1.599354546500008,-2.8134915484000014
74,TYR,2.074,0.6085680751173709,4.01454,1.2096900000000002,0.1243099999999999,2,0.333333333333333,-0.27,0.26,0.3556,0.8063,0.502,0.1605,0.83411115,1.61618675,2.29799188,2.83857876,-0.96215110559,-1.8698284015,-0.156656578835,-0.4445119247699999,6.56225146299998,-7.176177114799992,1.0112133564999997,-1.7108601806800003
75,ASN,1.256,0.5137014314928425,2.33445,0.88929,0.2997099999999998,1,0.25,-0.1,-0.78,0.1111,0.3976,0.6747,0.8272,0.83408521,1.61599279,2.29738582,2.83729056,-0.8424069617000002,-1.6384299114,-0.1353872422,-0.384467257,4.791816416000007,-8.993385974500006,0.7564799655999979,-2.1950473644
76,ASP,0.742,0.2767624020887728,2.15539,1.26883,0.6701699999999999,1,0.333333333333333,-0.1,-0.9,0.1111,0.3239,0.8675,1.0,0.69411817,1.33924561,1.89024745,2.30937168,-0.495117027,-0.957135779,-0.0881138564,-0.249072787,3.565071719999998,-8.431771094000005,0.6423171339999997,-2.257826841000001
77,ASN,1.405,0.5746421267893661,2.5269,0.7854900000000001,0.2545099999999997,0,0.0,-0.1,-0.78,0.1111,0.3976,0.6747,0.8272,0.69362459,1.33538631,1.87756923,2.2804,-0.3742279824,-0.7254771579999999,-0.0643879314399999,-0.1825929654,2.7045725260000006,-5.745522694000001,0.4801732127999998,-1.4923072186999986
78,ARG,2.08,0.6203399940351924,3.76941,1.1513300000000002,0.1216699999999999,0,0.0,-1.3,-2.5,0.0,0.7346,0.9398,0.6914,0.6942088900000001,1.33995759,1.89259614,2.31476972,-0.480511477,-0.933273454,-0.0793530478,-0.225154632,2.710879372000002,-6.894855188,0.4237456179999995,-1.592480821000001
79,ASP,1.15,0.4289444237224916,2.40719,0.90429,0.6267100000000001,0,0.0,-0.1,-0.9,0.1111,0.3239,0.8675,1.0,0.83386589,1.61428905,2.2918274,2.8247055600000004,-0.457638004,-0.88922594,-0.074605277,-0.211641366,3.690226902999998,-9.225166339999992,0.5984195669999998,-2.199651094999997
80,ASP,1.133,0.42260350615442,2.16281,1.00814,0.53986,1,0.166666666666667,-0.1,-0.9,0.1111,0.3239,0.8675,1.0,0.8335052000000001,1.61145356,2.28246004,2.80313954,-0.31958428,-0.6215377120000001,-0.0518840421,-0.1474594034,3.218663104999993,-4.7836433159999965,0.5280866345999998,-1.128064012600002
81,ARG,2.423,0.7226364449746495,3.98075,0.7128700000000001,0.21713,1,0.333333333333333,-1.3,-2.5,0.0,0.7346,0.9398,0.6914,0.6946877,1.34369373,1.90484281,2.34267228,-0.514390111,-1.000392416,-0.082476636,-0.234120877,3.5801525720000007,-8.033228821999998,0.5156933383999996,-1.7036833389999964
82,ASP,0.807,0.3010070869078702,2.16372,1.28473,0.58927,1,0.25,-0.1,-0.9,0.1111,0.3239,0.8675,1.0,0.69402439,1.33852212,1.88790571,2.30412934,-0.4464614023,-0.8644230350000001,-0.0780666945999999,-0.2210968405,3.564824056000002,-7.844112122000002,0.6471354406000013,-2.0727664678000006
83,ASN,1.799,0.7357873210633947,2.58802,0.6647099999999999,-0.01871,0,0.0,-0.1,-0.78,0.1111,0.3976,0.6747,0.8272,0.8342687100000001,1.61742169,2.3020589,2.8479035,-1.14569896,-2.235447696,-0.1738644962999999,-0.4951573999999999,9.981372086999956,-27.138899824000028,1.5407639264000053,-6.070582525000024
84,ARG,2.131,0.6355502535043244,3.71088,1.18771,0.0342900000000003,0,0.0,-1.3,-2.5,0.0,0.7346,0.9398,0.6914,0.9735465399999998,1.88880326,2.69165364,3.33598841,-1.3606116411999998,-2.6487849860000003,-0.2145799640099999,-0.60973826953,15.201945135999852,-33.382381701,2.3808089587999857,-7.917907787660003
85,GLY,0.803,0.4441371681415929,1.02273,0.70594,0.2990599999999999,0,0.0,0.03,0.48,0.4556,0.0,1.0,0.5062,1.2524776999999998,2.43442808,3.47998039,4.33222076,-1.4046575977700004,-2.728111078599999,-0.2321448044199999,-0.6586689452499999,21.764830836000037,-26.26162873800017,3.415671209299985,-6.371967290650019
86,GLY,0.549,0.3036504424778761,0.75422,0.8921699999999999,0.36683,0,0.0,0.03,0.48,0.4556,0.0,1.0,0.5062,1.53069083,2.97451765,4.25039822,5.28837459,-1.5317242554,-2.9815606376000003,-0.2426978010699999,-0.6897220077500003,25.09649321299985,-33.24141783300003,3.984158558599956,-8.037859115880012
87,SER,0.916,0.4209558823529412,1.49055,0.97779,0.2822100000000002,0,0.0,-0.1,-0.18,0.4111,0.1877,0.8514,0.5309,1.94786836,3.78345272,5.401781929999999,6.71197808,-2.09918071655,-4.093150368399999,-0.3237789546999998,-0.92193039935,24.552052628000137,-40.462810865299815,3.8806538305000218,-9.377130252699992
88,GLY,0.231,0.1277654867256637,0.76972,0.9786,0.5984,0,0.0,0.03,0.48,0.4556,0.0,1.0,0.5062,2.08600738,4.045958410000001,5.76231527,7.133946839999999,-2.3425331933999987,-4.566688841400001,-0.36386352664,-1.0361861707,20.23956801000002,-32.1520448195,3.129696182900005,-7.374875834499962
89,GLY,0.573,0.3169247787610619,0.80122,0.88594,0.3490600000000001,0,0.0,0.03,0.48,0.4556,0.0,1.0,0.5062,1.94895182,3.791910800000001,5.42952025,6.77522076,-1.9276462195999997,-3.76438697184,-0.288958059463,-0.82391905288,20.44273580500007,-25.55554965285997,3.089375946600021,-5.7541313158599845
90,TYR,0.71,0.2083333333333333,3.44868,1.93709,0.7609100000000002,0,0.0,-0.27,0.26,0.3556,0.8063,0.502,0.1605,1.6699562300000002,3.2457273900000008,4.63916779,5.77377183,-1.47667096978,-2.86811893108,-0.2461452090199999,-0.69908383455,19.992181266,-14.941020000700002,3.200285244600025,-3.735147569429983
91,GLY,1.025,0.5669247787610618,1.02005,0.5948599999999999,0.1881400000000002,0,0.0,0.03,0.48,0.4556,0.0,1.0,0.5062,1.39270621,2.71323573,3.89394219,4.875899049999999,-1.91377273472,-3.7338550386000016,-0.2898533087299999,-0.8252036615699996,18.09137665200001,-22.549169492849988,2.6566381876999965,-5.258619436670012
92,ARG,0.864,0.2576796898300029,3.37508,1.8550100000000005,0.63399,0,0.0,-1.3,-2.5,0.0,0.7346,0.9398,0.6914,1.5309714700000003,2.9766863800000003,4.25743519,5.304188079999999,-1.6067384472,-3.1407779164999994,-0.2374772547999999,-0.67809019724,17.34675410300004,-15.337786973800029,2.551356415800013,-3.430409312560008
93,ASP,1.464,0.5460649011562849,2.42452,0.8202299999999999,0.3967700000000002,0,0.0,-0.1,-0.9,0.1111,0.3239,0.8675,1.0,0.8339219200000001,1.61471599,2.2931911,2.82770342,-0.994193672,-1.9291350207,-0.1662036393699999,-0.4710469426999999,13.66251842399998,-15.150668841399971,2.215728723199997,-3.96835299452
94,ARG,1.74,0.5189382642409782,3.58775,1.30798,0.3050200000000003,0,0.0,-1.3,-2.5,0.0,0.7346,0.9398,0.6914,0.8329890099999999,1.60744019,2.2693553800000004,2.77343792,-1.0710192368699998,-2.06545031135,-0.1987969973,-0.56135936637,13.831792902000082,-11.726089840799991,2.4781096087999868,-3.414936903830007
95,ASN,1.038,0.4245398773006135,2.25969,1.15565,0.2513499999999997,0,0.0,-0.1,-0.78,0.1111,0.3976,0.6747,0.8272,1.6709306299999998,3.25335067,4.664226310000001,5.831082199999999,-2.41203037973,-4.713687182040002,-0.3571657608929999,-1.0192569934499998,20.411324311000172,-19.884248374519984,3.012342357700017,-4.274971422239996
96,TYR,1.613,0.4732981220657277,4.17875,1.15253,0.6424699999999999,0,0.0,-0.27,0.26,0.3556,0.8063,0.502,0.1605,2.08882324,4.06791993,5.834268669999999,7.29778528,-2.785325583080001,-5.436844107429999,-0.4202533481275001,-1.197622202091,19.356143264000075,-23.23697061997998,2.796802441999997,-4.903717349329998
97,GLU,0.621,0.2276392961876832,2.66904,1.45114,0.6558600000000003,0,0.0,-0.1,-0.74,0.1111,0.4884,0.8112,0.9136,1.80988778,3.52217459,5.0452410400000005,6.29901002,-2.0144790833700004,-3.9265677694,-0.3144869915409998,-0.8955963855999999,21.73918671199997,-21.1024129602999,3.3037977564999785,-4.728745444529989
98,ASP,1.034,0.3856769861991794,2.32495,1.17006,0.4769400000000001,0,0.0,-0.1,-0.9,0.1111,0.3239,0.8675,1.0,1.53093238,2.97635678,4.25626863,5.301265549999999,-2.3809904541,-4.6454551304,-0.3642827876499999,-1.03811928983,22.44900320200013,-28.19040475249991,3.389825511300002,-6.337802531439984
99,ARG,2.54,0.7575305696391291,3.95238,0.7931900000000001,0.0198100000000001,0,0.0,-1.3,-2.5,0.0,0.7346,0.9398,0.6914,0.8342397799999999,1.6171937599999997,2.30130422,2.84616185,-1.60815769256,-3.1356669210000008,-0.2472262021749999,-0.70367204999,18.74261307400004,-34.012359212699955,2.912419041499989,-7.889907616260026
100,GLY,0.673,0.3722345132743363,1.00483,0.74191,0.39309,0,0.0,0.03,0.48,0.4556,0.0,1.0,0.5062,0.83380884,1.6138256799999997,2.29024506,2.82090539,-1.5192980918,-2.954683989399999,-0.2452571185499999,-0.6965898014999998,18.72006984600012,-29.12337851509997,3.10053596879998,-7.519975226900002
101,TYR,1.926,0.5651408450704225,4.06589,1.1693199999999997,0.3126800000000003,1,0.111111111111111,-0.27,0.26,0.3556,0.8063,0.502,0.1605,1.67135772,3.25669143,4.67520585,5.856186620000001,-2.227712740193,-4.35097861438,-0.331973048349,-0.9464349411789998,21.07062704799987,-19.423183971779988,3.187234971200016,-4.5403520033700016
102,ASN,0.701,0.2867075664621677,2.27988,1.2328900000000005,0.5111099999999995,1,0.0434782608695652,-0.1,-0.78,0.1111,0.3976,0.6747,0.8272,2.64685715,5.16051856,7.41537934,9.300516929999995,-3.4788965514599988,-6.786130061700002,-0.5353443776009998,-1.5255416626999994,13.869689061999944,-18.59222142990004,2.1730718533000117,-4.515955234099997
103,GLY,0.06,0.0331858407079646,0.62121,1.05471,0.69329,0,0.0,0.03,0.48,0.4556,0.0,1.0,0.5062,2.36546023,4.5957382,6.564546040000001,8.16272387,-3.3469478302400013,-6.4975905479000025,-0.5576773566969999,-1.5819130496399998,10.281087503999991,-9.47494371789999,1.7118901422000037,-2.4687234298299963
104,GLY,0.1,0.0553097345132743,0.7309399999999999,1.1179,0.5900999999999998,0,0.0,0.03,0.48,0.4556,0.0,1.0,0.5062,3.0634567699999997,5.965067689999999,8.552809419999999,10.6936188,-3.1913871517,-6.204390245300001,-0.5198299591839999,-1.4765079150799996,9.937413316,-10.1054040812,1.5739545661999994,-2.46327630245
105,GLY,0.06,0.0331858407079646,0.63874,1.13308,0.6149199999999999,0,0.0,0.03,0.48,0.4556,0.0,1.0,0.5062,3.34253897,6.511922940000001,9.345348000000005,11.6999981,-2.9579586453900006,-5.7331301124,-0.5048606039089999,-1.4298388754150009,13.738632446999937,-12.074190419599978,2.250095829899995,-3.3148171843999945
106,GLY,0.193,0.1067477876106194,0.83527,0.98121,0.6337900000000001,0,0.0,0.03,0.48,0.4556,0.0,1.0,0.5062,3.34421128,6.52488275,9.38752781,11.79518829,-2.5764601305399992,-5.003334897619999,-0.4272757181720001,-1.2123869929850006,18.395829589999984,-12.110566630399974,2.812719115699989,-2.985830457045007
107,GLY,0.12,0.0663716814159292,0.6493899999999999,1.07955,0.6084500000000002,0,0.0,0.03,0.48,0.4556,0.0,1.0,0.5062,3.2032319700000005,6.240313950000001,8.95501371,11.21025089,-2.759691953969999,-5.369497058500002,-0.4414937898799999,-1.2544100021800002,13.942766358999991,-18.04218730009998,2.208387584400012,-4.735895932249998
108,GLY,0.14,0.077433628318584,0.61334,0.99758,0.6704200000000002,0,0.0,0.03,0.48,0.4556,0.0,1.0,0.5062,2.5037743000000003,4.85961771,6.929608010000001,8.595083510000002,-2.602659516519999,-5.026470486070002,-0.4699948517380001,-1.3276810643999997,18.754765523000067,-17.995216027940035,3.1447889746999853,-4.988015547911984
109,GLY,0.053,0.0293141592920353,0.75603,1.06103,0.6939700000000002,1,0.0188679245283019,0.03,0.48,0.4556,0.0,1.0,0.5062,3.0614934300000005,5.949682130000001,8.502143060000003,10.577453930000004,-3.3390591097500013,-6.484816879659998,-0.5549900879629998,-1.57539067178,15.976985834999969,-23.79095506003998,2.6278938934000067,-5.962307621420004
110,ASN,0.26,0.1063394683026585,1.64817,1.66646,0.5185399999999996,1,0.0256410256410256,-0.1,-0.78,0.1111,0.3976,0.6747,0.8272,2.9228029900000005,5.6829269600000005,8.12787456,10.12479862,-3.0440184017100003,-5.945141464450001,-0.4544600293149998,-1.2957988970239998,17.729989832999966,-24.205765996349992,2.677964375500013,-5.327770521872012
111,ARG,1.715,0.511482254697286,3.62463,1.3551000000000002,0.2828999999999999,1,0.05,-1.3,-2.5,0.0,0.7346,0.9398,0.6914,2.7858450100000005,5.429607420000001,7.79735171,9.770902870000004,-2.7467999764000006,-5.3504214178,-0.4322080487400001,-1.2296287581900005,19.33799532000006,-24.59965149169996,2.9603478086000057,-5.674095844499997
112,GLY,0.553,0.305862831858407,0.87471,0.85248,0.4025199999999999,0,0.0,0.03,0.48,0.4556,0.0,1.0,0.5062,2.22833708,4.34106765,6.22938752,7.79763661,-2.679166476559998,-5.207895675059997,-0.4382179974510002,-1.2447258666399998,21.418342169000063,-20.029072127980037,3.3134101961999947,-4.643908381490009
113,TYR,0.468,0.1373239436619718,3.11204,2.18289,0.75711,1,0.0526315789473684,-0.27,0.26,0.3556,0.8063,0.502,0.1605,2.7871817500000007,5.44008953,7.8318918800000015,9.85015667,-2.7174452341500004,-5.301594362320002,-0.4157363818139999,-1.1845375794700002,19.111251243000087,-19.109041898620003,2.8495968470999986,-4.317726835174001
114,ASN,1.283,0.5247443762781187,2.31521,0.99501,0.1669899999999999,0,0.0,-0.1,-0.78,0.1111,0.3976,0.6747,0.8272,1.94955069,3.7965614,5.444687609999999,6.80954173,-2.48225436013,-4.826869345200001,-0.4021580407199999,-1.1423014860700005,23.83241315600027,-30.30805765560002,3.860957011200013,-7.672597163180012
115,ASN,0.12,0.0490797546012269,1.81105,1.5727700000000002,0.7522299999999995,2,0.0740740740740741,-0.1,-0.78,0.1111,0.3976,0.6747,0.8272,1.94525904,3.76313878,5.3353504,6.561090849999999,-2.8093577952569992,-5.453058317819998,-0.47160773003,-1.3382807571540003,18.99609692400004,-29.97971200894007,3.155788020800002,-7.310290361407995
116,ASN,1.292,0.5284253578732107,2.21578,0.94018,0.2128199999999999,2,0.2,-0.1,-0.78,0.1111,0.3976,0.6747,0.8272,1.25086882,2.42189215,3.4389500500000003,4.238923079999999,-2.3227933648300008,-4.512836802664999,-0.3827114299099999,-1.086517741318,21.26958759899989,-33.17304740775206,3.541932031600012,-8.353316650876017
117,ARG,2.234,0.6662690128243364,3.93994,0.7641,0.3549000000000002,2,0.4,-1.3,-2.5,0.0,0.7346,0.9398,0.6914,0.97295,1.88413358,2.6762923400000003,3.30081771,-1.9982077636,-3.871249465000001,-0.3436900232199999,-0.9731395456,20.039985500000142,-34.289700756600105,3.4309945232000043,-9.007125172900027
118,GLY,0.233,0.1288716814159292,0.72869,1.00773,0.5672699999999999,2,0.1,0.03,0.48,0.4556,0.0,1.0,0.5062,2.08746529,4.05737658,5.799886890000001,7.219987810000001,-2.4229993857900007,-4.721852195349999,-0.37737770475,-1.0738820920500003,23.45201556300006,-27.817060303320066,3.692667389100008,-6.552166215940001
119,GLY,0.306,0.1692477876106194,0.6634,0.90553,0.59647,3,0.107142857142857,0.03,0.48,0.4556,0.0,1.0,0.5062,2.36562188,4.596982789999999,6.568575970000001,8.17176464,-3.233316258060001,-6.3154063314,-0.481447960452,-1.37277147665,18.001731002000085,-29.277447839220024,2.741742247800007,-6.509043941909994
120,GLY,0.532,0.2942477876106195,0.78205,0.92934,0.3466600000000001,2,0.0588235294117647,0.03,0.48,0.4556,0.0,1.0,0.5062,2.6443967500000003,5.141392150000001,7.35292754,9.15896211,-3.11644300041,-6.07562253678,-0.4821349876519998,-1.3725837650740007,17.068998490000023,-23.78735904100001,2.5193964339000003,-5.272533248014986
121,GLY,0.506,0.2798672566371681,0.8234999999999999,0.88936,0.41264,0,0.0,0.03,0.48,0.4556,0.0,1.0,0.5062,1.94821817,3.78623831,5.411100160000001,6.73377528,-2.73104258563,-5.2971702705200014,-0.4608583858699999,-1.3060244393280005,22.073966306999903,-19.10717178204999,3.5088432045999647,-4.66287292079999
122,GLY,0.32,0.1769911504424778,0.8364400000000001,0.99435,0.49365,0,0.0,0.03,0.48,0.4556,0.0,1.0,0.5062,2.22588789,4.322095470000001,6.167668450000001,7.65844201,-2.8777156220899998,-5.60138718113,-0.45784790924,-1.3015277692459994,20.24999936100002,-24.054158614919988,3.358878007700005,-5.875536217446007
123,GLY,0.659,0.3644911504424779,0.91345,0.8617,0.2873,0,0.0,0.03,0.48,0.4556,0.0,1.0,0.5062,1.80970716,3.52081778,5.040978770000001,6.28987115,-2.8213954124,-5.509404042799998,-0.4227275470700001,-1.2051686321000004,20.79621473700005,-32.77832310810004,3.141078329999998,-7.560220616199976
124,TYR,2.005,0.5883215962441314,3.9604,1.18221,0.22079,0,0.0,-0.27,0.26,0.3556,0.8063,0.502,0.1605,1.39131215,2.70234468,3.85819471,4.794302549999999,-1.95390396924,-3.804003494300001,-0.309585960158,-0.88018422818,22.538856962999983,-26.61177557750004,3.634394881299976,-6.396550269910001
125,ASN,0.634,0.2593047034764826,2.14952,1.37194,0.43906,0,0.0,-0.1,-0.78,0.1111,0.3976,0.6747,0.8272,1.6702049500000002,3.2476863699999994,4.64564859,5.7887187,-2.2686234088600004,-4.420104954950002,-0.3547589873899999,-1.00932824543,23.060962053000228,-28.644827268200093,3.624449879299991,-6.681317436659995
126,ARG,0.826,0.2463465553235908,3.38527,1.98669,0.5403100000000001,0,0.0,-1.3,-2.5,0.0,0.7346,0.9398,0.6914,1.95079633,3.8063269,5.47685794,6.883332589999999,-2.7085369899600003,-5.291666387069999,-0.3999006993610001,-1.1400733801599998,19.070238424000152,-17.886993127380006,2.841916142700007,-4.155654773480004
127,GLN,0.7,0.2434782608695652,2.66906,1.41889,0.7561099999999998,0,0.0,-0.1,-0.85,0.1111,0.5388,0.7952,0.6914,1.9498581,3.79896162,5.45255908,6.82748767,-2.8164901828,-5.493823927899999,-0.43146649572,-1.2289133152599994,18.03851159599995,-23.273278377100024,2.782492801199992,-5.395143744419992
128,ASP,0.663,0.247295785154793,2.23998,1.3787699999999998,0.63923,0,0.0,-0.1,-0.9,0.1111,0.3239,0.8675,1.0,1.52935951,2.96408671,4.21605711,5.20967094,-2.7028524917000003,-5.252541160300001,-0.4443874492499999,-1.2621109507999992,15.419130206999952,-18.35864514499995,2.6049583204000144,-4.6355143286
129,ARG,2.264,0.675216224276767,3.87598,0.79031,0.2986900000000004,0,0.0,-1.3,-2.5,0.0,0.7346,0.9398,0.6914,1.52997917,2.9689966199999995,4.23240917,5.2477152,-2.3114228447000005,-4.503253442,-0.3600358260599999,-1.0239130372999996,16.279192953000067,-20.300524942600006,2.75370992929998,-5.247671082260003
130,GLY,0.437,0.2417035398230088,0.86855,0.92605,0.4449499999999999,0,0.0,0.03,0.48,0.4556,0.0,1.0,0.5062,1.5298728699999995,2.96817708,4.22975431,5.241759790000001,-2.0351595182000004,-3.9578851251000007,-0.32783126756,-0.93097098685,21.330482942999925,-23.8717666333,3.6824263623000366,-6.288914067700007
131,ASP,1.358,0.5065274151436031,2.3408,0.86226,0.4607399999999999,1,0.1,-0.1,-0.9,0.1111,0.3239,0.8675,1.0,1.25196915,2.4304705400000004,3.46704597,4.302869,-1.5380575564300003,-2.9841433305,-0.2584632908900001,-0.7327240050000001,19.90490711000003,-20.688306620200024,3.245986244799989,-4.98613424129999
132,GLY,0.691,0.3821902654867256,0.8191700000000001,0.8360000000000001,0.2809999999999999,1,0.0769230769230769,0.03,0.48,0.4556,0.0,1.0,0.5062,1.67073609,3.25182666,4.659208680000001,5.8195822,-0.9339152343,-1.8246055382,-0.13924866259,-0.3973440105999999,22.06571629900005,-16.305458136000002,3.231606590499968,-3.7091724091800073
133,GLY,0.363,0.2007743362831858,0.84479,0.9393399999999998,0.5056600000000002,1,0.111111111111111,0.03,0.48,0.4556,0.0,1.0,0.5062,1.39217852,2.70913177,3.88054014,4.845521,-0.8493203190999999,-1.6526854314,-0.13483411764,-0.3829425392999999,15.07931594299999,-27.53322438100008,2.405036732300015,-6.86390840580001
134,SER,1.453,0.6677389705882353,1.6025299999999998,0.62561,0.09739,0,0.0,-0.1,-0.18,0.4111,0.1877,0.8514,0.5309,0.97346873,1.88816329,2.68943978,3.33058567,-0.7990154923000002,-1.5554874429,-0.12674177441,-0.36031697186,11.160496520000033,-25.033015432699987,1.7204958434000028,-5.646385632100005
135,SER,0.749,0.3442095588235294,1.36613,1.04997,0.37703,0,0.0,-0.1,-0.18,0.4111,0.1877,0.8514,0.5309,0.97226426,1.87878373,2.6587588900000005,3.26087833,-0.725591473,-1.414258671,-0.1130352062999999,-0.3218189283,7.699081329000005,-18.970945963800023,1.2216831873999994,-4.271152850999993
136,ASN,1.476,0.6036809815950921,2.36042,0.86877,0.1002299999999998,0,0.0,-0.1,-0.78,0.1111,0.3976,0.6747,0.8272,0.83400321,1.6153575999999998,2.29532081,2.83263883,-0.5019134695999999,-0.9758289249999998,-0.0812160978999999,-0.2305774797999999,7.224093772000018,-11.158365204000011,1.1646477027999989,-2.667896354899996
137,PHE,1.916,0.6162753296880026,3.76577,0.99571,0.19729,1,0.166666666666667,1.1,1.2,0.8111,0.783,0.0763,0.037,1.1129244500000002,2.16094597,3.08367315,3.82937802,-0.6712161959999999,-1.314531773,-0.09448368236,-0.2700548883999999,8.425297459999985,-16.732547700999994,1.160368126999998,-3.3338041670000025
138,SER,0.546,0.2509191176470588,1.43499,1.17617,0.4538300000000002,1,0.0714285714285714,-0.1,-0.18,0.4111,0.1877,0.8514,0.5309,1.25043509,2.41847308,3.427622410000001,4.21274632,-0.5183953495,-1.0056428000000002,-0.08829308322,-0.2505513809,9.57553138800004,-16.160067069000007,1.6064662787000006,-4.036411645099998
139,ARG,2.517,0.7506710408589322,4.0548,0.70366,0.1323400000000003,2,0.285714285714286,-1.3,-2.5,0.0,0.7346,0.9398,0.6914,1.25231553,2.43318667,3.4759941400000005,4.32339451,-0.7493811627,-1.4542119219,-0.12506893759,-0.3544505167,9.069446363000008,-12.695521443299986,1.4652235692000035,-3.2726498472399927
140,GLY,0.64,0.3539823008849557,0.8604,0.7749699999999999,0.3930300000000002,1,0.1,0.03,0.48,0.4556,0.0,1.0,0.5062,1.53128608,2.97915348,4.26556473,5.3228407,-1.0893000042,-2.1230418568,-0.169420984516,-0.4822257455,18.694735145000116,-14.306304061599944,2.643807257200028,-2.9265433521599915
141,GLY,0.835,0.4618362831858407,0.91629,0.67891,0.2940900000000001,1,0.2,0.03,0.48,0.4556,0.0,1.0,0.5062,0.69410865,1.33917606,1.89003587,2.3089399800000003,-1.169670509,-2.252152197,-0.2197370713,-0.6190956035999999,7.195937068999979,-9.583114819,1.3903239799999945,-2.834016383199993
142,TYR,0.86,0.2523474178403755,3.53086,1.77983,0.76817,1,0.125,-0.27,0.26,0.3556,0.8063,0.502,0.1605,1.53166614,2.98211858,4.275281689999999,5.344972950000001,-2.1146132667,-4.138962508300001,-0.3022247672099998,-0.86357422236,15.551570829000042,-24.254335801899902,2.1513179630999946,-4.818518712599988
143,ASN,1.167,0.4773006134969325,2.21029,1.02943,0.2485699999999997,0,0.0,-0.1,-0.78,0.1111,0.3976,0.6747,0.8272,1.11316793,2.16282093,3.08972989,3.84290145,-1.4335815404600003,-2.7934386457,-0.22232908841,-0.63223866415,13.236821873999974,-14.95451593589998,2.0831268617999954,-3.383727521699992
144,ASN,0.447,0.1828220858895705,1.85619,1.4909100000000002,0.5070899999999996,0,0.0,-0.1,-0.78,0.1111,0.3976,0.6747,0.8272,1.67083058,3.25256699,4.66164673,5.82517224,-2.107621855,-4.1148988584,-0.3179866795,-0.9067016962000004,19.078775194000173,-33.64943198019996,2.7894147281999837,-7.267467040199987
145,ARG,1.315,0.3921861019982105,3.34328,1.67224,0.3657600000000003,1,0.0714285714285714,-1.3,-2.5,0.0,0.7346,0.9398,0.6914,1.39106698,2.700417,3.8518271,4.779646779999999,-1.3529588912,-2.6466649453999995,-0.19615837854,-0.56028588466,16.867854129999973,-24.033779194,2.527980030000017,-5.252998278099985
146,ASP,1.587,0.5919433047370384,2.52569,0.7040600000000001,0.3899399999999999,1,0.111111111111111,-0.1,-0.9,0.1111,0.3239,0.8675,1.0,0.97326423,1.88656652,2.6842025300000003,3.3186424,-0.7486168569999999,-1.4568807783600002,-0.119381372295,-0.3392685983,16.506293673000126,-15.68465646626004,2.537116521000007,-3.6250668714399934
147,GLU,1.551,0.5685483870967741,2.73008,1.0221399999999998,0.1548600000000004,1,0.166666666666667,-0.1,-0.74,0.1111,0.4884,0.8112,0.9136,0.83361361,1.61232317,2.28539334,2.81007827,-0.8539509759999998,-1.658246069,-0.1412413336,-0.4006370631000001,14.641461789999852,-25.66395120999996,2.3881383611999927,-6.366602064400015
148,GLY,0.696,0.3849557522123893,0.95119,0.77073,0.3412700000000001,1,0.2,0.03,0.48,0.4556,0.0,1.0,0.5062,0.97353303,1.88867739,2.69116877,3.33466015,-1.0802680907000002,-2.104017004,-0.16873220027,-0.4795979247999999,14.974172063999973,-23.876022322999923,2.2913685216000226,-5.548855582809999
149,SER,0.207,0.0951286764705882,1.42279,1.2550400000000002,0.7139599999999999,1,0.0714285714285714,-0.1,-0.18,0.4111,0.1877,0.8514,0.5309,1.53028268,2.97128711,4.2396498000000005,5.263397,-1.5524710184,-3.0305103310999995,-0.2339438012859999,-0.66667320386,16.620104521999977,-21.952555264399976,2.5854527929999738,-5.299443689179991
150,ASP,0.589,0.2196941439761283,2.11004,1.28007,0.81193,1,0.1,-0.1,-0.9,0.1111,0.3239,0.8675,1.0,1.8108828,3.5299915200000003,5.07104917,6.3583818700000005,-1.6609536461000003,-3.2288791032,-0.26879281029,-0.7628733152799999,19.68405038300009,-19.317056705300068,3.058844890299998,-4.813529525660002
151,ASN,0.18,0.0736196319018405,1.83891,1.72747,0.5375299999999996,0,0.0,-0.1,-0.78,0.1111,0.3976,0.6747,0.8272,2.50752815,4.888781119999999,7.0247725,8.81060271,-2.3522518975350004,-4.58155302336,-0.3712278112119999,-1.0562264644439998,14.779523906000035,-13.011673258260004,2.2622653494999976,-3.011566894680003
152,ARG,1.51,0.4503429764390098,3.53358,1.3377400000000002,0.50526,0,0.0,-1.3,-2.5,0.0,0.7346,0.9398,0.6914,2.36644914,4.60341762,6.589599290000001,8.21945234,-2.712892424799999,-5.289868889699998,-0.41761133687,-1.1889196644,13.631477924000045,-15.103767566800002,2.136926256000008,-3.672405473699998
153,GLY,0.091,0.0503318584070796,0.75937,1.06119,0.65581,0,0.0,0.03,0.48,0.4556,0.0,1.0,0.5062,2.2249449400000003,4.31472228,6.14344934,7.603107570000001,-3.030632274739999,-5.910106712199999,-0.4659389325400001,-1.3267878415999996,9.420127488,-11.311978575500016,1.5518046274000026,-2.79333074
154,SER,0.42,0.1930147058823529,1.42955,1.22668,0.5293200000000002,0,0.0,-0.1,-0.18,0.4111,0.1877,0.8514,0.5309,2.36451145,4.58829593,6.540010670000001,8.106386599999999,-3.287466802859999,-6.388456119300001,-0.5403698658300001,-1.5345099886500009,8.280150118,-10.573588415599984,1.3833993622000007,-2.6776554864800004
155,GLY,0.24,0.1327433628318584,0.8272400000000001,1.03853,0.5294700000000001,0,0.0,0.03,0.48,0.4556,0.0,1.0,0.5062,2.08753166,4.0578807900000005,5.801490530000001,7.223490449999999,-2.9864880861400005,-5.800890063999999,-0.4953981632799999,-1.4064722876900004,12.369134350000015,-10.719453867299997,1.9865383362,-2.88797262991
156,ARG,2.376,0.7086191470325082,3.83455,0.89745,0.0795500000000003,1,0.142857142857143,-1.3,-2.5,0.0,0.7346,0.9398,0.6914,1.39234983,2.710446,3.8847666900000006,4.85489784,-2.26089733593,-4.409624654599999,-0.3463058849100001,-0.98607513225,16.065927768000076,-18.236169116399967,2.529117294600008,-4.408514620080002
157,SER,0.94,0.431985294117647,1.491,0.7540399999999999,0.4819600000000003,1,0.142857142857143,-0.1,-0.18,0.4111,0.1877,0.8514,0.5309,1.25249449,2.43457879,3.48054302,4.333715199999999,-1.984151386,-3.8679539383,-0.3069517283399999,-0.8737250397999996,18.30306717899992,-24.06286182380006,2.891753361399993,-5.775780653999981
158,TYR,1.555,0.4562793427230047,3.88924,1.39032,0.46268,4,0.5,-0.27,0.26,0.3556,0.8063,0.502,0.1605,1.3924732400000002,2.71141457,3.88796094,4.86223585,-1.4094102767500003,-2.7434420638299994,-0.2229639182309999,-0.6334961746149999,14.60720179700013,-25.26622795805,2.346708138999987,-6.154872853354991
159,ASN,0.791,0.323517382413088,2.22511,1.3696600000000003,0.2843399999999996,5,0.384615384615385,-0.1,-0.78,0.1111,0.3976,0.6747,0.8272,1.25096557,2.42263556,3.4413456999999994,4.24425559,-0.8081321034000001,-1.5704625278000004,-0.1320375323,-0.3747715858,12.050579334000084,-30.26443332420003,1.9715528929999968,-7.3022098964999875
160,ASN,1.277,0.5222903885480572,2.28971,0.9552,0.2127999999999998,4,0.5,-0.1,-0.78,0.1111,0.3976,0.6747,0.8272,1.25173105,2.42863255,3.46108704,4.28949115,-0.5842693537,-1.1413797209999998,-0.0869951903699999,-0.2481332138999999,9.703976576000034,-22.870018848000004,1.5242148890000062,-5.165445515999997
161,ASP,1.213,0.4524431182394629,2.37634,0.8582399999999999,0.6097600000000001,1,0.2,-0.1,-0.9,0.1111,0.3239,0.8675,1.0,0.8333609700000001,1.6103604800000002,2.27898847,2.79557199,-0.5709004581,-1.1067574536,-0.096971871614,-0.27466763452,7.110118513999993,-17.720854911999997,1.1169644550000004,-4.152587241000007
162,ARG,2.772,0.8267223382045928,4.02823,0.72923,-0.1482299999999996,0,0.0,-1.3,-2.5,0.0,0.7346,0.9398,0.6914,0.8336139,1.61229834,2.28521709,2.80938429,-0.354208355,-0.6860646869999999,-0.0613764932,-0.1738103625,6.819858915999995,-11.600039036000029,1.2106538788,-2.9046125259999944
163,ARG,1.226,0.3656427080226662,3.28649,1.7819200000000002,0.34508,3,0.230769230769231,-1.3,-2.5,0.0,0.7346,0.9398,0.6914,1.11031834,2.14062713,3.01712061,3.67789293,-0.4237988733,-0.8262815075000001,-0.0658609823999999,-0.1876145007999999,6.94868169,-11.517845464999978,1.1363658462000004,-2.659412256600004
164,ASP,1.259,0.4696008951883625,2.48841,0.89079,0.5312100000000002,1,0.142857142857143,-0.1,-0.9,0.1111,0.3239,0.8675,1.0,1.1130945,2.16224781,3.08785006,3.8386163499999992,-0.392829994,-0.7654832345,-0.06101214398,-0.17355082405,6.970209821999994,-6.09290886099999,0.9472677344000012,-1.1302369703800006
165,ASN,1.292,0.5284253578732107,2.41613,0.916,0.2369999999999998,0,0.0,-0.1,-0.78,0.1111,0.3976,0.6747,0.8272,0.97362166,1.88937699,2.6934892,3.34003024,-0.3085941962,-0.5937977284999999,-0.0586181876999999,-0.1651116405,6.092092358000008,0.8141331249999977,0.928338317400001,0.1189754228
166,GLY,0.662,0.3661504424778761,1.02879,0.80549,0.3405099999999998,0,0.0,0.03,0.48,0.4556,0.0,1.0,0.5062,0.97314549,1.88563329,2.68111843,3.3115386099999995,-0.22084951735,-0.4300397398,-0.035048642975,-0.0997007938599999,4.403273111,-2.3924751749999986,0.6639945617999988,-0.5716208425000008
167,GLY,0.944,0.5221238938053097,0.98007,0.74116,0.12284,0,0.0,0.03,0.48,0.4556,0.0,1.0,0.5062,0.55476103,1.06725824,1.49871407,1.81701837,-0.2899652199,-0.5582136560000001,-0.0546958736699999,-0.1541002479,1.5276376139999988,-2.4206970880000003,0.2769601989,-0.6811182238000003
168,ASP,1.231,0.4591570309585975,2.16673,1.06217,0.3878299999999999,0,0.0,-0.1,-0.9,0.1111,0.3239,0.8675,1.0,0.41546755,0.79578316,1.10891453,1.32878202,-0.228637437,-0.44224859,-0.0407128422999999,-0.1152495035,0.823091211,-1.49894552,0.1465890639999999,-0.394363873
169,GLY,1.574,0.870575221238938,1.607,0.43033,-0.19633,0,0.0,0.03,0.48,0.4556,0.0,1.0,0.5062,0.4165888199999999,0.8044390699999999,1.13697452,1.39176802,-0.1969499,-0.383928646,-0.0309506655999999,-0.088216423,0.8251131580000002,-1.3827920160000005,0.1307272422999999,-0.31809265
