2,MET,2.207,0.7401073105298457,2.68359,0.89178,-0.1167799999999996,2,0.666666666666667,0.8,0.64,0.7111,0.6196,0.0,0.0988,0.41634211,0.80251622,1.13067982,1.3774512099999998,-0.166574094,-0.323804321,-0.0275597834999999,-0.0783775824,0.3925357239999999,-0.7829229499999999,0.0655024432,-0.1892700948
3,GLU,1.605,0.5883431085043987,2.62915,0.76088,0.3621200000000002,2,0.666666666666667,-0.1,-0.74,0.1111,0.4884,0.8112,0.9136,0.4154315199999999,0.7955025099999999,1.10799683,1.32669827,-0.231029467,-0.44675384,-0.041343684,-0.117022901,0.391841224,-1.1525780799999998,0.0706561484,-0.2988078039999999
4,SER,1.032,0.4742647058823529,1.31161,0.92321,0.22079,2,0.5,-0.1,-0.18,0.4111,0.1877,0.8514,0.5309,0.55464998,1.06639532,1.49589754,1.8106382,-0.289408983,-0.558312484,-0.0530636837,-0.1497471,0.862079132,-2.474503904,0.1537627002,-0.6516202120000003
5,ASN,1.107,0.452760736196319,2.34093,1.0656500000000002,0.2723499999999996,2,0.4,-0.1,-0.78,0.1111,0.3976,0.6747,0.8272,0.83338418,1.61050205,2.27931587,2.79589785,-0.172878959,-0.3356098349999999,-0.0287146589,-0.0814215542999999,0.744641219,-1.1053885959999998,0.1317580611999999,-0.3012310069000001
6,GLN,1.717,0.5972173913043478,2.69669,1.00581,0.15219,0,0.0,-0.1,-0.85,0.1111,0.5388,0.7952,0.6914,0.6941902799999999,1.33980741,1.89208607,2.31355251,-0.301631473,-0.5813085480000001,-0.0560108624,-0.1579275806,0.5091603519999999,-0.4546600790000001,0.092500407,-0.1134486264999999
7,SER,1.355,0.6227022058823529,1.61601,0.62809,0.1929100000000001,0,0.0,-0.1,-0.18,0.4111,0.1877,0.8514,0.5309,0.69434468,1.34101596,1.89606137,2.32265272,-0.359646659,-0.6972233110000001,-0.0613189579999999,-0.17374622,0.4711838699999999,-0.708886056,0.0752334303,-0.1692453349999999
8,ASN,1.268,0.5186094069529653,2.33399,1.01945,0.1575499999999998,0,0.0,-0.1,-0.78,0.1111,0.3976,0.6747,0.8272,0.8338650600000002,1.61428072,2.2917942,2.82461251,-0.4937835686999999,-0.9673312190000002,-0.0692544418999999,-0.1980562136,0.275344004,-0.2474390509999999,0.0404950564,-0.0574284652999999
9,ASN,1.434,0.5865030674846626,2.49303,0.88054,0.1304599999999999,0,0.0,-0.1,-0.78,0.1111,0.3976,0.6747,0.8272,0.69434402,1.34099977,1.89596964,2.32232415,-0.5325114769999999,-1.03278545,-0.0903692594,-0.2561877125,0.273766451,-0.467274806,0.0529346175,-0.138566614
10,GLY,0.846,0.4679203539823008,0.99063,0.75582,0.20618,0,0.0,0.03,0.48,0.4556,0.0,1.0,0.5062,0.8342023000000001,1.6169021499999998,2.30035111,2.84399779,-0.5803043144000001,-1.1235168972999996,-0.10056399515,-0.2844959299,0.549024355,-0.4498608042000001,0.0938242310999999,-0.11243713672
11,GLY,0.714,0.3949115044247787,1.05332,0.79457,0.2994300000000001,0,0.0,0.03,0.48,0.4556,0.0,1.0,0.5062,1.25280072,2.43696677,3.48836646,4.3515288,-0.2755277189999999,-0.5383509179999999,-0.0405156088,-0.1155021364,0.7464976780000002,-1.010715054,0.116159014,-0.2290600438
12,SER,0.679,0.3120404411764705,1.53249,0.97685,0.5201500000000001,1,0.0909090909090909,-0.1,-0.18,0.4111,0.1877,0.8514,0.5309,0.97140829,1.87212615,2.63700862,3.2115412,-0.4181200115,-0.8099829007999999,-0.0720169198799999,-0.2038917026,0.9018516410000004,-1.7651030592,0.1563873004,-0.4437031469999999
13,GLY,0.927,0.5127212389380531,0.90668,0.72113,0.1598699999999999,1,0.142857142857143,0.03,0.48,0.4556,0.0,1.0,0.5062,0.83339977,1.61063316,2.27977807,2.7970503,-0.4023749479999999,-0.7833545740000001,-0.06398835714,-0.1819726012999999,0.785419372,-1.3875028849999995,0.1264464201,-0.324689962
14,ASN,1.65,0.6748466257668712,2.48027,0.75549,0.0395099999999999,1,0.166666666666667,-0.1,-0.78,0.1111,0.3976,0.6747,0.8272,0.8339390200000001,1.6148567699999998,2.29367809,2.82889202,-0.513531643,-1.0029494790000002,-0.0764296137,-0.217856259,0.785808826,-1.862648497,0.1221854040999999,-0.423336022
15,ALA,0.541,0.2480513525905548,1.06136,1.08063,0.5593700000000001,1,0.1,0.77,0.62,0.7,0.1645,0.249,0.3951,0.97214861,1.87789962,2.6559250800000003,3.25461925,-0.407191936,-0.7915615799999999,-0.0662565674999999,-0.188144972,0.7853820760000002,-1.7582632480000002,0.1259773528,-0.4218125789999999
16,ALA,0.634,0.2906923429619441,1.27038,0.9046,0.6424000000000001,1,0.0833333333333333,0.77,0.62,0.7,0.1645,0.249,0.3951,1.1115166,2.1499313,3.04746027,3.7465345599999993,-0.328772538,-0.6355986189999999,-0.0584045098,-0.1650782798,0.9022029439999998,-1.6527500160000006,0.1532696838,-0.4397642932
17,LEU,1.129,0.4247554552294958,2.31331,1.26372,0.2652799999999999,1,0.2,1.4,1.1,0.9222,0.663,0.2811,0.0,1.2526935200000002,2.4361456,3.4857273500000003,4.345676719999999,-0.279982982,-0.5452283677,-0.04403456947,-0.1251969662,0.7076749810000003,-0.6969250211000001,0.1058440248,-0.1681355651999999
18,ASN,1.614,0.6601226993865031,2.44362,0.8177000000000001,0.0132999999999996,1,0.333333333333333,-0.1,-0.78,0.1111,0.3976,0.6747,0.8272,0.6945539000000001,1.34264785,1.90140791,2.33482608,-0.6625192850599999,-1.2761047973,-0.123984838056,-0.3494404066,0.8619735,-1.0671502193000002,0.1537002402,-0.3130040553700001
19,ARG,1.95,0.5815687444079928,3.69731,1.22016,0.1828400000000003,2,0.4,-1.3,-2.5,0.0,0.7346,0.9398,0.6914,0.83399449,1.61528081,2.29503713,2.83189252,-0.5505874155000001,-1.0690377940000002,-0.0918769745499999,-0.260751396,0.8634580789999996,-1.4829132760000003,0.1421925436,-0.3674669779
20,GLY,0.931,0.5149336283185841,0.93427,0.74091,0.13609,0,0.0,0.03,0.48,0.4556,0.0,1.0,0.5062,0.83407182,1.6158806099999998,2.29699042,2.83630373,-0.621632782,-1.216777354,-0.0887115376,-0.253478732,0.8643437780000001,-1.9453920050000004,0.1352663003,-0.432733266
21,GLY,0.818,0.452433628318584,1.03637,0.7150000000000001,0.275,0,0.0,0.03,0.48,0.4556,0.0,1.0,0.5062,0.69437837,1.34127927,1.89692591,2.32462683,-0.528225637,-1.026113695,-0.0867931632,-0.246250997,0.8245025250000003,-2.4686189810000005,0.1331460849,-0.5752631450000001
22,ARG,2.705,0.8067402326274977,4.0398700000000005,0.78683,-0.1388299999999999,0,0.0,-1.3,-2.5,0.0,0.7346,0.9398,0.6914,0.69452588,1.34242719,1.9006778,2.33314195,-0.4818768,-0.934775493,-0.0812325327,-0.2302564435,0.823818992,-2.2159133810000005,0.1393835398,-0.5538671204999999
23,TYR,1.752,0.5140845070422535,3.90106,1.2326,0.4233999999999998,2,0.4,-0.27,0.26,0.3556,0.8063,0.502,0.1605,0.97338147,1.88748936,2.6872549,3.32568138,-0.4386234665999999,-0.8555376742,-0.0668861786,-0.19040940865,1.2179680160000002,-2.9055598806,0.1896754170000001,-0.67408579075
24,VAL,1.215,0.4989733059548255,1.84297,0.96256,0.25744,1,0.25,1.6,1.1,0.9667,0.4924,0.3655,0.1235,0.83398699,1.61522429,2.29485995,2.83151411,-0.540108792,-1.04673021,-0.0920448237,-0.2605788706999999,2.0000502129999984,-3.865236664,0.3416143584000002,-1.037362849
25,PRO,0.866,0.3883408071748879,1.77635,1.03369,0.3303099999999999,1,0.25,-0.37,0.12,0.3222,0.3764,0.8594,0.3827,0.69445052,1.3418407,1.8987615200000003,2.32879495,-0.654171858,-1.268901639,-0.1102275305,-0.3123743489999999,1.2159719240000002,-3.156182374,0.2064512659999999,-0.7835480100000004
26,PRO,1.175,0.5269058295964126,2.05132,0.92561,0.1293899999999999,0,0.0,-0.37,0.12,0.3222,0.3764,0.8594,0.3827,0.83393094,1.6147826799999998,2.29339758,2.8281367100000003,-0.6707931449999999,-1.310207984,-0.1001286887,-0.285553468,1.258006112,-3.283017843999999,0.1899409273,-0.717527867
27,HIS,1.338,0.4839059674502712,3.08959,1.20415,0.22285,0,0.0,-0.91,-0.4,0.1444,0.561,0.1124,0.679,0.83398699,1.61522429,2.29485995,2.83151411,-0.727560547,-1.4194241909999998,-0.110412658,-0.3143691319999999,0.903013543,-2.54617115,0.1457610337999999,-0.5940249150000001
28,LEU,1.743,0.6557562076749436,2.57751,0.7459899999999999,0.1690099999999998,0,0.0,1.4,1.1,0.9222,0.663,0.2811,0.0,0.8340982,1.61610048,2.29776216,2.83822014,-0.5612724295,-1.0900448945,-0.09277577647,-0.2632196737,0.7455464670000003,-1.5088074964999998,0.1236755834,-0.3835975919000001
29,ARG,1.923,0.5735162541008052,3.73687,1.1930599999999998,0.2369400000000003,1,0.25,-1.3,-2.5,0.0,0.7346,0.9398,0.6914,0.83383265,1.61401442,2.29087404,2.82237035,-0.5993184069999999,-1.162661136,-0.1005752935,-0.2849924727,0.862130868,-1.6220647559999997,0.152717577,-0.4221179075000001
30,GLY,0.768,0.4247787610619469,0.8706499999999999,0.85585,0.18415,1,0.166666666666667,0.03,0.48,0.4556,0.0,1.0,0.5062,1.11297183,2.16131004,3.0848447,3.83198003,-0.6181943889999999,-1.20736375,-0.0917336141,-0.2614223899999999,1.4542392559999993,-3.406725552,0.2218639909,-0.7751228210000004
31,GLY,1.08,0.5973451327433629,1.07115,0.58954,0.13846,1,0.142857142857143,0.03,0.48,0.4556,0.0,1.0,0.5062,0.97367522,1.88978761,2.69480999,3.3429611400000003,-0.4649267538999999,-0.9054934510000002,-0.0728873562,-0.2072219676,1.493227611000001,-2.636480827,0.2302979347,-0.6030207418000002
32,ASP,0.942,0.35136143230138,2.13557,1.18587,0.5531300000000001,2,0.2,-0.1,-0.9,0.1111,0.3239,0.8675,1.0,0.97268112,1.88202983,2.66937758,3.28500642,-0.523243219,-1.02009947,-0.0809982538,-0.2306219622999999,0.942536217,-2.0062598360000004,0.1512013021999999,-0.4591961110000001
33,GLY,1.009,0.5580752212389379,1.0611,0.61651,0.1824900000000001,1,0.142857142857143,0.03,0.48,0.4556,0.0,1.0,0.5062,0.8339230900000001,1.61471336,2.29313997,2.82745463,-0.551363121,-1.074094339,-0.0865840058,-0.246343047,0.941612399,-2.046904988,0.1582779187,-0.4932420770000001
34,GLY,0.702,0.3882743362831858,0.86823,0.80734,0.2986600000000001,2,0.285714285714286,0.03,0.48,0.4556,0.0,1.0,0.5062,0.97344144,1.88797315,2.68889712,3.32959654,-0.367319018,-0.7153117392,-0.0576460594499999,-0.1638564682,0.9037114779999998,-1.5574607804,0.1403403319999999,-0.369204191
35,ALA,1.054,0.4832645575424117,1.19555,0.87742,0.24958,2,0.2,0.77,0.62,0.7,0.1645,0.249,0.3951,1.11259721,2.15835995,3.075080680000001,3.8094442,-0.304653401,-0.59578156,-0.0442571046,-0.1263294281999999,0.903826757,-1.382497015,0.1395097946,-0.3008015342
36,ALA,0.81,0.3713892709766162,1.2473999999999998,0.85774,0.51326,0,0.0,0.77,0.62,0.7,0.1645,0.249,0.3951,0.97367636,1.88980725,2.69491213,3.3433107,-0.5068831185,-0.987539726,-0.0784550682,-0.2229826429,1.3364826109999994,-2.818302895,0.2017285776999999,-0.6280506900999997
37,ALA,1.337,0.6130215497478221,1.37953,0.64428,0.1997200000000001,0,0.0,0.77,0.62,0.7,0.1645,0.249,0.3951,0.6945459300000001,1.34258779,1.90121932,2.33442258,-0.666116985,-1.2906170200000002,-0.11461085174,-0.324587008,1.1767971979999998,-2.9380136269999992,0.1992470254,-0.7555348150000004
38,ALA,0.965,0.442457588262265,1.29442,0.79674,0.4192600000000002,0,0.0,0.77,0.62,0.7,0.1645,0.249,0.3951,0.6942799,1.34049834,1.89432107,2.31855307,-0.646198955,-1.253517305,-0.1091397174,-0.3093952682999999,1.4501769870000014,-3.3262822720000007,0.2561708611000001,-0.8759127226000001
39,ALA,1.038,0.4759284731774415,1.2978,0.78986,0.35314,0,0.0,0.77,0.62,0.7,0.1645,0.249,0.3951,0.83437289,1.6182448,2.30479322,2.85424719,-0.418398173,-0.815237885,-0.0646350242,-0.1837216887,1.413788996000001,-2.3218599960000006,0.2245836304000001,-0.5484197049999999
40,SER,1.06,0.4871323529411764,1.46421,0.83642,0.27958,0,0.0,-0.1,-0.18,0.4111,0.1877,0.8514,0.5309,0.6942799,1.34049834,1.89432107,2.31855307,-0.53531985,-1.036804452,-0.092677111,-0.262387485,1.018674695,-2.269620144,0.1824244675,-0.5954939810000001
41,ALA,1.098,0.5034387895460798,1.39577,0.63384,0.44916,0,0.0,0.77,0.62,0.7,0.1645,0.249,0.3951,0.69462786,1.3432239,1.9032918,2.33910559,-0.3193068577,-0.6183074691999998,-0.0554602619899999,-0.1569940575,1.138032239,-2.0218723794000004,0.1882429304000001,-0.5244217880000002
42,GLY,0.804,0.4446902654867257,1.01239,0.74577,0.2582299999999999,0,0.0,0.03,0.48,0.4556,0.0,1.0,0.5062,0.83389491,1.6145020299999997,2.29247988,2.82605296,-0.4124384575999999,-0.8075791786000002,-0.05854197042,-0.1673545378,1.8878358009999996,-3.093320898999997,0.2791606580999999,-0.6514063975999999
43,GLY,0.827,0.4574115044247787,0.9959,0.7474500000000001,0.23355,0,0.0,0.03,0.48,0.4556,0.0,1.0,0.5062,0.83402942,1.61554173,2.2958518,2.83362334,-0.4695465074000001,-0.91360622,-0.0753793343,-0.2142431072999999,2.709663889999999,-4.069242042000004,0.4350445454,-0.9724331976000002
44,ASP,0.863,0.3218948153674002,2.1813,1.11868,0.6993200000000002,0,0.0,-0.1,-0.9,0.1111,0.3239,0.8675,1.0,0.97370678,1.89004572,2.69569815,3.34511558,-0.5215705355,-1.008743445,-0.0914744368599999,-0.2584651354,3.494793609000004,-7.013089035999989,0.5574520688000011,-1.660082352399998
45,ASP,1.092,0.4073107049608355,2.23296,1.14353,0.44547,1,0.0909090909090909,-0.1,-0.9,0.1111,0.3239,0.8675,1.0,1.25157698,2.42737557,3.45677894,4.27910092,-0.5204698623,-1.0152291755,-0.0801290913,-0.22834450695,5.856831731999996,-12.73234741850001,0.8971592820000008,-2.843957785149996
46,ARG,1.663,0.4959737548464061,3.54311,1.18722,0.5027800000000002,0,0.0,-1.3,-2.5,0.0,0.7346,0.9398,0.6914,0.97284894,1.883329,2.67360001,3.29451497,-0.4650745627,-0.9054160272,-0.07404912396,-0.2106063241,4.672485273000008,-10.045469807399982,0.7588683180000012,-2.332613990100001
47,ARG,2.536,0.7563376081121383,3.85672,0.80201,0.0149900000000001,0,0.0,-1.3,-2.5,0.0,0.7346,0.9398,0.6914,0.8342793799999999,1.61751168,2.30237857,2.84870964,-0.537420768,-1.0414777572,-0.09168696102,-0.2595684925,4.554533017000005,-9.3785983456,0.7342925800999996,-2.3457147809999963
48,GLY,0.771,0.4264380530973451,0.98273,0.7323599999999999,0.30464,1,0.125,0.03,0.48,0.4556,0.0,1.0,0.5062,0.97292224,1.88391017,2.67553834,3.29903473,-0.426084646,-0.8303847299999999,-0.06653838824,-0.1894227227999999,7.588567001000034,-11.124753161999998,1.1299490736000009,-2.398926377900004
49,GLY,0.517,0.2859513274336283,0.93911,0.86427,0.4267299999999999,1,0.0833333333333333,0.03,0.48,0.4556,0.0,1.0,0.5062,1.11176135,2.15181687,3.05355933,3.76018218,-0.7100263625,-1.3847487416,-0.10970035543,-0.312586105,8.842336734999968,-19.34678539620004,1.3716735617000029,-4.404979720999998
50,ALA,0.954,0.4374140302613479,1.16698,0.8765499999999999,0.3504500000000001,1,0.0909090909090909,0.77,0.62,0.7,0.1645,0.249,0.3951,1.25176541,2.42888264,3.46184666,4.291038509999999,-0.5929476236,-1.15490553,-0.0936798068999999,-0.2665709606999999,8.905437437999982,-15.42344587299997,1.507652976999997,-3.7935364798000006
51,GLY,0.821,0.4540929203539822,1.00815,0.6525799999999999,0.3344200000000001,0,0.0,0.03,0.48,0.4556,0.0,1.0,0.5062,0.97352448,1.88861459,2.6909768000000005,3.33426519,-0.9702924845499998,-1.8859425943000008,-0.15820906374,-0.4491686202599999,9.25721378699998,-14.591716538199986,1.577183563099999,-3.453254051000003
52,GLY,0.696,0.3849557522123893,0.8996299999999999,0.82259,0.28941,0,0.0,0.03,0.48,0.4556,0.0,1.0,0.5062,1.11231968,2.15622462,3.06818633,3.79405805,-1.0697005078,-2.0742888903,-0.18096931674,-0.51270449852,8.948092504999975,-13.984569779199989,1.4711729045999964,-3.6124276966400033
53,GLY,0.571,0.3158185840707964,0.8889,0.98118,0.2558200000000001,0,0.0,0.03,0.48,0.4556,0.0,1.0,0.5062,1.67110388,3.2547158099999995,4.66874664,5.84152212,-1.817390515015,-3.548640713937,-0.2729255311477001,-0.7780888547539999,12.230737641999976,-16.765273274900014,1.807951424900005,-3.850206966199999
54,GLY,0.559,0.3091814159292035,0.88946,0.94453,0.3044700000000001,0,0.0,0.03,0.48,0.4556,0.0,1.0,0.5062,1.67147812,3.25764689,4.67839489,5.86362914,-1.9481577947,-3.798333006500001,-0.2990654835099999,-0.8509705878199999,10.14123645299998,-12.743411678000005,1.5285508318999994,-2.967820196799987
55,TYR,1.038,0.3045774647887324,3.49766,1.70528,0.66472,0,0.0,-0.27,0.26,0.3556,0.8063,0.502,0.1605,1.81096487,3.5306479199999994,5.073258440000001,6.363595589999999,-2.8964832890300003,-5.652874225979999,-0.4377374872740001,-1.2470330618799996,10.742847346999964,-11.029485670499994,1.5280193024000002,-2.3675654262099965
56,ARG,1.156,0.344765881300328,3.10502,1.7765700000000002,0.4204299999999998,0,0.0,-1.3,-2.5,0.0,0.7346,0.9398,0.6914,1.53026909,2.97118457,4.23932689,5.26270318,-2.5742276321,-5.005429828400001,-0.4179911168359998,-1.1874237035899995,9.53792492599996,-10.906147554,1.5675696909000003,-2.635829060879998
57,ARG,1.182,0.3525201312257679,3.26998,1.71903,0.4519700000000002,0,0.0,-1.3,-2.5,0.0,0.7346,0.9398,0.6914,1.669917,3.24543542,4.63826045,5.771857330000001,-2.4159590932,-4.697860862799999,-0.3917758145400001,-1.1128741032700002,9.936802211000025,-14.588649561999995,1.5892275791000046,-3.520017912900005
58,GLY,0.397,0.2195796460176991,0.83005,0.91497,0.4960300000000001,0,0.0,0.03,0.48,0.4556,0.0,1.0,0.5062,1.80790498,3.50679476,4.99513712,6.18578955,-1.6077352358999994,-3.1236948213,-0.26473600272,-0.7515772231,11.796869334999975,-18.477621378900025,2.087393622800005,-4.762199396500006
59,GLY,0.702,0.3882743362831858,0.94473,0.81528,0.2907200000000001,0,0.0,0.03,0.48,0.4556,0.0,1.0,0.5062,1.66971363,3.24384467,4.63302706,5.75987034,-1.7925651443399997,-3.498301489799999,-0.2730033991199999,-0.7781709214500003,13.595142240000028,-22.216621324499968,2.125225175000009,-5.086223702299998
60,GLY,0.71,0.3926991150442477,0.92527,0.80662,0.2913800000000001,0,0.0,0.03,0.48,0.4556,0.0,1.0,0.5062,1.3918599399999998,2.70660165,3.8720904,4.82578501,-0.7835651792000001,-1.5215948740000005,-0.1293996217899999,-0.36697781535,15.196069055999946,-23.375851014999963,2.446161454800012,-5.829237783100022
61,ASN,1.718,0.7026584867075665,2.5276,0.66258,0.0644199999999999,0,0.0,-0.1,-0.78,0.1111,0.3976,0.6747,0.8272,1.11288508,2.16060318,3.08242245,3.82613608,-0.7015960378000002,-1.3704680309999997,-0.1049523401499999,-0.2994295069,13.833568917999983,-20.503535378999985,2.1323996967000034,-4.471695651000001
62,SER,0.952,0.4374999999999999,1.50475,1.01611,0.2078900000000001,0,0.0,-0.1,-0.18,0.4111,0.1877,0.8514,0.5309,0.9727750000000002,1.88276788,2.67181598,3.29061998,-0.6319765663999999,-1.237574137,-0.0895528389499999,-0.2560396222,11.248570414,-20.623930809999926,1.656200172700009,-4.191809124500006
63,GLY,0.95,0.5254424778761062,0.92519,0.65044,0.20756,0,0.0,0.03,0.48,0.4556,0.0,1.0,0.5062,0.69456611,1.34273987,1.90169697,2.33544578,-0.3836065723999999,-0.7419121323999999,-0.06801087647,-0.1923767070699999,9.65092321699999,-9.927932243399995,1.6209979038000069,-2.5976389021799995
64,GLY,0.545,0.3014380530973451,0.8210500000000001,0.92825,0.3347499999999999,0,0.0,0.03,0.48,0.4556,0.0,1.0,0.5062,0.97330362,1.88690162,2.6853973800000004,3.3216597599999997,-0.5197611784,-1.009473999,-0.0848762714,-0.24054265555,12.53837716700001,-17.87787438449997,1.9090127209000067,-4.104851055999997
65,GLY,0.908,0.5022123893805309,1.02138,0.70427,0.19573,0,0.0,0.03,0.48,0.4556,0.0,1.0,0.5062,1.3910614500000005,2.7003358800000004,3.85142762,4.778323609999999,-1.0394802532,-2.028211704,-0.1591884334699999,-0.4537698405999999,17.160562780000014,-30.069350694199965,2.769933507499984,-6.9727921715
66,GLY,0.68,0.3761061946902655,0.95841,0.8647500000000001,0.26325,0,0.0,0.03,0.48,0.4556,0.0,1.0,0.5062,1.25231499,2.43315376,3.47578691,4.32261662,-1.2123271045,-2.3557075507,-0.19776025171,-0.5610868528,14.771133105999931,-27.453347015500057,2.3126945623000124,-6.516912636050006
67,GLY,0.421,0.2328539823008849,0.74032,1.0204,0.3666,0,0.0,0.03,0.48,0.4556,0.0,1.0,0.5062,1.80776475,3.5057359100000003,4.99178649,6.17852212,-1.82067294145,-3.54237519048,-0.292350418929,-0.8308789154230001,17.504895371000107,-24.78212540969998,2.8903870143000145,-6.0707965304580105
68,GLY,0.053,0.0293141592920353,0.67902,1.15741,0.5975900000000001,0,0.0,0.03,0.48,0.4556,0.0,1.0,0.5062,2.0869124900000005,4.052981170000001,5.78519813,7.185664430000001,-2.2382397126599995,-4.348814147699999,-0.3675434612740001,-1.0432592117099997,16.566742580999996,-16.56086104720002,2.705927978199984,-4.274330885979996
69,GLY,0.219,0.1211283185840707,0.80841,0.99651,0.59249,0,0.0,0.03,0.48,0.4556,0.0,1.0,0.5062,2.6452559100000004,5.148052699999999,7.37461466,9.20793519,-2.8880208885500007,-5.63027393685,-0.4471142787940002,-1.272908476945,13.014732789000009,-13.005102857649952,1.9514996373000035,-2.8529702142759974
70,TYR,0.464,0.136150234741784,2.83157,2.0902000000000003,0.8537999999999997,0,0.0,-0.27,0.26,0.3556,0.8063,0.502,0.1605,2.50499767,4.86905373,6.960167900000001,8.66358918,-2.0173337248000007,-3.918463360000001,-0.3323804646400001,-0.94305279166,14.022063195000024,-12.982183855199986,2.230178900100005,-3.2792320320599986
71,ASP,0.815,0.3039910481163744,1.99418,1.2394600000000002,0.6265399999999999,0,0.0,-0.1,-0.9,0.1111,0.3239,0.8675,1.0,2.50522414,4.87089899,6.966478490000001,8.678761289999999,-2.0609784811,-4.0185412176,-0.31753830133,-0.9039821538500004,16.117953596999993,-18.55830898220004,2.4373174733000145,-4.421554821900003
72,ARG,1.658,0.4944825529376677,3.5150400000000004,1.32619,0.3688100000000003,0,0.0,-1.3,-2.5,0.0,0.7346,0.9398,0.6914,1.52942226,2.9646373,4.21806606,5.214866730000001,-1.5019466624700002,-2.9126567851,-0.254991773374,-0.7227440295500003,20.65035445100008,-18.75953830020008,3.3542752046000226,-4.925432325619982
73,GLY,0.704,0.3893805309734512,0.8633799999999999,0.7648100000000001,0.33919,0,0.0,0.03,0.48,0.4556,0.0,1.0,0.5062,1.11262942,2.15861309,3.07591662,3.8113673,-1.579299020702,-3.0726645366540004,-0.253824617541,-0.7214234687169999,17.36903560400012,-23.186169045878064,2.6895408101999863,-5.478439715498984
74,TYR,1.995,0.585387323943662,3.80277,1.19462,0.2183799999999998,1,0.166666666666667,-0.27,0.26,0.3556,0.8063,0.502,0.1605,0.83351182,1.61151747,2.28271138,2.80384007,-1.4135508714,-2.7423925232999995,-0.237806545864,-0.67411896186,14.395591982999967,-22.25713833130001,2.443613038299991,-5.727176231259999
75,ASN,1.313,0.5370143149284253,2.41017,0.91493,0.2170699999999998,1,0.125,-0.1,-0.78,0.1111,0.3976,0.6747,0.8272,1.2526964500000002,2.43614375,3.48563334,4.34519008,-1.3489596928000005,-2.6370183544999994,-0.19835835831,-0.5662074320999999,15.341234183,-19.60794713899996,2.2442851914000013,-4.208658076999996
76,ASP,0.783,0.2920552032823573,2.16071,1.25863,0.63937,1,0.333333333333333,-0.1,-0.9,0.1111,0.3239,0.8675,1.0,0.8337153900000001,1.6131064899999998,2.28792177,2.8157166000000005,-0.63135718465,-1.2190625022,-0.1140388451999999,-0.3219793146399999,9.758091568000012,-11.975960849900003,1.7192215814000045,-3.200137289879997
77,ASN,1.01,0.4130879345603272,2.2972300000000003,1.1331300000000002,0.3018699999999996,0,0.0,-0.1,-0.78,0.1111,0.3976,0.6747,0.8272,1.39225001,2.70967573,3.88227369,4.84931768,-1.5410125200999998,-3.0159439342,-0.2193068324999999,-0.6262435950299999,11.133201887999949,-18.0158005541,1.6134292901000011,-3.8573464298500006
78,ARG,1.826,0.5445869370712795,3.5727300000000004,1.1822799999999998,0.3447200000000003,0,0.0,-1.3,-2.5,0.0,0.7346,0.9398,0.6914,0.97331244,1.88697648,2.68566441,3.32233737,-0.7170594186,-1.395233615,-0.11358443603,-0.3224619299,7.892710768999988,-14.200390051999994,1.2504869576000002,-3.4503481854000078
79,ASP,1.394,0.5199552405818724,2.53588,0.7589999999999999,0.5280000000000002,0,0.0,-0.1,-0.9,0.1111,0.3239,0.8675,1.0,0.69446834,1.34197503,1.89918344,2.32969897,-0.5006707300000001,-0.970653461,-0.0852987808,-0.2416842419,6.864419017999998,-8.23985681300001,1.166265833900002,-2.0800475771000038
80,ASP,0.758,0.2827303245057814,2.14463,1.21965,0.7033500000000001,1,0.333333333333333,-0.1,-0.9,0.1111,0.3239,0.8675,1.0,0.6942801300000001,1.3405112199999998,1.8944033,2.31886435,-0.673773562,-1.311330703,-0.1077097834999999,-0.3062468695999999,5.621483872000009,-11.517183695000002,0.8505161862000021,-2.5481636271000028
81,ARG,1.93,0.575603936773039,3.85945,1.25455,0.1684500000000002,1,0.333333333333333,-1.3,-2.5,0.0,0.7346,0.9398,0.6914,0.69466717,1.3435296,1.90428941,2.34136465,-0.726101075,-1.408839428,-0.1213223654,-0.343761186,5.222194991999998,-13.844169483999991,0.8371779430999984,-3.2455126830000007
82,ASP,1.364,0.5087653860499813,2.49909,0.89654,0.4204599999999999,1,0.25,-0.1,-0.9,0.1111,0.3239,0.8675,1.0,0.83389658,1.6145028099999996,2.29243836,2.82582161,-0.3529830748,-0.6794238453000001,-0.0669573499,-0.1886973439,2.6650641439999987,-4.885464078,0.4724846187000001,-1.2967579174999997
83,ASN,0.747,0.305521472392638,1.98176,1.36244,0.3355599999999998,0,0.0,-0.1,-0.78,0.1111,0.3976,0.6747,0.8272,0.97221239,1.87837416,2.6573986100000004,3.25772352,-0.3018975525999999,-0.5871302947,-0.04880053384,-0.13862568927,1.2949579019999995,-2.422916372399999,0.2165638761,-0.6184302959400001
84,ARG,2.72,0.8112138383537131,4.02044,0.6777399999999999,-0.0447399999999998,0,0.0,-1.3,-2.5,0.0,0.7346,0.9398,0.6914,0.6940431,1.33864934,1.88825595,2.30472075,-0.354938843,-0.6882717780000001,-0.0604027434,-0.1712095965,1.05766325,-2.237512433,0.191494115,-0.5690767181999999
85,GLY,0.806,0.4457964601769911,0.97739,0.67981,0.32219,0,0.0,0.03,0.48,0.4556,0.0,1.0,0.5062,0.83355799,1.61188501,2.28394215,2.8067250999999995,-0.468329376,-0.914593474,-0.070244003,-0.2003307879999999,0.786499075,-2.3509328760000003,0.1171219479999999,-0.509512449
86,GLY,0.6,0.331858407079646,0.8210999999999999,0.83031,0.3776900000000002,0,0.0,0.03,0.48,0.4556,0.0,1.0,0.5062,0.83266833,1.60493442,2.26112688,2.75464195,-0.311727407,-0.604104726,-0.0536158429999999,-0.151910163,0.7845629989999999,-1.6138013990000004,0.1334799285,-0.385945833
87,SER,0.986,0.4531249999999999,1.30268,0.94031,0.2496900000000003,0,0.0,-0.1,-0.18,0.4111,0.1877,0.8514,0.5309,0.97291619,1.88384184,2.6752391600000003,3.29812033,-0.3977497134,-0.7731770175,-0.06467184503,-0.18359260426,0.9811262359999998,-1.752950578,0.1629897017,-0.4179865420999999
88,GLY,0.489,0.2704646017699115,0.8651300000000001,0.83081,0.4881899999999999,1,0.111111111111111,0.03,0.48,0.4556,0.0,1.0,0.5062,0.97330649,1.8869223,2.6854588,3.32178121,-0.4126814374999999,-0.8026139409999999,-0.0666599441,-0.1893789939,1.1401126639999997,-2.0541931730000003,0.1722437665000001,-0.4750901339999999
89,GLY,1.097,0.6067477876106194,0.97667,0.67566,0.03534,0,0.0,0.03,0.48,0.4556,0.0,1.0,0.5062,0.5547572299999999,1.06723022,1.4986282,1.81684035,-0.644401169,-1.2416064130000002,-0.1204608751,-0.339710473,1.0961143340000008,-2.8277456400000007,0.204556119,-0.7779702580000002
90,TYR,1.197,0.3512323943661972,3.90993,1.54521,0.6657899999999999,2,0.4,-0.27,0.26,0.3556,0.8063,0.502,0.1605,0.83346566,1.61115008,2.28148176,2.80096046,-0.4335621609,-0.8438046646000001,-0.06947017789,-0.19754614446,1.962991404999998,-4.227204634799999,0.3207638075000001,-0.98649393748
91,GLY,0.744,0.411504424778761,0.85588,0.90816,0.1558400000000001,2,0.4,0.03,0.48,0.4556,0.0,1.0,0.5062,0.8337164599999999,1.6131127099999998,2.2879358,2.81573019,-0.513678089,-0.998735022,-0.0828312395,-0.235092314,1.9621224890000013,-5.5536312139999975,0.3241967430000002,-1.3332787540000013
92,ARG,2.617,0.7804950790337011,4.07923,0.66549,0.0705100000000001,2,0.5,-1.3,-2.5,0.0,0.7346,0.9398,0.6914,0.69435788,1.34111506,1.89637239,2.32331884,-0.556462952,-1.08076737,-0.0917369329999999,-0.2602321059999999,2.241459165,-7.050712856000009,0.3328547669000002,-1.5297773629999976
93,ASP,0.815,0.3039910481163744,2.3825,1.14058,0.7254200000000002,1,0.25,-0.1,-0.9,0.1111,0.3239,0.8675,1.0,0.69407733,1.33891569,1.88912727,2.30670088,-0.48384265,-0.940230528,-0.079832048,-0.226780394,2.23457828,-6.104491529999994,0.392885029,-1.566676933
94,ARG,2.001,0.5967790038771249,3.5477,1.28203,0.0699700000000003,0,0.0,-1.3,-2.5,0.0,0.7346,0.9398,0.6914,0.6943237,1.3408483100000002,1.89549746,2.32132325,-0.719958143,-1.3965827199999998,-0.121631554,-0.344817881,5.6463115730000055,-13.765730244999991,0.9832517771999996,-3.5051068569999937
95,ASN,1.525,0.623721881390593,2.3094300000000003,0.89756,0.0224399999999999,0,0.0,-0.1,-0.78,0.1111,0.3976,0.6747,0.8272,0.83398912,1.61522907,2.29483244,2.83131839,-1.2953293546000004,-2.5134176870000005,-0.2174660792,-0.6165277803,12.512749507000049,-27.690057955000054,2.127307704800007,-7.02647448579997
96,TYR,1.03,0.3022300469483568,3.50632,1.77827,0.5997300000000001,0,0.0,-0.27,0.26,0.3556,0.8063,0.502,0.1605,1.25099058,2.42284483,3.4420765,4.24605201,-1.8200047246,-3.5290433785000004,-0.3100785394700001,-0.8789256962399997,17.581230748000106,-33.54645386309999,2.9289997278999973,-8.445549198499968
97,GLU,1.348,0.4941348973607038,2.67113,1.00876,0.37124,0,0.0,-0.1,-0.74,0.1111,0.4884,0.8112,0.9136,1.52902441,2.96153036,4.20787169,5.191607039999999,-1.7629585314179996,-3.4238743928370003,-0.2917695030163,-0.8278970259925001,16.404264741000077,-28.37055992939005,2.7271509199,-7.250344681369973
98,ASP,0.495,0.1846325997762029,1.98304,1.26861,0.91739,0,0.0,-0.1,-0.9,0.1111,0.3239,0.8675,1.0,1.80597923,3.4917587400000003,4.94581828,6.07332319,-1.7883592277900002,-3.4729837681399998,-0.297424255836,-0.8442030428679997,17.731152689000034,-26.623393122379863,3.017241557900017,-6.58741315401201
99,ARG,1.077,0.3212048911422606,2.81134,1.74762,0.5283800000000003,0,0.0,-1.3,-2.5,0.0,0.7346,0.9398,0.6914,2.36544382,4.595575980000001,6.5639013,8.16091344,-1.91371755673,-3.7228808467,-0.3069518594629999,-0.8720017762199999,16.226134558999934,-25.772956765899902,2.537471246499984,-6.190865279070016
100,GLY,0.279,0.1543141592920354,0.71753,1.02972,0.4992799999999999,0,0.0,0.03,0.48,0.4556,0.0,1.0,0.5062,2.64470162,5.143814730000001,7.361015060000001,9.17783009,-2.4265836876,-4.721207306000003,-0.3890238773,-1.10542918837,16.381055901,-19.271088039600016,2.591793656099998,-4.814872518799997
101,TYR,0.166,0.0487089201877934,3.0096800000000004,2.11662,1.1253800000000005,0,0.0,-0.27,0.26,0.3556,0.8063,0.502,0.1605,3.2033426200000004,6.241098010000001,8.957318110000001,11.21469707,-2.130181647834,-4.1456069474609984,-0.3406155388111999,-0.9682918152593,13.702575992000034,-17.076534370274004,2.214022851200002,-4.403547723659004
102,ASN,0.241,0.0985685071574642,1.82339,1.62715,0.5768499999999996,0,0.0,-0.1,-0.78,0.1111,0.3976,0.6747,0.8272,3.066823210000001,5.99130726,8.63873204,10.88913055,-1.9688976511150005,-3.839435606340001,-0.3013212424689998,-0.8575002633499997,14.67440628599996,-9.569773547470028,2.119687428199992,-2.115676226709996
103,GLY,0.487,0.269358407079646,1.01381,0.80611,0.5148900000000002,0,0.0,0.03,0.48,0.4556,0.0,1.0,0.5062,1.95046302,3.80371108,5.468231290000001,6.863516879999999,-2.342951397244002,-4.572202187130002,-0.354682744015,-1.0103186829079995,16.503365955000017,-9.620280435249994,2.5475367022000084,-2.2378195553779983
104,GLY,0.662,0.3661504424778761,0.86885,0.80078,0.3452199999999998,0,0.0,0.03,0.48,0.4556,0.0,1.0,0.5062,1.6713658400000002,3.2567872499999995,4.67563591,5.857525099999999,-2.39590371165,-4.67992664918,-0.3576712020229998,-1.0201542569059994,14.673646200999949,-13.409392655750016,2.126712807900008,-3.052499541299998
105,GLY,0.636,0.3517699115044247,0.94183,0.77257,0.3994300000000002,0,0.0,0.03,0.48,0.4556,0.0,1.0,0.5062,0.8336879500000001,1.61288835,2.28719396,2.81401974,-1.7262261343500005,-3.3521698277,-0.2857916239299999,-0.8107488146700002,13.573330520000043,-19.080417374999985,2.289969561200001,-4.962414091810008
106,GLY,0.744,0.411504424778761,0.83375,0.78091,0.28309,0,0.0,0.03,0.48,0.4556,0.0,1.0,0.5062,1.3926265100000002,2.71264086,3.89208874,4.871976069999999,-1.7873899784,-3.4830987092,-0.27638749695,-0.7859224192000005,15.568786339999946,-15.663670627799988,2.324186773300009,-3.652838256699999
107,GLY,0.3,0.165929203539823,0.75935,0.92347,0.58453,0,0.0,0.03,0.48,0.4556,0.0,1.0,0.5062,2.64696998,5.16140391,7.41830217,9.3072414,-2.133282264530001,-4.162616572399999,-0.3258996066769999,-0.92887232062,13.648759157999988,-22.770165995140005,2.0117857549999947,-4.947929477420002
108,GLY,0.067,0.0370575221238938,0.66864,1.11338,0.6276200000000001,0,0.0,0.03,0.48,0.4556,0.0,1.0,0.5062,2.7846773099999997,5.420525789999999,7.76768875,9.70364259,-2.332874332760001,-4.551295585299999,-0.3562702614200001,-1.01494443829,16.356016250000017,-25.6535074795,2.4579067698000028,-5.56707229028999
109,GLY,0.214,0.118362831858407,0.7292700000000001,0.97906,0.6149400000000002,0,0.0,0.03,0.48,0.4556,0.0,1.0,0.5062,2.3646417600000005,4.589432309999999,6.5441462,8.117059939999999,-2.110340162799999,-4.107208590900001,-0.33547433859,-0.9532544057,19.19924832300011,-25.75877360400007,3.100772106900029,-6.503002220440009
110,ASN,1.287,0.5263803680981595,2.34124,0.9925699999999998,0.16543,0,0.0,-0.1,-0.78,0.1111,0.3976,0.6747,0.8272,1.6691002700000002,3.23909205,4.61756227,5.72498131,-1.71328190674,-3.3344717801999995,-0.2739442816389999,-0.7788715278800002,17.16840867499995,-28.43921325590007,2.6906031404000164,-6.600202365809977
111,ARG,1.62,0.4831494184312556,3.57412,1.49952,0.2334800000000001,0,0.0,-1.3,-2.5,0.0,0.7346,0.9398,0.6914,1.5303601100000004,2.97193136,4.241901169999999,5.268954429999999,-1.73462575403,-3.3686687001000006,-0.2879561526299999,-0.8172474593699998,18.59093805400015,-24.63214414789993,2.847286092800021,-5.9255452250000165
112,GLY,0.964,0.5331858407079646,0.98224,0.62344,0.2205600000000001,0,0.0,0.03,0.48,0.4556,0.0,1.0,0.5062,0.97356036,1.88888208,2.69180879,3.33602314,-1.9643621843000008,-3.821725045200001,-0.3157852858899999,-0.8974372217200002,14.061270584000088,-23.367261005200003,2.2277001004000065,-5.648735327540002
113,TYR,0.71,0.2083333333333333,3.20586,1.9534,0.7445999999999999,1,0.0769230769230769,-0.27,0.26,0.3556,0.8063,0.502,0.1605,1.39086782,2.69886564,3.84674894,4.76809606,-1.8837176864300005,-3.6578785686,-0.3129345362239999,-0.8879448737759998,18.92880490399999,-15.853566705999958,3.043222879900009,-3.8536613574880016
114,ASN,0.639,0.2613496932515338,1.9563,1.32581,0.4801899999999999,1,0.0909090909090909,-0.1,-0.78,0.1111,0.3976,0.6747,0.8272,2.08946931,4.072937090000001,5.85062975,7.33480059,-1.9460315672299997,-3.795927616419999,-0.2974858227549999,-0.8471495131799999,19.97403808100008,-23.50896657540004,2.993166158099988,-5.205121338899995
115,ASN,0.0,0.0,1.66892,1.66032,0.7846799999999998,1,0.04,-0.1,-0.78,0.1111,0.3976,0.6747,0.8272,2.3657402500000004,4.59782908,6.57108131,8.17664649,-2.040130514199999,-3.9724973722000008,-0.3241315882600001,-0.9221539955499994,17.02199579899998,-20.73948343399999,2.593258839599988,-4.763232480689988
116,ASN,1.331,0.5443762781186094,2.40348,0.91246,0.2015399999999999,1,0.0909090909090909,-0.1,-0.78,0.1111,0.3976,0.6747,0.8272,1.53099566,2.9768792900000003,4.2580816100000005,5.30570371,-2.0801359841000004,-4.0518678555,-0.3248902230200001,-0.9237216425599998,17.72310717400005,-21.008336769500023,2.7178745038,-4.904719260620002
117,ARG,2.587,0.7715478675812705,3.928690000000001,0.7405799999999999,0.0254200000000001,0,0.0,-1.3,-2.5,0.0,0.7346,0.9398,0.6914,1.3910177100000003,2.7000369,3.85059623,4.77688823,-1.3482076759,-2.612754401,-0.2303377301499999,-0.65221876814,16.283505036000133,-15.23294027200006,2.7166150310000288,-4.16729731863998
118,GLY,0.133,0.0735619469026548,0.67729,0.9923300000000002,0.6826699999999999,0,0.0,0.03,0.48,0.4556,0.0,1.0,0.5062,2.22584447,4.32168039,6.16605177,7.65398505,-2.4488705136,-4.7901502605,-0.35561765066,-1.0157027519,14.789671053000006,-22.75699454799997,2.1737531010000057,-4.829642043499992
119,GLY,0.311,0.1720132743362832,0.7586700000000001,0.90373,0.59327,0,0.0,0.03,0.48,0.4556,0.0,1.0,0.5062,1.80614809,3.4931994,4.95095906,6.08630832,-1.62102807454,-3.15065859815,-0.2642898019949999,-0.7502731196560002,19.058375024000192,-26.623357851650017,3.265829683099992,-6.565561458015997
120,GLY,0.577,0.3191371681415929,0.8004300000000001,0.82077,0.4102300000000001,0,0.0,0.03,0.48,0.4556,0.0,1.0,0.5062,2.08881753,4.067877140000001,5.834134210000001,7.297495439999999,-2.33489241395,-4.556346009299997,-0.353830149826,-1.0079644398499996,16.975709292000104,-22.58564451320006,2.6190498925999943,-5.351831760199985
121,GLY,0.298,0.1648230088495575,0.80537,0.96532,0.5446799999999999,0,0.0,0.03,0.48,0.4556,0.0,1.0,0.5062,1.6679830100000002,3.2304474900000004,4.58947199,5.661721819999999,-1.9464251122900005,-3.759767804140001,-0.3511303430169999,-0.9921391800600003,16.321375724000063,-13.22514715524001,2.740985343199998,-3.582274697240006
122,GLY,0.457,0.2527654867256637,0.8253400000000001,0.92044,0.4305599999999999,0,0.0,0.03,0.48,0.4556,0.0,1.0,0.5062,1.94810664,3.785356020000001,5.408172360000001,6.727003549999998,-2.0828061300500007,-4.049587041304001,-0.337786448143,-0.9593158828449998,13.856490935000046,-6.451064951600002,2.281658737399989,-1.6644200661880004
123,GLY,0.505,0.2793141592920354,0.96239,0.8497199999999998,0.4532800000000001,1,0.05,0.03,0.48,0.4556,0.0,1.0,0.5062,2.08844128,4.064910760000001,5.824305900000001,7.274782389999999,-3.0283016726,-5.898608041499999,-0.4770981766100001,-1.3574665360099996,13.278871427,-16.019012710100014,2.089193067300004,-3.962257673560004
124,TYR,1.24,0.363849765258216,3.90104,1.40879,0.7592100000000002,2,0.285714285714286,-0.27,0.26,0.3556,0.8063,0.502,0.1605,1.81158908,3.53554141,5.08937909,6.400571229999999,-3.222261434849998,-6.297520177400002,-0.47234194316,-1.347050071660001,14.981099201000063,-16.209291449000006,2.224058946900004,-3.82604789506499
125,ASN,0.911,0.3725971370143149,2.24669,1.19231,0.3416899999999998,1,0.111111111111111,-0.1,-0.78,0.1111,0.3976,0.6747,0.8272,1.53120093,2.9784551300000004,4.26315641,5.31698784,-2.8255025458699987,-5.4933444366,-0.4596109944610002,-1.30541547329,13.676474934000062,-12.807494246200006,2.1056585476000005,-3.1647071999499987
126,ARG,0.938,0.2797494780793319,3.2303300000000004,1.93656,0.47844,2,0.285714285714286,-1.3,-2.5,0.0,0.7346,0.9398,0.6914,1.81146398,3.53455004,5.08607488,6.39287398,-2.1987228163100005,-4.283831461500001,-0.34281045941,-0.97503630168,13.277804068000052,-18.25322718540001,2.080935039699999,-4.451045209249995
127,GLN,0.322,0.112,2.2284200000000003,1.68308,0.86992,0,0.0,-0.1,-0.85,0.1111,0.5388,0.7952,0.6914,2.2266791400000003,4.32814996,6.18711118,7.70151857,-2.0536887705999995,-3.9966893541,-0.3290395098700001,-0.9355751424999996,15.350058011000096,-23.93473241740004,2.511380371999996,-5.943318217199995
128,ASP,1.012,0.3774710928757926,2.26434,1.04239,0.6266100000000001,0,0.0,-0.1,-0.9,0.1111,0.3239,0.8675,1.0,1.80720993,3.5013209100000005,4.977024490000001,6.1440091,-1.8955019880999997,-3.6738597116,-0.3259423371800001,-0.92385328152,19.52529283900006,-23.362811637399936,3.4099522887000133,-6.133453246540018
129,ARG,1.594,0.4753951685058157,3.64095,1.3336000000000003,0.4253999999999998,0,0.0,-1.3,-2.5,0.0,0.7346,0.9398,0.6914,1.66835181,3.2332052200000003,4.59810953,5.68018798,-2.0416453482399994,-3.9599843448,-0.3477005601849999,-0.98627437717,19.064277247000057,-25.4756629921001,3.2615459436000016,-6.591406817620003
130,GLY,0.033,0.0182522123893805,0.5920000000000001,1.02623,0.7487700000000002,0,0.0,0.03,0.48,0.4556,0.0,1.0,0.5062,1.80680993,3.49833752,4.96771192,6.124206199999999,-1.7826479454,-3.4570062035,-0.3016744186500001,-0.8547929373999998,19.248049844000107,-24.655491967499948,3.364845266699976,-6.300137973999998
131,ASP,1.193,0.4449832152182021,2.42999,0.93832,0.54968,0,0.0,-0.1,-0.9,0.1111,0.3239,0.8675,1.0,1.94865266,3.78955221,5.421706290000001,6.75716475,-1.6266550240000002,-3.1674292634600008,-0.258711174796,-0.73614033897,18.50385645300006,-35.13514802774006,2.918289353899985,-8.172644343380016
132,GLY,0.487,0.269358407079646,0.7922199999999999,0.9337,0.3873000000000002,0,0.0,0.03,0.48,0.4556,0.0,1.0,0.5062,1.5299166700000004,2.9684141600000005,4.23017309,5.241621599999999,-1.423886144,-2.7725096338999986,-0.2262376546799999,-0.6436052396800002,18.11770143000009,-29.500729982499923,2.800602106299987,-6.708861413150005
133,GLY,0.627,0.34679203539823,0.9523,0.7791399999999998,0.4018600000000002,0,0.0,0.03,0.48,0.4556,0.0,1.0,0.5062,0.8332200700000001,1.60924723,2.2752926500000004,2.78700717,-0.9737771434,-1.8836549376,-0.17149232268,-0.4849814269,13.450578692000096,-19.607771133200018,2.315335505699993,-5.255245484799995
134,SER,1.23,0.5652573529411764,1.61047,0.62682,0.3191800000000001,0,0.0,-0.1,-0.18,0.4111,0.1877,0.8514,0.5309,0.6942801300000001,1.3405112199999998,1.8944033,2.31886435,-1.0289374635,-1.9968954139,-0.17216230476,-0.48819329294,11.928544204000069,-22.430583194999983,1.988045807200005,-5.715262116000007
135,SER,0.751,0.3451286764705882,1.44844,1.0369,0.3881000000000003,0,0.0,-0.1,-0.18,0.4111,0.1877,0.8514,0.5309,1.11218617,2.15518468,3.0647839,3.78632434,-1.2862406582,-2.5082144390000005,-0.19758489045,-0.56249759,12.745494614000068,-22.987303062999963,1.854857729999992,-4.876166745399992
136,ASN,1.232,0.5038854805725972,2.33624,1.01921,0.1937899999999999,0,0.0,-0.1,-0.78,0.1111,0.3976,0.6747,0.8272,1.39225425,2.7096858999999998,3.88222503,4.848952339999999,-1.48023850143,-2.8979284112,-0.210192202764,-0.6006003030400001,13.073714229999924,-22.354022400099964,1.7834938029000036,-4.442650470319993
137,PHE,0.57,0.1833386941138629,3.20033,1.89441,0.6445900000000002,2,0.4,1.1,1.2,0.8111,0.783,0.0763,0.037,0.97383776,1.89107048,2.69906716,3.35282166,-1.0555120165,-2.048066252,-0.1760876402199999,-0.4989178086600001,7.266531770999986,-10.840822526000006,1.1450224051000006,-2.4245259765
138,SER,1.295,0.5951286764705882,1.54871,0.71841,0.1625900000000002,1,0.166666666666667,-0.1,-0.18,0.4111,0.1877,0.8514,0.5309,0.97386186,1.89124989,2.69962433,3.35399678,-0.7041676053,-1.3646692906999998,-0.12046194846,-0.3411424630999999,4.707731475999998,-7.019983205599993,0.7932550578999983,-1.854556841509997
139,ARG,2.055,0.6128839844915002,3.75193,1.16506,0.13294,1,0.125,-1.3,-2.5,0.0,0.7346,0.9398,0.6914,1.25219658,2.4322258100000003,3.47273007,4.31560348,-0.4432695512,-0.8670876673,-0.06464411466,-0.184715506,4.71960998499999,-4.687171183000001,0.7010183804000015,-1.0482888087000002
140,GLY,0.907,0.5016592920353983,1.02025,0.68518,0.21582,0,0.0,0.03,0.48,0.4556,0.0,1.0,0.5062,1.11350366,2.16545488,3.0984141699999994,3.86284428,-0.39656864,-0.7747222460000001,-0.058485345,-0.1666868775,3.460597050999996,-7.2514953759999985,0.5093896616000001,-1.5993687544999995
141,GLY,0.514,0.2842920353982301,0.9319,0.95169,0.34231,1,0.142857142857143,0.03,0.48,0.4556,0.0,1.0,0.5062,0.97306746,1.88503905,2.67922364,3.3073850900000004,-0.4773720919999999,-0.929728085,-0.0753699628,-0.2144262378,3.457094317999999,-7.684793391999992,0.5419818601000012,-1.805309919100001
142,TYR,2.253,0.6610915492957747,4.11855,0.89303,0.2619699999999998,1,0.25,-0.27,0.26,0.3556,0.8063,0.502,0.1605,0.83392469,1.61473791,2.29326408,2.8278725400000004,-0.5035608484,-0.9820548677,-0.07750021973,-0.2207298065,3.655323230999994,-6.234487501500003,0.5599117299999997,-1.4087179014000002
143,ASN,1.502,0.614314928425358,2.47635,0.87097,0.0720299999999998,1,0.25,-0.1,-0.78,0.1111,0.3976,0.6747,0.8272,0.8340310100000001,1.6155651,2.29596683,2.83400385,-0.3454546382999999,-0.6700891558000001,-0.05806920885,-0.16452256362,3.650806199,-3.844530649799998,0.5952923407,-0.9336900775999988
144,ASN,1.253,0.5124744376278119,2.47563,0.96209,0.22991,1,0.142857142857143,-0.1,-0.78,0.1111,0.3976,0.6747,0.8272,1.25200598,2.4307445,3.46789554,4.30465523,-0.373350219,-0.730326002,-0.0539160418,-0.1539332704,4.365091609999998,-7.751368341999998,0.6461470897000008,-1.647786954400002
145,ARG,1.169,0.348643006263048,3.20656,1.87982,0.3041800000000003,0,0.0,-1.3,-2.5,0.0,0.7346,0.9398,0.6914,1.39226054,2.7097445600000003,3.882450710000001,4.84956908,-0.3874008894999999,-0.754025841,-0.0617747524999999,-0.1756273894999999,4.282685964999998,-6.591736064999999,0.6674240194000003,-1.6310331265000024
146,ASP,1.393,0.5195822454308094,2.5263,0.7300800000000001,0.55792,0,0.0,-0.1,-0.9,0.1111,0.3239,0.8675,1.0,0.5550034399999999,1.0691498,1.5049135800000002,1.8311409,-0.7185859466000001,-1.3795702930000002,-0.14048645574,-0.3950130205000001,4.304519271999997,-8.390554140999996,0.8121840816000012,-2.430776322900003
147,GLU,1.41,0.5168621700879765,2.58584,1.09653,0.2214700000000002,1,0.2,-0.1,-0.74,0.1111,0.4884,0.8112,0.9136,0.83388473,1.61441493,2.2921658000000003,2.8252483400000004,-1.2698967478999998,-2.4801494813,-0.1915544223,-0.54664895224,6.803680970000011,-10.707950781700031,1.0170342054000012,-2.377632091400001
148,GLY,0.724,0.4004424778761061,1.02639,0.8220999999999999,0.2619000000000001,1,0.25,0.03,0.48,0.4556,0.0,1.0,0.5062,0.55483266,1.06781611,1.5005389,1.82116417,-0.9598118960000002,-1.851274139,-0.1772282598,-0.5003214732999999,5.756346861999991,-12.457696171000004,1.0621886077000038,-3.415462231000008
149,SER,1.483,0.6815257352941176,1.54918,0.67093,0.02207,1,0.142857142857143,-0.1,-0.18,0.4111,0.1877,0.8514,0.5309,1.1135359,2.16570758,3.09924616,3.86475045,-1.2925995592500004,-2.5146324826,-0.206713705677,-0.5870717099500001,13.43189796800002,-12.995930136000036,2.129272186000005,-3.3655485288799936
150,ASP,0.895,0.3338306602014174,2.12383,1.19658,0.58942,2,0.142857142857143,-0.1,-0.9,0.1111,0.3239,0.8675,1.0,2.08950526,4.07322597,5.851608110000001,7.33712847,-2.26187470761,-4.4218490285000005,-0.332380597175,-0.94883952427,17.700735966000046,-19.85650798469997,2.590422122700004,-4.3016640310299925
151,ASN,0.725,0.2965235173824131,2.2357400000000003,1.23284,0.4871599999999998,0,0.0,-0.1,-0.78,0.1111,0.3976,0.6747,0.8272,2.22690013,4.3299458600000005,6.193238150000001,7.716203159999999,-2.09579640866,-4.076323575699999,-0.338689026515,-0.9623978391299997,17.29033970600003,-21.20250182750001,2.687149156600012,-4.838345572040003
152,ARG,1.494,0.4455711303310468,3.34274,1.42005,0.4389500000000002,0,0.0,-1.3,-2.5,0.0,0.7346,0.9398,0.6914,1.80895954,3.5150457700000004,5.02226353,6.247846709999999,-1.9933878927399995,-3.88119297453,-0.31421685927,-0.893110224986,17.098082570000066,-24.416744349659997,2.590267545199989,-5.769131110541998
153,GLY,0.557,0.308075221238938,0.84707,0.8413399999999999,0.40966,0,0.0,0.03,0.48,0.4556,0.0,1.0,0.5062,1.39005478,2.69260269,3.82649571,4.72278999,-1.7368753121,-3.3747663502000007,-0.284772289504,-0.8082404344099998,15.112128914000014,-24.59226692399998,2.4787620381,-5.957832670800011
154,SER,1.029,0.4728860294117646,1.22887,0.9867899999999998,0.1602100000000004,1,0.1,-0.1,-0.18,0.4111,0.1877,0.8514,0.5309,1.11234623,2.15640605,3.0686920799999995,3.79493833,-1.6686606727000002,-3.2489900925,-0.26471184672,-0.7528866594000001,12.329443058999964,-26.069465565000005,1.993234627000006,-6.04814541580001
155,GLY,0.783,0.433075221238938,1.00619,0.7855300000000001,0.2394699999999998,1,0.125,0.03,0.48,0.4556,0.0,1.0,0.5062,1.2524758500000002,2.43441384,3.4799342600000003,4.33211825,-1.2179002403,-2.38094445,-0.179290773,-0.5118962370000001,12.227741388000023,-15.734173195000054,1.8421781832000053,-3.4055318084
156,ARG,1.837,0.547867581270504,3.62552,1.22558,0.2904200000000003,1,0.25,-1.3,-2.5,0.0,0.7346,0.9398,0.6914,0.83390897,1.61463,2.2929636,2.82735407,-0.7050357933000001,-1.362623558,-0.12521889308,-0.3537167161,7.1768592600000005,-12.97314828600001,1.221355641,-3.4660119196999952
157,SER,1.278,0.5873161764705882,1.45473,0.63458,0.2634200000000001,1,0.166666666666667,-0.1,-0.18,0.4111,0.1877,0.8514,0.5309,0.8340475800000001,1.6156885,2.29635084,2.83481673,-0.7545881149999999,-1.471148212,-0.1168560454999999,-0.332728966,6.167834978000007,-15.089848979,0.9676149402000008,-3.4858195859999963
158,TYR,1.478,0.4336854460093897,3.83069,1.4196,0.5104,1,0.2,-0.27,0.26,0.3556,0.8063,0.502,0.1605,0.8338988199999999,1.61454298,2.29264989,2.82655064,-0.7195296539999999,-1.404970146,-0.107932576,-0.3077011404999999,4.558070323000007,-12.065151028000017,0.7065901798000002,-2.7239501155000045
159,ASN,1.493,0.610633946830266,2.43266,0.8565200000000001,0.0954799999999996,1,0.333333333333333,-0.1,-0.78,0.1111,0.3976,0.6747,0.8272,0.6946815900000001,1.34364772,1.90469749,2.34235922,-0.5916869659999999,-1.1478197650000002,-0.0990141762,-0.280474949,3.300087010000001,-9.007005841999991,0.5120789707999999,-2.051324706000002
160,ASN,0.919,0.3758691206543967,2.31841,1.18833,0.3376699999999999,2,0.333333333333333,-0.1,-0.78,0.1111,0.3976,0.6747,0.8272,0.83364781,1.61255232,2.28601117,2.81107405,-0.4205746295,-0.819148604,-0.06667016188,-0.1897541249399999,2.198404138999998,-5.107665389000002,0.3603383019000002,-1.1667930289399997
161,ASP,1.409,0.5255501678478179,2.31177,0.91018,0.36182,1,0.25,-0.1,-0.9,0.1111,0.3239,0.8675,1.0,0.83373168,1.61323927,2.28837805,2.81682198,-0.510334209,-0.994121512,-0.0799045304999999,-0.2272629323,1.4541586569999991,-3.335488804,0.2214550405,-0.7461514583000001
162,ARG,2.435,0.7262153295556218,3.96526,0.71772,0.2002800000000001,0,0.0,-1.3,-2.5,0.0,0.7346,0.9398,0.6914,0.55493656,1.06862682,1.50319607,1.82721762,-0.5902973360000001,-1.140020681,-0.1067265709,-0.301494946,0.7834708720000001,-2.4070785650000004,0.1415366196,-0.636349841
163,ARG,1.614,0.4813599761407695,3.4613600000000004,1.27517,0.4638300000000002,1,0.2,-1.3,-2.5,0.0,0.7346,0.9398,0.6914,0.8335606400000001,1.6118929299999998,2.28392267,2.80654014,-0.3765307542260001,-0.7286479099100001,-0.0660648458997,-0.186929031866,0.785135524,-1.6634681360000003,0.12996413,-0.3960746369999999
164,ASP,1.226,0.4572920552032823,2.3979,0.96117,0.4938300000000001,2,0.333333333333333,-0.1,-0.9,0.1111,0.3239,0.8675,1.0,0.9728551,1.88337457,2.6737407,3.29480905,-0.2599471629,-0.505768919,-0.04170252883,-0.11851344827,0.5890067370000001,-0.705302513,0.0948637731,-0.17134687891
165,ASN,1.754,0.7173824130879346,2.57953,0.6674,0.0235999999999998,2,0.5,-0.1,-0.78,0.1111,0.3976,0.6747,0.8272,0.69436822,1.34119281,1.89661614,2.32383967,-0.379922122,-0.733666688,-0.0686253508,-0.1938066499999999,0.352431306,-0.8013097419999999,0.0646552695,-0.223267781
166,GLY,0.718,0.3971238938053097,0.8816700000000001,0.75894,0.3310600000000001,2,0.4,0.03,0.48,0.4556,0.0,1.0,0.5062,0.8339337800000001,1.61481848,2.29356172,2.8286542,-0.256113024,-0.499303514,-0.0396836237,-0.113000034,0.353723565,-0.938035,0.054382515,-0.215144902
167,GLY,0.644,0.3561946902654867,0.97535,0.8352799999999999,0.3287200000000002,2,0.285714285714286,0.03,0.48,0.4556,0.0,1.0,0.5062,0.69363893,1.3354906599999998,1.8778864200000005,2.2810471,-0.13578831048,-0.264045049274,-0.022345313984,-0.063565904957,0.430969503,-0.426531294322,0.0779203159,-0.102846095471
168,ASP,1.725,0.6434166355837374,2.51461,0.74546,0.2105399999999999,0,0.0,-0.1,-0.9,0.1111,0.3239,0.8675,1.0,0.6949495400000001,1.34574371,1.91158541,2.35810423,-0.0892599959,-0.17525152675,-0.01193472921,-0.03421285312,0.4330399689999999,-0.2489339972499999,0.0604703464999999,-0.04860398936
169,GLY,1.4,0.7743362831858407,1.68555,0.38852,0.0194800000000001,0,0.0,0.03,0.48,0.4556,0.0,1.0,0.5062,0.4168495,0.80649132,1.1437659,1.40743947,-0.288908813,-0.558564857,-0.0512066141,-0.144729413,0.5097627210000001,-1.0947879619999998,0.087470855,-0.289753263
