2,MET,2.342,0.7853789403085177,2.93111,0.72336,-0.0833599999999998,0,0.0,0.8,0.64,0.7111,0.6196,0.0,0.0988,0.4166172699999999,0.8046637399999998,1.13772015,1.39349427,-0.2106596755,-0.409758659,-0.0342779375,-0.097477215,0.7060908,-1.087281617,0.1206170699999999,-0.2619224189999999
3,GLU,1.721,0.6308651026392962,2.8900900000000003,0.79138,0.2156200000000001,0,0.0,-0.1,-0.74,0.1111,0.4884,0.8112,0.9136,0.55505871,1.06959814,1.50644433,1.83481667,-0.257606254,-0.49999173,-0.0429859796,-0.121888554,0.8238791440000002,-2.06384137,0.1383426649999999,-0.510951392
4,SER,0.68,0.3125,1.59667,0.83536,0.66064,1,0.25,-0.1,-0.18,0.4111,0.1877,0.8514,0.5309,0.69403476,1.33859939,1.88814553,2.30463407,-0.143164253,-0.2785281579999999,-0.0228707132999999,-0.064960785,0.6666993210000002,-1.2426296410000002,0.1136421939999999,-0.2960044459999999
5,ASN,1.475,0.6032719836400818,2.48192,0.9564,0.0135999999999998,1,0.25,-0.1,-0.78,0.1111,0.3976,0.6747,0.8272,0.83361194,1.6122847499999995,2.28517809,2.80931174,-0.2489935489999999,-0.4878798199999999,-0.0348530306,-0.099710468,0.5508654870000002,-1.6982728399999996,0.0792985804999999,-0.356269198
6,GLN,1.551,0.5394782608695652,3.0065,0.92168,0.40232,1,0.333333333333333,-0.1,-0.85,0.1111,0.5388,0.7952,0.6914,0.69414293,1.33944143,1.89089869,2.31088522,-0.348640178,-0.6733700079999999,-0.0632068629,-0.178646589,0.548191906,-1.61193736,0.1014157724999999,-0.4301914939999999
7,SER,1.301,0.5978860294117646,1.53025,0.69618,0.1788200000000002,0,0.0,-0.1,-0.18,0.4111,0.1877,0.8514,0.5309,0.6943953300000001,1.34140618,1.89732229,2.32546905,-0.6593558210000001,-1.2768062340000002,-0.114627946,-0.324540037,0.469519728,-1.4664516030000003,0.0893290739999999,-0.406609323
8,ASN,1.57,0.6421267893660533,2.43833,0.9084,-0.0334000000000002,0,0.0,-0.1,-0.78,0.1111,0.3976,0.6747,0.8272,0.83400841,1.61539576,2.2954372000000003,2.83287647,-0.8832165520000002,-1.7150715320000005,-0.1459596983,-0.4139698824999999,0.7058244900000002,-1.6243764780000003,0.1209054468,-0.4371234135000001
9,ASN,1.464,0.5987730061349693,2.42986,0.77143,0.2095699999999999,0,0.0,-0.1,-0.78,0.1111,0.3976,0.6747,0.8272,0.97403048,1.89257867,2.70402543,3.36416466,-0.7625999869999999,-1.480244037,-0.1262653536,-0.3578067828000001,0.3547015799999999,-0.525633569,0.0453527933999999,-0.0978168544
10,GLY,0.539,0.2981194690265487,0.94565,0.87802,0.3909800000000001,0,0.0,0.03,0.48,0.4556,0.0,1.0,0.5062,1.11236537,2.15653729,3.06905827,3.79557345,-0.4927687853,-0.956905073,-0.08244832789,-0.2341246836999999,0.6677109800000001,-0.8437540609999999,0.1066103982,-0.2136513801
11,GLY,0.379,0.2096238938053097,0.7163200000000001,0.98972,0.43928,1,0.0588235294117647,0.03,0.48,0.4556,0.0,1.0,0.5062,1.11122895,2.14770093,3.04020102,3.73015527,-0.540275299,-1.053357282,-0.0836830913999999,-0.2383100224,0.66595709,-1.156792729,0.1212883106999999,-0.2938950392999999
12,SER,1.052,0.4834558823529412,1.67143,0.81811,0.3058900000000001,1,0.0714285714285714,-0.1,-0.18,0.4111,0.1877,0.8514,0.5309,1.11134573,2.1486055200000003,3.04314384,3.73679229,-0.451267631,-0.8762023739999999,-0.0750965738999999,-0.213085844,0.7845666880000001,-1.9469843,0.1330354858,-0.4804916839999999
13,GLY,0.809,0.4474557522123894,0.99854,0.6507000000000001,0.3482999999999999,1,0.0769230769230769,0.03,0.48,0.4556,0.0,1.0,0.5062,0.97252052,1.88076073,2.66516171,3.2752276800000004,-0.537780476,-1.045363307,-0.0881299111,-0.250386774,1.059477315,-2.222826086,0.1782127404999999,-0.539047284
14,ASN,1.496,0.6118609406952965,2.30865,0.96201,-0.01301,0,0.0,-0.1,-0.78,0.1111,0.3976,0.6747,0.8272,0.97207385,1.87729371,2.65385983,3.24966907,-0.384693816,-0.745580612,-0.0659594986,-0.1868768784999999,1.0584377250000006,-1.533251481,0.1860349233,-0.3849769278
15,ALA,0.851,0.3901879871618523,1.18845,0.8878499999999999,0.4421500000000001,0,0.0,0.77,0.62,0.7,0.1645,0.249,0.3951,1.25131172,2.42530151,3.4499654900000003,4.26353105,-0.461083652,-0.9002053910000001,-0.0697940919,-0.1990615203,0.785562165,-1.6967866740000002,0.1252742484,-0.3737060236
16,ALA,0.658,0.3016964695093994,1.21795,1.04235,0.4806500000000002,1,0.0714285714285714,0.77,0.62,0.7,0.1645,0.249,0.3951,1.39013122,2.69311919,3.82791909,4.725214569999999,-0.549720959,-1.07356777,-0.0823862895,-0.2349611429999999,0.8649457930000001,-2.301062119999999,0.1307801618999999,-0.5050723630000001
17,LEU,1.707,0.6422121896162528,2.60215,0.8426899999999999,0.1083099999999999,0,0.0,1.4,1.1,0.9222,0.663,0.2811,0.0,0.97292522,1.88390804,2.6754415600000003,3.29853665,-0.563951261,-1.0847616700000002,-0.1078170701999999,-0.3036605047,1.7642774039999984,-2.390251942,0.3073014424,-0.6702195031999998
18,ASN,1.185,0.4846625766871166,2.33262,0.97698,0.2830199999999998,0,0.0,-0.1,-0.78,0.1111,0.3976,0.6747,0.8272,0.97323958,1.88638454,2.6836419799999995,3.31747567,-0.65419285485,-1.2657057183000002,-0.1156439607999999,-0.32731800073,1.3353627840000006,-1.7782594378000005,0.2130093965000001,-0.4442090029999998
19,ARG,1.25,0.3728004771846108,3.45661,1.68589,0.4171100000000001,1,0.25,-1.3,-2.5,0.0,0.7346,0.9398,0.6914,0.8334287800000001,1.6108607199999998,2.2805284500000003,2.79877382,-0.68897995,-1.344242766,-0.1051128302,-0.2994737328,1.2164290189999996,-2.307941934,0.2033112880000001,-0.5237359839999999
20,GLY,0.741,0.4098451327433628,0.88661,0.6994100000000001,0.3675900000000001,1,0.25,0.03,0.48,0.4556,0.0,1.0,0.5062,0.6945748299999999,1.34281594,1.90197565,2.33617105,-0.57050989,-1.1094502700000002,-0.0915959035,-0.259994621,0.7864059080000003,-2.6036043900000005,0.116885712,-0.5642002680000001
21,GLY,0.444,0.245575221238938,0.64238,0.86679,0.4972100000000001,2,0.4,0.03,0.48,0.4556,0.0,1.0,0.5062,0.6941138900000001,1.33921432,1.89015216,2.3091773900000003,-0.482665053,-0.938024635,-0.0792749699,-0.225153074,0.7846588879999998,-2.309862858,0.132548377,-0.5686435420000001
22,ARG,1.896,0.5654637637936176,3.58422,1.12847,0.3285300000000002,1,0.2,-1.3,-2.5,0.0,0.7346,0.9398,0.6914,0.83385061,1.61414785,2.2912872,2.82323752,-0.417466395,-0.809835742,-0.0699470618,-0.198148149,1.0190694220000005,-2.801664916,0.1787968648000001,-0.7382924620000003
23,TYR,1.582,0.4642018779342723,4.03671,1.3475,0.4784999999999997,1,0.333333333333333,-0.27,0.26,0.3556,0.8063,0.502,0.1605,0.83422921,1.61712479,2.30112709,2.84590982,-0.3818274365,-0.7440903464,-0.05918267761,-0.1683435546,1.7661464139999985,-1.4921748355999995,0.2894668667,-0.4085053318
24,VAL,1.559,0.6402464065708419,2.07953,0.7648999999999999,0.1111000000000002,1,0.333333333333333,1.6,1.1,0.9667,0.4924,0.3655,0.1235,0.5549023799999999,1.06836007,1.50232114,1.82522203,-0.627290908,-1.212069496,-0.1126874304999999,-0.318485729,1.05750636,-2.5367683859999994,0.1925668186,-0.690663918
25,PRO,1.02,0.4573991031390134,1.83454,1.04991,0.1600899999999998,1,0.25,-0.37,0.12,0.3222,0.3764,0.8594,0.3827,0.69443985,1.34175068,1.89844097,2.32798547,-0.50177179327,-0.97449940385,-0.08303428015,-0.2356022624599999,0.90199425,-1.6007838740500002,0.1550332904000001,-0.4183770350799998
26,PRO,0.981,0.4399103139013453,1.92676,0.96224,0.28676,0,0.0,-0.37,0.12,0.3222,0.3764,0.8594,0.3827,0.97374138,1.89031592,2.69658388,3.34713335,-0.7175127078999999,-1.4058503430000002,-0.10036047746,-0.2870811291,1.0629403719999997,-2.3412946180000005,0.1474011758,-0.4639636383999999
27,HIS,1.761,0.636889692585895,3.06875,1.03759,-0.0335899999999997,0,0.0,-0.91,-0.4,0.1444,0.561,0.1124,0.679,0.69449639,1.3421959099999998,1.89991473,2.33138792,-0.7339835161,-1.4181001435000002,-0.13109226334,-0.3702170806,0.9018505390000005,-2.122829919,0.1550349362,-0.5301260839999999
28,LEU,1.657,0.6234010534236268,2.50279,0.8864200000000001,0.1145799999999998,0,0.0,1.4,1.1,0.9222,0.663,0.2811,0.0,1.2520993,2.43146389,3.4702222400000005,4.309857989999999,-0.5639459585,-1.101262337,-0.085153987,-0.2429523575,1.022409766,-2.321734244000001,0.1534906654999999,-0.5180771523999999
29,ARG,1.561,0.4655532359081419,3.50743,1.45847,0.3335300000000003,1,0.1,-1.3,-2.5,0.0,0.7346,0.9398,0.6914,1.1120719600000002,2.15426531,3.06167261,3.77893782,-0.601496103,-1.172081498,-0.0938542448,-0.2670773435,1.0993937349999998,-2.60487542,0.1783136291999999,-0.6155008620000001
30,GLY,0.971,0.5370575221238938,1.06749,0.58604,0.25096,1,0.2,0.03,0.48,0.4556,0.0,1.0,0.5062,0.6942766100000001,1.34047365,1.89424396,2.31838919,-0.5040018647,-0.9735611853,-0.0908623371999999,-0.2567288518,1.4896948670000012,-2.2197772920000007,0.2601651344,-0.5715021248000002
31,GLY,0.902,0.4988938053097345,0.99132,0.68638,0.21962,1,0.125,0.03,0.48,0.4556,0.0,1.0,0.5062,0.97347109,1.88819545,2.6895924,3.33107756,-0.4262839585,-0.8308020312,-0.06632008048,-0.1887502866599999,1.1004897460000005,-1.8667021882,0.1687212873,-0.4199549510600001
32,ASP,0.742,0.2767624020887728,1.94059,1.31181,0.6271900000000001,1,0.0666666666666667,-0.1,-0.9,0.1111,0.3239,0.8675,1.0,1.1116721,2.15111588,3.0512463600000004,3.75486519,-0.329724009,-0.642236632,-0.0521628810999999,-0.1484586246,1.020693736,-1.5470204749999998,0.1678257884,-0.3514764228
33,GLY,0.602,0.3329646017699115,0.96716,0.7874000000000001,0.4185999999999998,0,0.0,0.03,0.48,0.4556,0.0,1.0,0.5062,1.39141285,2.70309974,3.86056372,4.79937676,-0.2035053882,-0.3968567947,-0.03140305687,-0.0894450673,0.9422915300000004,-1.128665486,0.152847708,-0.2642475669
34,GLY,0.907,0.5016592920353983,1.00489,0.7161299999999999,0.1848700000000001,0,0.0,0.03,0.48,0.4556,0.0,1.0,0.5062,1.11315825,2.16275979,3.0895810000000004,3.84272183,-0.45604879405,-0.8864070522,-0.073843722234,-0.20949771044,0.7862378620000001,-1.2960191626,0.1181288566999999,-0.3047100367200001
35,ALA,1.045,0.479138010087116,1.38,0.69635,0.4396500000000001,0,0.0,0.77,0.62,0.7,0.1645,0.249,0.3951,0.8335573600000001,1.6118532,2.28374434,2.80598635,-0.7591598920000001,-1.4709240800000003,-0.13137932836,-0.3723146497999999,0.901621199,-2.0090701560000004,0.1578642819,-0.5312772304
36,ALA,0.943,0.4323704722604309,1.31077,0.7413000000000001,0.4966999999999999,0,0.0,0.77,0.62,0.7,0.1645,0.249,0.3951,0.83368058,1.6128083299999998,2.28685226,2.81299602,-0.8795894017000001,-1.7101339593,-0.1434709458,-0.4076091357399999,1.019912935,-2.672790782,0.1735545713999999,-0.662110492
37,ALA,1.096,0.5025217790004586,1.35745,0.7341,0.3509,0,0.0,0.77,0.62,0.7,0.1645,0.249,0.3951,0.8341947599999999,1.61684587,2.30017568,2.84362703,-0.6869588845000001,-1.334970364,-0.1116474358,-0.3167168117,1.6498153560000013,-3.268121611999999,0.2594040354000003,-0.7813460605999994
38,ALA,1.011,0.4635488308115543,1.33565,0.8684,0.3016000000000002,1,0.333333333333333,0.77,0.62,0.7,0.1645,0.249,0.3951,0.69433518,1.34094632,1.89584848,2.32221525,-0.5722007659999999,-1.107882868,-0.0995556133,-0.28180379,1.764198450000001,-3.416879941999999,0.3058226849,-0.8910901354999998
39,ALA,1.231,0.5644199908298946,1.35279,0.68754,0.2624599999999999,1,0.333333333333333,0.77,0.62,0.7,0.1645,0.249,0.3951,0.69468864,1.3437008,1.90486452,2.34271795,-0.3824917520000001,-0.7417967520000001,-0.0647063408599999,-0.1833598142,1.7254974600000006,-3.3108314205000013,0.2948519552999999,-0.8388407872999996
40,SER,0.943,0.4333639705882352,1.3789699999999998,1.00644,0.2265600000000001,1,0.2,-0.1,-0.18,0.4111,0.1877,0.8514,0.5309,0.97352553,1.88863559,2.69109015,3.3346611600000005,-0.390607398,-0.765025212,-0.0550364910999999,-0.1573528689999999,1.1800425400000003,-2.7284185030000003,0.1729845878,-0.5924457720000003
41,ALA,0.939,0.4305364511691884,1.26957,0.86725,0.37475,0,0.0,0.77,0.62,0.7,0.1645,0.249,0.3951,0.83384451,1.61410177,2.29114241,2.8229266,-0.29363934355,-0.5719662642,-0.04576584731,-0.13008325432,1.2941897479999998,-2.2753457345,0.2204164487000001,-0.5240105592400002
42,GLY,0.929,0.5138274336283186,1.01506,0.7093400000000001,0.1696599999999999,0,0.0,0.03,0.48,0.4556,0.0,1.0,0.5062,0.83407913,1.6159467399999998,2.29724084,2.83697861,-0.499046159,-0.9697125569999998,-0.0816643958,-0.2317698249999999,2.164340467,-4.194476412999997,0.3066031991000003,-0.8585734850000004
43,GLY,0.985,0.5448008849557522,1.02281,0.70812,0.1148800000000001,0,0.0,0.03,0.48,0.4556,0.0,1.0,0.5062,0.97366527,1.88971355,2.6945791699999995,3.34247219,-0.5295353237999999,-1.0331769950000005,-0.08050405032,-0.2292958656999999,2.085645873000003,-5.348924847999999,0.2963891396000002,-1.0784387240000002
44,ASP,0.859,0.320402834763148,2.10506,1.1670600000000002,0.6549399999999999,0,0.0,-0.1,-0.9,0.1111,0.3239,0.8675,1.0,0.97337868,1.88746772,2.68718486,3.3255246299999994,-0.2564648329,-0.4949433151699999,-0.04643871159,-0.13099688861,1.4523815629999997,-1.17304623407,0.2375480732000001,-0.3147699216100001
45,ASP,1.292,0.4819097351734427,2.31107,0.89051,0.49849,0,0.0,-0.1,-0.9,0.1111,0.3239,0.8675,1.0,0.8335715,1.61197372,2.2841733600000005,2.80706777,-0.22334200398,-0.42902632637,-0.04329407869,-0.12176730085,1.1380331329999998,-0.6775499223200001,0.1895026262,-0.2020642239599999
46,ARG,1.872,0.5583059946316731,3.68012,1.3840400000000002,0.0969599999999999,1,0.142857142857143,-1.3,-2.5,0.0,0.7346,0.9398,0.6914,0.83360529,1.61223598,2.28502929,2.8090066900000004,-0.0834202471,-0.1626168751,-0.0131505338,-0.03749554094,1.138916374,-0.1884516967,0.1827579578,-0.0465541210599999
47,ARG,2.428,0.7241276468833879,3.83884,0.89807,0.0269300000000002,1,0.166666666666667,-1.3,-2.5,0.0,0.7346,0.9398,0.6914,0.8338200500000001,1.61393336,2.29066954,2.82209381,-0.3871174,-0.753428102,-0.0611470726,-0.1736590099999999,1.4138004340000003,-2.533633530000001,0.2236938947999999,-0.601015459
48,GLY,0.882,0.4878318584070796,1.02873,0.72739,0.19861,1,0.142857142857143,0.03,0.48,0.4556,0.0,1.0,0.5062,0.83368541,1.61285741,2.28705262,2.81357457,-0.4258033049999999,-0.830848641,-0.0650926595,-0.1855305225,2.713556677999998,-6.84081960400001,0.4034192262000005,-1.4405942104999998
49,GLY,0.753,0.4164823008849557,1.03508,0.73431,0.3206900000000001,0,0.0,0.03,0.48,0.4556,0.0,1.0,0.5062,0.8338965899999999,1.61450301,2.2924396700000003,2.82582678,-0.35069843576,-0.678988844,-0.0609918601499999,-0.17261430521,2.707284116000002,-6.711439211,0.4561749285999992,-1.6848247847300015
50,ALA,1.271,0.58276020174232,1.3017500000000002,0.7464500000000001,0.16355,0,0.0,0.77,0.62,0.7,0.1645,0.249,0.3951,0.83430648,1.61772536,2.30308712,2.850349,-0.1593216224,-0.3060420922,-0.03094855186,-0.08706200491,5.892359853999984,-5.910343877999997,0.9193058233999988,-1.5662991544199996
51,GLY,0.539,0.2981194690265487,1.00383,0.77145,0.4975500000000001,0,0.0,0.03,0.48,0.4556,0.0,1.0,0.5062,0.83375895,1.61342923,2.28891983,2.81780677,-0.2518675865,-0.4892515416299999,-0.0415084598889999,-0.1177814466899999,4.870505549999993,-4.469096412239999,0.7812595863999995,-1.0107017191199996
52,GLY,1.006,0.5564159292035398,0.93913,0.69288,0.10912,0,0.0,0.03,0.48,0.4556,0.0,1.0,0.5062,0.8341690900000001,1.61664256,2.29949893,2.84205289,-0.6046515824,-1.1710096184599998,-0.10450370399,-0.2957786662,4.581593729000007,-9.781319969659997,0.8397053311999989,-2.6534301896800003
53,GLY,0.886,0.4900442477876106,0.93195,0.7857000000000001,0.1362999999999999,0,0.0,0.03,0.48,0.4556,0.0,1.0,0.5062,0.83410385,1.6161431,2.29789657,2.83851039,-0.9866623983,-1.921520073,-0.15465009173,-0.4396074138999999,5.690636977000009,-11.186089943999974,0.9373710632999992,-2.8140650785000028
54,GLY,0.848,0.4690265486725663,1.00572,0.72889,0.23111,0,0.0,0.03,0.48,0.4556,0.0,1.0,0.5062,0.97374825,1.8903559,2.69666609,3.3471701300000003,-1.6318749411,-3.188366986200001,-0.2410458982,-0.6873280061,6.209736147999982,-11.893283153599992,0.9429202801000004,-2.697938976499999
55,TYR,1.196,0.3509389671361502,3.80399,1.55804,0.6539599999999999,0,0.0,-0.27,0.26,0.3556,0.8063,0.502,0.1605,1.11246399,2.15729492,3.07149963,3.80100698,-2.096600642,-4.082249200500001,-0.333732545532,-0.9494631047400002,7.149454986000024,-9.158092429279993,1.1327737125000017,-2.144821296240001
56,ARG,1.475,0.4399045630778407,3.3079300000000003,1.5682199999999995,0.3097800000000004,1,0.0625,-1.3,-2.5,0.0,0.7346,0.9398,0.6914,1.53029618,2.97142064,4.24018216,5.264898909999999,-2.40874058498,-4.68658524941,-0.386803968046,-1.0994018143050006,10.37492569799996,-12.928094495700014,1.6027935336000003,-3.038812290689996
57,ARG,2.005,0.5979719654041157,3.71686,1.14655,0.2014500000000003,1,0.0625,-1.3,-2.5,0.0,0.7346,0.9398,0.6914,1.53043595,2.97250631,4.24372709,5.27293496,-2.1418068409,-4.1611772916000005,-0.35217238256,-0.9996221093999998,10.174128420999956,-12.76166632849996,1.6024621142000044,-3.2277616975
58,GLY,0.608,0.3362831858407079,0.8466400000000001,0.94548,0.2545200000000003,1,0.0454545454545455,0.03,0.48,0.4556,0.0,1.0,0.5062,1.6689142200000002,3.237639309999999,4.612800620000001,5.71413654,-2.17814473507,-4.240418927699999,-0.34577403903,-0.9832016166,14.174290215999973,-24.04579614720001,2.293210615700009,-5.814489751869995
59,GLY,0.64,0.3539823008849557,0.84599,0.7539,0.4141000000000001,0,0.0,0.03,0.48,0.4556,0.0,1.0,0.5062,1.25172038,2.4285197499999995,3.46061689,4.2881141000000005,-1.8305715286000004,-3.5660497135,-0.28803362042,-0.8196647399999999,14.33612933500001,-21.78403987100004,2.282850581500008,-5.121180005699978
60,GLY,0.813,0.4496681415929203,0.93384,0.74114,0.2538600000000001,0,0.0,0.03,0.48,0.4556,0.0,1.0,0.5062,1.3915508500000002,2.70421459,3.86435281,4.80842474,-1.678700361600001,-3.273506942899999,-0.25744928397,-0.7328295190999999,14.51421582000002,-18.654911595800005,2.1234191205999964,-4.046369909299997
61,ASN,1.12,0.458077709611452,2.37967,0.9514500000000002,0.3735499999999995,0,0.0,-0.1,-0.78,0.1111,0.3976,0.6747,0.8272,1.80896004,3.5149815,5.02182144,6.24613612,-1.7532053136999992,-3.4175134949999992,-0.2718833437760001,-0.77396109929,16.34910369800004,-23.965926304799986,2.516413355100008,-5.424224806479996
62,SER,0.817,0.3754595588235294,1.50326,0.94194,0.4170600000000002,0,0.0,-0.1,-0.18,0.4111,0.1877,0.8514,0.5309,1.80726708,3.5018512200000003,4.979052570000001,6.149514189999999,-1.9257948271,-3.7453608744000007,-0.30969934226,-0.8794414461700002,17.638861079000083,-29.51628773670005,2.761481766000028,-7.018707167120023
63,GLY,0.533,0.2948008849557522,0.8552500000000001,0.85814,0.4168599999999999,0,0.0,0.03,0.48,0.4556,0.0,1.0,0.5062,1.6703677,3.2490036,4.65013611,5.799468689999999,-1.6978652579999998,-3.3047338619999995,-0.2701145301829999,-0.7678419502999998,17.169044129000103,-24.53508533770001,2.679110161500007,-5.725843559590007
64,GLY,0.73,0.4037610619469026,0.57702,0.67634,0.40166,0,0.0,0.03,0.48,0.4556,0.0,1.0,0.5062,1.5312244700000002,2.9786613200000005,4.26390899,5.31893569,-2.234631027256001,-4.34816119359,-0.3566130306359999,-1.013154236568,15.52412421199998,-26.453414319329976,2.375845396799996,-6.047388743446012
65,GLY,0.356,0.1969026548672566,0.82426,1.0090100000000002,0.4429899999999998,0,0.0,0.03,0.48,0.4556,0.0,1.0,0.5062,2.086967,4.0533920100000005,5.78649158,7.188444240000001,-2.23458922324,-4.345243912160001,-0.36336472233,-1.0324896662300005,16.113063213000025,-24.63701983960001,2.49398337469999,-5.675079695300016
66,GLY,0.0,0.0,0.50364,1.055,0.7530000000000001,0,0.0,0.03,0.48,0.4556,0.0,1.0,0.5062,2.64316677,5.1318004,7.321511410000001,9.08746286,-1.4874595032,-2.89218574,-0.2418294150759999,-0.6870278496800001,14.341538324999997,-19.96916637059997,2.236077614900005,-4.761265618120007
67,GLY,0.12,0.0663716814159292,0.7059399999999999,1.1002999999999998,0.5877000000000003,0,0.0,0.03,0.48,0.4556,0.0,1.0,0.5062,2.5030935500000004,4.854239550000001,6.911750060000001,8.553694899999998,-1.7592335684000002,-3.4179432340999982,-0.2895410673800001,-0.8219184428699999,14.73219985799994,-23.885544629799966,2.3146183118000043,-5.715425419599993
68,GLY,0.053,0.0293141592920353,0.64577,1.05975,0.6952500000000001,1,0.0277777777777778,0.03,0.48,0.4556,0.0,1.0,0.5062,2.64379029,5.136663100000001,7.337441640000001,9.123730210000002,-1.8176051192,-3.521136322100001,-0.3143914750199999,-0.8905870239299999,13.42180149700002,-15.0263569503,2.233763556800003,-4.032597010799998
69,GLY,0.293,0.1620575221238938,0.75048,0.98402,0.5309800000000002,0,0.0,0.03,0.48,0.4556,0.0,1.0,0.5062,2.2260772600000003,4.323413260000001,6.171441850000002,7.66537431,-2.8831234043,-5.595002072499998,-0.4853444483050002,-1.37683213967,11.195211351999996,-13.223068772300016,1.7808362899000003,-3.0858937256700005
70,TYR,0.306,0.0897887323943662,2.93881,2.02741,1.0745900000000002,0,0.0,-0.27,0.26,0.3556,0.8063,0.502,0.1605,2.50560492,4.87375962,6.97548179,8.698140700000002,-2.994892845920001,-5.824221625310003,-0.48636755299,-1.3822289992600003,9.39607488299998,-11.667369092720024,1.425532409000003,-2.5593005637949973
71,ASP,0.789,0.2942931741887356,1.99934,1.2075999999999998,0.6844000000000001,0,0.0,-0.1,-0.9,0.1111,0.3239,0.8675,1.0,1.9470261600000005,3.77691105,5.38043248,6.663610239999999,-2.604625899447999,-5.059802817336001,-0.4302263661503,-1.2212981223099997,9.696637309000003,-7.872371031737996,1.586671154999999,-1.9942529661639947
72,ARG,1.365,0.4070981210855949,3.48995,1.4129900000000002,0.57501,0,0.0,-1.3,-2.5,0.0,0.7346,0.9398,0.6914,1.39002075,2.6922896300000003,3.82530566,4.71957703,-2.3155961548,-4.498809122660001,-0.3811460220350001,-1.0819083827449998,11.420113931999955,-11.004161217100004,1.887690010000001,-3.1365613500280087
73,GLY,0.733,0.4054203539823008,0.82503,0.82548,0.2495200000000001,0,0.0,0.03,0.48,0.4556,0.0,1.0,0.5062,1.11247765,2.15743428,3.07207182,3.80266719,-1.9590950777100005,-3.8159185559000006,-0.308773273526,-0.878522827456,9.275658238000004,-10.48629374050998,1.4220584925000022,-2.5208384370679977
74,TYR,2.018,0.5921361502347418,4.06499,1.12024,0.2697600000000002,1,0.2,-0.27,0.26,0.3556,0.8063,0.502,0.1605,0.9734386700000002,1.88795103,2.6888225500000003,3.3294210900000003,-1.5335200343,-2.9896901842,-0.236266007254,-0.6723948606000001,10.365279197999945,-18.2321392706,1.6695078325999997,-4.456733912060001
75,ASN,1.032,0.4220858895705522,2.30422,1.0102,0.4027999999999998,1,0.2,-0.1,-0.78,0.1111,0.3976,0.6747,0.8272,0.97312661,1.8854926,2.68068175,3.31061854,-1.23937207212,-2.41916775914,-0.187974951065,-0.5358977384000001,8.877936526000035,-17.25949546980002,1.404909784000005,-3.82413423998
76,ASP,0.789,0.2942931741887356,2.05891,1.28011,0.6118899999999998,1,0.333333333333333,-0.1,-0.9,0.1111,0.3239,0.8675,1.0,0.69413625,1.3393928,1.89075099,2.31058425,-0.5260751725,-1.016394421,-0.0943044151,-0.26642577,6.147183625999992,-12.270697977000006,1.1346515469999972,-3.42583516
77,ASN,1.528,0.6249488752556238,2.39876,0.91113,0.0058699999999999,0,0.0,-0.1,-0.78,0.1111,0.3976,0.6747,0.8272,0.8341328000000001,1.61637068,2.29864789,2.8402379100000004,-0.5175320436999999,-1.0088220634,-0.08001071099,-0.2276977228999999,6.133909620000006,-8.87378786869999,0.9175777993999996,-2.0739370471999985
78,ARG,2.042,0.6090068595287801,3.63494,1.21645,0.0945500000000003,0,0.0,-1.3,-2.5,0.0,0.7346,0.9398,0.6914,0.8334914800000001,1.6113660900000002,2.28224064,2.80284627,-0.667723511,-1.3003682499999996,-0.1050138934,-0.2985973186,4.517875866999997,-11.643465880999996,0.7050589450000001,-2.6371655774
79,ASP,1.438,0.536367027228646,2.51086,0.7136399999999999,0.5293600000000002,0,0.0,-0.1,-0.9,0.1111,0.3239,0.8675,1.0,0.8341137300000001,1.61621694,2.29812657,2.83899638,-0.5789447687,-1.1263723026,-0.0924214133,-0.2625007635,2.7480612040000016,-7.232170730399992,0.4471801918999998,-1.7295654907999989
80,ASP,0.915,0.3412905632226781,2.26003,1.0790099999999998,0.6869900000000002,0,0.0,-0.1,-0.9,0.1111,0.3239,0.8675,1.0,0.8339777500000001,1.6151670499999995,2.29472507,2.8313704900000003,-0.6012025648999999,-1.1694094135999995,-0.09609964153,-0.27283866037,1.9631689559999996,-4.031234162200001,0.3145869948000001,-0.9534453317399996
81,ARG,1.349,0.4023262749776319,3.66501,1.41599,0.5880100000000004,1,0.2,-1.3,-2.5,0.0,0.7346,0.9398,0.6914,0.97342083,1.88779426,2.68824643,3.3279155,-0.6338760810000003,-1.2338414309999997,-0.1010264156,-0.2872429785,1.612085369000001,-3.175174037999999,0.2408487835000001,-0.6954710516999995
82,ASP,1.433,0.5345020514733309,2.51411,0.7964300000000001,0.4515699999999999,0,0.0,-0.1,-0.9,0.1111,0.3239,0.8675,1.0,0.97382016,1.8909268,2.69857386,3.35162974,-0.7687723366,-1.4944744179999998,-0.1244500136399999,-0.3532086306999999,1.2573028120000005,-2.911827759,0.1945492357999999,-0.6635274062000003
83,ASN,1.102,0.4507157464212679,2.35519,1.20081,0.1421899999999998,2,0.333333333333333,-0.1,-0.78,0.1111,0.3976,0.6747,0.8272,1.11342123,2.16481528,3.0963309,3.8581386100000006,-0.7432528895,-1.4492801249,-0.11404354883,-0.32458249235,1.0225179139999998,-2.499524582,0.1509490248,-0.5386195310999999
84,ARG,2.385,0.7113033104682372,3.84731,0.8052,0.1628000000000004,1,0.25,-1.3,-2.5,0.0,0.7346,0.9398,0.6914,0.83406235,1.61581078,2.29677623,2.83586111,-0.4605642448999999,-0.8883542158000002,-0.08447777487,-0.2383255181,1.0583512159999997,-1.7947570125999994,0.1849866720000001,-0.4841259509999999
85,GLY,0.5,0.2765486725663716,0.8721599999999999,0.88448,0.42352,1,0.111111111111111,0.03,0.48,0.4556,0.0,1.0,0.5062,0.9730656,1.88500268,2.67902551,3.30668888,-0.2955926203,-0.574047071,-0.049253645,-0.1398262909,1.0996046899999996,-1.5744444869999998,0.1769053031999999,-0.3919540813
86,GLY,0.818,0.452433628318584,0.96355,0.73027,0.2597300000000001,0,0.0,0.03,0.48,0.4556,0.0,1.0,0.5062,0.97368394,1.88986364,2.69508759,3.3436818100000005,-0.378220264,-0.7420576290000002,-0.05126014364,-0.14680841,1.102577732,-2.1392611089999995,0.1503883163,-0.431799308
87,SER,1.336,0.6139705882352942,1.51231,0.77345,0.0665500000000001,0,0.0,-0.1,-0.18,0.4111,0.1877,0.8514,0.5309,0.83395989,1.61501061,2.2941514,2.82987475,-0.4271798541,-0.8333749292,-0.0652573743299999,-0.1858968529,1.3359549519999996,-2.9580888895999995,0.2077916000000001,-0.6750488040800001
88,GLY,0.662,0.3661504424778761,0.9045,0.84658,0.2994199999999999,0,0.0,0.03,0.48,0.4556,0.0,1.0,0.5062,0.6940905,1.33901373,1.88943053,2.30733495,-0.3946598609,-0.7630184950000001,-0.0704615054,-0.1992901174,1.253181568,-2.2775470890000005,0.2299953865000001,-0.6218202107999999
89,GLY,0.508,0.2809734513274336,0.78217,0.93844,0.36156,0,0.0,0.03,0.48,0.4556,0.0,1.0,0.5062,0.97354358,1.88874685,2.69135012,3.33492972,-0.3211067799,-0.6230967077,-0.05367512494,-0.15212321597,1.611216448000001,-2.450508203499999,0.2493978535,-0.5608169798500001
90,TYR,1.018,0.2987089201877934,3.86598,1.5671099999999998,0.8228899999999999,3,0.333333333333333,-0.27,0.26,0.3556,0.8063,0.502,0.1605,1.39221932,2.7094253800000003,3.8814141100000015,4.84723733,-0.2234486286999999,-0.431080498,-0.0409488294499999,-0.1155692961999999,1.2944506769999995,-2.192455212,0.2196785425000001,-0.5838167301
91,GLY,0.366,0.202433628318584,0.70381,1.02334,0.41866,3,0.428571428571429,0.03,0.48,0.4556,0.0,1.0,0.5062,0.97349271,1.88834349,2.69000476,3.3317926899999994,-0.6026719844,-1.1611553532,-0.11252148886,-0.3172398641,1.5307626780000017,-3.398462260400001,0.2527789483000002,-0.8557801220000005
92,ARG,1.963,0.5854458693707127,3.6915,1.18405,0.20595,1,0.2,-1.3,-2.5,0.0,0.7346,0.9398,0.6914,0.83400394,1.61535138,2.29525739,2.83236091,-0.8626482444000001,-1.6749018869999996,-0.1435902557599999,-0.4073827775999999,1.920574641,-4.857321640999997,0.3378495832999998,-1.2785728475
93,ASP,1.52,0.5669526296158149,2.3757900000000003,0.97938,0.18162,0,0.0,-0.1,-0.9,0.1111,0.3239,0.8675,1.0,0.55497024,1.06889004,1.50406024,1.82919062,-0.6610686704999998,-1.279079339,-0.1163702193999999,-0.3292466261999999,3.059973964000005,-7.460721277999992,0.5200877449999995,-1.8685624606000004
94,ARG,2.03,0.6054279749478079,3.5567,1.24507,0.0779300000000002,0,0.0,-1.3,-2.5,0.0,0.7346,0.9398,0.6914,0.5548691800000001,1.06810031,1.5014678,1.82327175,-0.8541654880000001,-1.6524102340000002,-0.1510834404999999,-0.427503398,6.148154816000003,-13.669806846999968,1.130472026100002,-3.665795699
95,ASN,1.352,0.5529652351738242,2.28236,0.91104,0.1819599999999996,0,0.0,-0.1,-0.78,0.1111,0.3976,0.6747,0.8272,0.97374687,1.89034517,2.69663155,3.3470934000000003,-1.6498055770000006,-3.2149341953999997,-0.25648060527,-0.7296244123999998,14.696604322000017,-30.358586418499996,2.2662916683000045,-7.057619881300018
96,TYR,1.131,0.3318661971830986,3.31714,1.7866,0.4904000000000001,0,0.0,-0.27,0.26,0.3556,0.8063,0.502,0.1605,1.3905756299999998,2.6966133699999992,3.83945794,4.751761259999999,-1.7446132826900005,-3.391306498600001,-0.2844270089899999,-0.80771123064,18.777523602000034,-34.62228720460016,2.9610659365000225,-8.152808160460015
97,GLU,1.438,0.5271260997067448,2.86811,0.9457,0.3443000000000001,0,0.0,-0.1,-0.74,0.1111,0.4884,0.8112,0.9136,1.5287743800000002,2.95959148,4.20155616,5.1773358,-1.5647847129,-3.038613031140001,-0.258904313687,-0.7343779938749999,18.21649474000004,-29.718004462000057,2.966484804300031,-7.1882748376400105
98,ASP,0.689,0.2569936590824319,2.06036,1.21103,0.7809699999999999,0,0.0,-0.1,-0.9,0.1111,0.3239,0.8675,1.0,1.9455050000000005,3.7650749,5.34175302,6.57584588,-1.6087211947999998,-3.1320459430000005,-0.25624903304,-0.7289495837999999,15.34524595899997,-23.30144851409998,2.5518341600999834,-5.495713125800005
99,ARG,1.134,0.3382045929018789,3.06992,1.72286,0.4961400000000002,0,0.0,-1.3,-2.5,0.0,0.7346,0.9398,0.6914,2.22644594,4.326316169999999,6.18105101,7.68755775,-1.6907453537700006,-3.2904850846099998,-0.27008581155,-0.7677793498380002,13.128273905000016,-24.14104435490008,2.0085948128,-5.444821992719994
100,GLY,0.499,0.2759955752212389,0.92742,0.8394599999999999,0.4695400000000003,0,0.0,0.03,0.48,0.4556,0.0,1.0,0.5062,2.507013769999999,4.88475201,7.01151142,8.78022264,-2.1588277579100006,-4.19853477179,-0.3491248556040001,-0.9918299221860002,12.409215034999988,-20.777390771560007,2.005902603800003,-4.841713729360004
101,TYR,0.303,0.0889084507042253,2.9145800000000004,2.13849,0.96651,0,0.0,-0.27,0.26,0.3556,0.8063,0.502,0.1605,3.06360695,5.966176899999999,8.556234170000002,10.70078188,-2.007003674726,-3.915211089576001,-0.3081933898110001,-0.8782736890139998,11.311462031000008,-18.935461146864,1.8112809536000056,-4.487416305903993
102,ASN,0.66,0.2699386503067485,2.02728,1.3186600000000002,0.4663399999999995,0,0.0,-0.1,-0.78,0.1111,0.3976,0.6747,0.8272,2.64670145,5.159334980000001,7.41161123,9.29227617,-1.3914578986800004,-2.708568456470001,-0.2220353252160001,-0.6314298568700001,12.45412383399999,-10.142990071539977,1.9567282472,-2.485698897899992
103,GLY,0.682,0.377212389380531,0.93379,0.7576,0.3683999999999998,0,0.0,0.03,0.48,0.4556,0.0,1.0,0.5062,1.5318173900000005,2.98327906,4.27901494,5.353262409999999,-1.9034817462999996,-3.708484078209999,-0.2964118552559999,-0.8428857096879997,13.607421400000074,-8.094367584736016,2.0068689131000017,-1.9638530157210063
104,GLY,0.86,0.4756637168141592,0.91186,0.7294399999999999,0.2185600000000002,0,0.0,0.03,0.48,0.4556,0.0,1.0,0.5062,0.8336926899999999,1.61292341,2.2873018,2.81424401,-1.6382714925400004,-3.1908882048,-0.25849435884,-0.7354573757000002,10.516879598999973,-9.082795927,1.7459522906000005,-2.344603440899997
105,GLY,1.035,0.5724557522123893,1.06091,0.5785399999999999,0.1944600000000002,0,0.0,0.03,0.48,0.4556,0.0,1.0,0.5062,0.8340126400000001,1.6154279699999998,2.29553979,2.83310146,-1.5349639191399995,-2.9878661010600003,-0.2424846141609999,-0.6889238729399999,10.320206789999952,-8.323901797679998,1.706811261399998,-2.235235422179996
106,GLY,0.297,0.1642699115044247,0.82637,0.93299,0.5780100000000001,0,0.0,0.03,0.48,0.4556,0.0,1.0,0.5062,1.80974698,3.5210902,5.04173706,6.291181359999999,-2.2413391514,-4.3692741433,-0.3486538367799998,-0.9928653195,11.016102278000012,-11.436310311400025,1.598688575299999,-2.50734645178
107,GLY,0.394,0.2179203539823009,0.76684,0.82663,0.5873700000000002,0,0.0,0.03,0.48,0.4556,0.0,1.0,0.5062,1.94965575,3.79736961,5.44729373,6.815346799999999,-1.6710550496399996,-3.248131592400001,-0.2725140706499999,-0.7737312245500003,13.347632373999987,-10.078682093499994,2.169265277600001,-2.7328453069599976
108,GLY,0.087,0.0481194690265486,0.7491500000000001,1.09775,0.6232500000000001,0,0.0,0.03,0.48,0.4556,0.0,1.0,0.5062,2.78571243,5.42858164,7.7940207,9.76341272,-1.8587514442699995,-3.617320902,-0.298191196585,-0.8479250610000001,14.823418853000062,-14.710677549899984,2.232972883599996,-3.3649289197000147
109,GLY,0.198,0.1095132743362831,0.77238,1.05964,0.5503600000000002,0,0.0,0.03,0.48,0.4556,0.0,1.0,0.5062,2.36514614,4.59327448,6.556426720000001,8.14409216,-1.9538455058100004,-3.809119606679999,-0.301072082376,-0.85678538043,11.245455647999954,-15.694767903460026,1.6724489168,-3.5565130681900032
110,ASN,1.123,0.4593047034764826,2.19438,1.1755,0.1464999999999998,0,0.0,-0.1,-0.78,0.1111,0.3976,0.6747,0.8272,1.94769808,3.78211512,5.39736295,6.701802670000001,-1.4704451916900003,-2.86262157857,-0.2335617735096001,-0.6640790172409999,8.876605496000016,-14.01450469967,1.4134226570000017,-3.4351317134490005
111,ARG,1.545,0.4607813898001789,3.34541,1.61775,0.1902500000000002,0,0.0,-1.3,-2.5,0.0,0.7346,0.9398,0.6914,1.6699457000000002,3.24569667,4.63924426,5.77448974,-1.425541786009,-2.7704104051659995,-0.2338735936044,-0.6641584352210002,10.565499301000006,-12.351107948465996,1.6854196920000042,-3.042727364895991
112,GLY,1.069,0.5912610619469026,1.08766,0.55664,0.18236,0,0.0,0.03,0.48,0.4556,0.0,1.0,0.5062,0.97387922,1.89138096,2.70003759,3.35488655,-1.81456954972,-3.52491745767,-0.29795854359,-0.8452530741799998,10.012874346000016,-16.999021943800006,1.6075204504999954,-4.252519073460004
113,TYR,0.666,0.1954225352112676,3.38362,1.91565,0.8263500000000001,0,0.0,-0.27,0.26,0.3556,0.8063,0.502,0.1605,1.53110029,2.9776997,4.2607828,5.311894629999999,-2.130205059030001,-4.146765083400001,-0.3392718055499998,-0.96476325807,13.129472156000018,-20.24690527599995,1.989324783500008,-4.610287268419986
114,ASN,0.83,0.3394683026584867,1.96044,1.2812100000000002,0.3337899999999996,0,0.0,-0.1,-0.78,0.1111,0.3976,0.6747,0.8272,1.94985537,3.7989543500000007,5.452584030000001,6.827695179999999,-2.0247842668,-3.9444020294,-0.31681752683,-0.90106771971,16.157521740000025,-20.44932862309997,2.442111348800005,-4.7303178240999975
115,ASN,0.094,0.0384458077709611,1.6382599999999998,1.56901,0.78199,0,0.0,-0.1,-0.78,0.1111,0.3976,0.6747,0.8272,2.36528165,4.594252280000001,6.55936609,8.14998327,-1.87746043067,-3.6554325714,-0.2981840622960001,-0.8481459039100001,13.326381774999936,-20.388573549699995,2.025031526500005,-4.537850320659999
116,ASN,1.09,0.4458077709611452,2.22443,1.02448,0.3305199999999997,0,0.0,-0.1,-0.78,0.1111,0.3976,0.6747,0.8272,1.80927689,3.517475,5.0300699500000015,6.26516342,-1.8802215598,-3.664350688,-0.2922102668799999,-0.8315246411599998,17.456191102000084,-22.65097549600005,2.6148399282999897,-5.068359077219996
117,ARG,2.562,0.7640918580375782,4.1027,0.69486,0.0961400000000003,0,0.0,-1.3,-2.5,0.0,0.7346,0.9398,0.6914,1.6702384300000002,3.24796517,4.646629420000001,5.79116156,-1.5013661278,-2.92635439595,-0.231351735183,-0.6580253655099998,18.000945690999938,-19.90885691947997,2.7463515357999904,-4.595688819100004
118,GLY,0.106,0.0586283185840707,0.58076,0.98361,0.7183900000000001,0,0.0,0.03,0.48,0.4556,0.0,1.0,0.5062,2.0847999200000005,4.036522279999999,5.73132974,7.06317571,-1.9047369548000008,-3.7105131347,-0.300918922946,-0.8566230736299999,12.879177490000012,-20.956451777200048,2.099310670399998,-4.986952370210006
119,GLY,0.08,0.0442477876106194,0.70467,0.98667,0.7413299999999999,0,0.0,0.03,0.48,0.4556,0.0,1.0,0.5062,1.94534783,3.763957360000001,5.338454270000001,6.56943379,-1.7036276313299996,-3.31962769522,-0.2650965995999999,-0.7541183145759999,13.85426765300001,-23.286228682700017,2.2815455466000176,-5.585027001900004
120,GLY,0.614,0.3396017699115044,0.888,0.8082,0.3857999999999999,0,0.0,0.03,0.48,0.4556,0.0,1.0,0.5062,2.36845931,4.619062369999999,6.64074216,8.335550360000001,-2.1307168093299995,-4.164111303399999,-0.3137952998059998,-0.89518083374,15.410712461000054,-19.048393845500023,2.3204738166000114,-4.348083453289998
121,GLY,0.321,0.1775442477876106,0.84568,1.03163,0.45537,0,0.0,0.03,0.48,0.4556,0.0,1.0,0.5062,2.50488823,4.86823545,6.957612880000001,8.65816025,-1.5881565171599994,-3.0699747753000004,-0.2836497264499999,-0.8020713897339996,12.508789083000028,-15.015224461399976,2.149186336500009,-4.183563860290012
122,GLY,0.31,0.1714601769911504,0.72211,0.97954,0.51846,0,0.0,0.03,0.48,0.4556,0.0,1.0,0.5062,2.36719033,4.60916211,6.60829394,8.26163195,-2.8668412147,-5.587520836800001,-0.4453853603800001,-1.2675540928299995,9.823989806999988,-10.144971776100002,1.5239956273000042,-2.3987316324299988
123,GLY,0.44,0.243362831858407,0.91174,0.85912,0.5088800000000001,0,0.0,0.03,0.48,0.4556,0.0,1.0,0.5062,1.80904882,3.51567257,5.024085160000001,6.25129255,-2.54446700918,-4.94762615537,-0.41331725352,-1.1742673961740002,8.435788566000006,-11.377462094439997,1.409872731799998,-2.89934713307
124,TYR,1.404,0.4119718309859155,3.70781,1.6214499999999998,0.3825500000000001,1,0.142857142857143,-0.27,0.26,0.3556,0.8063,0.502,0.1605,1.25279018,2.43689033,3.4881354800000004,4.351061239999999,-2.76924610623,-5.397346227000002,-0.42743458448,-1.2157539083200004,9.663900016,-10.5750180793,1.5167644138999992,-2.710776824530001
125,ASN,0.723,0.2957055214723926,2.1656,1.28944,0.4325599999999998,1,0.0909090909090909,-0.1,-0.78,0.1111,0.3976,0.6747,0.8272,1.3909307400000002,2.699339,3.84824095,4.771314299999999,-3.3677301635,-6.5580829834,-0.5336857375499998,-1.5182888393799991,9.89162533500003,-12.38350338720001,1.6266910978000026,-3.0489237245700025
126,ARG,1.493,0.4452728899492991,3.2251100000000004,1.68525,0.1747500000000001,2,0.222222222222222,-1.3,-2.5,0.0,0.7346,0.9398,0.6914,1.95074928,3.80595198,5.475602380000001,6.880389939999999,-2.55400495139,-4.97227448369,-0.4047755035800002,-1.1507558412269996,8.218096953999973,-11.938160973900017,1.2268017515999992,-2.682084187599997
127,GLN,0.492,0.1711304347826087,2.4706200000000003,1.65217,0.7308300000000001,0,0.0,-0.1,-0.85,0.1111,0.5388,0.7952,0.6914,2.9246461600000004,5.697294779999999,8.17492726,10.231879869999998,-2.5592888926,-4.977416146999999,-0.4120075777899998,-1.1700721243700003,8.78757746299999,-13.705186285499993,1.484955062600002,-3.467763983839997
128,ASP,0.5,0.186497575531518,2.21895,1.27166,0.90934,0,0.0,-0.1,-0.9,0.1111,0.3239,0.8675,1.0,3.62124078,7.05576116,10.127842740000002,12.68303672,-1.4112221185400002,-2.7444093968000005,-0.2284187591819999,-0.6489316772,11.034946682000026,-18.70028448260005,1.7696903909999973,-4.504060146079997
129,ARG,0.965,0.2878019683865195,3.17118,1.7861,0.6019000000000003,0,0.0,-1.3,-2.5,0.0,0.7346,0.9398,0.6914,2.5042771,4.86338215,6.9414087900000006,8.6203338,-1.9103576617200009,-3.693646922630001,-0.341981920923,-0.96769592457,12.780819119000071,-16.574230780199994,2.2404769943000007,-4.303102121130002
130,GLY,0.0,0.0,0.6858,1.0416600000000005,0.7663399999999998,0,0.0,0.03,0.48,0.4556,0.0,1.0,0.5062,2.22553421,4.31934225,6.158665130000001,7.637992179999999,-2.417156261236,-4.690239905119999,-0.405410565892,-1.1493541754930003,10.563580150000009,-14.098081457019996,1.6985819316000004,-3.458280108099994
131,ASP,1.026,0.3826930249906751,2.35659,1.04998,0.6050199999999999,0,0.0,-0.1,-0.9,0.1111,0.3239,0.8675,1.0,2.36766291,4.612830270000001,6.62025342,8.28868456,-2.384330975100001,-4.649551735100001,-0.3687540241600001,-1.05049061209,10.966397412000012,-18.555481701300003,1.678485494800004,-4.131192107629998
132,GLY,0.581,0.3213495575221238,0.85801,0.8903500000000001,0.33665,0,0.0,0.03,0.48,0.4556,0.0,1.0,0.5062,1.81000219,3.5230762300000005,5.048227430000001,6.3059096100000005,-2.3138503685,-4.503443490799998,-0.3687181400000001,-1.0480370767700002,13.989620788000067,-18.954777226499967,2.169927996200008,-4.431609708550005
133,GLY,0.165,0.0912610619469026,0.7730400000000001,1.05772,0.58528,0,0.0,0.03,0.48,0.4556,0.0,1.0,0.5062,2.08680551,4.052151609999999,5.782495160000001,7.17955386,-1.825576872,-3.5552421657000006,-0.2909204615200001,-0.8282307945200001,15.400124912999935,-15.114014342099985,2.4433296717000075,-3.585563067900002
134,SER,1.032,0.4742647058823529,1.4697300000000002,0.7587200000000001,0.38528,0,0.0,-0.1,-0.18,0.4111,0.1877,0.8514,0.5309,1.39216169,2.70895971,3.87983134,4.84345674,-1.5805829498000006,-3.079493496199999,-0.24641173247,-0.7008305863699998,13.004162100000066,-12.401675194499994,2.031665475500004,-2.9931581393999944
135,SER,0.919,0.4223345588235294,1.3544200000000002,0.8160399999999999,0.4409600000000002,0,0.0,-0.1,-0.18,0.4111,0.1877,0.8514,0.5309,1.25264484,2.43576198,3.48445496,4.34273074,-2.0191349792999995,-3.9340707890999993,-0.31422502639,-0.8936775264000001,10.076165460000013,-19.336659262999984,1.411410266500004,-3.969599175300008
136,ASN,0.905,0.3701431492842536,2.28989,1.18964,0.3503599999999998,0,0.0,-0.1,-0.78,0.1111,0.3976,0.6747,0.8272,1.5310562,2.97731487,4.2593821300000005,5.30827592,-2.2590427997310005,-4.406924508500001,-0.3459425980649999,-0.9855744143609996,10.152474332999995,-17.298376773530006,1.4562989241999968,-3.649996656104998
137,PHE,1.597,0.513669990350595,3.66793,1.40032,0.11168,2,0.285714285714286,1.1,1.2,0.8111,0.783,0.0763,0.037,1.53242607,2.98805664,4.29477531,5.389479069999999,-1.2286461917099998,-2.40292747314,-0.176709313966,-0.5040642570830001,8.623509183000008,-11.486631484800016,1.1722605208000014,-2.3272705300699967
138,SER,0.897,0.4122242647058823,1.59732,0.96317,0.3158300000000003,1,0.111111111111111,-0.1,-0.18,0.4111,0.1877,0.8514,0.5309,0.8329276300000001,1.60694546,2.26767735,2.76944114,-0.67929921,-1.3138695430000005,-0.1204680121999999,-0.3408222356,4.653332373999995,-8.402727446000004,0.9062197789999982,-2.4385527563
139,ARG,2.775,0.8276170593498359,4.0438,0.6215299999999999,-0.0435299999999996,2,0.25,-1.3,-2.5,0.0,0.7346,0.9398,0.6914,0.8338402,1.61407079,2.29104933,2.82274109,-0.6398285217999999,-1.2513119383,-0.093561880066,-0.2672612775,4.680568076000009,-6.716144442400004,0.6926403421000006,-1.474628583630002
140,GLY,0.907,0.5016592920353983,0.99613,0.6997899999999999,0.2012100000000001,1,0.142857142857143,0.03,0.48,0.4556,0.0,1.0,0.5062,0.69397439,1.33812639,1.88658786,2.30106189,-0.6436723270000001,-1.249021735,-0.1077810786,-0.305537886,5.102707389999994,-12.177897456999982,0.8346188409999988,-2.909635321000004
141,GLY,0.535,0.2959070796460177,0.84491,0.85527,0.4177300000000001,2,0.181818181818182,0.03,0.48,0.4556,0.0,1.0,0.5062,0.97242409,1.87999201,2.6625845000000004,3.26917927,-0.525646675736,-1.02480086929,-0.08218541643,-0.2342066292569999,5.734657335999994,-10.892821108670011,0.922167642900002,-2.506614729910998
142,TYR,1.98,0.5809859154929577,3.94129,1.16627,0.26173,2,0.333333333333333,-0.27,0.26,0.3556,0.8063,0.502,0.1605,1.1127494,2.1595577,3.07904053,3.818569450000001,-0.5870892059999999,-1.148016997,-0.0852141024,-0.2431614636,6.68925462699998,-12.548743959000005,0.9560313467,-2.653667836799997
143,ASN,1.419,0.5803680981595093,2.26441,0.94323,0.0827699999999997,1,0.333333333333333,-0.1,-0.78,0.1111,0.3976,0.6747,0.8272,0.69445516,1.34187621,1.89887416,2.32903981,-0.605942905,-1.173037565,-0.1050477308,-0.2971328977,3.8446213449999984,-7.763218413999994,0.6475999465000005,-1.8680720252999987
144,ASN,1.566,0.6404907975460123,2.521,0.77647,0.1025299999999997,1,0.2,-0.1,-0.78,0.1111,0.3976,0.6747,0.8272,0.69401223,1.3384072,1.8874572400000005,2.30288563,-0.6243689859999999,-1.210114041,-0.1074055525,-0.3043990913,3.842034197000003,-7.784606151000012,0.6733690360000011,-2.045755907999999
145,ARG,1.292,0.3853265732180137,3.13687,1.7888299999999997,0.2721700000000002,0,0.0,-1.3,-2.5,0.0,0.7346,0.9398,0.6914,0.83405716,1.61577191,2.29665453,2.8356016100000003,-0.4419370670999999,-0.8598065775999999,-0.07049050301,-0.2001844364999999,5.540159943000007,-9.489696921400004,0.8580198342999997,-2.2825404212000038
146,ASP,1.327,0.494964565460649,2.45542,0.8240899999999999,0.5299100000000002,1,0.25,-0.1,-0.9,0.1111,0.3239,0.8675,1.0,0.83398598,1.6152180699999998,2.29484466,2.83149544,-0.7986332428999999,-1.556515967,-0.1236556282999999,-0.3517775085,5.968520514000017,-12.319460448,0.9597191570000017,-3.018872890799998
147,GLU,1.175,0.4307184750733138,2.76276,1.1543,0.3987000000000003,3,0.5,-0.1,-0.74,0.1111,0.4884,0.8112,0.9136,0.69370389,1.33599983,1.87956287,2.28488934,-0.9457041625000002,-1.83232957,-0.164546234,-0.4665503400999999,4.700045002000005,-6.427573415000005,0.8633639440000009,-1.6527831907
148,GLY,0.472,0.2610619469026548,0.79405,0.91276,0.42324,3,0.5,0.03,0.48,0.4556,0.0,1.0,0.5062,0.83388141,1.61441284,2.2922445,2.82569321,-0.9693802097999998,-1.8741152101,-0.17157072582,-0.4848279676599999,5.291943941999997,-9.528841696600004,0.918239023199999,-2.5829812940199983
149,SER,0.789,0.3625919117647059,1.59246,0.93656,0.4504399999999999,1,0.0909090909090909,-0.1,-0.18,0.4111,0.1877,0.8514,0.5309,1.81042843,3.52642413,5.059278320000001,6.33132436,-1.5288051862300012,-2.98362809317,-0.2331724994679,-0.6647581050570001,9.82975089299999,-12.069097818308991,1.481215561100001,-2.717263608223498
150,ASP,0.62,0.2312569936590824,2.10822,1.3387,0.7222999999999999,2,0.2,-0.1,-0.9,0.1111,0.3239,0.8675,1.0,1.6698675900000002,3.24504251,4.636946340000001,5.76878331,-1.5815436288600009,-3.0852467874000005,-0.24235119657,-0.69050931151,10.37600959600003,-5.93207327905,1.5887767556000043,-1.3427950425500002
151,ASN,1.273,0.5206543967280164,2.52851,0.89134,0.2806599999999999,0,0.0,-0.1,-0.78,0.1111,0.3976,0.6747,0.8272,1.8091890200000005,3.51682905,5.028081640000001,6.261018839999999,-1.4748075819600006,-2.8716930510000003,-0.2333959289759999,-0.6637400963,9.744563826,-9.681350003069989,1.5188050764000034,-2.216385980649998
152,ARG,1.551,0.462570832090665,3.51746,1.4068500000000002,0.3951500000000001,0,0.0,-1.3,-2.5,0.0,0.7346,0.9398,0.6914,1.39033177,2.69467509,3.8329877,4.7366663,-1.2241792828,-2.376132445300001,-0.204813138124,-0.5809559556199999,8.516666779999992,-9.65218639999999,1.4112477583000054,-2.470684074859998
153,GLY,0.597,0.3301991150442477,0.87591,0.7544299999999999,0.4565700000000001,0,0.0,0.03,0.48,0.4556,0.0,1.0,0.5062,1.39070284,2.69760188,3.8426877200000007,4.7590926,-1.28704091144,-2.5070508685399995,-0.2023460653,-0.57569676952,8.760344641,-12.6282339852,1.379695083600002,-2.9297841393400024
154,SER,0.962,0.442095588235294,1.34667,0.91372,0.3002800000000003,0,0.0,-0.1,-0.18,0.4111,0.1877,0.8514,0.5309,1.11254175,2.15793599,3.0737226,3.80644768,-1.21240107547,-2.3571547847,-0.196540913313,-0.5580523180000001,9.535573337000036,-15.025814640100002,1.5872522481000018,-3.5869541913700056
155,GLY,0.451,0.2494469026548672,0.86363,0.93019,0.4268100000000001,0,0.0,0.03,0.48,0.4556,0.0,1.0,0.5062,1.39165456,2.70501203,3.86692438,4.814152769999999,-1.30178121228,-2.5438402946999994,-0.193368703724,-0.55191418133,10.648822087000015,-10.723181083099982,1.6572563012999957,-2.4125969363100026
156,ARG,1.707,0.5090963316433045,3.73295,1.30478,0.3412200000000001,1,0.2,-1.3,-2.5,0.0,0.7346,0.9398,0.6914,0.83416767,1.61663196,2.2994656,2.84198102,-1.0645142854000005,-2.0609294860000005,-0.18353524558,-0.5189288515000001,8.762779635999996,-11.341803230999975,1.3519834137000064,-2.701539161199999
157,SER,0.795,0.3653492647058823,1.56627,1.11331,0.2676900000000002,3,0.428571428571429,-0.1,-0.18,0.4111,0.1877,0.8514,0.5309,1.11299066,2.16143704,3.0851923,3.83256071,-0.5866638650999999,-1.140886948,-0.094799663,-0.2692599507,3.252966277999998,-4.837558446999998,0.5765656238999993,-1.241501381599999
158,TYR,1.918,0.562793427230047,4.0231,1.04437,0.4456299999999999,2,0.4,-0.27,0.26,0.3556,0.8063,0.502,0.1605,0.8338266000000001,1.61398268,2.29082398,2.82242263,-0.422099248,-0.8220343409999997,-0.06614491286,-0.1880265831999999,3.3457538670000027,-2.068582553,0.4683749317999996,-0.4140349372
159,ASN,1.5,0.6134969325153374,2.45468,0.85396,0.0910399999999997,1,0.333333333333333,-0.1,-0.78,0.1111,0.3976,0.6747,0.8272,0.5548696799999999,1.06810384,1.5014785600000002,1.82329434,-0.498816984,-0.958205546,-0.0969351189,-0.2727159334,1.9175955609999975,-5.518344052999997,0.3615783205000001,-1.5380309504000005
160,ASN,0.738,0.301840490797546,2.18353,1.37406,0.3329399999999998,2,0.25,-0.1,-0.78,0.1111,0.3976,0.6747,0.8272,0.9724737800000002,1.88039764,2.66397883,3.2725568,-0.504744993,-0.985684428,-0.0758099962,-0.216221433,1.8826148810000012,-4.470195264999997,0.3270002793999999,-1.1187551745000006
161,ASP,1.036,0.3864229765013054,2.19016,0.91969,0.72531,0,0.0,-0.1,-0.9,0.1111,0.3239,0.8675,1.0,0.97346936,1.88819467,2.6896349,3.33131366,-0.532467781,-1.040887042,-0.0776874904,-0.221600519,1.8904843630000017,-4.374082879999996,0.2539713939999999,-0.8556345420000004
162,ARG,2.222,0.6626901282433642,3.75669,0.986,0.1450000000000002,0,0.0,-1.3,-2.5,0.0,0.7346,0.9398,0.6914,0.69434377,1.34100907,1.89604018,2.32260906,-0.4611175421999999,-0.8935880950000001,-0.0790884175999999,-0.224017473,1.6429031429999996,-1.5330081760000016,0.3161786537000003,-0.4317121500999997
163,ARG,1.994,0.5946913212048911,3.8639,1.19677,0.1622300000000001,1,0.125,-1.3,-2.5,0.0,0.7346,0.9398,0.6914,0.83325118,1.6094648699999998,2.27591716,2.78815744,-0.498914666,-0.963770348,-0.0897258933,-0.2534720558,1.4542954529999998,-2.0287993940000004,0.2245024047,-0.4297509321000002
164,ASP,1.313,0.4897426333457664,2.4134100000000003,0.8990199999999999,0.4689800000000002,0,0.0,-0.1,-0.9,0.1111,0.3239,0.8675,1.0,1.25297632,2.43834908,3.49293931,4.362075259999999,-0.218828942,-0.430052111,-0.02846108631,-0.0816423171,1.4581485800000011,-0.8377475920000003,0.1871872516,-0.1546632170999998
165,ASN,1.558,0.6372188139059305,2.53429,0.8331599999999999,0.0538399999999998,0,0.0,-0.1,-0.78,0.1111,0.3976,0.6747,0.8272,0.83405767,1.6157756399999998,2.2966666,2.83562896,-0.431608534,-0.8344413430000001,-0.0762564908999999,-0.215440652,0.7056279020000001,-1.080630047,0.1224921123,-0.2865007069999999
166,GLY,1.04,0.5752212389380531,0.94476,0.66395,0.1040499999999999,0,0.0,0.03,0.48,0.4556,0.0,1.0,0.5062,0.6945670899999999,1.34274686,1.90171856,2.33549109,-0.4061948089999999,-0.78672224,-0.0705186365,-0.199710585,0.508929304,-1.2763334799999997,0.0945162559,-0.351449625
167,GLY,0.746,0.4126106194690265,0.95683,0.80369,0.25831,0,0.0,0.03,0.48,0.4556,0.0,1.0,0.5062,0.69418544,1.3397578799999998,1.89188193,2.3129584700000003,-0.319648398,-0.624321525,-0.048255155,-0.137736235,0.510796354,-0.7961040200000001,0.0806341247,-0.1831105529999999
168,ASP,1.681,0.6270048489369638,2.53732,0.75836,0.2416399999999999,0,0.0,-0.1,-0.9,0.1111,0.3239,0.8675,1.0,0.69490369,1.34538849,1.91043136,2.35550811,-0.267778783,-0.526391661,-0.034595847,-0.0992673416,0.5121426039999999,-0.4233515280000001,0.0676923065999999,-0.0834741782
169,GLY,1.566,0.8661504424778761,1.72763,0.35539,-0.11339,0,0.0,0.03,0.48,0.4556,0.0,1.0,0.5062,0.41713225,0.80869494,1.15097928,1.42384392,-0.1079719973,-0.208279571,-0.0197235773,-0.0556314535,0.470683348,-0.419053248,0.0796038068,-0.1155652568
