2,MET,1.224,0.4104627766599597,2.59898,1.35085,0.4071500000000001,1,0.0909090909090909,0.8,0.64,0.7111,0.6196,0.0,0.0988,1.95140361,3.810936430000001,5.49152767,6.91541809,-2.6577378947600003,-5.195483839549999,-0.39200483575,-1.119262998529999,23.292327468,-31.18442338789993,3.3747307336000305,-6.778183078719993
3,GLU,1.688,0.6187683284457477,2.79182,0.84238,0.1976200000000002,0,0.0,-0.1,-0.74,0.1111,0.4884,0.8112,0.9136,1.39235796,2.7105202799999994,3.88504927,4.855661469999999,-2.0422877929000003,-3.9765239422,-0.321437925414,-0.91358879512,20.481109042000043,-24.725165289800035,3.0878684534000205,-5.629633154820019
4,SER,1.268,0.582720588235294,1.67462,0.7208600000000001,0.18714,0,0.0,-0.1,-0.18,0.4111,0.1877,0.8514,0.5309,1.8104536,3.52660841,5.059839149999999,6.33247015,-2.670610558419,-5.208391273178,-0.4090507609347001,-1.1645312216463004,18.938985350999943,-15.748796365189987,2.943076018999998,-3.8997419997889975
5,ASN,0.219,0.0895705521472392,1.9525,1.53791,0.6880899999999999,0,0.0,-0.1,-0.78,0.1111,0.3976,0.6747,0.8272,2.7856451900000008,5.428069430000001,7.7923878,9.759832839999998,-2.72473963472,-5.312329735319996,-0.4226452475669998,-1.2036829049850002,15.674492439999952,-8.751457085200006,2.479251511300009,-2.1705793334500005
6,GLN,0.174,0.0605217391304347,2.23987,1.75648,0.94452,0,0.0,-0.1,-0.85,0.1111,0.5388,0.7952,0.6914,3.3424112900000003,6.510817179999998,9.341352210000004,11.689764280000002,-2.882457951699999,-5.609625585100001,-0.4623504921599999,-1.3147529899000006,13.646483105999996,-15.243172406000037,2.0203363759999977,-3.367899065350001
7,SER,0.426,0.1957720588235293,1.2339,1.11075,0.6392500000000003,0,0.0,-0.1,-0.18,0.4111,0.1877,0.8514,0.5309,3.20226109,6.232781340000001,8.93047671,11.15482217,-2.8180603058,-5.491720894090001,-0.4384754768589998,-1.2476597986199998,13.359416403999964,-13.293449476150004,2.0738298159999977,-3.1496059598499886
8,ASN,0.624,0.2552147239263804,1.99464,1.21177,0.6092299999999997,0,0.0,-0.1,-0.78,0.1111,0.3976,0.6747,0.8272,2.3647637100000005,4.5902686500000005,6.546501860000001,8.121262040000001,-2.54203643254,-4.927521758699999,-0.4346060754960001,-1.23145492103,13.763182810999982,-16.770635405799982,2.384269811900001,-4.589688246929983
9,ASN,0.81,0.3312883435582822,1.86554,1.34075,0.2942499999999997,0,0.0,-0.1,-0.78,0.1111,0.3976,0.6747,0.8272,2.78398454,5.415175959999999,7.750343859999999,9.66470438,-2.0725775973400005,-4.02965320535,-0.3375441716439999,-0.9589320325450004,16.653193740000052,-25.22729564679999,2.6564113308000104,-6.096170272840002
10,GLY,0.182,0.1006637168141592,0.62836,0.97354,0.65246,0,0.0,0.03,0.48,0.4556,0.0,1.0,0.5062,2.78323745,5.409383690000002,7.731480040000001,9.62209499,-2.021025351695,-3.930920146779,-0.3267069244117999,-0.9283760552054,19.965539154000137,-28.329489476260036,3.0624622722000305,-6.329536645125001
11,GLY,0.247,0.1366150442477876,0.8312,0.96544,0.59556,0,0.0,0.03,0.48,0.4556,0.0,1.0,0.5062,2.7835952600000007,5.412130879999998,7.74033416,9.64181096,-2.1427068224,-4.177814302199999,-0.32932289395,-0.9372922275900002,15.365952829000062,-24.982691789300024,2.3594809880999983,-5.699210703799977
12,SER,0.877,0.4030330882352941,1.4409,0.96941,0.3295900000000001,0,0.0,-0.1,-0.18,0.4111,0.1877,0.8514,0.5309,1.53013975,2.97017602,4.23602181,5.25517306,-2.0430409713,-3.966300453200001,-0.3410949568500001,-0.96777154494,14.957995255000055,-21.223613880299983,2.4433255265999865,-5.186877295980023
13,GLY,1.044,0.577433628318584,1.019,0.60565,0.15835,0,0.0,0.03,0.48,0.4556,0.0,1.0,0.5062,0.8341493200000001,1.6164942999999998,2.29903443,2.84106133,-1.7898184019000003,-3.4723609733,-0.30002716114,-0.8501840465399999,10.480378499999954,-19.29564144979997,1.7045562454000045,-4.746460323039989
14,ASN,0.622,0.2543967280163599,2.0948,1.4315299999999995,0.3914700000000002,2,0.166666666666667,-0.1,-0.78,0.1111,0.3976,0.6747,0.8272,1.53048443,2.97287722,4.24491768,5.27557046,-1.7230656985699997,-3.3542120702,-0.2745281856959999,-0.7807357611099999,11.03986376199993,-14.90446663139998,1.7342849745000015,-3.448333886600002
15,ALA,0.837,0.3837689133425034,1.17882,0.93025,0.41375,3,0.375,0.77,0.62,0.7,0.1645,0.249,0.3951,1.5311732800000002,2.9782536199999994,4.26254468,5.31574196,-1.2206202571100002,-2.3798308492700007,-0.18748915865,-0.53348433685,11.363481244000049,-9.418907123299956,1.6960642450999948,-2.1652762967200028
16,ALA,0.49,0.2246675836772123,1.14328,1.17107,0.51993,4,0.5,0.77,0.62,0.7,0.1645,0.249,0.3951,1.3910879300000003,2.70058462,3.85239121,4.78097697,-0.8620192065999999,-1.671522847,-0.14638391951,-0.4148215004,7.022519721999978,-11.246748682999984,1.1857697838999963,-2.9567400901999927
17,LEU,2.115,0.7957110609480814,2.65541,0.6800400000000001,-0.1370400000000003,1,0.333333333333333,1.4,1.1,0.9222,0.663,0.2811,0.0,0.97386678,1.89129792,2.69981595,3.35453871,-1.0492787695,-2.043373341000001,-0.1642486357099999,-0.46678164553,6.017549484999996,-13.54241675699998,0.8820033223999976,-2.912373441199997
18,ASN,1.205,0.4928425357873211,2.24771,0.98822,0.2517799999999998,3,0.5,-0.1,-0.78,0.1111,0.3976,0.6747,0.8272,0.8335570400000001,1.61187807,2.28392125,2.80668319,-0.5539397482,-1.0751324636,-0.09210672704,-0.2610743996,4.940778478999993,-9.418923757499996,0.8473359119999981,-2.2462884464
19,ARG,2.431,0.7250223680286311,4.04883,0.95976,-0.0377599999999997,3,0.375,-1.3,-2.5,0.0,0.7346,0.9398,0.6914,1.11249931,2.15758184,3.07248043,3.80336712,-0.22947462305,-0.44769735081,-0.035401341838,-0.100949649376,5.776416320000002,-5.278376589460005,0.8988297812000007,-1.172707455705001
20,GLY,0.505,0.2793141592920354,0.8183,0.8579100000000001,0.4450899999999999,1,0.142857142857143,0.03,0.48,0.4556,0.0,1.0,0.5062,0.97350182,1.88844588,2.69045256,3.33316011,-0.34663004,-0.6787652200000001,-0.0488811653,-0.1396875917999999,5.350393964000008,-7.42617513699999,0.7704205324000006,-1.5278948484999957
21,GLY,0.793,0.4386061946902655,0.92081,0.7888499999999999,0.2261500000000001,0,0.0,0.03,0.48,0.4556,0.0,1.0,0.5062,0.69433268,1.3409151,1.89570527,2.32176233,-0.434860711,-0.8425647200000002,-0.0748252073,-0.2119176746,4.195871961999997,-6.7734142409999984,0.7242193539000017,-1.742966765600003
22,ARG,2.342,0.6984789740530868,4.02799,0.76086,0.2501400000000001,0,0.0,-1.3,-2.5,0.0,0.7346,0.9398,0.6914,0.6940952899999999,1.33904886,1.88953863,2.3075609900000003,-0.466214985,-0.90173671,-0.0825999274,-0.2336586385,4.075636300000003,-7.725446634999991,0.7264962383999991,-2.063078001899999
23,TYR,2.164,0.6349765258215962,3.98174,1.0701,0.1738999999999997,1,0.2,-0.27,0.26,0.3556,0.8063,0.502,0.1605,1.11313991,2.1626,3.08899721,3.84120638,-0.7144144524,-1.3934721879,-0.1092916596849999,-0.31121260538,5.462794870999994,-9.077757906400004,0.8388053395000005,-2.1366069497999995
24,VAL,1.171,0.4809034907597536,1.80204,1.04894,0.21506,2,0.333333333333333,1.6,1.1,0.9667,0.4924,0.3655,0.1235,1.11309357,2.16224117,3.0878316,3.83858436,-0.7142566168000001,-1.3843088225000002,-0.1216737397,-0.34449112403,7.503133305999997,-3.322935111,1.178234785000003,-0.9265859391999988
25,PRO,0.638,0.2860986547085202,1.75544,1.3801,0.2119000000000002,5,0.357142857142857,-0.37,0.12,0.3222,0.3764,0.8594,0.3827,1.3907662800000002,2.69807909,3.8441932800000007,4.76234477,-0.9646334249999998,-1.8743797298,-0.1584328149099999,-0.44978511458,10.61224292699997,-4.637435837600004,1.6176383162999974,-0.9747052882999993
26,PRO,1.322,0.5928251121076233,1.97611,0.8867499999999999,0.0212499999999999,1,0.125,-0.37,0.12,0.3222,0.3764,0.8594,0.3827,1.81106782,3.53142946,5.07574287,6.369014249999999,-1.960269479,-3.837031306500001,-0.2786652586,-0.7959509677799997,12.904602765999924,-19.42461024000005,1.856492066799996,-4.044018325199988
27,HIS,0.44,0.159132007233273,2.38168,1.82392,0.5010800000000004,0,0.0,-0.91,-0.4,0.1444,0.561,0.1124,0.679,1.94838132,3.78747053,5.41500422,6.742263660000001,-1.9920894441000003,-3.8835710797,-0.30943643698,-0.8812023017,13.753244866000008,-22.537217089099997,2.144784167500014,-5.23091715949999
28,LEU,1.884,0.708803611738149,2.60054,0.71144,0.06256,0,0.0,1.4,1.1,0.9222,0.663,0.2811,0.0,0.97316446,1.88578865,2.6816542200000004,3.31283991,-1.5657603466999994,-3.038829848299999,-0.262028639472,-0.74304970516,15.346621333999996,-23.29295817119993,2.5297088625000046,-5.7577716829300085
29,ARG,2.423,0.7226364449746495,3.86628,0.85585,0.0741500000000001,0,0.0,-1.3,-2.5,0.0,0.7346,0.9398,0.6914,1.25183272,2.42940981,3.46358093,4.29500921,-1.8264011947799996,-3.5566759574800004,-0.288679802652,-0.8211114141700004,14.646015694000036,-20.03429266531997,2.365412913199997,-4.851436333880013
30,GLY,0.344,0.1902654867256637,0.64601,0.87203,0.59197,0,0.0,0.03,0.48,0.4556,0.0,1.0,0.5062,1.80832158,3.5099976,5.005476220000001,6.20886626,-1.8675446937,-3.6303282703999993,-0.3050309616899999,-0.8664074351600004,13.70835365700005,-17.981343655400018,2.1845230621999927,-4.3053381602199945
31,GLY,0.033,0.0182522123893805,0.59336,1.06961,0.7053900000000002,0,0.0,0.03,0.48,0.4556,0.0,1.0,0.5062,2.3628835500000003,4.57565834,6.498814220000001,8.013224179999998,-2.0234735496000007,-3.9258181413999984,-0.3410133897,-0.9669847175400004,14.473149061999946,-26.55373796589995,2.479202131900007,-6.648630724769994
32,ASP,0.809,0.3017530772099963,1.88764,1.15638,0.7156199999999999,0,0.0,-0.1,-0.9,0.1111,0.3239,0.8675,1.0,2.0870269500000003,4.05387557,5.788132269999999,7.19235332,-2.3753605986600004,-4.623467607749999,-0.3796157952800001,-1.07959938212,16.14485015500012,-31.739083414100065,2.561766850900008,-7.372038498889984
33,GLY,0.785,0.4341814159292035,0.8774200000000001,0.6311599999999999,0.3918400000000002,0,0.0,0.03,0.48,0.4556,0.0,1.0,0.5062,1.66927347,3.24041202,4.62178666,5.73430088,-2.2448152638699987,-4.349965002299999,-0.38593085085,-1.09327104981,16.87921117999999,-24.9687176538,2.768430020800013,-6.064813247399985
34,GLY,0.178,0.0984513274336283,0.60324,0.99026,0.6397400000000002,0,0.0,0.03,0.48,0.4556,0.0,1.0,0.5062,2.5035036,4.857506340000001,6.922687160000001,8.57931131,-2.84311731348,-5.523429814239998,-0.4683995609549999,-1.3295695487400003,21.52952017300014,-33.59996540462002,3.364787633699996,-7.92085856052001
35,ALA,0.571,0.2618065107748739,1.22565,1.0433299999999996,0.5666700000000005,0,0.0,0.77,0.62,0.7,0.1645,0.249,0.3951,2.22416065,4.30859976,6.123372110000001,7.55734067,-3.1156747020399997,-6.049689163999999,-0.5182051715749999,-1.4704207145800003,15.53824268700004,-27.333412071599955,2.6043469943999886,-7.046763324500014
36,ALA,0.925,0.4241173773498395,1.16498,0.87444,0.38156,0,0.0,0.77,0.62,0.7,0.1645,0.249,0.3951,1.67008428,3.24674683,4.6425788400000005,5.781756299999999,-2.8308125577000007,-5.504346585900002,-0.4585575689300001,-1.30233163006,16.088939136000114,-21.860099524599956,2.681321649999996,-5.526230672540001
37,ALA,0.447,0.2049518569463548,1.12925,1.14965,0.5843499999999999,0,0.0,0.77,0.62,0.7,0.1645,0.249,0.3951,1.94814931,3.78565638,5.409044870000001,6.72864772,-3.1763346375,-6.178608429300002,-0.5129380026800001,-1.4578282376999998,12.56559239700002,-15.589925824400014,2.024844303800003,-3.739137509000001
38,ALA,0.549,0.2517193947730399,1.15102,1.07507,0.5569300000000001,0,0.0,0.77,0.62,0.7,0.1645,0.249,0.3951,1.8098236400000005,3.52169569,5.0437489200000005,6.29585115,-3.60391381157,-7.041745952670002,-0.5351502402570001,-1.526916969294,9.907264461999976,-14.928077510839993,1.495767647,-3.3605955987319973
39,ALA,0.907,0.415864282439248,1.11499,0.81596,0.45804,0,0.0,0.77,0.62,0.7,0.1645,0.249,0.3951,1.2513855500000002,2.42593878,3.45226462,4.26941276,-2.6993912686880006,-5.254817945579003,-0.4285060761129001,-1.218199113048,10.130033488000022,-13.062411474360973,1.634794055299999,-3.2179882502697947
40,SER,1.535,0.705422794117647,1.49185,0.679,-0.0379999999999998,0,0.0,-0.1,-0.18,0.4111,0.1877,0.8514,0.5309,1.25267322,2.43595791,3.48500914,4.34372233,-2.1974595482600003,-4.281703002600001,-0.344379931642,-0.9801533867659998,11.506632181999986,-19.236204442,1.8411156257000103,-4.654156730299997
41,ALA,0.219,0.1004126547455295,1.12216,1.18811,0.77389,0,0.0,0.77,0.62,0.7,0.1645,0.249,0.3951,1.80791424,3.50686612,4.9953724600000005,6.18633931,-2.26159651244,-4.382956730600002,-0.38796759926,-1.0991038410800005,12.047693610999984,-14.962002382600028,2.0104144744000068,-3.7932566090099953
42,GLY,0.38,0.2101769911504424,0.90371,1.06005,0.36795,0,0.0,0.03,0.48,0.4556,0.0,1.0,0.5062,2.6447322600000005,5.143944149999999,7.361067269999999,9.17681953,-2.11484598386,-4.102548914699999,-0.3579018179909999,-1.0149360704150003,12.091731968000015,-16.59174099657002,1.9788186647000037,-4.262098133374994
43,GLY,0.357,0.1974557522123893,0.86874,0.9245,0.5265000000000001,3,0.111111111111111,0.03,0.48,0.4556,0.0,1.0,0.5062,2.5055117400000007,4.87305405,6.97323966,8.69324364,-1.8176021812,-3.5441524787000005,-0.280804708964,-0.7996646758200001,10.61428477099996,-18.37236546249999,1.6110002671000037,-4.155711034900003
44,ASP,0.154,0.0574412532637075,1.7892,1.48148,1.04552,5,0.15625,-0.1,-0.9,0.1111,0.3239,0.8675,1.0,2.08537811,4.041062139999999,5.746310970000001,7.097616489999999,-1.6623475440500002,-3.248990318119999,-0.2448432538239999,-0.69861424593,10.767721110999975,-17.50751742068999,1.658978484200005,-3.8362024633399967
45,ASP,1.286,0.4796717642670645,2.39809,0.90085,0.49415,2,0.133333333333333,-0.1,-0.9,0.1111,0.3239,0.8675,1.0,1.24988637,2.41429959,3.4143078900000003,4.1835192800000005,-0.9043197733999998,-1.7531776595,-0.15286881124,-0.4328017517599998,9.305032535000011,-8.31713211349999,1.502627308800004,-1.9873000349000032
46,ARG,2.187,0.6522517148821949,3.87425,0.88049,0.2855100000000004,0,0.0,-1.3,-2.5,0.0,0.7346,0.9398,0.6914,1.2520845400000002,2.43139325,3.47014752,4.31017125,-0.8143163418599999,-1.5879756153999998,-0.1248360803839999,-0.35537342929,9.358283850999952,-9.04812025889999,1.392205094,-2.1145528532600038
47,ARG,1.879,0.5603936773039069,3.68961,1.23291,0.2410900000000002,1,0.0714285714285714,-1.3,-2.5,0.0,0.7346,0.9398,0.6914,1.25111178,2.4237717,3.44505504,4.25266101,-1.0124940804,-1.9755164758000003,-0.15487156382,-0.44139853995,9.355406371999996,-15.915162004299976,1.4319088260000037,-3.592497079269995
48,GLY,0.861,0.476216814159292,1.02353,0.64498,0.30202,1,0.0909090909090909,0.03,0.48,0.4556,0.0,1.0,0.5062,1.11166464,2.15107368,3.05116429,3.75485173,-1.1610927844,-2.2633924320000003,-0.18066888346,-0.5144883871000001,9.307267161000008,-19.543061559000037,1.495959201800002,-4.510951240700003
49,GLY,0.351,0.1941371681415929,0.7432099999999999,0.92294,0.5340600000000001,4,0.210526315789474,0.03,0.48,0.4556,0.0,1.0,0.5062,1.24933083,2.40997338,3.4001546200000003,4.1513539900000005,-1.1920861345,-2.3112020930000003,-0.20296331966,-0.5751550292100001,9.302348558000023,-16.426227170999994,1.5338608013000063,-4.023726867750002
50,ALA,1.111,0.509399358092618,1.32644,0.74159,0.3284100000000001,3,0.157894736842105,0.77,0.62,0.7,0.1645,0.249,0.3951,1.66883568,3.237019170000001,4.61073978,5.70935363,-1.1223608318,-2.1803879816,-0.18509226592,-0.52540758367,11.850499157999996,-19.590351477899954,1.9813032565000053,-4.920740893939997
51,GLY,0.261,0.144358407079646,0.78375,1.0741699999999998,0.4728300000000003,3,0.12,0.03,0.48,0.4556,0.0,1.0,0.5062,1.94723469,3.77853345,5.385742390000001,6.67569462,-1.3709971754129997,-2.66485013193,-0.224787564939,-0.6386064741080001,14.130908549000022,-21.870468750369987,2.332338105800008,-5.367811665361983
52,GLY,0.924,0.5110619469026548,0.98705,0.6828700000000001,0.2011299999999999,0,0.0,0.03,0.48,0.4556,0.0,1.0,0.5062,1.39107194,2.70042729,3.85176053,4.77918455,-1.7969947094799998,-3.4793426494999995,-0.3126682721699999,-0.8850448154440003,15.794495186000011,-15.72742697410002,2.482277759500017,-3.90262784124
53,GLY,0.691,0.3821902654867256,0.95271,0.8191299999999999,0.2978700000000001,1,0.0588235294117647,0.03,0.48,0.4556,0.0,1.0,0.5062,1.94946671,3.79594914,5.44283206,6.805781359999999,-1.533608265516,-2.9892142754099984,-0.2387276629355,-0.6796478213199999,18.68735470500005,-13.856919943360005,2.7128218008000258,-3.017345842840005
54,GLY,0.298,0.1648230088495575,0.8680599999999999,1.08114,0.42886,2,0.0952380952380952,0.03,0.48,0.4556,0.0,1.0,0.5062,1.80918964,3.5167710700000003,5.02768308,6.2594807,-1.2476570607,-2.4181276807,-0.2128767555199999,-0.60284512663,15.306857374999987,-16.242307857000014,2.5209070430000087,-4.014878830339991
55,TYR,0.532,0.1561032863849765,3.34987,2.0680399999999994,0.8079600000000005,1,0.0526315789473684,-0.27,0.26,0.3556,0.8063,0.502,0.1605,2.22845236,4.342007209999999,6.23260624,7.805395399999999,-1.6688966536399996,-3.2620709637,-0.2462063593239999,-0.7027636523800002,14.091272470999987,-14.749148581899997,1.986649220399996,-3.0729868910999896
56,ARG,2.328,0.6943036087086191,3.96693,0.8086999999999999,0.2163000000000005,1,0.0666666666666667,-1.3,-2.5,0.0,0.7346,0.9398,0.6914,1.11214513,2.15481113,3.0633731600000003,3.78253792,-1.6223541974999998,-3.144641138799999,-0.27806941877,-0.7879793957,12.403629021999985,-17.44655926879999,2.0427394750999923,-4.194973896999989
57,ARG,1.555,0.4637637936176558,3.49698,1.4699899999999997,0.3280100000000006,0,0.0,-1.3,-2.5,0.0,0.7346,0.9398,0.6914,1.25217752,2.43210929,3.4724625,4.31534752,-1.4634019875699993,-2.85398404973,-0.224540722368,-0.6393659499660002,11.662936845000004,-10.072061677600018,1.8710646022,-2.4918629745499965
58,GLY,0.676,0.3738938053097345,1.02779,0.69503,0.4369700000000001,0,0.0,0.03,0.48,0.4556,0.0,1.0,0.5062,1.3921921,2.70919828,3.88061815,4.84526527,-1.6963536027,-3.3168695436799998,-0.2483756723880001,-0.7091281609550001,17.110951111999956,-16.380089121260013,2.4982269824999763,-3.411095356854993
59,GLY,0.566,0.3130530973451327,0.92439,0.83201,0.4099899999999999,0,0.0,0.03,0.48,0.4556,0.0,1.0,0.5062,1.11262712,2.1585951,3.0758581300000003,3.81123563,-1.6686034575400004,-3.249388165750001,-0.263306283685,-0.7488112956420001,11.536468886000028,-14.924454012249996,1.9147041666000075,-3.727265304326
60,GLY,0.935,0.5171460176991151,0.97997,0.7457100000000001,0.1272899999999999,0,0.0,0.03,0.48,0.4556,0.0,1.0,0.5062,1.81108233,3.53154739,5.0761480400000005,6.369996039999999,-1.8320544137,-3.573009434079999,-0.2800968625739999,-0.7972880984200003,10.892989840999988,-12.492992179889988,1.6164133897000008,-2.7979340346999977
61,ASN,0.233,0.0952965235173824,1.93235,1.50035,0.7116499999999999,0,0.0,-0.1,-0.78,0.1111,0.3976,0.6747,0.8272,2.92568155,5.70533346,8.201133010000001,10.29114093,-1.5258719132530003,-2.970501610665,-0.244581705959,-0.6960035141719998,13.520728404999955,-12.080300764799995,2.0746321393,-2.810697267700001
62,SER,0.26,0.119485294117647,1.27895,1.20412,0.7118800000000003,0,0.0,-0.1,-0.18,0.4111,0.1877,0.8514,0.5309,2.64475795,5.14418476,7.3619994800000015,9.179387919999998,-3.307403704539999,-6.4419673227,-0.5198339025500001,-1.47854145058,10.620355838999997,-20.01446657190001,1.559949178500001,-4.25523671082001
63,GLY,0.293,0.1620575221238938,0.74622,0.96996,0.5450400000000002,0,0.0,0.03,0.48,0.4556,0.0,1.0,0.5062,2.6447414800000004,5.14407021,7.361670160000001,9.178777759999996,-3.0248369919,-5.889508009490001,-0.4806097942039999,-1.36712786365,10.928406692999983,-18.84319449059996,1.6671131175999996,-4.214199654619998
64,GLY,0.087,0.0481194690265486,0.67988,0.99454,0.7264600000000001,0,0.0,0.03,0.48,0.4556,0.0,1.0,0.5062,2.36705053,4.60805396,6.604603290000001,8.253044679999999,-2.619688419450001,-5.098447806099999,-0.4191431967140001,-1.1917493129600003,11.743362018999994,-17.8161946971,1.8803997444,-4.3329572255
65,GLY,0.716,0.3960176991150442,0.93756,0.74243,0.34957,0,0.0,0.03,0.48,0.4556,0.0,1.0,0.5062,1.6711765700000003,3.2552950700000003,4.67068949,5.8460827,-2.6386510762050004,-5.138515823179,-0.4150318643458001,-1.1799848687353998,13.35780750299997,-17.721928987600016,2.0891621086999885,-4.222767508959998
66,GLY,0.173,0.0956858407079646,0.75456,0.93515,0.6998500000000001,0,0.0,0.03,0.48,0.4556,0.0,1.0,0.5062,1.94852014,3.788519150000001,5.41832294,6.749464720000001,-2.224400552279999,-4.318212243269999,-0.3720519985930001,-1.055704945326,17.565553626999943,-15.984226038059964,2.731237752100016,-3.853413465031997
67,GLY,0.071,0.0392699115044247,0.7735599999999999,1.05974,0.6772600000000002,0,0.0,0.03,0.48,0.4556,0.0,1.0,0.5062,2.36593147,4.599296759999999,6.5758073800000005,8.18715356,-2.0888308153400006,-4.064453827300001,-0.3370965974870001,-0.95875768234,15.084098208999883,-20.983458669799983,2.399313132299992,-5.005071277200018
68,GLY,0.633,0.3501106194690265,0.8736700000000001,0.79617,0.37883,0,0.0,0.03,0.48,0.4556,0.0,1.0,0.5062,1.81032668,3.52563229,5.05668846,6.325438959999999,-1.74086834291,-3.390283546260001,-0.273669304857,-0.778071974626,19.5930124780001,-27.446287750200096,3.156950488700002,-7.107443430710014
69,GLY,0.995,0.5503318584070797,0.95021,0.68981,0.12319,0,0.0,0.03,0.48,0.4556,0.0,1.0,0.5062,1.2526619,2.43587367,3.48474816,4.34317423,-1.48267915372,-2.8803669996599988,-0.243851491603,-0.6919809910999998,18.679782106000108,-23.60024390678003,3.09543508849998,-5.963113755850011
70,TYR,1.221,0.358274647887324,3.64999,1.57586,0.6111399999999998,2,0.153846153846154,-0.27,0.26,0.3556,0.8063,0.502,0.1605,1.6700410200000002,3.24642102,4.64155358,5.77955354,-1.8118722651900008,-3.5341643032,-0.2785786269079999,-0.7937488576699999,17.047257469999984,-19.38305157865995,2.696550241599996,-4.721011670359999
71,ASP,1.021,0.3808280492353599,2.32278,1.11701,0.5429900000000001,2,0.285714285714286,-0.1,-0.9,0.1111,0.3239,0.8675,1.0,1.5317549,2.98281684,4.2775903600000005,5.35029432,-2.349410342,-4.592501108000001,-0.34391027548,-0.98115745977,17.575746629,-21.85197951770003,2.613461001000009,-4.952787113549992
72,ARG,2.069,0.6170593498359678,3.75376,1.04166,0.2423400000000002,2,0.4,-1.3,-2.5,0.0,0.7346,0.9398,0.6914,0.83436581,1.6181917300000002,2.30462684,2.85389096,-1.9472024758,-3.7810125893000017,-0.3208508049099999,-0.90961711223,13.50740956600001,-17.895883099699965,2.158111121000017,-4.665821363310001
73,GLY,0.394,0.2179203539823009,0.8205899999999999,0.8808400000000001,0.5331600000000001,1,0.0769230769230769,0.03,0.48,0.4556,0.0,1.0,0.5062,1.67114327,3.2550357000000005,4.669839329999999,5.8441455200000005,-2.6703203835700005,-5.204417335800001,-0.4141156990299995,-1.1783218532500008,16.15609477700002,-24.28930572570001,2.4603436126000062,-5.679031811259999
74,TYR,0.293,0.0859741784037558,3.1198,2.13465,0.98035,0,0.0,-0.27,0.26,0.3556,0.8063,0.502,0.1605,2.50735511,4.887466320000001,7.020581599999999,8.80141635,-2.9014732069100013,-5.668344968309999,-0.4307550784549999,-1.2284676555700005,11.829779766999977,-16.49332327614003,1.8147456110999989,-3.737609363750004
75,ASN,0.314,0.1284253578732106,2.00756,1.5167300000000004,0.6142699999999994,0,0.0,-0.1,-0.78,0.1111,0.3976,0.6747,0.8272,2.0871068000000004,4.05454399,5.79047655,7.198160689999999,-2.50048895342,-4.865404212300001,-0.4004763212499999,-1.1381617923899994,10.036008149000006,-15.459718824800005,1.7529631707999933,-4.053763818299996
76,ASP,0.667,0.2487877657590451,2.15575,1.10458,0.90942,0,0.0,-0.1,-0.9,0.1111,0.3239,0.8675,1.0,2.0879037000000005,4.060800200000001,5.81111596,7.24559208,-2.9521407043,-5.7575227141,-0.4509196853639999,-1.28351186726,10.600756533999968,-17.412275984309975,1.718942386899999,-4.315912757000008
77,ASN,0.379,0.1550102249488752,1.80336,1.53698,0.5290199999999998,1,0.0666666666666667,-0.1,-0.78,0.1111,0.3976,0.6747,0.8272,1.80914249,3.5163815099999995,5.0263295800000005,6.256161410000001,-1.7503241049000002,-3.4163186620999983,-0.26459185019,-0.7539704054,13.522445669000083,-22.02512140549996,2.0525777113000063,-4.969530715699986
78,ARG,2.006,0.5982702057858633,3.72781,1.1402,0.2068000000000003,1,0.0833333333333333,-1.3,-2.5,0.0,0.7346,0.9398,0.6914,1.2511973900000002,2.4244286400000004,3.44717031,4.25736559,-1.1475839884,-2.2347831414,-0.18068153606,-0.5137390182,13.583295685000053,-20.23244125280004,2.204932648000011,-5.01664036090001
79,ASP,1.146,0.4274524431182394,2.3279300000000003,0.90809,0.6269100000000002,0,0.0,-0.1,-0.9,0.1111,0.3239,0.8675,1.0,0.83350125,1.61142679,2.28238493,2.80300589,-0.8336938214000001,-1.619442444,-0.137833256,-0.3912319933999999,13.150800515000023,-23.10102932199997,2.155010182800001,-5.722962437299972
80,ASP,1.745,0.6508765386049982,2.53509,0.66109,0.27491,0,0.0,-0.1,-0.9,0.1111,0.3239,0.8675,1.0,0.83395543,1.6149660899999998,2.29397086,2.82935629,-0.961202449,-1.876007935,-0.14577754805,-0.4154606436000001,13.165559146000035,-28.24160355900012,2.0332930604,-6.299821075900025
81,ARG,1.501,0.4476588130032806,3.31837,1.58428,0.2677200000000002,0,0.0,-1.3,-2.5,0.0,0.7346,0.9398,0.6914,1.1116155,2.15070834,3.0500307599999994,3.75246664,-1.2587141470000005,-2.457349183,-0.189558064584,-0.5403268624099999,14.256389740999998,-25.393402301600013,2.281572119100014,-5.925303645820016
82,ASP,0.908,0.3386795971652369,2.12551,1.11659,0.6564100000000002,0,0.0,-0.1,-0.9,0.1111,0.3239,0.8675,1.0,1.39117828,2.70128526,3.854671460000001,4.7861202,-1.4133138869,-2.7541727964,-0.2203518619700001,-0.62710343876,14.844258054000116,-23.79978363560009,2.382391427900007,-5.623835441659992
83,ASN,1.345,0.5501022494887525,2.45896,0.95544,0.1445599999999998,1,0.0666666666666667,-0.1,-0.78,0.1111,0.3976,0.6747,0.8272,1.6693960200000002,3.2413724999999998,4.624950620000001,5.741557159999999,-1.2225622086,-2.3726457973,-0.2044447529699999,-0.5796756463,15.464911616999988,-13.81582765539998,2.544748835100023,-3.4904568051000084
84,ARG,1.52,0.4533253802564867,3.63852,1.31981,0.51319,0,0.0,-1.3,-2.5,0.0,0.7346,0.9398,0.6914,2.3687744,4.621570060000001,6.64913427,8.355203369999998,-1.3973059527700002,-2.7189878201000006,-0.2217404267299999,-0.6297100063500001,15.066998887999992,-16.076697893099997,2.1825256738000127,-3.5731635373099984
85,GLY,0.485,0.2682522123893805,0.8371200000000001,0.9889600000000002,0.3340399999999998,0,0.0,0.03,0.48,0.4556,0.0,1.0,0.5062,2.3677405700000005,4.613412760000001,6.6220775000000005,8.29257492,-1.9187529495100004,-3.745200351899999,-0.29073681387,-0.8287368532399999,13.649223940999962,-17.86134670387,2.008852190700006,-3.7752539949099977
86,GLY,0.165,0.0912610619469026,0.8427800000000001,0.97849,0.6645100000000002,1,0.0476190476190476,0.03,0.48,0.4556,0.0,1.0,0.5062,1.80873994,3.5133061800000003,5.016478950000001,6.2344236,-2.151637419159999,-4.200471456020001,-0.32284076466,-0.919907762174,13.444765325999985,-19.51753595333996,2.025314792599997,-4.421417285448005
87,SER,1.202,0.5523897058823529,1.49572,0.7446299999999999,0.2293700000000003,1,0.1,-0.1,-0.18,0.4111,0.1877,0.8514,0.5309,1.11272009,2.15932556,3.07826943,3.81678179,-1.5401192303,-3.007467203900001,-0.2299674241099999,-0.6554001203,13.635188915999926,-20.553504675800045,2.107127870800002,-4.725162837300007
88,GLY,0.962,0.5320796460176991,0.937,0.6670399999999999,0.1789600000000002,1,0.166666666666667,0.03,0.48,0.4556,0.0,1.0,0.5062,0.9735911,1.88914712,2.6927676600000003,3.3384853,-1.5950688333999998,-3.122586008999999,-0.2265924831199999,-0.64745241905,13.956710907000016,-30.07457210700001,2.093053888700013,-6.532891699800025
89,GLY,0.835,0.4618362831858407,0.90696,0.71893,0.2540700000000001,0,0.0,0.03,0.48,0.4556,0.0,1.0,0.5062,1.11260916,2.15846155,3.07544301,3.81036064,-1.810395814,-3.539803103000001,-0.2649049913,-0.7562899204000001,13.645472016000015,-31.73071646600003,2.0309590442999963,-7.069929775000023
90,TYR,1.525,0.4474765258215962,3.80478,1.49222,0.3907799999999999,1,0.0666666666666667,-0.27,0.26,0.3556,0.8063,0.502,0.1605,1.25051515,2.4191400300000003,3.4299540200000003,4.218502040000001,-1.8276090077,-3.5488427249,-0.3028330152,-0.8590630548799999,13.139446774000012,-22.08305085039996,2.2418101346000063,-5.847195666560006
91,GLY,0.559,0.3091814159292035,0.92559,0.8098500000000001,0.43915,0,0.0,0.03,0.48,0.4556,0.0,1.0,0.5062,1.94897458,3.7920852,5.430083600000001,6.77648116,-2.33553384465,-4.555060472080002,-0.35974608471,-1.0248557968339995,13.789518756999986,-13.924527179820014,2.1685723471999965,-3.391946925246001
92,ARG,0.42,0.1252609603340292,3.31056,1.98019,0.9528100000000006,0,0.0,-1.3,-2.5,0.0,0.7346,0.9398,0.6914,2.087826,4.060143259999999,5.80879173,7.23977833,-2.310052342970001,-4.4906475372499965,-0.37621532255,-1.06838550283,11.197401555999992,-9.48396547027999,1.7562072519999965,-2.291019795039998
93,ASP,0.607,0.2264080566952629,2.13642,1.19441,0.8795899999999999,0,0.0,-0.1,-0.9,0.1111,0.3239,0.8675,1.0,2.36551727,4.59621599,6.56622604,8.16689848,-2.6824119262400004,-5.209246689999998,-0.4430838927329999,-1.2568392715000003,10.795770628999998,-9.104924278300004,1.7485746868999965,-2.468920549769994
94,ARG,0.106,0.0316134804652549,2.41345,2.27586,0.97114,0,0.0,-1.3,-2.5,0.0,0.7346,0.9398,0.6914,3.48407156,6.800805670000001,9.79199848,12.31713525,-2.4351475027300005,-4.76359602298,-0.3531843134539999,-1.0088340584739997,11.572295113,-15.441521243739988,1.6199218036000025,-3.028325474008
95,ASN,0.734,0.3002044989775051,2.18077,1.30762,0.4033799999999998,0,0.0,-0.1,-0.78,0.1111,0.3976,0.6747,0.8272,2.9246397400000004,5.69726528,8.17489888,10.232021749999998,-2.495199346300001,-4.858541674499998,-0.3940930211699999,-1.1205620955599993,12.379293217999974,-13.971886026400004,1.8952998880999945,-3.4294755328000006
96,TYR,1.727,0.5067488262910799,3.82776,1.31012,0.3708799999999999,1,0.0714285714285714,-0.27,0.26,0.3556,0.8063,0.502,0.1605,1.8083623000000004,3.5103294300000005,5.00661162,6.2116012,-2.8248776309,-5.478769753299998,-0.4779970168100001,-1.354753229559999,14.881596413999988,-17.02567166039998,2.408947865999989,-4.376444666000007
97,GLU,1.006,0.3687683284457477,2.39379,1.2194,0.5026000000000002,5,0.3125,-0.1,-0.74,0.1111,0.4884,0.8112,0.9136,1.6687829400000005,3.23663276,4.6095603800000005,5.70693239,-2.7077417881100003,-5.264041552129999,-0.4418874391000002,-1.2552870586449998,14.835633952,-13.489120741799988,2.4553903759999915,-3.5535025645
98,ASP,0.395,0.1473330846698993,1.82428,1.38966,0.8963399999999999,2,0.166666666666667,-0.1,-0.9,0.1111,0.3239,0.8675,1.0,1.80960767,3.5200458500000003,5.0384626,6.28417933,-2.701938813429998,-5.275566895600002,-0.404312090124,-1.15216077997,10.891554608000009,-6.1762662878000025,1.6283304230000033,-1.5939788039000025
99,ARG,1.517,0.4524306591112436,3.39963,1.47267,0.3633300000000001,1,0.0714285714285714,-1.3,-2.5,0.0,0.7346,0.9398,0.6914,1.39046255,2.6957078299999995,3.83641661,4.74461386,-2.0883668622000005,-4.065475323829999,-0.331514700402,-0.94252987958,12.20498507600003,-18.9400294412,2.030479052999994,-4.637585360089997
100,GLY,0.755,0.4175884955752212,0.94886,0.7709999999999999,0.282,0,0.0,0.03,0.48,0.4556,0.0,1.0,0.5062,1.53044571,2.97255934,4.2438226100000005,5.272914989999999,-2.1990999983,-4.276458249900002,-0.35512783684,-1.0085555986,12.362385849999995,-21.3160660319,2.047032368399999,-5.2397612095
101,TYR,0.356,0.1044600938967136,3.02126,2.04419,1.00781,4,0.235294117647059,-0.27,0.26,0.3556,0.8063,0.502,0.1605,2.2277762,4.33675599,6.21547839,7.766633639999999,-2.6772326817600005,-5.219245698470001,-0.412227840352,-1.17292178927,11.36782025600002,-10.034625203099989,1.661309796299995,-2.303586706169998
102,ASN,0.631,0.258077709611452,1.88892,1.41721,0.3967899999999997,5,0.25,-0.1,-0.78,0.1111,0.3976,0.6747,0.8272,2.22629485,4.32519978,6.1776037200000005,7.680347689999999,-2.694869478399999,-5.237231678899999,-0.4402421196899999,-1.249633878,14.33350401100006,-15.135539655400008,2.2980271649000152,-3.803799880819997
103,GLY,0.0,0.0,0.55963,0.97368,0.83432,5,0.125,0.03,0.48,0.4556,0.0,1.0,0.5062,2.9214147,5.67223544,8.093305240000001,10.04748182,-2.211628905099999,-4.309475850099999,-0.3454427447499998,-0.9829962261,12.692763440999975,-16.095895917999993,1.9730295122999992,-3.870869341300006
104,GLY,0.553,0.305862831858407,0.79837,0.84575,0.4092499999999999,4,0.125,0.03,0.48,0.4556,0.0,1.0,0.5062,2.08591316,4.0452318,5.759958410000001,7.1286470600000005,-1.8744422612,-3.6346755882000017,-0.3188466629999999,-0.9037158821,18.07301260600008,-21.838917911300022,3.161019237899996,-5.586028531479982
105,GLY,0.3,0.165929203539823,0.65469,0.92399,0.5840099999999999,2,0.0740740740740741,0.03,0.48,0.4556,0.0,1.0,0.5062,2.36648262,4.603660299999999,6.590332760000002,8.22093577,-2.0702128690099992,-4.0374992371300005,-0.3178505496379999,-0.90518722212,15.012706152000028,-23.47231740199997,2.316203959500004,-5.231440184339992
106,GLY,0.239,0.1321902654867256,0.76149,0.9787,0.5902999999999998,3,0.0967741935483871,0.03,0.48,0.4556,0.0,1.0,0.5062,2.22675378,4.328841290000001,6.18974554,7.708636809999999,-1.7326913036400002,-3.3638911076,-0.2881858339899999,-0.8174066286799999,19.1578943280002,-21.33827356560006,3.117559307300008,-5.387915415329985
107,GLY,0.43,0.2378318584070796,0.84233,0.97177,0.4062300000000001,3,0.166666666666667,0.03,0.48,0.4556,0.0,1.0,0.5062,1.8091281800000003,3.51624754,5.025813439999999,6.254749129999999,-2.1169216223200005,-4.123529678589999,-0.3331193612740001,-0.9477484483869996,19.564006098000046,-35.72845562692988,3.081484677300007,-8.494946137508984
108,GLY,0.848,0.4690265486725663,0.97615,0.7206100000000001,0.23939,0,0.0,0.03,0.48,0.4556,0.0,1.0,0.5062,0.97342345,1.8878248,2.68838262,3.32833941,-1.5059891204999998,-2.9330071372,-0.2350413518499999,-0.6679158567,16.30213919899998,-29.300633281500023,2.562733972199997,-6.882318006299997
109,GLY,0.812,0.4491150442477876,0.98826,0.69793,0.2980699999999999,0,0.0,0.03,0.48,0.4556,0.0,1.0,0.5062,0.8341604300000001,1.6165878399999998,2.29936643,2.84189646,-1.1359815737,-2.2160778242,-0.173351253216,-0.4937490635,16.034682209999993,-27.538746494799994,2.4578271423000024,-6.200218384990003
110,ASN,1.476,0.6036809815950921,2.57332,0.7574,0.2115999999999999,0,0.0,-0.1,-0.78,0.1111,0.3976,0.6747,0.8272,0.8335698600000001,1.61195765,2.2841115800000003,2.80690053,-1.2301195143,-2.3916335500000008,-0.19799136805,-0.5618176872,13.41584786299999,-22.990572656999998,2.26914013130001,-5.677547255899987
111,ARG,1.924,0.5738144944825528,3.70164,1.35809,0.0709100000000002,4,0.266666666666667,-1.3,-2.5,0.0,0.7346,0.9398,0.6914,1.81007075,3.5236442900000005,5.050208200000001,6.310790659999999,-2.0947055783000006,-4.098397168199999,-0.3020077906799998,-0.8626829536700003,19.596339242000084,-31.735558930900066,2.7963844087000336,-6.814767881150013
112,GLY,0.742,0.4103982300884956,0.85641,0.81758,0.24842,2,0.222222222222222,0.03,0.48,0.4556,0.0,1.0,0.5062,1.5317484,2.98276719,4.27743273,5.34995185,-1.9978482191300004,-3.885634675100001,-0.3210200953599999,-0.9115730901600004,18.0734605230001,-26.640733346300028,2.804697021200028,-6.2751149790200085
113,TYR,1.774,0.5205399061032864,3.72989,1.19931,0.4346899999999998,5,0.3125,-0.27,0.26,0.3556,0.8063,0.502,0.1605,2.088375360000001,4.06446221,5.823059720000001,7.272627139999999,-1.99032673463,-3.866876714650001,-0.326316468204,-0.925939620685,17.134025867000066,-20.34229676324999,2.636444766999988,-4.939978864804985
114,ASN,0.44,0.1799591002044989,1.88278,1.44325,0.5617499999999997,6,0.166666666666667,-0.1,-0.78,0.1111,0.3976,0.6747,0.8272,2.64298167,5.130438150000001,7.31732256,9.07875439,-1.57556015357,-3.064883320660001,-0.2525233068499999,-0.7172026309000002,14.534441956000013,-18.126430729550005,2.282196307500011,-4.266912525299999
115,ASN,0.087,0.0355828220858895,1.63494,1.5618,0.7961999999999996,3,0.0612244897959184,-0.1,-0.78,0.1111,0.3976,0.6747,0.8272,2.7813068700000003,5.39425283,7.681650520000001,9.50785388,-2.084732025879999,-4.050181945800001,-0.3455213191499998,-0.9813998886,12.127307568000004,-19.14168137879996,2.0300683313000034,-4.652144952219998
116,ASN,0.833,0.3406952965235174,2.02387,1.28127,0.3307299999999997,0,0.0,-0.1,-0.78,0.1111,0.3976,0.6747,0.8272,2.36594372,4.599510270000001,6.57690819,8.19088108,-2.42538596914,-4.725765473530002,-0.3789463724440001,-1.0782237682299998,13.444898555000064,-25.885446677800022,2.0351366803000017,-5.683754485800003
117,ARG,2.552,0.7611094542201013,4.023070000000001,0.76112,0.0398800000000001,0,0.0,-1.3,-2.5,0.0,0.7346,0.9398,0.6914,1.81035873,3.52590107,5.057638140000001,6.32781855,-3.18150807216,-6.207886881669998,-0.4828528023789999,-1.375363501094,14.27370335800004,-27.519903826649944,2.124694586800008,-5.989802998581998
118,GLY,0.338,0.1869469026548672,0.7759,1.00953,0.4604699999999999,0,0.0,0.03,0.48,0.4556,0.0,1.0,0.5062,1.8074778300000005,3.50349954,4.984465660000001,6.16187447,-3.1883270013,-6.199673172999998,-0.5180358968559998,-1.47180630816,13.144397007999954,-20.8098143183,2.2026047979999914,-5.20744774406
119,GLY,0.106,0.0586283185840707,0.54981,1.00196,0.70004,0,0.0,0.03,0.48,0.4556,0.0,1.0,0.5062,2.2245654900000003,4.311737829999999,6.13358335,7.580373000000001,-2.7734300600399986,-5.377483122140001,-0.4729972210300001,-1.34075384057,11.917258045000024,-15.19941304739998,2.0931779482000046,-4.074351952160005
120,GLY,0.64,0.3539823008849557,0.86848,0.8277800000000001,0.3402200000000001,0,0.0,0.03,0.48,0.4556,0.0,1.0,0.5062,2.5069262400000003,4.88407293,7.009299740000001,8.775230429999999,-2.5368148487399997,-4.937690795299999,-0.4042868191699998,-1.1493446503099998,9.66658009600003,-9.731299778300022,1.5018400972000012,-2.3395124152099998
121,GLY,0.372,0.2057522123893805,0.6805599999999999,0.95167,0.4843299999999999,0,0.0,0.03,0.48,0.4556,0.0,1.0,0.5062,2.7866641800000003,5.43605123,7.81865765,9.82001427,-1.953225038219999,-3.80604242489,-0.30489421754,-0.8676074938870002,8.532292653999988,-6.187763430599995,1.2798072742999986,-1.430619574946999
122,GLY,0.632,0.3495575221238938,0.8856499999999999,0.83394,0.3420600000000001,0,0.0,0.03,0.48,0.4556,0.0,1.0,0.5062,1.67025083,3.24803355,4.646752230000001,5.7911286,-2.2097981863800005,-4.28714113014,-0.3710795340529998,-1.0516946476900002,8.484982833999984,-9.338163762899985,1.3420088522999951,-2.2742681837599994
123,GLY,0.06,0.0331858407079646,0.60746,1.07515,0.67285,0,0.0,0.03,0.48,0.4556,0.0,1.0,0.5062,2.22627147,4.325164590000001,6.1779883700000005,7.68274719,-2.8011278614600004,-5.4518442918300005,-0.4460688291469999,-1.26788000118,9.388010825999991,-11.570883352949998,1.4814180065000024,-2.8949851109099947
124,TYR,1.102,0.3233568075117371,3.73168,1.5399799999999997,0.7660200000000004,0,0.0,-0.27,0.26,0.3556,0.8063,0.502,0.1605,1.94951202,3.79627246,5.443786500000001,6.807630699999999,-2.526025175239999,-4.91846828846,-0.3997850558359999,-1.1368956256100002,11.403022279000025,-11.4203601561,1.708007552900001,-2.6538591470999995
125,ASN,0.36,0.147239263803681,1.90484,1.50765,0.57735,0,0.0,-0.1,-0.78,0.1111,0.3976,0.6747,0.8272,1.53003305,2.96932961,4.233200409999999,5.24860196,-2.1198009905999995,-4.126628952270001,-0.33764853056,-0.960237571584,12.877419133000062,-13.632267257820011,2.0942559439999933,-3.4619098558539942
126,ARG,2.108,0.6286907247241277,3.93994,0.83397,0.4110300000000001,0,0.0,-1.3,-2.5,0.0,0.7346,0.9398,0.6914,1.11214239,2.15480426,3.06340133,3.78275821,-1.7588469669000002,-3.4110193787,-0.2973208224199999,-0.84243546552,13.376928053000086,-24.78578979990001,2.266394489100008,-6.477470837939992
127,GLN,1.211,0.4212173913043479,2.76555,1.39339,0.27061,0,0.0,-0.1,-0.85,0.1111,0.5388,0.7952,0.6914,1.25149578,2.42673319,3.45464178,4.27413525,-1.5031329792,-2.9247412084,-0.24235992768,-0.6891878169,14.91165920100001,-29.05899156529998,2.49964467230001,-7.062918073999999
128,ASP,1.237,0.4613950018649758,2.50896,0.8851800000000001,0.5588199999999999,0,0.0,-0.1,-0.9,0.1111,0.3239,0.8675,1.0,0.97269264,1.88209054,2.66947305,3.28490478,-1.2342285565,-2.3951451470000005,-0.2071674576999999,-0.5874878797,10.705519632,-18.957367670000025,1.853543945200005,-4.8979142049999975
129,ARG,2.203,0.657023560990158,3.87088,0.9990399999999998,0.1509600000000005,0,0.0,-1.3,-2.5,0.0,0.7346,0.9398,0.6914,1.11142102,2.14919244,3.0450647600000003,3.74115834,-1.1683389712,-2.2679410049999995,-0.19558716403,-0.5549466091000002,6.892962689999995,-13.564225176999988,1.263620603699998,-3.5921779659999977
130,GLY,0.516,0.2853982300884956,0.8388599999999999,0.8476300000000001,0.4443699999999999,0,0.0,0.03,0.48,0.4556,0.0,1.0,0.5062,1.3908304100000002,2.69856494,3.8457352499999993,4.76570382,-1.3220762625,-2.583595493,-0.19604489876,-0.5595347473000001,10.705322635999966,-21.23446866500005,1.5055937509000026,-4.30152099140001
131,ASP,1.392,0.5192092502797463,2.44429,0.89785,0.3911500000000001,0,0.0,-0.1,-0.9,0.1111,0.3239,0.8675,1.0,1.39100376,2.69990748,3.85009932,4.77553241,-1.1186314278000002,-2.1850528099,-0.16709644429,-0.4766249237,8.960301439999999,-16.719622058400038,1.376249044500002,-3.545094827699997
132,GLY,0.504,0.2787610619469026,0.87381,0.97959,0.32441,0,0.0,0.03,0.48,0.4556,0.0,1.0,0.5062,1.5305341100000005,2.97323034,4.24595468,5.27756216,-0.8952893983999999,-1.7431492202,-0.14177683593,-0.4031483234,6.755867738999994,-13.553384364999976,1.067921140499999,-3.1513388323000013
133,GLY,0.403,0.2228982300884955,0.8244199999999999,0.96642,0.4385799999999999,0,0.0,0.03,0.48,0.4556,0.0,1.0,0.5062,1.66919175,3.23978198,4.61974793,5.729735539999999,-0.7764169118,-1.5115411749999998,-0.12315255936,-0.3501638551,5.140288459999997,-12.164575679999976,0.8645363962000004,-2.943068562199997
134,SER,0.432,0.1985294117647058,1.4082400000000002,1.24877,0.4952300000000003,2,0.125,-0.1,-0.18,0.4111,0.1877,0.8514,0.5309,1.66817319,3.23183341,4.59368889,5.67034668,-0.96160575755,-1.8792309809,-0.142088292538,-0.4054315246569999,4.953742741999986,-12.769932003460006,0.7500644012,-2.774008331524
135,SER,1.237,0.5684742647058824,1.43902,0.79311,0.14589,1,0.1,-0.1,-0.18,0.4111,0.1877,0.8514,0.5309,1.6701586500000003,3.2473107100000003,4.644368579999999,5.7856529,-0.8595035521000001,-1.6817246219999995,-0.12408034816,-0.3545005596,5.072141553999998,-9.52675969820001,0.7648303088999993,-2.0747047941
136,ASN,0.908,0.3713701431492843,2.01703,1.18423,0.35277,5,0.416666666666667,-0.1,-0.78,0.1111,0.3976,0.6747,0.8272,1.39091697,2.69925297,3.84803395,4.77107197,-0.8409844859999999,-1.6363817729,-0.13387010269,-0.3802236331999999,4.868425897999993,-5.983221295600002,0.786289812600001,-1.4715616185999998
137,PHE,1.643,0.5284657446124156,3.46977,1.14271,0.3232900000000001,4,0.266666666666667,1.1,1.2,0.8111,0.783,0.0763,0.037,1.2503471599999998,2.4178128,3.42554684,4.20828761,-0.8921533755999999,-1.7334046209999998,-0.1472874068,-0.4182740788000001,3.845601982999998,-7.398611961000004,0.6447956360999991,-1.7291251672000012
138,SER,1.029,0.4728860294117646,1.63744,0.8363200000000001,0.3106800000000002,3,0.272727272727273,-0.1,-0.18,0.4111,0.1877,0.8514,0.5309,1.2512160900000002,2.42457083,3.4476216900000005,4.258346459999999,-1.1086209429999998,-2.156776224,-0.1782474611199999,-0.5065390305000002,4.5149415819999925,-7.894473804500002,0.7354716586999979,-1.927936307700001
139,ARG,1.433,0.4273784670444378,3.56538,1.32913,0.5908700000000002,5,0.357142857142857,-1.3,-2.5,0.0,0.7346,0.9398,0.6914,1.39057787,2.6966162499999995,3.83942268,4.751550389999999,-1.03617142152,-2.01623870907,-0.16644459492,-0.47322374785,4.164989706999997,-6.096458590019996,0.6505774459999997,-1.4574610664599992
140,GLY,0.714,0.3949115044247787,0.97077,0.73571,0.3582900000000001,4,0.333333333333333,0.03,0.48,0.4556,0.0,1.0,0.5062,1.39139679,2.70298009,3.86019174,4.798591289999999,-1.0984501851,-2.1330275860000003,-0.1813124669,-0.5141713885999998,5.142237241999998,-7.356275076000003,0.8406002766999978,-1.763604680599998
141,GLY,0.49,0.2710176991150442,0.84737,0.83513,0.48287,3,0.272727272727273,0.03,0.48,0.4556,0.0,1.0,0.5062,1.67094976,3.25351954,4.66484922,5.832715250000001,-0.7794210237999999,-1.5205482292,-0.1179610774399999,-0.3357460557999999,3.851967368000005,-5.728228087400009,0.5856906729000005,-1.242522640100001
142,TYR,1.57,0.4606807511737089,3.91562,1.3266599999999995,0.5113400000000001,4,0.571428571428571,-0.27,0.26,0.3556,0.8063,0.502,0.1605,1.3926209800000002,2.71257536,3.89179539,4.87106381,-0.7513747660400002,-1.46837166236,-0.110281464682,-0.314485483344,3.735224224999999,-5.146358175420007,0.5549362981999999,-1.1150628517200007
143,ASN,0.744,0.3042944785276074,2.0883000000000003,1.35763,0.3433699999999997,2,0.222222222222222,-0.1,-0.78,0.1111,0.3976,0.6747,0.8272,0.97259885,1.88138194,2.66723203,3.28005021,-0.7687285472999998,-1.49259565,-0.12741049952,-0.3613608135,2.9446390759999987,-4.466907974700004,0.4801258502999993,-1.0659328003999995
144,ASN,1.742,0.7124744376278119,2.5948200000000003,0.6464300000000001,0.0565699999999997,1,0.166666666666667,-0.1,-0.78,0.1111,0.3976,0.6747,0.8272,0.8337655900000001,1.61347866,2.28907407,2.81813446,-0.756852407,-1.475393034,-0.1178295833,-0.3355500114,2.669438882999997,-4.797646909999996,0.4367371487000002,-1.1406469064999991
145,ARG,2.295,0.6844616761109453,3.72687,1.04512,0.0128800000000002,0,0.0,-1.3,-2.5,0.0,0.7346,0.9398,0.6914,0.97351316,1.88854503,2.69081418,3.33409578,-0.8880404599999999,-1.7371519979999996,-0.1279284658,-0.3651909585,2.5547513739999994,-6.9106340310000025,0.3892514404999996,-1.543074777
146,ASP,1.11,0.4140246176799702,2.30475,1.07222,0.49878,1,0.111111111111111,-0.1,-0.9,0.1111,0.3239,0.8675,1.0,1.11274584,2.15952838,3.0789417999999995,3.81833784,-0.9052169401,-1.7682744955999998,-0.134145532315,-0.38241559767,2.120214839999999,-4.6268978856,0.3418957715000004,-1.1103241765700007
147,GLU,1.57,0.5755131964809383,3.17818,0.7824199999999999,0.3755800000000002,1,0.125,-0.1,-0.74,0.1111,0.4884,0.8112,0.9136,1.39190091,2.7069303700000003,3.87319918,4.82840924,-0.9859305249000002,-1.9261416040000008,-0.14625351607,-0.4171276733000001,2.201042731,-3.655010259000001,0.3350610500000002,-0.8114749766
148,GLY,0.795,0.439712389380531,1.03628,0.7360099999999999,0.2769899999999999,1,0.2,0.03,0.48,0.4556,0.0,1.0,0.5062,0.97367501,1.88979667,2.69487844,3.3432374200000003,-0.9266327333,-1.7911845453999995,-0.1643923297299999,-0.4644617043400001,1.8435346319999997,-1.3316671514999998,0.3113806904000001,-0.35324228974
149,SER,0.553,0.2541360294117647,1.46227,1.19118,0.4318200000000001,1,0.111111111111111,-0.1,-0.18,0.4111,0.1877,0.8514,0.5309,1.39136164,2.70270706,3.85930142,4.7965766400000005,-1.4014821002000002,-2.726109878,-0.2266208034699999,-0.6441093953000001,1.9239940359999996,-2.101566398,0.3101666422,-0.5232256587000002
150,ASP,1.183,0.4412532637075718,2.06879,1.0387300000000002,0.4592699999999998,2,0.181818181818182,-0.1,-0.9,0.1111,0.3239,0.8675,1.0,1.39101914,2.70004776,3.8506309,4.77696459,-1.0866546336999998,-2.112072863,-0.1771351155999999,-0.5028609456999998,1.5313245419999988,-2.1449608649999994,0.2468314595999998,-0.5538281989999999
151,ASN,0.815,0.3333333333333333,2.09962,1.22292,0.4070799999999999,5,0.294117647058824,-0.1,-0.78,0.1111,0.3976,0.6747,0.8272,1.38914874,2.68547444,3.8029305300000007,4.66849024,-0.6851332019999999,-1.3302025360000005,-0.1139703616,-0.3233176252,1.8417508640000009,-3.420012251000001,0.3293704408000001,-0.8870615593999999
152,ARG,1.303,0.3886072174172382,3.24102,1.5731000000000004,0.4768999999999999,4,0.266666666666667,-1.3,-2.5,0.0,0.7346,0.9398,0.6914,1.25069547,2.4204826,3.4341312600000005,4.22733453,-0.4380770236,-0.8534146989999999,-0.06955009989,-0.1980885798,1.9249613469999995,-2.262928784600001,0.3063430725,-0.5041492747600003
153,GLY,0.67,0.370575221238938,0.8994199999999999,0.76478,0.3732199999999999,2,0.25,0.03,0.48,0.4556,0.0,1.0,0.5062,0.83338324,1.6104950999999996,2.27929467,2.79585455,-0.4302609770000001,-0.8310498359999998,-0.0773667118,-0.2184977247,3.6063723100000034,-4.016251991999998,0.6335542495000009,-1.1781509343000018
154,SER,1.451,0.6668198529411764,1.85732,0.6075699999999999,0.1174300000000001,1,0.142857142857143,-0.1,-0.18,0.4111,0.1877,0.8514,0.5309,0.83383977,1.61406714,2.29103706,2.82271197,-0.684985335,-1.335532736,-0.1060713689,-0.302069664,3.610805290999998,-6.736214294999997,0.5970320199000004,-1.6056235197999986
155,GLY,0.633,0.3501106194690265,0.89896,0.85945,0.31555,2,0.2,0.03,0.48,0.4556,0.0,1.0,0.5062,1.11231499,2.15615904,3.0678713,3.79303414,-0.6977733117000001,-1.362142564,-0.1050039402999999,-0.2992354865999999,2.1624950599999995,-4.342993878000003,0.3245530402,-0.9678271032
156,ARG,1.752,0.5225171488219504,3.4979,1.17869,0.4223100000000002,4,0.307692307692308,-1.3,-2.5,0.0,0.7346,0.9398,0.6914,1.25056009,2.41946551,3.43093608,4.22048296,-0.5486415080000001,-1.067659494,-0.0876799668999999,-0.2492098283999999,2.2369510520000007,-3.207894204,0.3713108782000003,-0.8072676482000004
157,SER,0.98,0.4503676470588235,1.4886,0.8208799999999999,0.3751200000000002,3,0.3,-0.1,-0.18,0.4111,0.1877,0.8514,0.5309,1.52976796,2.96732202,4.226828460000001,5.234720359999999,-0.5864315500000001,-1.139377383,-0.0965741434,-0.2741725974,1.608524475999999,-3.8284076849999993,0.271422605,-0.9115131349
158,TYR,0.927,0.2720070422535211,3.28358,1.97644,0.5045599999999999,5,0.357142857142857,-0.27,0.26,0.3556,0.8063,0.502,0.1605,1.5297661,2.9672553400000004,4.22643305,5.23328213,-0.86004385,-1.6692103640000002,-0.1436052171999999,-0.4071848664,1.5312302830000002,-3.048085465,0.2484905437999999,-0.7096661408999999
159,ASN,0.645,0.2638036809815951,1.83717,1.36602,0.4339799999999998,3,0.25,-0.1,-0.78,0.1111,0.3976,0.6747,0.8272,1.53058253,2.97361686,4.24725222,5.28061262,-0.8146124363999999,-1.5855551808,-0.12966127202,-0.36856725354,1.5702406239999993,-1.4364648743000004,0.257197869,-0.3065738071000001
160,ASN,1.176,0.4809815950920245,2.42741,0.91422,0.3547799999999999,3,0.375,-0.1,-0.78,0.1111,0.3976,0.6747,0.8272,0.83354226,1.61174038,2.28339189,2.8052373800000003,-0.7409494095,-1.433353084,-0.1307021706,-0.3697129392999999,1.531585006999999,-1.3052319450000007,0.2440202689,-0.3334638246999999
161,ASP,1.266,0.4722118612458038,2.3319300000000003,0.92134,0.4936600000000001,0,0.0,-0.1,-0.9,0.1111,0.3239,0.8675,1.0,0.55448208,1.06508251,1.49158623,1.80079049,-0.6772773599999999,-1.3071109949999995,-0.1245207877,-0.351857849,1.4482025680000006,-2.458536745,0.2729659634000002,-0.6912567582000002
162,ARG,2.305,0.6874440799284223,3.82976,0.8358,0.2122,1,0.166666666666667,-1.3,-2.5,0.0,0.7346,0.9398,0.6914,0.83367468,1.61277524,2.28678981,2.81299665,-0.5171815872000001,-1.003394638,-0.0875060995,-0.2482092665,1.332825988,-2.663559779000001,0.2353908663,-0.6684984745000001
163,ARG,1.642,0.4897107068297047,3.75917,1.3934799999999998,0.3175200000000004,1,0.1,-1.3,-2.5,0.0,0.7346,0.9398,0.6914,1.25135637,2.42565953,3.451172550000001,4.266384189999999,-1.015319128,-1.985306299,-0.1488029318999999,-0.4249427564,1.8088773619999996,-3.517609512,0.2705957151999998,-0.8021865853999997
164,ASP,1.196,0.4461022006713912,2.49832,0.90575,0.5792500000000002,0,0.0,-0.1,-0.9,0.1111,0.3239,0.8675,1.0,0.69440665,1.3414909199999998,1.89758763,2.3260351900000003,-0.53767363,-1.036828391,-0.0988155394,-0.2786810866,1.059649524,-1.7021596389999991,0.1740831385,-0.3834431254
165,ASN,1.582,0.647034764826176,2.4718,0.8050200000000001,0.0579799999999997,0,0.0,-0.1,-0.78,0.1111,0.3976,0.6747,0.8272,0.83405719,1.61577171,2.29665281,2.83559393,-0.3666171301000001,-0.7126159405,-0.06006064304,-0.1706136782,1.13836922,-1.2901556961,0.1851241276,-0.3579326558999999
166,GLY,0.633,0.3501106194690265,0.99085,0.76498,0.41002,0,0.0,0.03,0.48,0.4556,0.0,1.0,0.5062,0.69416171,1.3395682299999998,1.89124526,2.3114613200000003,-0.33668497,-0.654571462,-0.0551047829,-0.1565918603,0.8238359840000001,-0.8282853679999995,0.1401124955,-0.1854521785999999
167,GLY,0.829,0.4585176991150442,0.96307,0.75313,0.2258700000000001,0,0.0,0.03,0.48,0.4556,0.0,1.0,0.5062,0.55493512,1.06861622,1.5031636,1.82714936,-0.214751162,-0.4125701579999999,-0.0417078338,-0.1173588724,1.1743952399999995,-2.463008014,0.219008975,-0.7113915426
168,ASP,1.651,0.6158149944050727,2.54507,0.753,0.277,0,0.0,-0.1,-0.9,0.1111,0.3239,0.8675,1.0,0.55524792,1.07106888,1.51124507,1.84569182,-0.25938072,-0.5074820299999999,-0.0376890819,-0.10771875,1.1803336659999997,-3.096889735000002,0.1715349920999999,-0.6624249299999999
169,GLY,1.441,0.7970132743362832,1.49039,0.38073,-0.01373,0,0.0,0.03,0.48,0.4556,0.0,1.0,0.5062,0.27753446,0.53483105,0.75329925,0.91749778,-0.177667005,-0.341834202,-0.0337360594,-0.094998258,0.7829102900000001,-1.7091711550000002,0.145511785,-0.4749913174999999
