2,MET,1.875,0.6287726358148893,2.93193,0.75984,0.3471600000000002,0,0.0,0.8,0.64,0.7111,0.6196,0.0,0.0988,1.11408726,2.16991119,3.11269431,3.8943904,-1.91767127565,-3.7474204316000006,-0.284843147098,-0.81302017597,12.803767339999997,-15.502207160599996,2.047717450299995,-3.631325387940004
3,GLU,1.706,0.6253665689149559,3.11818,0.65904,0.3629600000000003,0,0.0,-0.1,-0.74,0.1111,0.4884,0.8112,0.9136,0.83390614,1.6145866999999998,2.29274513,2.8266187,-1.7503604764,-3.3990628646,-0.2898764663799999,-0.8223590247,12.788894880000022,-19.67268636420003,2.1543933248,-5.058673723200009
4,SER,0.64,0.2941176470588235,1.42996,1.1306500000000002,0.4053499999999999,0,0.0,-0.1,-0.18,0.4111,0.1877,0.8514,0.5309,1.52991791,2.96853111,4.230926520000001,5.24446959,-2.2451157780599997,-4.368763916499997,-0.3568075910150002,-1.01348772116,13.034103350000027,-13.66817911530002,2.112380721199993,-3.5534053906299925
5,ASN,0.675,0.2760736196319018,2.15444,1.2614200000000002,0.5085799999999996,0,0.0,-0.1,-0.78,0.1111,0.3976,0.6747,0.8272,2.36707314,4.60825445,6.60534336,8.25498449,-3.027206666099999,-5.908246206040002,-0.4578612165099999,-1.3046443231599998,9.313758158,-13.215524332019994,1.4339885106000008,-3.130879414679996
6,GLN,1.053,0.3662608695652173,2.63913,1.45554,0.36646,0,0.0,-0.1,-0.85,0.1111,0.5388,0.7952,0.6914,2.5067037800000005,4.88232168,7.00350514,8.761859249999999,-2.81561236155,-5.475816236999998,-0.45707293466,-1.2989713293399994,13.279391855999949,-13.70927613360003,2.084974083100001,-3.3429227977100058
7,SER,0.367,0.1686580882352941,1.29364,1.24371,0.5652900000000003,0,0.0,-0.1,-0.18,0.4111,0.1877,0.8514,0.5309,2.64387308,5.13736698,7.339946210000001,9.13003894,-2.78071976839,-5.422302498200002,-0.4285200339739999,-1.2201944283499997,12.299961986999971,-14.85395816329998,1.8973240278999992,-3.422743816622
8,ASN,1.252,0.5120654396728017,2.18604,1.06526,0.1277399999999997,0,0.0,-0.1,-0.78,0.1111,0.3976,0.6747,0.8272,2.08699641,4.053683980000001,5.787664739999999,7.191779919999999,-2.539462079459999,-4.941549170899998,-0.4061629771870001,-1.1543110352939998,11.426063235999951,-18.56949247390001,1.849217171800004,-4.5717403138320005
9,ASN,1.209,0.494478527607362,2.22739,1.05334,0.1826599999999998,0,0.0,-0.1,-0.78,0.1111,0.3976,0.6747,0.8272,2.22554569,4.31937182,6.158556769999999,7.637122619999999,-1.782682650616,-3.46590220263,-0.290635880236,-0.8256828403179998,13.34363165799996,-21.64253298304007,2.214023170999997,-5.238457364490002
10,GLY,0.091,0.0503318584070796,0.59295,1.04427,0.67273,0,0.0,0.03,0.48,0.4556,0.0,1.0,0.5062,2.50255236,4.85010707,6.89851575,8.52449186,-1.652087002278,-3.2035586016999997,-0.280966498388,-0.7963855654560001,13.360174274999984,-17.046947385310023,2.0778249965999978,-4.103149519675996
11,GLY,0.248,0.1371681415929203,0.93844,1.02485,0.53515,0,0.0,0.03,0.48,0.4556,0.0,1.0,0.5062,2.50510462,4.8699136,6.963068439999999,8.67044132,-1.6038672246000003,-3.1251296186999995,-0.25005675506,-0.7113755958399997,13.665829852000009,-18.636730787400055,2.1962271392000114,-4.502401074280002
12,SER,0.917,0.4214154411764705,1.43874,0.92496,0.33404,0,0.0,-0.1,-0.18,0.4111,0.1877,0.8514,0.5309,1.67115088,3.2550765900000003,4.66990989,5.8441115,-1.88236965915,-3.6650205189,-0.2971137050270001,-0.8445761851499999,17.656372190999996,-23.14239048920001,2.6255630211999845,-5.195273537359996
13,GLY,0.778,0.4303097345132743,0.89068,0.7117100000000001,0.3182899999999999,0,0.0,0.03,0.48,0.4556,0.0,1.0,0.5062,0.97369068,1.8899268,2.69533139,3.3443518300000004,-1.5695502382000002,-3.0407832719999983,-0.2688622022599999,-0.7609425063999996,6.8673696240000055,-13.909210040000012,1.1354053183999997,-3.4567803208999988
14,ASN,0.566,0.2314928425357873,1.96846,1.61356,0.2654400000000001,0,0.0,-0.1,-0.78,0.1111,0.3976,0.6747,0.8272,1.3910930000000004,2.70059459,3.85232053,4.78049773,-1.3800381410100004,-2.6857674580999995,-0.221732819684,-0.63064671732,8.921228311000014,-13.473107396560025,1.380808639799995,-3.028672271959997
15,ALA,1.217,0.5580009170105457,1.29862,0.75135,0.21265,1,0.166666666666667,0.77,0.62,0.7,0.1645,0.249,0.3951,1.2526980200000002,2.4361682800000004,3.48575771,4.34560909,-1.006696916734,-1.960374490049999,-0.15748189207,-0.4474652782100001,6.053521861999994,-7.750395642000006,0.9154855984999986,-1.8866572501000023
16,ALA,0.513,0.2352132049518569,1.13399,1.2543900000000003,0.4136099999999998,2,0.222222222222222,0.77,0.62,0.7,0.1645,0.249,0.3951,1.25207731,2.43129724,3.46969498,4.3087176,-1.0005625912,-1.9533521945000003,-0.15081288888,-0.4299119536,5.7805912020000045,-10.542062809999988,0.856143097199999,-2.357191154200001
17,LEU,1.866,0.7020316027088037,2.47611,0.7881400000000001,0.0038599999999997,1,0.25,1.4,1.1,0.9222,0.663,0.2811,0.0,0.8340377499999999,1.61562835,2.29621156,2.83467725,-0.8187587328999998,-1.5828880479999998,-0.14501950062,-0.4097999098,4.078157187999998,-8.023051287,0.6995175529000003,-2.120134425699999
18,ASN,1.623,0.6638036809815951,2.55295,0.7037000000000001,0.1182999999999997,2,0.333333333333333,-0.1,-0.78,0.1111,0.3976,0.6747,0.8272,0.97363606,1.88949474,2.69389451,3.34101344,-0.4788470449999998,-0.9301727949999998,-0.0789505212999999,-0.2240622250999999,4.002685293,-5.036300842999998,0.6620502876000005,-1.2190287888999989
19,ARG,2.129,0.6349537727408291,3.72002,1.1149,0.1091000000000002,3,0.3,-1.3,-2.5,0.0,0.7346,0.9398,0.6914,1.39172156,2.7055342499999995,3.86863509,4.8180476500000005,-0.4462133485000001,-0.8743930951,-0.0624300960499999,-0.17864141255,4.527202866000008,-5.621183472599991,0.6305103701999997,-1.1567243745999989
20,GLY,0.85,0.4701327433628318,0.97178,0.74289,0.21511,0,0.0,0.03,0.48,0.4556,0.0,1.0,0.5062,0.83400957,1.61539386,2.29539083,2.83264697,-0.3652768794,-0.7030952136,-0.06869701696,-0.1934280091999999,5.569201423999998,-5.706032575000006,0.9478199803999998,-1.6256222889000025
21,GLY,0.574,0.3174778761061946,0.99253,0.8000400000000001,0.4339599999999999,0,0.0,0.03,0.48,0.4556,0.0,1.0,0.5062,0.8338727,1.61433636,2.2919633800000003,2.82495797,-0.4612161435,-0.8965737490000001,-0.0752068774,-0.2135990004,4.711753274999988,-6.150445894000004,0.7601121892999997,-1.474339099600002
22,ARG,2.541,0.7578288100208768,4.11451,0.61631,0.1956900000000002,0,0.0,-1.3,-2.5,0.0,0.7346,0.9398,0.6914,0.83424071,1.61720066,2.30132486,2.84620293,-0.7132863887,-1.3928858477,-0.1062269654699999,-0.30268851014,2.7120419820000023,-6.144474333999999,0.4130212413999999,-1.4138848020000008
23,TYR,1.89,0.5545774647887324,3.9107,1.19369,0.3243100000000001,1,0.25,-0.27,0.26,0.3556,0.8063,0.502,0.1605,1.11304478,2.16186559,3.08661894,3.83587841,-0.6748773961700001,-1.31555767661,-0.104846534796,-0.298514823138,3.2223536389999934,-5.2159457517720025,0.4965101722000002,-1.262898357592001
24,VAL,1.246,0.5117043121149897,1.84537,0.87321,0.31579,2,0.4,1.6,1.1,0.9667,0.4924,0.3655,0.1235,0.97384105,1.89109498,2.6991424000000004,3.3529780799999997,-0.5838169498699998,-1.1205778636,-0.1143821384,-0.3215401799999999,3.573528951999997,-0.8979081251000002,0.5720946590000008,-0.2983652823599994
25,PRO,0.569,0.2551569506726457,1.54487,1.25137,0.4096299999999999,3,0.25,-0.37,0.12,0.3222,0.3764,0.8594,0.3827,1.95027427,3.80225067,5.46349068,6.852861299999999,-0.5330834707180001,-1.0374490759200004,-0.084781967629,-0.240902835356,7.432905744000019,-3.256047655599997,1.0941489381,-0.7113353858599992
26,PRO,1.09,0.4887892376681614,1.93415,1.02132,0.1186799999999999,1,0.125,-0.37,0.12,0.3222,0.3764,0.8594,0.3827,1.53172104,2.98252564,4.27654151,5.347614279999999,-1.1754118937,-2.2876605770000005,-0.18583526316,-0.5278032923000001,11.201462696999936,-12.33119556859998,1.7046607139999943,-2.7572386560000046
27,HIS,0.583,0.2108499095840867,2.45525,1.74667,0.4353300000000004,0,0.0,-0.91,-0.4,0.1444,0.561,0.1124,0.679,1.94896022,3.79199628,5.42987085,6.77623645,-2.0505486770000005,-4.003676602399999,-0.3087603194200001,-0.8803730056399998,15.259883163999984,-26.902519193399968,2.2545465740999933,-5.852246512899993
28,LEU,1.999,0.7520692249811889,2.68223,0.65812,0.0008799999999997,0,0.0,1.4,1.1,0.9222,0.663,0.2811,0.0,1.11300648,2.16158074,3.08573393,3.83401209,-1.7488903801999998,-3.4013074741000007,-0.2817227836400001,-0.8001024338999999,12.443384836000057,-20.877926789000018,2.0319112818000016,-5.160026688700004
29,ARG,2.142,0.638830897703549,3.5439,1.22971,-0.0187099999999997,0,0.0,-1.3,-2.5,0.0,0.7346,0.9398,0.6914,1.25202276,2.4308951800000003,3.4684591200000003,4.30615361,-1.7130302935399997,-3.334028407999999,-0.2734517405399999,-0.77741613573,14.454394551999997,-24.599154142100083,2.2923298118000037,-5.672559414380023
30,GLY,0.351,0.1941371681415929,0.7646299999999999,0.93636,0.5206400000000001,0,0.0,0.03,0.48,0.4556,0.0,1.0,0.5062,1.80854063,3.51169638,5.011010380000001,6.221373699999999,-1.44339861066,-2.80447922534,-0.238310664485,-0.67678213199,17.720588504000066,-22.90545748096001,2.7683830983000117,-5.504637778299978
31,GLY,0.0,0.0,0.5871200000000001,1.02513,0.78287,0,0.0,0.03,0.48,0.4556,0.0,1.0,0.5062,2.3632437899999994,4.57850555,6.50826475,8.03511013,-1.4313004093700006,-2.7788147101000003,-0.2376751422,-0.6740797943900002,14.393614340000054,-22.6262893538,2.4686247636000087,-5.745513692500008
32,ASP,0.546,0.2036553524804177,1.92629,1.40652,0.7284799999999998,0,0.0,-0.1,-0.9,0.1111,0.3239,0.8675,1.0,2.0871981500000003,4.0552209800000005,5.79257835,7.20259661,-1.5355566025699998,-2.9892121944000007,-0.2444545756899999,-0.69516853137,15.31345455100005,-25.85737544219997,2.4818088486000103,-6.180277830019984
33,GLY,0.7,0.3871681415929203,0.89199,0.7009700000000001,0.40703,0,0.0,0.03,0.48,0.4556,0.0,1.0,0.5062,1.80913175,3.5163150100000005,5.026173530000001,6.255996850000001,-1.4448183705000006,-2.8025066018,-0.2439754863099999,-0.6915516744900002,14.648450742999964,-16.971808514500022,2.3476574388000016,-4.232365663699999
34,GLY,0.114,0.0630530973451327,0.54252,0.99195,0.7020499999999998,0,0.0,0.03,0.48,0.4556,0.0,1.0,0.5062,2.08411216,4.03125841,5.71442011,7.025688650000001,-1.93761434575,-3.761638921599998,-0.3239707043375,-0.9193357462059998,12.319967394999995,-17.045088033399985,2.0750829376,-4.272616071907999
35,ALA,0.419,0.192113709307657,1.06807,1.11624,0.6457600000000001,0,0.0,0.77,0.62,0.7,0.1645,0.249,0.3951,1.94508654,3.76178886,5.33091348,6.55094557,-2.2142651919000005,-4.294410306699999,-0.3763956338599999,-1.0672740568,12.899201483000091,-24.447137726600022,2.247434941699998,-6.355059614399984
36,ALA,0.858,0.3933975240715268,1.09597,0.90778,0.41522,0,0.0,0.77,0.62,0.7,0.1645,0.249,0.3951,1.80839125,3.5105734500000003,5.007476070000001,6.21376717,-2.0885260769900005,-4.059453476570001,-0.340026950852,-0.96524571642,13.736386669000012,-19.30133885261001,2.2736566750999927,-4.74137719816999
37,ALA,0.806,0.3695552498853737,1.23178,0.95537,0.41963,0,0.0,0.77,0.62,0.7,0.1645,0.249,0.3951,1.8100639000000005,3.5235829,5.04997911,6.3101818,-3.037040074250001,-5.92875412307,-0.4590187532150002,-1.3085976489850004,11.045020864999977,-14.6474104922,1.687551460200002,-3.4146923500499997
38,ALA,0.946,0.4337459880788629,1.21507,0.81421,0.4207900000000001,0,0.0,0.77,0.62,0.7,0.1645,0.249,0.3951,0.97360173,1.88921546,2.69293929,3.33871451,-2.3681368128000004,-4.5984645853,-0.39160609556,-1.1106442344699998,9.54026072999998,-12.854266409999994,1.540158731199997,-3.352902333900002
39,ALA,1.15,0.5272810637322328,1.26885,0.75389,0.2771100000000002,0,0.0,0.77,0.62,0.7,0.1645,0.249,0.3951,1.5313120300000005,2.97933226,4.2660668,5.32372774,-2.6414866749100003,-5.15275311583,-0.40393833003,-1.150510803166,9.900263456999978,-10.078029939799984,1.5543852699000005,-2.4553955028099987
40,SER,0.518,0.2380514705882352,1.48267,1.14827,0.50973,1,0.037037037037037,-0.1,-0.18,0.4111,0.1877,0.8514,0.5309,2.22676656,4.328845350000001,6.189434339999999,7.70694243,-2.6056332231,-5.076587742420002,-0.4099025611379999,-1.1668638716000004,9.662463022999988,-9.240740028980008,1.5447596043999938,-2.176674133140003
41,ALA,0.729,0.3342503438789546,1.13631,0.85633,0.5956699999999999,2,0.105263157894737,0.77,0.62,0.7,0.1645,0.249,0.3951,1.66875011,3.23639255,4.60882769,5.70543116,-2.1972527887000006,-4.2614758763000005,-0.3702503611900001,-1.0489244037999998,11.07606849000007,-11.88786599650002,1.7557364187000035,-2.963165669300005
42,GLY,0.529,0.2925884955752212,0.8150700000000001,0.99055,0.28845,2,0.0909090909090909,0.03,0.48,0.4556,0.0,1.0,0.5062,2.22656348,4.3274093,6.18523392,7.698915639999999,-2.008695310586,-3.919044385749999,-0.3042438899347001,-0.8662189869660001,10.374921556000022,-15.92947933580002,1.5918115983999983,-3.748423662731997
43,GLY,0.99,0.5475663716814159,1.00098,0.7094,0.1086,0,0.0,0.03,0.48,0.4556,0.0,1.0,0.5062,1.81104615,3.5312666,5.07522998,6.36791148,-1.245809463717,-2.43100349206,-0.1887495324399999,-0.5376266890249998,13.755633523999975,-14.120063595770004,2.108064047700007,-3.3498992440060045
44,ASP,0.909,0.3390525923162999,2.25533,1.1498800000000002,0.6221199999999998,1,0.111111111111111,-0.1,-0.9,0.1111,0.3239,0.8675,1.0,1.39116668,2.70119493,3.85437692,4.7854556200000005,-0.7970928651,-1.5529534402399998,-0.124603415284,-0.35447043909,11.829915174,-11.285663495999996,1.812765062699999,-2.6813237933400003
45,ASP,1.742,0.649757553151809,2.52977,0.69817,0.2408300000000001,0,0.0,-0.1,-0.9,0.1111,0.3239,0.8675,1.0,0.97387381,1.89135084,2.69998178,3.35489226,-0.8562097039400002,-1.6697341667000003,-0.1309243905299999,-0.37261994629,10.848136272999978,-16.587466273399972,1.6474138429999976,-3.9159559440000007
46,ARG,2.341,0.6981807336713391,3.81168,0.96783,0.0441700000000001,0,0.0,-1.3,-2.5,0.0,0.7346,0.9398,0.6914,0.83372813,1.61320175,2.2882191400000003,2.81634887,-0.5010265614399999,-0.9762764477,-0.07862692604,-0.2238403246499999,11.461337565999976,-12.54617578720001,1.8846225626999975,-2.9275075600799902
47,ARG,2.043,0.609305099910528,3.86189,1.1914,0.1186,1,0.142857142857143,-1.3,-2.5,0.0,0.7346,0.9398,0.6914,1.11266331,2.15888947,3.07686488,3.81365875,-0.5212291478000001,-1.0110438420999996,-0.08659018216,-0.2450496796999999,11.944258082999976,-9.304984186200036,1.8529744872,-2.3906976201000028
48,GLY,0.517,0.2859513274336283,0.96095,0.8172999999999999,0.4737,1,0.0833333333333333,0.03,0.48,0.4556,0.0,1.0,0.5062,1.6711306300000004,3.254902709999999,4.6692823500000005,5.842504149999999,-1.4696651389000006,-2.879464698,-0.20689443218,-0.59203583116,13.146175785999988,-19.4692278124,1.860937192499992,-4.038501224339999
49,GLY,0.919,0.5082964601769911,0.964,0.7132699999999998,0.1757300000000001,0,0.0,0.03,0.48,0.4556,0.0,1.0,0.5062,1.53190595,2.98398684,4.28139592,5.3588752500000005,-1.31174313187,-2.5636615838,-0.1926808804639999,-0.54960694365,12.149921347999967,-21.122169832900003,1.806247018599999,-4.519441301809996
50,ALA,1.015,0.4653828519027968,1.32161,0.78867,0.3773300000000001,1,0.0833333333333333,0.77,0.62,0.7,0.1645,0.249,0.3951,1.67035578,3.24887974,4.649620180000001,5.79795236,-1.69503978785,-3.30507043915,-0.2601623028579999,-0.74040642973,14.538029132999954,-24.362908835000013,2.261119718699999,-5.672973929259996
51,GLY,0.464,0.2566371681415929,0.80779,1.00263,0.3413700000000002,2,0.0740740740740741,0.03,0.48,0.4556,0.0,1.0,0.5062,2.08682502,4.05237027,5.783436200000001,7.182376839999998,-2.284533982000001,-4.447944324900001,-0.3624292662700002,-1.0306943625999998,10.993338943999971,-17.736498832000034,1.7867878198000011,-4.3250949200000015
52,GLY,0.053,0.0293141592920353,0.72725,1.00656,0.7484400000000002,1,0.0263157894736842,0.03,0.48,0.4556,0.0,1.0,0.5062,2.64329291,5.132836289999999,7.325077480000001,9.09610163,-2.0960376843,-4.069871131199999,-0.34929335994,-0.9913124788899998,12.650536219999998,-19.529261307999963,1.9824346966000013,-4.607755038419997
53,GLY,0.08,0.0442477876106194,0.56004,1.07144,0.65656,0,0.0,0.03,0.48,0.4556,0.0,1.0,0.5062,3.06377711,5.9676143800000006,8.56131629,10.71348565,-2.14279342734,-4.1649878645000005,-0.3488582980799999,-0.9903344303499996,13.117239988999945,-20.72061335999997,2.100238687699995,-5.078867844199985
54,GLY,0.274,0.1515486725663717,0.93055,0.9868,0.5472000000000001,2,0.0714285714285714,0.03,0.48,0.4556,0.0,1.0,0.5062,2.5057600200000003,4.87500085,6.979660900000002,8.708004019999999,-2.0088926150870003,-3.90041563414,-0.3351161583569998,-0.951018893071,12.126859045999996,-13.858360895589986,2.0144814369999904,-3.455553197584998
55,TYR,1.071,0.3142605633802817,3.32213,1.58635,0.7506499999999998,2,0.166666666666667,-0.27,0.26,0.3556,0.8063,0.502,0.1605,1.8099780900000004,3.5229119700000004,5.04777174,6.30512554,-2.1893592628,-4.256034511399999,-0.35574256149,-1.0099898952000004,12.467911254000096,-14.995594872400002,1.844522711000008,-3.3172569753199928
56,ARG,1.74,0.5189382642409782,3.4812,1.3850600000000002,0.22794,4,0.25,-1.3,-2.5,0.0,0.7346,0.9398,0.6914,1.52933662,2.9639198600000003,4.215550660000001,5.20863956,-1.7371427853000008,-3.383109896000001,-0.2734777334000001,-0.7777315558999996,9.191817688999985,-11.615761852000006,1.4488025299000014,-2.800964603499992
57,ARG,2.124,0.6334625708320907,3.87276,1.1472999999999998,0.0817000000000003,0,0.0,-1.3,-2.5,0.0,0.7346,0.9398,0.6914,1.25215394,2.43189631,3.47166209,4.31320836,-1.0725850116200002,-2.0965875826,-0.1577846954399999,-0.45032298534,10.135882282000011,-7.357197486499981,1.5913986382000027,-1.7283356625200026
58,GLY,0.91,0.5033185840707964,1.02862,0.72877,0.16923,0,0.0,0.03,0.48,0.4556,0.0,1.0,0.5062,0.97313649,1.88556712,2.68091635,3.3111233399999995,-0.6725833013849999,-1.31277249535,-0.102203282896,-0.29137602425,11.393341397999995,-9.743938804799974,1.7924147794000105,-2.213841640899996
59,GLY,0.705,0.389933628318584,1.02468,0.79965,0.3033500000000002,1,0.1,0.03,0.48,0.4556,0.0,1.0,0.5062,0.83349406,1.61134494,2.28202723,2.8019160000000003,-0.8795251839999999,-1.7122554829999994,-0.1411572257499999,-0.4017519538,10.357654147000003,-14.718209178000002,1.7547739084000045,-3.5188309184000013
60,GLY,0.701,0.387721238938053,0.99471,0.80711,0.2998900000000002,2,0.222222222222222,0.03,0.48,0.4556,0.0,1.0,0.5062,1.11263913,2.15869647,3.07621826,3.8121429,-1.4503952540999996,-2.8278354173,-0.2220007926,-0.6315423055600001,9.268445372,-16.33257668999998,1.4753214159999986,-3.975363217839997
61,ASN,1.028,0.4204498977505113,2.22288,1.2196999999999998,0.1973,4,0.266666666666667,-0.1,-0.78,0.1111,0.3976,0.6747,0.8272,1.66956638,3.24271009,4.62936014,5.751678029999999,-1.6867568226999998,-3.2913383563000003,-0.25716972476,-0.7328746989599999,9.66724875399999,-10.745875073600008,1.493162021799994,-2.5678754480200023
62,SER,0.918,0.421875,1.66735,0.97705,0.2809499999999999,0,0.0,-0.1,-0.18,0.4111,0.1877,0.8514,0.5309,2.08897873,4.069097330000001,5.83800406,7.305912569999999,-1.7113136009800003,-3.3301487187199994,-0.2722680330579999,-0.7734581888800001,10.064370380999945,-9.425779618369988,1.5075751986999972,-2.232372526825998
63,GLY,0.51,0.2820796460176991,0.93203,0.91277,0.3852300000000002,0,0.0,0.03,0.48,0.4556,0.0,1.0,0.5062,2.92667549,5.713129610000001,8.22683057,10.3501296,-2.6126683616700004,-5.088782439500001,-0.4111892708869999,-1.169610124816,10.302560201999988,-14.465697921920004,1.539212868000002,-3.2460226450400085
64,GLY,0.061,0.0337389380530973,0.77881,1.1282299999999998,0.6187700000000003,0,0.0,0.03,0.48,0.4556,0.0,1.0,0.5062,3.20246501,6.2342851900000005,8.93510204,11.1644309,-2.95136569353,-5.755577975039999,-0.4542223331399999,-1.2935623591199994,10.97358133699995,-20.923095093520004,1.6095228312999978,-4.511620021259994
65,GLY,0.0,0.0,0.62725,1.07194,0.7360599999999999,0,0.0,0.03,0.48,0.4556,0.0,1.0,0.5062,2.7831293999999995,5.40860761,7.729164910000001,9.617517779999998,-2.34761796403,-4.562782673000003,-0.3823182982699999,-1.0851927349899997,10.92297535400003,-21.858930394499943,1.6990136103999989,-4.962273495350021
66,GLY,0.638,0.3528761061946903,0.92742,0.82167,0.3483299999999999,0,0.0,0.03,0.48,0.4556,0.0,1.0,0.5062,2.08800132,4.06145521,5.812899150000001,7.248543240000001,-2.4579616094500008,-4.787156701119999,-0.3871052756215001,-1.10100456191,10.137136668999991,-16.112008906099994,1.590818060000002,-3.749343414532005
67,GLY,0.133,0.0735619469026548,0.7192799999999999,1.11551,0.55949,0,0.0,0.03,0.48,0.4556,0.0,1.0,0.5062,2.08640026,4.04903342,5.7724214,7.15704506,-2.4365385808,-4.74318304668,-0.388490569733,-1.104938109305,10.998365207999964,-17.146134973460047,1.750543008399993,-3.953588104895012
68,GLY,0.3,0.165929203539823,0.8208799999999999,1.05475,0.4532500000000001,0,0.0,0.03,0.48,0.4556,0.0,1.0,0.5062,1.8089496,3.5148753900000007,5.021389120000001,6.2448923,-2.473277093360001,-4.8216177588,-0.384276752454,-1.0943115474299998,12.014831134999987,-20.51173905039994,1.9493245338999965,-4.771636610410018
69,GLY,0.281,0.1554203539823009,0.8422799999999999,0.92734,0.5996600000000002,0,0.0,0.03,0.48,0.4556,0.0,1.0,0.5062,1.80873715,3.5132556100000003,5.016207970000001,6.23347753,-2.592823355358,-5.040903904305,-0.4219807618984999,-1.19859904161,14.487366589000093,-22.72039410550498,2.351511227500014,-5.489557849119993
70,TYR,1.21,0.3550469483568075,3.90702,1.4981099999999998,0.6998900000000001,1,0.0769230769230769,-0.27,0.26,0.3556,0.8063,0.502,0.1605,1.52996989,2.96884978,4.23167177,5.245253829999999,-2.5720409771000003,-5.006287478800002,-0.41122939275,-1.1695135846000004,13.617673686000012,-26.55969315500001,2.265449067899996,-6.553810512960006
71,ASP,1.248,0.4654979485266691,2.38621,1.0240000000000002,0.4089999999999998,2,0.285714285714286,-0.1,-0.9,0.1111,0.3239,0.8675,1.0,1.25223846,2.43256276,3.47387083,4.318314839999999,-2.28616452386,-4.460708505460001,-0.3479394891430001,-0.99121068669,14.572550407999982,-23.20269815370006,2.308893813999994,-5.669587075739988
72,ARG,1.703,0.5079033701163137,3.4915,1.2569799999999998,0.3930200000000003,2,0.5,-1.3,-2.5,0.0,0.7346,0.9398,0.6914,0.83410996,1.61618904,2.29804084,2.8388191700000003,-1.7210849624999998,-3.3442619520000005,-0.2813105175699999,-0.7982732838600003,15.925710616000105,-29.349453852999968,2.688531373300012,-7.765696696860013
73,GLY,0.559,0.3091814159292035,0.85771,0.8377100000000001,0.41129,1,0.166666666666667,0.03,0.48,0.4556,0.0,1.0,0.5062,1.11310941,2.16238465,3.08837186,3.84003077,-1.951003614900001,-3.797510009859999,-0.3090152660879999,-0.8780459995699997,15.629821907999988,-26.49349386650006,2.4964172300000023,-6.424666218599989
74,TYR,0.777,0.2279929577464788,3.43289,1.93609,0.6949099999999997,0,0.0,-0.27,0.26,0.3556,0.8063,0.502,0.1605,2.0893356899999995,4.071934670000001,5.84748387,7.32806374,-2.717799384120001,-5.31040391646,-0.400773487742,-1.1428174074100002,14.670241306999976,-27.643537223659955,2.1552038241000098,-5.984361430711997
75,ASN,0.747,0.305521472392638,2.2728200000000003,1.29265,0.4053500000000001,1,0.0666666666666667,-0.1,-0.78,0.1111,0.3976,0.6747,0.8272,1.81004333,3.52341899,5.04942854,6.308886080000001,-1.840577607,-3.5860218183,-0.28836186696,-0.8205368915000002,12.247708119999992,-21.611602754,2.0005903333000004,-5.047332817700011
76,ASP,0.622,0.2320029839612085,1.97055,1.2229100000000002,0.83609,0,0.0,-0.1,-0.9,0.1111,0.3239,0.8675,1.0,1.80911581,3.5161872300000003,5.02574065,6.25496643,-2.3553337817399997,-4.583798980499999,-0.37616521936,-1.0692542881300005,9.100880636000031,-17.33109721499999,1.553597842099999,-4.380710414699992
77,ASN,0.292,0.1194274028629856,1.87213,1.6239400000000002,0.5290599999999999,1,0.0625,-0.1,-0.78,0.1111,0.3976,0.6747,0.8272,1.80926393,3.5173584,5.02963644,6.264019129999999,-1.4592284379799998,-2.85662596087,-0.2067932843129999,-0.590716113285,11.647526103999985,-20.09324976276002,1.6531236298000007,-4.267132558959997
78,ARG,2.182,0.6507605129734565,3.83315,0.89807,0.2729300000000002,1,0.111111111111111,-1.3,-2.5,0.0,0.7346,0.9398,0.6914,1.25184103,2.42945173,3.46363939,4.294902759999999,-0.815763828,-1.586940149,-0.13013266377,-0.3694788729,8.869678073999978,-17.440306818,1.4494463030000018,-4.33593802380001
79,ASP,1.117,0.4166355837374114,2.34159,0.92206,0.64194,0,0.0,-0.1,-0.9,0.1111,0.3239,0.8675,1.0,0.83296409,1.60723071,2.2686153100000004,2.77158593,-0.661832506,-1.2825781790000002,-0.1142418677,-0.3238062339999999,10.077045258999991,-15.862253854000055,1.7568993625999982,-4.143909364299991
80,ASP,1.593,0.5941812756434166,2.60083,0.73158,0.35642,0,0.0,-0.1,-0.9,0.1111,0.3239,0.8675,1.0,0.83411255,1.61619725,2.29802387,2.8386447,-0.70133200593,-1.3703118953,-0.104264976954,-0.2974955381299999,10.101404631999957,-18.356758182999908,1.548438563600005,-4.13122129659999
81,ARG,1.85,0.551744706233224,3.39841,1.43604,0.0669600000000001,0,0.0,-1.3,-2.5,0.0,0.7346,0.9398,0.6914,0.97222775,1.87848418,2.6577268600000004,3.25837252,-0.6671332111,-1.298253359,-0.1066208843,-0.3030477827,8.673743808000028,-13.313951502500023,1.4406689810000004,-3.1596739415999933
82,ASP,0.927,0.3457665050354345,2.3612,1.1218,0.6321999999999999,0,0.0,-0.1,-0.9,0.1111,0.3239,0.8675,1.0,1.25132627,2.42541175,3.45031445,4.26428743,-0.9889160189999996,-1.929236646,-0.1517965102,-0.432591952,8.881949630000026,-19.06614935800002,1.375700694500002,-4.275532935000008
83,ASN,1.138,0.465439672801636,2.19596,1.23428,0.0727199999999999,2,0.166666666666667,-0.1,-0.78,0.1111,0.3976,0.6747,0.8272,1.39071609,2.69765581,3.84269393,4.75858415,-0.9318854577,-1.810763178,-0.1539525616799999,-0.4373005770999999,8.517342361999972,-12.645391414000008,1.4188646394000015,-3.062922761100001
84,ARG,1.849,0.5514464658514763,3.81341,1.24945,0.2545500000000003,1,0.166666666666667,-1.3,-2.5,0.0,0.7346,0.9398,0.6914,1.25305218,2.43893915,3.49486648,4.36644456,-1.0900590203000002,-2.1123930170000005,-0.18600518114,-0.5265616224000002,9.954580299999956,-7.438722106999984,1.4267073108000057,-1.6292712522
85,GLY,0.762,0.4214601769911504,0.93562,0.7516,0.2944,0,0.0,0.03,0.48,0.4556,0.0,1.0,0.5062,1.11309772,2.16227368,3.08793737,3.83882252,-0.9780729424,-1.897568753,-0.1639276188299999,-0.4645180485000001,8.756244157999971,-12.402411713999973,1.4057267747999986,-3.0702218913999952
86,GLY,0.389,0.2151548672566371,0.86846,0.94595,0.4730499999999999,1,0.0666666666666667,0.03,0.48,0.4556,0.0,1.0,0.5062,1.11066471,2.14329827,3.02576635,3.69725316,-1.06537107,-2.071885763,-0.1738748789,-0.4943634585,7.652930837999988,-15.339679551000009,1.2795921143000069,-3.739396649099999
87,SER,1.327,0.6098345588235293,1.49174,0.73901,0.1099900000000002,1,0.1,-0.1,-0.18,0.4111,0.1877,0.8514,0.5309,0.97280087,1.8829695,2.67247728,3.29213035,-0.9672754153199996,-1.8924049176,-0.139074525474,-0.39710138428,7.740096138000005,-17.910554542799993,1.206018547199999,-4.018350155400004
88,GLY,0.761,0.4209070796460177,0.95607,0.6502200000000001,0.39678,1,0.142857142857143,0.03,0.48,0.4556,0.0,1.0,0.5062,0.8336586300000001,1.61267077,2.28651975,2.81260434,-0.8220852809999999,-1.602193538,-0.1274853928,-0.362735296,8.084916690999977,-20.102874640999985,1.3344928633999955,-4.755235157000011
89,GLY,0.862,0.4767699115044247,0.88878,0.6992900000000002,0.2467099999999998,1,0.1,0.03,0.48,0.4556,0.0,1.0,0.5062,0.97251496,1.88073267,2.66512324,3.27530606,-0.870760167,-1.695851301,-0.1374302797,-0.3909411305999999,7.889218379999979,-18.088755446,1.2973862135000005,-4.361022826000001
90,TYR,1.21,0.3550469483568075,3.62905,1.58363,0.6143700000000001,1,0.0666666666666667,-0.27,0.26,0.3556,0.8063,0.502,0.1605,1.2502800400000005,2.41730743,3.4239527900000004,4.20484526,-1.2957962146,-2.517024810200001,-0.21371211017,-0.6064583302,10.20073698599999,-19.97613153569996,1.7169508594000054,-5.066760877299997
91,GLY,0.544,0.3008849557522124,0.82513,0.86403,0.39997,0,0.0,0.03,0.48,0.4556,0.0,1.0,0.5062,1.80883674,3.51402752,5.018723529999999,6.23916723,-1.66491489199,-3.238427149239999,-0.2692106854559999,-0.7651204198799999,11.301895632999994,-15.7421706078,1.884394855900007,-3.975119373640004
92,ARG,0.61,0.18192663286609,3.19953,1.91154,0.8314600000000001,0,0.0,-1.3,-2.5,0.0,0.7346,0.9398,0.6914,1.80922159,3.51701888,5.02849134,6.2613113,-2.0081929776200003,-3.90456617497,-0.3260510844670001,-0.92608729223,10.131960841999954,-10.370162260800004,1.6274390120999982,-2.612531977850004
93,ASP,0.573,0.2137262215591197,2.11442,1.18579,0.9222100000000002,0,0.0,-0.1,-0.9,0.1111,0.3239,0.8675,1.0,2.08631283,4.04839078,5.770449379999999,7.152962939999999,-2.55219016214,-4.954175116350002,-0.4259161576959998,-1.20803345065,9.77079768999998,-12.061509616450008,1.622040911400004,-3.1535062311100006
94,ARG,0.053,0.0158067402326274,2.37416,2.2689200000000005,1.0310799999999998,0,0.0,-1.3,-2.5,0.0,0.7346,0.9398,0.6914,3.2042924100000008,6.248538140000001,8.98180579,11.27079772,-2.2951157922300003,-4.47877700814,-0.3484347577459998,-0.9927847069400004,7.519388424000006,-5.974882607139994,1.041085868800001,-1.2346019339399998
95,ASN,0.825,0.3374233128834356,2.08374,1.27851,0.3414899999999998,0,0.0,-0.1,-0.78,0.1111,0.3976,0.6747,0.8272,2.78458299,5.419860189999999,7.76574375,9.69993012,-2.342003796099999,-4.561823009200001,-0.36774864613,-1.0459864213199996,9.666322672999964,-9.812205496,1.4910575285999943,-2.5061402541000013
96,TYR,1.836,0.5387323943661972,3.71944,1.29467,0.2773299999999998,1,0.0476190476190476,-0.27,0.26,0.3556,0.8063,0.502,0.1605,1.80737899,3.50271489,4.98184804,6.155769,-2.68880703026,-5.211006546400001,-0.4603753701639998,-1.3040064392100004,13.420379673999994,-13.299425390299952,2.239415189999996,-3.6398586856000006
97,GLU,1.003,0.3676686217008797,2.63199,1.23271,0.4922900000000003,2,0.0952380952380952,-0.1,-0.74,0.1111,0.4884,0.8112,0.9136,1.6682787099999998,3.23272159,4.596816090000001,5.678121570000001,-2.82543013281,-5.4873931103,-0.4681109464300001,-1.3284445894600003,12.752741489000034,-13.119181212299964,2.134309875999992,-3.500946680229996
98,ASP,0.364,0.1357702349869451,1.7966399999999998,1.4066500000000002,0.91035,0,0.0,-0.1,-0.9,0.1111,0.3239,0.8675,1.0,1.94900477,3.79234086,5.43098974,6.778753909999999,-2.47742283618,-4.832727855099998,-0.37755640807,-1.0750627350700002,12.311098318000017,-6.701563811900008,1.804885856299998,-1.59877216496
99,ARG,1.6,0.4771846107963018,3.10663,1.52266,0.2303400000000002,0,0.0,-1.3,-2.5,0.0,0.7346,0.9398,0.6914,1.5295066899999998,2.96524435,4.21988346,5.21848775,-1.99915014004,-3.886108440300001,-0.326698094314,-0.9279510801499998,11.453470837000038,-14.166274354100034,1.9548142614999973,-3.67122667414
100,GLY,0.849,0.4695796460176991,0.97581,0.7453799999999999,0.2136200000000001,0,0.0,0.03,0.48,0.4556,0.0,1.0,0.5062,1.53025729,2.97105961,4.238801039999999,5.26114587,-2.0670824888,-4.0113895302,-0.3464312129299998,-0.9822950165000002,10.829879200000022,-14.417064226500004,1.8147549947000048,-3.660440235780004
101,TYR,0.292,0.0856807511737089,2.92582,1.99996,1.11604,0,0.0,-0.27,0.26,0.3556,0.8063,0.502,0.1605,2.5070368600000004,4.884991599999999,7.012503670000001,8.78312055,-2.81154945277,-5.4904104600100005,-0.4196355624010001,-1.1960218727170002,11.527358220000032,-10.713279727509995,1.6646069989,-2.398786071996999
102,ASN,0.405,0.1656441717791411,1.73743,1.4812900000000002,0.5587099999999998,2,0.08,-0.1,-0.78,0.1111,0.3976,0.6747,0.8272,2.22492984,4.31459584,6.142999080000001,7.601966559999999,-2.710898354315999,-5.263605524780003,-0.4506677997239999,-1.27853761899,12.324958460000056,-13.895905941199969,2.028236122600004,-3.504979263699997
103,GLY,0.0,0.0,0.4879,0.9594400000000002,0.8485599999999999,1,0.0222222222222222,0.03,0.48,0.4556,0.0,1.0,0.5062,2.7808323600000007,5.3907522000000005,7.670858660000002,9.48533547,-2.13216852565,-4.1427119779,-0.3500561981999998,-0.99357873635,10.250383404000027,-11.30125492778998,1.6458014021999996,-2.85854455821
104,GLY,0.302,0.1670353982300884,0.7320300000000001,0.90875,0.5972500000000001,2,0.0571428571428571,0.03,0.48,0.4556,0.0,1.0,0.5062,2.08544515,4.04160697,5.74816974,7.102071560000001,-2.039523436500001,-3.958401315999999,-0.341220540845,-0.96772178032,16.050765913000074,-22.72977083350008,2.663802339600001,-5.758691394400013
105,GLY,0.485,0.2682522123893805,0.7719199999999999,0.86532,0.45768,0,0.0,0.03,0.48,0.4556,0.0,1.0,0.5062,1.94853156,3.78860218,5.41857474,6.74997535,-1.5922669066600004,-3.0909804056999994,-0.2674089232900001,-0.7590214864299999,17.46946306300009,-21.097572295400028,2.8772068776999973,-5.209881304600022
106,GLY,0.507,0.2804203539823008,0.8271999999999999,0.96138,0.33962,0,0.0,0.03,0.48,0.4556,0.0,1.0,0.5062,2.08804133,4.06180676,5.814187349999999,7.251897,-1.5210028682100003,-2.9530644889599995,-0.254718532112,-0.723085867514,17.550968302000022,-21.102289184629967,2.855797629800018,-5.368694883729989
107,GLY,0.211,0.1167035398230088,0.75386,1.0873700000000002,0.5096299999999998,2,0.08,0.03,0.48,0.4556,0.0,1.0,0.5062,1.80757047,3.50412055,4.98615736,6.164684729999999,-1.99874937946,-3.8978161779000007,-0.3090400157799999,-0.8804353065500001,17.17255308399995,-30.88680003209991,2.672802371800016,-7.111114074029997
108,GLY,0.966,0.53429203539823,0.93399,0.6667400000000001,0.1752599999999999,0,0.0,0.03,0.48,0.4556,0.0,1.0,0.5062,1.11259686,2.1583705500000003,3.07516275,3.80977729,-1.2648562222300002,-2.4604904092,-0.20227924632,-0.5744005868,14.49439614799996,-23.57183066959999,2.2876105141999923,-5.731183522979984
109,GLY,0.968,0.5353982300884955,1.02152,0.6271800000000001,0.21282,0,0.0,0.03,0.48,0.4556,0.0,1.0,0.5062,0.83382768,1.61398902,2.29083881,2.82243958,-0.9574618495,-1.8596316153000003,-0.1580646544829999,-0.44849958925,12.566323172999992,-21.304007014000057,2.007558692900008,-5.146625348900003
110,ASN,1.231,0.5034764826175869,2.35304,0.94885,0.2651499999999998,2,0.181818181818182,-0.1,-0.78,0.1111,0.3976,0.6747,0.8272,1.11211085,2.15458264,3.06276121,3.78156629,-1.3782956255399998,-2.6940792397,-0.2028534707299999,-0.5789245226999998,12.144519146000036,-21.76904006879996,1.8650516779999984,-4.8195229402
111,ARG,2.445,0.7291977333730987,3.93068,0.9816399999999998,-0.0736399999999994,4,0.2,-1.3,-2.5,0.0,0.7346,0.9398,0.6914,1.3905946,2.69674614,3.839845,4.75249942,-1.3918277546199995,-2.7104059242,-0.2208798827099999,-0.62849446722,15.362875448000064,-20.40832768549997,2.3912313724000054,-4.7527176133
112,GLY,0.435,0.2405973451327433,0.7605299999999999,0.94863,0.4243699999999999,3,0.230769230769231,0.03,0.48,0.4556,0.0,1.0,0.5062,1.81031202,3.52556093,5.05660654,6.3257227,-1.6343846674999996,-3.17850885055,-0.26346328859,-0.7482144804800003,15.287280716,-19.67094556010002,2.351480460100007,-4.685989884000007
113,TYR,1.972,0.5786384976525821,3.70259,1.11635,0.31965,3,0.15,-0.27,0.26,0.3556,0.8063,0.502,0.1605,2.22756762,4.335119510000001,6.21008218,7.754238409999999,-1.9776608354140004,-3.846800169919999,-0.3186296175994999,-0.9052818995220004,14.931536204999963,-20.018040751420003,2.322183633800013,-4.755106578220001
114,ASN,0.44,0.1799591002044989,1.77449,1.4466099999999995,0.5583900000000002,2,0.0526315789473684,-0.1,-0.78,0.1111,0.3976,0.6747,0.8272,2.78251805,5.40379975,7.713276800000001,9.58093037,-1.853286854774,-3.610482521055001,-0.288766258934,-0.8210941784939999,13.792321118000018,-19.51412358486496,2.130576585400005,-4.5786120287140015
115,ASN,0.113,0.0462167689161554,1.80818,1.6202,0.7117999999999998,0,0.0,-0.1,-0.78,0.1111,0.3976,0.6747,0.8272,2.78242573,5.4029294100000005,7.70990377,9.571649999999996,-1.990554986976,-3.8701034891,-0.325533842654,-0.9251249406800002,10.676050798000022,-14.624186149100016,1.7782541699000085,-3.5301074304899998
116,ASN,0.9,0.3680981595092025,2.1874100000000003,1.2696299999999998,0.2753700000000001,0,0.0,-0.1,-0.78,0.1111,0.3976,0.6747,0.8272,2.08801442,4.061568780000001,5.813307590000001,7.2495838799999985,-2.3411151862,-4.5591627183000005,-0.3700588135799998,-1.0526450655900004,11.992568192999949,-21.437506342300004,1.799405646000004,-4.692866162319987
117,ARG,2.528,0.7539516850581568,3.75246,0.8858299999999999,-0.0608299999999997,0,0.0,-1.3,-2.5,0.0,0.7346,0.9398,0.6914,1.39218278,2.70914139,3.88048702,4.84513697,-2.2416880736,-4.3660881895,-0.35128907926,-0.99875571888,13.164482231999983,-22.0034561636,2.0243996104000077,-4.937994428020002
118,GLY,0.26,0.1438053097345132,0.75665,1.0167,0.5313000000000001,0,0.0,0.03,0.48,0.4556,0.0,1.0,0.5062,1.6678285,3.2292236000000005,4.5854023900000005,5.65227926,-2.756906944203,-5.361896695679998,-0.4464890396859999,-1.2687837496290002,11.460714721999974,-22.106641492300007,1.8935284570000115,-5.436812961449996
119,GLY,0.212,0.1172566371681415,0.62281,0.94894,0.6470600000000002,0,0.0,0.03,0.48,0.4556,0.0,1.0,0.5062,1.94656712,3.773299400000001,5.368499580000001,6.63614412,-2.680222810114999,-5.206351623079998,-0.443707064136,-1.25972972332,10.23759772799996,-14.0929225454,1.749681090600007,-3.6762169123000006
120,GLY,0.451,0.2494469026548672,0.74837,0.8941899999999999,0.46281,0,0.0,0.03,0.48,0.4556,0.0,1.0,0.5062,2.36638194,4.60283811,6.58750866,8.214100579999998,-2.3242566713099992,-4.526108150960001,-0.3679629491379999,-1.0467041401259998,7.969967930999983,-6.430924235920002,1.2972478071999998,-1.6547518510799986
121,GLY,0.303,0.1675884955752212,0.7056399999999999,0.93545,0.5695500000000001,0,0.0,0.03,0.48,0.4556,0.0,1.0,0.5062,2.64713855,5.162747670000001,7.422804240000002,9.31779925,-2.043959775,-3.9853865708,-0.3156001607700001,-0.8986490985200004,7.586160154000009,-4.225714920600008,1.1570921697999998,-1.0096277483600016
122,GLY,0.525,0.2903761061946903,0.7818,0.93333,0.3496699999999998,0,0.0,0.03,0.48,0.4556,0.0,1.0,0.5062,1.6702674000000002,3.24817165,4.64723593,5.792325470000001,-2.27322532341,-4.406547789399999,-0.38675205554,-1.09535042509,8.953215935000003,-8.72476347509999,1.4399119547999988,-2.204308213110002
123,GLY,0.12,0.0663716814159292,0.63006,1.09112,0.5968800000000001,0,0.0,0.03,0.48,0.4556,0.0,1.0,0.5062,1.94776157,3.7826511,5.399262770000001,6.706570879999998,-2.5716593623000006,-5.006657895599999,-0.4097432851900001,-1.16558192785,10.091475492000011,-14.965132169299988,1.626910875499998,-3.540735163860003
124,TYR,1.041,0.3054577464788732,3.71607,1.5369500000000005,0.8300499999999997,0,0.0,-0.27,0.26,0.3556,0.8063,0.502,0.1605,1.9502558400000003,3.80209161,5.46291341,6.85137342,-2.37663236051,-4.642514263439998,-0.35361859863,-1.0084329933699998,14.509830553999992,-19.71573763819999,2.1643284460000016,-4.540440299629997
125,ASN,0.466,0.1905930470347648,1.85183,1.5001099999999998,0.47889,0,0.0,-0.1,-0.78,0.1111,0.3976,0.6747,0.8272,1.39032337,2.6945948000000004,3.832673460000001,4.73579344,-1.7085075266000005,-3.3106647220000003,-0.29461030679,-0.8347764289800003,14.486726030000057,-16.05991195119998,2.360953779699987,-4.01403993726
126,ARG,1.689,0.5037280047718461,3.69586,1.10589,0.5581100000000001,0,0.0,-1.3,-2.5,0.0,0.7346,0.9398,0.6914,1.5310539600000004,2.97732562,4.2595152,5.308879609999999,-2.2040457999000003,-4.2973754269,-0.3388541055399999,-0.9644038404,12.37324186600007,-23.88023636940001,1.9522613133999989,-5.7301473104999925
127,GLN,0.66,0.2295652173913043,2.37523,1.61013,0.6048699999999998,0,0.0,-0.1,-0.85,0.1111,0.5388,0.7952,0.6914,1.53001383,2.96922841,4.23303766,5.248749849999999,-1.4926333384,-2.9112664539999997,-0.22827440441,-0.6499865590999999,12.599468445000044,-24.170632738999952,2.077018982800012,-5.880402741800007
128,ASP,1.119,0.4173815740395374,2.40423,0.8833900000000001,0.6786099999999999,0,0.0,-0.1,-0.9,0.1111,0.3239,0.8675,1.0,1.11269625,2.15913717,3.07764309,3.81532698,-1.014705908,-1.972198221,-0.16529354771,-0.4691825582499999,9.972598907999997,-18.68669293809995,1.6128065890000003,-4.621625659149996
129,ARG,1.618,0.4825529376677602,3.61292,1.3153900000000005,0.4196099999999998,0,0.0,-1.3,-2.5,0.0,0.7346,0.9398,0.6914,1.11159721,2.15056335,3.0495462,3.75133293,-0.981679198517,-1.9081119891400005,-0.1604472516809999,-0.4556644751179999,9.21826479299999,-16.40583983141999,1.5614314164999987,-4.013348373602004
130,GLY,0.306,0.1692477876106194,0.7673099999999999,0.98035,0.5216500000000001,0,0.0,0.03,0.48,0.4556,0.0,1.0,0.5062,1.39041189,2.69531086,3.83510711,4.74160257,-1.2009294421,-2.3466565280000005,-0.17860072406,-0.5097446028,11.124677355999967,-19.027986103000018,1.6997679114999955,-4.186670954200001
131,ASP,1.464,0.5460649011562849,2.53454,0.79936,0.4176400000000001,0,0.0,-0.1,-0.9,0.1111,0.3239,0.8675,1.0,1.2523675600000002,2.4335727299999994,3.47718996,4.325904249999999,-1.1086601783,-2.1636479100000003,-0.1671629592399999,-0.4760712993,9.23303444,-13.508210087700016,1.4420051164000025,-3.062286688399997
132,GLY,0.593,0.3279867256637168,0.92669,0.7501,0.4649000000000001,0,0.0,0.03,0.48,0.4556,0.0,1.0,0.5062,1.39197345,2.7074956300000004,3.87504913,4.83261461,-1.00121183346,-1.9569918911,-0.1472591085699999,-0.4202291866300001,8.373256472000019,-14.417764368999997,1.268106243799999,-3.2680038422999966
133,GLY,0.254,0.1404867256637168,0.7830400000000001,1.02434,0.52966,0,0.0,0.03,0.48,0.4556,0.0,1.0,0.5062,1.39057384,2.69656132,3.8391611600000006,4.75070266,-0.9854346919,-1.9168082869000005,-0.15843952298,-0.4500723329,8.371436197000019,-19.37657105100005,1.2873497809000034,-4.396585714700001
134,SER,0.291,0.1337316176470588,1.30198,1.24204,0.6429600000000002,1,0.111111111111111,-0.1,-0.18,0.4111,0.1877,0.8514,0.5309,1.53016045,2.97036274,4.23672108,5.25703293,-0.7741394412,-1.507755302,-0.1211837888499999,-0.3444915924,6.447218903999995,-15.018255258499993,0.971161755000001,-3.2532696365000024
135,SER,1.033,0.4747242647058823,1.6850200000000002,0.7855,0.3575000000000002,1,0.166666666666667,-0.1,-0.18,0.4111,0.1877,0.8514,0.5309,1.39215034,2.70887541,3.87956967,4.84290622,-0.6786752243570001,-1.32440577466,-0.1032102850586,-0.294114898377,4.127302723000002,-7.721289864710001,0.6271659708999996,-1.6774882126640005
136,ASN,0.83,0.3394683026584867,2.09389,1.21166,0.4033399999999998,4,0.307692307692308,-0.1,-0.78,0.1111,0.3976,0.6747,0.8272,1.39079023,2.69825996,3.84476403,4.76357618,-0.8449883535,-1.6491489945999998,-0.12819096686,-0.3653448055,4.047540596000003,-8.152549661400004,0.6254915221000001,-1.8275645991999996
137,PHE,1.203,0.3869411386297845,3.43621,1.3674700000000002,0.5385299999999997,3,0.2,1.1,1.2,0.8111,0.783,0.0763,0.037,1.11126532,2.14797119,3.04103883,3.73191511,-0.8964819363,-1.7428069272999998,-0.1467536287,-0.4170084924,4.16128549,-8.305651018999997,0.6827629063999989,-1.9495753506999984
138,SER,1.28,0.5882352941176471,1.6555799999999998,0.7303299999999999,0.1656700000000002,1,0.166666666666667,-0.1,-0.18,0.4111,0.1877,0.8514,0.5309,0.97327374,1.88665131,2.68451697,3.31947111,-0.62970635236,-1.2184310591999996,-0.110061361453,-0.3111955082900001,3.416679181999999,-5.095032040799994,0.5453438584000003,-1.27931253726
139,ARG,1.012,0.3018192663286609,3.41821,1.7750899999999998,0.5659100000000004,4,0.333333333333333,-1.3,-2.5,0.0,0.7346,0.9398,0.6914,1.25117789,2.42428621,3.44673798,4.25648576,-0.8820145718000002,-1.7228138037,-0.13220640065,-0.3772038673,3.302698087,-6.271884268300006,0.4988273842000001,-1.3793532728999975
140,GLY,0.49,0.2710176991150442,0.87727,0.80593,0.51207,2,0.153846153846154,0.03,0.48,0.4556,0.0,1.0,0.5062,1.25107664,2.42346832,3.4439591700000003,4.2498528,-0.8920308819999999,-1.737911453,-0.1405986979,-0.4002680489,3.3006426940000004,-6.496159893000007,0.5183462949999998,-1.4786614195
141,GLY,0.902,0.4988938053097345,0.95172,0.68074,0.22526,2,0.222222222222222,0.03,0.48,0.4556,0.0,1.0,0.5062,0.9730607300000002,1.88500611,2.67918299,3.30749862,-0.4576150885,-0.8817841262999999,-0.08527411589,-0.2404555040999999,3.372763290000002,-2.864654247300001,0.5751988124000005,-0.7946149701000003
142,TYR,1.143,0.335387323943662,3.5420800000000003,1.6259200000000005,0.6390799999999994,5,0.416666666666667,-0.27,0.26,0.3556,0.8063,0.502,0.1605,1.25214802,2.43186293,3.47159744,4.313199979999999,-0.6498837167300001,-1.2655975707499998,-0.102674043774,-0.2920396839399999,3.026746456,-4.850493107500004,0.4603862428999997,-1.0932197296000004
143,ASN,0.869,0.3554192229038855,2.08988,1.3025399999999998,0.27346,1,0.0909090909090909,-0.1,-0.78,0.1111,0.3976,0.6747,0.8272,1.11213726,2.15476467,3.06327362,3.78247387,-0.4961269791,-0.9640713625,-0.0809561031199999,-0.22970894763,2.5524114,-3.0921261196,0.4116581938999997,-0.7874527347800001
144,ASN,1.641,0.6711656441717792,2.58825,0.74495,0.0590499999999998,1,0.166666666666667,-0.1,-0.78,0.1111,0.3976,0.6747,0.8272,0.83382118,1.61391665,2.29052497,2.82148683,-0.6802154149999999,-1.322404445,-0.1107218372,-0.3144542569999999,2.395238135999997,-5.557295290000002,0.3869580859000002,-1.3426913850000002
145,ARG,2.435,0.7262153295556218,3.66641,1.04386,-0.1258599999999998,0,0.0,-1.3,-2.5,0.0,0.7346,0.9398,0.6914,0.6944462299999999,1.34180924,1.89866501,2.32859542,-0.707741526,-1.3776885290000005,-0.1124458829,-0.319672055,2.079339744,-6.061644919000003,0.3493094444999999,-1.475469716
146,ASP,0.996,0.371503170458784,2.13961,1.07692,0.6080800000000002,0,0.0,-0.1,-0.9,0.1111,0.3239,0.8675,1.0,0.69412897,1.3393120799999998,1.8904028,2.3095339900000003,-0.7789312665000001,-1.511985971,-0.1307959156,-0.3711629201999999,2.271883154,-4.496196334000002,0.4126146605999999,-1.1584933282
147,GLU,1.3,0.4765395894428152,2.70931,1.29163,0.1363700000000001,0,0.0,-0.1,-0.74,0.1111,0.4884,0.8112,0.9136,1.11300244,2.16152517,3.08546734,3.83314415,-0.9729573503,-1.8911950726,-0.15773075219,-0.44760016757,2.4351635929999955,-3.1460911192000007,0.3852676344999999,-0.78544712144
148,GLY,0.439,0.2428097345132743,0.862,0.90076,0.4682400000000001,0,0.0,0.03,0.48,0.4556,0.0,1.0,0.5062,1.25301059,2.4386152,3.49380788,4.36404404,-1.2359556213,-2.401639122,-0.2007083879499999,-0.5692082472300001,1.3736682520000003,-1.859057569,0.2250771296999999,-0.4924079895499998
149,SER,0.439,0.2017463235294117,1.42599,1.1731599999999998,0.5638400000000003,3,0.25,-0.1,-0.18,0.4111,0.1877,0.8514,0.5309,1.25165691,2.4279979,3.45881147,4.28370717,-1.1066945093,-2.1513549639,-0.1816302642799999,-0.5161563490999999,1.1368557680000002,-1.5200742240999996,0.1990381264,-0.3779254411999999
150,ASP,0.539,0.2010443864229765,2.09093,1.34076,0.80124,4,0.25,-0.1,-0.9,0.1111,0.3239,0.8675,1.0,1.66931531,3.240763940000001,4.623028880000001,5.73740302,-0.9635833415,-1.8733202796,-0.1566945428999999,-0.4450180532,1.1008320960000002,-1.7226584335999997,0.1663275297,-0.4062667073
151,ASN,0.768,0.3141104294478528,2.05361,1.2039799999999998,0.47302,5,0.277777777777778,-0.1,-0.78,0.1111,0.3976,0.6747,0.8272,1.66830419,3.23291093,4.5974089000000005,5.67939583,-0.7132116399999999,-1.387856411,-0.1136957499999999,-0.3230333995,1.3344765400000005,-3.0723570350000005,0.2183153742,-0.7525426209999999
152,ARG,1.421,0.4237995824634655,3.18906,1.55376,0.3782400000000001,4,0.285714285714286,-1.3,-2.5,0.0,0.7346,0.9398,0.6914,1.25095643,2.42252529,3.44084913,4.2427088500000005,-0.5485018653000001,-1.065692106,-0.09090138433,-0.2582184548,2.078727721999999,-2.047500107000001,0.3574797487000001,-0.4995257359000004
153,GLY,0.345,0.1908185840707964,0.7047100000000001,0.8828699999999999,0.5801300000000001,2,0.181818181818182,0.03,0.48,0.4556,0.0,1.0,0.5062,1.11202506,2.15391907,3.06060707,3.77672281,-0.7986721013000002,-1.5593363223,-0.1196876912599999,-0.3410892511,2.435789541999997,-4.172201713000001,0.3810703816,-1.0001699109
154,SER,1.375,0.6318933823529411,1.54791,0.67045,0.1305500000000001,1,0.142857142857143,-0.1,-0.18,0.4111,0.1877,0.8514,0.5309,0.83352495,1.61160196,2.28292538,2.8041338500000004,-0.7769694179999997,-1.514269891,-0.1217369031,-0.3466847331,3.766790187999999,-6.605519266999998,0.6323301204999987,-1.5367168679
155,GLY,1.013,0.560287610619469,1.05792,0.64653,0.1484700000000001,1,0.142857142857143,0.03,0.48,0.4556,0.0,1.0,0.5062,0.9733982,1.88762578,2.68772379,3.3268166600000004,-0.9682321665999998,-1.89074356,-0.1443329112,-0.411316393,3.1437870560000016,-6.494114449999998,0.4858406695999998,-1.4846680852000007
156,ARG,1.543,0.4601849090366835,3.35639,1.39728,0.4127200000000002,2,0.142857142857143,-1.3,-2.5,0.0,0.7346,0.9398,0.6914,1.2502375,2.41696779,3.42281658,4.20219108,-0.940166842,-1.8307959680000003,-0.148434424,-0.4221414182999999,2.315692789,-4.062554022999999,0.3814618918999999,-1.0033276462000005
157,SER,1.003,0.4609374999999999,1.22263,0.8835700000000001,0.2894300000000002,2,0.153846153846154,-0.1,-0.18,0.4111,0.1877,0.8514,0.5309,1.52961187,2.96607473,4.22263517,5.2248420200000005,-0.7502806649999999,-1.4565079620000003,-0.12513749325,-0.354969838,1.5300850509999997,-2.893083985,0.2578608165000001,-0.7203927507000003
158,TYR,0.692,0.2030516431924882,3.26002,2.0819400000000003,0.6340599999999998,4,0.285714285714286,-0.27,0.26,0.3556,0.8063,0.502,0.1605,1.80870059,3.51300129,5.015487650000001,6.23219113,-0.7207901080000001,-1.399951769,-0.1180964737,-0.3348388667,0.9817129740000003,-2.3339696570000004,0.1570574484,-0.5514163448
159,ASN,0.59,0.2413087934560327,1.93,1.3483200000000002,0.5066799999999998,2,0.2,-0.1,-0.78,0.1111,0.3976,0.6747,0.8272,1.67014008,3.24716777,4.643910740000001,5.784645070000001,-1.0396550302999998,-2.02198484,-0.1673898154999999,-0.475384454,0.7869294560000002,-1.5294003180000004,0.1135148908999999,-0.3059070011999999
160,ASN,0.967,0.3955010224948875,2.32096,1.1532099999999998,0.3247899999999999,1,0.111111111111111,-0.1,-0.78,0.1111,0.3976,0.6747,0.8272,1.39045038,2.6955780099999997,3.83586757,4.74298281,-1.2465426518999998,-2.4278037338,-0.19755058274,-0.5622328167,0.980268442,-0.9347333065,0.1711971075,-0.2247157022
161,ASP,1.237,0.4613950018649758,2.30304,1.01799,0.42601,0,0.0,-0.1,-0.9,0.1111,0.3239,0.8675,1.0,1.1133797200000002,2.1645054,3.095364930000001,3.85609281,-1.1667981354500003,-2.2682451691,-0.18830828865,-0.53430984051,1.0606641490000002,-0.986551315,0.1649921994,-0.2773812619
162,ARG,2.342,0.6984789740530868,3.77194,0.99254,0.01846,1,0.125,-1.3,-2.5,0.0,0.7346,0.9398,0.6914,0.97297093,1.8842719,2.67665972,3.30139112,-0.8858229202700001,-1.7183683345,-0.15057597939,-0.42715972707,1.4878236279999997,-2.604402686,0.2761198536000001,-0.6948437669999994
163,ARG,1.609,0.479868774232031,3.53091,1.4152399999999998,0.3287600000000004,2,0.181818181818182,-1.3,-2.5,0.0,0.7346,0.9398,0.6914,1.2512092600000002,2.42451664,3.4474437300000003,4.2579428,-1.0058559406999998,-1.963867005,-0.1519446025,-0.433339365,1.807762416000001,-2.0807327209999995,0.2814310400000001,-0.4936510659999997
164,ASP,1.226,0.4572920552032823,2.37935,0.8198599999999999,0.6351400000000001,1,0.166666666666667,-0.1,-0.9,0.1111,0.3239,0.8675,1.0,0.97328389,1.88675269,2.6849272200000005,3.32064561,-0.7223165042,-1.4073379638,-0.11213203445,-0.3188138074,1.4150473559999994,-2.537282403,0.2136581550000001,-0.5828480002999997
165,ASN,1.465,0.5991820040899796,2.47556,0.79643,0.1835699999999998,1,0.25,-0.1,-0.78,0.1111,0.3976,0.6747,0.8272,0.8339964100000001,1.6152949,2.2950811,2.83198608,-0.5321717560000001,-1.033517112,-0.0881407908,-0.2501042876,1.5303428189999992,-3.468989876000001,0.2536974085,-0.8642582236000007
166,GLY,0.66,0.3650442477876106,0.96108,0.78796,0.3600400000000001,1,0.142857142857143,0.03,0.48,0.4556,0.0,1.0,0.5062,0.8329161500000001,1.6068627,2.26742976,2.76894854,-0.4195506912,-0.812104402,-0.0737134592799999,-0.2087343163399999,1.5307128220000008,-2.1759258479999994,0.2551926552999999,-0.5285575617000003
167,GLY,0.738,0.4081858407079646,1.02438,0.7606999999999999,0.3093000000000001,0,0.0,0.03,0.48,0.4556,0.0,1.0,0.5062,0.8340200099999999,1.61547132,2.29563239,2.83315854,-0.2725559449999999,-0.53144450156,-0.04176095251,-0.11882282171,1.3357853939999988,-1.6122026419799995,0.2084936139,-0.3953180300999999
168,ASP,1.602,0.597538232002984,2.5831,0.70322,0.37578,0,0.0,-0.1,-0.9,0.1111,0.3239,0.8675,1.0,0.55534235,1.07180914,1.51368334,1.85128293,-0.2987501409999999,-0.579512883,-0.0502321381,-0.1423291953,2.2374461249999977,-4.053237624000001,0.3650291493000002,-1.0087075553999998
169,GLY,1.48,0.8185840707964601,1.39884,0.35422,-0.0262199999999999,0,0.0,0.03,0.48,0.4556,0.0,1.0,0.5062,0.27746852,0.5343151399999999,0.75160345,0.91362017,-0.316513338,-0.6121742410000001,-0.05605532,-0.158553126,0.901242712,-2.5142370000000005,0.1611397515,-0.6493269429999998
