2,MET,2.489,0.834674714956405,2.67843,0.53147,-0.0384699999999996,0,0.0,0.8,0.64,0.7111,0.6196,0.0,0.0988,0.4170573599999999,0.8081120499999999,1.14907435,1.41952178,-0.7104066933000002,-1.3786520256999997,-0.11805258943,-0.33448631074,8.635806631999996,-17.157068537,1.4037878088000046,-4.311090960400013
3,GLU,1.048,0.3841642228739003,2.63446,1.2945299999999995,0.3854700000000004,0,0.0,-0.1,-0.74,0.1111,0.4884,0.8112,0.9136,1.1132398,2.16339188,3.0916372,3.84735914,-1.4858679844899998,-2.9010996712700003,-0.223954198797,-0.63857305893,13.133324232999993,-17.803257760000015,1.9629720824000052,-4.047414390600003
4,SER,1.284,0.5900735294117647,1.6725800000000002,0.7900900000000001,0.10191,0,0.0,-0.1,-0.18,0.4111,0.1877,0.8514,0.5309,1.11343292,2.16490395,3.0966114199999994,3.85874635,-1.8189998011499997,-3.548428907,-0.27626280042,-0.7864149115099999,12.230502399999953,-18.63068229429997,1.801301915000006,-4.178562978169992
5,ASN,0.539,0.2204498977505112,2.05508,1.51753,0.3884699999999996,0,0.0,-0.1,-0.78,0.1111,0.3976,0.6747,0.8272,1.6705508100000002,3.25039815,4.65458843,5.809247729999999,-2.230507408465,-4.338652519269998,-0.3591772191305,-1.020447577568,18.52467814100001,-28.417149353500037,2.7285097020999967,-6.196777754800004
6,GLN,1.453,0.5053913043478261,2.80049,1.04323,0.3787699999999998,0,0.0,-0.1,-0.85,0.1111,0.5388,0.7952,0.6914,2.0889314,4.068709569999999,5.8366662,7.30265796,-2.4779193005600013,-4.827377027000001,-0.388556844108,-1.10548167298,20.13003731000027,-33.80892531880002,3.0431569283999926,-7.546814595199994
7,SER,0.113,0.0519301470588235,1.12029,1.39448,0.6685200000000002,0,0.0,-0.1,-0.18,0.4111,0.1877,0.8514,0.5309,2.7848366499999995,5.42181235,7.77205628,9.71405708,-2.52106535,-4.915657114299999,-0.3893143783099999,-1.10862859326,17.562564658999953,-31.13640649159998,2.752332661399978,-7.2991541463600145
8,ASN,0.779,0.3186094069529652,2.06369,1.2754500000000002,0.3905499999999997,0,0.0,-0.1,-0.78,0.1111,0.3976,0.6747,0.8272,2.08912953,4.0702697,5.841830799999999,7.31458206,-1.9902018458,-3.877861388800001,-0.31106488017,-0.8850968351100001,20.01082834900004,-26.7233010608,3.0310284441999773,-6.056551060379991
9,ASN,1.489,0.608997955010225,2.26414,1.01197,-0.0559700000000003,0,0.0,-0.1,-0.78,0.1111,0.3976,0.6747,0.8272,1.39147339,2.70356382,3.86205481,4.80267998,-1.5088321980000003,-2.93063795815,-0.250277853374,-0.7104845581300003,16.102655015999993,-21.40632532999997,2.578439341400025,-5.1913479523699895
10,GLY,0.521,0.2881637168141593,0.89456,0.8888199999999999,0.39818,0,0.0,0.03,0.48,0.4556,0.0,1.0,0.5062,1.11243642,2.15707774,3.07077975,3.7993426,-1.5774734756999995,-3.074863748499999,-0.2466838733399999,-0.7026467595,14.33590947200004,-21.626737877999947,2.300295399399998,-5.059007357299996
11,GLY,0.679,0.3755530973451327,0.8773000000000001,0.8158299999999999,0.31317,0,0.0,0.03,0.48,0.4556,0.0,1.0,0.5062,1.25189798,2.42993089,3.4653306900000005,4.29912542,-1.6995757706,-3.319901263,-0.25363505204,-0.7235013086,16.552250257000026,-24.712914976600008,2.4971658269000088,-5.71129912958
12,SER,1.279,0.5877757352941175,1.73654,0.61334,0.2836600000000002,0,0.0,-0.1,-0.18,0.4111,0.1877,0.8514,0.5309,0.8339160600000001,1.61466047,2.29297423,2.8271012,-1.309030844,-2.5390763351000003,-0.22076104368,-0.6256167140000001,17.11198123199992,-25.679675144999933,2.8188583288999705,-6.538117777600025
13,GLY,0.621,0.3434734513274336,0.77936,0.88323,0.3037700000000001,0,0.0,0.03,0.48,0.4556,0.0,1.0,0.5062,1.5310923200000002,2.97762396,4.260487390000001,5.311078149999999,-1.60213232984,-3.12000085593,-0.2519675102149999,-0.7163577615200002,18.70617859800011,-18.742026152600086,2.8787705756000164,-4.464148286770005
14,ASN,0.14,0.0572597137014315,1.92729,1.7161799999999998,0.5888199999999999,0,0.0,-0.1,-0.78,0.1111,0.3976,0.6747,0.8272,2.50584972,4.875683380000002,6.9818342100000015,8.712755549999999,-2.098534551899999,-4.089282846999999,-0.32716151956,-0.9309464875999992,19.301072084000005,-25.952937622800075,2.9251637098999903,-5.936503730280003
15,ALA,0.55,0.2521779000458505,1.12433,1.07675,0.5542499999999999,0,0.0,0.77,0.62,0.7,0.1645,0.249,0.3951,2.5056235200000003,4.87387313,6.97574174,8.69838717,-2.1622984171000006,-4.2028413521,-0.35465751222,-1.00750382463,15.165120410999902,-23.837741793199985,2.3949981349000025,-5.634830722999993
16,ALA,0.212,0.0972031178358551,0.95177,1.25064,0.7183600000000001,0,0.0,0.77,0.62,0.7,0.1645,0.249,0.3951,2.22739074,4.333755130000001,6.20566652,7.744350949999999,-2.27508067333,-4.420817129509999,-0.3733818134110001,-1.060001325842,14.996839044999923,-17.480913753800007,2.4430576132000152,-4.4317466083
17,LEU,1.463,0.5504138449962378,2.42028,0.8028700000000001,0.3921299999999997,0,0.0,1.4,1.1,0.9222,0.663,0.2811,0.0,1.53107173,2.9774979900000003,4.26019765,5.310797059999999,-2.278680970618,-4.435387062474001,-0.3600599568714999,-1.0229037403220005,17.09268651700015,-25.80529814815604,2.643129075600025,-6.161120008027996
18,ASN,0.546,0.2233128834355828,1.91409,1.4290299999999998,0.46997,0,0.0,-0.1,-0.78,0.1111,0.3976,0.6747,0.8272,1.52968699,2.96664785,4.2244729,5.22890913,-2.5201883871000006,-4.908879583899997,-0.3978364871399999,-1.13213646734,16.375389087000034,-35.184309910200035,2.6336718012999887,-8.337989330639987
19,ARG,1.726,0.5147628988965105,3.55105,1.25094,0.3760600000000003,0,0.0,-1.3,-2.5,0.0,0.7346,0.9398,0.6914,1.5294041100000002,2.96444542,4.21727045,5.21255032,-1.9111841574,-3.710309976199999,-0.3198579434099999,-0.9077683466,17.30683625500005,-20.49110873299998,2.8822319853000007,-5.225328852529998
20,GLY,0.349,0.1930309734513274,0.7861899999999999,0.99363,0.46537,0,0.0,0.03,0.48,0.4556,0.0,1.0,0.5062,1.66969727,3.24377249,4.6329881,5.7603923,-2.0904349667,-4.071315038000001,-0.328182543904,-0.93317731802,12.407249260999947,-10.943757205799995,2.0008503261000032,-2.7083472744599995
21,GLY,0.477,0.2638274336283185,0.90893,0.9272699999999998,0.4037300000000001,0,0.0,0.03,0.48,0.4556,0.0,1.0,0.5062,1.94943651,3.795672230000001,5.44177958,6.80293872,-2.4651745081,-4.817946051450001,-0.36487258431,-1.0414751187579996,11.00438204000001,-11.271654433199998,1.6975315314999997,-2.643875720960001
22,ARG,1.796,0.5356397256188488,3.72521,1.06454,0.4924600000000001,0,0.0,-1.3,-2.5,0.0,0.7346,0.9398,0.6914,1.95057031,3.80454551,5.470957579999999,6.8697008,-3.4382164228000005,-6.7326721611,-0.487771504385,-1.3945485923,11.952871187000015,-17.821528814999994,1.7953074055000022,-4.020672143820002
23,TYR,0.929,0.272593896713615,3.29529,1.86974,0.6092600000000001,0,0.0,-0.27,0.26,0.3556,0.8063,0.502,0.1605,1.6711596000000004,3.25515308,4.6701906300000005,5.844844999999999,-2.8884816927840022,-5.633531898492,-0.4430832194007,-1.261760253444001,12.730273522000024,-14.549965312643996,1.9704986124999992,-3.567846547128004
24,VAL,0.835,0.3429158110882956,1.72731,1.31875,0.28125,0,0.0,1.6,1.1,0.9667,0.4924,0.3655,0.1235,2.22933776,4.34890448,6.25517383,7.856688320000001,-2.3957166771200007,-4.675101779439999,-0.3632944458079999,-1.0349667540699996,11.126932610000011,-6.988202837200005,1.673421966299996,-1.6045523146699985
25,PRO,0.398,0.1784753363228699,1.68157,1.3364500000000004,0.4955499999999995,0,0.0,-0.37,0.12,0.3222,0.3764,0.8594,0.3827,2.64554786,5.150351200000001,7.38222013,9.22548255,-1.9704499403000004,-3.8265601820599993,-0.3256032085019999,-0.9236257542739998,14.68488978000002,-13.04186597639001,2.368111305300011,-3.4414963682300077
26,PRO,0.133,0.0596412556053811,1.58292,1.4433,0.6537,0,0.0,-0.37,0.12,0.3222,0.3764,0.8594,0.3827,2.9243621900000005,5.695071510000002,8.167612140000001,10.21512762,-1.8942735740300003,-3.6783167846,-0.3160447482399999,-0.8971598508849997,14.316806557000026,-11.779046625599998,2.1045266334999986,-2.701993126955001
27,HIS,0.75,0.2712477396021699,2.77878,1.536,0.4790000000000001,0,0.0,-0.91,-0.4,0.1444,0.561,0.1124,0.679,2.78505738,5.42349686,7.77744791,9.72594324,-2.569103191630001,-4.98844056104,-0.4250720143289999,-1.2054900094700003,17.08613672300003,-18.47883000970004,2.700906862100008,-4.700774791205988
28,LEU,0.897,0.3374717832957111,2.32344,1.50703,0.2539699999999998,0,0.0,1.4,1.1,0.9222,0.663,0.2811,0.0,2.9251120200000003,5.70102142,8.18744983,10.26133678,-2.0803372172000003,-4.053912909529999,-0.3227712257720001,-0.91805827991,11.63195937600002,-9.682113926500016,1.7954704109,-2.385930045929996
29,ARG,1.57,0.4682373993438711,3.45955,1.48632,0.2966800000000003,0,0.0,-1.3,-2.5,0.0,0.7346,0.9398,0.6914,2.08773132,4.05939051,5.806274050000001,7.23388877,-1.7354047678100006,-3.3711518354300005,-0.2851653848509999,-0.8090814622399998,12.334907569999952,-15.43128933148004,1.9408168121000124,-3.7539247716900017
30,GLY,0.426,0.2356194690265486,0.85297,0.89425,0.4877500000000001,0,0.0,0.03,0.48,0.4556,0.0,1.0,0.5062,1.25016242,2.41639511,3.4209818400000005,4.198137040000001,-1.2510250351,-2.426813343800001,-0.2116135454699999,-0.6000264441,11.335898737,-17.502916984000027,1.9301697074999975,-4.635593101600004
31,GLY,0.999,0.5525442477876106,1.00597,0.6906300000000001,0.1183699999999999,0,0.0,0.03,0.48,0.4556,0.0,1.0,0.5062,1.11306626,2.16203671,3.08719305,3.83722739,-0.867217552844,-1.6956066906299996,-0.12694074389,-0.3623931514,11.991243847999964,-15.105035037960008,1.805386980700008,-3.4496384523679944
32,ASP,1.721,0.6419246549794853,2.53237,0.7336600000000001,0.2263399999999998,0,0.0,-0.1,-0.9,0.1111,0.3239,0.8675,1.0,0.97359105,1.88914784,2.69277341,3.338509,-1.01675980564,-1.98542910546,-0.150902108421,-0.42982551901,11.00666418799994,-14.398190192399978,1.661611144199995,-3.358914816939994
33,GLY,0.744,0.411504424778761,0.96345,0.7522000000000001,0.3117999999999999,0,0.0,0.03,0.48,0.4556,0.0,1.0,0.5062,1.2516082200000005,2.42765177,3.45779529,4.28175675,-1.568318338,-3.069246794000001,-0.2257412055,-0.6451394209000001,9.47556059499998,-12.901995088000008,1.4255907797999974,-2.814930139800004
34,GLY,0.605,0.3346238938053097,0.93743,0.7940699999999999,0.4089300000000001,0,0.0,0.03,0.48,0.4556,0.0,1.0,0.5062,1.3903792,2.69506223,3.8343118,4.73984804,-2.144943427540001,-4.17965261643,-0.336081897742,-0.9566881245,9.30505019099996,-18.187108651499976,1.5129448894999928,-4.382933305375011
35,ALA,0.39,0.1788170563961485,1.05867,1.1534,0.6376,0,0.0,0.77,0.62,0.7,0.1645,0.249,0.3951,1.8087825000000004,3.51360719,5.01735717,6.23609151,-2.490335892670001,-4.839916869599996,-0.40871930184,-1.1608545062200002,8.162331858999998,-13.170175007699983,1.3636128281000008,-3.3665525893799977
36,ALA,0.5,0.2292526364053186,1.15297,1.19046,0.49054,0,0.0,0.77,0.62,0.7,0.1645,0.249,0.3951,1.9471488800000003,3.77790796,5.38383464,6.671772039999999,-2.5412929632600005,-4.926716314430001,-0.434191356983,-1.2305642618600006,7.536053386999995,-6.915039231849997,1.2447786334999973,-1.7425450927000012
37,ALA,0.633,0.2902338376891334,1.06294,0.99938,0.5486200000000001,0,0.0,0.77,0.62,0.7,0.1645,0.249,0.3951,1.6701911900000002,3.2475615799999997,4.6451826700000005,5.787485199999999,-2.902197087250001,-5.649266484799997,-0.4636461090300001,-1.31865468276,8.016751075999998,-8.817473756299998,1.2408064794000018,-2.0733369805000006
38,ALA,1.044,0.4786795048143054,1.3328,0.74505,0.39195,1,0.0909090909090909,0.77,0.62,0.7,0.1645,0.249,0.3951,1.8109626,3.530608199999999,5.073050950000001,6.36288301,-3.2794098963,-6.404413789800001,-0.4902472577099998,-1.3976709140999997,9.91355124400001,-12.218605368800002,1.4405784866000018,-2.7200549432999934
39,ALA,0.254,0.1164603392939018,1.15841,1.17396,0.7530399999999999,1,0.0434782608695652,0.77,0.62,0.7,0.1645,0.249,0.3951,1.94890166,3.79149323,5.42806143,6.771621089999998,-2.81895243367,-5.490682556399999,-0.44535996761,-1.267362323700001,13.906602725000017,-20.722083224300047,2.202380958499992,-5.019597029040015
40,SER,0.987,0.4535845588235294,1.50887,0.90097,0.28803,1,0.111111111111111,-0.1,-0.18,0.4111,0.1877,0.8514,0.5309,1.25260678,2.43543856,3.48330317,4.33982492,-2.1588046277999995,-4.2067033107,-0.3360942742099999,-0.9561766989,13.676795620000023,-21.72836615279998,2.093887122200001,-5.028301474019996
41,ALA,0.814,0.3732232920678587,1.27812,0.94724,0.41976,0,0.0,0.77,0.62,0.7,0.1645,0.249,0.3951,0.97343501,1.88790021,2.68857721,3.32861913,-1.8177048538,-3.5392048003000003,-0.28808645346,-0.8192728290999997,12.443518686000036,-21.625089036500004,2.0384371278000053,-5.4743678010599925
42,GLY,0.848,0.4690265486725663,0.94688,0.7488900000000001,0.21111,0,0.0,0.03,0.48,0.4556,0.0,1.0,0.5062,0.6947152700000001,1.34391094,1.90556166,2.34433222,-1.145556935,-2.228115755,-0.1829477686999999,-0.5192658155000001,10.09189378000001,-23.882654931999976,1.6101413544000072,-5.812480498000002
43,GLY,0.832,0.4601769911504424,1.02355,0.75282,0.22318,0,0.0,0.03,0.48,0.4556,0.0,1.0,0.5062,0.6944702600000001,1.3419890299999997,1.89922661,2.32978878,-0.533323502,-1.037737381,-0.0855750405999999,-0.243238104,4.116674403999999,-9.362022282999998,0.7172904572999991,-2.3483015490000017
44,ASP,1.697,0.6329727713539725,2.4788,0.87176,0.11224,0,0.0,-0.1,-0.9,0.1111,0.3239,0.8675,1.0,0.55506843,1.06965864,1.5065875400000002,1.8349725,-0.518232203,-1.002720386,-0.0909927452,-0.257383072,2.626322809999998,-7.205186587999998,0.4614002949000003,-1.881770417
45,ASP,0.865,0.3226408056695263,2.13689,1.2155399999999998,0.6004600000000002,0,0.0,-0.1,-0.9,0.1111,0.3239,0.8675,1.0,0.6944064299999999,1.34149986,1.89765502,2.32630708,-0.8999776325,-1.752121194,-0.1417596146999999,-0.4028241205,2.390535036999999,-6.254370206999997,0.4248462096000001,-1.6446909309999995
46,ARG,2.249,0.6707426185505517,4.0516000000000005,0.69045,0.4135500000000001,0,0.0,-1.3,-2.5,0.0,0.7346,0.9398,0.6914,0.97403109,1.89257356,2.70397235,3.3639300700000003,-0.768969949,-1.5005050718,-0.11672884487,-0.3325197065399999,2.5976414420000022,-4.152978750000004,0.3669556475000002,-0.8471091885000004
47,ARG,2.113,0.6301819266328661,3.69215,1.02944,0.2105600000000003,1,0.166666666666667,-1.3,-2.5,0.0,0.7346,0.9398,0.6914,0.97340127,1.88763716,2.6877150600000004,3.32665469,-0.6134731773699998,-1.18088177347,-0.115980668224,-0.3267751103399999,1.6472274949999983,-1.828137783,0.2817504295999999,-0.4696912432499999
48,GLY,0.677,0.3744469026548673,0.82953,0.92469,0.2063100000000001,1,0.0555555555555556,0.03,0.48,0.4556,0.0,1.0,0.5062,1.67006769,3.2465937200000003,4.641994920000001,5.7801735700000005,-0.395662744,-0.775703181,-0.054630218,-0.1563662109999999,1.7323500240000007,-4.386806920999998,0.2390377127000001,-0.8806246699999999
49,GLY,0.505,0.2793141592920354,0.85603,0.85653,0.4464699999999999,1,0.0555555555555556,0.03,0.48,0.4556,0.0,1.0,0.5062,1.53048665,2.9728810900000004,4.24488311,5.275345740000001,-0.398190456,-0.7787941599999999,-0.0576944045,-0.1646959039999999,1.6133782529999992,-3.753768902999999,0.2303892733000002,-0.7740891664999997
50,ALA,1.087,0.4983952315451627,1.26062,0.76702,0.32698,0,0.0,0.77,0.62,0.7,0.1645,0.249,0.3951,1.25277114,2.4367360399999995,3.4876095199999995,4.34980042,-0.43662278062,-0.8481960529799999,-0.07117823325,-0.20180103006,1.6536120360000006,-3.354209823560002,0.2267305945999998,-0.6711951712000004
51,GLY,0.318,0.1758849557522123,0.62348,0.97812,0.51188,0,0.0,0.03,0.48,0.4556,0.0,1.0,0.5062,1.11088716,2.14502094,3.03137132,3.70989849,-0.362054446,-0.7043889555999998,-0.0587319789699999,-0.1670656003,1.6868763460000011,-1.4331649872000003,0.2866442432999999,-0.3286590520999999
52,GLY,0.885,0.4894911504424779,0.88142,0.74378,0.17922,0,0.0,0.03,0.48,0.4556,0.0,1.0,0.5062,0.9722263,1.87844419,2.6574965300000004,3.25754338,-0.5055536733,-0.9834871646,-0.08218875884,-0.2337738342,1.88331835,-2.6766871619999977,0.3195896425999997,-0.6564854251
53,GLY,1.115,0.6167035398230089,1.06608,0.5848599999999999,0.1081400000000001,0,0.0,0.03,0.48,0.4556,0.0,1.0,0.5062,0.97357368,1.88899458,2.692208,3.33702556,-0.4103919152099999,-0.7979848883459999,-0.06662433025,-0.189246370059,1.8859189369999991,-2.429424649345999,0.2940923284999999,-0.600609570399
54,GLY,0.927,0.5127212389380531,0.96299,0.76319,0.1178099999999999,0,0.0,0.03,0.48,0.4556,0.0,1.0,0.5062,1.25177202,2.42891652,3.4618950600000007,4.29095786,-0.366859577,-0.713719628,-0.05888744105,-0.1673218205,1.6894894970000007,-2.268200078,0.2645707500000001,-0.5655732453999999
55,TYR,0.855,0.2508802816901408,3.38939,1.95422,0.5987799999999999,2,0.0952380952380952,-0.27,0.26,0.3556,0.8063,0.502,0.1605,1.38948781,2.6880726800000003,3.81128453,4.6870286000000005,-0.4356050025,-0.844912756,-0.0740079603,-0.2098773833,1.6468524149999992,-4.386472531,0.2866541940999999,-1.0958515047999997
56,ARG,2.424,0.7229346853563972,3.92204,0.85424,0.0747600000000002,1,0.111111111111111,-1.3,-2.5,0.0,0.7346,0.9398,0.6914,1.39180878,2.70618526,3.87066202,4.82233396,-0.7555906059739999,-1.464718796465,-0.1283939420979999,-0.3635970464210001,2.11629806,-5.798525115000002,0.3741331340999999,-1.4931142829999986
57,ARG,2.233,0.6659707724425887,3.84996,1.02331,0.0966900000000001,1,0.25,-1.3,-2.5,0.0,0.7346,0.9398,0.6914,1.11363865,2.16652023,3.10194909,3.87103127,-0.6964363229,-1.3497731195,-0.1192854725399999,-0.3379112835,1.6095090580000004,-2.5910977860000006,0.2606862562999998,-0.66286579526
58,GLY,0.788,0.4358407079646018,0.96144,0.76974,0.25026,0,0.0,0.03,0.48,0.4556,0.0,1.0,0.5062,0.69439954,1.3414380499999998,1.89742297,2.32568664,-1.0658753427999998,-2.0574460933999994,-0.1931174266,-0.5450433279000001,1.371539636000001,-2.6603445936,0.2425783922000001,-0.7476729674000002
59,GLY,0.909,0.5027654867256637,0.95934,0.7021999999999999,0.1968,0,0.0,0.03,0.48,0.4556,0.0,1.0,0.5062,1.1129892300000002,2.16145646,3.0853612799999994,3.8332687,-1.2460178552,-2.4366093913,-0.1814408739499999,-0.5179598565999998,1.2961420330000002,-1.1891388076999994,0.2050580036000001,-0.3344172599999999
60,GLY,0.999,0.5525442477876106,1.00152,0.64367,0.1653300000000001,0,0.0,0.03,0.48,0.4556,0.0,1.0,0.5062,0.83414599,1.6164696899999995,2.29895854,2.8409029200000004,-1.2102805086,-2.3577740252,-0.18821272227,-0.5350524522999999,1.4108434160000003,-2.1975696113999987,0.2478826853,-0.56601511942
61,ASN,1.021,0.4175869120654397,2.28296,1.13678,0.2872199999999998,1,0.111111111111111,-0.1,-0.78,0.1111,0.3976,0.6747,0.8272,1.39198709,2.70762753,3.87556802,4.834061070000001,-1.0683492718699998,-2.0775431789,-0.172394348335,-0.4895439599999999,1.7678719240000005,-4.178132348,0.2755860797000001,-0.951711493
62,SER,0.247,0.1135110294117646,1.33672,1.31592,0.6130800000000003,3,0.166666666666667,-0.1,-0.18,0.4111,0.1877,0.8514,0.5309,1.6697222400000002,3.24388475,4.633069300000001,5.7596971,-0.98591391912,-1.91603286747,-0.161394274502,-0.45821054467,2.081897812999999,-5.543684510999998,0.3291846496000001,-1.2592274541999993
63,GLY,0.187,0.103429203539823,0.8165,1.0318699999999998,0.5891300000000002,5,0.151515151515152,0.03,0.48,0.4556,0.0,1.0,0.5062,2.08611748,4.0468367800000005,5.76525768,7.140840100000001,-0.5403136081,-1.0533572194,-0.0835737949849999,-0.2379292505,2.083971581000001,-4.492714882000002,0.3114783702999997,-0.9789048535999996
64,GLY,0.689,0.3810840707964601,0.91564,0.80806,0.3109400000000002,1,0.0625,0.03,0.48,0.4556,0.0,1.0,0.5062,1.5310802300000002,2.97750867,4.26003657,5.3098249200000005,-0.5243688413000002,-1.01496309403,-0.091107311686,-0.2576638323499999,2.201486694999999,-2.2928310187,0.3328963265,-0.4767199559500001
65,GLY,0.303,0.1675884955752212,0.67729,1.03538,0.4696200000000001,1,0.0625,0.03,0.48,0.4556,0.0,1.0,0.5062,1.53129439,2.9791891399999995,4.26557913,5.3225587,-0.51959597327,-1.0037833712,-0.0937130619849999,-0.2648585338600001,2.5135375959999973,-2.7505827532,0.4006832015999994,-0.7283555964
66,GLY,0.754,0.4170353982300885,0.8679600000000001,0.76248,0.29152,0,0.0,0.03,0.48,0.4556,0.0,1.0,0.5062,1.53079173,2.9752349,4.2525068500000005,5.29243455,-0.7043796772400002,-1.3737080519999998,-0.10951017885,-0.31218308912,2.397405512999998,-3.6220161079999977,0.3714580141,-0.8251477724
67,GLY,0.685,0.3788716814159292,0.92748,0.75481,0.36819,0,0.0,0.03,0.48,0.4556,0.0,1.0,0.5062,1.2520879400000002,2.43138024,3.46996579,4.309329109999999,-0.7445845638599999,-1.4535315638399997,-0.11203537816,-0.31924720792,2.868613362,-4.288960255920001,0.4446360300999998,-0.9610743364499996
68,GLY,0.781,0.4319690265486726,0.91356,0.71709,0.3099100000000001,0,0.0,0.03,0.48,0.4556,0.0,1.0,0.5062,0.8335649400000001,1.61192461,2.28402091,2.80674709,-0.4990543893999999,-0.9652779930000002,-0.0886943810399999,-0.25101567034,3.294716381999993,-3.3108046294999984,0.5619628453999997,-0.8512374124199998
69,GLY,1.04,0.5752212389380531,1.0525799999999998,0.60683,0.16117,0,0.0,0.03,0.48,0.4556,0.0,1.0,0.5062,1.11309541,2.16225575,3.08788001,3.83869587,-0.6083971041,-1.1810240064999995,-0.10034247963,-0.2842827932999999,2.8289810559999995,-3.6836776792000014,0.4387690210000001,-0.8957394295999999
70,TYR,1.046,0.306924882629108,3.43736,1.78475,0.57725,1,0.0555555555555556,-0.27,0.26,0.3556,0.8063,0.502,0.1605,1.6685221499999998,3.2345209500000003,4.60237723,5.689773249999999,-0.730478489,-1.4241243916,-0.1136583035,-0.3237724045,2.5152620919999995,-4.7856289139999975,0.3897759863999999,-1.0947865520000004
71,ASP,1.31,0.4886236478925774,2.34753,0.95794,0.41306,2,0.25,-0.1,-0.9,0.1111,0.3239,0.8675,1.0,1.2521823200000002,2.4321062399999995,3.47230786,4.31455025,-0.7287737926500002,-1.4090095723999996,-0.1303032180699999,-0.36860714737,2.8243565650000004,-3.811499694999998,0.4800317978999998,-0.9802358167999998
72,ARG,1.335,0.3981509096331643,3.41461,1.5048899999999998,0.5131100000000004,3,0.25,-1.3,-2.5,0.0,0.7346,0.9398,0.6914,1.80988411,3.522212030000001,5.045596260000001,6.30053579,-0.7771236219,-1.5123186797,-0.12435014868,-0.35349599585,2.7112892620000024,-6.409963989999999,0.4223790701999999,-1.4493519924999998
73,GLY,0.345,0.1908185840707964,0.82206,0.92087,0.54213,4,0.166666666666667,0.03,0.48,0.4556,0.0,1.0,0.5062,1.80835554,3.5102515600000004,5.0062690100000005,6.21055015,-0.7147005109000001,-1.3879157045000003,-0.118376947,-0.3358570612,3.061090051000001,-6.023974212000001,0.5063922866000002,-1.4567306994999991
74,TYR,1.749,0.5132042253521127,3.85369,1.41339,0.2456099999999998,5,0.217391304347826,-0.27,0.26,0.3556,0.8063,0.502,0.1605,1.80907366,3.5158599600000007,5.024673480000001,6.25255247,-0.98685093019,-1.92081778314,-0.156470196732,-0.444623921095,2.435297488000001,-5.285724359999998,0.3855314414000006,-1.2053225545000004
75,ASN,1.291,0.5280163599182004,2.5006,0.92567,0.22833,2,0.25,-0.1,-0.78,0.1111,0.3976,0.6747,0.8272,1.3924145200000002,2.7109652,3.88651994,4.85905152,-1.0579787507,-2.0580736823,-0.16976732919,-0.4822458443999999,2.5175481469999985,-2.1248822985000007,0.3655268562000001,-0.4828040471000001
76,ASP,1.161,0.433047370384185,2.36501,1.04964,0.4703599999999999,2,0.5,-0.1,-0.9,0.1111,0.3239,0.8675,1.0,0.6943512700000001,1.34106559,1.89621736,2.32298747,-1.0792826776000002,-2.0901328990000003,-0.1868147866399999,-0.5288003139,1.4872259700000003,-2.619023382,0.2785414158000001,-0.7664496594000002
77,ASN,1.545,0.6319018404907976,2.48632,0.9221,-0.0221,1,0.25,-0.1,-0.78,0.1111,0.3976,0.6747,0.8272,0.83390779,1.61461006,2.29285988,2.82699842,-1.2816152659999998,-2.502018954,-0.192901585,-0.5498145301999999,1.2941959440000002,-2.7987926530000005,0.2218630002,-0.7167301584999998
78,ARG,2.174,0.648374589919475,3.89429,1.00916,0.1698400000000002,0,0.0,-1.3,-2.5,0.0,0.7346,0.9398,0.6914,0.8342176300000002,1.61702765,2.30078374,2.84504983,-1.04348966962,-2.037777636740001,-0.155550498135,-0.4433239755499998,1.4919855229999994,-3.509761845999998,0.2400656984999999,-0.8508671905599999
79,ASP,1.28,0.4774337933606863,2.43898,0.92537,0.47563,0,0.0,-0.1,-0.9,0.1111,0.3239,0.8675,1.0,0.6943883,1.3413532599999998,1.89715646,2.3251155,-0.7550850828999999,-1.4564853770999997,-0.13900312337,-0.39233926645,1.723353924,-3.4132347936,0.3127974734000002,-0.9411736873
80,ASP,0.998,0.3722491607609101,2.41719,1.18031,0.5026900000000001,0,0.0,-0.1,-0.9,0.1111,0.3239,0.8675,1.0,1.25270031,2.43617153,3.48571721,4.34535924,-0.5827789702999998,-1.137131384,-0.08827276804,-0.2513826965,1.8093660869999997,-4.004242764999998,0.2654029227,-0.8420088061999998
81,ARG,1.092,0.325678496868476,3.2646,1.7264399999999998,0.5345600000000004,3,0.333333333333333,-1.3,-2.5,0.0,0.7346,0.9398,0.6914,1.53068383,2.9744348099999995,4.25003045,5.287242480000001,-0.5967961484000001,-1.1664098590000005,-0.0874705742699999,-0.2494767612,2.082396322999999,-5.410464406000002,0.3222076475,-1.2350711502000002
82,ASP,1.503,0.5606117120477433,2.64345,0.7237,0.4543000000000001,2,0.5,-0.1,-0.9,0.1111,0.3239,0.8675,1.0,0.8340150000000001,1.61544539,2.29559319,2.83321122,-0.63545890028,-1.2308005909700004,-0.109100360897,-0.308667254656,2.0799495329999984,-5.229524774699998,0.3437425961,-1.22516077446
83,ASN,1.378,0.56359918200409,2.45974,0.84655,0.2204499999999999,2,0.333333333333333,-0.1,-0.78,0.1111,0.3976,0.6747,0.8272,0.9731384,1.88559569,2.68105724,3.31158921,-0.6673147387999999,-1.2962319319,-0.110027043,-0.3122239273000001,1.689056137999999,-3.7990628554000008,0.2671905098000001,-0.8812283801000004
84,ARG,2.064,0.6155681479272294,3.67205,1.2599000000000002,0.0290999999999999,3,0.2,-1.3,-2.5,0.0,0.7346,0.9398,0.6914,1.2507819800000002,2.42116278,3.4363801300000008,4.23251892,-0.4941678585,-0.9597405462999996,-0.0826289140999999,-0.23469987558,1.6097097299999992,-2.9255206638999995,0.2643208334,-0.68506434674
85,GLY,0.317,0.1753318584070796,0.78431,1.00349,0.4875100000000001,0,0.0,0.03,0.48,0.4556,0.0,1.0,0.5062,1.3900076199999998,2.6922209999999995,3.82520008,4.719703699999999,-0.427733914,-0.8303816966,-0.07083265091,-0.2008104249299999,1.6887460140000004,-1.829009047,0.2685334111999999,-0.4224618190900002
86,GLY,0.55,0.3042035398230088,0.8164,0.74917,0.50883,0,0.0,0.03,0.48,0.4556,0.0,1.0,0.5062,1.11244957,2.15721353,3.07134178,3.80098297,-0.59485374235,-1.1590527975299998,-0.093044165685,-0.264778486594,1.4143820690000002,-2.03657091684,0.2219780412999999,-0.471341759716
87,SER,0.909,0.4177389705882353,1.5281,0.93561,0.3313900000000001,0,0.0,-0.1,-0.18,0.4111,0.1877,0.8514,0.5309,0.97326463,1.88657112,2.68422228,3.31870184,-0.5499189363400001,-1.0681795387,-0.09074529617,-0.25751009907,1.3741911720000006,-1.5264516264999997,0.2229659684999999,-0.38576839259
88,GLY,0.364,0.2013274336283185,0.76802,0.9362700000000002,0.5077299999999998,1,0.0526315789473684,0.03,0.48,0.4556,0.0,1.0,0.5062,1.3899587,2.69177741,3.82353339,4.71525926,-0.3269522964,-0.6313310246,-0.0592466628999999,-0.1673514686999999,1.5707903239999998,-1.2220129729999998,0.253580883,-0.3222569638999999
89,GLY,0.593,0.3279867256637168,0.88401,0.77581,0.4391900000000001,1,0.0625,0.03,0.48,0.4556,0.0,1.0,0.5062,1.52975245,2.96718304,4.2263082700000005,5.23333412,-0.37956431964,-0.7382276848,-0.06134582741,-0.17430814353,1.8106797889999984,-1.6582511104800008,0.2542396759999999,-0.3426614545700003
90,TYR,1.863,0.5466549295774648,4.10265,1.19431,0.3506899999999999,2,0.222222222222222,-0.27,0.26,0.3556,0.8063,0.502,0.1605,1.11235234,2.15645217,3.06883776,3.7952532199999993,-0.50049197525,-0.9670139536,-0.0903919332799999,-0.2555950238,1.8439505029999992,-2.1324565093000003,0.3110977182999996,-0.54797225341
91,GLY,0.69,0.3816371681415929,1.00653,0.68009,0.4379100000000001,2,0.333333333333333,0.03,0.48,0.4556,0.0,1.0,0.5062,0.8342242099999999,1.6170771899999998,2.30093936,2.84538347,-0.764924552,-1.4837405534999997,-0.1283837029199999,-0.3636781890999999,1.7270894570000013,-2.282070472,0.2814315643000001,-0.6104923269999999
92,ARG,2.248,0.6704443781688041,3.8504,1.0102099999999998,0.0947900000000001,3,0.428571428571429,-1.3,-2.5,0.0,0.7346,0.9398,0.6914,0.83312115,1.60844707,2.27256926,2.78049395,-0.700933654,-1.363981235,-0.1130184364,-0.321459482,2.1187459960000026,-4.119284749999999,0.3589054683999998,-0.9934319719999996
93,ASP,1.393,0.5195822454308094,2.5008,0.77405,0.51395,2,0.333333333333333,-0.1,-0.9,0.1111,0.3239,0.8675,1.0,0.97307916,1.88511335,2.67940737,3.3076197199999995,-0.7253476349000001,-1.413957967,-0.1128218026,-0.3212680977,2.197462303,-5.0486644410000014,0.3677733700999995,-1.2657036918000009
94,ARG,1.589,0.4739039665970772,3.42713,1.46147,0.3025300000000002,3,0.6,-1.3,-2.5,0.0,0.7346,0.9398,0.6914,0.6942744000000001,1.34046942,1.89427576,2.31860289,-0.4769984828,-0.918935491,-0.08942986501,-0.2522006314,3.647900031000006,-8.848768165999996,0.6230271182999986,-2.268039084
95,ASN,1.442,0.5897750511247444,2.396,0.91541,0.0875899999999998,3,0.5,-0.1,-0.78,0.1111,0.3976,0.6747,0.8272,0.69423287,1.34012279,1.89305997,2.3155874400000003,-0.6167267012,-1.1951343647,-0.1062218863999999,-0.300973687,5.719305068999994,-11.45584409520001,1.0347655498000028,-3.050647803899998
96,TYR,1.668,0.4894366197183099,3.87144,1.34965,0.39035,2,0.4,-0.27,0.26,0.3556,0.8063,0.502,0.1605,0.83392508,1.6147273599999998,2.29318214,2.82754028,-0.7521081589999998,-1.4574746579999998,-0.1287936702,-0.3647128672,13.23448094599999,-16.811581168000046,2.1176013449999926,-4.156118419400003
97,GLU,0.652,0.2390029325513196,2.37801,1.60824,0.4677599999999999,0,0.0,-0.1,-0.74,0.1111,0.4884,0.8112,0.9136,1.11149815,2.1497941,3.04703453,3.74563738,-1.4145408174999996,-2.7443011711,-0.2391140089699999,-0.67813175476,15.460624099000048,-30.9778984719999,2.5950982233000017,-7.601548399200033
98,ASP,1.305,0.4867586721372622,2.27533,0.78262,0.5933800000000001,0,0.0,-0.1,-0.9,0.1111,0.3239,0.8675,1.0,1.5314655100000003,2.98053457,4.27002605,5.332805169999999,-1.7580265273000004,-3.438171785899999,-0.25560106271,-0.7297676787399999,16.751099526000043,-33.769086360000124,2.4943882050000004,-7.3239155831
99,ARG,1.557,0.4643602743811512,3.58835,1.5022799999999998,0.2937200000000004,0,0.0,-1.3,-2.5,0.0,0.7346,0.9398,0.6914,1.67048868,3.2499026900000003,4.652924670000001,5.805332239999999,-1.6706864655000002,-3.255702701700001,-0.26017657263,-0.7403095310599999,16.276571067999985,-28.13504580249996,2.4553127552,-6.344058731799993
100,GLY,0.877,0.4850663716814159,1.03997,0.70245,0.22855,0,0.0,0.03,0.48,0.4556,0.0,1.0,0.5062,1.6705809300000003,3.2505875899999994,4.6550482,5.80979523,-0.93866084,-1.8229995486,-0.15433436359,-0.43763156643,15.388466130000047,-18.167358166099973,2.5019982416000217,-4.517954777509993
101,TYR,0.492,0.1443661971830986,3.2728300000000004,2.12224,0.7937599999999998,1,0.037037037037037,-0.27,0.26,0.3556,0.8063,0.502,0.1605,1.94754637,3.78091251,5.39336073,6.69250234,-1.4724069412800005,-2.870167381199999,-0.228741971725,-0.6512280500000002,11.66645205499999,-21.03934598470002,1.8459654809999984,-4.898033068330003
102,ASN,1.147,0.469120654396728,2.30976,0.92132,0.3766799999999999,1,0.0588235294117647,-0.1,-0.78,0.1111,0.3976,0.6747,0.8272,2.08867941,4.066809319999999,5.83066575,7.289686849999999,-1.7084090792800002,-3.3502633949800003,-0.2350028291015999,-0.6729217603559998,10.309461519999967,-19.715213688568003,1.478727925300001,-4.064726073580004
103,GLY,0.957,0.5293141592920354,0.99981,0.6054200000000001,0.24558,0,0.0,0.03,0.48,0.4556,0.0,1.0,0.5062,1.1118211,2.15228829,3.0551222300000003,3.76379787,-1.25937830845,-2.4342455189,-0.2253174838859999,-0.6370651246600001,11.735400388000016,-22.82671735529993,1.9518685345000084,-5.613559438680007
104,GLY,0.926,0.5121681415929203,0.98586,0.7007599999999999,0.18124,0,0.0,0.03,0.48,0.4556,0.0,1.0,0.5062,1.25139327,2.42596334,3.4522228800000008,4.26894352,-1.2049969752000005,-2.3406984881,-0.19890732525,-0.5645414045,12.142263106000009,-25.90588639440001,1.887493765100007,-5.839045556699998
105,GLY,0.468,0.2588495575221239,0.8181999999999999,0.8853500000000001,0.45465,0,0.0,0.03,0.48,0.4556,0.0,1.0,0.5062,1.38981083,2.6906336800000004,3.81981815,4.70689557,-1.05058561957,-2.0429612867,-0.1702834584499999,-0.48375000956,8.666220434999996,-10.502857911040008,1.4994157803999972,-2.6859460023300024
106,GLY,0.824,0.4557522123893805,1.0044499999999998,0.70836,0.2756400000000001,0,0.0,0.03,0.48,0.4556,0.0,1.0,0.5062,1.3915154200000002,2.70391435,3.86328501,4.80573295,-0.99150870681,-1.9371998175400005,-0.14815800044,-0.4228912362700001,8.686315943999986,-10.333033300420016,1.3374771701999957,-2.320986600630001
107,GLY,0.557,0.308075221238938,0.85868,0.83825,0.4127499999999998,0,0.0,0.03,0.48,0.4556,0.0,1.0,0.5062,1.2517466199999998,2.42870364,3.4611451400000006,4.289087,-1.3382080802999998,-2.599531072,-0.2217287973599999,-0.62955325555,8.245441380000017,-10.417606515,1.3396919905000055,-2.6103017187000037
108,GLY,0.257,0.142146017699115,0.693,0.95711,0.5938900000000003,0,0.0,0.03,0.48,0.4556,0.0,1.0,0.5062,1.67028173,3.24827471,4.64754308,5.792931429999999,-1.7026241856600006,-3.310915967749999,-0.27580082781,-0.7834313869599999,7.50513813999998,-10.713319697000015,1.1691153598999997,-2.44944112785
109,GLY,0.313,0.1731194690265486,0.74105,0.94397,0.5510300000000001,0,0.0,0.03,0.48,0.4556,0.0,1.0,0.5062,2.3663020400000003,4.602291820000001,6.585974430000001,8.21137699,-1.8598896019000004,-3.6198515813,-0.2968471616199999,-0.8438601605000002,7.583582875999993,-11.2127103128,1.1798730854999986,-2.547087386080003
110,ASN,1.15,0.4703476482617587,2.2322800000000003,1.07523,0.2197699999999998,0,0.0,-0.1,-0.78,0.1111,0.3976,0.6747,0.8272,1.66896031,3.23803767,4.614239919999999,5.717826410000001,-2.0135421593330003,-3.89723314817,-0.3511517449320001,-0.9934512312499996,7.733213725999985,-11.577211983350011,1.2614540660000018,-2.937420526164998
111,ARG,1.867,0.5568147927229347,3.72936,1.12417,0.3618300000000001,0,0.0,-1.3,-2.5,0.0,0.7346,0.9398,0.6914,1.66970064,3.24375176,4.63275783,5.75937053,-2.0541528121,-3.9960817350000006,-0.3306038471,-0.9395184475499998,6.991749446000001,-13.081844395999973,1.1085917055000012,-3.160915765500006
112,GLY,0.246,0.1360619469026548,0.6283299999999999,1.05852,0.5034799999999999,0,0.0,0.03,0.48,0.4556,0.0,1.0,0.5062,1.52867112,2.95873754,4.1985989,5.17012361,-1.6983503262300002,-3.3003014394,-0.2796267642640001,-0.7941828475499999,5.297127534000005,-8.816624434999994,0.8909009748999985,-2.1455178636499994
113,TYR,1.886,0.5534037558685446,4.11104,1.33385,0.18815,0,0.0,-0.27,0.26,0.3556,0.8063,0.502,0.1605,1.53017601,2.97052322,4.23738055,5.25894255,-1.4685812725999998,-2.865041419,-0.2230582211,-0.6351007509,4.753560551,-9.058823053999994,0.7431839019999995,-2.141636985699998
114,ASN,0.794,0.3247443762781186,2.24944,1.3088399999999998,0.34216,0,0.0,-0.1,-0.78,0.1111,0.3976,0.6747,0.8272,1.1120143299999998,2.15380004,3.06009289,3.77517011,-1.0613022330000002,-2.0562708644,-0.18344522445,-0.5197375683,5.249089740999995,-9.876909336999985,0.9546640046999988,-2.6269130569000025
115,ASN,1.072,0.4384458077709612,2.32462,1.13374,0.2392599999999998,0,0.0,-0.1,-0.78,0.1111,0.3976,0.6747,0.8272,0.6945329100000001,1.34248011,1.90084363,2.3334955,-0.87525555311,-1.6874694547999998,-0.161706349476,-0.45609145449,5.141069794999988,-8.67393099099999,0.847794350599997,-2.273024518760002
116,ASN,1.384,0.5660531697341513,2.42185,0.91164,0.1493599999999998,0,0.0,-0.1,-0.78,0.1111,0.3976,0.6747,0.8272,0.97367028,1.88973954,2.6946179,3.34241734,-0.5872172315,-1.1421129219999997,-0.09499313573,-0.2699167731999999,2.8216124159999976,-7.930284828000014,0.5020111775999998,-2.0345630210000016
117,ARG,2.109,0.6289889651058753,3.74807,1.18984,0.0541600000000002,0,0.0,-1.3,-2.5,0.0,0.7346,0.9398,0.6914,0.8337465099999999,1.61332422,2.28854745,2.81687069,-0.6659079807,-1.2976339259999998,-0.1045754006,-0.2977621683999999,1.9230302039999985,-4.809029515000002,0.3214479577999998,-1.1859806117999996
118,GLY,0.773,0.4275442477876106,0.91312,0.7346999999999999,0.3003000000000002,0,0.0,0.03,0.48,0.4556,0.0,1.0,0.5062,0.69409008,1.3390103599999998,1.88942043,2.30731552,-0.677834672,-1.313714662,-0.1167030157999999,-0.330763231,1.723417304,-4.217455083,0.3139138264000001,-1.1138221084000002
119,GLY,0.908,0.5022123893805309,0.92252,0.73081,0.16919,0,0.0,0.03,0.48,0.4556,0.0,1.0,0.5062,1.11348286,2.16529962,3.09792918,3.86181279,-0.430911315,-0.8404692389,-0.06563472203,-0.1868124441499999,1.7701297580000002,-2.916275724999998,0.2578913201999999,-0.6532828239999997
120,GLY,0.467,0.2582964601769911,0.95808,0.86303,0.47797,0,0.0,0.03,0.48,0.4556,0.0,1.0,0.5062,1.25124914,2.42482506,3.44844519,4.26019533,-0.143845708,-0.280883543,-0.0216137288,-0.0616265268999999,1.885657444000001,-1.5477714870000006,0.297806287,-0.3368999867000002
121,GLY,0.526,0.290929203539823,0.85966,0.7859499999999999,0.4960500000000001,0,0.0,0.03,0.48,0.4556,0.0,1.0,0.5062,1.39100601,2.6999267,3.85016827,4.77570642,-0.30373715,-0.59493319,-0.0430246876999999,-0.1230812201,1.6130292319999997,-2.7871166100000004,0.2348540805,-0.5799544848
122,GLY,1.024,0.5663716814159292,0.99275,0.61677,0.16723,0,0.0,0.03,0.48,0.4556,0.0,1.0,0.5062,0.97327063,1.88663987,2.68452542,3.3196325,-0.544287383,-1.05488532,-0.0922352361699999,-0.2610154821,1.9647023880000007,-4.237254966,0.3037357037999998,-0.9708624253999996
123,GLY,0.861,0.476216814159292,1.04727,0.6329,0.3141,0,0.0,0.03,0.48,0.4556,0.0,1.0,0.5062,0.97301153,1.88461157,2.67785399,3.30436227,-0.6819921235999999,-1.326442635,-0.1101009263,-0.312821586,1.9637061820000008,-5.098411323999998,0.3119440483999998,-1.2103487219999998
124,TYR,1.193,0.3500586854460094,3.87925,1.61148,0.6035199999999998,2,0.181818181818182,-0.27,0.26,0.3556,0.8063,0.502,0.1605,1.1116668900000002,2.15111465,3.05138209,3.75560627,-0.4964854039999999,-0.9661003,-0.080022574,-0.2276039785999999,1.5723700960000009,-2.7846428160000016,0.2399813552000001,-0.6352886816000002
125,ASN,1.32,0.539877300613497,2.38512,0.8975,0.2274999999999998,2,0.4,-0.1,-0.78,0.1111,0.3976,0.6747,0.8272,0.97359353,1.88914246,2.69266803,3.33799775,-0.676072048,-1.313428453,-0.11072001523,-0.3140874429,1.646334388,-3.544681113999999,0.2885845898,-0.9555315454
126,ARG,2.244,0.6692514166418133,3.81183,0.82967,0.2793299999999999,2,0.333333333333333,-1.3,-2.5,0.0,0.7346,0.9398,0.6914,1.11327984,2.16371382,3.09272711,3.84994896,-0.40305119046,-0.7863140881999999,-0.06163158033,-0.1755837425399999,3.654590729999997,-6.993873992300004,0.5645820752000004,-1.55638325203
127,GLN,1.28,0.4452173913043478,2.72534,1.29425,0.3007499999999998,1,0.166666666666667,-0.1,-0.85,0.1111,0.5388,0.7952,0.6914,0.8338693500000001,1.61431227,2.29189093,2.82481328,-1.052881234,-2.046482716,-0.1706883223,-0.4843497499999999,4.121462136000005,-10.685041868,0.6747234030000004,-2.4721126215
128,ASP,1.716,0.6400596792241701,2.55555,0.6372300000000001,0.32777,0,0.0,-0.1,-0.9,0.1111,0.3239,0.8675,1.0,0.83434626,1.61803466,2.30409608,2.85263292,-1.0168652996,-1.9740961092,-0.16912728109,-0.47965484703,5.774835179999985,-10.447384212299998,0.8998466192000012,-2.6024693756999966
129,ARG,1.931,0.5759021771547868,3.73734,1.40749,0.0145100000000002,0,0.0,-1.3,-2.5,0.0,0.7346,0.9398,0.6914,1.11247984,2.15743841,3.07203907,3.80244989,-1.07820483437,-2.098452459,-0.171729350226,-0.4880729836399999,5.41504734699999,-10.406891508999983,0.9031075654999996,-2.6210282467199986
130,GLY,0.369,0.2040929203539823,0.8276399999999999,0.87715,0.5618500000000001,0,0.0,0.03,0.48,0.4556,0.0,1.0,0.5062,1.52975508,2.96724348,4.22664623,5.23453529,-1.4434740157000006,-2.816535429200001,-0.21913324234,-0.6241973962599999,4.434809272000004,-8.842222721999999,0.7332136850999992,-2.088202316499998
131,ASP,0.948,0.3535994032077583,2.25971,1.1734100000000005,0.5595899999999998,0,0.0,-0.1,-0.9,0.1111,0.3239,0.8675,1.0,1.3902099,2.69375287,3.83005934,4.73028163,-1.2707816436999997,-2.4592765118,-0.22227131937,-0.6287713426,5.454208371000003,-6.469900721900002,0.908607479199999,-1.7210981654000004
132,GLY,0.543,0.3003318584070796,0.78047,0.94755,0.31745,0,0.0,0.03,0.48,0.4556,0.0,1.0,0.5062,1.8092966500000005,3.517563670000001,5.030134080000001,6.264612469999999,-1.14952731814,-2.2311176185,-0.1921226677099999,-0.5448092176799999,6.793515268999988,-6.645356204000004,1.0958499932999983,-1.682931587500001
133,GLY,0.053,0.0293141592920353,0.5104,1.04211,0.71289,0,0.0,0.03,0.48,0.4556,0.0,1.0,0.5062,2.3656071400000003,4.59689007,6.56834228,8.17143574,-1.6074993552499997,-3.13742185782,-0.242543596675,-0.6909799075020001,6.645778080000003,-10.75114073424,0.9837386531999988,-2.268642771693997
134,SER,0.306,0.140625,1.34023,1.2692,0.6008,1,0.0384615384615385,-0.1,-0.18,0.4111,0.1877,0.8514,0.5309,2.22626461,4.32497407,6.176898550000001,7.678850250000001,-1.5866261543,-3.074971283900001,-0.2715838850399999,-0.7692826260300001,6.196390525999992,-9.617702501000004,1.0632528184999983,-2.4165611363000017
135,SER,0.61,0.2803308823529411,1.36343,1.06953,0.4964700000000002,2,0.117647058823529,-0.1,-0.18,0.4111,0.1877,0.8514,0.5309,2.2270801,4.3312688,6.197301220000001,7.724632609999999,-1.2393174748,-2.413282997800001,-0.19649474498,-0.55896713733,7.034748465999996,-9.769561998800006,1.084744434799999,-2.296302229699996
136,ASN,1.118,0.4572597137014316,2.24853,1.1586999999999998,0.1682999999999999,2,0.153846153846154,-0.1,-0.78,0.1111,0.3976,0.6747,0.8272,1.6697565,3.24422506,4.634437289999999,5.76358769,-0.9542401578100002,-1.8590207741,-0.14824102795,-0.4214278666200001,6.641498677999993,-8.821172804000005,1.0157596633000003,-2.1099384657000013
137,PHE,2.235,0.71888066902541,3.23768,0.82444,0.0495600000000001,0,0.0,1.1,1.2,0.8111,0.783,0.0763,0.037,0.97255202,1.88103431,2.66615505,3.27778853,-0.9671305525,-1.8781593582,-0.15981792388,-0.4533598403999999,8.160921242999986,-12.054790549499993,1.3672552365999977,-3.0171514692999954
138,SER,1.159,0.5326286764705882,1.5842500000000002,0.77776,0.2392400000000001,1,0.2,-0.1,-0.18,0.4111,0.1877,0.8514,0.5309,0.83377106,1.61354401,2.28936739,2.81904692,-1.01240598,-1.972267061,-0.1588685593,-0.4520209509,7.698792392999993,-15.408082782000008,1.2191872459999986,-3.624712311900002
139,ARG,2.335,0.6963912913808529,3.80773,0.7578499999999999,0.2601500000000003,1,0.125,-1.3,-2.5,0.0,0.7346,0.9398,0.6914,0.972701,1.88217725,2.66983404,3.2859639900000004,-0.8571813843999999,-1.6665041484999998,-0.13873691554,-0.3938463337499999,8.363167922999978,-13.901013863600026,1.3537058478999997,-3.4076871305499985
140,GLY,0.427,0.2361725663716814,0.93447,0.8887,0.4922999999999999,2,0.142857142857143,0.03,0.48,0.4556,0.0,1.0,0.5062,1.3890646300000002,2.68483412,3.80088937,4.66401967,-0.97792759166,-1.9068072132000005,-0.151113515276,-0.4303513976700002,7.340857047999971,-11.109959329999985,1.2038222489999986,-2.587945216309994
141,GLY,0.698,0.3860619469026548,0.98091,0.70767,0.4023300000000001,1,0.125,0.03,0.48,0.4556,0.0,1.0,0.5062,1.39199715,2.7076851200000003,3.87568539,4.834109959999999,-0.8370563313000001,-1.6302227774000002,-0.1311219729699999,-0.3727338872300001,7.974157982999977,-7.189135046100008,1.255516632900002,-1.7848008268999986
142,TYR,0.665,0.1951291079812206,3.47026,1.825,0.9179999999999996,2,0.142857142857143,-0.27,0.26,0.3556,0.8063,0.502,0.1605,1.52985789,2.967950800000001,4.22863944,5.238082449999999,-1.28313854785,-2.492786121200001,-0.21281605731,-0.6044608081400001,6.323510014999995,-6.249636901399999,1.0139826161999994,-1.5241269591099988
143,ASN,1.08,0.441717791411043,2.2848,1.07143,0.2935699999999999,1,0.1,-0.1,-0.78,0.1111,0.3976,0.6747,0.8272,1.67052899,3.25020065,4.653844460000001,5.80725361,-1.8266040851000005,-3.566727018399999,-0.27404987553,-0.7812800049299998,6.053136964999999,-10.952274281499992,0.9236948713999984,-2.474006794460001
144,ASN,0.402,0.1644171779141104,1.85909,1.50892,0.5340799999999997,0,0.0,-0.1,-0.78,0.1111,0.3976,0.6747,0.8272,1.81018174,3.52448528,5.052874930000001,6.316586769999999,-1.8755882102499992,-3.658695403800001,-0.28863356947,-0.82254254576,7.700207185999999,-12.48896211409999,1.214973416900003,-2.945069201330001
145,ARG,2.427,0.7238294065016403,3.99099,0.94694,-0.0209399999999998,1,0.166666666666667,-1.3,-2.5,0.0,0.7346,0.9398,0.6914,1.11335129,2.16425837,3.0944658400000007,3.85376714,-1.76911846632,-3.4396624813600005,-0.285570032786,-0.8105735198199999,8.208815375999993,-13.942175803220014,1.3013737867999988,-3.51042834573999
146,ASP,1.498,0.5587467362924282,2.46306,0.8912499999999999,0.2917500000000002,1,0.333333333333333,-0.1,-0.9,0.1111,0.3239,0.8675,1.0,0.8341488499999999,1.6164906999999995,2.29902308,2.84103647,-1.2475493697000004,-2.4262791306,-0.20077986609,-0.57016630248,8.833916874000026,-12.771853040000014,1.421920436799996,-3.2256390754700037
147,GLU,1.159,0.4248533724340175,2.66022,1.2967,0.2723000000000002,2,0.333333333333333,-0.1,-0.74,0.1111,0.4884,0.8112,0.9136,0.8337878799999999,1.61365784,2.28967955,2.8195693,-0.9294931992000002,-1.8072811986,-0.1511470341,-0.4293727569000001,9.500366505000034,-11.989689297299986,1.5503161693000065,-2.922436937300004
148,GLY,0.765,0.4231194690265487,0.99694,0.74546,0.2975400000000001,2,0.222222222222222,0.03,0.48,0.4556,0.0,1.0,0.5062,1.11308937,2.16220909,3.08772921,3.8383602,-1.1794138549000002,-2.2928806248,-0.19141260085,-0.54346689598,11.701049379999931,-18.94066437420001,1.8811250323999968,-4.855077102499997
149,SER,0.331,0.1521139705882352,1.45114,1.36905,0.4759500000000001,1,0.0833333333333333,-0.1,-0.18,0.4111,0.1877,0.8514,0.5309,1.6703325200000003,3.24866378,4.64879433,5.79570837,-1.4064675541,-2.7347780316000003,-0.2276773588899999,-0.6465548823000002,14.64381188399996,-23.245875832200056,2.379512239000004,-5.765309856000011
150,ASP,1.047,0.3905259231629988,2.36428,0.98885,0.64515,0,0.0,-0.1,-0.9,0.1111,0.3239,0.8675,1.0,2.08983927,4.07583756,5.860187260000001,7.356732559999999,-2.25866278258,-4.4055579979,-0.345573712486,-0.9840709156700004,15.058739702000034,-23.762027865000025,2.260668975800006,-5.220127642499996
151,ASN,0.571,0.2335378323108384,2.32201,1.2886500000000003,0.5853499999999996,0,0.0,-0.1,-0.78,0.1111,0.3976,0.6747,0.8272,2.22753287,4.33481184,6.208949660000002,7.751279709999999,-1.8483917423699996,-3.5981389078299992,-0.2947414795119999,-0.8382309141000005,14.033289324000023,-12.75695094111998,2.148272441000008,-2.9118184233649966
152,ARG,1.445,0.43095735162541,3.29293,1.4339000000000002,0.4740999999999999,0,0.0,-1.3,-2.5,0.0,0.7346,0.9398,0.6914,2.22856965,4.34291372,6.23554627,7.811999149999999,-2.0605331723000004,-4.021287469100001,-0.3130544743649999,-0.89217262521,13.952106985000022,-18.306983752399976,2.1450512929000016,-4.11686892389999
153,GLY,0.211,0.1167035398230088,0.8718699999999999,0.97397,0.62303,0,0.0,0.03,0.48,0.4556,0.0,1.0,0.5062,2.22674686,4.32881712,6.189770570000001,7.709015330000001,-1.6962952802800009,-3.30310313856,-0.2672395052720001,-0.7597709086500001,12.657406843000034,-15.22771038680001,1.913483404200006,-3.650504031410001
154,SER,0.73,0.3354779411764705,1.54721,1.02345,0.4225500000000002,0,0.0,-0.1,-0.18,0.4111,0.1877,0.8514,0.5309,1.94819532,3.78598848,5.41003725,6.73060918,-2.28401097441,-4.447638394099999,-0.3617948635059999,-1.0291327866599995,12.094524898000044,-15.54037566869997,1.9509352795000057,-3.73246087418
155,GLY,0.311,0.1720132743362832,0.71351,1.13545,0.36155,0,0.0,0.03,0.48,0.4556,0.0,1.0,0.5062,2.22783534,4.33718713,6.21678954,7.76930975,-2.205929635894,-4.295248468929998,-0.3497636088254998,-0.994846668542,10.456208204999989,-7.167206719639993,1.596610177499994,-1.7419067949299991
156,ARG,1.923,0.5735162541008052,3.80182,1.17554,0.2544600000000001,1,0.0769230769230769,-1.3,-2.5,0.0,0.7346,0.9398,0.6914,2.0895044,4.07321126,5.8515304200000005,7.33685807,-1.8583571078,-3.6128885174,-0.301652801874,-0.8565137609600001,14.894484013000069,-12.34375018009999,2.303618377000003,-3.1073125122999965
157,SER,0.332,0.1525735294117647,1.5193299999999998,1.37436,0.46964,1,0.0526315789473684,-0.1,-0.18,0.4111,0.1877,0.8514,0.5309,2.2282910200000003,4.34071347,6.228244360000001,7.795086059999999,-1.3023425992799995,-2.5232358145500005,-0.225628335347,-0.6393812116800001,15.628130817000017,-29.580483433089928,2.5374482691000093,-7.302182445299987
158,TYR,1.877,0.5507629107981221,4.24861,1.26585,0.26515,2,0.2,-0.27,0.26,0.3556,0.8063,0.502,0.1605,1.67140534,3.2570911,4.676616740000001,5.859714590000001,-1.2558202098800002,-2.447662470900001,-0.192921798893,-0.5485159145400001,14.278441384999972,-24.871384308200007,2.073619277500004,-5.393993567000007
159,ASN,1.251,0.5116564417177915,2.35673,1.06797,0.1260300000000001,1,0.0909090909090909,-0.1,-0.78,0.1111,0.3976,0.6747,0.8272,1.39151891,2.70395155,3.86344172,4.806197849999999,-1.4949802233999998,-2.9167462482999995,-0.22744572672,-0.6478299219,14.195012266999967,-28.078233499099987,2.1151278833000045,-6.077154570700011
160,ASN,1.464,0.5987730061349693,2.54146,0.74374,0.2372599999999999,1,0.166666666666667,-0.1,-0.78,0.1111,0.3976,0.6747,0.8272,1.1131548,2.16272209,3.08941903,3.84223514,-1.2190164014699998,-2.3755628412000003,-0.188953561213,-0.5374405317,13.09234755900001,-21.543751303199983,1.9647276421999955,-4.747783054100005
161,ASP,0.525,0.195822454308094,2.24767,1.3761,0.7799000000000003,2,0.222222222222222,-0.1,-0.9,0.1111,0.3239,0.8675,1.0,1.2516781,2.42819409,3.45956331,4.28575646,-0.8146267871999999,-1.5855826234,-0.13028951287,-0.3705258245899999,14.306710816000026,-15.053901068400023,2.2015380053000118,-3.442933039510004
162,ARG,2.395,0.7142857142857143,4.09285,0.69087,0.2671300000000002,0,0.0,-1.3,-2.5,0.0,0.7346,0.9398,0.6914,1.11341132,2.1647414099999995,3.096101,3.85765329,-0.3713998455246035,-0.7146646480837576,-0.0701422807704164,-0.1974573651750348,11.789988384000008,-7.057365179598778,1.798277550800001,-1.9849514367071768
163,ARG,0.853,0.2543990456307783,3.4427,1.89313,0.6068700000000002,1,0.166666666666667,-1.3,-2.5,0.0,0.7346,0.9398,0.6914,1.25199966,2.43068508,3.46766422,4.30401497,-0.1181566633,-0.2289088063,-0.02045177221,-0.05794081586,16.312899771000033,-3.2981454709000104,2.4970224746000085,-0.7886252691900015
164,ASP,1.422,0.5303991048116374,2.41457,0.81777,0.4412300000000001,0,0.0,-0.1,-0.9,0.1111,0.3239,0.8675,1.0,0.97371389,1.89009859,2.6958628100000004,3.34546413,-0.4773573084999999,-0.9268449927,-0.07939628281,-0.2252508637599999,13.041297125999982,-9.128136906400014,2.0501617940999983,-2.259670894520005
165,ASN,1.479,0.6049079754601228,2.3712,0.95061,0.0153899999999997,0,0.0,-0.1,-0.78,0.1111,0.3976,0.6747,0.8272,1.25293887,2.43805787,3.49198894,4.35992263,-1.2891895008999998,-2.5169526191,-0.19328952718,-0.5507854693,12.543952638999984,-20.6824733125001,1.8598787779,-4.68403306590001
166,GLY,0.56,0.3097345132743363,0.92941,0.88868,0.35932,0,0.0,0.03,0.48,0.4556,0.0,1.0,0.5062,1.39070073,2.69757454,3.8425588900000007,4.75867695,-1.1753797344399994,-2.2803342612000006,-0.19904412691,-0.5646379174899999,13.228216463000038,-18.23385940649999,2.177737008000003,-4.5403102672400015
167,GLY,0.239,0.1321902654867256,0.6820999999999999,1.05527,0.51373,0,0.0,0.03,0.48,0.4556,0.0,1.0,0.5062,1.6690623400000002,3.23886549,4.617057140000001,5.72455421,-1.457180394172081,-2.834461299705538,-0.2338789576846676,-0.6642814452864557,12.991397380999963,-20.07380008115549,2.133223189299996,-4.939626376796464
168,ASP,1.259,0.4696008951883625,2.36917,0.90028,0.5217200000000002,1,0.0714285714285714,-0.1,-0.9,0.1111,0.3239,0.8675,1.0,1.53136335,2.9797543000000006,4.267526660000001,5.327287129999999,-1.3687676622500002,-2.6685450967999995,-0.21136562165,-0.6016952936999999,14.465012617999992,-21.162949999999988,2.201865294900001,-4.804276245760004
169,GLY,0.835,0.4618362831858407,1.50422,0.6878,0.2852000000000001,1,0.125,0.03,0.48,0.4556,0.0,1.0,0.5062,1.67348593,3.27325016,4.72933043,5.97905177,-1.1003363663,-2.1534766957,-0.157206042352,-0.449023624,17.112496290000006,-18.160846712599973,2.4746058860000004,-3.946262227269998
