2,MET,2.789,0.9352783366867874,3.09524,0.40531,-0.2123099999999999,0,0.0,0.8,0.64,0.7111,0.6196,0.0,0.0988,0.4171261399999999,0.808649,1.15083501,1.4235351399999998,-0.472119494,-0.926236247,-0.0641427073,-0.1837106399999999,3.503523042000003,-8.829204230000006,0.4891090348000005,-1.798834487
3,GLU,1.64,0.6011730205278591,3.07348,0.85775,0.2302500000000003,0,0.0,-0.1,-0.74,0.1111,0.4884,0.8112,0.9136,0.41557287,0.79660434,1.1116039,1.33490193,-0.5022851779999999,-0.972280442,-0.088166205,-0.249637822,3.486591736000004,-9.386993424000003,0.6312495679999999,-2.509014727999995
4,SER,1.33,0.6112132352941176,1.52452,0.7027299999999999,0.1432700000000002,0,0.0,-0.1,-0.18,0.4111,0.1877,0.8514,0.5309,0.6945609799999999,1.34270092,1.90157429,2.33518231,-1.113663582,-2.1631040360000005,-0.18341069014,-0.5203138023,9.78123803699998,-16.39405193950001,1.535460386099999,-4.01355994069999
5,ASN,0.894,0.3656441717791411,2.17262,1.32801,0.2229899999999998,0,0.0,-0.1,-0.78,0.1111,0.3976,0.6747,0.8272,1.5319839599999996,2.98458177,4.283296679999999,5.363053860000001,-1.93784721154,-3.7691924082,-0.31165119031,-0.8851370363499996,16.386937972000016,-20.516563691000066,2.527660335400012,-5.057315927950011
6,GLN,0.892,0.3102608695652174,2.75915,1.30557,0.6774300000000002,1,0.0476190476190476,-0.1,-0.85,0.1111,0.5388,0.7952,0.6914,2.3673990500000004,4.610775970000001,6.613533189999999,8.273412439999998,-2.169938533799999,-4.228557284599999,-0.33779564361,-0.9611108855400002,18.91844927099997,-25.57345648229993,2.786703642299999,-5.5355746794800025
7,SER,0.211,0.0969669117647058,1.0917,1.38871,0.57629,0,0.0,-0.1,-0.18,0.4111,0.1877,0.8514,0.5309,2.5051772400000005,4.87041766,6.96451057,8.67309209,-2.0345891160000003,-3.9637020526,-0.3201855645900001,-0.9113041789299996,17.369630605000065,-23.351956657399985,2.697762576000001,-5.307523534200014
8,ASN,0.804,0.3288343558282209,2.1938,1.2423,0.3986999999999998,0,0.0,-0.1,-0.78,0.1111,0.3976,0.6747,0.8272,2.08859674,4.06609609,5.82809077,7.28309214,-1.970891580578466,-3.8468784776254576,-0.2995748324972356,-0.8541061763495746,19.450423781999948,-19.37384566180552,3.0367934109999752,-4.441096107694893
9,ASN,1.728,0.7067484662576687,2.5043,0.73,-0.0130000000000001,0,0.0,-0.1,-0.78,0.1111,0.3976,0.6747,0.8272,1.2522436,2.43258658,3.4738914,4.31818566,-1.5982680445200004,-3.106031219,-0.2614484425749999,-0.7421890231699999,21.829363594999904,-26.60219525590008,3.5542210514999586,-6.554757872400006
10,GLY,0.436,0.2411504424778761,0.79404,0.8330000000000001,0.539,1,0.0625,0.03,0.48,0.4556,0.0,1.0,0.5062,1.3900492000000002,2.6924687800000005,3.825750690000001,4.72016431,-2.0979173375,-4.074392370999999,-0.3482908437200001,-0.98860383,22.83269831600013,-38.93145634830002,3.868947004800053,-9.696568295269996
11,GLY,0.303,0.1675884955752212,0.75146,1.02555,0.4794500000000001,1,0.0476190476190476,0.03,0.48,0.4556,0.0,1.0,0.5062,2.22721101,4.33236911,6.201179490000001,7.734301949999999,-2.3490213731400003,-4.587948454299999,-0.350848095354,-1.00051030118,21.38317585300015,-36.392434654700025,3.2471193808000387,-8.23637732013998
12,SER,1.019,0.4682904411764705,1.73043,0.8181099999999999,0.3388900000000003,1,0.1,-0.1,-0.18,0.4111,0.1877,0.8514,0.5309,1.6707364,3.25186915,4.65948982,5.820659139999999,-1.7975419405,-3.4955285390000004,-0.2901488290980001,-0.8239886959199999,25.45638488200015,-32.73154522389998,3.995552162000058,-7.843843341590025
13,GLY,0.671,0.3711283185840708,0.86155,0.7149,0.4221,1,0.0833333333333333,0.03,0.48,0.4556,0.0,1.0,0.5062,1.53033926,2.97176279,4.24132906,5.26759174,-1.7543516680999998,-3.4048798017,-0.29242638062,-0.82899791593,22.794126200999997,-24.60063385910008,3.8217413765000336,-6.66805835669999
14,ASN,0.166,0.0678936605316973,1.7316399999999998,1.52665,0.7523499999999999,1,0.0357142857142857,-0.1,-0.78,0.1111,0.3976,0.6747,0.8272,2.3647944100000005,4.59045912,6.5469574,8.12178745,-1.6063530430600004,-3.1116418825999994,-0.27747172782,-0.78571946524,20.096056157999904,-20.327742207900048,3.3091100002000164,-5.489772731150007
15,ALA,0.488,0.223750573131591,1.02327,1.1428899999999995,0.5501100000000003,2,0.105263157894737,0.77,0.62,0.7,0.1645,0.249,0.3951,2.6457067800000003,5.15155943,7.386074000000001,9.2339386,-2.2862267536000007,-4.453952098049999,-0.3593155009589999,-1.0225632145750003,16.036554169999967,-20.07344529199997,2.455406794899983,-4.549857952720003
16,ALA,0.306,0.140302613480055,1.10361,1.27866,0.5963400000000001,1,0.05,0.77,0.62,0.7,0.1645,0.249,0.3951,2.0876675,4.05880462,5.80404968,7.227884969999999,-2.25637999575,-4.3905992685,-0.3654428970439999,-1.03976858717,19.79803960200015,-20.42003521339996,3.155916601099996,-4.963280678279994
17,LEU,1.534,0.5771256583897668,2.47631,1.00922,0.1147799999999998,0,0.0,1.4,1.1,0.9222,0.663,0.2811,0.0,1.5313159900000002,2.9793738700000003,4.26624216,5.324246979999999,-2.3026152464000003,-4.4843395054,-0.3608414489440002,-1.02567859639,20.47303631900009,-25.96340169299999,3.160394503600012,-6.427650453300012
18,ASN,1.102,0.4507157464212679,2.33777,0.96815,0.3748499999999997,0,0.0,-0.1,-0.78,0.1111,0.3976,0.6747,0.8272,1.53172127,2.98256818,4.276822770000001,5.34869165,-2.7576138661999985,-5.384191425000001,-0.41330377585,-1.1779182795000005,21.379633443999985,-37.74902509499984,3.276051140200007,-8.60166584829998
19,ARG,1.465,0.4369221592603639,3.78517,1.36682,0.5211800000000002,0,0.0,-1.3,-2.5,0.0,0.7346,0.9398,0.6914,1.39145628,2.70346052,3.86182445,4.80248926,-2.17864772873,-4.247959004899999,-0.3365663048599999,-0.95838420073,19.994507553000037,-28.289591810600022,3.155968538100029,-6.543022359690002
20,GLY,0.447,0.2472345132743363,0.82959,0.95143,0.4095700000000001,0,0.0,0.03,0.48,0.4556,0.0,1.0,0.5062,1.80944635,3.51876715,5.03420124,6.27425638,-2.2281424058599995,-4.342172932684998,-0.3465022114863998,-0.98593177611,21.967206854000025,-27.228522142100037,3.3918274519999776,-6.312273979095014
21,GLY,0.292,0.161504424778761,0.83311,1.11532,0.4006800000000001,0,0.0,0.03,0.48,0.4556,0.0,1.0,0.5062,2.3669792400000005,4.60753239,6.603014770000001,8.24979613,-2.532876418916,-4.944258849949999,-0.3819883976356999,-1.088613287776,19.41148979700005,-28.03737322980009,3.0129716437000056,-6.468124909839985
22,ARG,1.776,0.529674917983895,3.52057,1.30835,0.2686500000000003,0,0.0,-1.3,-2.5,0.0,0.7346,0.9398,0.6914,2.2280486300000004,4.33882142,6.22204049,7.780945849999998,-3.0906868539000003,-6.0179238023,-0.4906124187999999,-1.3955391969700002,16.023388708000038,-25.591176839000028,2.565395438300014,-6.139648954349995
23,TYR,1.29,0.3785211267605634,3.75814,1.64104,0.4769599999999998,0,0.0,-0.27,0.26,0.3556,0.8063,0.502,0.1605,2.50839431,4.89554836,7.046985529999999,8.86130838,-3.587262935400001,-7.0046616120000005,-0.5391416997099996,-1.53723414564,16.23629129599998,-25.42749829180002,2.4569584390000103,-5.833262223699999
24,VAL,0.447,0.1835728952772073,1.66228,1.55003,0.4379699999999999,1,0.0526315789473684,1.6,1.1,0.9667,0.4924,0.3655,0.1235,1.94877187,3.79048132,5.42474513,6.76406529,-2.9406044906,-5.712791700899999,-0.4830771130039999,-1.3707812065100005,17.671523156000116,-21.031379266600013,2.835023994200013,-5.142360652709991
25,PRO,0.675,0.3026905829596413,1.6128299999999998,1.21268,0.3423199999999999,1,0.04,-0.37,0.12,0.3222,0.3764,0.8594,0.3827,2.64473807,5.1440162,7.361398130000001,9.17786683,-2.6033113170000006,-5.07294947264,-0.4073599628999999,-1.1595408875600002,15.119089952000058,-22.349213259299948,2.4337001558000173,-5.409788081019991
26,PRO,0.265,0.1188340807174888,1.80805,1.2704,0.6945999999999999,3,0.0857142857142857,-0.37,0.12,0.3222,0.3764,0.8594,0.3827,2.6442218500000005,5.139949509999999,7.347937540000002,9.1468009,-2.450021162100001,-4.772660613899998,-0.3863702169999999,-1.0996847411000004,16.237071701999945,-23.3368347896,2.4602128170999937,-5.184060957479994
27,HIS,0.671,0.2426763110307414,2.6792,1.67643,0.4175700000000002,1,0.0344827586206897,-0.91,-0.4,0.1444,0.561,0.1124,0.679,2.3658401100000006,4.598651330000001,6.57392738,8.183594249999999,-2.4347187111199995,-4.728255906629999,-0.4027243663270001,-1.1425311185100002,14.734753863000051,-19.563653824600003,2.281201747600006,-4.786529352287995
28,LEU,1.464,0.5507900677200903,2.54497,0.96904,0.22496,1,0.0714285714285714,1.4,1.1,0.9222,0.663,0.2811,0.0,1.94995241,3.79968874,5.45491116,6.83275098,-1.8840468627400004,-3.665490591299999,-0.302989126454,-0.8611018798099999,13.71383355000002,-13.023405873499984,2.13664987160001,-3.253543360079996
29,ARG,1.715,0.511482254697286,3.51122,1.4975200000000002,0.1404799999999999,0,0.0,-1.3,-2.5,0.0,0.7346,0.9398,0.6914,1.11315333,2.16271133,3.08938551,3.84216323,-1.33348724748,-2.5982293557,-0.208157266146,-0.5922162178899999,12.060158575999983,-13.206724340500005,1.887500094299999,-3.2681758853899985
30,GLY,0.975,0.5392699115044247,0.99602,0.65595,0.17705,0,0.0,0.03,0.48,0.4556,0.0,1.0,0.5062,0.6946339699999999,1.3432698399999998,1.90343607,2.33941437,-0.7749147750000002,-1.503313023,-0.1303743238999999,-0.3695154939000001,8.440438921999988,-12.748654181000008,1.376243052499996,-3.2363718126
31,GLY,0.848,0.4690265486725663,0.95615,0.7907599999999999,0.1692400000000001,0,0.0,0.03,0.48,0.4556,0.0,1.0,0.5062,0.6942803800000001,1.34050155,1.89432969,2.3185664,-0.8740393396000001,-1.6984080509,-0.1435275664799999,-0.4074817256999999,8.433954282,-14.22361049549998,1.4315707792000052,-3.5226716320000047
32,ASP,1.534,0.5721745617306975,2.5760500000000004,0.70824,0.43876,0,0.0,-0.1,-0.9,0.1111,0.3239,0.8675,1.0,1.25297446,2.43831343,3.49274753,4.36140564,-1.01602814367,-1.99266872084,-0.139360274898,-0.3990592821099999,14.050810470999984,-16.77870681337997,1.9815223334000005,-3.368953797640004
33,GLY,0.698,0.3860619469026548,0.97873,0.7982199999999999,0.3117800000000001,0,0.0,0.03,0.48,0.4556,0.0,1.0,0.5062,1.2525301,2.43485535,3.4814447800000003,4.33575478,-1.3499979207,-2.640749098,-0.1955058506,-0.55831059886,13.87281528599996,-23.33802504549997,2.13531864909999,-5.104291196560007
34,GLY,0.965,0.5337389380530974,1.01658,0.6535,0.1895000000000001,0,0.0,0.03,0.48,0.4556,0.0,1.0,0.5062,1.11353917,2.1657321099999995,3.0993217900000003,3.86490871,-1.839761327,-3.5910406317000003,-0.2774096862999999,-0.7903956741,14.353056088999937,-31.013124868200013,2.1309491256000155,-6.764468302999997
35,ALA,0.767,0.3516735442457588,1.17377,0.94915,0.4648500000000002,0,0.0,0.77,0.62,0.7,0.1645,0.249,0.3951,1.25134588,2.42559832,3.4510426700000005,4.26630591,-1.6712348168000004,-3.2392332285,-0.2857740723199999,-0.8095568783599999,14.006303142000077,-20.244636014300003,2.361577430200001,-5.367513844379998
36,ALA,0.366,0.1678129298486932,1.06257,1.14685,0.66815,0,0.0,0.77,0.62,0.7,0.1645,0.249,0.3951,2.2283254500000003,4.340985990000001,6.2291502,7.79718706,-2.4188218821,-4.724005224299999,-0.3632360035299999,-1.0361551423600004,14.275648475000022,-16.32846639239999,2.123775724900005,-3.669078089590002
37,ALA,0.553,0.2535534158642824,1.12852,1.07528,0.5527200000000001,0,0.0,0.77,0.62,0.7,0.1645,0.249,0.3951,2.08878924,4.067628460000001,5.833220440000001,7.29510935,-2.2196003243300004,-4.31451408583,-0.3627005225600001,-1.03015137152,14.21593935800011,-16.043050387499978,2.2822585405000133,-3.903447613809997
38,ALA,0.483,0.2214580467675378,1.15023,1.01016,0.68784,1,0.04,0.77,0.62,0.7,0.1645,0.249,0.3951,1.94734318,3.779387690000001,5.38857128,6.682231069999999,-2.9386034996705503,-5.705297335263624,-0.4888057876373645,-1.3866403698407808,12.994718187,-19.567063311290838,2.118314894300002,-4.842618473522351
39,ALA,0.1,0.0458505272810637,0.91864,1.27527,0.8057300000000001,0,0.0,0.77,0.62,0.7,0.1645,0.249,0.3951,2.08663824,4.05086393,5.778333690000001,7.170253589999999,-2.733127504139999,-5.312464204700001,-0.4472346614299999,-1.27029532706,13.544204352999952,-22.47904752879999,2.2161636618000005,-5.480262780360002
40,SER,0.831,0.3818933823529411,1.58413,0.8924000000000001,0.4526000000000001,0,0.0,-0.1,-0.18,0.4111,0.1877,0.8514,0.5309,1.67126507,3.25596549,4.6728141700000005,5.850699499999999,-2.2328028764,-4.3523694736000005,-0.34548382259,-0.9831813570999997,12.816755929000076,-18.990813004100072,1.9275015518000065,-4.296789391299995
41,ALA,0.806,0.3695552498853737,1.19571,0.8994,0.4756,0,0.0,0.77,0.62,0.7,0.1645,0.249,0.3951,1.53130003,2.97923121,4.26571004,5.32283497,-1.7935146868900005,-3.5045518282200008,-0.265454565931,-0.7572761066960001,13.050299703999984,-17.76692537504002,1.9820369851000004,-4.027825021364006
42,GLY,0.814,0.450221238938053,0.8988700000000001,0.72129,0.2727100000000001,0,0.0,0.03,0.48,0.4556,0.0,1.0,0.5062,1.2527685100000003,2.43670564,3.487473,4.34937476,-1.3428720178000002,-2.6236829307,-0.1991236966699999,-0.5679570420500002,13.949166267000033,-21.16509164409997,2.1632245769000136,-4.861115805000002
43,GLY,0.808,0.4469026548672566,0.92154,0.8309199999999999,0.1690800000000001,0,0.0,0.03,0.48,0.4556,0.0,1.0,0.5062,0.97314796,1.88566555,2.6812711899999995,3.31203074,-0.9223436986,-1.7927416374,-0.15010176754,-0.4260678977,7.969087122000017,-19.58422528919999,1.301383458800002,-4.762064136199999
44,ASP,1.45,0.5408429690414024,2.4928,0.86513,0.3658700000000001,0,0.0,-0.1,-0.9,0.1111,0.3239,0.8675,1.0,0.97352567,1.88861204,2.69092531,3.33401462,-1.0980839049999995,-2.149291007,-0.1577600201999999,-0.450975715,7.986073995999991,-20.87026557900003,1.166280792400004,-4.435725895000005
45,ASP,0.796,0.2969041402461768,2.08221,1.1769199999999995,0.7080800000000003,0,0.0,-0.1,-0.9,0.1111,0.3239,0.8675,1.0,0.83356673,1.6119240499999998,2.28396759,2.80646672,-0.7684195679999999,-1.4951250420000002,-0.1236420367799999,-0.3514891251,7.145787148999999,-13.33597744630003,1.1603921265999984,-3.0608811181000046
46,ARG,2.654,0.7915299731583656,4.02871,0.66737,0.0316300000000002,0,0.0,-1.3,-2.5,0.0,0.7346,0.9398,0.6914,1.11336015,2.16432601,3.09468068,3.85423547,-0.6859643550000001,-1.341922841,-0.098965507,-0.2825744166,7.007204283999986,-11.578416072,0.9771220959999994,-2.3344102049999984
47,ARG,1.948,0.5809722636444974,3.72792,1.15799,0.2470100000000004,1,0.2,-1.3,-2.5,0.0,0.7346,0.9398,0.6914,0.97326237,1.88656721,2.6842580000000003,3.31893188,-0.49730181701,-0.9680091898600002,-0.078774976367,-0.2238490467459999,7.540980893999987,-9.107655929899986,1.194515362299999,-2.135253864389999
48,GLY,0.86,0.4756637168141592,0.96006,0.6724800000000001,0.27552,1,0.2,0.03,0.48,0.4556,0.0,1.0,0.5062,0.6940921099999999,1.33905316,1.88965466,2.30813861,-0.8263174790000001,-1.601792124,-0.1405717769,-0.3981379092999998,3.645728076999992,-7.921174314000003,0.6385311819999998,-2.1604481289999984
49,GLY,0.959,0.5304203539823008,1.03085,0.64924,0.19976,1,0.2,0.03,0.48,0.4556,0.0,1.0,0.5062,0.6942477200000001,1.34025969,1.89358236,2.31700405,-0.6905606957000001,-1.3378564952999998,-0.11914522588,-0.33744505106,3.6502799220000033,-5.675707328499993,0.6002867491000003,-1.5046759606800006
50,ALA,0.987,0.452544704264099,1.21717,0.8389599999999999,0.35504,0,0.0,0.77,0.62,0.7,0.1645,0.249,0.3951,0.97338214,1.88752109,2.68745216,3.32641783,-0.4999963879999999,-0.9687074120000002,-0.0855147861,-0.2420072637999999,3.847814483000001,-4.319192160000003,0.6186011007000002,-1.068433813
51,GLY,0.513,0.2837389380530973,0.7311,1.00828,0.2867199999999998,0,0.0,0.03,0.48,0.4556,0.0,1.0,0.5062,1.25195885,2.43036984,3.46664232,4.3017219,-0.5740504411,-1.121248066,-0.0854269459199999,-0.24354607997,2.7149397639999977,-4.5098474840000025,0.3909441442000005,-0.9668702712099992
52,GLY,0.644,0.3561946902654867,0.82308,0.8502,0.3138000000000002,0,0.0,0.03,0.48,0.4556,0.0,1.0,0.5062,0.97220914,1.87834876,2.65731609,3.25753717,-0.657585634,-1.2817816130000002,-0.1019329874,-0.2901095998,2.6325340380000024,-5.355749443999999,0.4098680274000008,-1.2175336880999996
53,GLY,1.042,0.5763274336283186,1.05988,0.58728,0.17872,0,0.0,0.03,0.48,0.4556,0.0,1.0,0.5062,0.8337597400000001,1.61345954,2.28910483,2.8184926000000003,-0.5661508739999999,-1.1055576699999998,-0.0845724313,-0.2410598724999999,2.9060724520000014,-6.316230209999998,0.4651974632000006,-1.4575245945
54,GLY,0.956,0.5287610619469026,0.96746,0.6602800000000001,0.19172,0,0.0,0.03,0.48,0.4556,0.0,1.0,0.5062,0.69403836,1.33861455,1.88814957,2.30450208,-0.5797520515,-1.1254155118000002,-0.0970570456,-0.2753739986999999,3.216144514000001,-6.496705301000005,0.5517324751,-1.6228208693999984
55,TYR,1.238,0.363262910798122,3.57944,1.75088,0.4191199999999999,0,0.0,-0.27,0.26,0.3556,0.8063,0.502,0.1605,0.97191274,1.87604304,2.6497837100000003,3.2404559,-0.841906352,-1.634708921,-0.1399742387,-0.3971331979999999,2.625383564000001,-7.085285535000008,0.4685732213999993,-1.837290261
56,ARG,2.382,0.7104085893229943,3.87961,0.8197100000000002,0.1512899999999999,0,0.0,-1.3,-2.5,0.0,0.7346,0.9398,0.6914,1.25281075,2.43703207,3.488533,4.35175948,-0.79782425937,-1.5502313747799998,-0.129860885175,-0.3683227049300001,4.163260986000002,-6.139870873159995,0.6577717593000004,-1.5091738687000025
57,ARG,1.21,0.3608708619147032,3.08669,1.79715,0.3458500000000002,0,0.0,-1.3,-2.5,0.0,0.7346,0.9398,0.6914,1.5308939600000002,2.97605793,4.25529223,5.299049620000001,-1.1218554606000002,-2.1845454262,-0.1770996205499999,-0.5036062753599998,4.68123074900001,-8.1304323716,0.6812722217000002,-1.7026373364000025
58,GLY,0.345,0.1908185840707964,0.6454000000000001,0.90778,0.55522,0,0.0,0.03,0.48,0.4556,0.0,1.0,0.5062,1.2506204,2.41999975,3.4329012600000004,4.22560848,-1.1817858302,-2.2907289494,-0.2011204965,-0.5695646290999998,4.163542718999999,-9.739265242000004,0.6572376025000005,-2.206392535550003
59,GLY,0.719,0.3976769911504424,0.90357,0.78203,0.3069699999999999,0,0.0,0.03,0.48,0.4556,0.0,1.0,0.5062,1.39063956,2.6971241800000003,3.84117753,4.755819260000001,-0.9600123363499998,-1.87330569645,-0.1466727354829999,-0.4180953080999999,5.148646808000006,-10.050667569999996,0.7932406900999996,-2.2679691069000025
60,GLY,0.374,0.206858407079646,0.88211,0.98616,0.4478400000000002,0,0.0,0.03,0.48,0.4556,0.0,1.0,0.5062,1.25182758,2.4293395,3.46324482,4.29391994,-0.8239725656,-1.5963903277999998,-0.14173075777,-0.40133202074,4.705377084000008,-8.41133098109999,0.8100001773999999,-2.2477940444000004
61,ASN,1.181,0.4830265848670757,2.37551,1.04082,0.2231799999999997,0,0.0,-0.1,-0.78,0.1111,0.3976,0.6747,0.8272,1.9504228,3.80339722,5.467202319999999,6.861172389999999,-1.06032053463,-2.07158931647,-0.156283089905,-0.4455224689099999,7.752894068999972,-18.336214990999995,1.1024421973999992,-3.824317760999996
62,SER,0.646,0.296875,1.59351,1.02091,0.5090900000000003,1,0.0833333333333333,-0.1,-0.18,0.4111,0.1877,0.8514,0.5309,1.8103249800000003,3.5256023900000004,5.05653529,6.32492257,-0.97099327425,-1.88822441884,-0.156485309963,-0.4443024845799999,12.064961353999998,-19.40015440769997,1.860465210600004,-4.577368945540018
63,GLY,0.576,0.3185840707964601,0.8309300000000001,0.81518,0.4168200000000002,0,0.0,0.03,0.48,0.4556,0.0,1.0,0.5062,1.3908380099999995,2.6985992,3.84575889,4.76548266,-1.1253009028000005,-2.1731145656,-0.2043290370799999,-0.5774211692,10.69777718699999,-18.70861735920003,1.9119959989000064,-5.229479992400011
64,GLY,0.484,0.2676991150442477,0.8730100000000001,0.8396399999999999,0.4843600000000001,0,0.0,0.03,0.48,0.4556,0.0,1.0,0.5062,1.2524362100000002,2.4340961,3.47886207,4.32957955,-1.6659415896000005,-3.242863717000001,-0.2652575690899998,-0.7541617731999999,12.456526408000082,-16.264873547399993,1.9330940644000063,-3.775472437499992
65,GLY,0.485,0.2682522123893805,0.8765900000000001,0.93605,0.3869499999999999,0,0.0,0.03,0.48,0.4556,0.0,1.0,0.5062,1.67098377,3.25377236,4.66563336,5.83436352,-2.3638779986150005,-4.63219740556,-0.3306513571934,-0.9461037166449996,16.533306880000005,-22.70709113038205,2.3161788414999998,-4.694781505039998
66,GLY,0.822,0.454646017699115,0.9344,0.78447,0.2015300000000001,0,0.0,0.03,0.48,0.4556,0.0,1.0,0.5062,1.5316345299999998,2.9818672100000008,4.2744418600000005,5.34301203,-2.15226916874,-4.214406094699998,-0.3045591033399999,-0.87049416635,17.00684334499991,-26.058383232899995,2.350723645400008,-5.260775606850002
67,GLY,0.955,0.5282079646017699,0.98925,0.708,0.1450000000000001,0,0.0,0.03,0.48,0.4556,0.0,1.0,0.5062,1.11281651,2.16007971,3.08074889,3.82245469,-0.8978192536,-1.7375265359999998,-0.15592584802,-0.4407956177999999,11.497159005000087,-18.700586825000038,1.9117121467000024,-4.961441666499984
68,GLY,0.758,0.4192477876106195,0.85519,0.6918300000000001,0.35817,2,0.153846153846154,0.03,0.48,0.4556,0.0,1.0,0.5062,1.2515558800000002,2.42720826,3.4562193100000003,4.27778954,-0.99171966979,-1.92967752075,-0.160699489706,-0.4572135374400001,11.59178550199998,-22.12687987758998,1.8176093753000135,-5.192343093740005
69,GLY,0.548,0.3030973451327434,0.86937,0.8586900000000001,0.4013099999999999,2,0.2,0.03,0.48,0.4556,0.0,1.0,0.5062,1.11245803,2.15727734,3.0715434,3.80141873,-1.0921864551399998,-2.1270397620000003,-0.1719180774499999,-0.4888866864999999,12.606311963999993,-20.609379415000003,2.016819944600008,-4.7574092374
70,TYR,1.563,0.4586267605633802,3.92632,1.31976,0.5252399999999999,3,0.25,-0.27,0.26,0.3556,0.8063,0.502,0.1605,1.25209948,2.43147796,3.470313780000001,4.31020784,-0.8095216008499998,-1.5719366574599998,-0.1343715929599999,-0.38123721111,13.829336487000054,-16.088388168650017,2.168482992800002,-3.935508175690008
71,ASP,1.138,0.4244684819097351,2.50547,0.8637699999999999,0.6792300000000002,2,0.2,-0.1,-0.9,0.1111,0.3239,0.8675,1.0,1.53113392,2.97793264,4.26144343,5.31308319,-0.78759236175,-1.5359116541300004,-0.121426890874,-0.34584805885,11.086054901999985,-10.29221054228001,1.68714655160001,-2.309993835800002
72,ARG,1.784,0.5320608410378765,3.75337,1.19158,0.3774200000000001,0,0.0,-1.3,-2.5,0.0,0.7346,0.9398,0.6914,1.5312116,2.97853759,4.2634226900000005,5.31758001,-0.9992125392999998,-1.9428617576,-0.16213623366,-0.4605112429,7.154901067000012,-11.65097940299999,1.0839218276999982,-2.6678651129000013
73,GLY,0.507,0.2804203539823008,0.88303,0.9447,0.3563000000000003,0,0.0,0.03,0.48,0.4556,0.0,1.0,0.5062,1.5287996,2.95979089,4.20222013,5.17888036,-1.2395946385399998,-2.4099170601600006,-0.2017556223909999,-0.5729968248600001,5.893005828000002,-12.847004471779998,0.9257951401000012,-2.982739111800006
74,TYR,0.899,0.2637910798122065,3.50902,1.79348,0.7155199999999999,0,0.0,-0.27,0.26,0.3556,0.8063,0.502,0.1605,1.6694939700000002,3.24212815,4.6273947600000005,5.747024339999999,-1.28790657835,-2.5123539523,-0.19693007046,-0.5609278590400001,5.697438960000001,-11.3199790568,0.8867348487999984,-2.553285424629998
75,ASN,1.178,0.481799591002045,2.35572,0.92043,0.34657,0,0.0,-0.1,-0.78,0.1111,0.3976,0.6747,0.8272,1.53235022,2.98746693,4.29285122,5.385122249999999,-0.9765125922,-1.905820813,-0.14715364306,-0.4191134642,5.388301891999997,-7.261498544200003,0.7878162628000001,-1.6559522639000004
76,ASP,1.256,0.4684819097351734,2.50212,0.87184,0.5531600000000001,0,0.0,-0.1,-0.9,0.1111,0.3239,0.8675,1.0,0.69445,1.34183714,1.89875074,2.32877263,-0.8451872750999999,-1.6325339529999998,-0.15193996226,-0.4291338443999999,2.663306681999999,-4.643466448000002,0.4833774485,-1.2531857013999994
77,ASN,1.522,0.6224948875255624,2.49293,0.8184100000000001,0.1045899999999997,0,0.0,-0.1,-0.78,0.1111,0.3976,0.6747,0.8272,0.83404259,1.6156622399999998,2.29631018,2.83486384,-1.140503946,-2.2280210709999992,-0.1694224545699999,-0.4831932611,2.3189594979999995,-4.439097640000004,0.3543966751000001,-1.0414942808999998
78,ARG,1.375,0.4100805249030718,3.43966,1.66057,0.3174300000000001,2,0.333333333333333,-1.3,-2.5,0.0,0.7346,0.9398,0.6914,0.83407913,1.6159467399999998,2.29724084,2.83697861,-0.9826901355999998,-1.9190019683999997,-0.1465435929299999,-0.4176552015999999,3.025201045999994,-5.457330160800001,0.4691627770000002,-1.2979375823999997
79,ASP,1.418,0.5289071242073853,2.47343,0.8209299999999999,0.4420700000000002,1,0.2,-0.1,-0.9,0.1111,0.3239,0.8675,1.0,0.83418674,1.6167857899999998,2.29998772,2.8432263,-0.8963125412999999,-1.7370902204000005,-0.15233043907,-0.4311500563999998,3.5347491120000005,-7.272823084000006,0.5599180040000006,-1.7179378951999995
80,ASP,1.185,0.4419992540096978,2.42097,0.98476,0.51124,2,0.181818181818182,-0.1,-0.9,0.1111,0.3239,0.8675,1.0,1.3919612299999995,2.7073824,3.8746146400000008,4.83142832,-1.1687434105199996,-2.2843897777,-0.17247999729,-0.49227814846,4.718721736000002,-8.684047234350004,0.7049602571999994,-1.8963799664000016
81,ARG,2.241,0.6683566954965702,3.97643,0.93596,0.1760399999999999,0,0.0,-1.3,-2.5,0.0,0.7346,0.9398,0.6914,1.2523895,2.43374709,3.47777218,4.32726443,-1.1099749179999996,-2.1637461099999995,-0.17163104104,-0.4884654949999999,5.068753970999999,-9.642576096,0.7851696434999996,-2.312701843799999
82,ASP,1.435,0.5352480417754569,2.49425,0.88554,0.36046,0,0.0,-0.1,-0.9,0.1111,0.3239,0.8675,1.0,0.97339286,1.88757347,2.68751474,3.32622432,-0.7734928528000001,-1.499363536,-0.13227706636,-0.3748061639999999,2.7892600620000008,-6.407816823000001,0.4405095440000001,-1.4946669758000004
83,ASN,0.42,0.1717791411042944,1.65726,1.4548,0.5702,0,0.0,-0.1,-0.78,0.1111,0.3976,0.6747,0.8272,1.2499612800000002,2.41479242,3.41561376,4.18555511,-0.8366924560000002,-1.6213577409999995,-0.1439638951,-0.4078662310000001,3.3708986199999966,-7.259222150000003,0.5946585859000006,-1.9269973826000009
84,ARG,2.335,0.6963912913808529,4.0187,0.8738999999999999,0.1441000000000003,1,0.0625,-1.3,-2.5,0.0,0.7346,0.9398,0.6914,1.67006771,3.24660846,4.64209401,5.780555139999999,-0.4110177036999999,-0.8021719345000001,-0.06259172689,-0.1784502812699999,3.782073824000004,-4.083262633099993,0.4987241701999996,-0.7804693829399998
85,GLY,0.443,0.2450221238938053,0.84895,0.90442,0.46058,0,0.0,0.03,0.48,0.4556,0.0,1.0,0.5062,1.39117302,2.70125367,3.8546025,4.786071830000001,-0.4876731933116595,-0.942652204150556,-0.0875368252151393,-0.2476139911508237,4.169316173999999,-4.707617449459453,0.6114546869000009,-1.0313384057440045
86,GLY,0.737,0.4076327433628318,0.94388,0.6874,0.3836000000000001,0,0.0,0.03,0.48,0.4556,0.0,1.0,0.5062,0.8329175600000001,1.60685814,2.26736021,2.76862283,-0.7969240892999998,-1.5408759379000003,-0.1423278693299999,-0.4026595836999999,3.642939442999999,-4.562717948000003,0.6617398543000012,-1.3030515862600007
87,SER,1.187,0.5454963235294118,1.62054,0.72281,0.2661900000000001,0,0.0,-0.1,-0.18,0.4111,0.1877,0.8514,0.5309,1.11247658,2.15741363,3.07196156,3.80228414,-0.6772030451,-1.312552369,-0.1163020118,-0.3295823696,3.4565268190000027,-6.194173962099998,0.5535904854999992,-1.5016290743000005
88,GLY,0.177,0.0978982300884955,0.71273,1.09875,0.5322499999999999,0,0.0,0.03,0.48,0.4556,0.0,1.0,0.5062,1.52859814,2.9581678300000003,4.196730680000001,5.165865650000001,-0.5234231158000001,-1.0087425316,-0.0975273441599999,-0.2750810453,4.471291163000001,-5.705074623899997,0.766665806699999,-1.5389708551000008
89,GLY,0.539,0.2981194690265487,0.96262,0.87653,0.3924700000000001,3,0.176470588235294,0.03,0.48,0.4556,0.0,1.0,0.5062,1.94859941,3.789095,5.4200595,6.75295549,-0.2527607349,-0.4905244619000001,-0.04191175551,-0.1187218763,4.243911805999996,-3.5242232822000013,0.6602746298000006,-0.7646114560000004
90,TYR,1.499,0.4398474178403756,3.64456,1.42558,0.4834199999999997,7,0.636363636363636,-0.27,0.26,0.3556,0.8063,0.502,0.1605,1.6712171500000002,3.25561918,4.67177825,5.84864644,-0.7461534025,-1.4476337139000004,-0.12455876803,-0.35284076305,4.644039133999998,-7.537040272300001,0.6554794332000005,-1.5493475619000012
91,GLY,0.952,0.5265486725663716,0.98508,0.6578200000000001,0.19818,3,0.6,0.03,0.48,0.4556,0.0,1.0,0.5062,0.8338889,1.61446947,2.29242287,2.82607677,-1.0370980404,-2.00898509,-0.1781954138399999,-0.5043612422,4.312877467999999,-7.4896184359999936,0.7446246662000003,-1.895641116499998
92,ARG,2.373,0.7077244258872651,3.9898,0.76139,0.2186099999999999,2,0.4,-1.3,-2.5,0.0,0.7346,0.9398,0.6914,0.8337022000000001,1.61299315,2.28751504,2.8146833200000003,-0.9165023825,-1.782022462,-0.1498291668,-0.4258659918999999,3.21918856,-8.689580349000003,0.5229229681999996,-2.053203310399997
93,ASP,0.607,0.2264080566952629,2.05063,1.33902,0.73498,5,0.555555555555556,-0.1,-0.9,0.1111,0.3239,0.8675,1.0,0.97226974,1.87880482,2.65875502,3.26064712,-0.7839731129999999,-1.5275424964300002,-0.1235433956759999,-0.35182514687,3.383003746000004,-7.791580793699999,0.4936590822000005,-1.6678149044000004
94,ARG,2.073,0.6182523113629584,3.94949,1.00704,0.2729600000000003,2,0.5,-1.3,-2.5,0.0,0.7346,0.9398,0.6914,1.11329489,2.16382673,3.09307996,3.85069993,-0.79456407827,-1.5495753971,-0.12223807395,-0.34813492888,3.529491912999993,-7.160506910000002,0.6088043423000006,-1.8446309484999996
95,ASN,0.996,0.4073619631901841,2.41601,1.05903,0.3899699999999999,2,0.333333333333333,-0.1,-0.78,0.1111,0.3976,0.6747,0.8272,1.2530066400000002,2.43858824,3.4937321100000007,4.3639083,-1.280691603,-2.4959193038,-0.19878213499,-0.5655626916000001,6.079272445999993,-7.588143291500003,1.0387141221000034,-1.957297027400004
96,TYR,1.669,0.4897300469483568,3.8602,1.3064700000000002,0.4325299999999996,3,0.428571428571429,-0.27,0.26,0.3556,0.8063,0.502,0.1605,1.39247091,2.7113965,3.887902430000001,4.86210466,-2.0142508071000003,-3.924717774299999,-0.31243896791,-0.8884018614199997,15.79420779600012,-25.362897820399976,2.4554665005999965,-5.843466786980024
97,GLU,0.459,0.1682551319648093,2.26955,1.67115,0.59785,3,0.214285714285714,-0.1,-0.74,0.1111,0.4884,0.8112,0.9136,1.6699905800000003,3.2460379299999995,4.64033485,5.77688926,-1.9926831874750195,-3.8890018524584735,-0.3015325808892003,-0.8591058031672081,16.911703922000065,-31.78663538140001,2.500396454400009,-6.717786993600018
98,ASP,1.119,0.4173815740395374,2.24924,0.95913,0.6028700000000001,3,0.214285714285714,-0.1,-0.9,0.1111,0.3239,0.8675,1.0,1.38991645,2.6915203,3.82293241,4.71461647,-1.7281457965000002,-3.362982338,-0.2767130634099999,-0.7865864996999998,15.023598138000033,-28.68312661299997,2.5406735913999943,-6.842730562300005
99,ARG,0.784,0.2338204592901878,3.11731,2.01018,0.5588199999999999,1,0.0714285714285714,-1.3,-2.5,0.0,0.7346,0.9398,0.6914,1.80976916,3.521292599999999,5.04250424,6.293249770000001,-1.618497223320001,-3.157021791599999,-0.246573907358,-0.7019499258459999,18.010429812999977,-29.419037764219983,2.670725344400013,-6.456972472920009
100,GLY,0.791,0.4375,0.99323,0.8144600000000002,0.2025399999999997,0,0.0,0.03,0.48,0.4556,0.0,1.0,0.5062,2.08715376,4.05484624,5.79124682,7.199241839999999,-1.3974213692999995,-2.7218061393000013,-0.2196719894899999,-0.6247702632399998,15.980231397000036,-22.02017854059997,2.591626282399998,-5.434925236439985
101,TYR,0.279,0.0818661971830986,3.26819,2.0194499999999995,1.1095500000000005,0,0.0,-0.27,0.26,0.3556,0.8063,0.502,0.1605,2.08629361,4.04819291,5.769640679999999,7.1506359,-1.1182591817000005,-2.1783852190000004,-0.1760407563700001,-0.5009547622499998,11.20039907200004,-17.675739182400008,1.7243998458000007,-4.174602318099999
102,ASN,1.613,0.6597137014314929,2.54421,0.8037899999999999,0.0282099999999999,0,0.0,-0.1,-0.78,0.1111,0.3976,0.6747,0.8272,1.6705277500000002,3.25020306,4.653894810000001,5.807499449999999,-1.0594486146,-2.0645485777,-0.16441715458,-0.4676767045299997,12.807814634999987,-20.32242513649995,2.003291569200005,-4.848571570849988
103,GLY,0.506,0.2798672566371681,0.8145399999999999,0.92908,0.3729200000000001,2,0.111111111111111,0.03,0.48,0.4556,0.0,1.0,0.5062,1.5286679500000002,2.95877157,4.19890702,5.1714195,-1.3252198210999997,-2.5722549318,-0.2227415025,-0.63211167911,14.010666432999994,-25.198013151199923,2.332610239400017,-6.495988729820001
104,GLY,0.194,0.1073008849557522,0.80715,1.05214,0.56186,2,0.0689655172413793,0.03,0.48,0.4556,0.0,1.0,0.5062,1.52699374,2.94564663,4.155680420000001,5.07231519,-1.1492319506,-2.2207103008000004,-0.2076429638999999,-0.5873535451600002,13.98684689600005,-20.128898412999952,2.5393669833999906,-5.493605430900016
105,GLY,0.472,0.2610619469026548,0.76716,0.90971,0.42629,0,0.0,0.03,0.48,0.4556,0.0,1.0,0.5062,1.80939598,3.51836742,5.032868720000001,6.27115095,-1.6107220891000005,-3.1499352465,-0.2350318752,-0.6711532205000003,11.244177469000016,-18.284024442999986,1.697764488100005,-4.099061650799998
106,GLY,0.601,0.3324115044247787,0.8768699999999999,0.7650300000000001,0.44197,0,0.0,0.03,0.48,0.4556,0.0,1.0,0.5062,1.5307877899999998,2.97524428,4.25267752,5.293253860000001,-1.5240628101999998,-2.96103457857,-0.25057771603,-0.71123699974,12.84116996700004,-13.67906945060001,2.061327562200006,-3.4956426360700013
107,GLY,0.485,0.2682522123893805,0.7946599999999999,0.95426,0.3687399999999999,0,0.0,0.03,0.48,0.4556,0.0,1.0,0.5062,1.94791048,3.78381831,5.40310496,6.7153697800000005,-1.5260715668999996,-2.964625312200001,-0.25146973906,-0.7137176659700001,13.556112654,-18.456501856799974,2.1112154689999976,-4.294470031300003
108,GLY,0.307,0.1698008849557522,0.87614,0.8906700000000001,0.61033,1,0.0416666666666667,0.03,0.48,0.4556,0.0,1.0,0.5062,2.08827331,4.063576830000001,5.819851079999999,7.26437622,-2.13236028868,-4.14532595991,-0.347659857635,-0.987411211016,13.750175513000002,-19.158629841569947,2.1616736925000044,-4.59684735575501
109,GLY,0.033,0.0182522123893805,0.61042,1.09823,0.6767700000000001,1,0.0303030303030303,0.03,0.48,0.4556,0.0,1.0,0.5062,2.36563273,4.59705822,6.56878301,8.172099549999999,-1.9704753596000004,-3.832737498700001,-0.3179203116799998,-0.9033102994,13.210136473000018,-18.223403101399978,1.990110945800006,-4.067625554100005
110,ASN,0.847,0.3464212678936605,2.13421,1.39053,0.2074699999999998,0,0.0,-0.1,-0.78,0.1111,0.3976,0.6747,0.8272,1.8094988000000003,3.5192025,5.03571899,6.277990009999999,-1.9803884479,-3.846721062900001,-0.32627788687,-0.9257715594400002,12.033893228000045,-17.01773641669999,1.7814002344000028,-3.650452276139997
111,ARG,2.09,0.6233223978526692,3.73296,1.10625,0.1567500000000004,0,0.0,-1.3,-2.5,0.0,0.7346,0.9398,0.6914,1.25270928,2.43623883,3.4859285,4.34581287,-1.6496296313000005,-3.20742711904,-0.267633637637,-0.7600652083899999,6.00797850900001,-6.06736379172,0.9656394782999996,-1.5604111574499997
112,GLY,0.452,0.25,0.7115300000000001,0.93622,0.4197800000000001,0,0.0,0.03,0.48,0.4556,0.0,1.0,0.5062,0.69418603,1.33977558,1.89198655,2.31334027,-1.1624730646,-2.250099557,-0.2029824831999999,-0.574367112,2.585763779999999,-5.365272798000003,0.4647817410000001,-1.4676634848
113,TYR,2.376,0.6971830985915493,3.97164,0.81124,0.22076,1,0.25,-0.27,0.26,0.3556,0.8063,0.502,0.1605,0.6941234,1.3392844300000002,1.89036856,2.30962923,-0.690506545,-1.338335713,-0.1188488194,-0.3368817815999999,2.585122333,-6.085625232999999,0.4700586364999999,-1.6195661967999997
114,ASN,0.93,0.3803680981595092,2.2798,1.1651999999999998,0.3497999999999999,1,0.2,-0.1,-0.78,0.1111,0.3976,0.6747,0.8272,0.97291937,1.88390481,2.67558011,3.29931178,-0.681282994,-1.330229434,-0.1021029901,-0.291007978,2.5930130570000003,-6.684218766000001,0.4079535123999997,-1.5335826359999998
115,ASN,1.313,0.5370143149284253,2.38582,0.93848,0.1935199999999999,1,0.166666666666667,-0.1,-0.78,0.1111,0.3976,0.6747,0.8272,0.97260763,1.88145794,2.66750898,3.2807680400000003,-0.4218777649999999,-0.820935895,-0.0674794126,-0.1917892699999999,3.256266281999998,-6.710993923000005,0.5471090920000002,-1.6539405750000005
116,ASN,1.505,0.6155419222903885,2.33441,0.9267,0.0132999999999998,0,0.0,-0.1,-0.78,0.1111,0.3976,0.6747,0.8272,0.83357612,1.61203232,2.2844465,2.80794047,-0.466597966,-0.903809925,-0.0804090429,-0.2276357529,3.0198620650000003,-6.996446295000003,0.5167410315000004,-1.7934368764999995
117,ARG,2.608,0.777810915597972,3.98116,0.7708599999999999,-0.0258599999999997,0,0.0,-1.3,-2.5,0.0,0.7346,0.9398,0.6914,0.8335534800000001,1.61182601,2.2836651,2.80583542,-0.524721529,-1.0206374630000004,-0.0848382332,-0.2411053406,2.355433982,-6.274827973999996,0.3851329620000001,-1.4687872409999998
118,GLY,0.63,0.3484513274336283,0.86212,0.87223,0.30577,0,0.0,0.03,0.48,0.4556,0.0,1.0,0.5062,0.97302294,1.88469511,2.6781089,3.30488494,-0.4893254779999998,-0.953961156,-0.0756477179,-0.215355703,2.280323480000001,-5.433281790999999,0.3432070741000002,-1.1947379626000003
119,GLY,0.92,0.5088495575221239,1.01846,0.6680699999999999,0.21993,0,0.0,0.03,0.48,0.4556,0.0,1.0,0.5062,0.97372349,1.89018212,2.69616628,3.34624747,-0.484906369,-0.945117004,-0.0746770188,-0.212376076,2.320157994999997,-4.813904456500002,0.3410011733999999,-1.0424473402
120,GLY,1.084,0.5995575221238938,1.03758,0.61095,0.1130499999999999,0,0.0,0.03,0.48,0.4556,0.0,1.0,0.5062,0.8337439,1.6133160599999998,2.28856457,2.81704619,-0.5621782370000001,-1.091971042,-0.0929689358,-0.263867975,1.3741088960000003,-2.7597793479999995,0.2234583353000001,-0.663532381
121,GLY,0.67,0.370575221238938,1.00605,0.7943199999999999,0.34368,0,0.0,0.03,0.48,0.4556,0.0,1.0,0.5062,0.83362814,1.61241824,2.28564073,2.81044359,-0.557629404,-1.085063393,-0.0892308989999999,-0.2535916875,1.2166375650000008,-2.4262914880000004,0.2012796438,-0.579111712
122,GLY,1.072,0.5929203539823009,1.01523,0.6233299999999999,0.11267,0,0.0,0.03,0.48,0.4556,0.0,1.0,0.5062,0.83409132,1.61603873,2.29753009,2.83759934,-0.4280679829999999,-0.8329370079999999,-0.0682882804,-0.1940025319999999,1.2951410780000003,-2.4180919370000007,0.2134403419,-0.5887549316999998
123,GLY,0.621,0.3434734513274336,0.91058,0.8523399999999999,0.3346600000000002,0,0.0,0.03,0.48,0.4556,0.0,1.0,0.5062,0.83392781,1.614771,2.29340394,2.82828954,-0.369528683,-0.7182910940000001,-0.0599664289999999,-0.1702050209999999,1.4535838800000005,-2.7181421420000005,0.2259620099999999,-0.6236783079999997
124,TYR,2.148,0.6302816901408451,3.89232,1.06412,0.1958799999999998,1,0.2,-0.27,0.26,0.3556,0.8063,0.502,0.1605,0.83395401,1.6149553699999997,2.2939371,2.82928339,-0.367798825,-0.718802373,-0.0543486846,-0.155088194,2.281248230000004,-4.990587031999998,0.3358394100000004,-1.0442353679000005
125,ASN,1.42,0.5807770961145194,2.43846,0.92245,0.1025499999999999,1,0.333333333333333,-0.1,-0.78,0.1111,0.3976,0.6747,0.8272,0.69421838,1.34002713,1.89280809,2.31520334,-0.435452311,-0.843726042,-0.0750595208,-0.21263539,2.390125237,-6.012162557999995,0.4298186712000008,-1.5790341167999986
126,ARG,1.838,0.5481658216522517,3.64303,1.28329,0.23171,1,0.333333333333333,-1.3,-2.5,0.0,0.7346,0.9398,0.6914,0.69455106,1.34262687,1.90134318,2.3346915,-0.6331887629999999,-1.22715621,-0.1081796954,-0.306354244,2.664406674000001,-7.219050614,0.4748692416999997,-1.9367258009999984
127,GLN,1.135,0.3947826086956522,2.62724,1.32487,0.41513,0,0.0,-0.1,-0.85,0.1111,0.5388,0.7952,0.6914,0.8339353599999999,1.61482715,2.29357822,2.82865599,-0.4572862649999999,-0.8833379049000001,-0.0818556576049999,-0.23112686352,3.452498243000002,-5.206154739000007,0.5758827962000002,-1.4329648965999988
128,ASP,0.554,0.206639313688922,2.0248,1.37274,0.7542599999999997,0,0.0,-0.1,-0.9,0.1111,0.3239,0.8675,1.0,0.97345853,1.88807689,2.68913107,3.32980233,-0.8885265763800001,-1.733100501,-0.136198542138,-0.38789712143,5.388807965999996,-6.138626758700004,0.7944796438000016,-1.3387266114200016
129,ARG,2.132,0.6358484938860721,3.5771,1.17991,0.04109,0,0.0,-1.3,-2.5,0.0,0.7346,0.9398,0.6914,0.69427424,1.3404558,1.89418758,2.31826651,-0.8322152344,-1.6205847323,-0.13181249942,-0.3749517062,3.5712023300000086,-5.782664051399998,0.5938806180000002,-1.3883988196999992
130,GLY,0.807,0.4463495575221239,0.92446,0.75906,0.2419399999999999,0,0.0,0.03,0.48,0.4556,0.0,1.0,0.5062,0.83427794,1.6175010099999998,2.30234505,2.8486371000000004,-1.2543017918,-2.4434098525000003,-0.195823784322,-0.5568191526800002,3.9637821499999952,-7.861606817700002,0.6518519825999984,-1.89098302038
131,ASP,1.372,0.5117493472584856,2.40021,0.86034,0.4486599999999999,0,0.0,-0.1,-0.9,0.1111,0.3239,0.8675,1.0,1.39165336,2.70497757,3.86672338,4.81342264,-1.5389409850999998,-2.9891953738000003,-0.2543639758400001,-0.7218772309599999,6.40302040100001,-8.3422840217,1.011805780000003,-2.022631473100001
132,GLY,0.204,0.1128318584070796,0.7006999999999999,1.13923,0.4647700000000001,1,0.0357142857142857,0.03,0.48,0.4556,0.0,1.0,0.5062,2.2262130300000003,4.32460808,6.17582047,7.67675926,-1.3836180409,-2.69445400632,-0.2182882401049999,-0.620787099824,7.107469525000009,-12.873280823499998,1.1465314097999963,-3.031711181979996
133,GLY,0.311,0.1720132743362832,0.73397,1.06632,0.4306800000000002,0,0.0,0.03,0.48,0.4556,0.0,1.0,0.5062,2.22521683,4.31679299,6.150064990000001,7.61765935,-1.4842633055599996,-2.8760772651699997,-0.2551764190560001,-0.7228303032299999,7.0254332219999895,-12.335812330999971,1.159340937400001,-3.0881634148000017
134,SER,0.67,0.3079044117647059,1.23862,1.0852,0.4208000000000003,0,0.0,-0.1,-0.18,0.4111,0.1877,0.8514,0.5309,2.08673172,4.05160505,5.78080029,7.175982239999999,-1.4032616711999997,-2.716459137899999,-0.24528849661,-0.6943546416,7.219245586999983,-12.33686419459999,1.2178439273000006,-3.142319287500001
135,SER,0.765,0.3515625,1.70294,0.93084,0.4801600000000001,0,0.0,-0.1,-0.18,0.4111,0.1877,0.8514,0.5309,2.08803775,4.06174763,5.81388133,7.25084938,-1.5311882853999998,-2.9891089843000005,-0.2322448855499999,-0.66227981727,8.023906221999994,-14.22292777520001,1.185680860299999,-3.1145098298200007
136,ASN,1.032,0.4220858895705522,2.2698,1.07635,0.3366499999999999,1,0.0666666666666667,-0.1,-0.78,0.1111,0.3976,0.6747,0.8272,1.25073412,2.42083941,3.4354947,4.23103617,-1.0542847221,-2.0369286960000004,-0.1893424930899999,-0.5350388387399999,7.809191914999999,-8.160721140900014,1.2989622574999975,-2.29038281524
137,PHE,2.29,0.736571244773239,3.06984,0.6890999999999999,0.1299,0,0.0,1.1,1.2,0.8111,0.783,0.0763,0.037,0.97317108,1.88585929,2.68195336,3.3137316299999995,-1.23097635847,-2.3959900224800004,-0.196953242147,-0.5601661741179998,8.402213955999988,-13.988244783729998,1.3585169110999968,-3.365335283282
138,SER,0.932,0.4283088235294117,1.64103,0.7757400000000001,0.4682600000000001,1,0.166666666666667,-0.1,-0.18,0.4111,0.1877,0.8514,0.5309,0.97328522,1.88674912,2.68486665,3.32035748,-1.2021748842000002,-2.337015379,-0.19495194242,-0.5534085258,8.164483501000008,-13.547017054900008,1.3350358287999973,-3.3202947903
139,ARG,1.076,0.320906650760513,3.17886,1.81076,0.46624,2,0.111111111111111,-1.3,-2.5,0.0,0.7346,0.9398,0.6914,1.66902165,3.23844246,4.615313,5.71949387,-1.09883553085,-2.1394707313700003,-0.1746119874019999,-0.49667523535,8.527784120999975,-11.977829027600013,1.3218532539999983,-2.769663141390003
140,GLY,0.473,0.2616150442477876,0.83943,0.93881,0.3961899999999999,2,0.0714285714285714,0.03,0.48,0.4556,0.0,1.0,0.5062,1.80630357,3.4942705600000004,4.95399099,6.091763499999999,-1.0952495067,-2.1275437527000003,-0.1810561427599999,-0.5139704809999999,9.10280633300001,-11.18834113579998,1.5343520473999968,-2.633366295999997
141,GLY,0.65,0.3595132743362831,0.91744,0.79725,0.3607499999999999,0,0.0,0.03,0.48,0.4556,0.0,1.0,0.5062,1.94828117,3.78672624,5.41268904,6.737365159999999,-1.2974055218699998,-2.5190850460400003,-0.2150058271429999,-0.6097910378999999,7.497150976999992,-13.176099713040008,1.2300967356000003,-3.163970942000002
142,TYR,0.879,0.2579225352112676,3.58821,1.81565,0.7133500000000002,0,0.0,-0.27,0.26,0.3556,0.8063,0.502,0.1605,1.9482087800000003,3.78609137,5.410371020000001,6.731363739999999,-1.4419648377000005,-2.805209463199999,-0.2329630385199999,-0.66230907771,7.70664719199999,-10.058055623999998,1.1595658298000011,-2.2426313236500004
143,ASN,1.17,0.4785276073619632,2.17718,1.09589,0.1791099999999998,1,0.25,-0.1,-0.78,0.1111,0.3976,0.6747,0.8272,1.39200311,2.70771856,3.87575037,4.83411904,-1.42911249866,-2.77470605247,-0.2370117439619999,-0.6721516616419999,9.029632709999998,-10.841156581000009,1.4684339162000049,-2.836909099800002
144,ASN,0.726,0.2969325153374233,2.20251,1.26782,0.4511799999999999,1,0.0909090909090909,-0.1,-0.78,0.1111,0.3976,0.6747,0.8272,1.81021565,3.52476189,5.05382524,6.318887869999999,-2.295249768800001,-4.4837491996,-0.34313492054,-0.97905629435,11.792947674000024,-22.56225926089997,1.7998820619999978,-5.093739002350008
145,ARG,2.087,0.6224276767074262,3.81648,1.05613,0.20987,1,0.125,-1.3,-2.5,0.0,0.7346,0.9398,0.6914,1.25278809,2.43686357,3.4880102500000003,4.35066015,-2.3561246814999994,-4.581124287500002,-0.3798563147000001,-1.0781651358000002,13.666990812000044,-24.535939127000017,2.174692641700004,-6.069456852600004
146,ASP,1.149,0.4285714285714285,2.3238,1.03106,0.5009399999999999,0,0.0,-0.1,-0.9,0.1111,0.3239,0.8675,1.0,1.39222439,2.70945045,3.88144498,4.84715044,-2.490907274300001,-4.856377909999998,-0.3859948596,-1.0991433963000004,19.808329889000134,-34.75063315299989,3.043596314100027,-8.003621230200016
147,GLU,0.811,0.2972873900293255,2.51383,1.412,0.5050000000000001,0,0.0,-0.1,-0.74,0.1111,0.4884,0.8112,0.9136,1.53069442,2.97451825,4.25030388,5.287864130000001,-2.12897382,-4.1445153681,-0.33783066196,-0.9604069172000004,21.596204338000277,-29.245659169000056,3.4802461757000227,-7.133763913599984
148,GLY,0.127,0.0702433628318584,0.77242,1.05282,0.62818,0,0.0,0.03,0.48,0.4556,0.0,1.0,0.5062,1.94704442,3.777140379999999,5.38148378,6.66692084,-2.0937781919,-4.077328857,-0.3297438328,-0.9375718520000006,17.644744131999946,-32.25347393400004,2.7169296389000004,-7.548260080800007
149,SER,0.997,0.4581801470588235,1.65971,0.91952,0.2594800000000004,0,0.0,-0.1,-0.18,0.4111,0.1877,0.8514,0.5309,1.80962618,3.520167419999999,5.03878246,6.284666669999998,-1.6824682806,-3.2674243186000003,-0.2792053661,-0.7923703156799999,19.250360900000157,-22.81661417359993,3.024002763999998,-5.582557951760019
150,ASP,1.175,0.4382693024990675,2.44183,0.96236,0.5436400000000001,0,0.0,-0.1,-0.9,0.1111,0.3239,0.8675,1.0,2.2282355000000003,4.34030466,6.226988660000001,7.792484,-2.3234844423999994,-4.528687126999998,-0.36141972316,-1.0287970731400005,18.89712347299997,-30.543491948600032,2.964837310499999,-7.188645032039993
151,ASN,0.612,0.2503067484662576,2.1289,1.3419500000000002,0.4910499999999995,1,0.037037037037037,-0.1,-0.78,0.1111,0.3976,0.6747,0.8272,2.36687357,4.60668304,6.6001407300000015,8.242970499999998,-2.3239618200800005,-4.530599159049999,-0.3605494638580001,-1.0266981058349998,19.407959430999988,-28.72750267817994,3.0574356508999934,-6.783999410719991
152,ARG,1.358,0.4050104384133611,3.69501,1.5626799999999998,0.4323200000000002,1,0.0714285714285714,-1.3,-2.5,0.0,0.7346,0.9398,0.6914,1.81039593,3.5261809200000003,5.0585194200000005,6.329714010000001,-1.4489771063899994,-2.81670476097,-0.2349152651409999,-0.666769287855,22.87941085300004,-26.9070626130001,3.4526526913999978,-6.311013984079993
153,GLY,0.307,0.1698008849557522,0.94963,0.96905,0.5319500000000003,0,0.0,0.03,0.48,0.4556,0.0,1.0,0.5062,1.53093125,2.9763363,4.25615944,5.30088706,-1.5924811258000002,-3.099414513100001,-0.2549957645499999,-0.72511395846,20.071287129000066,-18.996493760299995,3.18765768029998,-4.536561555960007
154,SER,0.677,0.3111213235294117,1.48116,1.16165,0.33735,0,0.0,-0.1,-0.18,0.4111,0.1877,0.8514,0.5309,1.66991387,3.2454168900000004,4.63821746,5.77181273,-1.45637982867,-2.840752274,-0.2240837721019999,-0.6384885965000001,19.179667436999942,-16.485199983600015,2.9572032964000083,-3.85247687189
155,GLY,0.976,0.5398230088495575,1.03325,0.70584,0.12616,0,0.0,0.03,0.48,0.4556,0.0,1.0,0.5062,1.3925065100000005,2.71167394,3.88881141,4.86417449,-1.3246517023,-2.5781524448000006,-0.2098882971799999,-0.59626645224,19.493662512000054,-17.02663795769997,2.9785558606999967,-4.230193129479998
156,ARG,1.827,0.5448851774530271,3.6344,1.28194,0.2440600000000001,1,0.142857142857143,-1.3,-2.5,0.0,0.7346,0.9398,0.6914,1.53180899,2.98321564,4.27881745,5.35284382,-1.1482480977099998,-2.226116084074,-0.195595951684,-0.554184644057,23.86565336400002,-13.480560184727988,3.572969046399993,-3.4829854649339964
157,SER,0.293,0.1346507352941176,1.38444,1.32021,0.5627900000000003,3,0.15,-0.1,-0.18,0.4111,0.1877,0.8514,0.5309,2.0875167500000003,4.05766218,5.80042316,7.21998681,-1.7072020464699995,-3.331280185200001,-0.2613767350099999,-0.7451588427899999,21.058468843999933,-28.301129586099965,3.323184689399996,-6.541018427380014
158,TYR,1.179,0.3459507042253521,3.59533,1.6438699999999995,0.5851300000000004,3,0.214285714285714,-0.27,0.26,0.3556,0.8063,0.502,0.1605,1.94894867,3.791929380000001,5.4297312400000015,6.776161649999999,-1.66887996498,-3.2592688304000004,-0.248060769175,-0.7069208704599997,19.42088079300002,-34.17292832619999,2.9181106664000027,-7.6244126074799965
159,ASN,0.773,0.3161554192229039,2.03474,1.3632699999999998,0.3087299999999999,1,0.0625,-0.1,-0.78,0.1111,0.3976,0.6747,0.8272,1.52924731,2.9632946,4.213740680000001,5.205240069999999,-1.6852364238000002,-3.2759720592999995,-0.27505739143,-0.7812209633000002,18.16863546500005,-33.144452591600064,3.02206470500001,-8.224415563099988
160,ASN,1.618,0.6617586912065441,2.47523,0.7705400000000001,0.0564599999999996,1,0.166666666666667,-0.1,-0.78,0.1111,0.3976,0.6747,0.8272,1.11313168,2.16254868,3.08887487,3.84106973,-1.3411043884000002,-2.6110416107,-0.21168942933,-0.6016872356000001,13.718758947000076,-19.22957790699999,2.084187101699993,-4.340677978200002
161,ASP,0.367,0.1368892204401342,1.909,1.47051,0.8434900000000001,1,0.125,-0.1,-0.9,0.1111,0.3239,0.8675,1.0,1.11219963,2.15526649,3.06497336,3.78651615,-1.2210067784999996,-2.3748371323,-0.1973428510199999,-0.5607520372600001,15.666804245999993,-21.29267929700004,2.5421344296999884,-5.140198299639985
162,ARG,2.4,0.7157769161944526,3.93078,0.8929899999999998,0.0600100000000004,0,0.0,-1.3,-2.5,0.0,0.7346,0.9398,0.6914,0.97366929,1.8897547,2.69474924,3.34296898,-0.9467899658,-1.8464995048,-0.1445525340299999,-0.4114289008999999,10.498124214000006,-16.12931412660002,1.5646988790000034,-3.690919058799994
163,ARG,1.689,0.5037280047718461,3.72959,1.3149300000000002,0.34907,0,0.0,-1.3,-2.5,0.0,0.7346,0.9398,0.6914,0.6943678,1.34118886,1.8966017800000003,2.32380242,-0.6530344189999999,-1.266808668,-0.1101446001,-0.312229797,4.032567543999996,-7.189676047999989,0.7493057997999986,-1.9309029668000024
164,ASP,1.224,0.4565460649011563,2.4943,0.93395,0.52305,0,0.0,-0.1,-0.9,0.1111,0.3239,0.8675,1.0,0.8338552399999999,1.6142061799999998,2.29155791,2.82410044,-0.678892651,-1.3236282190000002,-0.1047238681,-0.2981353463,4.051900872000004,-10.878114688,0.5888602266000005,-2.3393074849999964
165,ASN,1.581,0.6466257668711657,2.51981,0.7936799999999999,0.0703199999999999,0,0.0,-0.1,-0.78,0.1111,0.3976,0.6747,0.8272,0.8339985299999999,1.6153219799999998,2.29520758,2.83239168,-0.450804038,-0.8765411999999999,-0.0721919852,-0.2047974818,2.712544908,-7.635344603999996,0.4051529627999999,-1.6710494689999988
166,GLY,0.73,0.4037610619469026,0.89023,0.79797,0.2800300000000001,0,0.0,0.03,0.48,0.4556,0.0,1.0,0.5062,0.83341642,1.61075483,2.2801482,2.79780586,-0.209435662,-0.4073530319999999,-0.0338617462999999,-0.0962252619999999,1.96209544,-4.125322729999999,0.326251166,-0.9715020900000004
167,GLY,0.915,0.5060840707964602,0.97372,0.70999,0.18301,0,0.0,0.03,0.48,0.4556,0.0,1.0,0.5062,0.69424501,1.3402374599999998,1.89350679,2.31682426,-0.311309888,-0.605952534,-0.0493151649,-0.140135479,1.45371736,-3.925027920000003,0.2259540249999999,-0.882607309
168,ASP,1.505,0.5613577023498694,2.51277,0.8256399999999999,0.3503600000000002,0,0.0,-0.1,-0.9,0.1111,0.3239,0.8675,1.0,0.55515885,1.07038024,1.50901026,1.84066999,-0.321813822,-0.6264810339999999,-0.0509581471,-0.144845954,1.1390341019999994,-3.020376333,0.1801323557999999,-0.7030823050000001
169,GLY,1.383,0.764933628318584,1.58252,0.45183,-0.0268299999999999,0,0.0,0.03,0.48,0.4556,0.0,1.0,0.5062,0.4165935699999999,0.8044739599999999,1.13708184,1.39199054,-0.2364158606,-0.459934544,-0.038508752,-0.1095654052,0.9806667330000004,-1.9123213570000008,0.1680192825,-0.4549495179999999
