2,MET,2.523,0.846076458752515,3.0777300000000003,0.4143599999999999,0.0446400000000001,0,0.0,0.8,0.64,0.7111,0.6196,0.0,0.0988,0.55624875,1.07879085,1.5362644799999998,1.90181375,-0.0765674636,-0.1502383207,-0.01039170757,-0.0297723172,1.888027572000001,-1.7894349123999986,0.2781125820000002,-0.3546904744000002
3,GLU,1.787,0.6550586510263929,3.04582,0.8276700000000001,0.1133300000000001,0,0.0,-0.1,-0.74,0.1111,0.4884,0.8112,0.9136,0.55503066,1.06937726,1.50571304,1.83312772,-0.177651609,-0.34582602,-0.0281245501,-0.079931937,1.883809248000003,-4.15762,0.3100798032000003,-0.9606877920000008
4,SER,1.032,0.4742647058823529,1.61465,0.91285,0.2311500000000002,0,0.0,-0.1,-0.18,0.4111,0.1877,0.8514,0.5309,0.6942631399999999,1.34038406,1.89400535,2.31801584,-0.314431737,-0.617242965,-0.0418903915,-0.120004177,2.0474539579999984,-5.358050275000003,0.2798178159999997,-1.0813644899999997
5,ASN,1.743,0.7128834355828222,2.56505,0.69123,0.0107699999999997,0,0.0,-0.1,-0.78,0.1111,0.3976,0.6747,0.8272,0.6939856799999999,1.33819622,1.886753,2.30124158,-0.34397434,-0.66677355,-0.059174575,-0.167769897,2.038161008000001,-5.595280130000003,0.3612103939999998,-1.4622639970000009
6,GLN,1.822,0.6337391304347826,2.98606,0.95988,0.0931199999999998,0,0.0,-0.1,-0.85,0.1111,0.5388,0.7952,0.6914,0.83396081,1.61501768,2.29417397,2.8299240299999995,-0.536864274,-1.0347201540000002,-0.1001038219999999,-0.282413406,2.3854187959999997,-5.939891419999999,0.4639080018000001,-1.7148476990000008
7,SER,1.25,0.5744485294117647,1.4809200000000002,0.81751,0.1084900000000002,0,0.0,-0.1,-0.18,0.4111,0.1877,0.8514,0.5309,1.1133020500000002,2.16387842,3.09323527,3.85100941,-1.3220003627999997,-2.579221563,-0.20101438093,-0.5724606649999999,3.735387966999998,-7.343732941000002,0.5583574233999993,-1.630469894700001
8,ASN,1.393,0.5697341513292434,2.45294,1.01767,0.0343299999999997,0,0.0,-0.1,-0.78,0.1111,0.3976,0.6747,0.8272,1.11225175,2.15566627,3.0662586000000003,3.78936693,-1.641172404175,-3.19751314268,-0.257872732595,-0.7339804078,5.146901624000005,-9.414427438000017,0.8071180022000002,-2.1680771665000007
9,ASN,1.304,0.5333333333333334,2.4047300000000003,0.89758,0.2434199999999997,0,0.0,-0.1,-0.78,0.1111,0.3976,0.6747,0.8272,1.11173128,2.15159927,3.0529051000000003,3.75887131,-1.7711728996699998,-3.4410837593000005,-0.29275036082,-0.83131161131,4.824414198000012,-10.29377294570001,0.8267886279000013,-2.5599608276999968
10,GLY,0.445,0.2461283185840708,0.85997,0.93512,0.4278799999999999,0,0.0,0.03,0.48,0.4556,0.0,1.0,0.5062,1.66842361,3.2338456899999994,4.60048561,5.68644768,-1.7043466951999997,-3.3127444406000004,-0.2781688889399999,-0.7898911681499995,5.29892105299999,-7.566721436500002,0.8742006742000004,-1.937445784700003
11,GLY,0.378,0.2090707964601769,0.79931,0.9494,0.4806000000000001,0,0.0,0.03,0.48,0.4556,0.0,1.0,0.5062,1.39092663,2.6993213,3.84823426,4.77145725,-1.7313484798,-3.3609543037000003,-0.28970287942,-0.8220135643300002,7.534347754999995,-11.094620324999989,1.2572501697999978,-2.882033461450001
12,SER,1.071,0.4921874999999999,1.45055,0.82205,0.2829500000000002,0,0.0,-0.1,-0.18,0.4111,0.1877,0.8514,0.5309,1.25133952,2.42552452,3.45071624,4.265300829999999,-1.9512090961300008,-3.7843704383200008,-0.3318187753409999,-0.9409504881400004,6.473257089999992,-10.826850016349969,1.0984606185000008,-2.7951453194999973
13,GLY,0.087,0.0481194690265486,0.6948000000000001,1.06652,0.65448,0,0.0,0.03,0.48,0.4556,0.0,1.0,0.5062,1.6673537400000005,3.22552129,4.57327317,5.62466116,-1.5020317972,-2.9063968304000007,-0.26426775249,-0.7478047373000001,5.961186612999997,-7.423029113799995,1.0248920055,-2.0074243335000013
14,ASN,1.549,0.6335378323108385,2.55361,0.6942600000000001,0.2017399999999998,0,0.0,-0.1,-0.78,0.1111,0.3976,0.6747,0.8272,1.67079481,3.2522920300000004,4.6607592900000006,5.823191839999999,-1.7783560440499993,-3.463323942069999,-0.28002704901,-0.7963187601400002,6.879547662999992,-10.350175471999998,1.043074778699999,-2.370682112909998
15,ALA,0.186,0.0852819807427785,0.8266899999999999,1.19619,0.7988100000000002,0,0.0,0.77,0.62,0.7,0.1645,0.249,0.3951,2.0878723000000003,4.0605106,5.8100199,7.2426532,-1.78809452119,-3.4882442883,-0.2726772535099999,-0.77662892995,5.306343313999999,-7.159759603700002,0.8117910309000004,-1.633430562479999
16,ALA,0.524,0.2402567629527739,1.14689,0.93371,0.72329,0,0.0,0.77,0.62,0.7,0.1645,0.249,0.3951,2.08689409,4.05289816,5.78512747,7.18610947,-1.6948157594000002,-3.29759090146,-0.271904710406,-0.7727664540700002,5.890926627999989,-5.383996779659998,0.9432595421000008,-1.2659846258700012
17,LEU,0.766,0.2881866064710308,1.9708,1.42463,0.4673699999999998,0,0.0,1.4,1.1,0.9222,0.663,0.2811,0.0,1.94798408,3.78438817,5.40495608,6.719535319999999,-1.7224844546499998,-3.340634139599999,-0.2915237879,-0.8262060074000003,4.989610853000001,-5.364614946099995,0.7823391678000005,-1.3033461269400013
18,ASN,1.138,0.465439672801636,2.25158,1.0530700000000002,0.2539299999999997,0,0.0,-0.1,-0.78,0.1111,0.3976,0.6747,0.8272,1.94871159,3.79003812,5.42338774,6.761264809999999,-1.62225156644,-3.1543130078,-0.26356730675,-0.7487429503,4.832896094999993,-5.992558190400003,0.7554044592000011,-1.4497821465999987
19,ARG,1.665,0.4965702356099015,3.35094,1.5013500000000002,0.1866499999999999,0,0.0,-1.3,-2.5,0.0,0.7346,0.9398,0.6914,1.39154367,2.70412541,3.86394138,4.80711901,-1.59220141115,-3.1040458726399995,-0.246348763248,-0.7012965899640001,5.7353895489999855,-8.181202534799988,0.9045248013999988,-1.99084698469
20,GLY,0.941,0.5204646017699115,0.8966299999999999,0.74748,0.11952,0,0.0,0.03,0.48,0.4556,0.0,1.0,0.5062,0.83367659,1.6127891499999998,2.2868324,2.81308459,-1.1922440769700002,-2.32009569124,-0.190773284163,-0.5422742554000001,6.783952493999977,-10.263265436799998,1.174591794400002,-2.559236037699999
21,GLY,0.763,0.4220132743362831,0.8835200000000001,0.7532300000000001,0.2917699999999998,0,0.0,0.03,0.48,0.4556,0.0,1.0,0.5062,0.83396903,1.61509085,2.29444588,2.83064324,-1.0268449577900003,-1.99583873427,-0.166530190645,-0.4725484175999999,7.100037168000018,-10.14527857401999,1.1982462677999994,-2.6416799630300054
22,ARG,1.663,0.4959737548464061,3.58005,1.39883,0.2911700000000001,0,0.0,-1.3,-2.5,0.0,0.7346,0.9398,0.6914,1.39171013,2.7054138299999995,3.86812927,4.81655067,-1.2075850790000002,-2.3526601378,-0.1898389588399999,-0.5402799303000001,4.596909049999993,-4.969376634000002,0.7192358877999989,-1.2086280523000013
23,TYR,0.557,0.1634389671361502,3.03458,2.02051,0.8304900000000002,1,0.0434782608695652,-0.27,0.26,0.3556,0.8063,0.502,0.1605,1.80864078,3.5124342000000004,5.01327872,6.226082169999999,-1.1967842279999998,-2.3253326103000003,-0.19740203755,-0.5605566917,3.730718332999993,-4.697324046,0.5993113737,-1.1326137849000004
24,VAL,0.57,0.2340862422997946,1.74058,1.39399,0.4710100000000001,1,0.0476190476190476,1.6,1.1,0.9667,0.4924,0.3655,0.1235,2.36715994,4.608894510000001,6.607312490000002,8.259076060000002,-1.0326310549999995,-2.0072357216000003,-0.16824142763,-0.4776759120700001,3.0655887129999986,-1.7330862820000013,0.4710742509999999,-0.4424969154000003
25,PRO,0.127,0.0569506726457399,1.38856,1.54026,0.5627399999999998,1,0.04,-0.37,0.12,0.3222,0.3764,0.8594,0.3827,2.3669309600000004,4.60709238,6.60135084,8.245323719999998,-1.08024288443,-2.0905540885600007,-0.1891780722449999,-0.5352551248999999,3.614290069,-2.7560302952000004,0.5690224110999996,-0.6994321638699997
26,PRO,1.076,0.4825112107623319,1.93645,0.8994800000000001,0.2545199999999998,0,0.0,-0.37,0.12,0.3222,0.3764,0.8594,0.3827,1.67040911,3.24926999,4.650811900000001,5.80040049,-1.3021114259499995,-2.5075721697000004,-0.2448341187000002,-0.69010303777,4.161698105999999,-4.0457938793,0.6729298358000005,-1.0812204670400003
27,HIS,0.267,0.0965641952983725,2.23139,1.81726,0.6807400000000001,0,0.0,-0.91,-0.4,0.1444,0.561,0.1124,0.679,2.78343142,5.41088187,7.73633338,9.63297346,-1.1978885474599996,-2.3379228176,-0.1817509956399999,-0.51800766839,2.398595944000002,-2.730367062,0.3592306454000001,-0.6332666132000002
28,LEU,1.133,0.426260346124906,2.23569,1.1256,0.3994,0,0.0,1.4,1.1,0.9222,0.663,0.2811,0.0,2.36519183,4.59357092,6.55719557,8.14522733,-0.6697918013700002,-1.30129948827,-0.1096710718399999,-0.311151394783,3.7693881189999994,-1.3196218826800004,0.6098137764000003,-0.360916808296
29,ARG,1.281,0.3820459290187891,3.34685,1.59572,0.47628,0,0.0,-1.3,-2.5,0.0,0.7346,0.9398,0.6914,2.36562955,4.59697773,6.56833594,8.1705319,-0.7925006428899999,-1.5395136864300003,-0.130626066065,-0.3707470089759999,5.224164717000001,-1.663175308480001,0.8276202848000003,-0.5236585943400002
30,GLY,0.371,0.2051991150442478,0.87402,0.98076,0.45624,0,0.0,0.03,0.48,0.4556,0.0,1.0,0.5062,1.52877666,2.95955668,4.201270440000001,5.176170959999999,-1.6274680311999998,-3.1459836128,-0.2896203725,-0.8185898553200003,3.643454702999993,-4.112309708999996,0.6540534830999996,-1.2552312266999983
31,GLY,0.73,0.4037610619469026,0.99462,0.68752,0.39048,0,0.0,0.03,0.48,0.4556,0.0,1.0,0.5062,1.94934801,3.79497905,5.4394960800000005,6.797699439999999,-1.8263900381,-3.5642066638000003,-0.2783750878600001,-0.7935264729700003,1.7308889509999992,-0.7287946351,0.2523571112,-0.1864387777999999
32,ASP,1.184,0.4416262588586348,2.27057,1.11956,0.3774400000000002,0,0.0,-0.1,-0.9,0.1111,0.3239,0.8675,1.0,1.66999409,3.24602314,4.64013798,5.77598396,-1.8906212808,-3.6704414736,-0.31592932066,-0.8964537675300001,2.750536756,-2.0637767430000005,0.4305170283999998,-0.5098745788199999
33,GLY,0.352,0.1946902654867256,0.75586,1.01645,0.4395499999999999,0,0.0,0.03,0.48,0.4556,0.0,1.0,0.5062,2.3677688100000003,4.613670230000001,6.62304868,8.2951766,-1.71687439083,-3.3460514766000005,-0.2681506628299999,-0.7634020102100001,4.282935486999998,-3.6466352479,0.6670237075999998,-0.8486164443199999
34,GLY,0.334,0.1847345132743363,0.80868,0.92887,0.5451299999999999,0,0.0,0.03,0.48,0.4556,0.0,1.0,0.5062,2.22641617,4.3262381,6.181319050000001,7.68976249,-1.52030204375,-2.9566588859100005,-0.243889553457,-0.6923350150799998,2.2800551759999976,-4.477638600999999,0.3437514735999998,-1.0048289338000005
35,ALA,0.2,0.0917010545621274,1.03904,1.24648,0.7345200000000001,0,0.0,0.77,0.62,0.7,0.1645,0.249,0.3951,2.50587691,4.875881209999999,6.982434860000001,8.71397721,-1.224059961384,-2.39561280628,-0.1757923162569999,-0.50236139936,2.1236827830000014,-4.30746430125,0.3152273053000003,-0.9142378685100004
36,ALA,0.925,0.4241173773498395,1.25651,0.7894599999999999,0.46654,0,0.0,0.77,0.62,0.7,0.1645,0.249,0.3951,1.80990258,3.5222966400000004,5.045663950000001,6.30004398,-1.1884092001160005,-2.3062916144,-0.1996326877339999,-0.5662062424880001,1.8049650590000004,-3.3110594061999983,0.3044587644000003,-0.8393805810500001
37,ALA,0.783,0.359009628610729,1.2127,0.82678,0.5712200000000002,0,0.0,0.77,0.62,0.7,0.1645,0.249,0.3951,2.08967106,4.07452663,5.85589323,7.346956699999999,-2.00444563496,-3.90853250335,-0.309929614554,-0.8827221232399999,2.279121035000001,-2.3205518226499997,0.3517204043999998,-0.6096292614700004
38,ALA,0.497,0.2278771205868867,1.1515300000000002,1.1490600000000002,0.53494,0,0.0,0.77,0.62,0.7,0.1645,0.249,0.3951,1.25227292,2.43281905,3.47466484,4.31998277,-1.95238603447,-3.78220032758,-0.335699430605,-0.9502811204099998,3.6516492609999975,-4.1335114402,0.5912145195000007,-1.0694610676000005
39,ALA,0.851,0.3901879871618523,1.20608,0.91923,0.4107700000000001,0,0.0,0.77,0.62,0.7,0.1645,0.249,0.3951,1.25175242,2.42877449,3.4614656,4.29008929,-1.5843507769,-3.093898521499999,-0.236666674,-0.6745568541600001,2.393995004999999,-5.891509738999997,0.3908768530000001,-1.4501747144999992
40,SER,0.659,0.3028492647058823,1.44789,1.10037,0.41663,0,0.0,-0.1,-0.18,0.4111,0.1877,0.8514,0.5309,0.83261698,1.60454274,2.25987301,2.75187672,-0.6601505295000001,-1.2822753977,-0.1093901799,-0.3105264634,2.899274667999999,-6.889392403,0.5208596114000004,-1.772161804999999
41,ALA,1.273,0.5836772122879412,1.2927799999999998,0.65219,0.2558100000000001,0,0.0,0.77,0.62,0.7,0.1645,0.249,0.3951,0.6939809299999999,1.33817668,1.88675,2.30142256,-0.60549244971,-1.17893988108,-0.096280868282,-0.27389241677,2.6254927029999986,-5.5142459552800025,0.4699972227000004,-1.442111255595999
42,GLY,1.043,0.5768805309734513,1.04975,0.62115,0.1438500000000001,0,0.0,0.03,0.48,0.4556,0.0,1.0,0.5062,0.69383477,1.33702488,1.88293486,2.29260793,-0.536006989,-1.0412651,-0.0889563324999999,-0.2526361927,2.6240071179999984,-4.402571359000006,0.4814116765,-1.1439134636999986
43,GLY,0.341,0.1886061946902655,0.84565,1.0023799999999998,0.4646200000000002,0,0.0,0.03,0.48,0.4556,0.0,1.0,0.5062,0.97135956,1.87174958,2.63578743,3.20880043,-0.8699967630000001,-1.6848812830000004,-0.1503995300999999,-0.425688902,2.945629534000001,-7.156635616999998,0.4702970930000003,-1.678495440000001
44,ASP,0.967,0.3606863110779559,2.31216,1.1222,0.5918000000000001,0,0.0,-0.1,-0.9,0.1111,0.3239,0.8675,1.0,1.39216375,2.70896491,3.87980832,4.843280059999999,-0.7560835791999998,-1.4763800909999996,-0.11343616254,-0.3233874113999999,3.4145012359999978,-3.295807477999999,0.5628054336,-0.8282391391999995
45,ASP,0.802,0.299142111152555,2.18656,1.17429,0.70471,2,0.2,-0.1,-0.9,0.1111,0.3239,0.8675,1.0,1.25249778,2.43460335,3.48061942,4.333875829999999,-0.899201603987,-1.7388933523599996,-0.1589973683226,-0.4495103787229998,2.044581787,-1.1598109934000005,0.3059395770999998,-0.2866452316999999
46,ARG,1.853,0.552639427378467,3.65664,1.17108,0.3289200000000001,3,0.230769230769231,-1.3,-2.5,0.0,0.7346,0.9398,0.6914,1.3910989,2.70065753,3.85258332,4.781268359999999,-0.6712547603000001,-1.2960188101,-0.12164716244,-0.3435255237399999,2.5070519689999964,-4.393462959900003,0.4532101325,-1.235809543400001
47,ARG,1.236,0.3686251118401431,3.1928500000000004,1.64921,0.4677899999999999,4,0.2,-1.3,-2.5,0.0,0.7346,0.9398,0.6914,1.80892465,3.51470332,5.02090459,6.24403257,-0.5712606946,-1.118036844,-0.081839394,-0.2338409223999999,2.201459764,-5.688071854000002,0.3346004459999998,-1.3077514708
48,GLY,0.491,0.2715707964601769,0.89902,0.83904,0.4779600000000001,2,0.0869565217391304,0.03,0.48,0.4556,0.0,1.0,0.5062,1.6682420200000003,3.23242337,4.59580269,5.675711059999999,-0.4618047349999999,-0.902615096,-0.0673581253,-0.1920558406999999,1.6515630019999994,-4.0000132090000005,0.2445523353999999,-0.8300568411
49,GLY,0.631,0.349004424778761,0.77117,0.8873300000000001,0.28967,0,0.0,0.03,0.48,0.4556,0.0,1.0,0.5062,1.25065003,2.42016893,3.43324195,4.22573185,-0.5741698696,-1.109865865,-0.10236562815,-0.2893614649,2.000499455999999,-2.8426522830000005,0.3411657500999996,-0.7501792661999998
50,ALA,1.257,0.5763411279229711,1.42157,0.60177,0.3222300000000001,0,0.0,0.77,0.62,0.7,0.1645,0.249,0.3951,1.11285626,2.16040432,3.08186199,3.82514065,-0.6931726585029999,-1.34950516352,-0.1102842144379999,-0.3136650017569999,2.51485765,-3.5650662443500023,0.3902405884,-0.8650068219599995
51,GLY,0.747,0.4131637168141592,1.025,0.71502,0.3459799999999999,0,0.0,0.03,0.48,0.4556,0.0,1.0,0.5062,1.11248352,2.157467,3.07213153,3.80265518,-0.5310013172,-1.0313009132000002,-0.08768487574,-0.2487609246,2.512688664,-2.5442531039,0.4094239401000001,-0.6456607896000001
52,GLY,0.134,0.0741150442477876,0.6840999999999999,1.1164200000000002,0.5575799999999997,3,0.1,0.03,0.48,0.4556,0.0,1.0,0.5062,1.52696356,2.9454821,4.15538159,5.072365260000001,-0.696947459,-1.3583339579999998,-0.1085217330999999,-0.3089023974,2.4762866130000005,-6.159206470999995,0.3789049364,-1.3344874500000006
53,GLY,0.663,0.3667035398230088,0.96993,0.7302899999999999,0.4147100000000001,1,0.0588235294117647,0.03,0.48,0.4556,0.0,1.0,0.5062,1.6698308,3.24473096,4.635839000000001,5.76599463,-0.5485756087,-1.073850676,-0.0786431232,-0.2248321595,2.4789980510000014,-6.171317626,0.3572543155000001,-1.283124963999999
54,GLY,0.857,0.474004424778761,0.9904,0.70691,0.24409,0,0.0,0.03,0.48,0.4556,0.0,1.0,0.5062,1.25163825,2.42787047,3.4584592500000007,4.283107380000001,-0.351282861,-0.6741132849,-0.06958827396,-0.1957698209499999,2.587407332,-1.2745788277,0.4518489355,-0.4071959770999999
55,TYR,1.045,0.306631455399061,3.3998500000000003,1.81273,0.5502700000000003,1,0.0666666666666667,-0.27,0.26,0.3556,0.8063,0.502,0.1605,1.39030223,2.69447362,3.83242593,4.73568734,-0.7148567920000001,-1.3871182680000005,-0.1203931278,-0.3414703992999999,1.6518332279999997,-3.261156255,0.2425608271999999,-0.6786937767000002
56,ARG,2.552,0.7611094542201013,3.87958,0.8391299999999999,-0.0381299999999997,1,0.2,-1.3,-2.5,0.0,0.7346,0.9398,0.6914,0.97356031,1.88888252,2.69181318,3.3360408499999994,-1.1028188198000002,-2.1351763918000004,-0.19088762539,-0.539976663,2.0001338409999985,-3.011711344400001,0.3411181987,-0.8392443097000003
57,ARG,1.474,0.439606322696093,3.61884,1.3775200000000003,0.5014799999999999,1,0.125,-1.3,-2.5,0.0,0.7346,0.9398,0.6914,1.11323145,2.16332721,3.0914286900000003,3.84689487,-1.159252355,-2.265884725,-0.1696928832399999,-0.4840382828,3.067374217000002,-5.586231241000003,0.4556142952999993,-1.2310419759000002
58,GLY,1.012,0.5597345132743363,1.03701,0.72892,0.06708,0,0.0,0.03,0.48,0.4556,0.0,1.0,0.5062,0.69427239,1.3404419,1.89414481,2.31817835,-0.7326457399999999,-1.418632659,-0.1272218854,-0.3600926259999999,2.353202434000002,-5.955447424000002,0.4025682355999999,-1.4889838250000007
59,GLY,1.024,0.5663716814159292,0.93192,0.72823,0.0557699999999999,0,0.0,0.03,0.48,0.4556,0.0,1.0,0.5062,0.69427524,1.34046282,1.89420898,2.31831079,-0.526399374,-1.0224377319999998,-0.0873289145999999,-0.247913339,1.4099224039999996,-3.067411666,0.2581166746,-0.816795461
60,GLY,0.85,0.4701327433628318,0.96222,0.81535,0.14265,0,0.0,0.03,0.48,0.4556,0.0,1.0,0.5062,0.8335080599999999,1.6114741899999998,2.28252176,2.8032616700000004,-0.527307326,-1.027240565,-0.0829434416,-0.2360359805,1.0983809600000003,-2.0420920170000003,0.1865975546,-0.5074520904999998
61,ASN,1.135,0.4642126789366053,2.4578,1.04577,0.2642299999999997,0,0.0,-0.1,-0.78,0.1111,0.3976,0.6747,0.8272,0.97342859,1.88786442,2.68851184,3.32863014,-0.4025137345,-0.7840985299999998,-0.06307865455,-0.1794246890999999,1.0225011040000005,-1.52994997,0.1512066091999999,-0.3511376545
62,SER,1.316,0.6047794117647058,1.50545,0.70665,0.1533500000000001,0,0.0,-0.1,-0.18,0.4111,0.1877,0.8514,0.5309,0.83378765,1.61366688,2.28974791,2.81984547,-0.711736162,-1.383880745,-0.1142971996,-0.3243158136999999,1.72564183,-3.925933065,0.2941335649000001,-1.025455346
63,GLY,0.835,0.4618362831858407,0.90331,0.77556,0.19744,0,0.0,0.03,0.48,0.4556,0.0,1.0,0.5062,0.8336437600000001,1.61253396,2.28599864,2.81119287,-0.853049673,-1.660497529,-0.1369665936,-0.3897305929999999,1.452890461,-3.3838876850000004,0.2348935764999999,-0.811294621
64,GLY,0.975,0.5392699115044247,0.97937,0.7579,0.0751,0,0.0,0.03,0.48,0.4556,0.0,1.0,0.5062,0.6944144000000001,1.34155992,1.89784361,2.3267105800000003,-0.8684963834999999,-1.677565332,-0.1553945796,-0.438687949,1.3333763159999998,-3.303924824,0.2272698698,-0.798747624
65,GLY,0.442,0.2444690265486725,0.93502,0.94233,0.42367,0,0.0,0.03,0.48,0.4556,0.0,1.0,0.5062,1.3922118900000002,2.7093678599999995,3.88122794,4.84682139,-0.3946550317,-0.769579039,-0.0605986331999999,-0.1725040596,1.375586784000001,-2.8982570389999998,0.210775884,-0.6533411671999999
66,GLY,0.757,0.4186946902654867,0.9591,0.7331000000000001,0.3179,0,0.0,0.03,0.48,0.4556,0.0,1.0,0.5062,1.11291788,2.16085882,3.08325973,3.82804171,-0.3730889236,-0.7261347660000002,-0.05956588006,-0.1693364516999999,1.1388519829999997,-1.7130928750000003,0.1826255902999999,-0.4023441637
67,GLY,0.588,0.325221238938053,0.94057,0.82578,0.3942200000000002,0,0.0,0.03,0.48,0.4556,0.0,1.0,0.5062,0.83309422,1.6082468600000002,2.27194865,2.77918908,-0.4842913811999999,-0.9377002447,-0.08418360995,-0.2382831557,1.0584582779999998,-2.1117312165,0.185867001,-0.5586117504
68,GLY,1.179,0.6521017699115045,0.9475,0.65948,-0.0304799999999999,0,0.0,0.03,0.48,0.4556,0.0,1.0,0.5062,0.8342301,1.6171323699999998,2.30115368,2.84597527,-0.6093623503,-1.1904916105,-0.0902406983,-0.2573392929,1.0614087330000004,-2.633348531,0.1599605473,-0.5888331834
69,GLY,0.922,0.5099557522123894,0.92061,0.7140500000000001,0.1719499999999999,1,0.166666666666667,0.03,0.48,0.4556,0.0,1.0,0.5062,0.97346478,1.88815832,2.68951465,3.33103723,-0.556491406,-1.086990545,-0.0824852309,-0.235115351,0.9042911080000005,-2.456220367,0.1349359906,-0.541432969
70,TYR,1.112,0.3262910798122066,3.6781,1.66117,0.6348299999999998,2,0.222222222222222,-0.27,0.26,0.3556,0.8063,0.502,0.1605,1.11163911,2.15086921,3.0504763,3.75323031,-0.428653424,-0.8331686799999999,-0.0702157943,-0.199438371,0.903036477,-2.0352068080000003,0.1470347509,-0.4932505739
71,ASP,1.567,0.5844834017157776,2.5872,0.6933100000000001,0.42069,2,0.5,-0.1,-0.9,0.1111,0.3239,0.8675,1.0,1.2529824900000002,2.43839517,3.4930840300000003,4.36238541,-0.3170918675999999,-0.62194746,-0.0434354922,-0.124397836,0.7875634730000002,-1.3044847159999995,0.1074248881999999,-0.262077601
72,ARG,2.301,0.6862511184014316,3.88471,1.01044,0.04156,2,0.5,-1.3,-2.5,0.0,0.7346,0.9398,0.6914,0.8339983,1.6153091,2.29512535,2.8320804,-0.6076259634,-1.1789180144,-0.10234527014,-0.290194426,0.784853416,-1.3023786852,0.1302366191,-0.3214872112
73,GLY,0.896,0.495575221238938,1.01208,0.7249599999999999,0.1870400000000001,1,0.333333333333333,0.03,0.48,0.4556,0.0,1.0,0.5062,0.6944580200000001,1.34189722,1.8989387,2.32917336,-0.717859821,-1.3918153560000004,-0.1218932411,-0.3453182413,0.8625820079999998,-1.203218722,0.149214487,-0.3338771133
74,TYR,2.275,0.6675469483568075,4.1266300000000005,1.06603,0.0669699999999999,2,0.666666666666667,-0.27,0.26,0.3556,0.8063,0.502,0.1605,0.8342915900000001,1.6176037,2.30266763,2.84932934,-0.819742308,-1.599762144,-0.123710888,-0.3523338597,1.0604462679999995,-2.504370498,0.1675553780000001,-0.591433305
75,ASN,1.269,0.5190184049079755,2.3685400000000003,0.9981,0.1778999999999998,1,0.333333333333333,-0.1,-0.78,0.1111,0.3976,0.6747,0.8272,0.6942777299999999,1.34049377,1.89435015,2.31875527,-0.3226622856,-0.6243995560000001,-0.05674442265,-0.1605968544,1.1760067200000004,-1.7593934130000002,0.2057822922,-0.4603077787000001
76,ASP,1.033,0.3853039910481163,2.44286,0.99941,0.6485900000000001,1,0.333333333333333,-0.1,-0.9,0.1111,0.3239,0.8675,1.0,0.69446463,1.34194669,1.89909373,2.32950473,-0.475727348,-0.922694965,-0.0802851702,-0.2275028449999999,0.9802526800000002,-2.2898955030000003,0.169204594,-0.6006488890000001
77,ASN,0.93,0.3803680981595092,2.14308,1.15162,0.3633799999999998,0,0.0,-0.1,-0.78,0.1111,0.3976,0.6747,0.8272,0.8335062599999999,1.6114745700000002,2.28257383,2.80353719,-0.3113779111,-0.6079245254,-0.0470180895,-0.1340798197,1.05973038,-1.7615444277999996,0.1748594556,-0.4069655243999999
78,ARG,2.317,0.6910229645093946,4.00842,0.7429199999999999,0.2930800000000001,0,0.0,-1.3,-2.5,0.0,0.7346,0.9398,0.6914,0.8343102200000001,1.61775386,2.30317788,2.85054689,-0.507070333,-0.987167034,-0.0795063733,-0.225802367,1.2954652910000002,-3.764767524,0.2095008899,-0.8951739540000003
79,ASP,0.816,0.3043640432674375,2.12021,1.35806,0.5069400000000002,0,0.0,-0.1,-0.9,0.1111,0.3239,0.8675,1.0,0.83371522,1.6131156,2.28799009,2.81599245,-0.409903095,-0.798781778,-0.0639446579,-0.1819955569999999,1.2179296190000006,-2.7517330520000014,0.1901092171999999,-0.6189065394999997
80,ASP,1.601,0.5971652368519209,2.54649,0.6858099999999999,0.3941900000000001,0,0.0,-0.1,-0.9,0.1111,0.3239,0.8675,1.0,0.69455505,1.34264605,1.90136304,2.33460293,-0.536115933,-1.039596462,-0.0908476078,-0.257391841,1.1376281570000004,-2.7782421659999987,0.1925809960000001,-0.693657886
81,ARG,2.186,0.6519534745004473,3.79755,1.11242,0.0545800000000002,0,0.0,-1.3,-2.5,0.0,0.7346,0.9398,0.6914,0.8341210400000001,1.61628275,2.2983739300000003,2.8396586700000004,-0.524541779,-1.0220928875,-0.08123352977,-0.2309853945999999,1.5714314119999988,-3.391604521599999,0.2448029845999999,-0.7779166664000006
82,ASP,1.375,0.5128683327116748,2.5237700000000003,0.8164,0.4896,0,0.0,-0.1,-0.9,0.1111,0.3239,0.8675,1.0,0.8342774799999999,1.61749771,2.30233542,2.84861956,-0.547908582,-1.068006157,-0.0845949795,-0.240690679,1.6500215960000009,-3.4600859660000016,0.2577339390000001,-0.7781984320000004
83,ASN,1.533,0.6269938650306749,2.46571,0.8986099999999999,0.01339,0,0.0,-0.1,-0.78,0.1111,0.3976,0.6747,0.8272,0.6944922,1.34216397,1.89981363,2.33116895,-0.572665228,-1.109246265,-0.0985186313,-0.278824225,1.528955024000001,-3.8432906680000007,0.2649944122000001,-0.9805178950000002
84,ARG,2.544,0.7587235311661199,4.01091,0.78108,0.0279200000000001,0,0.0,-1.3,-2.5,0.0,0.7346,0.9398,0.6914,0.97394058,1.8918825,2.7017643600000003,3.35907815,-0.671584335,-1.318532108,-0.0892888801,-0.2558455895,1.7724410359999991,-3.8181524360000014,0.2367316793999998,-0.737176364
85,GLY,0.751,0.4153761061946902,1.00133,0.7403299999999999,0.31667,0,0.0,0.03,0.48,0.4556,0.0,1.0,0.5062,0.8338179200000001,1.6138915899999997,2.29044417,2.82130729,-0.66636631,-1.2983402229999998,-0.1044177414999999,-0.2971539269999999,1.884063048,-3.7335409879999975,0.3113119416,-0.8813741470000002
86,GLY,0.855,0.4728982300884956,1.00995,0.75387,0.19913,0,0.0,0.03,0.48,0.4556,0.0,1.0,0.5062,0.8339985300000001,1.6153219799999998,2.29520758,2.83239168,-0.5706117879999999,-1.1040877206,-0.0995332286,-0.28138730625,2.314585736000001,-3.698367201800001,0.3877976593999999,-1.0002333330000002
87,SER,1.323,0.6079963235294117,1.58257,0.67084,0.1821600000000002,0,0.0,-0.1,-0.18,0.4111,0.1877,0.8514,0.5309,1.1130361,2.16178875,3.08633495,3.83513094,-0.8139664059999999,-1.5897920900000002,-0.12170047257,-0.3470762230000001,2.4379643160000017,-3.5237933639999968,0.3656509865999997,-0.7843688845999998
88,GLY,0.763,0.4220132743362831,1.01164,0.74125,0.3037499999999999,0,0.0,0.03,0.48,0.4556,0.0,1.0,0.5062,1.11244902,2.1571952100000003,3.07123192,3.80057906,-0.8728633954000001,-1.7012844169999997,-0.13613204664,-0.3876050468000001,2.4336503380000005,-4.252092807999997,0.4015250913999996,-0.9941752155999994
89,GLY,0.585,0.3235619469026548,0.85878,0.82559,0.39741,0,0.0,0.03,0.48,0.4556,0.0,1.0,0.5062,1.1119912799999998,2.15365678,3.05975043,3.77478112,-0.6657617662999998,-1.2872968631,-0.11727348458,-0.3313298461,2.7884109000000024,-5.322357726999998,0.4431460522000001,-1.3017510536000003
90,TYR,0.932,0.2734741784037559,3.25136,1.77982,0.69618,0,0.0,-0.27,0.26,0.3556,0.8063,0.502,0.1605,1.24982127,2.4138002899999997,3.4126989400000003,4.17993352,-0.6710385456000001,-1.305580235,-0.1079579092,-0.3068623104,2.7092220000000014,-5.693220409000007,0.4399982050999996,-1.3618015050999996
91,GLY,0.658,0.3639380530973451,0.91309,0.79037,0.3596299999999999,0,0.0,0.03,0.48,0.4556,0.0,1.0,0.5062,1.39087799,2.69892132,3.84685004,4.76807679,-0.6504174933,-1.263917529,-0.10713627744,-0.3042879900999999,3.141000422000002,-5.931426746999996,0.5097790578999998,-1.4456391158000006
92,ARG,1.756,0.5237101103489412,3.59254,1.4385100000000002,0.15849,0,0.0,-1.3,-2.5,0.0,0.7346,0.9398,0.6914,1.39220431,2.70929033,3.88090755,4.84588648,-0.8148915426000001,-1.5729091275,-0.1482920642999999,-0.41867422214,4.589988892000005,-9.646015139499996,0.7741166863000001,-2.51343854008
93,ASP,1.32,0.4923535994032078,2.4730600000000003,0.8831500000000001,0.4778499999999999,0,0.0,-0.1,-0.9,0.1111,0.3239,0.8675,1.0,1.1134108,2.1647378500000003,3.09609022,3.85763097,-1.5938360383500003,-3.0933511582,-0.26454210183,-0.7496226210200001,6.366586996000004,-13.346523782,0.9731870373000008,-3.0677916257999978
94,ARG,0.955,0.2848195645690426,3.07859,1.76943,0.6285700000000001,0,0.0,-1.3,-2.5,0.0,0.7346,0.9398,0.6914,1.11172856,2.15157653,3.05282529,3.75867412,-1.113186208,-2.161412361499999,-0.1859262157999999,-0.5277051243,7.22204474800001,-11.440941876499991,1.1938799551000046,-2.850632112300001
95,ASN,1.171,0.4789366053169734,2.41892,1.07132,0.2026799999999997,0,0.0,-0.1,-0.78,0.1111,0.3976,0.6747,0.8272,1.25028492,2.41733351,3.4239942,4.20480123,-1.0742669660000002,-2.083501104,-0.182362671,-0.516992134,5.765995295000015,-10.624870637000006,0.9845799660999992,-2.724187646100005
96,TYR,0.576,0.1690140845070422,3.17735,2.04149,0.7905100000000003,0,0.0,-0.27,0.26,0.3556,0.8063,0.502,0.1605,1.80845907,3.51107235,5.00901173,6.216967339999999,-1.4229585349999998,-2.7784660955,-0.2123192125,-0.6049669397,5.189423794999991,-13.635027493999996,0.7793852002000002,-2.9646550210000013
97,GLU,0.865,0.3170821114369501,2.43083,1.4003199999999998,0.4626800000000004,0,0.0,-0.1,-0.74,0.1111,0.4884,0.8112,0.9136,1.66930696,3.24072983,4.6230192500000005,5.73768761,-1.4703497455000007,-2.860274221000001,-0.23567632632,-0.6694189271000003,9.86124260199998,-16.928942895399974,1.539648140299999,-4.074892771600004
98,ASP,0.825,0.3077209996270048,2.30375,1.1865599999999998,0.6694400000000003,0,0.0,-0.1,-0.9,0.1111,0.3239,0.8675,1.0,1.529892,2.96823229,4.22961353,5.24045907,-1.5040805269999995,-2.9209511898,-0.2487990001759999,-0.7058336385299999,8.400190114999992,-14.062041048300015,1.378115440700002,-3.559752331079996
99,ARG,1.343,0.4005368326871458,3.67799,1.53983,0.4701700000000002,0,0.0,-1.3,-2.5,0.0,0.7346,0.9398,0.6914,1.94974275,3.79807472,5.449700179999999,6.821124689999999,-1.9758627354399996,-3.8593603894,-0.294692175806,-0.8404103498899999,6.805838505999999,-12.106837173799988,0.9893199408000014,-2.608802763399997
100,GLY,0.785,0.4341814159292035,0.99244,0.80114,0.2218600000000001,0,0.0,0.03,0.48,0.4556,0.0,1.0,0.5062,1.25204768,2.43105303,3.4688493,4.30665095,-1.5944473713499998,-3.08621950607,-0.2782921733546,-0.7874203659769999,6.046491804000002,-8.056116073599993,0.9822521514000004,-2.0378307234999977
101,TYR,0.563,0.1651995305164319,3.29344,2.05725,0.78775,0,0.0,-0.27,0.26,0.3556,0.8063,0.502,0.1605,2.08845854,4.06504296,5.824728890000001,7.27571212,-1.6488943223,-3.2125966782,-0.25782814587,-0.7335351610700002,4.514660868999992,-7.422571268599994,0.7362047484000003,-1.85289250741
102,ASN,1.21,0.4948875255623722,2.14821,1.0285099999999998,0.20649,0,0.0,-0.1,-0.78,0.1111,0.3976,0.6747,0.8272,1.94817195,3.78587041,5.40987416,6.73092655,-1.8187335415000003,-3.5360241759,-0.29353945766,-0.8331685664000001,2.825709159,-5.4350976105999935,0.4667381257999999,-1.384475996439999
103,GLY,0.232,0.1283185840707964,0.8345199999999999,0.98728,0.58872,0,0.0,0.03,0.48,0.4556,0.0,1.0,0.5062,2.22770224,4.336127919999999,6.21324088,7.760983969999999,-1.6103929986999996,-3.13454551,-0.2570773179199999,-0.7309904277999999,4.123605481999997,-7.119448388199992,0.6640360051000005,-1.7323678126999995
104,GLY,0.642,0.3550884955752212,0.92248,0.85422,0.3117799999999999,0,0.0,0.03,0.48,0.4556,0.0,1.0,0.5062,1.81037436,3.52600969,5.05794533,6.328364959999999,-1.2456245086,-2.4159963386,-0.2097370703099999,-0.59423639615,3.454588088999996,-5.814564357600006,0.5613121940000002,-1.419194878500001
105,GLY,0.08,0.0442477876106194,0.6422599999999999,1.15178,0.57622,0,0.0,0.03,0.48,0.4556,0.0,1.0,0.5062,1.5292826299999998,2.96354296,4.21446579,5.20662561,-0.9819704299999998,-1.904880387,-0.16532958733,-0.4685815776000001,3.527771189999996,-6.896610214999997,0.6178225289999997,-1.8202430240000005
106,GLY,0.586,0.3241150442477876,0.88399,0.8431,0.3789,0,0.0,0.03,0.48,0.4556,0.0,1.0,0.5062,1.25079646,2.42131006,3.43698286,4.23426173,-0.977591504,-1.906288139,-0.15034021114,-0.4280306189,4.396646651999996,-9.479730193000004,0.7169106454000006,-2.295502049599999
107,GLY,0.718,0.3971238938053097,0.90412,0.77693,0.31307,0,0.0,0.03,0.48,0.4556,0.0,1.0,0.5062,0.9731488,1.8856731,2.68129825,3.3120988500000004,-0.7302068707,-1.425444847,-0.11018694235,-0.3140467027999999,5.5407350419999934,-9.942530592999992,0.8577245744,-2.244604645100002
108,GLY,1.073,0.5934734513274336,1.06692,0.5820700000000001,0.15293,0,0.0,0.03,0.48,0.4556,0.0,1.0,0.5062,0.83421193,1.6169856,2.30065434,2.84478053,-0.5600231775000001,-1.0939345603,-0.08307837354,-0.2368495182,5.739917850999984,-10.142965646,0.8627725662000005,-2.284902319199999
109,GLY,0.589,0.3257743362831858,0.941,0.8746200000000001,0.34438,0,0.0,0.03,0.48,0.4556,0.0,1.0,0.5062,0.83276667,1.60568623,2.26353762,2.75997077,-0.556636086,-1.080297272,-0.0938770701599999,-0.2664064176,5.725070155999995,-10.29213853510002,0.9957633299999978,-2.570450475500001
110,ASN,1.558,0.6372188139059305,2.4403200000000003,0.8422299999999999,0.0447699999999998,0,0.0,-0.1,-0.78,0.1111,0.3976,0.6747,0.8272,1.11177084,2.15191729,3.05398043,3.76142312,-0.7271087911999999,-1.4158480764,-0.1145541973799999,-0.3256802052999999,4.669403739999989,-9.574817467800008,0.7785121726999996,-2.3009347151000044
111,ARG,1.598,0.4765881300328064,3.30045,1.5948400000000005,0.1601599999999998,1,0.0714285714285714,-1.3,-2.5,0.0,0.7346,0.9398,0.6914,1.3909770900000002,2.69976492,3.849855130000001,4.77565317,-0.907989713,-1.769505242,-0.1409924921499999,-0.4011150188,3.537583915999994,-7.058277130999999,0.5391505114999993,-1.5787814011999977
112,GLY,0.801,0.4430309734513274,1.04984,0.7372499999999998,0.2697500000000002,1,0.0833333333333333,0.03,0.48,0.4556,0.0,1.0,0.5062,1.25190508,2.42994621,3.46523888,4.298478019999999,-1.40472350344,-2.7320272402000003,-0.2271724857099999,-0.6454259325400001,3.224309410999993,-3.271744912400001,0.4869005815999994,-0.7237910664200006
113,TYR,1.898,0.556924882629108,3.58524,1.34449,0.16551,3,0.428571428571429,-0.27,0.26,0.3556,0.8063,0.502,0.1605,0.97355138,1.88883021,2.6917027200000003,3.33597643,-1.5412899966999998,-2.9961439653000004,-0.25045996724,-0.7110603404600001,2.6728681520000044,-2.3806992005000005,0.4065464899999998,-0.5231311733500004
114,ASN,1.328,0.5431492842535788,2.38886,0.91791,0.1990899999999997,2,0.333333333333333,-0.1,-0.78,0.1111,0.3976,0.6747,0.8272,0.97351211,1.88852453,2.69070429,3.33371395,-1.0135569686999997,-1.9558824596,-0.18502100966,-0.5222643805,3.3719569919999977,-3.4992225699999984,0.5792871967000004,-1.0705504035799986
115,ASN,0.38,0.1554192229038855,2.10472,1.4163899999999998,0.6486100000000001,2,0.166666666666667,-0.1,-0.78,0.1111,0.3976,0.6747,0.8272,1.81014318,3.52421047,5.052066379999999,6.31502969,-0.6629067746999999,-1.2938216854000002,-0.1004258552799999,-0.2861924590499999,5.434292244000021,-2.4020794052000007,0.7395399734000007,-0.4760265475999998
116,ASN,0.819,0.3349693251533742,2.18129,1.30645,0.31955,1,0.0666666666666667,-0.1,-0.78,0.1111,0.3976,0.6747,0.8272,1.38966157,2.68949365,3.81616509,4.69882629,-0.4832363459999999,-0.9352824425,-0.08384334544,-0.2370483208,4.038867838,-4.846938408500004,0.6945924026000014,-1.3220449749000018
117,ARG,2.555,0.7620041753653445,3.86457,0.88478,-0.0867799999999999,0,0.0,-1.3,-2.5,0.0,0.7346,0.9398,0.6914,1.11192858,2.15313622,3.05793653,3.77031731,-0.4685021042999999,-0.9102795669,-0.07726093057,-0.21938705625,4.3967769629999935,-6.433322884599999,0.7173424255999988,-1.5622774084199986
118,GLY,0.766,0.4236725663716814,0.92796,0.74316,0.29884,0,0.0,0.03,0.48,0.4556,0.0,1.0,0.5062,0.8334840400000001,1.61129449,2.2819608,2.80207103,-0.5990991954,-1.1659618467000004,-0.09555302224,-0.2716033019,3.848115453,-6.329260155000002,0.6194260019000009,-1.4980497564000017
119,GLY,0.913,0.5049778761061947,1.0021,0.61937,0.27563,0,0.0,0.03,0.48,0.4556,0.0,1.0,0.5062,0.8336005400000001,1.61220083,2.28491989,2.8087756,-0.6141724909399999,-1.1947298813999998,-0.09937190684,-0.2824986370399999,5.495823449999991,-9.894589414800024,0.8984988473999983,-2.355831945149998
120,GLY,0.47,0.2599557522123893,0.8634999999999999,0.7879700000000001,0.55003,0,0.0,0.03,0.48,0.4556,0.0,1.0,0.5062,0.97195306,1.87634023,2.65069797,3.24235439,-0.5941999317,-1.1512913096,-0.1020571365,-0.2889954775000001,4.275176685000001,-8.401812307199993,0.7317549555,-2.157008123599998
121,GLY,0.603,0.3335176991150442,0.99149,0.8423,0.3627,0,0.0,0.03,0.48,0.4556,0.0,1.0,0.5062,1.38961686,2.68914286,3.815010220000001,4.69618213,-0.4113315036,-0.8020770570999999,-0.06325321848,-0.18008492451,5.382524563000004,-6.400922974500009,0.8379279420000008,-1.429426934170002
122,GLY,0.715,0.3954646017699115,0.92073,0.82403,0.2689699999999999,0,0.0,0.03,0.48,0.4556,0.0,1.0,0.5062,1.39206748,2.70823178,3.87747059,4.83815749,-0.6720062978999999,-1.3093745802,-0.1046819586399999,-0.2977671062499999,5.817674437999998,-9.454352076700005,0.8848147764000007,-2.0933867999500024
123,GLY,0.427,0.2361725663716814,0.8243,0.93502,0.44598,1,0.142857142857143,0.03,0.48,0.4556,0.0,1.0,0.5062,0.97316261,1.88577436,2.6816082100000003,3.31273826,-1.2471017311,-2.4170297884999994,-0.213324987895,-0.6042315038599999,5.251824170000006,-10.593781166000005,0.9271748866000008,-2.781266968600001
124,TYR,1.988,0.5833333333333334,3.81051,1.05112,0.3688799999999999,1,0.142857142857143,-0.27,0.26,0.3556,0.8063,0.502,0.1605,1.3926897500000002,2.71311216,3.8935555500000008,4.875074889999999,-1.6449801176,-3.2185386617,-0.236615639,-0.6757609030500001,3.3418682229999965,-6.843690200000003,0.5012550670000003,-1.5371531186999994
125,ASN,1.229,0.5026584867075665,2.2685,0.98932,0.2266799999999997,0,0.0,-0.1,-0.78,0.1111,0.3976,0.6747,0.8272,1.39199401,2.70767419,3.87569759,4.83428682,-1.4841992698,-2.8943932898999987,-0.2278302989,-0.64865426165,3.417944712999994,-4.701512286799998,0.5349631776000001,-1.180810861979999
126,ARG,0.584,0.1741723829406501,3.21533,2.0057,0.7633000000000001,0,0.0,-1.3,-2.5,0.0,0.7346,0.9398,0.6914,1.6694595599999995,3.2418644200000006,4.6265465400000005,5.7451394,-1.6389888749400003,-3.1909920724,-0.2603887763699999,-0.7405437924000001,3.7305324059999982,-5.753856633599998,0.6014543030999997,-1.440121420900001
127,GLN,1.077,0.3746086956521739,2.63431,1.16505,0.6329500000000001,0,0.0,-0.1,-0.85,0.1111,0.5388,0.7952,0.6914,1.66872283,3.2361575500000006,4.607983699999999,5.703282390000001,-1.9089041411000005,-3.712517954699999,-0.3087546148199999,-0.8772198491000001,2.590812821999999,-4.339527964000004,0.4262206093000003,-1.0628627312
128,ASP,0.759,0.2831033196568444,2.2434,1.20446,0.7175400000000001,0,0.0,-0.1,-0.9,0.1111,0.3239,0.8675,1.0,1.6696589,3.24337711,4.63135631,5.7556444,-1.6635961814,-3.2356713510000006,-0.26928350907,-0.7652355415300001,3.925367215999999,-4.131462059600001,0.6478119929000008,-1.0308975985100006
129,ARG,0.767,0.2287503728004771,2.9753,1.85853,0.7274700000000003,0,0.0,-1.3,-2.5,0.0,0.7346,0.9398,0.6914,2.08803784,4.06173949,5.81382764,7.25064975,-1.3917257821000002,-2.7156902582,-0.2129965535,-0.6072096036299999,5.539417216999994,-7.521752935700005,0.8743953563999998,-1.760199535809999
130,GLY,0.42,0.2323008849557521,0.90665,0.8971500000000001,0.49085,0,0.0,0.03,0.48,0.4556,0.0,1.0,0.5062,1.81039607,3.5261571400000005,5.05835217,6.32905719,-1.20939567032,-2.3574678997000005,-0.1877178827189999,-0.5343704897799998,7.114612175999999,-8.770397585399998,1.0882679136000015,-2.0442397772300005
131,ASP,1.453,0.5419619544945916,2.40477,0.97609,0.2519099999999999,0,0.0,-0.1,-0.9,0.1111,0.3239,0.8675,1.0,1.2524053600000002,2.43385349,3.47805934,4.32772802,-0.9563045271,-1.8626002300000004,-0.15066279815,-0.4285736854,7.426758657999998,-8.36684335400001,1.1509867019999989,-1.9406372681999997
132,GLY,0.675,0.3733407079646018,0.9556,0.7946700000000001,0.3383299999999999,0,0.0,0.03,0.48,0.4556,0.0,1.0,0.5062,1.1131017399999998,2.16231415,3.08810292,3.83930109,-0.8784410796999998,-1.7188951104,-0.12612935097,-0.36025927412,8.140508405999993,-7.881809214900004,1.2034249537000017,-1.7222691777900023
133,GLY,0.897,0.4961283185840708,1.06004,0.6095900000000001,0.3014099999999999,0,0.0,0.03,0.48,0.4556,0.0,1.0,0.5062,0.83425178,1.6172944699999998,2.30165926,2.84704769,-0.8324295368,-1.6205275837000002,-0.13109235146,-0.3724290125000001,8.247420951999985,-10.261123972899984,1.3095077059000004,-2.435504323139999
134,SER,1.091,0.5013786764705882,1.45347,0.92385,0.1611500000000001,0,0.0,-0.1,-0.18,0.4111,0.1877,0.8514,0.5309,1.25221707,2.43239038,3.4732855700000007,4.316919969999999,-1.117045078122,-2.180099561835,-0.1692184798136,-0.4821944770309999,8.484556011,-11.787188690804998,1.345173842699996,-2.7238503599129977
135,SER,0.514,0.2362132352941176,1.22407,1.07655,0.5854500000000002,1,0.0625,-0.1,-0.18,0.4111,0.1877,0.8514,0.5309,1.67000461,3.2461133,4.640460690000001,5.776803149999999,-1.197246545,-2.3239732955,-0.1994609636599999,-0.5656148679999998,8.448081711999976,-11.104486272500026,1.3144655837000028,-2.779531350200001
136,ASN,0.325,0.1329243353783231,1.96511,1.60983,0.5101699999999996,1,0.0454545454545455,-0.1,-0.78,0.1111,0.3976,0.6747,0.8272,2.0885299,4.06559507,5.826522850000001,7.279751829999999,-1.2413943681,-2.4230504497,-0.1886823986799999,-0.53798283715,9.394261152000022,-12.114023582999994,1.4441256894000027,-2.7397651905999947
137,PHE,1.9,0.6111289803795432,3.70117,1.16263,0.04637,1,0.111111111111111,1.1,1.2,0.8111,0.783,0.0763,0.037,1.2521917299999998,2.43217716,3.47253244,4.31503612,-1.5102161839,-2.9314662675000007,-0.25175930721,-0.7139159286699998,8.913672436000008,-12.850315752900004,1.438506575000001,-3.151071635140002
138,SER,0.659,0.3028492647058823,1.58326,1.08085,0.4361500000000002,0,0.0,-0.1,-0.18,0.4111,0.1877,0.8514,0.5309,1.39108366,2.70055247,3.85228894,4.780753229999999,-1.5680299,-3.0531028945999994,-0.2483702930899999,-0.70633970758,9.666103959999989,-15.821978637499967,1.506511811500004,-3.707076231819997
139,ARG,1.909,0.5693408887563376,3.91029,1.23196,0.2120400000000002,0,0.0,-1.3,-2.5,0.0,0.7346,0.9398,0.6914,1.38990063,2.69136155,3.82229604,4.71281958,-1.6043783183999998,-3.1200868441,-0.2590107068999999,-0.7356387938000001,8.285561022999987,-17.78503523690001,1.3344370025999994,-4.125132394099998
140,GLY,0.534,0.2953539823008849,0.8607899999999999,0.90196,0.37204,0,0.0,0.03,0.48,0.4556,0.0,1.0,0.5062,1.3902086700000005,2.69369549,3.8297073,4.72897864,-1.1268872717,-2.1874078325999995,-0.1887286121999999,-0.5354356805999999,6.431455794000009,-12.073493169999995,1.112967311000002,-2.9981493360000013
141,GLY,0.47,0.2599557522123893,0.7491,0.94739,0.39061,0,0.0,0.03,0.48,0.4556,0.0,1.0,0.5062,1.25018248,2.41656248,3.421564870000001,4.199566729999999,-0.9656879521,-1.876725285,-0.1583076836,-0.4495142018999999,5.765039140000011,-10.228202604999986,0.9926564112999984,-2.593397436200004
142,TYR,1.042,0.3057511737089202,3.51812,1.74898,0.6170199999999997,0,0.0,-0.27,0.26,0.3556,0.8063,0.502,0.1605,1.11153831,2.15008506,3.0479128,3.7474095,-0.8701875168,-1.687860375,-0.14777945076,-0.4190745567,6.307951536999992,-9.856592944999973,1.1354600370999983,-2.575147679800001
143,ASN,0.648,0.2650306748466258,2.03633,1.41419,0.3828099999999996,0,0.0,-0.1,-0.78,0.1111,0.3976,0.6747,0.8272,1.3914331,2.7032512600000005,3.86103751,4.80038366,-1.0463056851000003,-2.0354381110000004,-0.16740687823,-0.4754352967,6.753817073000007,-9.476471275000009,1.0919293779000003,-2.318360124299998
144,ASN,0.751,0.307157464212679,2.08819,1.35052,0.34348,1,0.142857142857143,-0.1,-0.78,0.1111,0.3976,0.6747,0.8272,0.97364867,1.88957671,2.69410477,3.34131366,-0.8679569783999996,-1.6821046999999998,-0.14783240523,-0.4184895905,5.220769416999999,-4.937181657999995,0.8490854013999991,-1.341255387500001
145,ARG,1.525,0.4548165821652251,3.46658,1.4577299999999995,0.3702700000000005,1,0.25,-1.3,-2.5,0.0,0.7346,0.9398,0.6914,0.69398238,1.33818669,1.88677793,2.30147119,-0.9910906407,-1.9216863400000004,-0.1692880557399999,-0.4799525501,3.448206802999996,-4.00002156,0.6175136277999997,-1.0657345753000007
146,ASP,1.231,0.4591570309585975,2.24961,0.96664,0.48336,0,0.0,-0.1,-0.9,0.1111,0.3239,0.8675,1.0,0.8342159499999999,1.61700477,2.30067264,2.84468575,-0.9339400197,-1.8095239122,-0.1600206650299999,-0.45297822926,2.118336182,-4.052986117,0.3583739965999999,-1.0792231240499996
147,GLU,0.976,0.3577712609970674,2.602,1.3215500000000002,0.43045,3,0.272727272727273,-0.1,-0.74,0.1111,0.4884,0.8112,0.9136,1.3908125000000002,2.6984245200000005,3.84527158,4.76463451,-0.76607315273,-1.49145588473,-0.1216234393999999,-0.3458450326600001,2.200373638000001,-4.057747765799997,0.3457144124999995,-0.9519168043999994
148,GLY,0.303,0.1675884955752212,0.82203,0.91168,0.5933200000000001,2,0.142857142857143,0.03,0.48,0.4556,0.0,1.0,0.5062,1.66962615,3.24316619,4.6308200600000005,5.75489737,-0.7915937232000001,-1.5472447938000005,-0.11718035845,-0.33456928793,2.517374654,-4.7861280329000015,0.3696477202999997,-0.9719302429999996
149,SER,1.237,0.5684742647058824,1.83534,0.66506,0.2739400000000001,1,0.125,-0.1,-0.18,0.4111,0.1877,0.8514,0.5309,1.39137037,2.70279826,3.85968087,4.7976901100000005,-1.1237468170000002,-2.1850446530000007,-0.1820079017,-0.5169104954000001,3.177621540000001,-6.7991820810000005,0.536026757,-1.7107333816000012
150,ASP,0.672,0.2506527415143603,2.23347,1.35302,0.65598,2,0.153846153846154,-0.1,-0.9,0.1111,0.3239,0.8675,1.0,1.39049855,2.695959,3.83713641,4.74593609,-0.9523799563499996,-1.8519570727000003,-0.1556130005259999,-0.44238789319,3.143186221999996,-4.933701366000005,0.4944820972000002,-1.1513347019999998
151,ASN,1.057,0.4323108384458077,2.2828,1.06885,0.31915,1,0.0714285714285714,-0.1,-0.78,0.1111,0.3976,0.6747,0.8272,1.39017736,2.6934651800000005,3.82900164,4.727521980000001,-1.061125395,-2.0593418000000003,-0.1789639051,-0.5078690964999999,2.9076589740000016,-5.607424200999996,0.4552758890999996,-1.3152681512999995
152,ARG,2.166,0.6459886668654935,3.92699,0.9181,0.2689000000000003,0,0.0,-1.3,-2.5,0.0,0.7346,0.9398,0.6914,0.97278412,1.88281798,2.67190761,3.29060664,-0.9967064129000004,-1.9287397339,-0.176169230575,-0.4988088604199999,2.9015989199999974,-2.766680435700001,0.5030382859999999,-0.7738983132600001
153,GLY,0.666,0.368362831858407,0.88703,0.80816,0.3338399999999999,0,0.0,0.03,0.48,0.4556,0.0,1.0,0.5062,1.25244902,2.43422765,3.47940554,4.33116546,-1.0674206605,-2.0689771521,-0.1826753371999999,-0.5175755904600001,2.319289401,-2.4142238325000007,0.3509033529999997,-0.5702027816000005
154,SER,0.265,0.1217830882352941,1.39007,1.2742,0.6368,2,0.125,-0.1,-0.18,0.4111,0.1877,0.8514,0.5309,1.66956618,3.2426737,4.62912227,5.75077434,-0.7637057688399997,-1.4762454898,-0.1360685550599999,-0.3846108386,2.356140376000002,-2.912667206599999,0.3795370110999998,-0.7324623343000003
155,GLY,0.064,0.0353982300884955,0.86712,0.88965,0.8543499999999999,1,0.0416666666666667,0.03,0.48,0.4556,0.0,1.0,0.5062,2.2271385500000003,4.33169009,6.198557330000001,7.727110729999999,-0.2069542166,-0.4035269512,-0.03199691972,-0.09111317715,2.6727012659999985,-0.7332928223999997,0.4106575952999998,-0.1891524164
156,ARG,0.799,0.2382940650164032,3.14727,1.90039,0.6536100000000002,3,0.125,-1.3,-2.5,0.0,0.7346,0.9398,0.6914,1.94662656,3.7737133700000007,5.36968226,6.63830195,-0.562868138,-1.0926838823,-0.09412516525,-0.2670630581,3.141947432999999,-3.804647334,0.5056779749999998,-0.9427647210000004
157,SER,0.3,0.1378676470588235,1.3038999999999998,1.19974,0.6762600000000001,2,0.117647058823529,-0.1,-0.18,0.4111,0.1877,0.8514,0.5309,1.52916395,2.96257302,4.21113868,5.198597029999999,-0.9811007044000002,-1.90387038,-0.1646286541699999,-0.4668433005,2.827036403000001,-5.759541556400001,0.4581118815999999,-1.3723857102199992
158,TYR,2.394,0.7024647887323944,4.3613,0.73706,0.2769399999999997,2,0.4,-0.27,0.26,0.3556,0.8063,0.502,0.1605,0.97333534,1.8871213,2.68601975,3.32277895,-1.1330700396600002,-2.19561674887,-0.19465053978,-0.55132920599,2.356097016,-3.6745712014099983,0.3800458989000001,-0.8931877858700004
159,ASN,0.643,0.2629856850715746,1.98315,1.3891,0.4128999999999998,2,0.2,-0.1,-0.78,0.1111,0.3976,0.6747,0.8272,1.11172436,2.15155997,3.052828200000001,3.758857,-1.068038933,-2.069898441,-0.1836499363,-0.520434464,2.239159170000001,-3.1892631039999983,0.3533086187000001,-0.7695306607000001
160,ASN,1.373,0.5615541922290389,2.3641,0.90831,0.1636899999999999,2,0.181818181818182,-0.1,-0.78,0.1111,0.3976,0.6747,0.8272,1.25193921,2.43019795,3.4660130399999995,4.300084899999999,-0.9703924903,-1.8921608404000003,-0.1508995391299999,-0.429988153,2.161694502000001,-2.882652928199999,0.3331383566000003,-0.6144556297000002
161,ASP,0.555,0.2070123088399851,2.06087,1.49031,0.6356899999999999,1,0.0833333333333333,-0.1,-0.9,0.1111,0.3239,0.8675,1.0,1.1120158100000002,2.15380971,3.060117930000001,3.7752067399999993,-1.1063890017,-2.1482819995,-0.18522488582,-0.525882563,2.432016613999998,-3.428526324600001,0.4142091902,-0.9209583628
162,ARG,2.267,0.6761109454220101,3.90754,0.8667999999999999,0.2192000000000004,1,0.125,-1.3,-2.5,0.0,0.7346,0.9398,0.6914,0.8336160800000001,1.6123029599999998,2.2851888,2.8091855,-1.1387701446000005,-2.2117417392000003,-0.1886612273399999,-0.5354229906,2.547666185,-5.765765441000002,0.4504082668999996,-1.5021529019999995
163,ARG,1.019,0.3039069490008946,3.59158,1.5778600000000005,0.7561400000000003,1,0.125,-1.3,-2.5,0.0,0.7346,0.9398,0.6914,1.2522484900000002,2.4326350599999995,3.4740872200000004,4.318744929999999,-1.330510483,-2.6007945275,-0.1969107593,-0.5623078327999999,3.0678470790000025,-5.353535400900001,0.4541066073999996,-1.1753365359
164,ASP,1.326,0.494591570309586,2.47971,0.8262900000000001,0.5287099999999999,1,0.25,-0.1,-0.9,0.1111,0.3239,0.8675,1.0,0.8339542499999999,1.61496849,2.29402076,2.82960033,-1.0716885514000003,-2.0762011667,-0.18373584977,-0.5200369091,2.548766354999999,-5.159241053100005,0.4384915379000002,-1.344740822599999
165,ASN,0.645,0.2638036809815951,2.11748,1.4745899999999998,0.32541,1,0.2,-0.1,-0.78,0.1111,0.3976,0.6747,0.8272,0.83402,1.61547093,2.29562862,2.83314283,-0.6440290862000001,-1.2467893561,-0.11238401356,-0.3180979181999999,3.1411856920000005,-2.8196056119,0.5036785010000002,-0.7150415839999997
166,GLY,0.722,0.3993362831858407,0.95666,0.7473400000000001,0.3386599999999999,1,0.166666666666667,0.03,0.48,0.4556,0.0,1.0,0.5062,1.1133533000000002,2.16428624,3.09459974,3.85420364,-0.8585634834999999,-1.6780468992000002,-0.12593289336,-0.359212164,2.868368102,-4.395971704199998,0.4443104479999999,-1.0064476694999998
167,GLY,0.705,0.389933628318584,0.8273999999999999,0.81963,0.2833700000000002,0,0.0,0.03,0.48,0.4556,0.0,1.0,0.5062,0.97319806,1.88603789,2.6824253700000003,3.3144568799999994,-0.7392626895300001,-1.43394097898,-0.125161079667,-0.35483618534,3.4539432610000023,-7.056439049639994,0.5702654578999995,-1.7815110955200002
168,ASP,1.456,0.5430809399477806,2.344,0.88711,0.3378900000000001,0,0.0,-0.1,-0.9,0.1111,0.3239,0.8675,1.0,0.97266244,1.88190324,2.6690246800000006,3.2843879300000003,-0.7543883425,-1.4630043950000002,-0.1276791676,-0.3618033876000001,3.179451287999997,-7.454020067000001,0.521209563,-1.8117956668999988
169,GLY,1.045,0.5779867256637168,1.29449,0.6804,0.0826000000000001,0,0.0,0.03,0.48,0.4556,0.0,1.0,0.5062,1.1119833300000002,2.15357447,3.05940871,3.77377982,-0.6647917299999999,-1.2966048159999997,-0.1023047668999999,-0.2914253516,3.1014512420000035,-5.424614976000002,0.5067498679999994,-1.2660430448000006
