2,MET,2.498,0.8376928236083165,2.87686,0.6306499999999999,-0.1466499999999999,1,0.5,0.8,0.64,0.7111,0.6196,0.0,0.0988,0.41667427,0.80511307,1.13920977,1.3969402199999998,-0.315244299,-0.612830891,-0.0516179857,-0.1466628529999999,1.0196397860000004,-2.583925358000001,0.1755493574,-0.6332476429999998
3,GLU,1.537,0.56341642228739,2.7979000000000003,0.92563,0.2653700000000003,1,0.333333333333333,-0.1,-0.74,0.1111,0.4884,0.8112,0.9136,0.55513128,1.07016296,1.5082903600000002,1.83900577,-0.206476162,-0.40132745,-0.0334841662,-0.095016554,0.6664492920000001,-1.1631764400000004,0.1162777969999999,-0.306772646
4,SER,0.867,0.3984374999999999,1.60926,0.94521,0.3637900000000001,2,0.4,-0.1,-0.18,0.4111,0.1877,0.8514,0.5309,0.69403527,1.3386028399999998,1.88815597,2.30465519,-0.1407105367,-0.2741135046,-0.02210036935,-0.0628846119,0.4705477210000001,-0.45541704,0.0806020669999999,-0.1084086469
5,ASN,1.558,0.6372188139059305,2.55532,0.67421,0.2127899999999998,2,0.5,-0.1,-0.78,0.1111,0.3976,0.6747,0.8272,0.8339539800000001,1.61495551,2.29393847,2.8292887500000004,-0.369231342,-0.720679689,-0.0557119285,-0.158726956,0.510865153,-1.1825508139999998,0.0787853422999999,-0.264343646
6,GLN,1.592,0.5537391304347826,2.86294,0.99022,0.2927799999999999,2,0.666666666666667,-0.1,-0.85,0.1111,0.5388,0.7952,0.6914,0.83385384,1.6141955599999998,2.2915246,2.8240289899999995,-0.4628973549,-0.8984120009,-0.07677824425,-0.21756559204,0.5886174170000001,-1.19689619,0.0971504225,-0.282168579
7,SER,1.412,0.6488970588235293,1.5095599999999998,0.72371,0.0402900000000002,1,0.333333333333333,-0.1,-0.18,0.4111,0.1877,0.8514,0.5309,0.97386839,1.89129974,2.69978341,3.35434434,-0.5776577865399999,-1.1278235044999998,-0.08686486883,-0.2476062738999999,0.51120208,-0.8788954274999998,0.0761135918,-0.1863621492
8,ASN,1.537,0.6286298568507157,2.58656,0.7407400000000001,0.1672599999999998,1,0.166666666666667,-0.1,-0.78,0.1111,0.3976,0.6747,0.8272,0.97313718,1.88558301,2.6810058800000003,3.31144295,-0.4959536999000001,-0.9584990096,-0.08870163994,-0.2507132272,0.6276521560000001,-0.8155865199999999,0.1060662792,-0.2384786376
9,ASN,1.14,0.4662576687116564,2.41952,1.0088899999999998,0.2961100000000001,0,0.0,-0.1,-0.78,0.1111,0.3976,0.6747,0.8272,1.2523833,2.43370217,3.47763779,4.32699644,-0.3044698964,-0.5926750085,-0.04790776363,-0.1360674441,0.6283245199999999,-0.3765767879999999,0.0999961963999999,-0.076369728
10,GLY,0.765,0.4231194690265487,1.0109,0.71331,0.3296900000000001,0,0.0,0.03,0.48,0.4556,0.0,1.0,0.5062,1.25221913,2.43240283,3.47331513,4.31695388,-0.4014665739999999,-0.784927575,-0.0584439263999999,-0.166759275,0.6299382140000002,-1.5064746480000004,0.086142601,-0.288023772
11,GLY,0.596,0.329646017699115,0.94884,0.86189,0.3501100000000001,0,0.0,0.03,0.48,0.4556,0.0,1.0,0.5062,1.1121235,2.1546633,3.06296186,3.78182649,-0.302964548,-0.591257436,-0.0458472955,-0.1306100781,0.6675815400000001,-1.2793091579999998,0.1063517189999999,-0.2889454825999999
12,SER,1.525,0.7008272058823528,1.55846,0.6787599999999999,-0.0277599999999996,0,0.0,-0.1,-0.18,0.4111,0.1877,0.8514,0.5309,0.97379775,1.89074825,2.69797481,3.35022175,-0.2514957291999999,-0.4920541525999999,-0.03601208231,-0.10279884845,0.8647909879999995,-1.5217106763,0.1316709485999999,-0.32010320244
13,GLY,0.503,0.2782079646017699,0.9417,0.8806900000000001,0.4243100000000001,1,0.111111111111111,0.03,0.48,0.4556,0.0,1.0,0.5062,0.83324558,1.6094222,2.27578185,2.7878634,-0.3830752954999999,-0.742413363,-0.065929385,-0.1868455735,1.1759458120000004,-1.923661495,0.2076348641,-0.5095161374999999
14,ASN,1.439,0.5885480572597137,2.59053,0.77249,0.2335099999999997,1,0.1,-0.1,-0.78,0.1111,0.3976,0.6747,0.8272,0.97295449,1.88412542,2.6761141,3.2999449700000003,-0.43699508,-0.84957128,-0.0715135316,-0.2032063458,1.1384161899999998,-2.130275703,0.1877560589999998,-0.5295875066000002
15,ALA,0.902,0.4135717560751948,1.26098,0.8482300000000002,0.4307699999999997,1,0.2,0.77,0.62,0.7,0.1645,0.249,0.3951,1.11314152,2.16262365,3.08911359,3.84159237,-0.5009859625,-0.974276895,-0.08044073176,-0.2283350941,1.4124091940000014,-2.7540424539999986,0.2362409513000002,-0.7292725768999996
16,ALA,0.968,0.4438331040806969,1.33605,0.84705,0.3659500000000001,0,0.0,0.77,0.62,0.7,0.1645,0.249,0.3951,0.8340216400000001,1.61549455,2.29574538,2.83353079,-0.6586877824000001,-1.2775332053,-0.11076038741,-0.3137378569,2.042466876000002,-3.5555188515,0.3250669453999999,-0.8308125322
17,LEU,2.097,0.7889390519187359,2.5659300000000003,0.77692,-0.2159200000000001,1,0.333333333333333,1.4,1.1,0.9222,0.663,0.2811,0.0,0.55503618,1.06940595,1.50575604,1.83306823,-0.6272893429999999,-1.213422176,-0.1106710116,-0.3130113307,1.840940254999999,-3.898090513,0.3338992308999998,-1.0775652731
18,ASN,1.01,0.4130879345603272,2.27224,1.1328399999999998,0.30216,2,0.333333333333333,-0.1,-0.78,0.1111,0.3976,0.6747,0.8272,0.69381922,1.3368941099999998,1.88247497,2.29146519,-0.7406659560000001,-1.435690359,-0.1278249833,-0.3625034275000001,2.626050869,-5.675183121000001,0.4665543109,-1.4406328509999995
19,ARG,2.47,0.736653742916791,3.94909,0.7719499999999999,0.1110500000000001,2,0.333333333333333,-1.3,-2.5,0.0,0.7346,0.9398,0.6914,0.97340794,1.88770123,2.68796765,3.32736028,-0.9030122796,-1.758343025,-0.1419775794,-0.4035195968,3.5740174829999978,-7.223444661000006,0.5675344065000005,-1.7132882394999986
20,GLY,0.584,0.323008849557522,0.8850100000000001,0.85471,0.3692900000000002,1,0.1,0.03,0.48,0.4556,0.0,1.0,0.5062,1.1118249999999998,2.15236065,3.0555064200000004,3.76512341,-0.8548055720000001,-1.6603421460000003,-0.1413450173,-0.4011692876,4.830294898999994,-8.426387119000005,0.7755950128000003,-2.0394786477
21,GLY,0.585,0.3235619469026548,0.92196,0.78725,0.4357500000000001,1,0.1,0.03,0.48,0.4556,0.0,1.0,0.5062,1.11229486,2.15600008,3.06734344,3.79180973,-0.97976339396,-1.9082621061,-0.1545029000199999,-0.4395397525799999,4.832180488000003,-9.48680429449998,0.7605390983000014,-2.2267658060200013
22,ARG,1.569,0.4679391589621234,3.44607,1.4040399999999995,0.3799600000000005,0,0.0,-1.3,-2.5,0.0,0.7346,0.9398,0.6914,1.2505796399999998,2.41963075,3.43151896,4.22193463,-1.0386634222,-2.0128149438000005,-0.1782147361599999,-0.5047983956,3.606653439999993,-7.5166657480999985,0.6318446456999991,-1.9353638384999996
23,TYR,1.469,0.4310446009389672,3.8771,1.4640099999999998,0.47499,0,0.0,-0.27,0.26,0.3556,0.8063,0.502,0.1605,1.5283296,2.95612999,4.19024347,5.15166654,-0.9654930511999998,-1.8733518736000003,-0.16188346946,-0.4588905798,3.879428699000002,-6.601943751499992,0.6908270893999989,-1.723618888399999
24,VAL,0.701,0.2878850102669404,1.6827,1.26255,0.4714499999999999,0,0.0,1.6,1.1,0.9667,0.4924,0.3655,0.1235,1.6693991499999998,3.241414,4.62514498,5.7421780600000005,-0.895849187,-1.746183477,-0.1394611373,-0.3970775271,3.142924878000004,-5.159243234000001,0.4947718541999999,-1.1956305503000004
25,PRO,0.788,0.3533632286995516,1.79242,1.09178,0.35022,0,0.0,-0.37,0.12,0.3222,0.3764,0.8594,0.3827,1.1117458299999998,2.15172329,3.05334536,3.75997618,-1.1344713854,-2.1942752309,-0.20020756406,-0.5661393415999998,2.9429511929999994,-5.0711958378,0.4916783858999998,-1.2766817993999984
26,PRO,1.151,0.5161434977578475,1.92253,1.01812,0.06088,0,0.0,-0.37,0.12,0.3222,0.3764,0.8594,0.3827,1.5311266100000005,2.97788944,4.26135186,5.31303031,-1.1037641347,-2.1575992763,-0.16236833721,-0.4634573555999999,3.893498964,-3.478670012099998,0.5764361801999991,-0.8211453848000003
27,HIS,1.111,0.4018083182640144,2.90159,1.3605400000000003,0.2934599999999998,1,0.142857142857143,-0.91,-0.4,0.1444,0.561,0.1124,0.679,0.97352001,1.8885702,2.69079744,3.3337512300000003,-1.050266404,-2.0408550597,-0.17161680564,-0.486999095,3.260129944000001,-4.709228390200006,0.5157195340999998,-1.1050968195000002
28,LEU,1.965,0.7392776523702033,2.62281,0.68034,0.0126599999999998,1,0.166666666666667,1.4,1.1,0.9222,0.663,0.2811,0.0,0.8339578499999999,1.6149830899999995,2.29401987,2.82944841,-0.726301698,-1.403339338,-0.1305327792,-0.3689084162,2.785201712000003,-4.410790496999997,0.4698689156,-1.1867823187999995
29,ARG,1.492,0.4449746495675514,3.49981,1.52166,0.3393400000000002,2,0.2,-1.3,-2.5,0.0,0.7346,0.9398,0.6914,1.1117392,2.15168162,3.0532476399999995,3.75987615,-0.6789084823000001,-1.3265667097,-0.10045033224,-0.2865604030999999,2.476646075,-5.181747774999996,0.3759888001000002,-1.1492237584999996
30,GLY,0.935,0.5171460176991151,0.9229,0.71409,0.15891,1,0.2,0.03,0.48,0.4556,0.0,1.0,0.5062,0.69381442,1.33685913,1.88236783,2.29124406,-0.4649451618999999,-0.8976830259999999,-0.08472885563,-0.23940684294,3.680984763999999,-6.118480643499996,0.6793284171000004,-1.6270361571999998
31,GLY,0.862,0.4767699115044247,0.94817,0.7207,0.2253,1,0.166666666666667,0.03,0.48,0.4556,0.0,1.0,0.5062,0.69405935,1.33878215,1.8887133,2.30583065,-0.59106787,-1.1476352879999998,-0.0987872106,-0.2804086601,3.332410092000005,-6.134245353999999,0.5804072180000006,-1.5314020369999988
32,ASP,1.332,0.4968295412159642,2.46225,0.86733,0.4816699999999999,1,0.111111111111111,-0.1,-0.9,0.1111,0.3239,0.8675,1.0,0.97277522,1.88276609,2.67179927,3.29055066,-0.5166104865,-0.9998624570000002,-0.0901142714,-0.2549217196,3.7310287069999934,-4.110321417999997,0.594038410999999,-1.0731637349999992
33,GLY,0.529,0.2925884955752212,0.97935,0.86484,0.4141599999999998,1,0.0714285714285714,0.03,0.48,0.4556,0.0,1.0,0.5062,1.3904921499999998,2.69593043,3.83711473,4.74610613,-0.4390216456,-0.854832734,-0.0689423290999999,-0.1959107867,3.1000426899999995,-4.122677720999998,0.5157864346,-1.0678286978999998
34,GLY,0.831,0.4596238938053097,0.93175,0.7143999999999999,0.2626000000000001,0,0.0,0.03,0.48,0.4556,0.0,1.0,0.5062,1.2524648,2.43433538,3.47970418,4.33167619,-0.5302979749,-1.0293780546,-0.08772650226,-0.2485876044299999,3.885636662000002,-2.5689733473,0.6353100241000009,-0.60312655508
35,ALA,0.881,0.4039431453461715,1.22647,1.0118699999999998,0.2881300000000002,0,0.0,0.77,0.62,0.7,0.1645,0.249,0.3951,1.25217272,2.4320597,3.47225742,4.3147493,-1.04055844574,-2.0321262034000003,-0.1558597324299999,-0.4444295328000001,3.816816429000009,-5.5791562398,0.5490051123999992,-1.1596238438000002
36,ALA,1.196,0.5483723062815222,1.33523,0.6650499999999999,0.3199500000000002,0,0.0,0.77,0.62,0.7,0.1645,0.249,0.3951,0.69434968,1.34104206,1.89610113,2.32260208,-0.5813921834,-1.1275552344000002,-0.0985601753999999,-0.279359671,3.249646376999996,-3.8993468858,0.600088260100001,-1.1118038847000005
37,ALA,0.94,0.430994956441999,1.25223,0.79382,0.4471800000000001,0,0.0,0.77,0.62,0.7,0.1645,0.249,0.3951,0.69425197,1.34029149,1.89368235,2.3172178800000003,-0.7362144259999999,-1.42623198,-0.1269377535,-0.3594495666999999,2.7450142979999974,-5.351967310000001,0.4737538569999995,-1.4204891616999995
38,ALA,0.848,0.3888124713434204,1.32475,0.91176,0.4212400000000001,0,0.0,0.77,0.62,0.7,0.1645,0.249,0.3951,1.1126036,2.15839684,3.07515598,3.80947436,-0.99931902,-1.947237051,-0.15628413767,-0.4447636702999999,3.1033657860000035,-6.112209500000001,0.4917253639999996,-1.436500632800001
39,ALA,0.881,0.4039431453461715,1.21427,0.87532,0.42468,0,0.0,0.77,0.62,0.7,0.1645,0.249,0.3951,1.25256216,2.43509483,3.48219129,4.33733671,-1.0412243285,-2.027122722,-0.1643791290999999,-0.46718474927,4.0486369219999965,-6.285671515700002,0.6134729200999989,-1.4184149806000004
40,SER,0.627,0.2881433823529412,1.41483,1.1902,0.3588000000000002,0,0.0,-0.1,-0.18,0.4111,0.1877,0.8514,0.5309,1.25016597,2.41640201,3.4209332500000005,4.19781002,-1.2123482567,-2.3486669760000005,-0.20981835063,-0.5944060562000001,3.2132740399999977,-5.600843223999999,0.5748176750000006,-1.4904660642999996
41,ALA,0.606,0.2778541953232462,1.03899,1.01404,0.5609600000000001,0,0.0,0.77,0.62,0.7,0.1645,0.249,0.3951,1.52970727,2.96679954,4.224946790000001,5.2299171300000005,-0.8747618296000002,-1.6994929005,-0.144235289614,-0.40948317965,3.1004297280000017,-2.8136572212000024,0.5138707568000002,-0.6908338519999996
42,GLY,0.57,0.3152654867256637,1.02429,0.81792,0.42008,0,0.0,0.03,0.48,0.4556,0.0,1.0,0.5062,1.66873534,3.23630785,4.6086526,5.70534024,-1.0573924295,-2.058962843,-0.166812235,-0.4742751518,3.573768644999998,-7.191492043999999,0.5708942791999999,-1.6645923650999992
43,GLY,0.535,0.2959070796460177,0.79692,0.95546,0.3175400000000001,0,0.0,0.03,0.48,0.4556,0.0,1.0,0.5062,1.2520578,2.4311547,3.46926113,4.30783213,-1.1828213592,-2.29509212,-0.1982686993,-0.5620231817,3.571078489000002,-7.722811798000007,0.5916483148000005,-1.9494190149999997
44,ASP,1.305,0.4867586721372622,2.3088800000000003,1.0138200000000002,0.3621799999999999,0,0.0,-0.1,-0.9,0.1111,0.3239,0.8675,1.0,0.97368466,1.88985786,2.69502777,3.34341902,-1.4398827935199998,-2.8067176679,-0.22246067888,-0.6329831025999999,4.124321822,-9.505910092800006,0.6519709588000004,-2.192424090200001
45,ASP,0.8,0.2983961208504289,2.02793,1.22351,0.6574899999999999,0,0.0,-0.1,-0.9,0.1111,0.3239,0.8675,1.0,0.8339063,1.61460061,2.29283614,2.8269664699999995,-1.0857046458,-2.1158996714,-0.16895243406,-0.4808282155000001,4.832192120000001,-7.452865532800006,0.7571394770999984,-1.7310060159000025
46,ARG,2.676,0.7980912615568148,4.04236,0.68303,-0.0060299999999999,0,0.0,-1.3,-2.5,0.0,0.7346,0.9398,0.6914,0.69429565,1.34062743,1.89476617,2.3196343,-0.809234852,-1.561462182,-0.1482269997,-0.4184734646999999,3.878447724999995,-6.446429895,0.6975069467000006,-1.8379882836000028
47,ARG,2.263,0.6749179838950193,3.55496,1.08599,0.0040100000000002,0,0.0,-1.3,-2.5,0.0,0.7346,0.9398,0.6914,1.25270859,2.43625915,3.4860854599999995,4.34644873,-0.6915824964,-1.3509031683000003,-0.10273707373,-0.2929223165,3.700060808,-6.660919816000003,0.5186949646000003,-1.3994641621000006
48,GLY,0.659,0.3644911504424779,0.91129,0.7814000000000001,0.3675999999999999,1,0.0833333333333333,0.03,0.48,0.4556,0.0,1.0,0.5062,1.2518459300000002,2.42949308,3.46378427,4.29525875,-0.663579342,-1.296187357,-0.0989132802999999,-0.282082417,3.890781949000008,-8.74818575199999,0.599864913,-1.9764830375
49,GLY,0.994,0.5497787610619469,1.03684,0.61734,0.19666,1,0.142857142857143,0.03,0.48,0.4556,0.0,1.0,0.5062,0.97360286,1.88921296,2.6928889500000004,3.33846851,-0.5025734004,-0.9796174635,-0.07775491623,-0.2212474481,4.909645892000008,-8.2822737594,0.7802433308,-1.9109169138999995
50,ALA,0.964,0.4419990829894543,1.27474,0.84051,0.3764900000000001,1,0.125,0.77,0.62,0.7,0.1645,0.249,0.3951,0.83337897,1.61047855,2.27929791,2.79603877,-0.5275632429999999,-1.02657848,-0.08460128143,-0.2404985988999999,4.474800453999998,-6.455102595000002,0.7356963545999996,-1.5099978169999997
51,GLY,1.028,0.5685840707964602,0.99867,0.619,0.161,0,0.0,0.03,0.48,0.4556,0.0,1.0,0.5062,0.8339872100000001,1.6152151299999995,2.29479044,2.83123367,-0.5581287332500001,-1.0893401713,-0.08472513236,-0.24150204855,3.965710018000004,-5.8337307955999895,0.6404335380000009,-1.2934057054699994
52,GLY,0.858,0.4745575221238938,0.9831,0.7258100000000001,0.22419,0,0.0,0.03,0.48,0.4556,0.0,1.0,0.5062,1.11303951,2.16182674,3.08649782,3.83562159,-0.795221866,-1.552184562,-0.1192787948,-0.3396877215,4.601469005999995,-9.993022169999998,0.6735512765999994,-2.2083650418
53,GLY,0.55,0.3042035398230088,0.9903,0.8869100000000001,0.3710899999999999,0,0.0,0.03,0.48,0.4556,0.0,1.0,0.5062,1.3919016400000002,2.70692455,3.873139160000001,4.82814525,-0.8351283722999999,-1.6300533050000003,-0.1261755005,-0.3595474957999999,5.622396355999991,-12.054113391000003,0.8427733002999982,-2.6380161342000057
54,GLY,0.673,0.3722345132743363,0.8249500000000001,0.90669,0.22831,1,0.1,0.03,0.48,0.4556,0.0,1.0,0.5062,1.39257413,2.71219141,3.89047119,4.867843819999999,-0.8234242033000002,-1.6083433149,-0.12209834152,-0.34799422165,6.527481006000003,-10.94913038399999,0.9724178126999996,-2.287477279000002
55,TYR,0.765,0.2244718309859155,3.2167000000000003,2.01863,0.6243699999999999,2,0.25,-0.27,0.26,0.3556,0.8063,0.502,0.1605,1.25250858,2.43467052,3.48078082,4.33406278,-1.2825176309999995,-2.489919306,-0.21396835285,-0.6070695121499999,7.270705668000005,-12.542581527000015,1.1160051352000018,-2.8980721687000037
56,ARG,2.314,0.6901282433641515,3.89276,0.94875,0.0902500000000001,0,0.0,-1.3,-2.5,0.0,0.7346,0.9398,0.6914,0.97389926,1.89154173,2.70058053,3.35617336,-1.4307775283999995,-2.7797767192999987,-0.2331677211799999,-0.6612175824599996,4.709488955000007,-5.503239162800001,0.7756186483000003,-1.5257111453000014
57,ARG,1.6,0.4771846107963018,3.28454,1.6240599999999998,0.1289400000000002,0,0.0,-1.3,-2.5,0.0,0.7346,0.9398,0.6914,1.53140537,2.98007435,4.26855,5.329542000000001,-1.5921817134600005,-3.1113065693999986,-0.2342624436499999,-0.6680782841200001,4.279914396999998,-5.248821848299997,0.690281474600001,-1.315918108049999
58,GLY,0.528,0.2920353982300885,0.8155100000000001,0.8832599999999999,0.3967400000000001,0,0.0,0.03,0.48,0.4556,0.0,1.0,0.5062,1.39162052,2.7047228,3.86589311,4.811546,-1.766366971900001,-3.4391744277,-0.28070796247,-0.79844467684,4.124940733999998,-6.854992246099999,0.6482965534999996,-1.6690647096199984
59,GLY,0.749,0.4142699115044247,0.90066,0.75521,0.3037900000000001,0,0.0,0.03,0.48,0.4556,0.0,1.0,0.5062,1.11271479,2.15927281,3.07805703,3.8161752,-1.3001250499000003,-2.515579851670001,-0.227949579804,-0.644695276747,3.256289962999996,-4.815294102299998,0.5490007041000002,-1.192029943640001
60,GLY,0.478,0.2643805309734513,0.79327,0.8076899999999999,0.5223100000000002,0,0.0,0.03,0.48,0.4556,0.0,1.0,0.5062,1.94978948,3.7984229899999993,5.45078371,6.8234137200000005,-0.8032215947000001,-1.5678625031999998,-0.12164109019,-0.34675780713,3.219388016999999,-5.237004344000002,0.5230377004,-1.2269175952999989
61,ASN,0.613,0.2507157464212679,1.8937,1.36882,0.4631799999999997,1,0.0526315789473684,-0.1,-0.78,0.1111,0.3976,0.6747,0.8272,2.08843642,4.064839210000001,5.823950920000001,7.273599239999999,-0.9648130654,-1.8873355141,-0.1401170643499999,-0.40026481613,3.8555008580000023,-7.253877376000001,0.5611306948000008,-1.5328864013000003
62,SER,1.164,0.5349264705882352,1.30422,0.91603,0.0959700000000002,1,0.1,-0.1,-0.18,0.4111,0.1877,0.8514,0.5309,1.53159579,2.98154257,4.27329916,5.34016618,-0.61281985486,-1.1840404120200003,-0.10948676495,-0.309228088154,5.0281707659999935,-4.097572247,0.7888821632000009,-1.140466038799999
63,GLY,0.813,0.4496681415929203,1.00756,0.7062799999999999,0.2887200000000002,0,0.0,0.03,0.48,0.4556,0.0,1.0,0.5062,1.39246808,2.711376129999999,3.88784237,4.86198907,-0.7234632753000002,-1.4018405582,-0.1240370323,-0.3512205080999999,5.856597084000012,-8.490790533199993,0.8881774155000001,-2.104289276800004
64,GLY,0.423,0.2339601769911504,0.89507,0.8913700000000001,0.4936299999999999,0,0.0,0.03,0.48,0.4556,0.0,1.0,0.5062,1.52975992,2.96723229,4.2264409700000005,5.2335518,-0.8475202234999999,-1.6595943170000005,-0.1206557797,-0.3450577153,5.9422083660000045,-10.798211854000003,0.8502481563000011,-2.2443284974999997
65,GLY,0.821,0.4540929203539822,0.93384,0.6735099999999999,0.3134900000000001,0,0.0,0.03,0.48,0.4556,0.0,1.0,0.5062,0.8330981100000001,1.60828929,2.27213068,2.77973604,-0.5937779108500002,-1.1471569018,-0.1063000436199999,-0.30025066822,4.197137236999999,-5.409095615399997,0.7112401063000017,-1.350566953700001
66,GLY,1.135,0.6277654867256637,0.97318,0.61285,0.06015,0,0.0,0.03,0.48,0.4556,0.0,1.0,0.5062,0.83399995,1.6153323899999998,2.2952394,2.83245694,-0.6658657325000001,-1.2926103155,-0.11125274699,-0.31563577195,3.771277983000004,-5.890532596999996,0.5924495117999998,-1.4656583251000006
67,GLY,0.759,0.4198008849557522,0.92392,0.79341,0.25559,0,0.0,0.03,0.48,0.4556,0.0,1.0,0.5062,0.97186589,1.87568868,2.6486589900000004,3.23800277,-0.5143305548000001,-0.99608534876,-0.089189823042,-0.2525227539899999,4.5110088819999925,-5.603897972720001,0.7677130905999993,-1.4135264627799988
68,GLY,0.45,0.2488938053097345,0.82869,0.87035,0.4876500000000001,0,0.0,0.03,0.48,0.4556,0.0,1.0,0.5062,1.53048428,2.9728635700000003,4.244828920000001,5.275232389999999,-0.7282407447499998,-1.4215808232700005,-0.110415886225,-0.3148312472899999,5.938348947999996,-9.250633315319996,0.8819886209000012,-2.052417654730003
69,GLY,0.964,0.5331858407079646,1.03799,0.6029100000000001,0.24109,0,0.0,0.03,0.48,0.4556,0.0,1.0,0.5062,1.2526319700000002,2.43563894,3.48397436,4.341397799999999,-0.70512902186,-1.3666807146000004,-0.1198059157829999,-0.33914049033,4.988429393999992,-7.804805110699984,0.7883441822999998,-1.7871604231599965
70,TYR,0.61,0.1789906103286385,3.0731200000000003,2.02497,0.7730299999999999,2,0.142857142857143,-0.27,0.26,0.3556,0.8063,0.502,0.1605,1.80914339,3.51637365,5.026252110000001,6.25582547,-1.0218200873,-1.9939242045,-0.1561030876,-0.4449848595999999,4.679255724999991,-9.607102210999996,0.7026480794999996,-2.1110034995
71,ASP,1.021,0.3808280492353599,2.08894,1.02275,0.6372500000000001,1,0.2,-0.1,-0.9,0.1111,0.3239,0.8675,1.0,1.53180584,2.983181949999999,4.27867279,5.352408039999999,-0.9604734292599998,-1.87076147425,-0.1504667796799999,-0.427811612365,5.029180687999991,-8.933256287999999,0.7840970403000016,-2.068750778399999
72,ARG,1.874,0.5589024753951685,3.50162,1.08577,0.3932300000000002,1,0.142857142857143,-1.3,-2.5,0.0,0.7346,0.9398,0.6914,1.39135405,2.70265142,3.85913184,4.79622954,-1.34818007955,-2.6199903092,-0.220573277786,-0.6261722539999999,6.598902782,-10.802216138599997,1.0483780826000024,-2.4997252583800016
73,GLY,0.688,0.3805309734513274,0.91834,0.8375700000000001,0.2824299999999999,1,0.0714285714285714,0.03,0.48,0.4556,0.0,1.0,0.5062,1.6705222000000002,3.2501380000000006,4.6536038500000005,5.80659694,-1.3970853306,-2.7271497645,-0.21215426371,-0.60496286954,4.322979998999999,-10.699206829000005,0.6699932260000002,-2.4178861733999994
74,TYR,0.564,0.1654929577464788,2.9147000000000003,2.06149,0.7825099999999998,0,0.0,-0.27,0.26,0.3556,0.8063,0.502,0.1605,1.80851531,3.5114749400000003,5.01020427,6.219293249999999,-1.332403424,-2.590480920000001,-0.21735401506,-0.6175482069999999,4.000081353000005,-8.747689062000006,0.6906894301000015,-2.236414778
75,ASN,0.837,0.3423312883435583,2.18774,1.1988,0.4092,0,0.0,-0.1,-0.78,0.1111,0.3976,0.6747,0.8272,1.53125341,2.97886012,4.26446825,5.31992615,-1.1692168075,-2.2724915693,-0.18999839115,-0.53916242132,6.636964866000009,-10.315974392599982,1.0609123951000006,-2.4538189745400016
76,ASP,0.865,0.3226408056695263,2.05974,1.28195,0.5340500000000001,1,0.125,-0.1,-0.9,0.1111,0.3239,0.8675,1.0,1.39236519,2.71057232,3.88520606,4.855977869999999,-1.2667342661999998,-2.4703607725000003,-0.1941949714,-0.5528480616999999,8.411177603999976,-12.572100513500011,1.278677146999998,-2.897514636300006
77,ASN,1.292,0.5284253578732107,2.33051,0.91598,0.2370199999999998,0,0.0,-0.1,-0.78,0.1111,0.3976,0.6747,0.8272,0.97339329,1.88757694,2.68752564,3.3262477,-1.0099900494,-1.9598338173,-0.1691490211899999,-0.47948382728,7.577485110000027,-15.380227651999975,1.230495501700006,-3.725495226499997
78,ARG,1.17,0.3489412466447956,3.07499,1.69558,0.4874200000000002,2,0.25,-1.3,-2.5,0.0,0.7346,0.9398,0.6914,1.11209301,2.15442636,3.062188330000001,3.78007381,-1.0604772834000002,-2.0654500214,-0.1676516710599999,-0.4770415432,7.418204345999991,-15.102824135999992,1.227563218699998,-3.6474370338
79,ASP,1.552,0.5788884744498322,2.59906,0.8204199999999999,0.3085800000000001,1,0.2,-0.1,-0.9,0.1111,0.3239,0.8675,1.0,1.39256869,2.71216176,3.8904201400000007,4.867869509999999,-1.3088792663,-2.5620872957,-0.1862718254799999,-0.5321519865900001,9.708502226,-19.368828345800008,1.4789516774999922,-4.254520221340001
80,ASP,1.011,0.3770980977247295,2.17958,1.0783999999999998,0.5916000000000003,0,0.0,-0.1,-0.9,0.1111,0.3239,0.8675,1.0,0.97292703,1.88395927,2.67573934,3.29961589,-1.2006165733,-2.3355700491,-0.19170128587,-0.5443223369400001,10.012087795999957,-18.422819571700018,1.6141097536000035,-4.354981279080005
81,ARG,1.945,0.5800775424992544,3.89477,1.00543,0.4025700000000001,0,0.0,-1.3,-2.5,0.0,0.7346,0.9398,0.6914,1.1125456800000002,2.1579551,3.0737419300000006,3.8063567,-1.6593575821000004,-3.2297036067,-0.2650648890100001,-0.7536712659,10.831321746000029,-22.3885165555,1.7991505371000065,-5.447793264999993
82,ASP,1.087,0.4054457292055203,2.44464,1.0930099999999998,0.5009900000000003,0,0.0,-0.1,-0.9,0.1111,0.3239,0.8675,1.0,1.39144147,2.7033532799999995,3.86150172,4.80184089,-2.0322711861,-3.9496805797000007,-0.3323070679999999,-0.94346729761,12.215370110999974,-21.550512626399986,1.936396868499998,-5.244102116599994
83,ASN,0.593,0.2425357873210634,1.98871,1.4563599999999997,0.3956400000000002,0,0.0,-0.1,-0.78,0.1111,0.3976,0.6747,0.8272,1.81009809,3.5238636699999994,5.050946949999999,6.312532700000001,-2.194940656889999,-4.294053109457,-0.3176750826582,-0.907451940858,13.767457149999998,-21.415075191353957,2.015524548699997,-4.691762338505974
84,ARG,2.724,0.8124067998807039,3.96726,0.7666499999999999,-0.1376499999999999,1,0.111111111111111,-1.3,-2.5,0.0,0.7346,0.9398,0.6914,1.1129516700000002,2.161136,3.08421538,3.83036484,-1.33943067115,-2.6127259376,-0.204211690797,-0.5814167832700001,11.543584667999998,-14.04058815725,1.8617349778000023,-3.340771597029996
85,GLY,0.684,0.3783185840707965,0.8972199999999999,0.86297,0.2610300000000001,1,0.142857142857143,0.03,0.48,0.4556,0.0,1.0,0.5062,0.97362893,1.88944318,2.6937399,3.34070585,-1.28453842557,-2.5000673283,-0.20391026821,-0.57939240855,11.818182872000005,-16.03058098869999,1.9035077419000015,-4.05123820129999
86,GLY,0.703,0.3888274336283185,1.02494,0.7746000000000001,0.3303999999999999,1,0.111111111111111,0.03,0.48,0.4556,0.0,1.0,0.5062,1.25224095,2.43257921,3.47391543,4.31838849,-1.78010164727,-3.4766416864999994,-0.26710942811,-0.7619064594999999,11.715896615999991,-14.81271832079998,1.7719515742999936,-3.3294517533200017
87,SER,0.88,0.4044117647058823,1.74457,0.97835,0.3176500000000002,0,0.0,-0.1,-0.18,0.4111,0.1877,0.8514,0.5309,1.53136441,2.97972263,4.26728032,5.3262882,-2.0077051747,-3.922509549349999,-0.2999053111299998,-0.85591776979,12.549870150000062,-13.665603788950012,1.8268651117999983,-2.995204100860001
88,GLY,0.735,0.4065265486725664,0.8603700000000001,0.81497,0.25803,0,0.0,0.03,0.48,0.4556,0.0,1.0,0.5062,1.1126755499999998,2.1589968500000003,3.07725843,3.8146822,-1.5133866616000005,-2.947566536700001,-0.23761333546,-0.6756718388000003,8.99099641,-13.184890069900003,1.4502492483999978,-3.163904820460005
89,GLY,1.142,0.6316371681415929,0.97413,0.632,0.0340000000000001,0,0.0,0.03,0.48,0.4556,0.0,1.0,0.5062,1.11342045,2.16482147,3.0963943,3.85841722,-1.4356429196999998,-2.801008558700001,-0.2180553232239999,-0.6210019374000001,8.685330837999969,-10.901261474199986,1.3218665700999968,-2.455000679140006
90,TYR,0.543,0.1593309859154929,3.29827,2.11592,0.7490799999999997,0,0.0,-0.27,0.26,0.3556,0.8063,0.502,0.1605,1.39102326,2.7000804099999995,3.85073842,4.77721009,-1.5059042141,-2.9335620838000005,-0.2366344026099999,-0.6732866716999997,8.093454080999994,-15.914590164000009,1.2715751930000014,-3.502041614100001
91,GLY,0.814,0.450221238938053,0.9527,0.68138,0.3126200000000001,0,0.0,0.03,0.48,0.4556,0.0,1.0,0.5062,1.39244831,2.71122781,3.88737792,4.86099856,-1.00942784354,-1.9592530421,-0.1667630115099999,-0.47239336936,12.506853698999992,-10.414683937700003,2.158398924400009,-3.017253142000005
92,ARG,1.038,0.3095735162541008,3.38022,1.8909,0.4241000000000001,0,0.0,-1.3,-2.5,0.0,0.7346,0.9398,0.6914,1.5313783100000005,2.97987484,4.26793582,5.32826465,-1.0701389265,-2.0928048506,-0.15507050879,-0.4425709302,8.341947483999995,-12.370775709800006,1.1882577239999954,-2.602946066100001
93,ASP,1.379,0.5143603133159269,2.44993,0.75996,0.5420400000000001,0,0.0,-0.1,-0.9,0.1111,0.3239,0.8675,1.0,0.83371835,1.61312728,2.28798373,2.81583962,-0.5752366815999999,-1.1147062779,-0.09828551457,-0.2782543303999999,9.804053545000016,-10.156725157800008,1.674456209599995,-2.680939308899994
94,ARG,2.363,0.7047420220697882,3.97417,0.76186,0.2281400000000002,1,0.25,-1.3,-2.5,0.0,0.7346,0.9398,0.6914,0.8340310400000001,1.6155650599999998,2.29596594,2.83400027,-0.59430246736,-1.1596056894,-0.0905127673999999,-0.2578852767999999,7.852391756999998,-8.803007470599999,1.2751422277000042,-2.0698330631000017
95,ASN,0.835,0.3415132924335378,2.04224,1.3482500000000002,0.2617499999999997,2,0.222222222222222,-0.1,-0.78,0.1111,0.3976,0.6747,0.8272,0.97285699,1.88341073,2.67393627,3.2954936,-0.6621299491000001,-1.2905690704999997,-0.10268096656,-0.29223786244,7.1060590009999895,-7.78309489359999,1.1519243278999975,-1.8827780416000008
96,TYR,2.358,0.6919014084507042,3.78858,0.74797,0.3020299999999998,3,0.428571428571429,-0.27,0.26,0.3556,0.8063,0.502,0.1605,1.11344564,2.16499927,3.09690971,3.85938199,-1.2536655479000005,-2.4403592874,-0.1990268668199999,-0.5657212045,7.819041854000007,-12.409343254100024,1.2125524130000007,-3.051988584600003
97,GLU,0.758,0.2778592375366568,2.49234,1.50065,0.4693500000000001,1,0.0909090909090909,-0.1,-0.74,0.1111,0.4884,0.8112,0.9136,1.39189807,2.70690915,3.87313283,4.82826771,-1.8277429258999995,-3.5554289929000005,-0.2935654579799999,-0.8339426604599998,10.18009371099999,-15.039076478600029,1.5528194005000029,-3.50585356746
98,ASP,1.491,0.556135770234987,2.45763,0.9296899999999998,0.2603100000000001,1,0.125,-0.1,-0.9,0.1111,0.3239,0.8675,1.0,1.8112926200000004,3.5331989699999995,5.08159769,6.382523829999999,-2.4830717237900006,-4.837813731299999,-0.386707082238,-1.099749813727,16.441114834999937,-18.60911962438002,2.4042717180999884,-4.336689246592004
99,ARG,0.988,0.2946614971667163,3.09947,1.80437,0.5606300000000004,0,0.0,-1.3,-2.5,0.0,0.7346,0.9398,0.6914,2.22692711,4.330061850000001,6.193292910000001,7.715336909999999,-2.4612754744250003,-4.787829504549998,-0.3973859954149999,-1.12940952832,14.338756642000064,-16.052238159560027,2.2672427937999973,-3.863471848466001
100,GLY,0.2,0.1106194690265486,0.6815399999999999,1.08407,0.52393,0,0.0,0.03,0.48,0.4556,0.0,1.0,0.5062,2.50474462,4.86719232,6.95444987,8.651724569999999,-1.3926048421599997,-2.713065212399999,-0.21701481163,-0.6171191849800001,12.931370413999954,-12.665151636799996,1.9730134114999975,-2.9300963198200014
101,TYR,0.652,0.1913145539906103,3.09575,1.89229,0.86371,0,0.0,-0.27,0.26,0.3556,0.8063,0.502,0.1605,2.9242209000000003,5.694045220000002,8.16450745,10.20884039,-1.3003053590000002,-2.54187819556,-0.1904712591969999,-0.54349413762,8.962269597999999,-9.557318870459994,1.363323175099998,-2.139179010319997
102,ASN,0.053,0.0216768916155419,1.6271799999999998,1.65369,0.73831,0,0.0,-0.1,-0.78,0.1111,0.3976,0.6747,0.8272,2.643585210000001,5.135071399999999,7.332248220000001,9.11196536,-1.3626020173180002,-2.636659161782,-0.240666659658,-0.681294228173,9.101690820999982,-8.418607349720004,1.5388603358000017,-2.282111286230005
103,GLY,0.665,0.3678097345132743,0.883,0.8648800000000001,0.2781199999999999,0,0.0,0.03,0.48,0.4556,0.0,1.0,0.5062,2.08749399,4.0575244,5.80011025,7.21969858,-2.466481576140001,-4.79157488885,-0.4071931140759999,-1.1559503757399998,8.837396975000011,-12.778602920800004,1.4082209810999995,-3.151015420859998
104,GLY,0.652,0.3606194690265487,0.7977599999999999,0.94107,0.21493,0,0.0,0.03,0.48,0.4556,0.0,1.0,0.5062,2.22860035,4.34317932,6.2365101,7.814481029999998,-2.631846370070002,-5.1357470417,-0.4001416455510002,-1.1401958537400003,11.561127739999982,-17.869201460400006,1.7223212954000024,-3.96559788728
105,GLY,0.797,0.4408185840707965,0.96853,0.7145999999999999,0.2964000000000002,0,0.0,0.03,0.48,0.4556,0.0,1.0,0.5062,2.08874417,4.06726768,5.83200726,7.292252040000001,-1.8856346950000005,-3.6650588003999993,-0.3070957304,-0.8717450644,14.924654011999984,-16.633589184899996,2.376596483300007,-4.045134939589997
106,GLY,0.197,0.1089601769911504,0.80328,0.99477,0.6162299999999999,0,0.0,0.03,0.48,0.4556,0.0,1.0,0.5062,2.78429068,5.417555789999999,7.758115170000001,9.68232629,-1.5867980696299997,-3.0928788711,-0.2455369564,-0.69866246538,11.277074292000009,-15.12319918030003,1.753451696699998,-3.5925245284499976
107,GLY,0.423,0.2339601769911504,0.8965900000000001,0.8071200000000001,0.57788,0,0.0,0.03,0.48,0.4556,0.0,1.0,0.5062,1.94797918,3.78429448,5.404463130000001,6.71784944,-2.1387809466,-4.1396568438,-0.3754633920199999,-1.0629225988,16.04866740800001,-22.31198847659989,2.6908227485999907,-5.785998002200016
108,GLY,0.261,0.144358407079646,0.7258,1.03614,0.5108600000000001,0,0.0,0.03,0.48,0.4556,0.0,1.0,0.5062,1.94688524,3.77592646,5.3776002400000005,6.658363809999999,-2.22587144046,-4.302877067099996,-0.3957373618769999,-1.11853095039,12.00955377599997,-12.800265843359972,1.9788754933999984,-3.405856820099997
109,GLY,0.457,0.2527654867256637,0.88641,0.97463,0.37637,0,0.0,0.03,0.48,0.4556,0.0,1.0,0.5062,2.09042416,4.08042487,5.875305490000001,7.391429009999999,-3.327921155600001,-6.4919630544499975,-0.5085824132299999,-1.4485652635499997,12.191757215999964,-17.62471830982,1.7968998992000036,-4.018539846114998
110,ASN,0.327,0.1337423312883435,1.81415,1.6510900000000002,0.4669099999999997,0,0.0,-0.1,-0.78,0.1111,0.3976,0.6747,0.8272,1.53098842,2.97679835,4.25773014,5.30463957,-1.8059494562000005,-3.4963103804999998,-0.3133715508199999,-0.8865668343000002,6.946194071999994,-12.099013326999994,1.1502777073999997,-3.1089036897000017
111,ARG,2.107,0.6283924843423799,3.60518,1.2371,0.0089000000000001,0,0.0,-1.3,-2.5,0.0,0.7346,0.9398,0.6914,1.95026634,3.802160929999999,5.46309523,6.8516446,-1.4903441617400004,-2.909601592799999,-0.22499224932,-0.6414668208000002,7.4236924740000125,-9.392899675899985,1.1791595206000012,-2.322403308720004
112,GLY,0.61,0.3373893805309734,0.90104,0.88728,0.31072,1,0.0555555555555556,0.03,0.48,0.4556,0.0,1.0,0.5062,1.8095477100000004,3.51953209,5.036618079999999,6.279483869999999,-1.3962283670600009,-2.713023957326,-0.229630339693,-0.6519869723700001,9.785097725,-10.229997729300022,1.5131646886999983,-2.537594173272
113,TYR,1.189,0.3488849765258216,3.47635,1.67687,0.54213,1,0.0344827586206897,-0.27,0.26,0.3556,0.8063,0.502,0.1605,2.0867274100000004,4.05163414,5.78111225,7.177355709999999,-1.1366134869000002,-2.206570916000001,-0.18958535984,-0.5378486481700001,9.57269716,-11.58720302340001,1.622167521,-2.8288390297400063
114,ASN,1.374,0.5619631901840492,2.42497,0.8750900000000001,0.1959099999999995,1,0.0833333333333333,-0.1,-0.78,0.1111,0.3976,0.6747,0.8272,1.6707772600000002,3.25218473,4.66051365,5.822960259999999,-1.1533222818700004,-2.2350705839,-0.19748858048,-0.5593337048700002,11.598930229999924,-15.113195258299992,1.7338371878000003,-3.626653900220007
115,ASN,0.561,0.2294478527607362,2.08161,1.35883,0.5251699999999999,2,0.111111111111111,-0.1,-0.78,0.1111,0.3976,0.6747,0.8272,1.66908891,3.23897,4.61705093,5.72347912,-1.2059441196099998,-2.346158454870001,-0.1944156868399999,-0.5526767950600001,10.806188693000028,-15.699580502810008,1.681425778500005,-3.6086975906299967
116,ASN,1.405,0.5746421267893661,2.38839,0.81858,0.2214199999999998,0,0.0,-0.1,-0.78,0.1111,0.3976,0.6747,0.8272,1.11284961,2.16032541,3.08150992,3.8240516,-1.227457023,-2.3905330237,-0.19277268163,-0.5480863646100002,8.17494115100001,-12.506020165699985,1.2549542145999948,-2.906819122140001
117,ARG,2.489,0.7423203101699969,3.7577,0.99534,-0.1313399999999996,0,0.0,-1.3,-2.5,0.0,0.7346,0.9398,0.6914,0.8332749700000001,1.60966874,2.27664911,2.7900195400000003,-1.2475818720000005,-2.428507563,-0.1989516682,-0.5657659401999999,6.436978308999983,-12.754263434000002,1.0610932948999994,-3.049454293299994
118,GLY,0.968,0.5353982300884955,1.05077,0.6201099999999999,0.2198900000000001,0,0.0,0.03,0.48,0.4556,0.0,1.0,0.5062,0.97350014,1.88842276,2.69034079,3.33279336,-1.2920241787000002,-2.516467882,-0.2033769187,-0.5785052226999999,7.193295469999987,-11.997267637000004,1.095261370600002,-2.7758482846000003
119,GLY,0.647,0.3578539823008849,0.8917499999999999,0.77661,0.38439,1,0.0625,0.03,0.48,0.4556,0.0,1.0,0.5062,1.39095418,2.69953854,3.84895454,4.773122909999999,-1.1378932937999997,-2.2080855437000007,-0.1904024385,-0.53973695967,10.529362716000016,-13.345286748599973,1.6456817130000037,-3.337437419879996
120,GLY,0.452,0.25,0.72131,0.94005,0.41595,1,0.0416666666666667,0.03,0.48,0.4556,0.0,1.0,0.5062,2.22696773,4.330455929999999,6.194853419999999,7.71971197,-0.8869439928,-1.7312495206999996,-0.1343034611099999,-0.3828180480000001,9.477196739,-9.630586904199998,1.4069129883000024,-2.1522582906
121,GLY,0.253,0.139933628318584,0.75116,1.06878,0.4862200000000001,2,0.0476190476190476,0.03,0.48,0.4556,0.0,1.0,0.5062,2.36379507,4.58272444,6.52181731,8.065152770000001,-0.9154993833,-1.7759948593,-0.1549237040999999,-0.4393503465999998,9.141218250000025,-10.672159392800012,1.5487087837000009,-2.579767699799996
122,GLY,0.18,0.0995575221238938,0.7311700000000001,1.064,0.5640000000000001,0,0.0,0.03,0.48,0.4556,0.0,1.0,0.5062,2.36437628,4.587359969999999,6.53734797,8.101553670000001,-1.5486129052000002,-2.995084106,-0.27289647228,-0.7714862231999998,8.801263590000032,-13.439155506000011,1.369579043100003,-3.186061748900008
123,GLY,0.598,0.3307522123893805,0.89661,0.85258,0.3574199999999999,0,0.0,0.03,0.48,0.4556,0.0,1.0,0.5062,1.52984588,2.96791702,4.2287308,5.238904549999999,-1.540016903846,-2.977483474789999,-0.274533537108,-0.7764129272219998,9.254972671999978,-9.911100113089995,1.593804916699996,-2.628074197269996
124,TYR,1.811,0.5313967136150235,4.13174,1.1662,0.4307999999999998,1,0.166666666666667,-0.27,0.26,0.3556,0.8063,0.502,0.1605,1.25288077,2.43758891,3.49039656,4.35612478,-2.05569489258,-4.00870936957,-0.315309791075,-0.8975334186080001,9.43214060199995,-12.04216051181004,1.441801886299997,-2.7959428430040023
125,ASN,1.197,0.4895705521472393,2.30589,1.11289,0.1351099999999998,1,0.142857142857143,-0.1,-0.78,0.1111,0.3976,0.6747,0.8272,1.3927425700000002,2.7135292,3.89494042,4.878286739999999,-1.5858038713999998,-3.0957508288999995,-0.23886776663,-0.6807753227999999,10.817706329999972,-12.546761305999985,1.5686440051999972,-2.773941089900001
126,ARG,1.908,0.5690426483745898,3.61753,1.1874399999999998,0.2575600000000004,1,0.25,-1.3,-2.5,0.0,0.7346,0.9398,0.6914,0.83396791,1.61507073,2.29433969,2.83027716,-1.2134496542999995,-2.3490510613,-0.2098819540599999,-0.5934877015200002,12.469860375000032,-16.03483362380002,2.129029753800012,-4.107987766419999
127,GLN,0.233,0.0810434782608695,2.26985,1.95563,0.6863699999999997,0,0.0,-0.1,-0.85,0.1111,0.5388,0.7952,0.6914,1.81075933,3.5290304500000005,5.067909760000001,6.3512644,-2.234210686259998,-4.375000764240001,-0.317504465014,-0.907904916316,15.820206961999956,-23.007950271459947,2.253931114699985,-4.844074373990007
128,ASP,0.934,0.3483774710928758,2.14452,1.18084,0.56616,0,0.0,-0.1,-0.9,0.1111,0.3239,0.8675,1.0,1.11311278,2.16240861,3.08844234,3.84016704,-1.7591209134999994,-3.4275388181999995,-0.27330352935,-0.7772172016299997,16.531932455000106,-25.696233358400036,2.6423211337000114,-6.118535894960007
129,ARG,2.432,0.7253206084103787,3.64797,1.05414,-0.1331399999999998,0,0.0,-1.3,-2.5,0.0,0.7346,0.9398,0.6914,1.3922525300000002,2.70968551,3.882270310000001,4.84919954,-1.9678376715999997,-3.8331962198,-0.3079658964499999,-0.8757536122099999,20.98496903600012,-34.26986461689982,3.2293779778999894,-8.06087197532
130,GLY,0.193,0.1067477876106194,0.65036,1.06569,0.54931,0,0.0,0.03,0.48,0.4556,0.0,1.0,0.5062,2.0870566100000003,4.05409862,5.7888332600000005,7.19385705,-1.8514243369,-3.6046718277,-0.29479066876,-0.8386298191,18.424127161000044,-23.57347308779996,2.920472832599996,-5.593298167700014
131,ASP,1.323,0.4934725848563968,2.46485,0.84846,0.5095400000000001,0,0.0,-0.1,-0.9,0.1111,0.3239,0.8675,1.0,1.66913617,3.2394117800000006,4.6187429600000005,5.72807098,-1.9495804405,-3.786226054799998,-0.32209299448,-0.9137020286000002,16.87706880200009,-21.830522061599908,2.776790226599991,-5.480552831299977
132,GLY,0.404,0.2234513274336283,0.63603,0.99256,0.4114399999999998,0,0.0,0.03,0.48,0.4556,0.0,1.0,0.5062,1.80929324,3.5176368000000005,5.030720460000001,6.26701387,-2.05659090924,-4.0051052291,-0.3239310389169998,-0.9212106729699998,16.075194205999964,-22.282196154299992,2.4556068615000064,-5.226930331250002
133,GLY,0.63,0.3484513274336283,0.8394499999999999,0.7693099999999999,0.40869,0,0.0,0.03,0.48,0.4556,0.0,1.0,0.5062,1.95022852,3.801886880000001,5.46227332,6.850010559999999,-2.1590660152,-4.2197533099000015,-0.31708616984,-0.9044881165199998,15.45605091299996,-21.959144288800022,2.2724438436999934,-4.908778007160001
134,SER,0.167,0.0767463235294117,1.1958,1.237,0.7720000000000005,0,0.0,-0.1,-0.18,0.4111,0.1877,0.8514,0.5309,2.50586898,4.87580606,6.982143390000001,8.71317698,-1.7827438403700009,-3.4756178548400003,-0.2770983375720001,-0.7892926586540001,12.579688761999998,-16.18009633580002,1.9165644958000063,-3.631586935460003
135,SER,1.059,0.486672794117647,1.40198,0.87828,0.2387200000000002,0,0.0,-0.1,-0.18,0.4111,0.1877,0.8514,0.5309,1.53195085,2.9843352500000004,4.28253043,5.36143539,-1.732136544214,-3.3523946611500013,-0.3008703605669999,-0.8506845922599999,17.44159710500007,-15.083237835800018,2.735800616899996,-3.773233054780002
136,ASN,0.771,0.3153374233128834,2.0872900000000003,1.28344,0.39056,0,0.0,-0.1,-0.78,0.1111,0.3976,0.6747,0.8272,2.50883688,4.8990278400000005,7.05848337,8.8877907,-2.04548320098,-3.9900312278000016,-0.3116885540119999,-0.88742692144,13.840292262999975,-18.171420014719995,2.0686482286000034,-4.042526504859999
137,PHE,0.563,0.181087166291412,3.16982,1.89039,0.6556100000000005,0,0.0,1.1,1.2,0.8111,0.783,0.0763,0.037,3.0661456899999995,5.986014810000001,8.621364490000001,10.8495004,-2.06572064019,-4.030218984999999,-0.3146497169580002,-0.8962473411140002,12.154997773999971,-14.229192148499974,1.7694146146000007,-3.142646509700001
138,SER,0.672,0.3088235294117647,1.50249,1.09354,0.41046,0,0.0,-0.1,-0.18,0.4111,0.1877,0.8514,0.5309,2.36900507,4.62332084,6.65470148,8.367356829999999,-2.2116637420880005,-4.30621624496,-0.3479173551560002,-0.988701938365,13.361858546000036,-8.522699527804013,2.0513289326000046,-2.0414177621599983
139,ARG,1.048,0.3125559200715777,3.18615,1.85361,0.4513900000000004,0,0.0,-1.3,-2.5,0.0,0.7346,0.9398,0.6914,2.2292695300000003,4.348391470000001,6.2535624400000005,7.853234969999998,-1.55856623043,-3.033119566999998,-0.2491276369899999,-0.7081548348499997,11.827114823000011,-12.543036559599994,1.8312215656000028,-3.047360174000003
140,GLY,0.707,0.3910398230088495,0.92925,0.8679699999999999,0.23303,0,0.0,0.03,0.48,0.4556,0.0,1.0,0.5062,1.67164655,3.25896278,4.682713230000001,5.87348416,-1.4052458017499998,-2.7462315574,-0.2063272791639999,-0.5884173361699999,8.615424422000011,-11.761365412200004,1.2455063232000012,-2.551484879060003
141,GLY,0.947,0.5237831858407079,0.9428,0.7711999999999999,0.0898000000000002,0,0.0,0.03,0.48,0.4556,0.0,1.0,0.5062,0.8340381699999999,1.61561775,2.2961291800000003,2.83434301,-1.1847246287000002,-2.2986980843,-0.198953954066,-0.56401286794,7.493622881000029,-12.081133950000003,1.2612166732999954,-3.096462533500002
142,TYR,2.156,0.6326291079812207,4.03416,1.02171,0.2302899999999996,0,0.0,-0.27,0.26,0.3556,0.8063,0.502,0.1605,0.69461471,1.3431247400000002,1.90297998,2.33843594,-1.173095652678,-2.272094581,-0.2019579191879999,-0.571512332486,8.152613962000006,-15.271913883639996,1.428000583000001,-4.166587930264005
143,ASN,1.085,0.4437627811860941,2.31357,1.1172399999999998,0.2427600000000001,0,0.0,-0.1,-0.78,0.1111,0.3976,0.6747,0.8272,1.2529881100000002,2.43843706,3.493213000000001,4.3626532,-1.5063966432,-2.94767852383,-0.215197550042,-0.61440185953,7.899319892000008,-9.587932271900016,1.209984361400002,-2.204890281589998
144,ASN,1.025,0.4192229038854805,2.41879,0.9833,0.4366999999999998,0,0.0,-0.1,-0.78,0.1111,0.3976,0.6747,0.8272,1.25263105,2.4356313700000003,3.4839477100000007,4.34133229,-1.6280019795999998,-3.166693592799999,-0.2618486106,-0.7438272742400002,7.768575269,-12.043263464599988,1.2967042729999965,-3.15142122198
145,ARG,1.504,0.4485535341485236,3.56001,1.4866899999999998,0.3623100000000003,0,0.0,-1.3,-2.5,0.0,0.7346,0.9398,0.6914,1.53132007,2.97939223,4.2662543,5.32412644,-1.5565495935449998,-3.019654229849999,-0.2618446226999999,-0.74213322262,8.293220385000001,-8.465484785199989,1.2684874552000018,-2.13040952094
146,ASP,0.354,0.1320402834763148,1.90531,1.42766,0.89934,0,0.0,-0.1,-0.9,0.1111,0.3239,0.8675,1.0,2.36617683,4.6012397400000005,6.582275630000001,8.202195799999998,-1.871105811,-3.645897575899999,-0.2919050701199999,-0.8305361529,7.000708627999988,-12.119060231499986,1.0273383848999993,-2.5826566765999965
147,GLU,1.293,0.4739736070381231,2.75809,1.10443,0.3305700000000002,0,0.0,-0.1,-0.74,0.1111,0.4884,0.8112,0.9136,2.5066748200000006,4.882220360000001,7.003599190000001,8.76337277,-1.4479517156000004,-2.812671313700001,-0.23835306689,-0.6763091226000001,8.996539298000005,-14.92272388919999,1.4032429213000046,-3.543734808400002
148,GLY,0.402,0.2223451327433628,0.9161,0.8899600000000001,0.51604,0,0.0,0.03,0.48,0.4556,0.0,1.0,0.5062,2.2258249300000004,4.321606500000001,6.166070319999999,7.654813779999999,-1.3934248613,-2.7014841422,-0.2370203686499999,-0.67151007048,9.567967711000032,-13.842430502000008,1.6451824768000027,-3.652606728700009
149,SER,0.823,0.3782169117647058,1.51577,1.1477100000000002,0.2052899999999999,0,0.0,-0.1,-0.18,0.4111,0.1877,0.8514,0.5309,1.39124067,2.70177026,3.856254470000001,4.789708449999999,-1.7143884152500004,-3.331486335179999,-0.28115118826,-0.798202304184,8.486369704000014,-16.869727482299982,1.3316481099000037,-3.985727876599999
150,ASP,1.48,0.5520328235732935,2.36229,0.8675200000000001,0.33348,0,0.0,-0.1,-0.9,0.1111,0.3239,0.8675,1.0,0.83434674,1.6180381199999998,2.30410691,2.85265564,-1.4599254526,-2.840517699599999,-0.23297196909,-0.6617489647199999,6.133438911999996,-14.71005415480001,0.9136693397000007,-3.2967244409700016
151,ASN,1.252,0.5120654396728017,2.29202,1.04655,0.1464499999999997,0,0.0,-0.1,-0.78,0.1111,0.3976,0.6747,0.8272,0.97349656,1.88840773,2.6903371700000003,3.33292614,-1.2578276803,-2.4605232430000004,-0.1816269176,-0.5185936478,5.308878251999992,-11.454767601999986,0.7830160347999987,-2.357928293499999
152,ARG,1.415,0.4220101401729794,3.53909,1.52049,0.4175100000000002,1,0.111111111111111,-1.3,-2.5,0.0,0.7346,0.9398,0.6914,1.25267041,2.43593688,3.48494302,4.34358163,-1.3697730276000002,-2.6862836533999985,-0.18833403438,-0.53931775351,6.101586015999998,-7.762949364400001,0.8557628983000004,-1.581362517460001
153,GLY,0.876,0.4845132743362831,0.91592,0.75456,0.17744,0,0.0,0.03,0.48,0.4556,0.0,1.0,0.5062,0.5548355,1.06783709,1.50060363,1.82129875,-0.5153202926,-0.991342808,-0.0983113588999999,-0.2768952634,2.073592074999998,-2.406456254,0.3953627345,-0.7371526103999998
154,SER,1.37,0.6295955882352942,1.34428,0.74536,0.06064,0,0.0,-0.1,-0.18,0.4111,0.1877,0.8514,0.5309,0.69455298,1.34264087,1.90138635,2.33478131,-0.606393156,-1.177082542,-0.1013221565,-0.2874064957,2.0837161400000004,-3.468817893000001,0.3142012041,-0.8247754199999997
155,GLY,0.831,0.4596238938053097,1.04331,0.7077899999999999,0.2692100000000001,0,0.0,0.03,0.48,0.4556,0.0,1.0,0.5062,0.83433969,1.61798504,2.30393988,2.85229691,-0.6826235700000001,-1.3355003310000002,-0.0977759637,-0.2790842825,2.553628042,-6.264559738000006,0.3961232616000001,-1.4854198065000004
156,ARG,1.998,0.5958842827318819,3.39436,1.30808,0.0469200000000002,1,0.25,-1.3,-2.5,0.0,0.7346,0.9398,0.6914,0.5548345800000001,1.0678301099999998,1.50058207,1.82125398,-0.5832375770000001,-1.124744369,-0.1077250395,-0.303995906,2.233516395999998,-6.7289933890000055,0.3996972209,-1.7629352479999991
157,SER,1.146,0.5266544117647058,1.40497,0.78334,0.2466600000000002,1,0.25,-0.1,-0.18,0.4111,0.1877,0.8514,0.5309,0.69444742,1.34180695,1.89861605,2.32835501,-0.329713954,-0.6400604600000002,-0.0551168373,-0.1563692494999999,1.7651999480000002,-3.413959227999999,0.2995867129999998,-0.8312574525000005
158,TYR,1.95,0.5721830985915493,3.81907,1.2899,0.1680999999999999,2,0.4,-0.27,0.26,0.3556,0.8063,0.502,0.1605,0.8341835,1.6167610499999998,2.29990936,2.84305692,-0.405553095,-0.79513755,-0.0559218537,-0.160070089,1.4960079660000003,-4.382570905,0.2075294854,-0.881711787
159,ASN,1.648,0.6740286298568507,2.37234,0.90831,-0.1113100000000001,1,0.25,-0.1,-0.78,0.1111,0.3976,0.6747,0.8272,0.5548355,1.06783709,1.50060363,1.82129875,-0.426285769,-0.821557046,-0.079415598,-0.223999538,1.25306218,-3.8001838649999993,0.2307305530000001,-1.0262237769999996
160,ASN,1.333,0.5451942740286299,2.39685,0.98398,0.1280199999999998,1,0.2,-0.1,-0.78,0.1111,0.3976,0.6747,0.8272,0.6944816,1.3420737,1.89949098,2.3303506,-0.467801099,-0.910410359,-0.075026958,-0.213342337,1.843855923,-5.366667893999999,0.3121118733999998,-1.326457899999999
161,ASP,1.073,0.4002237970906378,2.30619,1.0419500000000002,0.5660499999999999,0,0.0,-0.1,-0.9,0.1111,0.3239,0.8675,1.0,0.69459466,1.34296414,1.90243846,2.33715531,-0.4828948566,-0.9363949827,-0.08182125435,-0.2318243403,1.567785471,-2.295200672999999,0.2753138653999999,-0.6315960506999999
162,ARG,2.288,0.6823739934387115,3.95284,0.91381,0.1511900000000003,0,0.0,-1.3,-2.5,0.0,0.7346,0.9398,0.6914,0.6945670899999999,1.34274686,1.90171856,2.33549109,-0.5237026463000001,-1.0081636108999998,-0.09870552639,-0.2780612249399999,1.645519614,-1.0141011089999992,0.2937529437000001,-0.3395102049999998
163,ARG,1.784,0.5320608410378765,3.55267,1.26576,0.3032400000000002,1,0.142857142857143,-1.3,-2.5,0.0,0.7346,0.9398,0.6914,1.25275172,2.43659318,3.4871719,4.348898159999999,-0.6599205235999999,-1.2875444499000004,-0.10071883494,-0.28694579864,4.644777618000007,-7.967084069399984,0.6535655468999996,-1.6534464410000014
164,ASP,1.5,0.5594927265945543,2.55977,0.67655,0.5044500000000001,1,0.142857142857143,-0.1,-0.9,0.1111,0.3239,0.8675,1.0,1.11295323,2.1611457,3.0842402100000004,3.83040084,-0.4118350193,-0.8018570535,-0.06472721997,-0.1839242562,2.594753904,-5.159659882000004,0.3856224048000002,-1.1042771777999998
165,ASN,0.899,0.3676891615541922,2.20203,1.18023,0.3657699999999999,1,0.125,-0.1,-0.78,0.1111,0.3976,0.6747,0.8272,0.97294829,1.88411777,2.6762331400000003,3.30066148,-0.480705726,-0.9410284699,-0.06865499984,-0.1962452033,2.597634197000003,-4.314783994,0.3660656639999999,-0.8750746639999997
166,GLY,1.084,0.5995575221238938,1.07391,0.6180300000000001,0.1059699999999999,0,0.0,0.03,0.48,0.4556,0.0,1.0,0.5062,0.83408715,1.61600682,2.2974288,2.83737934,-0.30476656175,-0.5908206124000001,-0.05142569457,-0.14555112435,1.687492134999999,-2.7491799959999987,0.2781082498,-0.7122376139500001
167,GLY,0.761,0.4209070796460177,0.91268,0.7817600000000001,0.26524,0,0.0,0.03,0.48,0.4556,0.0,1.0,0.5062,0.8330777000000001,1.60812385,2.27156646,2.77838388,-0.3082714969999999,-0.601847257,-0.0466176664,-0.132945615,1.6902132310000009,-3.817383860000001,0.2592661737999999,-0.8636839826000007
168,ASP,1.42,0.5296531145095114,2.53341,0.8231800000000001,0.43782,0,0.0,-0.1,-0.9,0.1111,0.3239,0.8675,1.0,0.8341677000000001,1.61663195,2.29946538,2.8419800199999994,-0.22503672354,-0.4415487124,-0.0305058879799999,-0.0873873929399999,1.6930151439999994,-3.470799356899998,0.2338005144,-0.6970763332000005
169,GLY,1.293,0.7151548672566371,1.30536,0.46708,0.0479200000000001,0,0.0,0.03,0.48,0.4556,0.0,1.0,0.5062,0.55648156,1.08063567,1.54241082,1.91612422,-0.134488018,-0.2596158263,-0.02426378257,-0.06846590424,3.0607835879999983,-2.1269972714999987,0.5049490344000002,-0.5617127379800001
