2,MET,2.794,0.9369550637156272,3.06469,0.44775,-0.2597499999999998,0,0.0,0.8,0.64,0.7111,0.6196,0.0,0.0988,0.2774348399999999,0.53405192,0.75073928,0.91164717,-0.288170539,-0.5556721450000001,-0.053277814,-0.150332739,0.391314645,-1.1406714099999995,0.0740201675,-0.3185107659999999
3,GLU,1.88,0.689149560117302,2.64137,0.93021,-0.0822099999999996,0,0.0,-0.1,-0.74,0.1111,0.4884,0.8112,0.9136,0.55518006,1.07053891,1.50950597,1.84172323,-0.256603045,-0.499811053,-0.0402821296,-0.1145622719999999,0.431970114,-0.7799576090000001,0.069263562,-0.184172645
4,SER,0.869,0.3993566176470587,1.45087,1.0339,0.2731000000000001,1,0.25,-0.1,-0.18,0.4111,0.1877,0.8514,0.5309,0.69437601,1.34126185,1.89687251,2.32451707,-0.198413513,-0.385088805,-0.0331853691,-0.094114059,0.6283708800000001,-0.983040459,0.0995796384,-0.2422107518999999
5,ASN,1.849,0.7562372188139059,2.6610700000000005,0.66428,-0.0682800000000001,1,0.25,-0.1,-0.78,0.1111,0.3976,0.6747,0.8272,0.6944304499999999,1.34167994,1.8982188,2.32750914,-0.301501977,-0.584548453,-0.0510401391,-0.1445403323999999,0.510121804,-0.8411967020000001,0.0849903753999999,-0.2072604323999999
6,GLN,1.366,0.4751304347826087,2.77862,1.2713,0.2377,2,0.4,-0.1,-0.85,0.1111,0.5388,0.7952,0.6914,0.83346672,1.61115571,2.28149147,2.8009561200000004,-0.3357757935,-0.6544333990000001,-0.05262975477,-0.1499083166,0.3919421859999999,-0.652485926,0.0691864606,-0.1521739007999999
7,SER,1.304,0.5992647058823529,1.69707,0.6904,0.1816000000000001,1,0.25,-0.1,-0.18,0.4111,0.1877,0.8514,0.5309,0.8341067,1.6161640199999998,2.29796074,2.83864283,-0.512336067,-0.9957195960000002,-0.0831018544999999,-0.2357587355,0.392603896,-1.2160860000000002,0.0635637528,-0.287489897
8,ASN,1.203,0.4920245398773006,2.37561,0.9914,0.2505999999999998,2,0.5,-0.1,-0.78,0.1111,0.3976,0.6747,0.8272,0.83362398,1.61240044,2.28563316,2.8105830000000003,-0.466372419,-0.906952771,-0.0752342305,-0.2136657145,0.5103351490000002,-1.3435361,0.0826924719999999,-0.3133963019999999
9,ASN,1.703,0.6965235173824131,2.5442400000000003,0.74088,0.0011199999999997,1,0.2,-0.1,-0.78,0.1111,0.3976,0.6747,0.8272,0.8340124600000001,1.6154147399999998,2.29545433,2.83277664,-0.351677584,-0.687277754,-0.0521112863,-0.1487317192999999,0.353716878,-0.4968835809999999,0.0543756950999999,-0.1114702547999999
10,GLY,0.479,0.2649336283185841,0.93984,0.81203,0.5169700000000002,1,0.25,0.03,0.48,0.4556,0.0,1.0,0.5062,0.6941705,1.33965871,1.89161859,2.31254944,-0.3717298112,-0.7180580464,-0.06705558228,-0.189484208,0.4300426899999999,-0.816725632,0.0846408524999999,-0.23798098
11,GLY,0.931,0.5149336283185841,0.98987,0.63639,0.24061,0,0.0,0.03,0.48,0.4556,0.0,1.0,0.5062,0.83430285,1.6176885199999995,2.30293395,2.84989945,-0.402510622,-0.784178187,-0.0626135609,-0.1780206733,0.549493915,-1.009806232,0.0898841106,-0.2417406934
12,SER,1.134,0.5211397058823528,1.6932900000000002,0.8147800000000001,0.2272200000000002,0,0.0,-0.1,-0.18,0.4111,0.1877,0.8514,0.5309,0.8339665399999999,1.6150599,2.29430471,2.83019876,-0.535415503,-1.04496263,-0.0811130762,-0.23114278,0.6286873299999999,-1.680445265,0.0977903212,-0.378997387
13,GLY,0.758,0.4192477876106195,0.84941,0.7992600000000001,0.2507399999999999,0,0.0,0.03,0.48,0.4556,0.0,1.0,0.5062,0.55493656,1.06862682,1.50319607,1.82721762,-0.524234216,-1.01308045,-0.0939608723,-0.265580996,0.7443611529999998,-2.1864897940000003,0.134193436,-0.5789004939999999
14,ASN,1.708,0.6985685071574642,2.44523,0.8216300000000001,-0.0846300000000002,0,0.0,-0.1,-0.78,0.1111,0.3976,0.6747,0.8272,0.69447026,1.34198903,1.89922661,2.32978878,-0.5078561589999999,-0.985194959,-0.0854763777,-0.242256018,1.098684904,-2.8987432700000006,0.1840822253999999,-0.724688526
15,ALA,0.817,0.3745988078862907,1.30231,0.77269,0.5913100000000001,0,0.0,0.77,0.62,0.7,0.1645,0.249,0.3951,0.8340174200000001,1.6154628,2.29564623,2.83331995,-0.266003936,-0.51736143,-0.0425551316,-0.1207956413999999,1.5697978989999994,-2.9096216269999995,0.2579268539,-0.7003061329999999
16,ALA,1.022,0.4685923888124713,1.31894,0.7459899999999999,0.4130100000000001,0,0.0,0.77,0.62,0.7,0.1645,0.249,0.3951,0.69456048,1.34269739,1.90156353,2.33515972,-0.444853759,-0.863127845,-0.0743819757,-0.210769012,1.1788698919999998,-3.333242561,0.1822498011,-0.7465182159999995
17,LEU,1.82,0.6847253574115877,2.50947,0.84965,-0.0116500000000001,1,0.333333333333333,1.4,1.1,0.9222,0.663,0.2811,0.0,0.55459025,1.06592455,1.49433939,1.80704164,-0.398622725,-0.770357696,-0.0718634305,-0.203268089,1.1352603910000003,-3.072518818000002,0.212192571,-0.826509741
18,ASN,1.676,0.685480572597137,2.45,0.8276300000000001,-0.0586300000000001,1,0.333333333333333,-0.1,-0.78,0.1111,0.3976,0.6747,0.8272,0.69464741,1.34338097,1.90382256,2.34036363,-0.557009594,-1.087304976,-0.0841186334,-0.239758819,2.0020729980000027,-5.215050726000003,0.3282708492,-1.2338043129999994
19,ARG,2.394,0.7139874739039666,3.87323,0.8883700000000001,0.0706299999999999,1,0.333333333333333,-1.3,-2.5,0.0,0.7346,0.9398,0.6914,0.69449076,1.34215343,1.89978129,2.33110186,-0.8455175799999999,-1.6361946660000002,-0.1480339431,-0.4187495189999999,2.740926850000003,-7.257554988000002,0.5037207984999998,-1.9840495220000012
20,GLY,0.811,0.4485619469026549,0.91214,0.7979400000000001,0.1990599999999999,0,0.0,0.03,0.48,0.4556,0.0,1.0,0.5062,0.97386086,1.89124308,2.69960438,3.35395843,-0.9295888571,-1.8006841252000003,-0.15996969525,-0.4527903864699999,4.556802346,-5.963824406600005,0.7126446497999999,-1.498815504949999
21,GLY,0.788,0.4358407079646018,0.90466,0.8136,0.2064,0,0.0,0.03,0.48,0.4556,0.0,1.0,0.5062,1.3917084699999998,2.70543432,3.868316170000001,4.81734887,-0.8944191398000001,-1.7433707729999997,-0.13809120004,-0.3928611539999999,3.261382937000001,-6.244266865,0.5034547611999995,-1.4414216605999992
22,ARG,1.453,0.4333432746793916,3.34961,1.60326,0.2967400000000002,0,0.0,-1.3,-2.5,0.0,0.7346,0.9398,0.6914,1.5296712099999998,2.96654031,4.22417623,5.22840675,-1.0841557889999998,-2.11389929,-0.1660985098999999,-0.4726208748,2.277445307000001,-5.893487066000002,0.3656412563999999,-1.3895323190000004
23,TYR,0.891,0.261443661971831,3.38448,1.83327,0.6837299999999997,0,0.0,-0.27,0.26,0.3556,0.8063,0.502,0.1605,1.6689774100000003,3.23811127,4.61427117,5.717250180000001,-0.8565323045,-1.6716388704999998,-0.13042503267,-0.3718084205,1.803585050999999,-2.7585848428,0.3128749939999999,-0.6715240415000001
24,VAL,1.499,0.615605749486653,2.13679,0.70977,0.2262299999999999,0,0.0,1.6,1.1,0.9667,0.4924,0.3655,0.1235,1.67193958,3.2612670399999995,4.69032956,5.89103244,-0.8584275188999999,-1.6686360923,-0.13875273915,-0.3936752832699999,1.6513088350000005,-1.4734582223999997,0.2455632265000001,-0.3763455277100001
25,PRO,1.099,0.4928251121076233,1.7911,1.00643,0.12457,0,0.0,-0.37,0.12,0.3222,0.3764,0.8594,0.3827,1.39256981,2.71218176,3.89052496,4.868230029999999,-1.0627678429599998,-2.0640367265,-0.1749086793599999,-0.49604823236,2.633173752000002,-2.203820744599999,0.4017243666000006,-0.6184581366600005
26,PRO,0.915,0.4103139013452915,1.80145,1.21053,0.10447,1,0.2,-0.37,0.12,0.3222,0.3764,0.8594,0.3827,1.2529668900000002,2.43827877,3.4927204400000003,4.36161287,-1.0370749890000002,-2.0185809747000003,-0.1648648252,-0.4686039822799998,1.8450518049999995,-3.2996841270000004,0.2989036191999999,-0.8047766608999997
27,HIS,1.822,0.6589511754068716,3.2314100000000003,0.8936900000000001,0.0493099999999999,1,0.25,-0.91,-0.4,0.1444,0.561,0.1124,0.679,0.97371428,1.89010224,2.69587533,3.34549399,-1.288114027,-2.500877802,-0.21286458299,-0.6034434075999998,1.4542258359999995,-3.6333130888,0.2225725273999999,-0.8313217320000001
28,LEU,0.838,0.3152746425884123,2.45274,1.44629,0.37371,1,0.111111111111111,1.4,1.1,0.9222,0.663,0.2811,0.0,1.39175881,2.70581167,3.86949549,4.81985672,-0.6351480357999999,-1.2367768925999996,-0.1000833134999999,-0.2845295855399999,2.2789813449999983,-5.482974502000004,0.3540672677999996,-1.2452108174999994
29,ARG,1.935,0.5770951386817775,3.79505,1.2118000000000002,0.2061999999999999,0,0.0,-1.3,-2.5,0.0,0.7346,0.9398,0.6914,1.39229803,2.7100363199999995,3.8834052899999993,4.85173871,-0.5169404274599999,-1.0063306709,-0.0812836948699999,-0.23088690123,1.5719268540000002,-3.7701272838000026,0.2411437569000001,-0.8713815980199997
30,GLY,0.518,0.286504424778761,0.90641,0.80431,0.48569,0,0.0,0.03,0.48,0.4556,0.0,1.0,0.5062,0.97359558,1.88916908,2.69279229,3.3383943500000006,-0.3105800506,-0.6029316210000002,-0.0517885778,-0.1469067996999999,2.0798245239999997,-3.1571040182000005,0.3442051379999998,-0.7864260648000004
31,GLY,0.78,0.4314159292035398,1.00757,0.6729299999999999,0.3550700000000001,0,0.0,0.03,0.48,0.4556,0.0,1.0,0.5062,0.8341493200000001,1.6164942999999998,2.29903443,2.84106133,-0.4346511042,-0.8466625377000001,-0.06793469498,-0.19316455452,2.5122823199999997,-5.6353234594,0.4101699467999999,-1.35021471669
32,ASP,1.336,0.4983215218202163,2.45146,1.02128,0.32372,0,0.0,-0.1,-0.9,0.1111,0.3239,0.8675,1.0,0.8339502299999999,1.61492682,2.29384563,2.82908151,-0.3514549094,-0.6851802597,-0.05430880355,-0.1545898862,2.985179972000002,-4.4632969222000005,0.4742974868,-0.9956171421999992
33,GLY,0.957,0.5293141592920354,0.9527,0.7328899999999999,0.1181100000000001,0,0.0,0.03,0.48,0.4556,0.0,1.0,0.5062,0.97337235,1.88740956,2.68696423,3.32492875,-0.2902799977,-0.5677372777,-0.04244578095,-0.1212636154,3.223113582000005,-3.7562229819000033,0.4936390661999997,-0.7955308032000001
34,GLY,0.854,0.4723451327433628,1.01439,0.72515,0.2288500000000001,0,0.0,0.03,0.48,0.4556,0.0,1.0,0.5062,1.11358068,2.16606449,3.10044237,3.86755861,-0.407788572,-0.791249773,-0.0680057684,-0.1926692483999999,2.5944250579999992,-4.530360095,0.3909949032999998,-1.0980519690000008
35,ALA,1.113,0.5103163686382394,1.22142,0.8685,0.1995,0,0.0,0.77,0.62,0.7,0.1645,0.249,0.3951,1.11315575,2.16272879,3.08943831,3.8422708,-0.3568547379,-0.6977982127,-0.05233807663,-0.14948102736,2.674558864000003,-2.0745696914,0.3965023132,-0.4565236031
36,ALA,0.877,0.4021091242549289,1.14591,0.85275,0.45125,0,0.0,0.77,0.62,0.7,0.1645,0.249,0.3951,0.97350143,1.88841952,2.6902823600000003,3.33251336,-0.40403521525,-0.7776558389,-0.0767619861,-0.21634053406,2.626428973999998,-2.0612668230000004,0.4574212354000002,-0.6560810207999997
37,ALA,0.936,0.4291609353507565,1.20051,0.83888,0.4061200000000001,0,0.0,0.77,0.62,0.7,0.1645,0.249,0.3951,1.25302672,2.43872678,3.49412009,4.36458898,-0.7332178232000001,-1.4254431151,-0.1184509651499999,-0.33615605962,2.4798778420000005,-3.5668049749999984,0.3450249044000003,-0.7393670342999997
38,ALA,0.795,0.3645116918844567,1.31031,0.84024,0.5457600000000001,0,0.0,0.77,0.62,0.7,0.1645,0.249,0.3951,0.97367825,1.88982159,2.69495763,3.3434102400000003,-0.8663073495,-1.691080994,-0.1305871349099999,-0.37215027416,2.5558442290000043,-3.628424022000001,0.3812796295000006,-0.7757915053000001
39,ALA,1.018,0.4667583677212288,1.28232,0.7366199999999999,0.4263800000000001,0,0.0,0.77,0.62,0.7,0.1645,0.249,0.3951,0.5548677799999999,1.06808987,1.50143541,1.82320426,-0.8611039854,-1.6591786105000002,-0.1609118077,-0.4537858745999999,3.014555107999999,-5.409902886499999,0.5602644842000006,-1.5211509812000004
40,SER,0.879,0.4039522058823529,1.4867,0.95624,0.3407600000000003,0,0.0,-0.1,-0.18,0.4111,0.1877,0.8514,0.5309,1.25261874,2.43554022,3.4836661800000006,4.34074341,-0.92239228686,-1.7952120619999998,-0.14718190493,-0.418391532,3.257848745999999,-3.954707305,0.5346585643000006,-1.0103359186899998
41,ALA,0.947,0.4342044933516735,1.25155,0.82348,0.41052,0,0.0,0.77,0.62,0.7,0.1645,0.249,0.3951,1.5321333,2.9857654200000003,4.28724245,5.37224742,-0.5286203057839999,-1.0284913778700002,-0.083809134904,-0.237894657817,4.125639865000001,-3.406658385779997,0.6383881553000007,-0.8642026466680002
42,GLY,0.556,0.3075221238938053,0.94564,0.90488,0.34712,0,0.0,0.03,0.48,0.4556,0.0,1.0,0.5062,1.52945454,2.96486749,4.21875,5.21621259,-0.806814893,-1.5717679719999995,-0.1261651615,-0.358843867,2.630677746,-3.833963399,0.4275479088,-0.8881038127000002
43,GLY,0.544,0.3008849557522124,0.85324,0.87634,0.38766,0,0.0,0.03,0.48,0.4556,0.0,1.0,0.5062,1.11157253,2.15036634,3.04888404,3.74977479,-0.8608839108999999,-1.6689327753999996,-0.14695625574,-0.4164278009,3.448280152,-4.8415721208,0.6177479304999999,-1.2703425841000011
44,ASP,1.001,0.3733681462140992,2.31463,1.01008,0.6699200000000001,0,0.0,-0.1,-0.9,0.1111,0.3239,0.8675,1.0,1.25189218,2.42985955,3.46500541,4.29810305,-1.1964878463,-2.3293180159999998,-0.1900079758,-0.5402774321000001,3.300502950000002,-6.592125432999999,0.5151224319,-1.5021045101999988
45,ASP,0.684,0.2551286833271167,1.96546,1.3140200000000002,0.6829799999999997,0,0.0,-0.1,-0.9,0.1111,0.3239,0.8675,1.0,1.3920394500000002,2.70801102,3.87673984,4.836471209999999,-1.2524487547,-2.4396853516,-0.19585124618,-0.5569138135599999,4.166675642,-5.724272601899999,0.6342192853999996,-1.3344337118199994
46,ARG,2.245,0.669549657023561,3.88296,0.88324,0.22476,1,0.125,-1.3,-2.5,0.0,0.7346,0.9398,0.6914,1.25270192,2.43619512,3.48583268,4.34574199,-0.9314155409939998,-1.8099271401400003,-0.151998917011,-0.431302804437,4.085421180999999,-5.040527632880002,0.6406278201000007,-1.2139144217439986
47,ARG,2.284,0.6811810319117207,3.90332,0.99547,0.0735300000000004,0,0.0,-1.3,-2.5,0.0,0.7346,0.9398,0.6914,0.97294614,1.88407575,2.6760065,3.29987022,-0.7180962906000002,-1.3896424394000002,-0.1264172536399999,-0.35781889265,3.174939224999995,-5.980104363399999,0.5605620986000005,-1.4973533388599998
48,GLY,0.423,0.2339601769911504,0.85869,0.9377100000000002,0.4472899999999998,1,0.0714285714285714,0.03,0.48,0.4556,0.0,1.0,0.5062,1.2501124300000002,2.41606614,3.42010844,4.196767199999999,-0.7000682919999999,-1.3711444739999998,-0.0984668256,-0.2815048966999999,3.1089064720000006,-7.638856439000002,0.4409760960000005,-1.6105929202000009
49,GLY,0.821,0.4540929203539822,0.95646,0.65666,0.3303400000000001,1,0.111111111111111,0.03,0.48,0.4556,0.0,1.0,0.5062,0.97270627,1.88221552,2.6699500300000003,3.2862000300000003,-0.494428273,-0.96323671,-0.0772247865,-0.2196465746,2.629689982000001,-5.672111855999996,0.4325210193999996,-1.3379790182000002
50,ALA,1.042,0.4777624942686841,1.40644,0.6109500000000001,0.5280499999999999,1,0.2,0.77,0.62,0.7,0.1645,0.249,0.3951,0.83345354,1.6110715400000002,2.28128092,2.80067732,-0.514143859,-0.9971698117,-0.0869065322999999,-0.2463001574999999,3.609409960000004,-7.33544123,0.6069908244000006,-1.821776299999999
51,GLY,0.971,0.5370575221238938,0.97473,0.68582,0.1511800000000001,1,0.111111111111111,0.03,0.48,0.4556,0.0,1.0,0.5062,0.8332654300000001,1.60956926,2.27623573,2.78881017,-0.4693533466999999,-0.909473053,-0.0809433516,-0.2293433275,3.646925599000002,-5.741685028999995,0.6312497410000006,-1.4601981956999992
52,GLY,0.462,0.2555309734513274,0.78251,0.97377,0.37223,1,0.0666666666666667,0.03,0.48,0.4556,0.0,1.0,0.5062,1.11053946,2.14237608,3.02292789,3.69134157,-0.490062959,-0.952806189,-0.0797011338,-0.2263801569999999,2.4309316369999983,-5.511897197000001,0.4218137377000002,-1.3859160801999988
53,GLY,0.816,0.4513274336283185,0.95009,0.70639,0.2856100000000001,1,0.0833333333333333,0.03,0.48,0.4556,0.0,1.0,0.5062,1.2517613,2.42881198,3.4614783000000005,4.28977842,-0.427778532,-0.8299962589000001,-0.07226411859,-0.20496559244,2.5498320640000016,-3.671637640699999,0.4345487732999997,-0.9385203977200002
54,GLY,0.778,0.4303097345132743,0.94164,0.7868499999999998,0.2431500000000002,0,0.0,0.03,0.48,0.4556,0.0,1.0,0.5062,0.973621,1.88936008,2.69339169,3.33967749,-0.7284186882,-1.4094642875,-0.12728930401,-0.3599208788900001,4.276586297999992,-5.264992498599995,0.7146883264000005,-1.3705942023999995
55,TYR,0.81,0.2376760563380281,3.4463600000000003,1.90055,0.6974499999999997,0,0.0,-0.27,0.26,0.3556,0.8063,0.502,0.1605,0.9739070600000002,1.89161055,2.70083517,3.35684344,-1.2858259903600002,-2.4995146465400007,-0.2094709639969999,-0.5948125183700002,5.15143512799999,-9.138404758500004,0.7595903116000001,-2.11856760166
56,ARG,2.592,0.7730390694900089,4.017250000000001,0.74398,0.0170200000000001,0,0.0,-1.3,-2.5,0.0,0.7346,0.9398,0.6914,0.5550015500000001,1.06913566,1.5048700300000002,1.83104922,-0.918964995,-1.7695006719999995,-0.1727926236999999,-0.4869011249,2.700549667000001,-5.179366933999998,0.5061252499999997,-1.4107558296999994
57,ARG,1.459,0.4351327169698777,3.4369,1.69992,0.19408,0,0.0,-1.3,-2.5,0.0,0.7346,0.9398,0.6914,1.39224717,2.70963289,3.88205858,4.8485965,-1.2844875158699998,-2.514363979560001,-0.18367061864,-0.5249527112700001,2.200770959999997,-2.894325284,0.3399222909999997,-0.6526390996000003
58,GLY,0.552,0.3053097345132743,0.94959,0.9004699999999999,0.3555300000000001,0,0.0,0.03,0.48,0.4556,0.0,1.0,0.5062,0.9728266,1.88313533,2.6728980900000003,3.29271003,-1.09401673613,-2.1210596287000003,-0.1875393262699999,-0.5317499338400001,2.2760662760000008,-3.386942229099999,0.3794548144,-0.8849224110000001
59,GLY,0.993,0.5492256637168141,0.93574,0.66988,0.14512,0,0.0,0.03,0.48,0.4556,0.0,1.0,0.5062,1.25290164,2.43775699,3.49096426,4.35746983,-0.8678420583999995,-1.6828859959,-0.14673117662,-0.41566254777,2.002772523,-2.9650784861000017,0.3221297041999997,-0.7506202161799993
60,GLY,0.379,0.2096238938053097,0.75802,0.8928599999999999,0.5361400000000002,1,0.0416666666666667,0.03,0.48,0.4556,0.0,1.0,0.5062,1.80904446,3.51558834,5.0236295900000005,6.24970084,-0.66976856804,-1.30356597653,-0.107545053714,-0.30591660275,1.7676772219999994,-3.2038351386,0.2805040127000001,-0.7243504982999999
61,ASN,0.825,0.3374233128834356,2.1023300000000003,1.2632,0.3568,2,0.1,-0.1,-0.78,0.1111,0.3976,0.6747,0.8272,2.08857632,4.06595377,5.82768651,7.282365749999999,-0.5052902770000001,-0.9836762107,-0.08032378676,-0.2284105821,1.849531954,-3.900240154799999,0.2642173381999999,-0.8310038884000005
62,SER,0.885,0.4067095588235294,1.47774,0.95837,0.3326300000000001,1,0.0666666666666667,-0.1,-0.18,0.4111,0.1877,0.8514,0.5309,1.94959754,3.79694512,5.4460095,6.81275252,-0.470998413,-0.9116048217,-0.0814327958499999,-0.2301556467499999,2.4351227759999974,-3.018566571400001,0.3841660074,-0.7545222294499999
63,GLY,0.764,0.4225663716814159,0.96699,0.85141,0.19259,0,0.0,0.03,0.48,0.4556,0.0,1.0,0.5062,1.3919494600000002,2.7073301300000003,3.8745826,4.83178561,-0.6793986178999999,-1.3138671425,-0.12036652473,-0.3403950866,2.7885771729999966,-3.568585174000001,0.4420721114,-0.9311229903000002
64,GLY,0.96,0.5309734513274336,1.03301,0.58997,0.2580300000000001,0,0.0,0.03,0.48,0.4556,0.0,1.0,0.5062,0.97399494,1.89230133,2.70311694,3.36209694,-0.8553159404299998,-1.6685111300999995,-0.13024457927,-0.3708666475699999,1.965848874,-4.35495584,0.2934584996000001,-0.9696026136
65,GLY,0.559,0.3091814159292035,0.90948,0.84094,0.4080600000000001,0,0.0,0.03,0.48,0.4556,0.0,1.0,0.5062,0.83346184,1.61110713,2.28129538,2.8003951700000003,-0.4830507240999999,-0.9426158144,-0.0740351480399999,-0.2111012048,2.0410357479999988,-2.717407433599999,0.3375940661999999,-0.6198751409999999
66,GLY,0.946,0.5232300884955752,0.91789,0.74284,0.1191600000000001,0,0.0,0.03,0.48,0.4556,0.0,1.0,0.5062,0.97321095,1.88616079,2.68290541,3.31578717,-0.27769474808,-0.5417349118,-0.04252755471,-0.12117397478,2.2018067580000023,-1.4821934436000013,0.3323760438000004,-0.33609840716
67,GLY,0.888,0.4911504424778761,1.01851,0.62342,0.29658,0,0.0,0.03,0.48,0.4556,0.0,1.0,0.5062,0.97408519,1.89300948,2.7054527100000003,3.3674636,-0.2710602135,-0.5172582354,-0.05755154258,-0.1613243926499999,2.1995555959999997,-1.7754068396,0.3446765807999997,-0.5367763553999999
68,GLY,0.663,0.3667035398230088,0.92759,0.8162,0.3288,0,0.0,0.03,0.48,0.4556,0.0,1.0,0.5062,1.53061468,2.9738700500000004,4.248088350000001,5.28253576,-0.7904301524999999,-1.5405949105,-0.1236529672199999,-0.35215408508,2.987415666999996,-5.402959208,0.4586642859000001,-1.2231194693399996
69,GLY,0.949,0.5248893805309734,0.9227,0.7442599999999999,0.1147400000000001,0,0.0,0.03,0.48,0.4556,0.0,1.0,0.5062,1.2525933400000002,2.43532704,3.4829132200000004,4.338861049999999,-0.6646108833999999,-1.2861099377999996,-0.11589528963,-0.32769051793,3.29639423,-4.484643456199997,0.5478568291000001,-1.1548809770999997
70,TYR,0.64,0.1877934272300469,3.14087,2.03269,0.7353099999999997,3,0.176470588235294,-0.27,0.26,0.3556,0.8063,0.502,0.1605,1.52990074,2.96830809,4.22988895,5.24117118,-0.9697239692999998,-1.8855942613,-0.15797895043,-0.4489428825299999,2.0045373599999987,-4.0747958016000005,0.3092721775000002,-0.9149342812
71,ASP,1.446,0.5393509884371502,2.27072,0.90003,0.3349700000000001,1,0.125,-0.1,-0.9,0.1111,0.3239,0.8675,1.0,1.11301437,2.16160481,3.08567867,3.8334715,-1.1653171851,-2.2662060695,-0.18844779147,-0.5352683983000001,1.9242227120000008,-3.3515245330000005,0.3084943502999999,-0.8170032997000001
72,ARG,2.199,0.6558305994631672,3.73048,0.86642,0.2875800000000004,1,0.111111111111111,-1.3,-2.5,0.0,0.7346,0.9398,0.6914,1.2524218,2.43399946,3.47860147,4.329159590000001,-1.22734171768,-2.3918420378600005,-0.19011980593,-0.5407790243599999,2.006225505000001,-3.9193881747200017,0.2913201972999997,-0.8230991609199999
73,GLY,0.681,0.3766592920353983,0.94594,0.78734,0.3396599999999999,1,0.0625,0.03,0.48,0.4556,0.0,1.0,0.5062,1.5308433099999998,2.97564565,4.25387893,5.29563861,-0.8784102331999999,-1.7141796240999998,-0.13461573067,-0.38388198828,1.96438242,-4.210429353000002,0.3089315606999997,-0.933114896
74,TYR,0.739,0.2168427230046948,3.3471100000000003,1.95508,0.7139199999999999,1,0.05,-0.27,0.26,0.3556,0.8063,0.502,0.1605,1.80918286,3.5166785900000006,5.027242200000002,6.25805367,-1.18528177,-2.314351733,-0.1788817949399999,-0.5102182014000001,2.634028112000001,-5.150812397999999,0.3997338288000001,-1.1589791685999993
75,ASN,1.296,0.5300613496932516,2.5658800000000004,0.93425,0.2147499999999997,0,0.0,-0.1,-0.78,0.1111,0.3976,0.6747,0.8272,0.97330892,1.88692404,2.68540512,3.3214767099999998,-0.96485876894,-1.8633452513,-0.17326727997,-0.4891140831999999,3.2926154239999983,-3.865425201299999,0.5789411354000008,-1.0427677559600002
76,ASP,0.8,0.2983961208504289,1.97049,1.3909399999999998,0.4900600000000001,0,0.0,-0.1,-0.9,0.1111,0.3239,0.8675,1.0,1.39230844,2.71013521,3.88379288,4.852819679999999,-0.8693282566,-1.6908763971999998,-0.1405433100299999,-0.39940379269,4.642020677999997,-5.045986982000004,0.6699961029999993,-1.1145209735499984
77,ASN,0.605,0.2474437627811861,2.15993,1.35445,0.4855499999999999,0,0.0,-0.1,-0.78,0.1111,0.3976,0.6747,0.8272,1.1126045,2.15842625,3.0753323100000003,3.81012395,-0.8815309548999999,-1.7165885440000004,-0.1383155025999999,-0.3930945778,5.298458088999998,-9.043082488999978,0.8791143133000012,-2.196175579400001
78,ARG,1.371,0.4088875633760811,3.17703,1.5110899999999998,0.4709100000000004,0,0.0,-1.3,-2.5,0.0,0.7346,0.9398,0.6914,0.9732347,1.88635075,2.6835448,3.31729568,-0.8267221029999998,-1.6051892995,-0.1374180785199999,-0.38983772198,6.434831837000003,-14.998416643000004,1.0781249084000002,-3.730148657619997
79,ASP,1.711,0.6381947034688549,2.24798,0.70106,0.2689399999999999,0,0.0,-0.1,-0.9,0.1111,0.3239,0.8675,1.0,0.8338627900000001,1.61426233,2.29173219,2.82446689,-0.8061490242,-1.5707734435,-0.1249678768,-0.3553464829,6.20451124799998,-13.359512178100015,0.9896749770000004,-3.0483469588999936
80,ASP,0.891,0.3323386795971652,1.99371,1.11355,0.67645,0,0.0,-0.1,-0.9,0.1111,0.3239,0.8675,1.0,0.97302536,1.88472718,2.67826009,3.30537091,-0.9828365852999998,-1.9210407355,-0.1440227461,-0.4108575825000001,6.0542899639999845,-13.002642907500002,0.9142647191000012,-2.882995478800002
81,ARG,2.249,0.6707426185505517,3.79804,1.24971,-0.1457099999999997,0,0.0,-1.3,-2.5,0.0,0.7346,0.9398,0.6914,0.97293905,1.88402391,2.67584933,3.29955227,-0.8990010640999998,-1.7434574649,-0.15274254763,-0.43299999703,7.529736039000029,-12.514826987900022,1.2930838125000046,-3.2800616588099976
82,ASP,1.382,0.5154792987691159,2.45408,0.83188,0.4671200000000002,0,0.0,-0.1,-0.9,0.1111,0.3239,0.8675,1.0,1.11347182,2.16520588,3.0975956899999995,3.86097207,-1.400986036032,-2.7265497593470003,-0.2212897685355999,-0.6283618927560002,7.860260628000009,-12.876525148075023,1.1995092842999997,-3.018688974650001
83,ASN,0.359,0.1468302658486707,1.91881,1.5335400000000003,0.5524599999999995,0,0.0,-0.1,-0.78,0.1111,0.3976,0.6747,0.8272,1.5308356200000002,2.9755984800000004,4.25377297,5.2955480900000005,-1.53757939049,-3.00569107888,-0.226216803126,-0.6457288070099999,8.883392638,-14.847683779920004,1.3553414267999992,-3.319336861779998
84,ARG,2.738,0.8165821652251715,4.00325,0.75902,-0.1440199999999998,0,0.0,-1.3,-2.5,0.0,0.7346,0.9398,0.6914,1.11279262,2.15989085,3.08011933,3.82098676,-1.05211197721,-2.05556846893,-0.1558092695869999,-0.44434852288,9.195945796999991,-13.178835046229995,1.4186587625999976,-2.932495678999996
85,GLY,1.062,0.5873893805309734,1.07581,0.58209,0.16391,0,0.0,0.03,0.48,0.4556,0.0,1.0,0.5062,0.8341909900000001,1.61681759,2.30008771,2.84344013,-1.10942578406,-2.1589934132,-0.176342029207,-0.50095704623,7.893924837999985,-15.24198922560001,1.253646989000001,-3.614057815089996
86,GLY,0.32,0.1769911504424778,0.7118800000000001,0.95039,0.53761,0,0.0,0.03,0.48,0.4556,0.0,1.0,0.5062,1.25174311,2.42868796,3.4611362699999995,4.2891986,-1.5943529031499997,-3.10890302789,-0.2452862974319999,-0.6983198594100002,7.779344976000006,-15.330233226799994,1.2175567052000016,-3.5968629600560016
87,SER,0.42,0.1930147058823529,1.29406,1.2525000000000002,0.5035000000000001,0,0.0,-0.1,-0.18,0.4111,0.1877,0.8514,0.5309,1.6693405300000002,3.24093415,4.62348962,5.73814776,-1.7739035613630003,-3.453837870465,-0.2830452922497,-0.8054313500280003,7.109306735999981,-12.789999866603992,1.136791499700004,-3.064985346976
88,GLY,0.553,0.305862831858407,0.86083,0.85353,0.4014699999999999,0,0.0,0.03,0.48,0.4556,0.0,1.0,0.5062,1.6708658500000002,3.25283296,4.66248595,5.82698204,-1.8932673099,-3.696206898,-0.28683975604,-0.8180340509999996,6.450385330999975,-11.97060592099999,0.9567927127000012,-2.6102363694000044
89,GLY,0.949,0.5248893805309734,1.01868,0.62759,0.2314100000000001,0,0.0,0.03,0.48,0.4556,0.0,1.0,0.5062,1.11344687,2.16501894,3.09701065,3.859726100000001,-1.6203833637399998,-3.15732944575,-0.2505182695769999,-0.7121543811379999,7.192862392000002,-10.71615230994999,1.0870719350000009,-2.5417589187140024
90,TYR,0.673,0.1974765258215962,3.29606,2.0506800000000003,0.6843199999999996,0,0.0,-0.27,0.26,0.3556,0.8063,0.502,0.1605,1.25218058,2.43210649,3.47235903,4.31482196,-1.5950585088,-3.1132182771000005,-0.2429219331139999,-0.69265827612,7.273100756,-11.659971636299968,1.1052310566000048,-2.590481306410006
91,GLY,0.837,0.4629424778761061,0.96924,0.68296,0.2880400000000001,0,0.0,0.03,0.48,0.4556,0.0,1.0,0.5062,0.83398131,1.61518208,2.29472865,2.83123711,-0.6970298162128672,-1.348233041720064,-0.1217792754252648,-0.3440514485800287,8.73926195500001,-7.311336954420774,1.5356395407999963,-2.108278549600352
92,ARG,0.911,0.2716969877721443,3.41938,1.79059,0.65141,0,0.0,-1.3,-2.5,0.0,0.7346,0.9398,0.6914,1.39190057,2.70694082,3.87327989,4.82873656,-1.0403501205999997,-2.037174047,-0.1472565636,-0.4209193910999999,8.696849275999991,-13.97438801200001,1.233896638800002,-2.9372814725000023
93,ASP,1.411,0.526296158149944,2.41404,0.80774,0.46226,0,0.0,-0.1,-0.9,0.1111,0.3239,0.8675,1.0,0.8333090599999999,1.60995136,2.27763246,2.79243467,-0.5320184744,-1.0312951902999998,-0.0903222939899999,-0.2557579899,8.470469980000008,-11.6878002411,1.450579708599994,-3.0768955569700003
94,ARG,2.704,0.8064419922457501,4.03328,0.7254499999999999,-0.0764499999999999,1,0.333333333333333,-1.3,-2.5,0.0,0.7346,0.9398,0.6914,0.55490336,1.06836706,1.50234273,1.82526734,-0.5827039598000001,-1.1245154109400002,-0.1065153455,-0.30073357712,7.091411755999984,-13.25895248278,1.2762522872999935,-3.640644872900004
95,ASN,0.707,0.289161554192229,2.06856,1.43254,0.3054599999999998,1,0.166666666666667,-0.1,-0.78,0.1111,0.3976,0.6747,0.8272,0.97255044,1.88102611,2.6661423500000003,3.27780214,-0.6281896102000001,-1.2248351719,-0.0971925432,-0.2767829911,7.3794912750000226,-10.20857442,1.2129961159999982,-2.389641558160003
96,TYR,2.193,0.6434859154929577,4.33988,0.88976,0.3252399999999998,2,0.666666666666667,-0.27,0.26,0.3556,0.8063,0.502,0.1605,1.11336251,2.16434367,3.09473634,3.85435489,-1.1806413971899998,-2.2986333677,-0.1867029495369999,-0.530745169096,7.66188276499998,-12.467576597939996,1.1861563004000006,-3.06174174105
97,GLU,0.808,0.2961876832844575,2.6439800000000004,1.33196,0.5880400000000001,1,0.1,-0.1,-0.74,0.1111,0.4884,0.8112,0.9136,1.25259079,2.43531835,3.48292557,4.33901596,-1.3223338310743007,-2.562041205892851,-0.2266542792255758,-0.6416387469045945,7.897809145999992,-7.560288765985715,1.2266015419999992,-1.9270454564091863
98,ASP,0.896,0.3342036553524804,2.04102,1.04678,0.7382200000000001,1,0.1,-0.1,-0.9,0.1111,0.3239,0.8675,1.0,1.95042726,3.80342037,5.46723673,6.861121890000001,-1.8809513451800004,-3.6638726457700006,-0.2958433372799999,-0.8416124239999999,9.675762672000008,-9.412035702800022,1.4225858107999998,-2.155186076500005
99,ARG,0.819,0.2442588726513569,3.02816,1.8586800000000003,0.6753199999999999,0,0.0,-1.3,-2.5,0.0,0.7346,0.9398,0.6914,2.2264577,4.32639769,6.18127878,7.687952290000001,-2.4335966073999997,-4.732969650599999,-0.3946076333499999,-1.1213792781699994,9.187511336000002,-12.905318795700024,1.496998091700001,-3.203367772500002
100,GLY,0.207,0.1144911504424778,0.75613,1.02507,0.57593,0,0.0,0.03,0.48,0.4556,0.0,1.0,0.5062,2.22611461,4.323886170000001,6.173611500000001,7.672205609999999,-1.6950129003100003,-3.2884298603,-0.2837990336299999,-0.8040980925400004,13.086288538999916,-11.11869142110001,2.009450658699999,-2.6712787964999998
101,TYR,0.465,0.136443661971831,3.17979,2.13691,0.8060900000000002,0,0.0,-0.27,0.26,0.3556,0.8063,0.502,0.1605,2.92493747,5.699584400000002,8.18248699,10.24926685,-1.27060849844,-2.474493979599999,-0.1992329771699999,-0.5663505449899999,10.257645280000018,-7.194282096099996,1.5822270826,-1.7264263913500013
102,ASN,0.207,0.0846625766871165,1.7671,1.7195500000000004,0.5184499999999996,0,0.0,-0.1,-0.78,0.1111,0.3976,0.6747,0.8272,2.64399805,5.13823252,7.342402289999999,9.13446438,-2.10270030762,-4.0839365885,-0.349304817963,-0.99165932536,8.718971638999994,-11.005288881800022,1.3951540383000036,-2.727070646159999
103,GLY,0.386,0.2134955752212389,0.71524,0.99105,0.4309500000000001,0,0.0,0.03,0.48,0.4556,0.0,1.0,0.5062,1.94760779,3.78138441,5.39488059,6.69588017,-2.03751279396,-3.9593350903399984,-0.3353865825399998,-0.95248829782,9.776231536,-9.468614582080004,1.5934314175000046,-2.347549007949997
104,GLY,0.853,0.47179203539823,0.9422,0.66714,0.2878600000000001,0,0.0,0.03,0.48,0.4556,0.0,1.0,0.5062,1.1123025000000002,2.15605549,3.06751079,3.79214768,-1.9471868957400005,-3.7848821947999993,-0.317949907731,-0.9029118628400002,10.43476719800003,-10.86433881919997,1.768464183799994,-2.758399253159995
105,GLY,0.891,0.4928097345132743,0.94432,0.6863299999999999,0.2306700000000001,0,0.0,0.03,0.48,0.4556,0.0,1.0,0.5062,1.53093691,2.97639397,4.25639635,5.301572429999999,-2.3134785251900003,-4.50767579005,-0.3625750342430001,-1.0318954055340002,9.155783995000016,-15.808364454600008,1.4254299568999955,-3.674441030920008
106,GLY,0.272,0.1504424778761062,0.7689199999999999,0.89995,0.63605,0,0.0,0.03,0.48,0.4556,0.0,1.0,0.5062,2.08623087,4.04776285,5.76842928,7.1484745400000005,-1.94740025232,-3.7739197967,-0.333959472943,-0.9459645620899996,11.183742624000038,-12.451909968699976,1.8600398226999963,-3.325901341819998
107,GLY,0.353,0.1952433628318584,0.76775,1.00824,0.44676,0,0.0,0.03,0.48,0.4556,0.0,1.0,0.5062,1.80794926,3.50706481,4.995772140000001,6.186483789999999,-1.67862184329,-3.25040312955,-0.2929961625490001,-0.8298422654900002,12.519416301999978,-11.54941504687,2.074441074100005,-3.0655590530499923
108,GLY,0.489,0.2704646017699115,0.89313,0.91706,0.4019399999999999,0,0.0,0.03,0.48,0.4556,0.0,1.0,0.5062,1.95048511,3.80389902,5.46890265,6.865217879999999,-1.909056489299999,-3.7335636821,-0.2779586339339999,-0.7937092925599997,11.873335568999982,-13.535348401500013,1.7826187074999995,-3.0068855478600023
109,GLY,0.552,0.3053097345132743,0.78449,0.95243,0.3035699999999999,0,0.0,0.03,0.48,0.4556,0.0,1.0,0.5062,0.97340014,1.88765425,2.68786306,3.32727575,-1.82846094707,-3.544303925990001,-0.310883019012,-0.8803785679499999,9.490472127999958,-17.295063337040013,1.6191665361999998,-4.353525901789995
110,ASN,0.727,0.2973415132924335,2.26606,1.35015,0.36785,0,0.0,-0.1,-0.78,0.1111,0.3976,0.6747,0.8272,1.39112166,2.70083231,3.8531496,4.782540409999999,-1.8916734712999996,-3.671328123,-0.3172101855099999,-0.8997421568300001,13.94056396299995,-15.718780783400016,2.248442517300005,-3.8754117176
111,ARG,1.97,0.5875335520429465,3.74318,1.09591,0.2870900000000003,0,0.0,-1.3,-2.5,0.0,0.7346,0.9398,0.6914,1.6711485,3.25505934,4.669856939999999,5.84400335,-1.5088819503199995,-2.93575062212,-0.2414287504485,-0.6859237925150002,9.428740940000006,-14.66428548489998,1.4758970448000008,-3.5404125517590037
112,GLY,0.471,0.2605088495575221,0.82402,1.00913,0.3278700000000001,0,0.0,0.03,0.48,0.4556,0.0,1.0,0.5062,1.80769617,3.50515974,4.98976157,6.17349898,-1.2209474293099996,-2.3564177178,-0.223670812434,-0.631832124,8.114836352000008,-10.401776336900012,1.4238407019999957,-2.765342640280001
113,TYR,1.144,0.3356807511737089,3.63376,1.65604,0.6079600000000003,0,0.0,-0.27,0.26,0.3556,0.8063,0.502,0.1605,1.94714029,3.77777814,5.3831961800000006,6.66966891,-1.3018471136999998,-2.5230495784,-0.22371195239,-0.63389945734,6.786003438999984,-11.874885283300005,1.1590116047,-2.995066737440002
114,ASN,1.172,0.4793456032719836,2.44151,0.95148,0.3215199999999999,0,0.0,-0.1,-0.78,0.1111,0.3976,0.6747,0.8272,1.25196199,2.43038078,3.46662987,4.30154412,-1.2637869591000004,-2.4498476642,-0.2154826573599999,-0.6104174176299999,6.673627527999984,-10.7960697715,1.095550353899998,-2.690094310300002
115,ASN,1.151,0.4707566462167689,2.14184,1.09757,0.1964299999999998,0,0.0,-0.1,-0.78,0.1111,0.3976,0.6747,0.8272,1.52996345,2.96882954,4.23171043,5.245666379999999,-1.3068701784,-2.5550122550000007,-0.1914916997,-0.546631265,7.395454636999997,-13.835338330000004,1.078190781299998,-2.9501859025000017
116,ASN,1.268,0.5186094069529653,2.31845,0.98659,0.1904099999999999,0,0.0,-0.1,-0.78,0.1111,0.3976,0.6747,0.8272,0.97300359,1.88452807,2.6775025300000004,3.30332047,-0.8643017898449998,-1.68523444797,-0.13307357831,-0.378803549992,6.7935977080000205,-7.1741431676099925,1.090864924200001,-1.660683284596002
117,ARG,2.574,0.7676707426185505,3.95155,0.91706,-0.1380599999999997,0,0.0,-1.3,-2.5,0.0,0.7346,0.9398,0.6914,0.8333514,1.61026164,2.27858107,2.79438688,-0.5903153231,-1.14821274,-0.09560141345,-0.2717310159,6.319390801999989,-4.8394677615,1.0435819051999973,-1.2329604222000006
118,GLY,0.912,0.504424778761062,0.97266,0.6698400000000001,0.2261599999999999,0,0.0,0.03,0.48,0.4556,0.0,1.0,0.5062,0.8336251600000001,1.6123831599999998,2.28548341,2.8099544,-0.6052139537000001,-1.1749352125,-0.10127179513,-0.2873961241,7.180782953999989,-4.732826998,1.201327144299999,-1.1941681754000002
119,GLY,0.306,0.1692477876106194,0.72564,1.03534,0.4666600000000001,0,0.0,0.03,0.48,0.4556,0.0,1.0,0.5062,1.39062317,2.69696999,3.84058249,4.754192279999999,-1.1256906059100005,-2.1896453438000005,-0.179464436549,-0.5093762996399998,8.877337059000018,-10.813114936000002,1.3986015148999955,-2.5830903700199994
120,GLY,0.447,0.2472345132743363,0.98839,0.93768,0.42332,0,0.0,0.03,0.48,0.4556,0.0,1.0,0.5062,2.22703789,4.3309575,6.196342470000001,7.722638929999999,-1.1024133712000002,-2.1516061456,-0.16755132158,-0.4776542324200001,8.376308907999979,-12.308257920200012,1.246508326199999,-2.7078885024800017
121,GLY,0.691,0.3821902654867256,0.92025,0.79083,0.3261699999999999,0,0.0,0.03,0.48,0.4556,0.0,1.0,0.5062,1.66996056,3.24578767,4.63945654,5.77471,-1.3731595683,-2.6586175263000005,-0.2382444878499999,-0.6741555069399998,9.500416890000036,-12.698427809599991,1.5466169935999985,-3.140746828280002
122,GLY,0.593,0.3279867256637168,0.87009,0.83268,0.3823200000000001,0,0.0,0.03,0.48,0.4556,0.0,1.0,0.5062,1.94707904,3.7773797499999993,5.38216037,6.668130559999999,-1.3023379983999996,-2.5306607401,-0.2139097531599999,-0.60733550128,7.499054184999998,-9.7258801817,1.223510874600001,-2.286365646499999
123,GLY,0.528,0.2920353982300885,0.88277,0.97015,0.30985,0,0.0,0.03,0.48,0.4556,0.0,1.0,0.5062,1.53094644,2.97648446,4.25675014,5.30255719,-1.6739103415800003,-3.25866633484,-0.2656643806839999,-0.755316377262,6.681565891000005,-10.144678807299991,1.025851519100003,-2.3522088512199977
124,TYR,1.954,0.5733568075117371,4.04469,1.04374,0.4102599999999998,1,0.25,-0.27,0.26,0.3556,0.8063,0.502,0.1605,0.97377578,1.8905736,2.69739024,3.3488516,-1.35391463484,-2.6299568424999995,-0.22228522416,-0.6305179087399998,8.324752092000004,-9.5902641252,1.335152605100002,-2.490476699210007
125,ASN,0.641,0.2621676891615542,2.12834,1.4188700000000003,0.3851299999999995,1,0.125,-0.1,-0.78,0.1111,0.3976,0.6747,0.8272,1.2520079700000002,2.43073499,3.46777532,4.30410471,-1.688961817600001,-3.2920243783999994,-0.26381642981,-0.7512811498,7.892261747000004,-12.252651072399985,1.2804012461000034,-3.084494516999996
126,ARG,1.559,0.4649567551446465,3.51432,1.5437200000000002,0.25028,1,0.166666666666667,-1.3,-2.5,0.0,0.7346,0.9398,0.6914,0.97331484,1.88695698,2.68546613,3.32147006,-1.2305641764000002,-2.379387312700001,-0.21752809599,-0.6147679483500001,11.183440015999976,-16.092831975999975,1.8628703746999875,-4.3164800142000175
127,GLN,0.3,0.1043478260869565,2.2132400000000003,1.86342,0.7115800000000001,0,0.0,-0.1,-0.85,0.1111,0.5388,0.7952,0.6914,1.5314277200000002,2.98023104,4.26899931,5.33036644,-1.8145732552,-3.5471928149999994,-0.26648898812,-0.7605728849900001,12.116138290000018,-18.615852097500003,1.7681172329999997,-4.02725253969999
128,ASP,0.584,0.2178291682208131,2.07231,1.21223,0.8847700000000001,0,0.0,-0.1,-0.9,0.1111,0.3239,0.8675,1.0,1.11251939,2.15775638,3.07311454,3.8050019,-1.7888003606999998,-3.484875394900001,-0.2807468011299998,-0.7988427450499999,10.753807017,-19.968765017999964,1.7796986164000037,-4.813865057400009
129,ARG,1.723,0.5138681777512675,3.522,1.2051,0.4249,0,0.0,-1.3,-2.5,0.0,0.7346,0.9398,0.6914,1.25229265,2.4329900499999995,3.47528693,4.32158983,-1.8629720051999996,-3.6260011773,-0.2964444992099999,-0.8425657388000003,14.020886965999996,-24.26081369550004,2.2318972628000098,-5.888362576700001
130,GLY,0.356,0.1969026548672566,0.6626000000000001,0.9783299999999998,0.4736700000000001,0,0.0,0.03,0.48,0.4556,0.0,1.0,0.5062,1.94855128,3.78883461,5.41960516,6.753139340000001,-2.031932264350001,-3.96356642481,-0.3113447003660002,-0.88688868159,15.097395289999984,-18.34244567140001,2.268765377,-4.182897048890007
131,ASP,1.378,0.5139873181648638,2.42326,0.92898,0.3740200000000002,0,0.0,-0.1,-0.9,0.1111,0.3239,0.8675,1.0,1.39006508,2.69263577,3.8264394,4.72215538,-1.9274570426,-3.740017215,-0.32405142,-0.9188835948,10.35356254100005,-16.12228877999999,1.7760417094000016,-4.1453001084
132,GLY,0.233,0.1288716814159292,0.75398,1.00681,0.56819,0,0.0,0.03,0.48,0.4556,0.0,1.0,0.5062,1.38998667,2.6920294800000004,3.82447762,4.71777177,-1.7004951202999996,-3.3014212059,-0.2834968593999999,-0.8043582502699997,10.362957900999996,-13.893479261799984,1.7036588011000011,-3.4467351149
133,GLY,0.823,0.4551991150442477,0.8896299999999999,0.7207699999999999,0.2642300000000002,0,0.0,0.03,0.48,0.4556,0.0,1.0,0.5062,1.2523865100000002,2.43371292,3.47762284,4.32680833,-1.7230812194999996,-3.3624854022,-0.2619419551999999,-0.7464074133,9.113045196000009,-13.749915202399997,1.4414919156999992,-3.289477899899998
134,SER,0.736,0.338235294117647,1.4121,0.94702,0.4929800000000003,0,0.0,-0.1,-0.18,0.4111,0.1877,0.8514,0.5309,1.5310421,2.97722314,4.25914513,5.30793149,-1.6126487977500006,-3.142388582,-0.252263800034,-0.7179865126620002,9.594823651000013,-10.168714028000007,1.4319031745000017,-2.259019707625999
135,SER,0.911,0.4186580882352941,1.45731,0.9568,0.3082,0,0.0,-0.1,-0.18,0.4111,0.1877,0.8514,0.5309,1.25261239,2.4354816900000005,3.48344288,4.34013674,-1.54392360839,-2.994730667540001,-0.259922558478,-0.7364780476560001,10.284370412000026,-11.926037440899986,1.6819247477000063,-3.098972617800002
136,ASN,0.501,0.2049079754601227,1.92215,1.44832,0.4956799999999999,0,0.0,-0.1,-0.78,0.1111,0.3976,0.6747,0.8272,1.9491885600000003,3.7937896700000007,5.43578703,6.789828969999999,-1.4405145393600003,-2.7909030857,-0.246705182097,-0.6982787238339999,9.386822448000007,-9.1482332469,1.4904861820999993,-2.321919298161998
137,PHE,0.224,0.0720488903184303,2.94295,2.0878,0.7971999999999997,0,0.0,1.1,1.2,0.8111,0.783,0.0763,0.037,2.92636101,5.710661010000001,8.21868778,10.331422050000002,-2.41303544187,-4.711679935789998,-0.3627448501549999,-1.0342552750200005,9.677711032999996,-18.3357908691,1.4099348768000002,-3.8981232326299966
138,SER,0.847,0.3892463235294117,1.58134,1.04508,0.2839200000000001,0,0.0,-0.1,-0.18,0.4111,0.1877,0.8514,0.5309,2.50733367,4.88724252,7.0196555400000005,8.79872093,-2.2885739158109994,-4.454412426654001,-0.3645816926028001,-1.0363788279389998,8.803240404999986,-13.756233115661995,1.3604378305000042,-3.101532378326997
139,ARG,0.619,0.1846107963018192,3.0834300000000003,2.14583,0.5881699999999999,0,0.0,-1.3,-2.5,0.0,0.7346,0.9398,0.6914,2.36822957,4.61725137,6.634741290000001,8.321680719999998,-2.07904868358,-4.0578261835600005,-0.31573319276,-0.9000048251900002,8.882023540000029,-12.062850419439997,1.3708667313999972,-2.71054739997
140,GLY,0.613,0.3390486725663716,0.8841800000000001,0.90336,0.29164,0,0.0,0.03,0.48,0.4556,0.0,1.0,0.5062,1.81118019,3.53230397,5.07860033,6.37549704,-1.83766469183,-3.584994129299999,-0.27930197997,-0.795201034526,8.256850158000004,-11.191667623799995,1.2367144646,-2.607805782504
141,GLY,0.816,0.4513274336283185,1.05321,0.73874,0.2532600000000001,0,0.0,0.03,0.48,0.4556,0.0,1.0,0.5062,0.97257409,1.88115664,2.66638295,3.2777758500000003,-1.6535249650600004,-3.2031940816,-0.2869539117699999,-0.81303229052,8.512386050999993,-12.28736327479998,1.453593884199997,-3.08353639186
142,TYR,2.103,0.6170774647887325,4.12123,1.08172,0.2232799999999997,1,0.25,-0.27,0.26,0.3556,0.8063,0.502,0.1605,1.11289731,2.16069474,3.08270748,3.8267388799999993,-1.83782230498,-3.577703417600001,-0.2920105791619999,-0.8302225851600001,7.533972916999986,-11.261562108,1.2557183136000014,-2.9374667264399976
143,ASN,0.373,0.1525562372188139,2.08495,1.5404100000000005,0.5315899999999998,1,0.0909090909090909,-0.1,-0.78,0.1111,0.3976,0.6747,0.8272,1.67065678,3.25119958,4.6571257,5.814751719999999,-1.64901930045,-3.2075723771000004,-0.26675838871,-0.7581888994700002,12.105159792000013,-11.163261910199994,1.860399200100004,-2.810627399740002
144,ASN,0.922,0.3770961145194274,2.14375,1.22399,0.2990099999999998,1,0.0909090909090909,-0.1,-0.78,0.1111,0.3976,0.6747,0.8272,1.39255238,2.7120290600000003,3.88996449,4.86676634,-2.1924357702,-4.2731549108,-0.3386908873399999,-0.9634114517100004,10.446587017000036,-15.349947926400002,1.6576160110000075,-3.714039193390003
145,ARG,1.33,0.3966597077244259,3.45676,1.56374,0.4592600000000002,0,0.0,-1.3,-2.5,0.0,0.7346,0.9398,0.6914,1.81038968,3.52611949,5.0582711300000005,6.329003579999998,-1.88298602023,-3.66271190101,-0.3033900662809999,-0.86200501159,12.646406864000015,-11.585614063600003,2.008851582600008,-2.9690105745099977
146,ASP,0.405,0.1510630361805296,1.86325,1.47808,0.7979199999999997,0,0.0,-0.1,-0.9,0.1111,0.3239,0.8675,1.0,2.08781315,4.0600428,5.808458970000001,7.239006029999999,-1.4951398331000003,-2.8953523683,-0.25948290933,-0.7345903161100001,9.819248361000042,-10.458253246400004,1.5606725431000057,-2.4770598890099977
147,GLU,0.846,0.3101173020527858,2.41762,1.40467,0.47733,0,0.0,-0.1,-0.74,0.1111,0.4884,0.8112,0.9136,2.5064665400000004,4.8804982200000016,6.99762338,8.74874974,-1.5063539668,-2.9299708987000006,-0.2422136837199999,-0.6879891397,7.470104626000002,-13.02321379300001,1.1205416388999982,-2.8995617214000013
148,GLY,0.113,0.0625,0.66188,1.13571,0.5592900000000001,0,0.0,0.03,0.48,0.4556,0.0,1.0,0.5062,2.64337933,5.133570610000001,7.327690250000001,9.102679059999998,-1.2985484799,-2.5316643835,-0.20057905364,-0.5710040691000001,6.915548766999987,-13.617231051500015,1.0702146793999998,-3.141456876899995
149,SER,0.344,0.1580882352941176,1.34699,1.28605,0.5459500000000004,0,0.0,-0.1,-0.18,0.4111,0.1877,0.8514,0.5309,1.8073113600000004,3.5021215100000007,4.97968278,6.15017158,-1.73561493257,-3.3712719535000004,-0.287445449403,-0.81599336531,7.4584017839999825,-14.386280767399988,1.2212795655999995,-3.4692210079000003
150,ASP,1.293,0.4822827303245057,2.18973,0.8232299999999999,0.5647700000000002,0,0.0,-0.1,-0.9,0.1111,0.3239,0.8675,1.0,1.5315006800000002,2.98080035,4.27086473,5.33461356,-1.6552248080999996,-3.2290110547000004,-0.2531571742599999,-0.721142454,8.294077059000022,-13.32967099100002,1.2637716547000022,-3.052327214899999
151,ASN,1.401,0.5730061349693252,2.40567,0.86192,0.1820799999999998,0,0.0,-0.1,-0.78,0.1111,0.3976,0.6747,0.8272,1.25242353,2.43405293,3.47891805,4.33031647,-1.3977348058,-2.7207962353000004,-0.2215911009999999,-0.6298057283400001,6.568713130000004,-9.678289558600005,0.9591393165000008,-2.1532627841200003
152,ARG,1.124,0.335222189084402,3.2177300000000004,1.77513,0.45387,0,0.0,-1.3,-2.5,0.0,0.7346,0.9398,0.6914,1.1124007,2.15682348,3.07003358,3.79791091,-1.2397388068499997,-2.4165792637,-0.19348102005,-0.5510450559800001,5.263670349000011,-5.091033915799995,0.8361587618999985,-1.1811907901000007
153,GLY,0.874,0.4834070796460177,0.92091,0.6817500000000001,0.25225,0,0.0,0.03,0.48,0.4556,0.0,1.0,0.5062,0.8338351900000001,1.61404519,2.29101387,2.8228095200000003,-0.7366778662000001,-1.42614604,-0.12745260875,-0.3604531289999999,4.155768757999997,-6.6545641780000055,0.7219457851999992,-1.8760890735999984
154,SER,1.03,0.4733455882352941,1.30599,0.81062,0.3353800000000001,0,0.0,-0.1,-0.18,0.4111,0.1877,0.8514,0.5309,0.83388917,1.61445963,2.29234776,2.82577261,-0.672934965,-1.312873676,-0.1028270868,-0.2929694699,3.9684756129999976,-7.681928176999992,0.6156862426000003,-1.8069071935
155,GLY,0.784,0.4336283185840708,0.92021,0.75539,0.26861,0,0.0,0.03,0.48,0.4556,0.0,1.0,0.5062,0.6945482000000001,1.3426057999999998,1.90127851,2.33455678,-0.6828508860000001,-1.3306121999999998,-0.1060834444,-0.3017501009999999,3.2590664299999976,-9.365986921999994,0.5234501353000002,-2.171266708000001
156,ARG,1.835,0.5472711005070086,3.33678,1.35091,0.1670900000000001,1,0.25,-1.3,-2.5,0.0,0.7346,0.9398,0.6914,0.69444858,1.34182667,1.89871854,2.32870617,-0.612104525,-1.1873510340000002,-0.1028713726,-0.29148189,4.002626159999999,-11.342258831999978,0.6626450047999994,-2.724287446999999
157,SER,1.096,0.5036764705882353,1.38932,0.75746,0.32254,1,0.2,-0.1,-0.18,0.4111,0.1877,0.8514,0.5309,0.8341318700000001,1.61634207,2.29847781,2.8396140300000003,-0.500420731,-0.975920377,-0.076899681,-0.218966849,2.671475054999997,-6.6208575990000025,0.4183655709,-1.460919756
158,TYR,1.819,0.533744131455399,3.83954,1.25895,0.3300499999999999,2,0.5,-0.27,0.26,0.3556,0.8063,0.502,0.1605,0.6944214799999999,1.34161299,1.8980099900000005,2.32706681,-0.454843016,-0.880489131,-0.0790678742,-0.223686632,1.3324127900000002,-3.477312244000002,0.2363936128000001,-0.9041942930000004
159,ASN,1.235,0.5051124744376279,2.25066,1.06607,0.1439299999999996,1,0.333333333333333,-0.1,-0.78,0.1111,0.3976,0.6747,0.8272,0.69447943,1.342069,1.89951835,2.3305457,-0.551517805,-1.07663913,-0.0828310954999999,-0.236003603,0.6277498960000001,-1.896893459,0.1062137729,-0.467761355
160,ASN,1.736,0.7100204498977506,2.55197,0.6970400000000001,0.0119599999999997,1,0.2,-0.1,-0.78,0.1111,0.3976,0.6747,0.8272,0.69428556,1.34054044,1.89445147,2.3188266200000003,-0.560427617,-1.09135605,-0.0890804439,-0.253489635,0.628531875,-1.7905100599999997,0.0994929614,-0.4090516930000001
161,ASP,1.062,0.3961208504289444,2.22886,1.1240400000000002,0.4949599999999998,0,0.0,-0.1,-0.9,0.1111,0.3239,0.8675,1.0,0.69438545,1.34133234,1.89709229,2.32498306,-0.5610209003000001,-1.080163498,-0.1053515342999999,-0.2967682385,0.4316711430000001,-0.8758604890000001,0.0711516799,-0.218053169
162,ARG,2.364,0.7050402624515358,3.88857,1.1467199999999995,-0.1577199999999994,0,0.0,-1.3,-2.5,0.0,0.7346,0.9398,0.6914,1.11330647,2.16390177,3.09327054,3.85096297,-0.2806659979999999,-0.546412118,-0.0444161028,-0.1262556927,0.431804856,-0.8820082669999999,0.0700629234,-0.218156003
163,ARG,1.405,0.4190277363555025,3.72961,1.4042199999999998,0.5437800000000004,1,0.142857142857143,-1.3,-2.5,0.0,0.7346,0.9398,0.6914,0.8334585299999999,1.61108246,2.28121851,2.80023237,-0.361164441,-0.7011224739999999,-0.0602621942999999,-0.170940079,0.5088628390000002,-1.0915002000000005,0.0951057175,-0.295668561
164,ASP,1.243,0.463632972771354,2.4289,0.87303,0.56497,1,0.166666666666667,-0.1,-0.9,0.1111,0.3239,0.8675,1.0,0.69423627,1.34016159,1.8932300900000003,2.31610727,-0.412807461,-0.802740921,-0.0670604,-0.190536304,0.353084238,-1.00374661,0.0598363160999999,-0.2501537
165,ASN,1.072,0.4384458077709612,2.18705,1.13757,0.2354299999999998,1,0.166666666666667,-0.1,-0.78,0.1111,0.3976,0.6747,0.8272,0.6939900400000001,1.33824225,1.88694637,2.30181362,-0.410982238,-0.799319444,-0.066654737,-0.189436518,0.3539493619999999,-1.030886482,0.0527182872,-0.223714804
166,GLY,0.708,0.3915929203539822,0.91837,0.84241,0.2575900000000001,0,0.0,0.03,0.48,0.4556,0.0,1.0,0.5062,0.83366023,1.61265763,2.28638631,2.81202113,-0.328899844,-0.641263119,-0.050706361,-0.144332576,0.354264976,-1.021799448,0.0499411984999999,-0.208630208
167,GLY,0.616,0.3407079646017699,1.01658,0.8251299999999999,0.3668700000000002,0,0.0,0.03,0.48,0.4556,0.0,1.0,0.5062,0.97335792,1.88729078,2.68655033,3.32391035,-0.165460808,-0.3236349845,-0.024260732,-0.0693375077,0.354097032,-0.735930729,0.0516372717,-0.1576929594
168,ASP,1.511,0.5635956732562476,2.45562,0.83533,0.3346700000000001,0,0.0,-0.1,-0.9,0.1111,0.3239,0.8675,1.0,0.4156739299999999,0.79739407,1.11419634,1.3408208,-0.3372554284,-0.646694167,-0.0669564042,-0.1881064089,0.234845382,-0.2746687319999999,0.0439066719,-0.0874064668
169,GLY,1.497,0.8279867256637169,1.3005799999999998,0.44938,-0.13838,0,0.0,0.03,0.48,0.4556,0.0,1.0,0.5062,0.2775017199999999,0.5345749,0.7524567900000001,0.91557045,-0.322409998,-0.626485026,-0.0532273015,-0.151181966,0.234845382,-0.53269043,0.0439066719,-0.147305304
