2,MET,2.631,0.8822937625754526,2.94169,0.50128,-0.1502799999999995,0,0.0,0.8,0.64,0.7111,0.6196,0.0,0.0988,0.4172201199999999,0.80938566,1.15326107,1.4290977799999998,-0.407012324,-0.794549944,-0.0608221982,-0.173218256,0.8237597040000002,-2.255300978,0.1386267581999999,-0.5704958580000001
3,GLU,1.529,0.5604838709677419,2.92861,0.9764,0.2226000000000002,0,0.0,-0.1,-0.74,0.1111,0.4884,0.8112,0.9136,0.55513128,1.07016296,1.5082903600000002,1.83900577,-0.341531729,-0.663620789,-0.0560613364,-0.159143386,0.6277766240000001,-1.1512814180000004,0.1048823579999999,-0.3071242779999998
4,SER,1.345,0.6181066176470588,1.46331,0.77453,0.0564700000000001,0,0.0,-0.1,-0.18,0.4111,0.1877,0.8514,0.5309,0.6945661099999999,1.34273987,1.90169697,2.33544578,-0.2624424358,-0.5106770875000001,-0.0415262149,-0.1178887753,0.7847070320000001,-0.1601646189999999,0.1307780899999999,-0.0598646835999999
5,ASN,1.644,0.6723926380368098,2.5024,0.79056,0.0104399999999998,0,0.0,-0.1,-0.78,0.1111,0.3976,0.6747,0.8272,0.97371381,1.89009864,2.69586398,3.345469130000001,-0.481806488,-0.944487054,-0.06681777287,-0.1912539759,0.9452530300000004,-1.361038893,0.1273964363999999,-0.2641520239
6,GLN,1.763,0.6132173913043478,3.05867,0.86799,0.24401,0,0.0,-0.1,-0.85,0.1111,0.5388,0.7952,0.6914,0.83418345,1.6167609,2.29990881,2.8430542400000003,-0.7277023759999999,-1.4125716499999998,-0.1205861242,-0.3417808613999999,0.9439540240000004,-2.3454402940000003,0.1381215692,-0.4909933169999999
7,SER,1.402,0.6443014705882352,1.3256899999999998,0.76031,0.0136900000000002,0,0.0,-0.1,-0.18,0.4111,0.1877,0.8514,0.5309,1.1131945900000002,2.16303061,3.09042234,3.84449563,-0.6430780129,-1.252443011,-0.101407886,-0.2884397645,2.0045858940000008,-3.416873148,0.3065004723999999,-0.7896639931000002
8,ASN,0.84,0.3435582822085889,2.28804,1.22904,0.37596,0,0.0,-0.1,-0.78,0.1111,0.3976,0.6747,0.8272,1.11190033,2.15291645,3.05721567,3.76867132,-0.6101950559999999,-1.186920989,-0.0987834391,-0.2807993905,1.6878601049999995,-3.2201922620000007,0.2804128691,-0.8061541309999998
9,ASN,1.535,0.6278118609406953,2.46755,0.78621,0.1237899999999999,0,0.0,-0.1,-0.78,0.1111,0.3976,0.6747,0.8272,0.8331918400000001,1.6089981699999998,2.27437453,2.78460293,-0.6665946765000001,-1.291834698,-0.1147855389999999,-0.3252793033,1.6882290289999982,-4.209039992000001,0.2779359493999999,-1.017404368
10,GLY,0.867,0.4795353982300885,0.92771,0.73637,0.2046300000000001,0,0.0,0.03,0.48,0.4556,0.0,1.0,0.5062,0.8335071,1.6114819399999998,2.28259938,2.8035983,-0.639861112,-1.241373417,-0.107347299,-0.3042176287,1.6836134150000002,-3.3053950649999977,0.3118202744999999,-0.9323890290999998
11,GLY,1.029,0.5691371681415929,1.01857,0.6517999999999999,0.1272000000000002,0,0.0,0.03,0.48,0.4556,0.0,1.0,0.5062,1.11293801,2.16103383,3.0838969,3.82968991,-0.49417746223,-0.963340638,-0.0763527457,-0.21729857785,0.6284183200000001,-0.593139124,0.0987965334,-0.1419981544499999
12,SER,0.693,0.3184742647058823,1.46208,1.10594,0.3770600000000002,0,0.0,-0.1,-0.18,0.4111,0.1877,0.8514,0.5309,1.11130533,2.14829403,3.0421353900000003,3.73453317,-0.25832883096,-0.5019911101,-0.0422683532,-0.1199723416,0.9783111759999996,-0.5224705497,0.1837602170000001,-0.1243965790999999
13,GLY,0.805,0.4452433628318584,1.00008,0.74238,0.2606200000000001,0,0.0,0.03,0.48,0.4556,0.0,1.0,0.5062,1.53113066,2.97790742,4.26136173,5.31290032,-0.498331512,-0.975406374,-0.0707985707699999,-0.2021963596,0.393000716,-0.6752071660000001,0.0598470677999999,-0.1560052259999999
14,ASN,1.562,0.6388548057259714,2.50404,0.89208,-0.0090800000000001,1,0.2,-0.1,-0.78,0.1111,0.3976,0.6747,0.8272,0.83385152,1.61415511,2.29131129,2.82329297,-0.9337497723,-1.8065018007,-0.16345713693,-0.4621191071,0.8252876590000001,-0.5668331387000001,0.1281353094999999,-0.1395915379
15,ALA,1.035,0.4745529573590096,1.31968,0.7088599999999998,0.4371400000000003,1,0.25,0.77,0.62,0.7,0.1645,0.249,0.3951,0.97367728,1.88981515,2.69494039,3.34338341,-1.2051672701,-2.3447447003999997,-0.1928880109799999,-0.5479929781,0.981532696,-1.1228089103000003,0.157843668,-0.2878261444999999
16,ALA,0.57,0.2613480055020632,1.07546,1.11993,0.4910700000000001,1,0.166666666666667,0.77,0.62,0.7,0.1645,0.249,0.3951,1.3922123199999998,2.7093718,3.881242850000001,4.846861249999999,-1.1387645057,-2.2235966124,-0.1699051592,-0.4841414885599999,1.1024352030000004,-2.0092533709000007,0.1511997635999999,-0.3925200612600001
17,LEU,1.25,0.4702784048156508,2.41336,1.08584,0.3221599999999998,0,0.0,1.4,1.1,0.9222,0.663,0.2811,0.0,1.25267881,2.4360230899999995,3.48529996,4.34462398,-0.4374975635000001,-0.8433719869,-0.0806748191399999,-0.22743967757,1.0593248050000006,-1.4420303131999994,0.1765879203,-0.3714443452000001
18,ASN,0.746,0.3051124744376278,2.12202,1.24828,0.4507199999999998,0,0.0,-0.1,-0.78,0.1111,0.3976,0.6747,0.8272,1.25102991,2.42311983,3.44287416,4.2475585,-0.5189569508999999,-1.009951869,-0.08290444202,-0.2356636162499999,1.1376925809999998,-2.172546388,0.1919082468,-0.5485998912
19,ARG,2.335,0.6963912913808529,3.78842,1.02885,-0.0108499999999998,0,0.0,-1.3,-2.5,0.0,0.7346,0.9398,0.6914,0.8336246799999999,1.6123801799999995,2.28547702,2.80995002,-0.5184593765,-1.004397122,-0.08920809614,-0.2525598342,2.274302244,-4.7865270509999975,0.3927713871999996,-1.2648043110000018
20,GLY,1.049,0.5801991150442477,0.96991,0.6827500000000001,0.07625,0,0.0,0.03,0.48,0.4556,0.0,1.0,0.5062,0.83382325,1.6139441,2.29065504,2.8219075200000003,-0.5241468095,-1.0247718919999995,-0.0769854168,-0.2198223939999999,2.2813203700000013,-5.279049090999996,0.3358930075999996,-1.1454403523999994
21,GLY,0.584,0.323008849557522,0.9000400000000001,0.80782,0.4161800000000002,0,0.0,0.03,0.48,0.4556,0.0,1.0,0.5062,0.69388514,1.3374101099999998,1.88417147,2.2953462,-0.4837479645,-0.9385969933,-0.08202501054,-0.2327473888399999,1.8422799879999991,-3.563357743000001,0.3258182735999999,-0.8991382519700002
22,ARG,2.176,0.6489710706829704,3.87071,0.9286,0.2484000000000001,0,0.0,-1.3,-2.5,0.0,0.7346,0.9398,0.6914,0.9729690400000002,1.88425748,2.67661309,3.3012871999999995,-0.5106914825000001,-0.9879094570000002,-0.08985644726,-0.254105849,2.315754717999998,-3.951891823,0.3806826322,-0.9954958475999994
23,TYR,0.934,0.2740610328638498,3.35622,1.7942900000000002,0.6797099999999996,1,0.111111111111111,-0.27,0.26,0.3556,0.8063,0.502,0.1605,1.39117685,2.70125949,3.8545368,4.785658229999999,-0.6121685210000001,-1.1929266787,-0.0957831292,-0.2726478615,1.610361503000001,-3.3144299972000018,0.257610098,-0.7567511597999996
24,VAL,1.079,0.4431211498973306,1.81951,1.03673,0.3192700000000001,1,0.25,1.6,1.1,0.9667,0.4924,0.3655,0.1235,1.11316534,2.16281278,3.08974639,3.8430729599999993,-0.8508606792,-1.6519878733999995,-0.14095485597,-0.3996993934999999,1.808625145,-3.1102726769999998,0.2700782423000001,-0.7272403974999999
25,PRO,1.018,0.4565022421524664,1.70444,1.00479,0.2072099999999999,1,0.142857142857143,-0.37,0.12,0.3222,0.3764,0.8594,0.3827,0.8337688800000002,1.6135031,2.28914939,2.8182909,-0.8423960121999999,-1.6365848213999998,-0.13915460294,-0.3950960469,1.4528293240000003,-3.387875281800003,0.2345777393999998,-0.7908179442999996
26,PRO,0.795,0.3565022421524664,1.77332,1.17109,0.2639100000000001,1,0.142857142857143,-0.37,0.12,0.3222,0.3764,0.8594,0.3827,0.97326349,1.88658749,2.68436516,3.31930223,-0.7594596465000001,-1.4846918907,-0.1112687776399999,-0.3175567544,2.200185106,-4.542824958700001,0.3446124290999997,-1.0110534852000004
27,HIS,1.613,0.5833634719710669,3.12088,0.9526,0.1994000000000002,2,0.333333333333333,-0.91,-0.4,0.1444,0.561,0.1124,0.679,0.83391202,1.61464202,2.29296077,2.8272159300000004,-0.667436406,-1.2978438889999997,-0.1076169838,-0.3055356318,3.924771686,-7.486460309999994,0.6447669364000003,-1.823517164099998
28,LEU,1.569,0.590293453724605,2.61199,0.85223,0.2367699999999999,2,0.4,1.4,1.1,0.9222,0.663,0.2811,0.0,0.83378046,1.6136152199999998,2.28959322,2.81953816,-0.756709647,-1.4725297409999996,-0.1207110099,-0.34301208,3.651386247000002,-9.637481958000008,0.5873730691000003,-2.273828620000001
29,ARG,1.96,0.5845511482254697,3.75731,1.12102,0.2719800000000001,2,0.5,-1.3,-2.5,0.0,0.7346,0.9398,0.6914,0.8335280199999999,1.61163632,2.28307664,2.80459796,-0.8364514390000001,-1.628046664,-0.1334648906,-0.3794560534,4.435618312000003,-10.946141449000002,0.730556922000002,-2.685296251600004
30,GLY,0.862,0.4767699115044247,0.97108,0.70214,0.24386,1,0.2,0.03,0.48,0.4556,0.0,1.0,0.5062,0.83372968,1.61321089,2.28823968,2.8163669500000004,-0.6712764299999998,-1.3023801767,-0.1129362523299999,-0.3201857624999999,6.429548377999991,-13.330466034399985,1.120246044799999,-3.4185086330000005
31,GLY,0.66,0.3650442477876106,0.91134,0.79123,0.3567700000000001,1,0.142857142857143,0.03,0.48,0.4556,0.0,1.0,0.5062,1.11318956,2.16300588,3.0903936999999995,3.84459267,-1.0435788409999998,-2.041208172,-0.1511417571,-0.4315210392,9.326015255999964,-18.301327589999968,1.3300690143999951,-3.825848987999993
32,ASP,0.893,0.3330846698992913,2.30274,1.08534,0.7026600000000001,2,0.222222222222222,-0.1,-0.9,0.1111,0.3239,0.8675,1.0,1.11193806,2.15323619,3.05835383,3.771543110000001,-1.1559007417,-2.257496624,-0.17317734674,-0.4938968947,10.304910586999965,-19.10482675699993,1.5192538619999898,-4.106330602499991
33,GLY,0.878,0.4856194690265487,1.0298,0.6073999999999999,0.3226000000000001,1,0.2,0.03,0.48,0.4556,0.0,1.0,0.5062,0.83378841,1.61366028,2.28968129,2.81955429,-0.6555651416,-1.2734666955999998,-0.1081084917199999,-0.3068147652,9.025886672000029,-17.307862288000027,1.499456158499994,-4.347808083399977
34,GLY,0.802,0.4435840707964602,0.88872,0.79023,0.21577,2,0.333333333333333,0.03,0.48,0.4556,0.0,1.0,0.5062,0.83365901,1.6126751299999995,2.28653854,2.81266005,-0.5709615298,-1.1045221882999998,-0.10010545725,-0.2830071798999999,11.103797342000076,-16.70775969129991,1.85311653389999,-4.354716885699983
35,ALA,0.867,0.3975240715268225,1.16681,0.94403,0.36997,2,0.222222222222222,0.77,0.62,0.7,0.1645,0.249,0.3951,1.25194611,2.4302747799999995,3.4663467,4.30109733,-1.6322114637999996,-3.1924764516,-0.2379242969999999,-0.6796276249000001,17.384458459999994,-34.40361397650001,2.5670525289999904,-7.41865346070001
36,ALA,0.999,0.4580467675378267,1.24754,0.83173,0.3502699999999999,0,0.0,0.77,0.62,0.7,0.1645,0.249,0.3951,1.1132735,2.1636551,3.09250169,3.84933318,-1.3567291665,-2.6526102280000003,-0.1980943803,-0.5653270118,16.70631266499997,-30.64494574349992,2.538680341399973,-6.745112272500007
37,ALA,0.99,0.4539202200825309,1.24067,0.8493699999999998,0.3416300000000002,0,0.0,0.77,0.62,0.7,0.1645,0.249,0.3951,0.97334173,1.88719485,2.68634422,3.32377555,-1.6336824629,-3.1768726665000004,-0.26283782844,-0.7461628305,19.583083343000084,-35.65499470099993,3.231887397199999,-8.903451138399962
38,ALA,1.088,0.4988537368179734,1.48656,0.6388800000000001,0.4541199999999998,0,0.0,0.77,0.62,0.7,0.1645,0.249,0.3951,1.5315710300000005,2.98134659,4.27264706,5.338649469999999,-2.3020313886399992,-4.5018638417000005,-0.336251604566,-0.9602523972100002,23.919677418000116,-21.13634896050002,3.464726755800029,-4.629885747616006
39,ALA,0.848,0.3888124713434204,1.24973,0.92559,0.40741,0,0.0,0.77,0.62,0.7,0.1645,0.249,0.3951,1.5308687799999998,2.97587345,4.254728699999999,5.29789342,-2.626294431099999,-5.126829247299998,-0.39634351385,-1.12971691942,24.31822780300009,-24.037275336100137,3.815509368299991,-5.538269150039997
40,SER,0.504,0.2316176470588235,1.49387,1.1628699999999998,0.5091300000000003,0,0.0,-0.1,-0.18,0.4111,0.1877,0.8514,0.5309,1.80964821,3.52031843,5.03920213,6.285390470000001,-2.6553838106380003,-5.179564347254003,-0.4087195497456999,-1.1646430736879996,24.43918634200012,-26.902663177340013,3.8202642426999778,-6.1657862097180045
41,ALA,1.021,0.4681338835396607,1.19673,0.85248,0.3075200000000001,0,0.0,0.77,0.62,0.7,0.1645,0.249,0.3951,1.67131249,3.25635253,4.67414576,5.8539288,-2.4679997532399995,-4.8102984942,-0.3814031808400001,-1.0850080609299997,25.54596787599997,-21.295970491599935,3.905312771099951,-5.26103469614002
42,GLY,0.651,0.3600663716814159,0.92879,0.85613,0.3008700000000001,0,0.0,0.03,0.48,0.4556,0.0,1.0,0.5062,1.94984265,3.7988594500000006,5.452289700000001,6.82707584,-2.260109469360001,-4.4129587049,-0.340742306995,-0.9717020279799996,23.77844390400012,-17.960512843699977,3.6583394131000175,-4.2333716745499945
43,GLY,0.354,0.1957964601769911,0.80616,1.01035,0.4436500000000003,0,0.0,0.03,0.48,0.4556,0.0,1.0,0.5062,1.2514722699999998,2.4265867599999997,3.4542924799999994,4.2737405100000005,-1.548031285199999,-3.0136552654,-0.24433246035,-0.6943093189999998,25.25547831000001,-32.6381430190002,3.991402994500049,-7.743313205399986
44,ASP,0.922,0.3439015292801193,2.16388,1.22663,0.5323699999999998,0,0.0,-0.1,-0.9,0.1111,0.3239,0.8675,1.0,1.11305752,2.16196,3.08691028,3.83648582,-1.1582981802000003,-2.2554667632000003,-0.18344607308,-0.5217640305000001,20.88486196100005,-26.316575790699986,3.410363883400007,-6.444580399799983
45,ASP,1.083,0.4039537486012681,2.09276,1.10989,0.48811,0,0.0,-0.1,-0.9,0.1111,0.3239,0.8675,1.0,0.83371616,1.6131225,2.28801093,2.8160345500000004,-1.3215669935000005,-2.5706249865000013,-0.2119051099999999,-0.6018106369,21.490909825000085,-37.25163740150013,3.349714284800045,-8.92923088390002
46,ARG,2.273,0.6779003877124963,4.03223,0.7637299999999999,0.3162700000000001,0,0.0,-1.3,-2.5,0.0,0.7346,0.9398,0.6914,0.97293633,1.8840017,2.67577399,3.29937335,-1.4523066615,-2.8181744859999998,-0.2437538882,-0.6911574694,24.490542650000148,-42.5397915269999,4.052802755500001,-10.678239484900011
47,ARG,1.323,0.394572025052192,3.18996,1.78382,0.2461800000000003,0,0.0,-1.3,-2.5,0.0,0.7346,0.9398,0.6914,1.94918886,3.79375646,5.435556849999999,6.788935159999999,-2.2285330775000007,-4.357085482700001,-0.32548253987,-0.92889338524,29.185486654000183,-34.367659012299896,4.2737024460000175,-7.552843063549992
48,GLY,0.221,0.1222345132743362,0.78401,1.00698,0.58002,0,0.0,0.03,0.48,0.4556,0.0,1.0,0.5062,2.3678095000000003,4.6139642400000005,6.623934089999999,8.29695606,-2.460743397200001,-4.8033690161,-0.37440806614,-1.06778233181,31.77714431700019,-38.7261988126998,4.722556182799959,-8.465334962479988
49,GLY,0.682,0.377212389380531,0.8890600000000001,0.7266900000000001,0.3993099999999998,0,0.0,0.03,0.48,0.4556,0.0,1.0,0.5062,1.39109538,2.70064168,3.85257276,4.78137236,-2.2159074923000004,-4.2991768529,-0.3724029311399998,-1.0556539768000004,33.51182283000008,-35.58203509339995,5.585746881400027,-9.43385433320002
50,ALA,0.766,0.3512150389729482,1.14612,0.87408,0.5409200000000001,0,0.0,0.77,0.62,0.7,0.1645,0.249,0.3951,1.52984435,2.96790022,4.228662289999999,5.23871084,-1.9585625508499995,-3.80429926604,-0.323107817186,-0.91686804523,34.73286615400007,-28.4912897148,5.748518884199936,-7.305338515409957
51,GLY,0.383,0.2118362831858407,0.87625,0.91372,0.5112800000000001,0,0.0,0.03,0.48,0.4556,0.0,1.0,0.5062,2.5062260500000004,4.87862044,6.99146405,8.734705869999999,-2.6622501370999987,-5.193743596700003,-0.4082785608499999,-1.1634780597299998,32.55544910700008,-32.754696424399995,4.896617603299968,-7.299480442569965
52,GLY,0.238,0.1316371681415929,0.75153,0.98984,0.5801600000000001,0,0.0,0.03,0.48,0.4556,0.0,1.0,0.5062,2.64695815,5.16136765,7.4183796,9.30802356,-2.701217606924001,-5.260477578429997,-0.4261308632059998,-1.21199279819,34.3126085720001,-26.649523900920094,5.237794910900062,-6.36637794075101
53,GLY,0.664,0.3672566371681416,0.92036,0.78766,0.3563400000000001,0,0.0,0.03,0.48,0.4556,0.0,1.0,0.5062,2.08953177,4.07343732,5.8523171,7.3387920599999985,-2.8483329704500013,-5.544638044100001,-0.4528431771649999,-1.2874802498699995,32.17992744500022,-49.30348718529974,5.014540156299968,-11.703302844349976
54,GLY,0.231,0.1277654867256637,0.72749,1.0445899999999997,0.5324100000000003,0,0.0,0.03,0.48,0.4556,0.0,1.0,0.5062,1.8084185,3.5107553199999995,5.00796618,6.21456054,-2.935290321800001,-5.7095270167,-0.4737464676899994,-1.3462123149500005,33.54229078600018,-49.77303074449991,5.341413295299883,-12.05224517391001
55,TYR,0.246,0.0721830985915493,2.98119,2.12387,1.0381299999999998,0,0.0,-0.27,0.26,0.3556,0.8063,0.502,0.1605,2.3647511100000003,4.590089850000001,6.545642530000001,8.118472950000001,-3.0075441757743007,-5.848985859192855,-0.4902018852255758,-1.3936549601745944,28.51123875300013,-34.6744262887286,4.60644998410001,-8.382624536465945
56,ARG,1.294,0.3859230539815091,3.2832100000000004,1.56585,0.4931500000000002,0,0.0,-1.3,-2.5,0.0,0.7346,0.9398,0.6914,3.06506185,5.977596449999999,8.593895680000003,10.787293069999995,-3.4667024586690016,-6.781818248735998,-0.5014568497164,-1.4322243053410002,24.2359602000002,-36.34060978050009,3.5004774665999867,-7.705230745399987
57,ARG,1.699,0.506710408589323,3.6011,1.3605,0.2935000000000001,0,0.0,-1.3,-2.5,0.0,0.7346,0.9398,0.6914,1.67018798,3.2475356,4.64509426,5.787274270000001,-2.2431609597800017,-4.358289504499999,-0.36902961598,-1.0475998994599998,26.70330583099994,-23.152909004900035,4.290697066399994,-6.165270614059989
58,GLY,0.654,0.3617256637168141,0.88104,0.7825799999999999,0.37142,0,0.0,0.03,0.48,0.4556,0.0,1.0,0.5062,1.3919357400000003,2.70721385,3.87417057,4.83075231,-2.269791337609999,-4.426476521099998,-0.3490598279229999,-0.99400989452,23.86250278199992,-33.21985072763987,3.606260809700018,-7.654040584690029
59,GLY,0.838,0.4634955752212389,0.9675,0.6953299999999999,0.2746700000000002,0,0.0,0.03,0.48,0.4556,0.0,1.0,0.5062,1.53211099,2.9855863,4.28663798,5.37081655,-2.05682096695,-4.031731714229999,-0.2840688849490001,-0.8126728960780002,24.44431487000013,-37.93127466746007,3.41334675519998,-7.722926104096011
60,GLY,0.55,0.3042035398230088,0.92753,0.9003300000000001,0.3576699999999999,0,0.0,0.03,0.48,0.4556,0.0,1.0,0.5062,1.67097343,3.25369413,4.66538527,5.8338249200000005,-1.4101051959000002,-2.7634250280000003,-0.1972045809899999,-0.5643780921700001,29.703564913000317,-23.357640280699865,4.2967951770000425,-4.8119291017000005
61,ASN,1.206,0.4932515337423313,2.19334,1.11786,0.12114,1,0.0833333333333333,-0.1,-0.78,0.1111,0.3976,0.6747,0.8272,1.25208954,2.43138934,3.46998507,4.30934172,-1.08990934863,-2.12005071664,-0.17702844535,-0.5033503361239999,30.09418811299996,-16.583044840379994,4.723156399600046,-3.999780041559995
62,SER,1.252,0.5753676470588235,1.49553,0.71068,0.2133200000000001,0,0.0,-0.1,-0.18,0.4111,0.1877,0.8514,0.5309,1.11263939,2.15868666,3.07614312,3.81183821,-1.1422268486350005,-2.213647789082001,-0.1964040957419,-0.5565058113226002,26.324167167000223,-23.886899889130067,4.118460565000009,-5.6838934606624845
63,GLY,0.672,0.3716814159292035,0.82798,0.8485,0.2875000000000001,1,0.0625,0.03,0.48,0.4556,0.0,1.0,0.5062,1.67028499,3.2482848200000003,4.6475228500000005,5.792721039999999,-1.1813574017000006,-2.2979994788400004,-0.1910005745299999,-0.5429059586599999,26.21261382900017,-33.83994163291988,4.043713684200008,-7.878699428580006
64,GLY,0.247,0.1366150442477876,0.77944,1.05219,0.50881,3,0.0857142857142857,0.03,0.48,0.4556,0.0,1.0,0.5062,2.0860818400000003,4.046560580000001,5.764358830000001,7.13881129,-2.0822588723,-4.05267219946,-0.3319253894319999,-0.9435346813299996,26.87646549600017,-41.35177910858009,4.183799684800024,-9.967038537760034
65,GLY,0.604,0.3340707964601769,0.8564,0.738,0.4660000000000002,0,0.0,0.03,0.48,0.4556,0.0,1.0,0.5062,1.2508595300000005,2.42182798,3.4387652600000003,4.2385783,-2.1327431353999997,-4.146468105199999,-0.34609789912,-0.9828068812100004,23.83548733200005,-40.36370065539983,3.832356845900008,-9.801466909120013
66,GLY,0.96,0.5309734513274336,0.94045,0.67052,0.17748,0,0.0,0.03,0.48,0.4556,0.0,1.0,0.5062,1.11235321,2.15647475,3.06896615,3.79571118,-2.0979491921499998,-4.0933401851,-0.3199372741799999,-0.91157010745,22.430949963000312,-41.46029611699985,3.534601346500026,-9.697843517300017
67,GLY,0.487,0.269358407079646,0.86446,0.88891,0.4320900000000002,2,0.105263157894737,0.03,0.48,0.4556,0.0,1.0,0.5062,1.25097083,2.42264403,3.4412621100000003,4.24372338,-1.6374788602,-3.1809919643,-0.27178078343,-0.7718719376100001,22.40438650600013,-21.05703956060008,3.777102789000018,-5.466347617799953
68,GLY,0.197,0.1089601769911504,0.74065,1.00363,0.60737,3,0.111111111111111,0.03,0.48,0.4556,0.0,1.0,0.5062,1.9477587700000003,3.78265977,5.39939769,6.707204639999998,-2.85565696113,-5.576208633800002,-0.42795401945,-1.2200371942399997,21.784588870000054,-18.924216212899974,3.235065348399988,-4.334336504719997
69,GLY,0.144,0.079646017699115,0.76362,0.9993,0.6647000000000002,4,0.105263157894737,0.03,0.48,0.4556,0.0,1.0,0.5062,2.5047611,4.86725565,6.9544308,8.65098574,-2.8885839590600018,-5.605768316699999,-0.4839250592699999,-1.3722431735699996,19.6872763199999,-22.372715739800007,3.05250586090001,-5.158861559430007
70,TYR,0.486,0.1426056338028169,3.06199,2.06332,0.8586799999999997,5,0.121951219512195,-0.27,0.26,0.3556,0.8063,0.502,0.1605,3.0619055900000003,5.95302704,8.513552920000002,10.6048176,-1.8606283650099995,-3.61438450803,-0.3050762253640001,-0.86539258331,26.328361256999933,-28.69753961969993,4.390405002899969,-7.500218849799965
71,ASP,0.301,0.1122715404699738,1.934,1.55519,0.82481,4,0.133333333333333,-0.1,-0.9,0.1111,0.3239,0.8675,1.0,2.64470379,5.14373508,7.360435809999999,9.17555295,-2.485550474483584,-4.84189836649517,-0.3894257269069548,-1.1077235487659345,20.160037899000063,-23.55338079535708,3.110940557200013,-5.4651366745345
72,ARG,0.863,0.2573814494482552,3.0896600000000003,1.98532,0.5046800000000002,1,0.0625,-1.3,-2.5,0.0,0.7346,0.9398,0.6914,2.92727109,5.717874170000001,8.24272497,10.387399249999998,-2.89639245672,-5.63602065794,-0.462631641437,-1.3146482467099998,24.18794202800016,-19.9145306368,3.5460703563000315,-4.660669848830009
73,GLY,0.39,0.2157079646017699,0.92761,0.82732,0.5906800000000001,0,0.0,0.03,0.48,0.4556,0.0,1.0,0.5062,2.2277443800000003,4.336447440000001,6.21425923,7.76321789,-3.2516000289900013,-6.3218824212300015,-0.5277880990839999,-1.4988329613300002,23.063104209000144,-26.28179395950008,3.5942552557999985,-6.272771122119992
74,TYR,0.08,0.0234741784037558,2.79236,2.27126,1.05674,1,0.0333333333333333,-0.27,0.26,0.3556,0.8063,0.502,0.1605,3.06286381,5.960456440000001,8.53775616,10.6595223,-2.663236706830001,-5.175349488200001,-0.4372978007800002,-1.2417944960700005,19.381807421000083,-25.273814772099964,2.9284102339000047,-5.715708198499986
75,ASN,0.06,0.0245398773006134,1.6192,1.7724700000000002,0.6125299999999996,0,0.0,-0.1,-0.78,0.1111,0.3976,0.6747,0.8272,3.0620467,5.95399057,8.516240400000001,10.60949986,-2.81806092499,-5.471942377839999,-0.4700210155729999,-1.33404061999,23.15184136900005,-36.03969219840003,3.8705052627999903,-9.050560239640038
76,ASP,0.73,0.2722864602760164,2.0886,1.3164,0.6346,0,0.0,-0.1,-0.9,0.1111,0.3239,0.8675,1.0,2.9234868400000003,5.68832223,8.14575585,10.166132349999998,-3.0715933587699995,-5.956188560299999,-0.5198139500850002,-1.4726592698599996,19.727791607000185,-22.800254473200035,3.048951970399981,-5.206388242900008
77,ASN,0.193,0.0789366053169734,1.84706,1.5738399999999997,0.6781600000000001,0,0.0,-0.1,-0.78,0.1111,0.3976,0.6747,0.8272,3.48255412,6.7889606,9.75315401,12.228574630000002,-3.707597249649999,-7.225354740299999,-0.5787819902900003,-1.6474711600739995,22.890155522000008,-17.209732146869964,3.718402178999964,-4.460446402076008
78,ARG,0.235,0.0700864897107068,2.5374,2.2557200000000006,0.8622799999999997,0,0.0,-1.3,-2.5,0.0,0.7346,0.9398,0.6914,2.9252888400000003,5.70234077,8.191569990000001,10.270105159999998,-4.155488431970002,-8.1034178063,-0.6393426389800001,-1.8204481487800004,17.631188714000075,-19.128291225400044,2.8356700662,-4.7786361305400025
79,ASP,0.606,0.2260350615441999,2.13147,1.3230499999999998,0.7519500000000003,0,0.0,-0.1,-0.9,0.1111,0.3239,0.8675,1.0,2.2290211800000006,4.346445790000001,6.2471575900000005,7.8385577,-3.177497009340001,-6.18254422707,-0.508545141419,-1.4450155071240005,26.163498306000296,-23.197479922850057,4.123195553400021,-5.625720680687986
80,ASP,0.24,0.0895188362551286,1.71173,1.5093100000000002,0.9316899999999996,0,0.0,-0.1,-0.9,0.1111,0.3239,0.8675,1.0,1.66948501,3.24210673,4.62749425,5.747770349999999,-2.19692421625,-4.259217208900001,-0.3738307124900001,-1.0591216687000002,21.47731723300012,-23.14661926289996,3.4622203048000264,-6.002797141949977
81,ARG,1.175,0.3504324485535341,3.5868200000000003,1.6290099999999996,0.5489900000000003,0,0.0,-1.3,-2.5,0.0,0.7346,0.9398,0.6914,2.08852186,4.0655588,5.82649329,7.27995525,-2.0056929941400004,-3.919131853,-0.297655913333,-0.84934051304,19.03515559099998,-18.67191781870008,2.817141685400016,-4.1665199507200015
82,ASP,0.646,0.2409548675867213,2.07369,1.38984,0.6451600000000002,0,0.0,-0.1,-0.9,0.1111,0.3239,0.8675,1.0,1.67082234,3.2525095099999994,4.66148127,5.82486442,-1.3989745860999998,-2.7209554229000004,-0.2248096053699999,-0.6384086198700002,22.264658867000083,-18.626764544400032,3.5712632811000398,-5.002076606010011
83,ASN,1.534,0.6274028629856852,2.58822,0.64045,0.2705499999999998,0,0.0,-0.1,-0.78,0.1111,0.3976,0.6747,0.8272,1.81166383,3.53611136,5.091200440000001,6.404576349999999,-2.0628700783,-4.018937740769999,-0.3216059829239999,-0.914587095034,22.19983390900002,-23.1493600664501,3.4373004553000284,-5.804020601014021
84,ARG,1.404,0.4187294959737548,3.2084500000000005,1.63266,0.3163400000000003,0,0.0,-1.3,-2.5,0.0,0.7346,0.9398,0.6914,1.53147895,2.98066044,4.2705116,5.33413661,-2.51847173342,-4.900112421997997,-0.4013241990657,-1.1398543019435,21.898134076000115,-33.12241360869787,3.2846103337000203,-7.517648718793485
85,GLY,0.319,0.1764380530973451,0.69744,0.8993,0.5897000000000001,3,0.15,0.03,0.48,0.4556,0.0,1.0,0.5062,1.9490701,3.79280957,5.432383430000001,6.781490359999999,-2.507103261670001,-4.882845910029998,-0.3967028288359999,-1.1287951193,25.853950246999972,-33.578835600500085,4.025983328800028,-7.812683010099995
86,GLY,0.193,0.1067477876106194,0.75125,0.98588,0.62912,3,0.0833333333333333,0.03,0.48,0.4556,0.0,1.0,0.5062,2.64379921,5.136730730000001,7.33765592,9.12419418,-1.7037523433000006,-3.308364360200001,-0.2818039323930001,-0.79926013877,23.09660284399997,-11.92555318788005,3.660776989300032,-2.874005077050008
87,SER,0.387,0.1778492647058823,1.6063,1.16267,0.6263300000000003,1,0.0222222222222222,-0.1,-0.18,0.4111,0.1877,0.8514,0.5309,3.76105824,7.331342860000001,10.531157960000002,13.2022232,-1.4068581559260005,-2.7486994523800004,-0.207847494563,-0.5926704739140001,20.85929401999984,-24.209455166099943,2.9452351893999977,-5.054727171000006
88,GLY,0.178,0.0984513274336283,0.7010599999999999,1.01546,0.6145400000000001,0,0.0,0.03,0.48,0.4556,0.0,1.0,0.5062,2.50339402,4.856676960000001,6.92005452,8.573574879999999,-1.3712547735659997,-2.6511834993380003,-0.2421791236599999,-0.6842650445459998,16.092059679999956,-13.759024320015998,2.635730533999995,-3.469242809943998
89,GLY,0.027,0.014933628318584,0.71794,0.97122,0.80978,0,0.0,0.03,0.48,0.4556,0.0,1.0,0.5062,1.94388636,3.752562540000001,5.3011363,6.484510370000001,-1.7613274885999997,-3.4120351693999984,-0.305348614,-0.8651336866700003,20.54491919799994,-26.74955786140003,3.575891995899971,-7.100435786529986
90,TYR,1.939,0.5689553990610329,3.91932,1.16189,0.30711,0,0.0,-0.27,0.26,0.3556,0.8063,0.502,0.1605,2.08716324,4.055020669999999,5.79216416,7.202390889999999,-2.297246717000001,-4.476156702200002,-0.3589268277360001,-1.0213178614500005,22.68734043600008,-40.037234582899934,3.4024316562000028,-9.08929064673002
91,GLY,0.252,0.1393805309734513,0.79511,1.03039,0.5256100000000001,1,0.0303030303030303,0.03,0.48,0.4556,0.0,1.0,0.5062,2.50467545,4.866613640000001,6.95242237,8.646711579999998,-1.4888192271200005,-2.878054954069999,-0.265754021899,-0.7514522748599998,22.76912437400016,-26.167862995799904,3.708635263100021,-6.840057907809966
92,ARG,1.634,0.4873247837757232,3.37756,1.41639,0.3026100000000002,3,0.115384615384615,-1.3,-2.5,0.0,0.7346,0.9398,0.6914,2.08718875,4.05517222,5.792499499999999,7.202662799999999,-2.0201429582,-3.9107843671,-0.351753834974,-0.99544578795,27.00877417400029,-33.55570425260011,4.410283432199996,-8.532294765349974
93,ASP,0.827,0.3084669899291309,2.13541,1.11992,0.7340800000000001,2,0.0833333333333333,-0.1,-0.9,0.1111,0.3239,0.8675,1.0,2.22751601,4.33467788,6.20850168,7.75023009,-2.2023829791600003,-4.294034687099999,-0.3424065741750001,-0.9754765734199998,25.58640913800036,-33.253680706800026,3.945685006000004,-7.560497067419983
94,ARG,2.27,0.6770056665672531,3.91414,0.93216,0.15084,1,0.0909090909090909,-1.3,-2.5,0.0,0.7346,0.9398,0.6914,1.5315265100000002,2.98100248,4.27153084,5.33614311,-2.129722327300001,-4.146740129999999,-0.3368828765999999,-0.9578779208600005,22.286832901000203,-30.60392732259992,3.4032815092999824,-6.991230009320015
95,ASN,0.588,0.2404907975460122,2.06201,1.4029599999999998,0.45404,2,0.133333333333333,-0.1,-0.78,0.1111,0.3976,0.6747,0.8272,1.5301911700000002,2.9705823800000006,4.237372860000001,5.25831142,-2.695671989800001,-5.246786318300001,-0.4294755588,-1.2209196415,22.19090415600026,-39.59581337239997,3.526643794899976,-9.254754499999985
96,TYR,0.501,0.1470070422535211,3.16561,2.08551,0.8214899999999998,3,0.15,-0.27,0.26,0.3556,0.8063,0.502,0.1605,2.08778992,4.0598781200000005,5.807980060000001,7.23810402,-2.76824636034,-5.3998593816,-0.421873176448,-1.2011847077749995,22.41313903800015,-30.70092427889993,3.334638790200049,-6.882395293684984
97,GLU,0.967,0.3544721407624633,2.95957,1.2193899999999998,0.5416100000000004,1,0.0625,-0.1,-0.74,0.1111,0.4884,0.8112,0.9136,2.08909819,4.07002406,5.841021220000001,7.31272423,-2.35494160029,-4.584939333849999,-0.3745802545350001,-1.06542119997,19.95202251700006,-24.621056072450006,3.1707314754000397,-6.266251119489998
98,ASP,0.547,0.2040283476314808,2.01584,1.58167,0.5523299999999998,1,0.111111111111111,-0.1,-0.9,0.1111,0.3239,0.8675,1.0,2.09023469,4.0789421400000005,5.87043025,7.38027417,-3.23161267024,-6.29792755713,-0.5016322239049997,-1.427158261206,21.49454784100016,-17.69376608606007,3.3138340547999867,-4.691174939369991
99,ARG,1.528,0.4557113033104682,3.60593,1.28831,0.5366900000000001,0,0.0,-1.3,-2.5,0.0,0.7346,0.9398,0.6914,2.22894501,4.34584352,6.245153540000001,7.833900249999998,-4.512276395093998,-8.798078319300004,-0.696601849525,-1.983413021614,18.708758453999927,-18.113705681459955,2.864651879499996,-4.3601579220269935
100,GLY,0.106,0.0586283185840707,0.70333,0.98048,0.7215199999999999,0,0.0,0.03,0.48,0.4556,0.0,1.0,0.5062,2.50600862,4.87702827,6.986602349999999,8.724717459999999,-3.39267698888,-6.592656831369999,-0.5555955505860001,-1.577114503960001,19.71267276900002,-17.61849388248,3.159236496400004,-4.4917206953300015
101,TYR,0.211,0.0619131455399061,3.13351,2.20915,0.9878500000000004,0,0.0,-0.27,0.26,0.3556,0.8063,0.502,0.1605,2.64564549,5.15107926,7.38449337,9.230316150000002,-3.35840297036,-6.540763955099997,-0.5287548310499999,-1.5038412489999995,18.972872057000117,-18.777172579099982,3.009897759099997,-4.595602253379997
102,ASN,0.472,0.1930470347648261,2.29028,1.50201,0.4709899999999998,0,0.0,-0.1,-0.78,0.1111,0.3976,0.6747,0.8272,2.6466862,5.15920801,7.411166740000001,9.29117591,-4.098960148309999,-7.99758076188,-0.623340819411,-1.7755660223760006,19.842638914000048,-21.21504234624,3.09325117729998,-5.040008016607997
103,GLY,0.5,0.2765486725663716,0.91011,0.8864799999999999,0.4215200000000001,0,0.0,0.03,0.48,0.4556,0.0,1.0,0.5062,2.22894271,4.345825910000001,6.24509786,7.83377987,-3.002986367170001,-5.852624091949999,-0.46559249916,-1.3246323439499998,23.622563916000043,-31.3556786988,3.611811627899981,-7.223083445609988
104,GLY,0.45,0.2488938053097345,0.91049,0.9267,0.4313000000000001,0,0.0,0.03,0.48,0.4556,0.0,1.0,0.5062,2.78748239,5.442472200000001,7.839834770000002,9.8686666,-2.411443550300001,-4.7108240878400025,-0.3577222649969999,-1.02004374475,21.50804846199998,-33.38843131000004,3.199148180399979,-7.500703797440009
105,GLY,0.718,0.3971238938053097,0.93799,0.77103,0.3189700000000001,0,0.0,0.03,0.48,0.4556,0.0,1.0,0.5062,1.67122829,3.25570627,4.67206354,5.84929413,-1.8800150117,-3.6677048244,-0.28536386969,-0.8124350055999996,22.044947832000176,-26.59592387840005,3.402041674199992,-6.355565911600005
106,GLY,0.51,0.2820796460176991,0.94913,0.81371,0.48429,0,0.0,0.03,0.48,0.4556,0.0,1.0,0.5062,1.39067334,2.69735656,3.841831790000001,4.756982819999999,-1.8049328538699996,-3.518390877199999,-0.280880026584,-0.7998291866299999,21.066141342000147,-31.72966759109997,3.236976112399975,-7.312900848959988
107,GLY,0.658,0.3639380530973451,0.90431,0.79202,0.3579799999999999,0,0.0,0.03,0.48,0.4556,0.0,1.0,0.5062,1.11157124,2.15036944,3.04894137,3.75004946,-1.5159789349799997,-2.949002539099999,-0.24491109194,-0.6961639034699998,17.60240872,-24.545510065500004,2.762549241999995,-5.760520299960024
108,GLY,0.722,0.3993362831858407,0.9702,0.7164200000000001,0.36958,0,0.0,0.03,0.48,0.4556,0.0,1.0,0.5062,0.9734407899999998,1.88795609,2.6887981,3.3292381200000003,-1.1938466359800002,-2.32102631897,-0.193449406576,-0.54922004534,14.732032340000089,-16.747639476249926,2.3036061926000166,-3.921468621730012
109,GLY,0.533,0.2948008849557522,0.71379,0.98708,0.2879199999999998,0,0.0,0.03,0.48,0.4556,0.0,1.0,0.5062,1.81023768,3.52501075,5.05490775,6.322173719999999,-1.4825651828000004,-2.8950200075,-0.2204967951699999,-0.6281612988499999,26.79777638700008,-28.96068180659996,3.80618160460001,-6.222703076399996
110,ASN,0.52,0.212678936605317,2.03305,1.58209,0.3429099999999998,0,0.0,-0.1,-0.78,0.1111,0.3976,0.6747,0.8272,2.5061429900000003,4.877948470000001,6.989178300000001,8.729241859999998,-1.8377621981,-3.5891663727600003,-0.2766059934729998,-0.7892081075099998,27.650210862000197,-35.305020473160006,4.085153181400005,-7.680063857359981
111,ARG,1.937,0.5776916194452729,3.59978,1.16363,0.2523700000000002,0,0.0,-1.3,-2.5,0.0,0.7346,0.9398,0.6914,1.66892495,3.23777479,4.61341899,5.71607428,-2.1204109316,-4.125992528999999,-0.33804703513,-0.96036534596,25.061844552000093,-38.62028987400015,3.947195704,-8.906445183199981
112,GLY,0.472,0.2610619469026548,0.72994,0.86982,0.46618,0,0.0,0.03,0.48,0.4556,0.0,1.0,0.5062,1.39084086,2.69871037,3.8464308900000006,4.767956189999999,-1.7678376132700002,-3.4388455743999997,-0.284797413035,-0.8092509132750002,17.914842568000097,-28.856774923260023,2.809275114600005,-6.7319857956619735
113,TYR,1.539,0.4515845070422535,3.95141,1.3016,0.5674000000000001,0,0.0,-0.27,0.26,0.3556,0.8063,0.502,0.1605,1.5291332300000002,2.9623827400000007,4.210676,5.19802392,-2.0622789156,-4.0057689923,-0.33954098589,-0.96328638581,17.973531108000163,-27.888756990759894,2.9830246040999944,-7.212490472859992
114,ASN,0.853,0.3488752556237219,2.07833,1.0793399999999995,0.5126600000000001,0,0.0,-0.1,-0.78,0.1111,0.3976,0.6747,0.8272,2.36746243,4.6113893300000015,6.61595026,8.28015984,-2.088061351433,-4.07493770888,-0.3156893599999999,-0.8992675563279998,21.575592373999992,-24.98026906672995,2.9648616546999724,-5.211991979813003
115,ASN,0.762,0.3116564417177914,2.09093,1.23332,0.4496799999999998,0,0.0,-0.1,-0.78,0.1111,0.3976,0.6747,0.8272,1.94828627,3.78678871,5.412968230000001,6.738224389999999,-1.95007249822,-3.7926647084600007,-0.3151395053850001,-0.8952902356099994,13.122099148000048,-8.596800645319997,2.0549383550000075,-1.8514833820800016
116,ASN,1.233,0.5042944785276074,2.37001,0.98296,0.2290399999999997,0,0.0,-0.1,-0.78,0.1111,0.3976,0.6747,0.8272,1.80967178,3.52054028,5.04005996,6.28774504,-2.2304280051,-4.3427530039,-0.3535605943799999,-1.00546835533,17.717705198000107,-15.321662111699986,2.7825283351999928,-3.920285856320001
117,ARG,1.493,0.4452728899492991,3.7439,1.41623,0.4437700000000002,0,0.0,-1.3,-2.5,0.0,0.7346,0.9398,0.6914,1.11332762,2.1640828899999995,3.0939219499999995,3.85262535,-1.6703208537300005,-3.23778103564,-0.2833464223699999,-0.8021894375559999,13.323007260000065,-12.707653348500012,2.033450998800004,-3.184935012240002
118,GLY,0.609,0.3368362831858407,0.9796,0.8624700000000001,0.33653,0,0.0,0.03,0.48,0.4556,0.0,1.0,0.5062,1.39244314,2.71116661,3.887102380000001,4.86013793,-1.5652146529000006,-3.056988533000001,-0.23401552627,-0.6673182422999999,18.692090763999943,-19.4786379688,2.656548857499993,-4.262190527600005
119,GLY,0.955,0.5282079646017699,1.03246,0.68948,0.1635200000000001,0,0.0,0.03,0.48,0.4556,0.0,1.0,0.5062,0.97365078,1.88960368,2.69423152,3.34172013,-0.9760913845,-1.8999095087,-0.1545892659,-0.439255735,17.119706723000085,-24.76325141809999,2.7473457050000007,-5.878981812299986
120,GLY,0.885,0.4894911504424779,0.9668,0.7625900000000001,0.1604099999999999,0,0.0,0.03,0.48,0.4556,0.0,1.0,0.5062,0.97347364,1.88822596,2.68973019,3.33150795,-0.8203349798999997,-1.5897018722000005,-0.13946392063,-0.3946627570599999,20.661377176000155,-22.93566084199994,3.243611035399967,-5.945799223199997
121,GLY,0.636,0.3517699115044247,0.99761,0.7385999999999999,0.4334000000000002,0,0.0,0.03,0.48,0.4556,0.0,1.0,0.5062,1.53032433,2.97159677,4.24061202,5.26542697,-1.4289213039,-2.7940160139000003,-0.21027015073,-0.6006443384300002,23.285746935999963,-44.396395960800106,3.4355387649000217,-9.39222462860002
122,GLY,0.834,0.4612831858407079,1.02676,0.7033900000000001,0.27061,0,0.0,0.03,0.48,0.4556,0.0,1.0,0.5062,0.8330970000000001,1.60826903,2.27202329,2.77936505,-0.8242420476000001,-1.5910030440000005,-0.15009030588,-0.4238285986,19.226638279000028,-23.34858717199993,3.533723527600007,-6.4316054274
123,GLY,0.587,0.3246681415929203,0.84886,0.8459800000000001,0.37502,0,0.0,0.03,0.48,0.4556,0.0,1.0,0.5062,1.25235647,2.43351646,3.47711299,4.326060119999999,-1.0362902063,-2.018831497,-0.16162228605,-0.4596022044999999,22.71769646500031,-35.723130502000004,3.4664289034999918,-8.192636646600048
124,TYR,1.612,0.4730046948356808,4.0705,1.17257,0.6234299999999999,0,0.0,-0.27,0.26,0.3556,0.8063,0.502,0.1605,1.52969465,2.96671855,4.224742930000001,5.22964295,-1.40963218077,-2.7424908090999995,-0.227538226385,-0.6469313342299999,21.591541468000127,-38.551876820000295,3.548201446499993,-9.489012504020018
125,ASN,0.611,0.2498977505112474,2.01667,1.38264,0.4513599999999997,0,0.0,-0.1,-0.78,0.1111,0.3976,0.6747,0.8272,1.6684732000000002,3.23420661,4.6015802500000005,5.68867182,-1.83404919338,-3.5732137282700003,-0.286906779645,-0.8162864573599999,22.411609940000044,-37.44856054894996,3.695922471300022,-9.299875218189992
126,ARG,0.932,0.2779600357888458,3.20524,1.7624400000000002,0.65856,0,0.0,-1.3,-2.5,0.0,0.7346,0.9398,0.6914,1.3916691999999995,2.7051061400000003,3.86716297,4.81448128,-1.7029017550700003,-3.3192453685200007,-0.26382887311,-0.7508035729530002,21.38007261800009,-19.613033573700037,3.304854060700011,-4.499240939444984
127,GLN,1.203,0.4184347826086956,2.80135,1.21733,0.4546699999999999,0,0.0,-0.1,-0.85,0.1111,0.5388,0.7952,0.6914,1.11338656,2.16454536,3.09544721,3.85612989,-1.3868739465999995,-2.6795734625000005,-0.247745629904,-0.6996961887399998,23.825076169000337,-20.27352183600005,3.889723514399957,-6.270119273799991
128,ASP,0.682,0.2543826930249906,2.11419,1.27561,0.7233900000000002,0,0.0,-0.1,-0.9,0.1111,0.3239,0.8675,1.0,1.80989129,3.52225743,5.04570564,6.30066153,-0.9198931618,-1.7930190794,-0.1425749563899999,-0.4057577065000001,14.939633485000016,-22.33442484879996,2.2476791446000006,-5.134074845000006
129,ARG,2.125,0.6337608112138383,3.63288,1.2529,-0.0248999999999997,1,0.0833333333333333,-1.3,-2.5,0.0,0.7346,0.9398,0.6914,1.6706853599999998,3.25143847,4.65796426,5.81683389,-0.7641405194,-1.4882830099999995,-0.1199379523999999,-0.3410403308,11.081019335999953,-21.662694775000045,1.7138714324000035,-5.087753386200004
130,GLY,0.852,0.4712389380530973,0.93508,0.7385100000000001,0.2174899999999999,1,0.0833333333333333,0.03,0.48,0.4556,0.0,1.0,0.5062,1.39142961,2.7032503,3.86112656,4.80087244,-0.8760512825499999,-1.7077257972000002,-0.13593543191,-0.38700564398,11.59127324100003,-20.01170207699997,1.808305725599992,-4.581203999799975
131,ASP,0.758,0.2827303245057814,1.99679,1.15711,0.7658900000000002,1,0.0769230769230769,-0.1,-0.9,0.1111,0.3239,0.8675,1.0,1.1113898,2.14894633,3.04425068,3.73928175,-0.8898800636,-1.7258758873,-0.15140235546,-0.4293515370999999,11.184652434000029,-19.662985706599965,1.8635836061000013,-4.811165081779996
132,GLY,0.67,0.370575221238938,0.92261,0.7151,0.4228999999999999,1,0.0625,0.03,0.48,0.4556,0.0,1.0,0.5062,1.39091577,2.6992701200000004,3.84818286,4.77169685,-1.0841770366,-2.1116214002,-0.16968961754,-0.4824547635,11.013295865000028,-20.37132244129991,1.6073250116999969,-4.331988503599999
133,GLY,0.522,0.288716814159292,0.7762399999999999,0.8003399999999999,0.4856600000000001,1,0.0555555555555556,0.03,0.48,0.4556,0.0,1.0,0.5062,1.6692110400000002,3.23998635,4.62060179,5.73224415,-1.2428400743,-2.4279593738,-0.18409386437,-0.5249041943599999,9.90751657099999,-22.73676521300004,1.4866255149000012,-4.947896280399998
134,SER,0.061,0.0280330882352941,1.21337,1.3631399999999998,0.7518600000000004,3,0.0909090909090909,-0.1,-0.18,0.4111,0.1877,0.8514,0.5309,1.66640376,3.21803528,4.548491240000001,5.567464809999999,-0.7954030095000001,-1.5381595493000004,-0.14161702379,-0.40067776017,9.239122746999987,-16.255303410000014,1.726704635699995,-4.3893381745999935
135,SER,0.134,0.0615808823529411,1.15144,1.3485299999999998,0.6934700000000005,0,0.0,-0.1,-0.18,0.4111,0.1877,0.8514,0.5309,1.94566101,3.76625552,5.345501639999999,6.58402355,-1.5299418737,-2.986578637,-0.2306923443,-0.6574536754,11.75036502300004,-25.81656813999994,1.8079719359000004,-5.725715312900007
136,ASN,0.704,0.2879345603271984,2.0306800000000003,1.28457,0.4564299999999999,0,0.0,-0.1,-0.78,0.1111,0.3976,0.6747,0.8272,1.94780945,3.783035270000001,5.400558910000001,6.70963737,-1.923935050199999,-3.740189998499999,-0.31437593374,-0.8931386607999999,17.041056215000008,-30.84861111149995,2.7680939576999983,-7.532116569000004
137,PHE,1.956,0.6291412029591509,3.39205,1.1331000000000002,0.0198999999999998,0,0.0,1.1,1.2,0.8111,0.783,0.0763,0.037,1.6695741299999998,3.24276448,4.62951901,5.751980940000001,-1.7285350948004128,-3.363433329540744,-0.2786039775439924,-0.7922913679464509,13.122098443000077,-23.453878309681524,2.0662175470000044,-5.364009287372888
138,SER,0.83,0.3814338235294117,1.51969,1.02095,0.32505,1,0.0666666666666667,-0.1,-0.18,0.4111,0.1877,0.8514,0.5309,1.66956938,3.24272974,4.6294132600000015,5.751765259999999,-0.6226365398000002,-1.2031078279999998,-0.11165120019,-0.31554209346,12.13504525700005,-10.67788635339999,1.9449707697000087,-2.943163098019999
139,ARG,2.135,0.6367432150313151,3.85917,1.08806,0.1299400000000004,2,0.2,-1.3,-2.5,0.0,0.7346,0.9398,0.6914,1.53156127,2.98128714,4.2725121800000005,5.33852804,-0.8499066183999998,-1.6572900682999998,-0.1307360725,-0.37220760541,11.012716763000029,-15.033517611900034,1.621110860200006,-3.3988746626999955
140,GLY,0.757,0.4186946902654867,0.8991500000000001,0.77578,0.2752200000000001,1,0.166666666666667,0.03,0.48,0.4556,0.0,1.0,0.5062,0.83384976,1.61415538,2.2913623800000003,2.82356402,-1.3687671466000002,-2.6554251517,-0.22997672914,-0.65179440127,11.066789414000052,-24.654470334400067,1.826908623300004,-6.096182727329995
141,GLY,0.872,0.4823008849557522,0.94036,0.77067,0.1653300000000001,1,0.2,0.03,0.48,0.4556,0.0,1.0,0.5062,0.69453904,1.3425259799999998,1.90098727,2.33380214,-1.229047243,-2.387595727,-0.2021538555,-0.5736282042999999,7.856807925000017,-21.359705812,1.2368917552999998,-4.937777139999998
142,TYR,2.135,0.6264671361502347,3.9613,1.13132,0.14168,2,0.5,-0.27,0.26,0.3556,0.8063,0.502,0.1605,0.97388794,1.89145699,2.70031519,3.35560722,-0.7805867890000002,-1.52537554,-0.1146691327,-0.3269608447,5.507504830999993,-13.41351086600002,0.7969503158000001,-2.8063942607999994
143,ASN,0.985,0.4028629856850716,2.03017,1.19674,0.26326,1,0.2,-0.1,-0.78,0.1111,0.3976,0.6747,0.8272,0.83314222,1.60862947,2.27323157,2.78220129,-0.5541195288,-1.074920024,-0.0932809315599999,-0.2643762441,1.802797006,-4.755834512999998,0.3195065843,-1.2503321552999993
144,ASN,1.026,0.4196319018404908,2.14519,1.1288399999999998,0.29016,1,0.333333333333333,-0.1,-0.78,0.1111,0.3976,0.6747,0.8272,0.6944229,1.34162346,1.89804219,2.32713327,-0.581411402,-1.130397537,-0.0943778197,-0.268021098,1.489452662,-4.168998512999999,0.2622691945000001,-1.069892091
145,ARG,2.446,0.7294959737548464,3.72765,0.96564,-0.05864,0,0.0,-1.3,-2.5,0.0,0.7346,0.9398,0.6914,0.83355612,1.6118709999999998,2.28389868,2.80663391,-0.510792967,-0.995569257,-0.0793262398,-0.225780373,1.493065164999999,-3.996698298999999,0.2322762262,-0.8970849345999999
146,ASP,1.285,0.4792987691160014,2.33688,0.93943,0.4565700000000001,0,0.0,-0.1,-0.9,0.1111,0.3239,0.8675,1.0,0.97279123,1.8828858,2.67217291,3.29134329,-0.4694139679999999,-0.911498603,-0.07740407613,-0.2194644619999999,1.4928829680000004,-3.399276629,0.2337820349999999,-0.7836278735
147,GLU,1.445,0.5296920821114369,3.03943,0.9065,0.3765000000000001,1,0.142857142857143,-0.1,-0.74,0.1111,0.4884,0.8112,0.9136,1.11289309,2.1607007100000004,3.08286674,3.82753325,-0.2769055483,-0.5394369572,-0.04288547435,-0.1218622890999999,2.043259925999999,-3.5599826796000014,0.3152990380999999,-0.8320487538999998
148,GLY,0.783,0.433075221238938,0.99448,0.6731999999999999,0.3518,1,0.166666666666667,0.03,0.48,0.4556,0.0,1.0,0.5062,0.8337391399999999,1.6132815899999997,2.28846138,2.81684085,-0.3935428009999999,-0.7649778218000001,-0.06421083886,-0.1823437596499999,1.373306008,-1.7637562877999995,0.2296246665,-0.42919285325
149,SER,0.864,0.3970588235294117,1.55157,1.0161099999999998,0.2958900000000004,1,0.2,-0.1,-0.18,0.4111,0.1877,0.8514,0.5309,0.8336325000000001,1.6124637599999998,2.28583035,2.8109999199999995,-0.704372071,-1.3729316399999998,-0.1094550532,-0.311585488,1.1783211820000004,-3.280747466,0.1872263662,-0.750354289
150,ASP,1.512,0.5639686684073107,2.60067,0.65509,0.5139100000000001,0,0.0,-0.1,-0.9,0.1111,0.3239,0.8675,1.0,0.69444364,1.3417789,1.89852961,2.32817476,-0.6214331489999999,-1.205745773,-0.1042573552,-0.295518263,1.137605854,-2.8551780080000007,0.1924792605,-0.710368763
151,ASN,1.244,0.5087934560327199,2.40937,0.99718,0.2038199999999997,0,0.0,-0.1,-0.78,0.1111,0.3976,0.6747,0.8272,0.97348204,1.88827592,2.68983971,3.3315908499999995,-0.511922459,-0.999946162,-0.0761632484,-0.217162207,1.2974765110000006,-2.3893047470000006,0.1948029236999999,-0.5278437399000001
152,ARG,2.234,0.6662690128243364,3.78284,1.04466,0.0743400000000003,1,0.2,-1.3,-2.5,0.0,0.7346,0.9398,0.6914,0.83371868,1.61314676,2.2881045,2.81628852,-0.3024958784,-0.5846301750000001,-0.05387219252,-0.1522184681999999,1.0199057889999998,-1.3655427610000004,0.1721152625000001,-0.3599798510000001
153,GLY,0.958,0.5298672566371682,0.92891,0.64761,0.20239,1,0.166666666666667,0.03,0.48,0.4556,0.0,1.0,0.5062,0.6944179600000001,1.34157548,1.89785103,2.32659285,-0.5543021699999999,-1.075008957,-0.0937836455,-0.2657606086999999,1.097149018,-2.4066370109999995,0.1953774949999999,-0.6294588823999999
154,SER,0.832,0.3823529411764705,1.23786,1.06075,0.2832500000000002,1,0.142857142857143,-0.1,-0.18,0.4111,0.1877,0.8514,0.5309,0.8333285800000001,1.61009442,2.27806993,2.79333601,-0.668500707,-1.302477301,-0.1048620038999999,-0.298442368,0.980837379,-2.704384067000001,0.1654286699,-0.6546212060000001
155,GLY,0.676,0.3738938053097345,0.90888,0.7727299999999999,0.3592700000000002,0,0.0,0.03,0.48,0.4556,0.0,1.0,0.5062,0.8341269099999999,1.61631567,2.29843505,2.83965179,-0.603084519,-1.1745769460000002,-0.0943085903,-0.268058302,1.4535628280000004,-4.02784148,0.2269340269999999,-0.9196726709999998
156,ARG,2.255,0.6725320608410378,3.66099,1.13982,-0.0418199999999997,0,0.0,-1.3,-2.5,0.0,0.7346,0.9398,0.6914,0.83369459,1.6129374799999998,2.28734529,2.8143353400000004,-0.518738643,-1.009431766,-0.0830582538,-0.236092927,1.4912414500000009,-3.528050635999998,0.2473503945000001,-0.8360657529999999
157,SER,1.279,0.5877757352941175,1.54825,0.7074999999999999,0.1895000000000003,0,0.0,-0.1,-0.18,0.4111,0.1877,0.8514,0.5309,0.83395846,1.61500016,2.29411943,2.82980877,-0.611027058,-1.190116158,-0.0957217597999999,-0.272167367,0.9797618810000004,-2.276337178,0.1736740511,-0.5976368570000001
158,TYR,1.44,0.4225352112676056,3.82333,1.41776,0.5502400000000001,1,0.333333333333333,-0.27,0.26,0.3556,0.8063,0.502,0.1605,0.83391888,1.61470403,2.2931947900000003,2.82784515,-0.486126646,-0.943326786,-0.0814825639,-0.2310327026,0.9803493560000004,-2.1220540230000005,0.1675584252,-0.5488108103000001
159,ASN,1.45,0.5930470347648262,2.51647,0.8353300000000001,0.1596699999999997,1,0.333333333333333,-0.1,-0.78,0.1111,0.3976,0.6747,0.8272,0.83394528,1.61490143,2.29381095,2.8291533600000003,-0.5117237345,-0.99324724,-0.0849287879,-0.2407071,0.7855874980000003,-2.228640417999999,0.1241208443,-0.504771654
160,ASN,0.7,0.2862985685071574,2.13183,1.45224,0.2927599999999999,2,0.4,-0.1,-0.78,0.1111,0.3976,0.6747,0.8272,0.97321092,1.88616857,2.68296174,3.31601331,-0.4697206369,-0.9154511063,-0.0730743089659999,-0.2079746373899999,0.471335404,-1.360088982,0.0744265443999999,-0.308225843
161,ASP,1.364,0.5087653860499813,2.49346,0.7203,0.5966999999999999,1,0.25,-0.1,-0.9,0.1111,0.3239,0.8675,1.0,0.6943802800000001,1.34129318,1.8969685,2.32471477,-0.4900799478999999,-0.95301961,-0.0791941603999999,-0.2249240707,0.471025988,-1.321864504,0.076756315,-0.3112815
162,ARG,2.194,0.6543393975544288,3.98331,0.7996899999999999,0.3593100000000003,1,0.25,-1.3,-2.5,0.0,0.7346,0.9398,0.6914,0.69437879,1.3412835,1.89694259,2.32467414,-0.54719208,-1.0584226690000005,-0.0959142231099999,-0.2710783689000001,0.5100389320000001,-1.4192465819999995,0.085391452,-0.3388819469999999
163,ARG,1.175,0.3504324485535341,3.27481,1.89621,0.28179,1,0.1,-1.3,-2.5,0.0,0.7346,0.9398,0.6914,1.11247448,2.15738642,3.07183308,3.80187008,-0.3068265615,-0.597013536,-0.0495011487,-0.1407679982,0.549037542,-0.9807372299999998,0.0949142303,-0.2332459519999999
164,ASP,1.313,0.4897426333457664,2.37918,0.8922800000000001,0.47572,0,0.0,-0.1,-0.9,0.1111,0.3239,0.8675,1.0,0.97360107,1.88919853,2.69284125,3.33835983,-0.184007691,-0.353091141,-0.0362472099999999,-0.1018968524999999,0.5487600460000001,-0.7643268550000001,0.0963622349999999,-0.228366977
165,ASN,1.325,0.5419222903885481,2.40862,0.97979,0.1402099999999998,0,0.0,-0.1,-0.78,0.1111,0.3976,0.6747,0.8272,0.8335198399999999,1.6115619799999998,2.28279404,2.8038344900000003,-0.1841396402,-0.3557536633,-0.03336316733,-0.0943548956,0.4700851590000001,-0.7217594925999998,0.0856286507999999,-0.1966967665
166,GLY,0.721,0.3987831858407079,0.91074,0.80639,0.2806100000000001,0,0.0,0.03,0.48,0.4556,0.0,1.0,0.5062,0.83392224,1.61470609,2.29311493,2.8273951100000003,-0.09031897232,-0.1764890898,-0.013506112848,-0.03856606767,0.4708304430000001,-0.2804564716999999,0.0790627767,-0.062284786
167,GLY,0.638,0.3528761061946903,0.90725,0.8438,0.3261999999999999,0,0.0,0.03,0.48,0.4556,0.0,1.0,0.5062,0.97351626,1.88854168,2.69070655,3.33355264,-0.0661702276999999,-0.1300209724999999,-0.00863973296,-0.0247801523999999,0.393949708,-0.270801874,0.0520611016,-0.0502360492
168,ASP,1.096,0.4088026855650877,2.27325,1.04143,0.5435700000000001,0,0.0,-0.1,-0.9,0.1111,0.3239,0.8675,1.0,0.83390363,1.61455591,2.29260486,2.8261779,-0.025294142,-0.0487470816,-0.00465303729,-0.0131062402999999,0.471199572,-0.0819443595,0.0755095761,-0.0263546172
169,GLY,1.587,0.8777654867256637,1.7003899999999998,0.35817,-0.1371699999999999,0,0.0,0.03,0.48,0.4556,0.0,1.0,0.5062,0.69648633,1.3576646199999998,1.9504281,2.44590605,-0.1175198288,-0.227520935,-0.0203083415,-0.0574337243,0.6682531910000001,-0.6041076989999999,0.1005553695,-0.1559064327
