2,MET,2.321,0.778336686787391,3.06608,0.47705,0.18395,0,0.0,0.8,0.64,0.7111,0.6196,0.0,0.0988,0.5566023000000001,1.08155905,1.54537119,1.92266332,-0.7519847547,-1.4655781215000003,-0.1164890810799999,-0.3313975722,3.617375812000007,-5.680118331400003,0.5398662202000014,-1.2470903080000006
3,GLU,1.79,0.656158357771261,2.97332,0.71056,0.2274400000000002,0,0.0,-0.1,-0.74,0.1111,0.4884,0.8112,0.9136,0.97414846,1.89349594,2.70702044,3.37095128,-0.7670904751,-1.5034831634,-0.1063252755959999,-0.30417287324,4.642828556000006,-6.660790723300002,0.6659765312000006,-1.328954575080001
4,SER,0.633,0.2909007352941176,1.46316,1.14505,0.3979500000000002,1,0.142857142857143,-0.1,-0.18,0.4111,0.1877,0.8514,0.5309,1.2525979,2.43538636,3.48319299,4.33976101,-0.7723707890999999,-1.5138768908999998,-0.10738115938,-0.3072886351999999,5.351539451000018,-6.912490353999999,0.7615569715000008,-1.4373136437600014
5,ASN,1.529,0.625357873210634,2.6253,0.7552499999999999,0.16075,1,0.2,-0.1,-0.78,0.1111,0.3976,0.6747,0.8272,0.97398713,1.89223245,2.70286232,3.36142722,-0.8998830804,-1.7575744450000002,-0.13286992728,-0.3784918291000001,5.818089397999994,-7.632526127999992,0.8747227963000002,-1.6275496669999985
6,GLN,1.243,0.4323478260869565,2.71045,1.3947299999999998,0.2372700000000001,1,0.166666666666667,-0.1,-0.85,0.1111,0.5388,0.7952,0.6914,0.972867,1.88347642,2.67410577,3.295736310000001,-0.6890200561,-1.3375807588999995,-0.1155994080999999,-0.32810909126,5.218248333999987,-5.637455118499999,0.8749018883000024,-1.4508332018
7,SER,1.317,0.6052389705882353,1.53212,0.6758299999999999,0.1831700000000002,0,0.0,-0.1,-0.18,0.4111,0.1877,0.8514,0.5309,1.11373918,2.1673065,3.1045311,3.87692902,-1.0989468286,-2.141110790400001,-0.17011315425,-0.48351826008,5.108545371000005,-6.376811391699995,0.7833072909000002,-1.5314841076000003
8,ASN,1.088,0.4449897750511248,2.15186,1.13627,0.2207299999999996,0,0.0,-0.1,-0.78,0.1111,0.3976,0.6747,0.8272,1.67026599,3.2481831000000003,4.647353549999999,5.792842680000001,-1.0244604158,-1.998799301,-0.15636580514,-0.4455303810599999,4.876298478000008,-6.582662636100002,0.7256091686000005,-1.4665419801600026
9,ASN,0.673,0.2752556237218814,2.16358,1.35821,0.4137899999999999,0,0.0,-0.1,-0.78,0.1111,0.3976,0.6747,0.8272,1.94751561,3.78074536,5.393058620000001,6.692561009999999,-1.150881332,-2.2329655032000004,-0.1939476656,-0.5500086466699999,4.943872457000001,-9.475616126099997,0.8293578793999993,-2.281978983099999
10,GLY,0.665,0.3678097345132743,0.8548699999999999,0.7529499999999999,0.3900500000000001,0,0.0,0.03,0.48,0.4556,0.0,1.0,0.5062,1.52991698,2.96850243,4.23075469,5.24383715,-1.4080419459000004,-2.7339506672,-0.23340805987,-0.6620052255,4.279547744000004,-6.657236050000001,0.6925815132000002,-1.6028808811999986
11,GLY,0.326,0.1803097345132743,0.6764199999999999,0.9342,0.5478000000000001,0,0.0,0.03,0.48,0.4556,0.0,1.0,0.5062,1.52861986,2.9583676300000006,4.19748682,5.16789242,-1.7383139216999997,-3.37624869,-0.2886821112200001,-0.8195792416899997,3.021532619,-6.136175297200002,0.5066931340000002,-1.4939790417999983
12,SER,0.8,0.3676470588235294,1.55186,0.99395,0.3820500000000001,0,0.0,-0.1,-0.18,0.4111,0.1877,0.8514,0.5309,1.80734894,3.50249478,4.98117991,6.15441757,-1.4000436826999998,-2.7204486016,-0.22978429132,-0.6523463080799999,3.099632274000001,-5.214419291000006,0.5204090459000001,-1.3397546115000003
13,GLY,0.219,0.1211283185840707,0.78691,1.03032,0.5586799999999998,0,0.0,0.03,0.48,0.4556,0.0,1.0,0.5062,1.80878864,3.5136684700000003,5.01760448,6.23679786,-1.3800534111999994,-2.692859546,-0.20974511064,-0.59755163072,2.161346844999999,-2.9370968288,0.3336642096999999,-0.6924054910399993
14,ASN,1.35,0.5521472392638037,2.39285,0.92981,0.1651899999999997,0,0.0,-0.1,-0.78,0.1111,0.3976,0.6747,0.8272,1.39215887,2.7089382800000004,3.87976269,4.8433061,-1.4257586083399996,-2.7765758331000003,-0.2248521955099999,-0.6394480327900002,2.514614237000001,-2.7458734658,0.3913469136000004,-0.6670790476400007
15,ALA,0.7,0.3209536909674461,1.2981,0.9751,0.5059,1,0.111111111111111,0.77,0.62,0.7,0.1645,0.249,0.3951,1.3920623,2.7081934700000003,3.87735324,4.83791616,-1.5139564863,-2.9440672963,-0.2445044274699999,-0.6943687445299997,3.221043463999998,-5.080598834999998,0.5080312779999999,-1.2483341984000007
16,ALA,0.97,0.4447501146263182,1.24742,0.8782500000000001,0.33275,0,0.0,0.77,0.62,0.7,0.1645,0.249,0.3951,1.53127234,2.9790004,4.26490127,5.32083136,-1.2707616837999998,-2.478660815299999,-0.1943070880799999,-0.55328590977,5.305958600999983,-7.662391065999999,0.8116149151000014,-1.70896494934
17,LEU,0.701,0.263732129420617,2.1306,1.54692,0.41008,2,0.142857142857143,1.4,1.1,0.9222,0.663,0.2811,0.0,1.5299683700000002,2.96882517,4.231546300000001,5.24483016,-0.94208331258,-1.8323388281,-0.1510864787,-0.4289860943199999,5.816802988999978,-9.848637481599996,0.8929196245999986,-2.166368961399999
18,ASN,1.27,0.5194274028629857,2.28043,1.0341299999999998,0.14087,6,0.333333333333333,-0.1,-0.78,0.1111,0.3976,0.6747,0.8272,1.3895559999999998,2.68865215,3.81334641,4.69222307,-0.5296156715,-1.0262070165,-0.0904633151,-0.2560490329,3.180982858,-5.722755449099997,0.5082079385000005,-1.3788914483000003
19,ARG,2.089,0.6230241574709215,3.55366,1.16235,0.1016500000000002,5,0.384615384615385,-1.3,-2.5,0.0,0.7346,0.9398,0.6914,0.97168347,1.87422068,2.6436948100000004,3.22622809,-0.5074956075000001,-0.9824793347,-0.0889511276,-0.2518924069,3.095697284999999,-3.8501476516,0.5554256841000004,-1.0296696698000003
20,GLY,0.939,0.519358407079646,0.93617,0.6824600000000001,0.18654,2,0.285714285714286,0.03,0.48,0.4556,0.0,1.0,0.5062,0.83364089,1.61252833,2.28603789,2.8114597099999994,-0.5885225208000001,-1.1472000513999998,-0.09128251403,-0.25983833476,3.5351952339999944,-6.514529828,0.5612714723999996,-1.529254993439999
21,GLY,0.892,0.493362831858407,0.96057,0.6336599999999999,0.2823400000000001,1,0.142857142857143,0.03,0.48,0.4556,0.0,1.0,0.5062,0.8335327699999999,1.61167084,2.28317994,2.80480376,-0.6756712213999999,-1.3161219458000002,-0.106396438384,-0.30271944238,3.532424336000004,-7.651509814600008,0.5838666403999998,-1.81813413572
22,ARG,2.082,0.6209364747986876,3.73941,1.09484,0.1761600000000003,4,0.333333333333333,-1.3,-2.5,0.0,0.7346,0.9398,0.6914,1.11144034,2.14935863,3.0456645500000006,3.74269623,-0.6860119324,-1.3357285275000002,-0.10810441484,-0.3072918833,2.983665725999999,-6.533590379499998,0.4840027692,-1.5766822969000007
23,TYR,1.753,0.5143779342723005,3.86682,1.21477,0.4402299999999999,4,0.4,-0.27,0.26,0.3556,0.8063,0.502,0.1605,1.39069228,2.69749703,3.84226681,4.75789552,-0.7185433447000001,-1.403407541,-0.1071641216399999,-0.3055498401,3.1850110880000013,-7.238616173999996,0.4759417355000002,-1.5788479643000009
24,VAL,0.303,0.124435318275154,1.44954,1.59353,0.5384700000000002,6,0.4,1.6,1.1,0.9667,0.4924,0.3655,0.1235,1.5294429200000002,2.96476294,4.2183608,5.21518591,-0.7412359828999999,-1.4440899055999996,-0.1169500361399999,-0.3329511783,4.163823276000002,-8.520078992000006,0.6620738314000006,-1.9378102471
25,PRO,0.917,0.4112107623318385,1.65298,1.0922900000000002,0.2207099999999997,2,0.222222222222222,-0.37,0.12,0.3222,0.3764,0.8594,0.3827,1.39174336,2.7056948700000003,3.86912866,4.819070239999999,-1.137362062,-2.2040989992,-0.19373652105,-0.5483774920399999,5.815129013999983,-8.471514507000004,0.9039598241000016,-2.0804068070999984
26,PRO,0.577,0.2587443946188341,1.8427,1.31306,0.3399400000000001,3,0.2,-0.37,0.12,0.3222,0.3764,0.8594,0.3827,1.66967301,3.24352032,4.63194344,5.75734407,-1.3657082369000002,-2.656297543,-0.2214860733099999,-0.6295818763,4.076987845999995,-4.310460857700001,0.7138432142000007,-1.1642816208000006
27,HIS,1.432,0.5179023508137431,2.92876,1.08131,0.2516900000000002,2,0.2,-0.91,-0.4,0.1444,0.561,0.1124,0.679,1.81109065,3.5316118800000003,5.0763549800000005,6.370453949999999,-1.3883842556999997,-2.7096984943000004,-0.21017516497,-0.5988708175399999,2.475107556,-4.481016793,0.3839421245999998,-1.0790224717
28,LEU,0.728,0.273890142964635,2.03933,1.50691,0.4230899999999999,3,0.136363636363636,1.4,1.1,0.9222,0.663,0.2811,0.0,1.94769991,3.7821511600000006,5.39755958,6.702492469999999,-1.3982106813000004,-2.719851634500001,-0.2248237083400001,-0.63874829816,1.9227665869999988,-3.486338097900001,0.3219253270000002,-0.8393300998600002
29,ARG,1.496,0.4461676110945421,3.52241,1.43909,0.4179100000000002,2,0.08,-1.3,-2.5,0.0,0.7346,0.9398,0.6914,1.94717023,3.77799786,5.3838753200000005,6.671099109999999,-1.2524573962,-2.4435986469,-0.1913873395599999,-0.54533710253,2.4753052960000006,-3.3282678674999997,0.3852398653,-0.7413283442999996
30,GLY,0.033,0.0182522123893805,0.57079,1.0493,0.7257000000000002,0,0.0,0.03,0.48,0.4556,0.0,1.0,0.5062,1.80546639,3.4879124200000007,4.93373782,6.047403049999999,-1.2663453027999998,-2.4478755269,-0.2257507296499999,-0.6381820326600001,3.2933375620000014,-5.454434892499999,0.5731807880000007,-1.4786081707
31,GLY,0.303,0.1675884955752212,0.78783,0.9198,0.5852000000000002,0,0.0,0.03,0.48,0.4556,0.0,1.0,0.5062,1.94708758,3.7773822999999993,5.38195417,6.6670132,-1.2782991692,-2.4797483924,-0.21594946304,-0.61226185496,5.062856589999992,-9.203526261299988,0.8398730686000009,-2.235806572100004
32,ASP,1.078,0.402088772845953,2.0951,1.03577,0.5672299999999999,0,0.0,-0.1,-0.9,0.1111,0.3239,0.8675,1.0,2.2290649100000004,4.34681165,6.24844283,7.841750909999999,-1.2049950739,-2.3503467447000004,-0.18345997418,-0.5222019904699999,6.366094662000012,-12.042812706299983,0.981970790399999,-2.7718648316999976
33,GLY,0.781,0.4319690265486726,1.06803,0.7218200000000001,0.30518,0,0.0,0.03,0.48,0.4556,0.0,1.0,0.5062,1.25270042,2.43618542,3.4858085800000005,4.345709039999999,-1.0547206768,-2.037757864,-0.1894024142599999,-0.5351609208999999,5.336357858,-7.190576484799996,0.8900290653000008,-1.8607899754000004
34,GLY,0.873,0.4828539823008849,1.01232,0.67086,0.26414,0,0.0,0.03,0.48,0.4556,0.0,1.0,0.5062,0.83353362,1.6116784999999998,2.28320733,2.80487294,-1.3746182511,-2.6683683918,-0.2299413638300001,-0.6523608560399999,4.317317294999998,-8.173652352699994,0.7140475365999991,-1.9672663560400008
35,ALA,0.979,0.4488766620816139,1.21645,0.84937,0.35263,0,0.0,0.77,0.62,0.7,0.1645,0.249,0.3951,0.8337595800000001,1.6134462199999997,2.28901879,2.8181655400000003,-1.1893679780000002,-2.313447013,-0.1916300037,-0.5444315240000002,4.476709197999999,-7.881027008,0.7180484399000012,-1.9624116135
36,ALA,1.097,0.5029802842732691,1.2674,0.77986,0.3041400000000001,0,0.0,0.77,0.62,0.7,0.1645,0.249,0.3951,0.97343593,1.88790736,2.68860084,3.3286726,-1.190354877,-2.319240748,-0.1861491686,-0.5296156103999998,4.90918908399999,-10.262654336,0.7825770423999995,-2.370026082999998
37,ALA,0.831,0.3810178817056396,1.15179,0.99642,0.35358,0,0.0,0.77,0.62,0.7,0.1645,0.249,0.3951,1.2522953200000002,2.4329977099999995,3.47526487,4.3213947,-1.022111723,-1.9956121205,-0.15415469082,-0.4395474183,5.971817708999997,-11.284062494500033,0.9351776395000008,-2.5603333209000008
38,ALA,0.757,0.3470884915176525,1.05303,0.98462,0.4393799999999999,1,0.111111111111111,0.77,0.62,0.7,0.1645,0.249,0.3951,1.11280749,2.16001271,3.08054031,3.82201297,-1.1574438429999998,-2.257836665,-0.1774229570499999,-0.505473427,6.3244166179999945,-13.925769639,0.9977107613000012,-3.1965730178000054
39,ALA,1.109,0.5084823475469967,1.32761,0.75182,0.32018,1,0.166666666666667,0.77,0.62,0.7,0.1645,0.249,0.3951,0.8342574099999999,1.61733695,2.3017927,2.84733375,-1.1587295864999998,-2.251136078,-0.1892062932,-0.5366019223999999,6.240417151999996,-12.24552487399999,1.0265278000999989,-2.9292993057000047
40,SER,0.697,0.3203124999999999,1.43714,1.09558,0.3834200000000001,1,0.142857142857143,-0.1,-0.18,0.4111,0.1877,0.8514,0.5309,1.11295266,2.16114315,3.08423817,3.83041468,-0.6636324476000001,-1.2900292755000005,-0.107221747025,-0.30423011306,7.898808990000002,-11.583945803499986,1.2146278071999996,-2.6377041348199985
41,ALA,0.954,0.4374140302613479,1.26946,0.8318599999999999,0.3951400000000001,1,0.0833333333333333,0.77,0.62,0.7,0.1645,0.249,0.3951,1.25190161,2.42992953,3.46522144,4.298553759999999,-0.7395348184,-1.4447599104,-0.1097293704,-0.3129272582,6.527153077999994,-11.084234390999978,0.9799677526999994,-2.4841657789
42,GLY,0.744,0.411504424778761,0.89622,0.74678,0.31722,1,0.1,0.03,0.48,0.4556,0.0,1.0,0.5062,0.8330177000000001,1.60765582,2.27003176,2.77488453,-0.665112897,-1.2905082289999998,-0.11190978647,-0.3173125457999999,5.572666718000004,-13.753521571999997,0.9288097284999997,-3.3066061141999974
43,GLY,0.998,0.5519911504424778,0.94146,0.6635800000000001,0.14642,1,0.125,0.03,0.48,0.4556,0.0,1.0,0.5062,0.8336787800000001,1.61280826,2.28690049,2.81325555,-0.7292379609999998,-1.421739199,-0.1129837945,-0.321724385,5.578407203999993,-14.980589340999996,0.8791380780000021,-3.420173917999997
44,ASP,0.735,0.2741514360313316,2.04944,1.29565,0.6503500000000002,1,0.1,-0.1,-0.9,0.1111,0.3239,0.8675,1.0,0.97235026,1.87946043,2.66099767,3.26604294,-0.936729395,-1.82800954,-0.1423132953,-0.4055513559999999,7.109952268999975,-16.80027256199998,1.1216337104999958,-3.850826240800005
45,ASP,1.184,0.4416262588586348,2.3211600000000003,1.02586,0.4711400000000001,1,0.0909090909090909,-0.1,-0.9,0.1111,0.3239,0.8675,1.0,0.97274783,1.88252493,2.6709119,3.28822904,-1.10060686267,-2.1424722583,-0.17562336478,-0.4994908488699999,8.71147212400003,-18.74035902480002,1.453170889000004,-4.471483250719998
46,ARG,1.438,0.4288696689531762,3.47573,1.47368,0.4413200000000001,0,0.0,-1.3,-2.5,0.0,0.7346,0.9398,0.6914,1.53165154,2.98200908,4.27493829,5.3442397,-1.4262852241800006,-2.7782278064,-0.22319988306,-0.6346807305100001,11.746322559999951,-16.360695748499975,1.8370006018999927,-3.984196755640004
47,ARG,1.405,0.4190277363555025,3.43498,1.5831699999999995,0.3648300000000004,0,0.0,-1.3,-2.5,0.0,0.7346,0.9398,0.6914,1.67019794,3.24763941,4.64552569,5.7885363100000005,-2.28184457501,-4.436592804999999,-0.3691801361359998,-1.0481956715399994,15.791899213000066,-26.264533695800008,2.4781401481999854,-6.253763250360011
48,GLY,0.62,0.3429203539823008,1.03458,0.7387999999999999,0.4492000000000002,0,0.0,0.03,0.48,0.4556,0.0,1.0,0.5062,1.9491395,3.79336329,5.434241050000001,6.78585296,-2.389236410590001,-4.653544192999999,-0.3770402510240001,-1.07277171887,18.15324757400003,-20.877655895600007,2.8294504738000184,-5.003732244599993
49,GLY,0.185,0.1023230088495575,0.66413,1.00297,0.6200300000000001,0,0.0,0.03,0.48,0.4556,0.0,1.0,0.5062,2.3644864500000007,4.58816915,6.53983421,8.106715979999999,-2.7965214747,-5.4495962172,-0.4363055158699998,-1.2417031687400002,15.481727973000009,-25.61756744239998,2.404043557800001,-5.97745631652
50,ALA,0.557,0.255387436955525,1.15158,0.9815,0.6425000000000002,0,0.0,0.77,0.62,0.7,0.1645,0.249,0.3951,1.9456006,3.76582103,5.34419366,6.581384450000001,-2.359268885999999,-4.570225004399999,-0.40872150528,-1.1577741189000004,20.663767328000034,-30.44136927940001,3.597948349600001,-7.818955332399997
51,GLY,0.24,0.1327433628318584,0.6426999999999999,1.10752,0.46048,0,0.0,0.03,0.48,0.4556,0.0,1.0,0.5062,2.78317751,5.40887679,7.729685220000001,9.61760248,-2.159025314796,-4.20000415314,-0.3477190178180001,-0.988124270547,15.704868975999975,-22.97000873439998,2.555417637000017,-5.727062311219991
52,GLY,0.636,0.3517699115044247,0.8523999999999999,0.83552,0.3364800000000001,0,0.0,0.03,0.48,0.4556,0.0,1.0,0.5062,2.36785819,4.61434061,6.625154429999999,8.29969352,-2.353055902200001,-4.587287389300002,-0.3645223569899999,-1.0377913791500004,16.943058462000025,-20.71383109880002,2.5778194931999963,-4.754059368219983
53,GLY,0.556,0.3075221238938053,0.8503000000000001,0.8680400000000001,0.3839599999999998,0,0.0,0.03,0.48,0.4556,0.0,1.0,0.5062,1.53170159,2.98236725,4.27599998,5.346310990000001,-2.73528532074,-5.316284310700001,-0.4448359955000001,-1.2624244298600005,15.98719481199996,-22.143341965599987,2.5322420777999906,-5.43925891970998
54,GLY,0.71,0.3926991150442477,0.92115,0.7746000000000001,0.3234,0,0.0,0.03,0.48,0.4556,0.0,1.0,0.5062,1.53071895,2.97467053,4.25066594,5.2882671000000006,-2.19409846737,-4.268714353500001,-0.3545760560000002,-1.00819723089,10.326258336000045,-16.888202739399976,1.6772713022000076,-4.026223217620006
55,TYR,0.832,0.244131455399061,3.3374900000000003,1.85956,0.7164400000000002,0,0.0,-0.27,0.26,0.3556,0.8063,0.502,0.1605,1.9473390500000003,3.77935492,5.388457170000001,6.681941469999999,-2.154256254759999,-4.198001388600001,-0.3372353750999998,-0.9600349124300002,10.343179733999994,-14.653034371099984,1.5398234963000024,-3.235613664459998
56,ARG,1.364,0.4067998807038473,3.30967,1.46571,0.52329,0,0.0,-1.3,-2.5,0.0,0.7346,0.9398,0.6914,1.94728554,3.77892122,5.38698308,6.678427479999999,-1.4283271950559997,-2.77809628509,-0.2294336810459999,-0.6515589444979999,7.4932636599999825,-11.549383728000048,1.2582299811999964,-2.761256824600002
57,ARG,1.665,0.4965702356099015,3.31346,1.37833,0.3096700000000001,2,0.08,-1.3,-2.5,0.0,0.7346,0.9398,0.6914,1.94680293,3.775203,5.374953180000001,6.651493820000001,-1.0183559067,-1.9774846683,-0.16954264196,-0.4811997374,8.123317115000013,-11.176238921999984,1.3536951885000017,-2.827396935800007
58,GLY,0.423,0.2339601769911504,0.8492700000000001,0.94216,0.44284,2,0.0833333333333333,0.03,0.48,0.4556,0.0,1.0,0.5062,1.9466936,3.77440828,5.372544510000001,6.64660319,-0.9492301586000002,-1.8432509291,-0.1570472665099999,-0.44545763548,9.458609054000016,-17.246529012400007,1.5625405672000048,-4.191860023300008
59,GLY,0.851,0.4706858407079646,1.01093,0.6583,0.2987000000000001,2,0.125,0.03,0.48,0.4556,0.0,1.0,0.5062,1.53058614,2.97364581,4.24734772,5.28083094,-1.2874914356999994,-2.4976421884999995,-0.21768523814,-0.6172671072000002,9.417208797999988,-17.66879762000003,1.5793292590999966,-4.378421797199993
60,GLY,0.437,0.2417035398230088,0.86855,1.00735,0.36365,2,0.133333333333333,0.03,0.48,0.4556,0.0,1.0,0.5062,1.6702372800000005,3.2479445300000003,4.64651893,5.790777490000001,-1.1320049513,-2.2086356591,-0.17343671114,-0.4943578548999999,9.199585346000006,-12.334627146299969,1.3938411975,-2.6807737721999967
61,ASN,1.128,0.4613496932515337,2.48986,1.0834000000000004,0.2335999999999995,0,0.0,-0.1,-0.78,0.1111,0.3976,0.6747,0.8272,1.3912583,2.70187641,3.85649153,4.78990509,-0.83376495869,-1.62839518083,-0.125549473368,-0.358236138957,10.571049892000014,-7.790754821990017,1.6403492097999957,-1.7743318259409997
62,SER,1.353,0.621783088235294,1.44886,0.61124,0.2117600000000001,0,0.0,-0.1,-0.18,0.4111,0.1877,0.8514,0.5309,0.97335485,1.88727877,2.6865541100000003,3.32405191,-0.7119371941000001,-1.385944113,-0.112982634215,-0.32119885137,6.955766055000005,-8.022747639300002,1.0752507663999975,-1.8788362197000024
63,GLY,0.891,0.4928097345132743,0.98005,0.69687,0.22013,0,0.0,0.03,0.48,0.4556,0.0,1.0,0.5062,0.8341520900000001,1.61651577,2.29910333,2.84121384,-0.5817041098,-1.1254588771,-0.1023323939199999,-0.28947455652,6.443131277999979,-5.956171162200001,1.0064550289000007,-1.4705764696299986
64,GLY,0.601,0.3324115044247787,0.96037,0.8586600000000001,0.34834,0,0.0,0.03,0.48,0.4556,0.0,1.0,0.5062,1.39160958,2.70462787,3.86554923,4.810661499999999,-0.9462678102,-1.8401262141000003,-0.1532978792699999,-0.4354505563699999,9.864782944999993,-14.231056569100009,1.5192635117999922,-3.309522520239999
65,GLY,0.566,0.3130530973451327,0.8836400000000001,0.8878699999999999,0.35413,1,0.0384615384615385,0.03,0.48,0.4556,0.0,1.0,0.5062,2.08753081,4.0578207200000005,5.80110637,7.222039560000001,-0.8670174299,-1.6855992758000002,-0.140978857314,-0.40038013109,11.704022336999998,-20.096501401700014,1.8690899159999932,-4.85567143450999
66,GLY,0.159,0.0879424778761061,0.74798,0.98437,0.6646299999999999,1,0.0294117647058824,0.03,0.48,0.4556,0.0,1.0,0.5062,2.08470122,4.035834210000001,5.729349150000001,7.059491159999999,-0.94304363085,-1.8256313038,-0.16439291019,-0.4652564921199999,9.024021419,-17.345452555999987,1.523788915399994,-4.4021767638999965
67,GLY,0.224,0.1238938053097345,0.7451099999999999,0.98638,0.5976199999999999,1,0.025,0.03,0.48,0.4556,0.0,1.0,0.5062,2.22413057,4.308329370000001,6.122358170000001,7.5546334,-0.9385475991,-1.8264618411,-0.15039763744,-0.4276160477,8.050598265999987,-15.928958308400002,1.2954680524000015,-3.816707166000007
68,GLY,0.364,0.2013274336283185,0.78066,0.89083,0.5531699999999999,0,0.0,0.03,0.48,0.4556,0.0,1.0,0.5062,1.66768947,3.2280870200000007,4.58150204,5.64286071,-0.9606865429,-1.8545514932,-0.17482828862,-0.4937643836000001,8.032040384999984,-9.689535159000007,1.444966199799998,-2.5493946632000006
69,GLY,0.638,0.3528761061946903,0.99729,0.76614,0.4038599999999999,0,0.0,0.03,0.48,0.4556,0.0,1.0,0.5062,1.5305005,2.9729969900000004,4.24529063,5.276360309999999,-1.5203455227000002,-2.9591598079600003,-0.2423300972349999,-0.6889044348749999,7.630005073999983,-7.429431809199996,1.121559906999997,-1.6377043969340015
70,TYR,0.81,0.2376760563380281,3.62283,1.80342,0.7945799999999998,1,0.0666666666666667,-0.27,0.26,0.3556,0.8063,0.502,0.1605,1.66971079,3.2438159900000003,4.63291452,5.75955987,-1.6150874003999998,-3.1418309155,-0.2600498459599999,-0.7389527305,8.516644068999993,-14.24573992200001,1.4115696213000035,-3.691070765099998
71,ASP,1.019,0.3800820589332338,2.2440100000000003,1.12283,0.5391700000000001,2,0.133333333333333,-0.1,-0.9,0.1111,0.3239,0.8675,1.0,1.66950068,3.2422228900000007,4.62784698,5.74848119,-1.5687699652000002,-3.0492425023000003,-0.2569673391000001,-0.729891516,11.236861172000015,-18.935943971999976,1.7595771907000008,-4.432454590799997
72,ARG,2.149,0.6409185803757829,3.79989,1.03089,0.1731100000000003,2,0.333333333333333,-1.3,-2.5,0.0,0.7346,0.9398,0.6914,0.83385201,1.6141589499999998,2.29132497,2.82332739,-1.6600418541000002,-3.2210887619999995,-0.27812927612,-0.7883666009999999,6.82524676599999,-13.012729354000005,1.157704086699998,-3.473381731100001
73,GLY,0.344,0.1902654867256637,0.6873999999999999,0.94018,0.52382,2,0.4,0.03,0.48,0.4556,0.0,1.0,0.5062,0.69436336,1.3411440599999995,1.89641865,2.32327317,-1.2664376900000005,-2.459947951,-0.2099869345,-0.596135006,4.985632991999999,-12.988422653000017,0.8193831184999995,-3.1173531934000005
74,TYR,1.799,0.5278755868544601,3.98929,1.1672900000000002,0.4417099999999998,2,0.666666666666667,-0.27,0.26,0.3556,0.8063,0.502,0.1605,0.6947152700000001,1.3439109399999998,1.90556166,2.34433222,-0.6591053238000001,-1.281664508,-0.10601962087,-0.3009441015999999,3.019569838000002,-6.432878531500002,0.5147493455999999,-1.6694783845000007
75,ASN,1.574,0.6437627811860941,2.41556,0.97479,-0.1037900000000002,1,0.333333333333333,-0.1,-0.78,0.1111,0.3976,0.6747,0.8272,0.69439156,1.3413782799999998,1.89723656,2.32529184,-0.509755095,-0.988113828,-0.0871915168,-0.2470572064999999,2.824049883999995,-5.43370651,0.4828172291000007,-1.424686690799999
76,ASP,1.001,0.3733681462140992,2.20065,1.13408,0.5459200000000002,1,0.25,-0.1,-0.9,0.1111,0.3239,0.8675,1.0,0.69421923,1.34003534,1.89283989,2.31529055,-0.5888937508,-1.1386913339000002,-0.10393788103,-0.29371334317,2.662924551999999,-6.6856822002000005,0.4870099923000001,-1.7495756047999989
77,ASN,0.797,0.3259713701431493,2.23457,1.28525,0.3627499999999997,0,0.0,-0.1,-0.78,0.1111,0.3976,0.6747,0.8272,1.25261116,2.43548413,3.48349293,4.340381450000001,-0.7871459909799998,-1.54126657668,-0.112102795952,-0.32055045838,2.597824947999999,-6.519393522999998,0.3653681611999999,-1.3404858266000004
78,ARG,2.108,0.6286907247241277,3.61588,1.13932,0.1056800000000002,0,0.0,-1.3,-2.5,0.0,0.7346,0.9398,0.6914,0.8339272900000001,1.61476835,2.29340042,2.82829705,-0.7922763716300001,-1.5375761188499997,-0.131451876145,-0.3724234231300001,2.0808890000000004,-5.041842593999999,0.3319040187999999,-1.1579684959999987
79,ASP,1.054,0.3931368892204401,2.21943,1.12149,0.5055099999999999,0,0.0,-0.1,-0.9,0.1111,0.3239,0.8675,1.0,0.8339388700000001,1.61484265,2.29358594,2.82853935,-0.545757041,-1.059773011,-0.0904294887,-0.256530229,1.8441742720000007,-3.24747973,0.3088031072000002,-0.7889734098000001
80,ASP,0.972,0.3625512868332711,2.25848,1.13166,0.5773400000000002,0,0.0,-0.1,-0.9,0.1111,0.3239,0.8675,1.0,0.83371961,1.6131237899999995,2.28792452,2.81555737,-0.6262684784,-1.2203110615999997,-0.0980535588,-0.279073718,1.4533029309999996,-2.0085145782,0.2309124208999999,-0.4705728086999999
81,ARG,2.193,0.6540411571726812,3.85742,1.08933,0.0706700000000002,0,0.0,-1.3,-2.5,0.0,0.7346,0.9398,0.6914,0.6945539000000001,1.34264785,1.90140791,2.33482608,-0.6244087625,-1.209035503,-0.1085928348999999,-0.3074046417,1.527156498,-3.8136321279999983,0.2803579024,-1.0616939968999997
82,ASP,1.227,0.4576650503543454,2.46394,1.00116,0.4528399999999999,0,0.0,-0.1,-0.9,0.1111,0.3239,0.8675,1.0,0.8337169,1.61311618,2.28794698,2.81575474,-0.4808327081999999,-0.9297968038,-0.0846841531399999,-0.23929130455,1.5314416440000012,-2.882152687699998,0.2461841332,-0.7057964387000002
83,ASN,1.263,0.5165644171779141,2.47465,1.05611,0.1258899999999998,0,0.0,-0.1,-0.78,0.1111,0.3976,0.6747,0.8272,1.11222626,2.15545406,3.06551473,3.78752197,-0.3717922670999999,-0.7261858280999999,-0.0559202027599999,-0.1595691296199999,2.0846649379999973,-1.6810675344,0.3078371899999998,-0.3660946946599998
84,ARG,2.405,0.717268118103191,4.09263,0.7406200000000001,0.2073800000000003,0,0.0,-1.3,-2.5,0.0,0.7346,0.9398,0.6914,0.83407342,1.6159048699999998,2.29711251,2.83671382,-0.5911127777,-1.1510047888,-0.0928108037699999,-0.263753384,2.0030240940000006,-3.7768867330000018,0.3168893012000001,-0.8741723729000002
85,GLY,0.612,0.3384955752212389,0.84162,0.82281,0.3731900000000001,0,0.0,0.03,0.48,0.4556,0.0,1.0,0.5062,0.83343345,1.6108963799999998,2.28064224,2.7990233,-0.8029570800000001,-1.561710486,-0.1305670367,-0.3711965829999999,2.237156044000001,-4.796513758,0.3721445148999995,-1.1518354995000004
86,GLY,0.656,0.3628318584070796,0.94368,0.82973,0.3222700000000001,0,0.0,0.03,0.48,0.4556,0.0,1.0,0.5062,0.83358628,1.6120815499999996,2.28450196,2.8077405100000004,-0.7421966137,-1.4349863502999998,-0.13204098864,-0.3733612438600001,3.332843796000002,-5.454595099800002,0.5760846627000011,-1.47631923566
87,SER,1.471,0.6760110294117647,1.54809,0.66038,0.0446200000000001,0,0.0,-0.1,-0.18,0.4111,0.1877,0.8514,0.5309,1.2524742999999998,2.43440469,3.4799140000000004,4.33210122,-0.6903827836,-1.3468591536,-0.105493935,-0.3005164377999999,2.752337367999997,-3.7983120386,0.4127185867,-0.8632267687999999
88,GLY,0.511,0.2826327433628318,0.86768,0.88923,0.4077700000000002,0,0.0,0.03,0.48,0.4556,0.0,1.0,0.5062,1.53075565,2.97498294,4.25178126,5.29108869,-0.45685349981,-0.89380218978,-0.066297477903,-0.189446197426,2.3611497300000006,-3.85166164986,0.3379686602999998,-0.8019496036520002
89,GLY,0.771,0.4264380530973451,1.00592,0.70667,0.3303299999999999,1,0.1,0.03,0.48,0.4556,0.0,1.0,0.5062,1.1121133200000002,2.15458432,3.0627071000000003,3.78126049,-0.6409877063699999,-1.2379218992599998,-0.11542761713,-0.3259581211699999,2.67064546,-4.136009820329999,0.4275926739999998,-1.0141621482599998
90,TYR,1.12,0.3286384976525822,3.98254,1.6003299999999998,0.68767,1,0.111111111111111,-0.27,0.26,0.3556,0.8063,0.502,0.1605,0.97257695,1.8812221,2.6667464,3.2790603000000003,-0.71164922563,-1.3825136116500003,-0.117922070653,-0.334895163234,2.4318799669999995,-3.355629414689999,0.4161086316000001,-0.8289176210939998
91,GLY,0.802,0.4435840707964602,0.98962,0.60865,0.39735,1,0.125,0.03,0.48,0.4556,0.0,1.0,0.5062,0.8337134500000001,1.6130785,2.2877859,2.81527166,-0.7764597041000001,-1.5089113049999998,-0.1271771527,-0.3610440300999999,2.5073148199999995,-2.7027644305999976,0.4513956976,-0.7822689452
92,ARG,0.944,0.281538920369818,3.47147,1.89884,0.5101600000000004,1,0.0909090909090909,-1.3,-2.5,0.0,0.7346,0.9398,0.6914,1.39176893,2.70591435,3.869915680000001,4.821072129999999,-0.4530656402,-0.8847719443999998,-0.0678427641999999,-0.19342499614,2.1214509980000007,-0.8029479063999994,0.3306819819000003,-0.2083591221600002
93,ASP,0.674,0.2513987318164864,2.17974,1.2013,0.8057000000000001,1,0.0833333333333333,-0.1,-0.9,0.1111,0.3239,0.8675,1.0,1.3910785,2.70047645,3.8519133,4.77950614,-0.6750340911000001,-1.3155007422,-0.1050170736999999,-0.2988088438699999,3.223615469999993,-4.303672916600005,0.4877441361000004,-0.9651530255100004
94,ARG,2.465,0.7351625410080525,4.04365,0.73067,0.1573300000000003,2,0.25,-1.3,-2.5,0.0,0.7346,0.9398,0.6914,1.11336702,2.16438797,3.09491392,3.85486103,-0.79707846532,-1.5498569209000002,-0.12908052329,-0.36655971736,4.164371453999999,-6.407160811600004,0.6503551163,-1.590777416480002
95,ASN,1.125,0.4601226993865031,2.23452,1.19204,0.1279599999999998,2,0.333333333333333,-0.1,-0.78,0.1111,0.3976,0.6747,0.8272,0.83400501,1.6153722,2.2953691,2.8327499199999995,-1.0159282160299998,-1.973960256,-0.166273849894,-0.47183453103,4.554906526999996,-9.489150993599988,0.7317363878000015,-2.306949020019998
96,TYR,1.834,0.5381455399061034,3.71001,1.3856,0.1883999999999999,4,0.571428571428571,-0.27,0.26,0.3556,0.8063,0.502,0.1605,0.8339236400000001,1.61471682,2.2931498,2.82747319,-0.984681223,-1.9149117284,-0.15930750595,-0.4525231422,3.799751404,-6.861748229599992,0.6844050838000008,-1.7666790322000003
97,GLU,1.247,0.4571114369501466,2.90748,1.1341799999999995,0.3468200000000003,3,0.428571428571429,-0.1,-0.74,0.1111,0.4884,0.8112,0.9136,1.25280325,2.43697602,3.48835875,4.35139253,-1.0535510931,-2.0595172393000003,-0.15437982569,-0.4405149581,5.036439130999995,-7.591390407000017,0.7266351348000011,-1.587080510100001
98,ASP,1.114,0.4155165982842223,2.30543,1.06319,0.5038100000000001,5,0.714285714285714,-0.1,-0.9,0.1111,0.3239,0.8675,1.0,1.11263976,2.15869078,3.07615989,3.81188605,-0.9080263665,-1.7647458639999998,-0.14778182954,-0.4193757796599998,4.279272967999998,-7.851795091000016,0.6981555629999995,-1.970673664000001
99,ARG,2.17,0.6471816283924843,3.70428,1.15982,0.0231800000000002,3,0.75,-1.3,-2.5,0.0,0.7346,0.9398,0.6914,0.83406613,1.61583886,2.29686334,2.83604394,-0.9174043918,-1.783053048,-0.1493085321499999,-0.4237628809999999,3.139885138999998,-6.807289541800003,0.5191723998,-1.6556158972200004
100,GLY,0.633,0.3501106194690265,0.83776,0.9189,0.2561,2,0.666666666666667,0.03,0.48,0.4556,0.0,1.0,0.5062,0.83409109,1.61604818,2.29760208,2.83789055,-0.6580121771000002,-1.2776008414,-0.1084647651399999,-0.3074550156999999,2.8692684440000007,-4.093746356199996,0.4350687607999999,-0.9776103603000004
101,TYR,1.926,0.5651408450704225,3.87152,1.1832,0.2987999999999999,1,0.2,-0.27,0.26,0.3556,0.8063,0.502,0.1605,0.97348862,1.8883245,2.68998803,3.33189423,-0.5042596149,-0.981431675,-0.0802214928,-0.2279811213,2.6317914300000003,-5.338733991,0.4149963701999997,-1.244916837200001
102,ASN,1.493,0.610633946830266,2.54542,0.7839200000000001,0.1680799999999996,0,0.0,-0.1,-0.78,0.1111,0.3976,0.6747,0.8272,1.11274822,2.15954555,3.07899311,3.81843926,-0.4791620304999999,-0.937015444,-0.0696381971,-0.1987739329999999,2.4378396090000005,-4.171021615000002,0.3635144516999998,-0.8808483268999999
103,GLY,0.515,0.2848451327433628,0.75298,0.96431,0.32869,0,0.0,0.03,0.48,0.4556,0.0,1.0,0.5062,0.69419491,1.33982799,1.8920986,2.3134116,-0.60408119,-1.170184414,-0.1046515671,-0.296431892,2.076688093,-4.207083649999999,0.3721538528999997,-1.103558672
104,GLY,0.809,0.4474557522123894,1.02803,0.7343700000000001,0.2646299999999999,0,0.0,0.03,0.48,0.4556,0.0,1.0,0.5062,0.83367893,1.6128216000000002,2.28698711,2.81358527,-0.793722641,-1.5471216,-0.1233155552999999,-0.3510487416,2.082264590000003,-5.423491043,0.3267185926000004,-1.2392104434000004
105,GLY,0.943,0.5215707964601769,0.90549,0.72172,0.14328,0,0.0,0.03,0.48,0.4556,0.0,1.0,0.5062,0.83370773,1.61303689,2.28765959,2.81501505,-0.732775543,-1.4176921219999996,-0.12871790184,-0.3640457622999999,2.4316895379999988,-5.2091738030000005,0.4149033210000001,-1.317709901600001
106,GLY,0.688,0.3805309734513274,0.99539,0.74343,0.37657,0,0.0,0.03,0.48,0.4556,0.0,1.0,0.5062,1.39172107,2.70553002,3.86861816,4.817999959999999,-0.6272350961,-1.2235211352,-0.09506849293,-0.2705434886,4.132741129000002,-6.627476903500003,0.5767919926000001,-1.4099632287000008
107,GLY,0.735,0.4065265486725664,0.96601,0.8158,0.2572,2,0.2,0.03,0.48,0.4556,0.0,1.0,0.5062,1.25251097,2.43470221,3.48092878,4.33453548,-0.6029271737999999,-1.171036954,-0.0993487204799999,-0.2818177603,3.499859127999999,-7.0263572530000005,0.5228413574999998,-1.548061189999998
108,GLY,0.731,0.4043141592920354,1.02486,0.7851599999999999,0.2918400000000001,3,0.333333333333333,0.03,0.48,0.4556,0.0,1.0,0.5062,0.97298897,1.88441973,2.67716873,3.30262634,-0.828062485,-1.609531582,-0.1353908131,-0.3845072035999999,3.453342448999999,-7.4653332729999935,0.5760361155000008,-1.8135654167999988
109,GLY,0.848,0.4690265486725663,0.89774,0.75208,0.2079200000000001,2,0.4,0.03,0.48,0.4556,0.0,1.0,0.5062,0.83422066,1.61706188,2.3009339,2.84550928,-0.7867619726999999,-1.5272062714,-0.13077197361,-0.3707598996,5.664938237000012,-7.832798073600013,0.8139279848999992,-1.8701679524000032
110,ASN,1.352,0.5529652351738242,2.47756,0.8752000000000001,0.2177999999999996,2,0.333333333333333,-0.1,-0.78,0.1111,0.3976,0.6747,0.8272,0.83388709,1.61443291,2.29222314,2.82537437,-0.6784228245000001,-1.3200597955000002,-0.10856174039,-0.30848624143,4.1576250610000045,-6.3407740516,0.7060481843000007,-1.5392635319799997
111,ARG,1.747,0.521025946913212,3.62962,1.4176,0.1884000000000001,4,0.363636363636364,-1.3,-2.5,0.0,0.7346,0.9398,0.6914,1.25151423,2.42688513,3.45516734,4.27541644,-0.6438129834999999,-1.256677474,-0.0977008100899999,-0.2785452365999999,4.519533518999996,-5.428732654000006,0.703991317400001,-1.2654486262000006
112,GLY,0.529,0.2925884955752212,0.8351500000000001,0.8508,0.4281999999999999,2,0.222222222222222,0.03,0.48,0.4556,0.0,1.0,0.5062,1.39217474,2.70908147,3.88029984,4.84473988,-0.637581345,-1.2439760167,-0.0969544566899999,-0.2761590857,4.747610261999999,-8.966574742999997,0.7973164966000016,-2.1700510954000007
113,TYR,1.637,0.4803403755868545,4.39235,1.2112500000000002,0.5597499999999997,4,0.444444444444444,-0.27,0.26,0.3556,0.8063,0.502,0.1605,0.97337615,1.88743673,2.68704353,3.32507934,-1.0233895738,-1.9831016035,-0.1746044365999999,-0.4942214472999999,6.522705389999977,-15.095535050500027,1.0073959143000009,-3.488982116499998
114,ASN,0.924,0.3779141104294479,2.21422,1.07337,0.44763,2,0.285714285714286,-0.1,-0.78,0.1111,0.3976,0.6747,0.8272,1.1124875,2.15750884,3.07230775,3.80317791,-1.1942084258,-2.3310372527000007,-0.1811607243999999,-0.5165093343,7.590208512000005,-15.700373541000006,1.1243183634000016,-3.392767994399996
115,ASN,0.673,0.2752556237218814,2.3269,1.30593,0.4660699999999997,1,0.142857142857143,-0.1,-0.78,0.1111,0.3976,0.6747,0.8272,0.97291095,1.88378839,2.67502036,3.29748823,-1.015311789,-1.9690176814000004,-0.17296426923,-0.4904406653000001,7.560717587999968,-13.297723560399971,1.3687936712999964,-3.497852636200002
116,ASN,0.932,0.3811860940695297,2.32935,1.14115,0.3718499999999998,0,0.0,-0.1,-0.78,0.1111,0.3976,0.6747,0.8272,0.97357628,1.88902506,2.69234491,3.33745225,-1.2797550490999998,-2.4762423623,-0.22338789822,-0.63156390365,12.674432978999985,-17.607452570000035,2.1013668317000027,-4.988648404899988
117,ARG,0.902,0.2690128243364151,3.69652,1.75454,0.6964600000000001,0,0.0,-1.3,-2.5,0.0,0.7346,0.9398,0.6914,1.5316803899999998,2.98220878,4.275504890000001,5.34526036,-2.3110559229,-4.5182103739000015,-0.33946963143,-0.9691771179000004,12.823320693999964,-20.175865591500013,1.8745926222999991,-4.538017455599996
118,GLY,0.702,0.3882743362831858,1.003,0.8092300000000001,0.29677,0,0.0,0.03,0.48,0.4556,0.0,1.0,0.5062,1.39141308,2.70309044,3.86049354,4.79909293,-2.32458230385,-4.520879441199999,-0.3758670629700001,-1.06777014214,12.16947343100006,-20.56836832149998,1.9879258216000024,-5.252790585509994
119,GLY,0.835,0.4618362831858407,0.99268,0.73657,0.2364300000000001,0,0.0,0.03,0.48,0.4556,0.0,1.0,0.5062,1.81059071,3.52770095,5.06350294,6.341072579999999,-2.92444018235,-5.706058261099996,-0.4453407417799999,-1.2687648881200002,15.134313019999992,-18.63285414320004,2.2982373463999988,-4.406602626619998
120,GLY,0.417,0.2306415929203539,0.73868,1.01998,0.3710199999999999,0,0.0,0.03,0.48,0.4556,0.0,1.0,0.5062,2.08904098,4.069577150000001,5.839552640000002,7.30936563,-2.8852368120600014,-5.624343688799999,-0.4471488286649999,-1.2728212769199994,15.404230248000031,-17.302779201600025,2.384778304800011,-4.090713922479997
121,GLY,0.159,0.0879424778761061,0.75264,1.0307,0.6183000000000001,0,0.0,0.03,0.48,0.4556,0.0,1.0,0.5062,2.50425048,4.863246110000001,6.941209190000002,8.620634019999999,-2.1587343586600016,-4.191894472660001,-0.3597063942153,-1.0210325561920002,13.107498929000018,-14.007841274200011,2.179451848100001,-3.576262108579993
122,GLY,0.337,0.1863938053097345,0.77132,0.90007,0.57093,0,0.0,0.03,0.48,0.4556,0.0,1.0,0.5062,2.50489906,4.86829605,6.95771847,8.65810398,-2.221315363340001,-4.3179446985,-0.3611401049100001,-1.02528350161,14.958781594000014,-17.53429708690003,2.432833102800016,-4.224634492119996
123,GLY,0.224,0.1238938053097345,0.7433799999999999,1.0275599999999998,0.5564400000000003,0,0.0,0.03,0.48,0.4556,0.0,1.0,0.5062,2.9233622900000005,5.687272850000001,8.1420537,10.156900629999996,-1.9437653611500003,-3.784501137099999,-0.3086814465899999,-0.8779359575699996,14.013587186999969,-19.673068136900035,2.2992512872000046,-4.76031453839999
124,TYR,0.404,0.1185446009389671,2.95682,2.14473,0.8592700000000004,0,0.0,-0.27,0.26,0.3556,0.8063,0.502,0.1605,2.50253293,4.84986648,6.897422250000001,8.521076879999999,-2.1210966839,-4.1047462827,-0.37240724339,-1.0538805438899996,14.551381296000084,-18.31945081739998,2.491357667600001,-4.758164642779996
125,ASN,0.181,0.0740286298568507,1.85889,1.60089,0.6631099999999999,0,0.0,-0.1,-0.78,0.1111,0.3976,0.6747,0.8272,2.78473583,5.42099063,7.76924405,9.707286809999998,-3.043498287065,-5.923325544189998,-0.486338972204,-1.3827132787099998,14.22083806400004,-21.28917336047995,2.2437425575000027,-5.159078103110005
126,ARG,1.81,0.5398150909633164,3.98005,1.06076,0.48224,0,0.0,-1.3,-2.5,0.0,0.7346,0.9398,0.6914,2.3690333900000007,4.62353244,6.655360810000001,8.36875435,-2.856772673900001,-5.5698713486,-0.4415067485800002,-1.2570221921699996,15.37318260600002,-22.468804821100026,2.3122675693,-5.058506755570008
127,GLN,0.857,0.2980869565217391,2.44553,1.49766,0.5203399999999998,0,0.0,-0.1,-0.85,0.1111,0.5388,0.7952,0.6914,2.08860713,4.06619609,5.82848726,7.284209219999999,-2.2241739853,-4.329418537599998,-0.3517907436700002,-0.9995558940200002,12.572994999,-18.32752056190001,1.9557203591999992,-4.276454837080005
128,ASP,0.414,0.1544199925400969,1.92654,1.41791,0.8490899999999999,0,0.0,-0.1,-0.9,0.1111,0.3239,0.8675,1.0,2.22652542,4.32710157,6.184188000000001,7.69641873,-1.9377282136,-3.78222424274,-0.2918440505379999,-0.83147152893,13.367263443999985,-21.117961733539996,2.0023076167000027,-4.705587202279998
129,ARG,1.759,0.5246048314941842,3.67997,1.24429,0.3497100000000002,0,0.0,-1.3,-2.5,0.0,0.7346,0.9398,0.6914,1.94790484,3.78375225,5.402813160000001,6.714480239999999,-1.94459473635,-3.788611379199999,-0.3031709773704999,-0.8622603260890004,13.12707415099995,-22.11679132139999,2.013528870200002,-4.962968328712003
130,GLY,0.239,0.1321902654867256,0.7267199999999999,0.9956,0.5734,1,0.0476190476190476,0.03,0.48,0.4556,0.0,1.0,0.5062,1.5289561800000002,2.96092858,4.2056642900000005,5.185862670000001,-1.4664624783,-2.8433092654,-0.25029083484,-0.70945194733,11.69152442600002,-15.896911293999995,1.972284106900009,-3.916560695349999
131,ASP,1.075,0.4009697873927638,2.22055,1.02568,0.5803200000000002,2,0.105263157894737,-0.1,-0.9,0.1111,0.3239,0.8675,1.0,1.5293543,2.96410132,4.21629288,5.21077958,-1.24707710827,-2.4226700183999994,-0.205698637845,-0.58388563617,12.399416309000012,-17.865801435799998,2.073613198200001,-4.485999007099996
132,GLY,0.406,0.2245575221238938,0.80369,0.8974000000000001,0.5046,2,0.111111111111111,0.03,0.48,0.4556,0.0,1.0,0.5062,1.52924507,2.96323868,4.21342926,5.204146140000001,-1.1803374397000002,-2.2941872684,-0.19251271903,-0.5465649838499999,12.276076211999998,-25.84475133239995,2.101264812900002,-6.415020345999973
133,GLY,0.696,0.3849557522123893,0.91983,0.74318,0.3688200000000001,0,0.0,0.03,0.48,0.4556,0.0,1.0,0.5062,1.11280377,2.15996215,3.08029771,3.82122188,-1.0469984765000002,-2.0385496637,-0.16612164921,-0.47244228615,10.020469153999986,-20.36917024320004,1.5556483230999925,-4.687158023999997
134,SER,0.985,0.4526654411764705,1.26592,0.949,0.2420000000000002,0,0.0,-0.1,-0.18,0.4111,0.1877,0.8514,0.5309,0.97381234,1.89087983,2.69846966,3.35154664,-1.0556610684000003,-2.0603313497,-0.15888987917,-0.452542201056,8.61068022099998,-16.824391663290033,1.281220944299999,-3.684470357234997
135,SER,1.335,0.6135110294117646,1.37462,0.6479800000000001,0.19302,0,0.0,-0.1,-0.18,0.4111,0.1877,0.8514,0.5309,0.97343119,1.88787243,2.68849302,3.3284481900000005,-0.7135588539999999,-1.3879161063,-0.1152246692299999,-0.32739262208,8.482874668000006,-10.914249354999995,1.3571880735000008,-2.561135783699998
136,ASN,0.962,0.3934560327198364,2.07469,1.24342,0.2395799999999999,1,0.0769230769230769,-0.1,-0.78,0.1111,0.3976,0.6747,0.8272,1.39166245,2.70505793,3.867018850000001,4.81419542,-0.8550120777000001,-1.6683118505000003,-0.12973309663,-0.3694993959,9.675132284999954,-15.178393095700004,1.4289605419999982,-3.289694009900004
137,PHE,1.006,0.3235767127693792,3.22933,1.59932,0.5036799999999997,1,0.111111111111111,1.1,1.2,0.8111,0.783,0.0763,0.037,1.39172492,2.70555827,3.86870611,4.8181866200000005,-1.0136549723999997,-1.9746449607,-0.15954796937,-0.4540450646,8.764909761999993,-16.490750370999976,1.3439596315999998,-3.7156921495
138,SER,1.092,0.5018382352941176,1.64166,0.8271,0.2569000000000001,0,0.0,-0.1,-0.18,0.4111,0.1877,0.8514,0.5309,1.25307337,2.4390982,3.49536551,4.36751178,-1.0467841252,-2.0282181621,-0.1786840207199999,-0.5056588784299999,8.721254685999993,-13.132904288599988,1.3651098033999949,-3.200229448200003
139,ARG,1.056,0.3149418431255592,3.1601,1.84022,0.4567800000000002,2,0.181818181818182,-1.3,-2.5,0.0,0.7346,0.9398,0.6914,1.66978682,3.24440443,4.63482687,5.76386851,-0.9867249552,-1.9165468792,-0.16281925036,-0.4619921710399999,12.403945825999935,-15.406685118699968,2.039817648600004,-3.797427272140008
140,GLY,0.239,0.1321902654867256,0.74298,0.96885,0.60015,2,0.117647058823529,0.03,0.48,0.4556,0.0,1.0,0.5062,1.6695078099999998,3.2423045500000005,4.62821146,5.74961608,-1.2964564391,-2.5283634785000006,-0.19872609703,-0.56579106796,11.439830162000026,-17.07997930939999,1.7273104447999976,-3.684787738799996
141,GLY,0.64,0.3539823008849557,0.92686,0.7734500000000001,0.39455,1,0.0526315789473684,0.03,0.48,0.4556,0.0,1.0,0.5062,1.52907062,2.961898840000001,4.20910983,5.19452303,-1.7009000345200005,-3.30339914358,-0.280735341023,-0.7963961470540002,10.132676418000038,-19.70554986299999,1.6138001978000016,-4.667291993360006
142,TYR,1.101,0.3230633802816901,3.39973,1.71557,0.5914299999999999,0,0.0,-0.27,0.26,0.3556,0.8063,0.502,0.1605,1.80711215,3.5006164600000007,4.97491768,6.1398287,-2.1554984806699995,-4.195376774699998,-0.3435473550599999,-0.9766763031800002,9.222377971000032,-19.92186472180001,1.5337544283000015,-4.797058613919999
143,ASN,1.151,0.4707566462167689,2.16261,1.11726,0.1767399999999999,0,0.0,-0.1,-0.78,0.1111,0.3976,0.6747,0.8272,1.38920865,2.68597412,3.804672960000001,4.67277378,-1.5308445407,-2.9586406980000004,-0.27367212124,-0.77353475374,11.125517232000044,-19.50867981999998,2.0125047881000087,-5.21158393694001
144,ASN,0.958,0.3918200408997955,2.41501,1.00849,0.4785099999999997,0,0.0,-0.1,-0.78,0.1111,0.3976,0.6747,0.8272,1.11144555,2.14937594,3.04563729,3.74237447,-1.19092530014,-2.307074186,-0.2061054060099999,-0.5838306499,10.246221034999968,-11.094131169399985,1.6843839081000018,-2.807536012270001
145,ARG,2.354,0.702057858634059,3.91809,0.8518599999999998,0.1471400000000002,0,0.0,-1.3,-2.5,0.0,0.7346,0.9398,0.6914,0.83352402,1.61159454,2.28290008,2.80407326,-1.2682237934999998,-2.4674725140000007,-0.20448567403,-0.58136229065,9.928908872000004,-16.149874865999983,1.6540233934000068,-4.053363531300002
146,ASP,0.914,0.340917568071615,2.36812,1.01126,0.7557399999999999,0,0.0,-0.1,-0.9,0.1111,0.3239,0.8675,1.0,0.83367218,1.6127596,2.28675179,2.81295033,-0.89869535206,-1.7505049640000006,-0.140984005064,-0.40094624106,10.79221889000003,-14.006441940600052,1.7891988882000054,-3.466525239599996
147,GLU,1.858,0.6810850439882697,3.04807,0.80112,0.06888,0,0.0,-0.1,-0.74,0.1111,0.4884,0.8112,0.9136,0.97370096,1.88998993,2.69547799,3.34449903,-0.7585711177000001,-1.4826987632999995,-0.1116337962549999,-0.3185669623229999,9.315726655999976,-13.063420167,1.4211377106000007,-2.867139182941996
148,GLY,0.67,0.370575221238938,0.9804,0.8419000000000001,0.2960999999999998,0,0.0,0.03,0.48,0.4556,0.0,1.0,0.5062,0.5548355,1.06783709,1.50060363,1.82129875,-0.5672829406,-1.0949894765,-0.1035237394,-0.2923794880000001,6.965745023999996,-11.375059375999996,1.3158847100000028,-3.207215170000002
149,SER,0.96,0.4411764705882352,1.41217,1.01665,0.1993500000000001,1,0.166666666666667,-0.1,-0.18,0.4111,0.1877,0.8514,0.5309,0.8341490799999999,1.61648128,2.29895152,2.84074726,-1.3553817394999998,-2.6422825034,-0.2098259490699999,-0.5973114262700001,9.191100095999964,-11.593767905099988,1.456709894299997,-2.754147046959994
150,ASP,0.808,0.3013800820589332,2.17072,1.22932,0.64368,1,0.0833333333333333,-0.1,-0.9,0.1111,0.3239,0.8675,1.0,1.39154476,2.70414593,3.86405135,4.80750085,-1.97223093217,-3.833683942900002,-0.3212780582200001,-0.9122151878799998,11.507622808000033,-11.4112776471,1.8348067879000045,-2.836325999699999
151,ASN,0.16,0.065439672801636,1.57854,1.69636,0.5886399999999996,0,0.0,-0.1,-0.78,0.1111,0.3976,0.6747,0.8272,2.36722298,4.60939681,6.60898984,8.262988929999999,-3.0989315621,-6.039763034599998,-0.4822722051100001,-1.3726852824300004,14.033624075000038,-19.172655725399963,2.1394746225999928,-4.369361120550003
152,ARG,1.255,0.3742916790933492,3.24812,1.55401,0.5439900000000002,1,0.0476190476190476,-1.3,-2.5,0.0,0.7346,0.9398,0.6914,2.227141570000001,4.3317480800000006,6.19886587,7.7281738199999985,-2.6989068837700003,-5.252483794200001,-0.4314261046049999,-1.22644099487,14.572237143000033,-21.931363528820004,2.316725484399994,-5.19084605293999
153,GLY,0.344,0.1902654867256637,0.8802,0.98684,0.47716,0,0.0,0.03,0.48,0.4556,0.0,1.0,0.5062,2.36670705,4.60538217,6.5958731,8.23323659,-2.2988129799,-4.4834335646,-0.3532693691149997,-1.00616952719,16.746313765999925,-25.27123148219998,2.545892111799994,-5.788559646610015
154,SER,0.931,0.4278492647058823,1.53843,0.8870800000000001,0.35792,1,0.125,-0.1,-0.18,0.4111,0.1877,0.8514,0.5309,1.39210178,2.7085129199999995,3.87844084,4.8405187,-1.8530094579000005,-3.613996163499999,-0.28363694714,-0.8075318422999999,18.911640125000066,-19.510409924900063,2.827785690999983,-4.499784865600007
155,GLY,0.931,0.5149336283185841,0.95787,0.64364,0.23336,1,0.166666666666667,0.03,0.48,0.4556,0.0,1.0,0.5062,0.97341385,1.88777098,2.68827863,3.32832354,-1.6230876223900002,-3.163401874564,-0.2515700905042,-0.7158384366400002,15.598916417000035,-22.141207062164032,2.4122347668000184,-5.220909167691984
156,ARG,1.571,0.4685356397256188,3.2383800000000003,1.42974,0.3522600000000002,1,0.125,-1.3,-2.5,0.0,0.7346,0.9398,0.6914,0.9729173400000002,1.88386181,2.6753435100000003,3.29847869,-1.6213366574599997,-3.1590265106000004,-0.25474901255,-0.7251717305799998,17.602206532000007,-24.99261653690009,2.7565004775999835,-5.876935227780003
157,SER,0.884,0.40625,1.61647,0.79992,0.4920800000000003,0,0.0,-0.1,-0.18,0.4111,0.1877,0.8514,0.5309,1.25243508,2.43407615,3.4787573400000005,4.32921945,-1.7033298749340005,-3.3126219877000014,-0.2757560406969998,-0.7834238702580001,21.097677843000124,-25.93834933349989,3.3131881910999934,-6.244825410063986
158,TYR,0.612,0.1795774647887324,3.12829,2.09348,0.7025199999999998,0,0.0,-0.27,0.26,0.3556,0.8063,0.502,0.1605,2.22743877,4.33412136,6.206836470000001,7.74692451,-2.1053766784499994,-4.09706466323,-0.3378384223599999,-0.9605783422799998,23.937122331,-31.385630485720064,3.663580860000012,-7.501981096229994
159,ASN,1.389,0.5680981595092025,2.334,1.0005,0.0554999999999998,0,0.0,-0.1,-0.78,0.1111,0.3976,0.6747,0.8272,1.80905956,3.5158291000000004,5.024840180000001,6.253743899999999,-2.5507933404000007,-4.965003622499999,-0.40514157173,-1.1514891453899998,18.03108961000005,-32.41336277569998,2.837016852799982,-7.544858703789997
160,ASN,0.468,0.1914110429447853,1.7829,1.52888,0.4481199999999998,0,0.0,-0.1,-0.78,0.1111,0.3976,0.6747,0.8272,1.8078744,3.5065651400000006,4.99441772,6.18425545,-2.8716129663000007,-5.5926500165,-0.452716588255,-1.28769029892,18.818499497000044,-36.48781360929991,2.9506400212999675,-8.527124141639987
161,ASP,1.267,0.4725848563968668,2.40306,0.79556,0.6184400000000001,0,0.0,-0.1,-0.9,0.1111,0.3239,0.8675,1.0,1.25238606,2.4337090000000003,3.477608350000001,4.32677074,-1.8010228202199998,-3.503727354999999,-0.2891827277,-0.8216145701099999,16.388465089000015,-24.221826275500035,2.5150450815999976,-5.681259364629992
162,ARG,1.782,0.5314643602743812,3.75728,1.2596,0.3114000000000001,0,0.0,-1.3,-2.5,0.0,0.7346,0.9398,0.6914,1.25305737,2.43897761,3.49498505,4.36669129,-1.2187464785999995,-2.3722006823,-0.19328571041,-0.54925418024,10.610136229000004,-13.570228180999996,1.6372744236000054,-3.322157138419995
163,ARG,2.074,0.6185505517447062,3.62896,1.1542,0.1248000000000004,1,0.2,-1.3,-2.5,0.0,0.7346,0.9398,0.6914,0.83331506,1.60997545,2.27763483,2.79220762,-0.808239403,-1.563672819,-0.1423561063,-0.402712426,4.502733025999997,-11.559886774000011,0.8321834219999975,-3.118035373000001
164,ASP,1.571,0.5859753823200298,2.49121,0.77058,0.33942,1,0.2,-0.1,-0.9,0.1111,0.3239,0.8675,1.0,0.83401264,1.6154279699999998,2.29553979,2.83310146,-0.7520218644999999,-1.463473825,-0.1200905167,-0.3413183036,4.046791878000006,-7.540134748999995,0.6321347587999984,-1.8659622658
165,ASN,1.475,0.6032719836400818,2.4051400000000003,0.80484,0.1651599999999997,1,0.2,-0.1,-0.78,0.1111,0.3976,0.6747,0.8272,0.83377083,1.61355346,2.28943938,2.81933813,-0.4666643739999999,-0.909396691,-0.0719770545,-0.204635879,2.949633872000001,-7.901349459000006,0.4314568685999999,-1.693646299999998
166,GLY,0.459,0.2538716814159292,0.78051,0.9911,0.3579,1,0.166666666666667,0.03,0.48,0.4556,0.0,1.0,0.5062,0.9730262,1.88472032,2.67819031,3.30506683,-0.2665581979999999,-0.521761726,-0.0381097894,-0.108912982,2.950735556000001,-5.656082293999998,0.4268151430000003,-1.1852992065
167,GLY,0.87,0.4811946902654867,0.93303,0.7547899999999998,0.1832100000000002,0,0.0,0.03,0.48,0.4556,0.0,1.0,0.5062,0.83393396,1.61481705,2.2935488,2.82860061,-0.241661814,-0.470207446,-0.0381589611,-0.108292433,2.9068365529999998,-5.856597010000007,0.4542404096000004,-1.397002421999999
168,ASP,1.558,0.5811264453562104,2.48232,0.82121,0.30179,0,0.0,-0.1,-0.9,0.1111,0.3239,0.8675,1.0,0.55532545,1.07168185,1.51328311,1.85042485,-0.368621333,-0.7149177119999999,-0.0621585999999999,-0.1761017049,2.7867522419999977,-6.255422919999992,0.4555281248,-1.562595943799999
169,GLY,1.382,0.7643805309734513,1.5119,0.44152,-0.0155199999999998,0,0.0,0.03,0.48,0.4556,0.0,1.0,0.5062,0.41705736,0.80811205,1.14907435,1.41952178,-0.349023825,-0.681463426,-0.0523690002999999,-0.149269509,2.1615416519999986,-4.932443590000002,0.3319744454,-1.0777274950000006
