2,MET,2.367,0.7937625754527162,2.97499,0.5668899999999999,0.0481100000000003,0,0.0,0.8,0.64,0.7111,0.6196,0.0,0.0988,0.41708446,0.80832573,1.1497829,1.42116114,-0.4516224734,-0.8787733184999998,-0.0716152047199999,-0.2033466053,4.587741427999993,-7.369734402399981,0.788777064000001,-1.9570724904000008
3,GLU,1.132,0.4149560117302052,2.67919,1.2565000000000002,0.3395000000000001,1,0.142857142857143,-0.1,-0.74,0.1111,0.4884,0.8112,0.9136,0.83435938,1.61813427,2.30441303,2.85332352,-0.8195795693999997,-1.6013527256,-0.12160442557,-0.34691090944,7.226386527999993,-14.179631403399997,1.156312253300004,-3.513532840280003
4,SER,0.737,0.3386948529411764,1.47016,1.01774,0.4212599999999999,0,0.0,-0.1,-0.18,0.4111,0.1877,0.8514,0.5309,0.6944365800000001,1.3417258099999998,1.8983624400000003,2.32781578,-0.7115458287999998,-1.3808774582,-0.11881914299,-0.3368171282999999,7.91284688699999,-14.806171752199992,1.4244327747000016,-4.017208366799993
5,ASN,0.982,0.4016359918200409,2.33235,1.1535099999999998,0.30949,0,0.0,-0.1,-0.78,0.1111,0.3976,0.6747,0.8272,0.97336124,1.88731531,2.6866260600000005,3.32406828,-1.6780114075799997,-3.269679363699999,-0.26280212985,-0.7479641384700001,9.147511130000009,-13.999370556799988,1.492761637100007,-3.3880606747399957
6,GLN,1.392,0.4841739130434782,2.94897,1.11113,0.3718700000000001,0,0.0,-0.1,-0.85,0.1111,0.5388,0.7952,0.6914,1.1132755900000002,2.16368177,3.09262547,3.84972817,-1.9286574220100003,-3.759192209499999,-0.296718298748,-0.8438060638999998,12.253889343999976,-17.89919152310004,1.9360868781999976,-4.233762685599999
7,SER,0.54,0.2481617647058823,1.38379,1.2643099999999998,0.3716900000000003,0,0.0,-0.1,-0.18,0.4111,0.1877,0.8514,0.5309,1.81009601,3.52385122,5.050917270000001,6.31249918,-2.403595042694,-4.686839818373999,-0.3714511663199998,-1.0579373927189997,10.733559989999929,-14.71360493911398,1.6123120995999998,-3.412109593529004
8,ASN,1.382,0.5652351738241309,2.38499,0.92166,0.1413399999999998,0,0.0,-0.1,-0.78,0.1111,0.3976,0.6747,0.8272,1.53067357,2.97433392,4.24962548,5.286089790000001,-2.11611888594,-4.1155593885,-0.3421183637880002,-0.9719794019120004,10.802430901999996,-13.37000814672001,1.7078123743000004,-3.2259665395939945
9,ASN,0.843,0.3447852760736196,2.07886,1.2504000000000002,0.3515999999999997,0,0.0,-0.1,-0.78,0.1111,0.3976,0.6747,0.8272,1.9483132200000004,3.78697986,5.4135366000000005,6.739353809999999,-1.984386178646,-3.857523290139999,-0.3222093653080001,-0.9147565222469995,12.41136740399995,-15.680436584480027,1.9686586514,-3.8228172594140006
10,GLY,0.514,0.2842920353982301,0.8552599999999999,0.8600399999999999,0.4339600000000001,0,0.0,0.03,0.48,0.4556,0.0,1.0,0.5062,2.0877398300000003,4.0593937,5.80606655,7.23274595,-2.1860062115939995,-4.2599071547400005,-0.343072934931,-0.976901746507,10.295514386999985,-13.258903896700009,1.6053533399999955,-3.029433854469997
11,GLY,0.067,0.0370575221238938,0.69029,1.04124,0.6997600000000002,0,0.0,0.03,0.48,0.4556,0.0,1.0,0.5062,1.80780634,3.506075,4.9929548100000005,6.181365670000001,-1.8623381887,-3.606727929799999,-0.3223009634800001,-0.9123935251000002,16.164269486000006,-18.5213072743,2.710013364399989,-4.866594507929999
12,SER,0.373,0.1714154411764705,1.40174,1.2121,0.5909000000000002,0,0.0,-0.1,-0.18,0.4111,0.1877,0.8514,0.5309,1.94755404,3.78096045,5.393474480000001,6.69262579,-2.2968555065,-4.459891081099999,-0.3836688764299999,-1.0891222070300002,15.895880020999927,-24.38350444070001,2.633247829999983,-6.103275713349996
13,GLY,0.188,0.1039823008849557,0.7553,1.0737899999999998,0.5462100000000003,0,0.0,0.03,0.48,0.4556,0.0,1.0,0.5062,2.36482097,4.590738220000001,6.548118389999999,8.125183109999998,-2.2396299025999995,-4.361088979000001,-0.3536748401600001,-1.00572347324,12.139783272999992,-22.92076786579999,1.903706522400004,-5.347317253000017
14,ASN,0.438,0.1791411042944785,1.92176,1.5352800000000002,0.4717199999999995,0,0.0,-0.1,-0.78,0.1111,0.3976,0.6747,0.8272,2.36500618,4.592137,6.552547880000002,8.1348018,-1.5541715568100003,-3.0216969309400006,-0.25259361306,-0.7174582954800003,15.31108441999999,-16.396275775140026,2.494741394300008,-3.970387003799993
15,ALA,0.684,0.3136176066024759,1.13818,1.03742,0.4595799999999999,0,0.0,0.77,0.62,0.7,0.1645,0.249,0.3951,2.5076391300000007,4.8896436,7.02758504,8.816966399999998,-1.2150436624899998,-2.3664906461000013,-0.190922548948,-0.5429481772039998,13.841462097000012,-11.162268912840014,2.0697202935000094,-2.5211916125999925
16,ALA,0.655,0.3003209536909674,1.3211000000000002,0.86339,0.66261,0,0.0,0.77,0.62,0.7,0.1645,0.249,0.3951,1.9501918100000004,3.80158213,5.46120696,6.847369769999999,-1.2233432272100002,-2.373112167799999,-0.205751411682,-0.5830607503499999,18.78560867400006,-14.936523382259974,2.88838325490002,-3.8055042062799984
17,LEU,1.281,0.481941309255079,2.55289,1.07412,0.30288,0,0.0,1.4,1.1,0.9222,0.663,0.2811,0.0,1.3919260800000002,2.70713008,3.87386527,4.82996146,-1.37447006853,-2.669193948239998,-0.2264414972399999,-0.6421334329799999,12.029640034000066,-17.41963402358,1.8123836915,-4.098049013660008
18,ASN,0.991,0.4053169734151329,2.20918,1.08371,0.3702899999999998,0,0.0,-0.1,-0.78,0.1111,0.3976,0.6747,0.8272,1.25135863,2.4257532200000003,3.45174129,4.26848239,-1.2472576753000002,-2.4314766893,-0.1925192977699999,-0.5479156120999998,9.749061202000032,-19.44283830339998,1.472363018400002,-4.407608992400001
19,ARG,2.308,0.6883388010736653,3.93036,0.8040800000000001,0.2409200000000002,0,0.0,-1.3,-2.5,0.0,0.7346,0.9398,0.6914,0.97348993,1.88835837,2.69018302,3.3325991100000003,-0.9824759554999998,-1.9137562952,-0.1532959678,-0.4358066592,7.662319932999998,-15.027983332800016,1.182593058999999,-3.5481234716000087
20,GLY,0.374,0.206858407079646,0.88685,0.83932,0.5946800000000002,0,0.0,0.03,0.48,0.4556,0.0,1.0,0.5062,0.97216741,1.87801105,2.65616735,3.2547927800000003,-0.587471069,-1.1394944306,-0.0997036207,-0.28273123375,7.172451914999988,-11.76657497059998,1.2712814484000023,-2.993235142299998
21,GLY,0.431,0.2383849557522123,0.8168899999999999,0.93142,0.4455799999999998,0,0.0,0.03,0.48,0.4556,0.0,1.0,0.5062,1.25072339,2.42076495,3.4352797000000006,4.230634589999999,-0.9539119209,-1.8644310832000008,-0.1407869711799999,-0.4018062991,7.975306259000006,-14.427483726299997,1.2494804193999942,-3.1677813241999924
22,ARG,1.59,0.4742022069788249,3.45677,1.5086499999999998,0.2543500000000003,0,0.0,-1.3,-2.5,0.0,0.7346,0.9398,0.6914,1.39209743,2.70848174,3.87834654,4.840328370000001,-0.8843358529000003,-1.7275520084000002,-0.1317926153499999,-0.37593504325,8.967222950000037,-12.757506060499995,1.3191036511000047,-2.793244727099995
23,TYR,1.992,0.5845070422535211,3.84662,1.2165199999999998,0.1994800000000001,1,0.142857142857143,-0.27,0.26,0.3556,0.8063,0.502,0.1605,1.11247454,2.15743779,3.0721809,3.8032163,-0.50930188943,-0.9847250871,-0.0898689745889999,-0.253926523375,9.84944380599996,-14.30100759922001,1.6296207282999973,-3.714678034639992
24,VAL,1.235,0.5071868583162218,1.87832,1.08672,0.1132799999999998,1,0.166666666666667,1.6,1.1,0.9667,0.4924,0.3655,0.1235,0.97306713,1.88502786,2.67915531,3.30713068,-0.6105684282000001,-1.1883823115000005,-0.09747195797,-0.27711970966,10.048639207999996,-11.136406997899993,1.6548524115999987,-2.7096729969800046
25,PRO,1.282,0.5748878923766816,1.58769,1.03708,-0.08908,2,0.5,-0.37,0.12,0.3222,0.3764,0.8594,0.3827,0.83397181,1.61511244,2.29451576,2.8307996400000004,-0.6717336227000001,-1.3042182365,-0.1116326630899999,-0.3166760292,9.432009741000025,-12.339210417499986,1.446511019999995,-2.964665090699999
26,PRO,1.263,0.5663677130044843,2.0108,0.87267,0.0943300000000001,2,0.5,-0.37,0.12,0.3222,0.3764,0.8594,0.3827,0.8340055599999999,1.6153748999999995,2.29537341,2.83274523,-0.6635016882,-1.2810863185,-0.11978027629,-0.33814896141,9.967357538000035,-14.211185297800006,1.6534429747999937,-3.774705469090005
27,HIS,1.082,0.3913200723327306,3.0009500000000005,1.2784599999999997,0.4045400000000003,3,0.5,-0.91,-0.4,0.1444,0.561,0.1124,0.679,1.2522480100000002,2.43264691,3.47417971,4.319121470000001,-1.15728476524,-2.26173184735,-0.1702544644309999,-0.48565061519,11.748511709000043,-16.150492685899973,1.8180637811999931,-3.646078739899997
28,LEU,1.602,0.6027088036117382,2.47023,0.98603,0.0699699999999999,2,0.4,1.4,1.1,0.9222,0.663,0.2811,0.0,1.3923271000000002,2.71027778,3.8842474,4.853814009999999,-1.205898901435,-2.359557412612,-0.1727313484634,-0.4931938786450001,11.954708076999994,-12.684729894796016,1.7712496927999963,-2.7015415736639965
29,ARG,1.789,0.533552042946615,3.51595,1.41971,0.1442900000000002,2,0.2,-1.3,-2.5,0.0,0.7346,0.9398,0.6914,1.1120729,2.15427304,3.0617001900000003,3.77900702,-1.553387403,-3.0180459080000013,-0.2554337173,-0.7250585711000002,10.774722918000029,-20.379402873000043,1.9240931502999992,-5.2219085966
30,GLY,1.028,0.5685840707964602,1.05826,0.61855,0.1614499999999999,1,0.1,0.03,0.48,0.4556,0.0,1.0,0.5062,1.53151267,2.98090137,4.2712221800000005,5.33550921,-1.6974688778640004,-3.3036266175899995,-0.2699120428509999,-0.7669429620999999,11.20455982800002,-12.898969534589984,1.6870440975000025,-3.018119070600008
31,GLY,0.854,0.4723451327433628,1.02407,0.64461,0.30939,1,0.0769230769230769,0.03,0.48,0.4556,0.0,1.0,0.5062,1.81072555,3.5287678499999995,5.0670513800000005,6.34931541,-1.74240042399,-3.4032280124380017,-0.2598228741713,-0.7408586552572998,11.317856748999947,-12.589265662254013,1.7362166963999952,-3.0631190516560016
32,ASP,0.786,0.2931741887355464,2.06208,1.25309,0.64191,1,0.0909090909090909,-0.1,-0.9,0.1111,0.3239,0.8675,1.0,1.39148717,2.7037174000000004,3.86272196,4.80470479,-1.5668853483500005,-3.048330451,-0.25067278414,-0.7120387506699999,11.431260580000076,-20.36871056400001,1.8019450515999995,-4.943867849529989
33,GLY,0.806,0.4457964601769911,0.90556,0.8195999999999999,0.1824000000000001,0,0.0,0.03,0.48,0.4556,0.0,1.0,0.5062,1.67134096,3.25655519,4.6747390300000005,5.85505991,-1.3977030788100002,-2.7242718343400005,-0.2166946580069999,-0.6166363273099998,12.305547615,-21.683398408299944,1.851383436300001,-4.893103234520007
34,GLY,0.565,0.3124999999999999,1.01271,0.82019,0.4228100000000001,0,0.0,0.03,0.48,0.4556,0.0,1.0,0.5062,2.09006052,4.07758437,5.8659824700000005,7.370150949999999,-0.6486944851720001,-1.264699877595,-0.09973263718,-0.283775882988,11.446134859999956,-6.992449629385012,1.6756068085000038,-1.539027692963998
35,ALA,0.595,0.2728106373223292,1.28464,1.1136899999999998,0.4723100000000002,0,0.0,0.77,0.62,0.7,0.1645,0.249,0.3951,1.94866829,3.78967621,5.42211669,6.75810971,-0.8924807653799999,-1.7277996961299995,-0.154908077726,-0.4382346058299999,10.513662165,-8.177863224879998,1.775611692899998,-2.185587613600004
36,ALA,0.612,0.28060522696011,1.39058,0.91384,0.65516,0,0.0,0.77,0.62,0.7,0.1645,0.249,0.3951,1.94983633,3.79879993,5.45205677,6.826428770000001,-1.9343732558900004,-3.77133767312,-0.299199079977,-0.8518476668299999,11.55654107100001,-15.127932905680025,1.7638137704000056,-3.4513264894599995
37,ALA,0.829,0.3801008711600183,1.34944,0.9196799999999998,0.4323200000000002,0,0.0,0.77,0.62,0.7,0.1645,0.249,0.3951,1.39261159,2.71250435,3.89157055,4.87057671,-1.7216217375699998,-3.3546774855,-0.2659757413160001,-0.7561082775100002,10.298841195999954,-16.510607732500024,1.5546805879,-3.766873703379999
38,ALA,0.511,0.2342961944062356,1.22725,1.11668,0.55332,0,0.0,0.77,0.62,0.7,0.1645,0.249,0.3951,1.3907573800000002,2.6979748600000004,3.84372938,4.760910770000001,-1.4147518722999997,-2.7491204503999995,-0.2326808561,-0.6607330076000001,9.84903708299998,-18.50163110679995,1.6521229252000014,-4.740349785800004
39,ALA,0.912,0.4181568088033012,1.29241,0.83645,0.4325500000000001,0,0.0,0.77,0.62,0.7,0.1645,0.249,0.3951,1.25260107,2.4353968000000004,3.48317595,4.3395645,-1.2637638778,-2.468486083,-0.1889072533599999,-0.5388410173500001,10.775949513000027,-17.816523619999963,1.593207120199995,-3.864778500720002
40,SER,1.508,0.6930147058823529,1.8973,0.60028,0.0677200000000001,0,0.0,-0.1,-0.18,0.4111,0.1877,0.8514,0.5309,1.11338846,2.16455939,3.09549143,3.8562243,-0.8691884724,-1.6949432486,-0.132691947846,-0.37753312479,11.829100259999937,-10.671037173200022,1.807781628200002,-2.384885447879999
41,ALA,0.567,0.2599724896836313,1.27295,1.0789,0.5351000000000001,0,0.0,0.77,0.62,0.7,0.1645,0.249,0.3951,1.53169864,2.98234688,4.27594054,5.34619896,-1.01839487487,-1.9931998491700005,-0.1459103924429999,-0.4169219668950001,12.94058470500003,-14.444349345029956,1.8990726361999932,-3.0584396589549945
42,GLY,0.71,0.3926991150442477,0.87763,0.8781599999999998,0.2198400000000002,0,0.0,0.03,0.48,0.4556,0.0,1.0,0.5062,0.97373931,1.89028914,2.69645842,3.34673157,-1.1910628112,-2.316190676,-0.19160199458,-0.5439229926100001,10.688249777999944,-16.45562307300001,1.6458623535000017,-3.843452077239988
43,GLY,0.707,0.3910398230088495,0.87791,0.8441799999999999,0.25682,0,0.0,0.03,0.48,0.4556,0.0,1.0,0.5062,0.8343224600000001,1.61784551,2.30346373,2.8511535200000004,-0.9317568517,-1.81639410472,-0.14343617979,-0.4080853437,8.403966353999982,-12.692282800280005,1.340644764200002,-2.9622023401499984
44,ASP,1.054,0.3931368892204401,2.34819,1.1057,0.5213000000000001,0,0.0,-0.1,-0.9,0.1111,0.3239,0.8675,1.0,0.83397846,1.6151612199999998,2.29466486,2.83110587,-0.8734449175,-1.7057012429999998,-0.1305566497099999,-0.3721876904,6.722566802000003,-11.721846559800005,1.0147321292000009,-2.71425518891
45,ASP,1.143,0.4263334576650504,2.40767,0.93791,0.60009,0,0.0,-0.1,-0.9,0.1111,0.3239,0.8675,1.0,0.5548677799999999,1.06808987,1.50143541,1.82320426,-0.646570576,-1.2486694820000002,-0.117156758,-0.331021161,3.953839789999996,-8.828678318000007,0.7362805739000017,-2.408215268000001
46,ARG,1.802,0.5374291679093349,3.72661,1.31525,0.2357500000000001,0,0.0,-1.3,-2.5,0.0,0.7346,0.9398,0.6914,0.9738236,1.89096465,2.69873598,3.35211675,-0.9825105844599996,-1.91894427754,-0.14561099132,-0.41493625941,5.109136787999994,-8.398741015500002,0.782240247500001,-1.91548455395
47,ARG,1.938,0.5779898598270206,3.7143,1.14784,0.2671600000000003,1,0.111111111111111,-1.3,-2.5,0.0,0.7346,0.9398,0.6914,1.3922337400000002,2.70954395,3.88182473,4.848242539999999,-1.1304005514999995,-2.2038915947,-0.1746790124999999,-0.4973120158999999,6.128023197999981,-8.337215227299989,0.9608279051999996,-1.9353261459999989
48,GLY,0.575,0.3180309734513274,0.85661,0.89545,0.3375500000000001,1,0.0833333333333333,0.03,0.48,0.4556,0.0,1.0,0.5062,1.53170291,2.98237809,4.2760356,5.34639231,-1.6032531142,-3.1204140304,-0.2544331265,-0.72293003335,3.143072428000001,-6.1832134865999935,0.4932234527000005,-1.4965728783499983
49,GLY,0.307,0.1698008849557522,0.95581,0.9657,0.5353000000000001,3,0.166666666666667,0.03,0.48,0.4556,0.0,1.0,0.5062,1.66948825,3.24214743,4.627680710000001,5.74835715,-1.4804229558000004,-2.8884589938,-0.2251779184199999,-0.6414174233300001,2.986221463999998,-6.146228936799998,0.4641511915000002,-1.395406591900001
50,ALA,0.808,0.3704722604309949,1.22596,0.86617,0.50683,2,0.166666666666667,0.77,0.62,0.7,0.1645,0.249,0.3951,1.25171277,2.4284496200000003,3.46035031,4.2873940600000005,-1.081779937,-2.094916393,-0.1874418308999999,-0.5305738265,4.434276453999998,-7.791044717999998,0.7408759874999992,-1.9819471952999992
51,GLY,0.348,0.1924778761061946,0.80051,0.93505,0.52495,5,0.3125,0.03,0.48,0.4556,0.0,1.0,0.5062,1.24989712,2.41432918,3.41422031,4.18275877,-0.7221328810000001,-1.3993527355000002,-0.12455153532,-0.3529432288,4.11439791199999,-8.516638352499994,0.7372423462000016,-2.2152140083000003
52,GLY,0.516,0.2853982300884956,0.738,0.91505,0.37695,2,0.166666666666667,0.03,0.48,0.4556,0.0,1.0,0.5062,1.2510101,2.4229871599999995,3.44251562,4.24697728,-0.772552435,-1.513710258,-0.1079186851999999,-0.308679844,4.131217706000001,-9.45097147,0.5955709313999996,-1.9968706089999984
53,GLY,1.119,0.6189159292035398,1.05585,0.57791,0.11109,0,0.0,0.03,0.48,0.4556,0.0,1.0,0.5062,0.6941119,1.3391860599999998,1.89001472,2.30872627,-0.6013574570000001,-1.1618909249999998,-0.1077447871,-0.3043894819999999,4.155820999999994,-8.900982155999992,0.7247487299999995,-2.335559045000001
54,GLY,0.831,0.4596238938053097,1.02564,0.64907,0.32793,0,0.0,0.03,0.48,0.4556,0.0,1.0,0.5062,0.6942761000000001,1.34047032,1.8942352,2.31837505,-0.656360151,-1.276462467,-0.1066861397,-0.3032089396999999,4.160533273999999,-9.523327991000006,0.6889463490000011,-2.2714551731000023
55,TYR,1.236,0.3626760563380282,3.63182,1.51567,0.6563299999999996,3,0.272727272727273,-0.27,0.26,0.3556,0.8063,0.502,0.1605,0.97234715,1.87941891,2.66080347,3.26542322,-0.5555124435,-1.075927752,-0.095665302,-0.2707226216,5.217881169999987,-9.248859837000005,0.8784779890000003,-2.3372184653999994
56,ARG,2.31,0.6889352818371607,3.87593,0.83977,0.2032300000000001,3,0.230769230769231,-1.3,-2.5,0.0,0.7346,0.9398,0.6914,1.3904924,2.69595142,3.837248460000001,4.74660789,-0.8937093959999999,-1.7457754120000002,-0.13316042224,-0.3797834295,3.812834199999999,-8.100507516,0.5815691763000002,-1.860272844200001
57,ARG,1.626,0.4849388607217416,3.27205,1.5030500000000002,0.2239500000000001,4,0.25,-1.3,-2.5,0.0,0.7346,0.9398,0.6914,1.25003971,2.41543551,3.41782612,4.19091395,-1.0913785929,-2.109844561,-0.1944582086599999,-0.5497830403,3.644730016000004,-6.075450487,0.6460217678000006,-1.6687053977
58,GLY,0.504,0.2787610619469026,0.98393,0.8670200000000001,0.4369799999999999,1,0.0555555555555556,0.03,0.48,0.4556,0.0,1.0,0.5062,1.66951341,3.2422951900000005,4.62799396,5.748542609999999,-1.4147440543,-2.7534382020000003,-0.2264301783899999,-0.6438273090000001,1.9250929679999984,-2.805543869000002,0.3013848078999999,-0.6505212672000005
59,GLY,0.611,0.3379424778761061,0.8042,0.8932,0.3038,0,0.0,0.03,0.48,0.4556,0.0,1.0,0.5062,1.53065449,2.9742098500000003,4.24930359,5.285615539999999,-1.6700153627999996,-3.239150357000001,-0.28138290865,-0.7972748445999998,2.0439500760000007,-2.163859167,0.3123873863,-0.4874026659999997
60,GLY,0.605,0.3346238938053097,0.9976,0.88087,0.32213,0,0.0,0.03,0.48,0.4556,0.0,1.0,0.5062,1.5292485,2.9632775500000004,4.21359316,5.204620949999999,-1.5831177446,-3.0706073565,-0.26794863374,-0.7595359507300001,2.117373414000001,-3.3860932082,0.3648071679000001,-0.8462653163000002
61,ASN,1.093,0.4470347648261759,2.29596,1.18988,0.1621199999999998,1,0.0588235294117647,-0.1,-0.78,0.1111,0.3976,0.6747,0.8272,1.52946901,2.9649403,4.2188516,5.2160261000000006,-1.1026375031,-2.1340311936,-0.1929402468899999,-0.5459043649,3.0993207960000007,-4.911788849399997,0.5265911285000001,-1.2667491849999997
62,SER,1.135,0.5215992647058824,1.55357,0.8234000000000001,0.2176,0,0.0,-0.1,-0.18,0.4111,0.1877,0.8514,0.5309,1.6685435,3.23480677,4.603716580000001,5.694044549999999,-0.5571995637,-1.0857168323000002,-0.0868812895,-0.2471803193,3.4933161939999997,-5.576545081000003,0.5714811407000006,-1.3048318691
63,GLY,0.424,0.2345132743362831,0.76414,0.95823,0.4257700000000001,0,0.0,0.03,0.48,0.4556,0.0,1.0,0.5062,1.24963358,2.4123315599999997,3.4078678800000004,4.16887305,-0.6338695623000001,-1.2237186240000002,-0.1149299527,-0.3245020955,5.25150599,-9.668228394000002,0.9303985953999998,-2.5985400108000025
64,GLY,0.721,0.3987831858407079,0.8978,0.77098,0.3160200000000002,0,0.0,0.03,0.48,0.4556,0.0,1.0,0.5062,0.97259688,1.88133896,2.66699557,3.27921785,-0.685545445,-1.330708839,-0.1150860626,-0.3265818922,4.201161084,-7.784464165999997,0.6856121074000012,-1.9088912314000008
65,GLY,1.08,0.5973451327433629,1.0553,0.6259399999999999,0.10206,0,0.0,0.03,0.48,0.4556,0.0,1.0,0.5062,0.83366644,1.6127026299999998,2.2865225,2.81229626,-0.709452584,-1.384121327,-0.1090017629,-0.310706487,3.3402288439999994,-6.994555594000002,0.5212134149999996,-1.5654963709999996
66,GLY,0.905,0.5005530973451328,1.01603,0.6909899999999999,0.2120100000000001,0,0.0,0.03,0.48,0.4556,0.0,1.0,0.5062,0.8336128800000001,1.6122917,2.28519929,2.80935504,-0.625570265,-1.210267135,-0.10960911057,-0.3099098469999999,3.335447407999995,-6.406398601000001,0.5548207575000002,-1.6208146281999989
67,GLY,0.936,0.5176991150442478,1.01064,0.7256499999999999,0.1463500000000001,0,0.0,0.03,0.48,0.4556,0.0,1.0,0.5062,1.3915116400000005,2.70387089,3.86309351,4.805147229999999,-0.388761392,-0.762409619,-0.0533609375999999,-0.1527904623,4.959580820000001,-6.152400113999988,0.6977721114999982,-1.244722984600002
68,GLY,0.291,0.1609513274336283,0.75672,1.02878,0.4882200000000001,0,0.0,0.03,0.48,0.4556,0.0,1.0,0.5062,1.3889122900000002,2.68367551,3.7971851600000006,4.65585314,-0.5431075763,-1.0551290814,-0.08954004645,-0.25418161034,4.943323472999992,-9.02364371539998,0.8344869524000009,-2.222047198940004
69,GLY,0.624,0.3451327433628318,0.92069,0.79227,0.3917300000000001,1,0.0555555555555556,0.03,0.48,0.4556,0.0,1.0,0.5062,1.3890453199999997,2.68478123,3.80104223,4.665352159999999,-0.7912489783,-1.5345093605,-0.13340602255,-0.3779154855000001,3.727047597000004,-6.489345641200003,0.6250663513000003,-1.5545783630999988
70,TYR,1.819,0.533744131455399,3.69491,1.39807,0.19093,1,0.0625,-0.27,0.26,0.3556,0.8063,0.502,0.1605,1.39048204,2.6958285,3.83670044,4.74491518,-1.1904947983,-2.317655573,-0.1900803422,-0.5407452634000001,3.3756476220000007,-7.379963479000004,0.5577931514000004,-1.7653878721999996
71,ASP,1.474,0.5497948526669153,2.49705,0.78352,0.4234800000000001,0,0.0,-0.1,-0.9,0.1111,0.3239,0.8675,1.0,1.3914109199999998,2.70308667,3.86052885,4.79932101,-1.1922318794999998,-2.3229237367,-0.18670339215,-0.5312910931,2.9037718280000004,-4.586957487900004,0.4865525288000003,-1.1625697525999998
72,ARG,1.757,0.5240083507306889,3.5321800000000003,1.46931,0.1266900000000002,1,0.0666666666666667,-1.3,-2.5,0.0,0.7346,0.9398,0.6914,1.2511494500000002,2.42404613,3.4458873100000007,4.25435358,-1.4255598406000003,-2.7621306767,-0.2455119243999999,-0.6954332701,2.586298302000003,-4.719800006999999,0.4631412714,-1.2952361192
73,GLY,0.34,0.1880530973451327,0.81735,1.0171599999999998,0.4508400000000001,0,0.0,0.03,0.48,0.4556,0.0,1.0,0.5062,1.66854851,3.23486924,4.60400408,5.69495433,-1.4297037999,-2.778829478,-0.23341059588,-0.6627215365499999,1.7666471319999997,-1.2234798272,0.2854534162000001,-0.3970593906
74,TYR,1.154,0.3386150234741784,3.75763,1.6076,0.6464000000000001,0,0.0,-0.27,0.26,0.3556,0.8063,0.502,0.1605,1.80920925,3.51687591,5.02785783,6.25935887,-1.724570628,-3.356385798,-0.275612496046,-0.7835362705000001,2.319257383000001,-2.997387832000001,0.3538501365000001,-0.6870990466999999
75,ASN,0.713,0.2916155419222904,2.04367,1.36375,0.3682499999999997,1,0.166666666666667,-0.1,-0.78,0.1111,0.3976,0.6747,0.8272,1.3920928300000002,2.7084452599999995,3.8782264400000006,4.840053129999999,-1.0954013985000002,-2.1303849854,-0.176883631787,-0.5024787011399999,2.905965791999999,-2.9766044795999997,0.4632364338,-0.7731923636399998
76,ASP,1.262,0.4707198806415517,2.49365,0.91942,0.4995800000000001,0,0.0,-0.1,-0.9,0.1111,0.3239,0.8675,1.0,0.97384489,1.89112298,2.69922853,3.35315694,-0.8673047427999999,-1.6815505608000003,-0.14667411057,-0.41534633345,4.829779723999991,-6.637555501300001,0.7715816759999992,-1.7399644773000007
77,ASN,1.098,0.449079754601227,2.43566,1.10364,0.2433599999999998,0,0.0,-0.1,-0.78,0.1111,0.3976,0.6747,0.8272,0.83376008,1.6134496,2.28902801,2.8181812500000003,-0.8621230057599999,-1.6807193816,-0.13362858742,-0.3804810495499999,4.830254215999996,-10.465216671100007,0.7760183140000007,-2.4297209522499963
78,ARG,2.341,0.6981807336713391,3.81067,0.98407,0.02793,0,0.0,-1.3,-2.5,0.0,0.7346,0.9398,0.6914,0.6946877,1.34369373,1.90484281,2.34267228,-0.8442372990000001,-1.642674472,-0.1342345945,-0.3812048996,4.750799589,-13.03851322199999,0.7643433018999995,-3.122732006599997
79,ASP,0.843,0.3144349123461394,2.25715,1.13377,0.7042300000000001,0,0.0,-0.1,-0.9,0.1111,0.3239,0.8675,1.0,0.8342272900000001,1.61711079,2.30108413,2.8458207700000004,-0.5465656990000001,-1.0643564369999998,-0.0856905329,-0.243548545,4.635672235000005,-9.288922069000018,0.7221712412000006,-2.2019451845000013
80,ASP,1.147,0.4278254382693024,2.36784,1.03501,0.49899,1,0.25,-0.1,-0.9,0.1111,0.3239,0.8675,1.0,0.83406331,1.6158181099999998,2.29680051,2.83591693,-0.3194228981999999,-0.6220336294,-0.05044444105,-0.14346349663,4.986460123999993,-6.282983649800002,0.8049692084999999,-1.4849338518099986
81,ARG,2.767,0.8252311362958544,4.05556,0.83192,-0.2459199999999997,1,0.333333333333333,-1.3,-2.5,0.0,0.7346,0.9398,0.6914,0.6945946599999999,1.34296414,1.90243846,2.33715531,-0.6157561370000001,-1.196356736,-0.1002664668,-0.2843398886,5.025120809000003,-10.219209295999988,0.8119478051000003,-2.5194598922
82,ASP,0.655,0.2443118239462887,2.2499,1.1294000000000002,0.8965999999999996,1,0.25,-0.1,-0.9,0.1111,0.3239,0.8675,1.0,0.8336411,1.6125262100000002,2.28601915,2.81138177,-0.8027150266,-1.5652237708,-0.12453865547,-0.35483090675,5.423290012000001,-12.297762799,0.8424099681999977,-2.786438552200003
83,ASN,1.676,0.685480572597137,2.43976,0.7807100000000001,-0.0117100000000002,0,0.0,-0.1,-0.78,0.1111,0.3976,0.6747,0.8272,0.6944922,1.34216397,1.89981363,2.33116895,-0.846193594,-1.6349006499999996,-0.151171213,-0.4269396372999999,4.856872168000004,-11.838057189000017,0.8804379820000027,-3.1177490677999966
84,ARG,1.213,0.3617655830599463,3.41854,1.6925999999999997,0.4474000000000004,0,0.0,-1.3,-2.5,0.0,0.7346,0.9398,0.6914,1.39165119,2.7049729899999995,3.86675111,4.81361965,-0.8851929506200001,-1.7218433466,-0.1428882466899999,-0.40605874944,12.26030805899996,-12.179373236400007,1.9021195083000075,-2.918770965510002
85,GLY,0.784,0.4336283185840708,1.00277,0.7641499999999999,0.2598500000000001,0,0.0,0.03,0.48,0.4556,0.0,1.0,0.5062,1.53156248,2.9812840599999992,4.27245637,5.33825934,-1.3273705977,-2.5808423669,-0.21398485752,-0.6073485736,11.82445679999999,-17.559153572499962,1.853596869800004,-4.153414971499999
86,GLY,0.49,0.2710176991150442,0.90973,1.05024,0.26776,0,0.0,0.03,0.48,0.4556,0.0,1.0,0.5062,2.36852182,4.61957697,6.6425233200000005,8.339901569999999,-1.7368298302,-3.3901713165,-0.26243470377,-0.7479156506750002,11.33030586699998,-20.848169824200035,1.6419869078999991,-4.512965245258003
87,SER,1.239,0.5693933823529412,1.7167400000000002,0.76257,0.17443,0,0.0,-0.1,-0.18,0.4111,0.1877,0.8514,0.5309,1.6710309,3.25414668,4.666883400000001,5.837283889999999,-1.7812585628999993,-3.4555688562,-0.2984094140550001,-0.84542646758,11.907327871000016,-16.415194234099975,1.8308153287000013,-3.93724304144
88,GLY,0.226,0.125,0.84319,0.89202,0.68998,0,0.0,0.03,0.48,0.4556,0.0,1.0,0.5062,1.80994404,3.5226444099999994,5.04688853,6.303095719999999,-1.8752347799,-3.662648925600001,-0.2811442845899999,-0.8020310584999999,11.716118906999965,-15.162927457000002,1.7680673071000002,-3.336608079599998
89,GLY,0.768,0.4247787610619469,0.94731,0.66517,0.37483,0,0.0,0.03,0.48,0.4556,0.0,1.0,0.5062,1.11234402,2.15640181,3.0687244300000005,3.79515426,-1.5150012285,-2.949590622399999,-0.23923301254,-0.6800055820000002,10.599440390999998,-13.28693738339999,1.724337160300004,-3.1902331556000094
90,TYR,1.458,0.4278169014084507,3.87108,1.38567,0.56433,2,0.222222222222222,-0.27,0.26,0.3556,0.8063,0.502,0.1605,1.11203635,2.15401851,3.06097149,3.77767034,-1.66664893717,-3.24752891556,-0.2603576549143999,-0.740922857152,10.41138429499999,-19.43231303377998,1.6305049846000066,-4.522580168974009
91,GLY,0.878,0.4856194690265487,1.00436,0.6518299999999999,0.2781700000000001,1,0.166666666666667,0.03,0.48,0.4556,0.0,1.0,0.5062,0.83353543,1.61169354,2.28325986,2.80500148,-1.45111602622,-2.818777986779999,-0.2394276884389999,-0.6794720042760001,10.234927274999997,-20.336995731899965,1.7600272784000055,-5.20514620438001
92,ARG,2.175,0.6486728303012227,3.79261,1.1610600000000002,0.0169400000000001,2,0.153846153846154,-1.3,-2.5,0.0,0.7346,0.9398,0.6914,1.39014387,2.69325304,3.8284752000000006,4.726836359999999,-2.0065705013180004,-3.900859089246001,-0.3267234877279999,-0.9278988970177,12.089999010000046,-21.53944983147403,1.983140971299996,-5.275450164220606
93,ASP,0.565,0.2107422603506154,2.17221,1.2253400000000003,0.8906599999999998,3,0.12,-0.1,-0.9,0.1111,0.3239,0.8675,1.0,2.08755369,4.058025240000001,5.80187106,7.22407447,-2.1167957071000005,-4.1214086183,-0.335107378555,-0.9528496518900004,13.124970908000002,-18.06260256890002,2.0312343471999976,-4.289195095700002
94,ARG,1.464,0.4366239188786161,3.3609,1.4957800000000003,0.3932199999999999,1,0.0526315789473684,-1.3,-2.5,0.0,0.7346,0.9398,0.6914,2.08888582,4.06841184,5.83589368,7.30152583,-1.5595749904160006,-3.03610642443,-0.247476209885,-0.7035766779920003,13.633525646000011,-11.877490108680036,2.1293649642000028,-2.815806858389997
95,ASN,0.522,0.2134969325153374,2.01272,1.4161,0.5068999999999997,0,0.0,-0.1,-0.78,0.1111,0.3976,0.6747,0.8272,2.08895338,4.06889909,5.8373510300000016,7.30441463,-1.72420051448,-3.3633121102599985,-0.264291491117,-0.7528756153600001,13.06198169399999,-12.34298394686,1.889678057099997,-2.656034782169999
96,TYR,1.817,0.5331572769953051,3.95072,1.32507,0.26593,0,0.0,-0.27,0.26,0.3556,0.8063,0.502,0.1605,1.25208104,2.43132594,3.4697875,4.3089230800000005,-1.8732548135,-3.636254455999999,-0.31256028486,-0.88649487619,10.487551199000045,-15.001056691100038,1.6626068387000004,-3.779820497270005
97,GLU,0.886,0.3247800586510264,2.48609,1.38028,0.4617200000000001,0,0.0,-0.1,-0.74,0.1111,0.4884,0.8112,0.9136,1.25265744,2.4358658,3.4848159499999998,4.34361908,-1.7506998209000002,-3.4083514398,-0.27548088038,-0.7827038446499998,10.534818568000023,-13.790544135099989,1.5896615161999996,-3.257850809360004
98,ASP,0.561,0.2092502797463633,2.17706,1.27296,0.84704,0,0.0,-0.1,-0.9,0.1111,0.3239,0.8675,1.0,1.81007551,3.52367225,5.050265019999999,6.31081115,-1.5822340100999996,-3.0876837804000004,-0.24072913466,-0.6860566236799999,12.65625741300001,-15.887126173099997,1.9388541913999988,-3.705002848119992
99,ARG,1.881,0.5609901580674023,3.644,1.27462,0.1973800000000001,0,0.0,-1.3,-2.5,0.0,0.7346,0.9398,0.6914,1.11260245,2.1583985,3.07519952,3.80969228,-1.2410233109999995,-2.4091482020000003,-0.20692892988,-0.58694293,12.330145494000076,-17.258221859999992,1.9767484165000004,-4.004867176999996
100,GLY,0.426,0.2356194690265486,0.7926000000000001,0.9082000000000002,0.4737999999999999,0,0.0,0.03,0.48,0.4556,0.0,1.0,0.5062,1.8108909000000004,3.5300502800000007,5.07122678,6.35874029,-1.8919222679500003,-3.699706935099999,-0.27548152391,-0.78640982294,16.132924126000034,-25.64138213970003,2.311737632899998,-5.385603413799993
101,TYR,0.546,0.1602112676056338,3.24873,2.03439,0.82761,0,0.0,-0.27,0.26,0.3556,0.8063,0.502,0.1605,1.94888806,3.791399320000001,5.42779446,6.77113697,-2.0734147870000004,-4.0420873978000005,-0.3221343988499999,-0.9173546788100002,18.46389832200013,-26.014721731899936,2.914974754599995,-6.042279452639991
102,ASN,1.2,0.4907975460122699,2.16519,1.08857,0.1564299999999998,0,0.0,-0.1,-0.78,0.1111,0.3976,0.6747,0.8272,1.52975697,2.96721277,4.2263888000000005,5.23346886,-1.87117897654,-3.621806964174,-0.327256157878,-0.926153032487,17.887411654000132,-25.11283207753604,3.035969932699986,-6.5117878480979945
103,GLY,0.447,0.2472345132743363,0.94537,0.8414600000000001,0.5195399999999999,0,0.0,0.03,0.48,0.4556,0.0,1.0,0.5062,2.08812542,4.062492820000001,5.816536940000001,7.25755659,-2.1030882218,-4.1048522813,-0.31817260576,-0.90674343436,14.863159427000042,-26.63387538280004,2.227380158700003,-5.893312680200013
104,GLY,0.55,0.3042035398230088,0.7606999999999999,0.94453,0.3134700000000001,0,0.0,0.03,0.48,0.4556,0.0,1.0,0.5062,1.11236603,2.15655401,3.0691534600000003,3.79591645,-1.60648500974,-3.1214612437,-0.26371954213,-0.7485796891500001,15.14860048800008,-24.70872599880003,2.50965339840001,-6.171113941499993
105,GLY,1.04,0.5752212389380531,1.02399,0.66225,0.10575,0,0.0,0.03,0.48,0.4556,0.0,1.0,0.5062,0.97366929,1.8897547,2.69474924,3.34296898,-1.02715078729,-1.99151438053,-0.1733154744559999,-0.4907113951439998,14.29564789800005,-17.07398870354001,2.269547481600013,-4.46157586029
106,GLY,0.451,0.2494469026548672,0.7173099999999999,1.0009,0.3561000000000001,0,0.0,0.03,0.48,0.4556,0.0,1.0,0.5062,1.25180308,2.42914893,3.46262027,4.29249523,-1.0937952973,-2.132723417,-0.17019172113,-0.4849403846999998,9.820818020000026,-11.845578944000003,1.553052903900003,-2.8005234514
107,GLY,0.997,0.5514380530973452,1.06111,0.61313,0.1978700000000001,0,0.0,0.03,0.48,0.4556,0.0,1.0,0.5062,1.11267638,2.15897514,3.07708849,3.81399221,-1.0350632254000005,-2.0241540055,-0.1515130063799999,-0.4327448310299999,11.431706437999978,-13.978028838000004,1.8067633984000044,-3.128196487420001
108,GLY,0.457,0.2527654867256637,0.8320099999999999,0.8742000000000001,0.4767999999999999,0,0.0,0.03,0.48,0.4556,0.0,1.0,0.5062,0.97311004,1.88537008,2.68030364,3.30982993,-1.0136776868,-1.9719700417,-0.16328212108,-0.4640283356500001,7.182771725999998,-10.327369259700005,1.1805043826000006,-2.64386179699
109,GLY,0.897,0.4961283185840708,1.0286499999999998,0.66515,0.24585,0,0.0,0.03,0.48,0.4556,0.0,1.0,0.5062,0.97368866,1.88989904,2.6951983200000003,3.34391842,-1.084372041433,-2.104378798290001,-0.180747661389,-0.5122673337850001,6.084988354,-11.78842375647,0.9876972288999976,-2.843554771285002
110,ASN,1.06,0.4335378323108385,2.2596700000000003,1.0262,0.3587999999999998,0,0.0,-0.1,-0.78,0.1111,0.3976,0.6747,0.8272,1.81106523,3.53142127,5.075758609999999,6.36918342,-1.5453760294999996,-3.0314751002,-0.21089574992,-0.60402611372,7.12556675400001,-13.969465735600007,0.9914319576000008,-2.791063626920005
111,ARG,1.532,0.456904264837459,3.5043200000000003,1.48568,0.3353200000000003,0,0.0,-1.3,-2.5,0.0,0.7346,0.9398,0.6914,1.80836846,3.5103298,5.0064483200000005,6.21072323,-1.6055080858,-3.1281192202000003,-0.25249001965,-0.71875205445,7.108834323999989,-11.979792692999991,1.1397292041000011,-2.828929321799996
112,GLY,0.311,0.1720132743362832,0.81692,0.9336,0.5634,0,0.0,0.03,0.48,0.4556,0.0,1.0,0.5062,1.94916475,3.79357745,5.43500302,6.787774479999999,-1.4605833480000003,-2.84745981,-0.22531523533,-0.6412885008000003,7.39019531199999,-6.6356488374,1.1220839631999997,-1.5250881184000002
113,TYR,1.246,0.3656103286384977,3.74849,1.6185199999999995,0.5434800000000002,1,0.0714285714285714,-0.27,0.26,0.3556,0.8063,0.502,0.1605,1.8092944,3.51758273,5.03031982,6.26541222,-1.5944287196799998,-3.09786564307,-0.2622701341843001,-0.7444887207399999,7.470278061999996,-8.420577357210005,1.1250332046000011,-2.011282434264
114,ASN,0.467,0.191002044989775,1.80881,1.57163,0.4063699999999997,1,0.0526315789473684,-0.1,-0.78,0.1111,0.3976,0.6747,0.8272,1.6681446700000002,3.23167701,4.59340095,5.670375610000001,-1.6328694925,-3.1749202356000006,-0.2646125445999999,-0.7514980764999998,5.46030302,-9.545520168399989,0.8609610109999988,-2.2514136799999998
115,ASN,0.889,0.36359918200409,2.26557,1.16886,0.3871399999999998,0,0.0,-0.1,-0.78,0.1111,0.3976,0.6747,0.8272,1.39024249,2.6940486800000003,3.8311691800000007,4.73323242,-1.0976278993600002,-2.1252292348,-0.189883317496,-0.5371836883,4.943972914,-7.563601598500007,0.8248984650999993,-1.945234642600001
116,ASN,0.751,0.307157464212679,2.08175,1.3097800000000002,0.3842199999999998,0,0.0,-0.1,-0.78,0.1111,0.3976,0.6747,0.8272,1.2500603,2.4155843800000003,3.41827477,4.191817739999999,-0.8315397131,-1.6115502542000002,-0.14268681428,-0.40424041055,5.213346177000005,-10.810485195800004,0.9158110108999996,-2.860588585699995
117,ARG,2.085,0.6218311959439308,3.80028,0.98136,0.2866400000000002,0,0.0,-1.3,-2.5,0.0,0.7346,0.9398,0.6914,0.97243551,1.88007569,2.66284021,3.26970512,-0.6462384315999999,-1.2554462027,-0.1069769821,-0.3037615039,4.473289429,-10.2959910615,0.7518449144999997,-2.546256268800001
118,GLY,0.803,0.4441371681415929,0.93167,0.69272,0.3122799999999999,0,0.0,0.03,0.48,0.4556,0.0,1.0,0.5062,0.69400942,1.33838612,1.88739178,2.30274775,-0.4289924007999999,-0.8318518894,-0.07313463746,-0.20732404767,4.471155812,-7.950521196700011,0.7687234699999999,-2.012544670559997
119,GLY,1.046,0.5785398230088495,1.06743,0.60598,0.15602,0,0.0,0.03,0.48,0.4556,0.0,1.0,0.5062,0.69422338,1.34005267,1.89284352,2.31513495,-0.4911127627,-0.953633109,-0.08179746824,-0.2321305491,4.472751560999995,-9.002075871000002,0.7552958912000013,-2.233768109000002
120,GLY,0.424,0.2345132743362831,0.8199,0.96214,0.4218600000000001,0,0.0,0.03,0.48,0.4556,0.0,1.0,0.5062,0.9721405,1.87779557,2.65544276,3.25308701,-0.5284280709,-1.026363495,-0.087535513,-0.2484545485,4.473895312000001,-8.309638079000003,0.742601704499999,-2.036021856000001
121,GLY,0.657,0.3633849557522124,0.94601,0.7649900000000001,0.3860099999999999,0,0.0,0.03,0.48,0.4556,0.0,1.0,0.5062,1.25117751,2.42425991,3.44656755,4.255837939999999,-0.8037529899999999,-1.561221129,-0.1327952362999999,-0.3768654432,5.221209365999996,-10.141868810000018,0.8550107008,-2.493462408099997
122,GLY,0.438,0.2422566371681415,0.8361799999999999,0.94006,0.4299400000000001,0,0.0,0.03,0.48,0.4556,0.0,1.0,0.5062,1.38892304,2.6838028000000005,3.79775144,4.657600339999999,-1.2647517674000002,-2.4537306632,-0.21206447847,-0.6009658680999997,5.805031297999992,-8.576492741000003,0.9858683536999986,-2.1420106250999984
123,GLY,0.356,0.1969026548672566,0.7469899999999999,0.92213,0.52987,1,0.0714285714285714,0.03,0.48,0.4556,0.0,1.0,0.5062,1.6699352800000002,3.24561875,4.63900058,5.773969089999999,-1.4329487985999998,-2.7861451071,-0.23203652093,-0.6588836565499999,5.462041989999992,-7.063900007200001,0.8459280241000001,-1.6428672712500003
124,TYR,0.724,0.2124413145539906,3.24378,1.99433,0.6896700000000002,3,0.157894736842105,-0.27,0.26,0.3556,0.8063,0.502,0.1605,1.6686773600000002,3.2358062900000006,4.606844500000001,5.70072634,-1.7577716365000002,-3.4174582288,-0.2854085721300001,-0.8105111247000002,5.969771884999997,-9.170662196,0.9522207199999988,-2.1628803848000016
125,ASN,0.341,0.1394683026584867,1.80912,1.6604,0.4435999999999995,2,0.0909090909090909,-0.1,-0.78,0.1111,0.3976,0.6747,0.8272,1.9481844200000005,3.78595145,5.410087000000001,6.731254369999999,-1.6979560992000005,-3.3057101524,-0.26927340817,-0.7656909911000004,7.10595919199999,-10.682905544000004,1.1577313549000017,-2.688012741100002
126,ARG,1.458,0.43483447658813,3.49537,1.4869,0.4081000000000001,1,0.1,-1.3,-2.5,0.0,0.7346,0.9398,0.6914,1.80956462,3.5196809000000004,5.03716524,6.280914839999999,-1.546302242914,-3.0036643671059995,-0.2549140021531,-0.7234016440209999,6.124034106000001,-6.996986078099999,1.0056258736999997,-1.8399958145
127,GLN,0.832,0.289391304347826,2.55322,1.35613,0.6868700000000001,5,0.277777777777778,-0.1,-0.85,0.1111,0.5388,0.7952,0.6914,1.9472374,3.77864619,5.38642226,6.678182039999999,-1.3486199599000002,-2.628065304,-0.20981789726,-0.59696979657,5.975870386999993,-7.638191440999989,0.9000575073999991,-1.7848908282
128,ASP,1.1,0.4102946661693398,2.32478,1.08481,0.4961899999999999,5,0.294117647058824,-0.1,-0.9,0.1111,0.3239,0.8675,1.0,1.66983007,3.2447815599999994,4.636200410000001,5.76741932,-1.0826911011,-2.1162992275,-0.15860027686,-0.4524331540999999,6.410524489999995,-8.05094887,0.940730708600001,-1.8131078496000008
129,ARG,2.06,0.6143751864002386,3.85784,0.99165,0.3013500000000002,2,0.142857142857143,-1.3,-2.5,0.0,0.7346,0.9398,0.6914,1.2515474999999998,2.4271593199999995,3.45611684,4.27773598,-0.7822023280400001,-1.516776107734,-0.1331873195842,-0.37754426967,5.67902454599999,-7.711928753516011,1.039240459800001,-2.0691041162680017
130,GLY,0.786,0.4347345132743362,0.8994599999999999,0.75901,0.26299,3,0.230769230769231,0.03,0.48,0.4556,0.0,1.0,0.5062,1.39164899,2.7049689,3.86678428,4.813838839999999,-0.7352274939999999,-1.4361343595999998,-0.10987337289,-0.3134357954,5.222114224999998,-6.685179499300001,0.8484054154000007,-1.5421195498999969
131,ASP,0.896,0.3342036553524804,2.16629,1.12248,0.66252,4,0.19047619047619,-0.1,-0.9,0.1111,0.3239,0.8675,1.0,1.52864743,2.95857691,4.198155830000001,5.169369209999999,-1.2851574609999998,-2.503746564,-0.2008102021,-0.5712176552999998,4.552484546,-9.887635829000018,0.7543029117000001,-2.449913178500003
132,GLY,0.484,0.2676991150442477,0.9008,0.8483400000000001,0.4756599999999999,4,0.2,0.03,0.48,0.4556,0.0,1.0,0.5062,1.3890215,2.68451591,3.79990242,4.66193528,-1.1109852642479998,-2.15725784334,-0.184607423014,-0.5238139854000001,4.585572855000005,-7.8911783869799965,0.8098788466000009,-2.052422486469999
133,GLY,0.762,0.4214601769911504,0.93019,0.76932,0.27668,2,0.166666666666667,0.03,0.48,0.4556,0.0,1.0,0.5062,1.25182313,2.42931064,3.4631704600000006,4.293811839999999,-0.8697052935000001,-1.688637563,-0.1448068129999999,-0.4108525140999999,5.691781779999999,-9.060015952899995,0.9373435305999992,-2.3333227314999982
134,SER,1.177,0.5409007352941176,1.69176,0.77474,0.2242600000000001,0,0.0,-0.1,-0.18,0.4111,0.1877,0.8514,0.5309,1.3919769300000002,2.70753322,3.8752087300000007,4.8330907000000005,-1.027055898,-2.007781214,-0.15101644257,-0.4311108783,5.86223364,-11.762875853000008,0.8464774091000015,-2.5166184736000035
135,SER,0.414,0.1902573529411764,1.43701,1.30578,0.4562200000000003,1,0.0588235294117647,-0.1,-0.18,0.4111,0.1877,0.8514,0.5309,1.52974472,2.96706734,4.22574247,5.231480899999999,-1.0996626012,-2.1421484802500004,-0.1730406242199999,-0.49239617706,6.091481162000011,-13.70820463152002,0.9438117398,-3.09879371026
136,ASN,1.269,0.5190184049079755,2.53275,0.73323,0.4427699999999999,0,0.0,-0.1,-0.78,0.1111,0.3976,0.6747,0.8272,1.5320043600000002,2.98475386,4.28390872,5.364598989999999,-0.5052766312170001,-0.97926783076,-0.0854266895599999,-0.241677635925,7.349941324999996,-8.660919374000006,1.118457289800001,-2.0410952441999983
137,PHE,0.949,0.3052428433579929,3.08498,1.63748,0.5225200000000001,0,0.0,1.1,1.2,0.8111,0.783,0.0763,0.037,1.11117089,2.1472158300000004,3.03849858,3.72593116,-0.8285087283000001,-1.6053958589999997,-0.1432254101599999,-0.4059005427,4.352478814999999,-8.617680166999996,0.7561276758999996,-2.182289740099999
138,SER,0.817,0.3754595588235294,1.23648,0.88384,0.4751600000000002,1,0.142857142857143,-0.1,-0.18,0.4111,0.1877,0.8514,0.5309,0.97233668,1.87935754,2.66067295,3.2653421600000003,-0.918207332,-1.7904528590000002,-0.1411198411,-0.4017510304999999,3.4962419440000003,-9.698438323000005,0.5505337621000004,-2.2028436690000026
139,ARG,2.616,0.7801968386519534,3.95752,0.68847,0.04853,1,0.25,-1.3,-2.5,0.0,0.7346,0.9398,0.6914,0.8336528000000001,1.61262989,2.2864007500000003,2.81237754,-0.6882874529999999,-1.34224794,-0.1052817178,-0.299649325,2.868141647999998,-7.557517278000001,0.4448060268,-1.703740817000001
140,GLY,0.49,0.2710176991150442,0.7700100000000001,0.8264,0.4916,1,0.125,0.03,0.48,0.4556,0.0,1.0,0.5062,0.97252222,1.88079872,2.66537328,3.27597913,-0.4902388483,-0.958436663,-0.07188914295,-0.2052222297,2.870972144999998,-5.345730065,0.4247723209999999,-1.168303248900001
141,GLY,0.478,0.2643805309734513,0.81889,0.8351,0.4949000000000001,1,0.111111111111111,0.03,0.48,0.4556,0.0,1.0,0.5062,0.97155241,1.8732416,2.64063529,3.21971575,-0.52778777674,-1.0257143005000002,-0.086422475773,-0.2453836689999999,2.8660740140000027,-5.8063653126,0.4653197786000002,-1.419640362360001
142,TYR,1.556,0.4565727699530517,3.77397,1.43894,0.41306,1,0.2,-0.27,0.26,0.3556,0.8063,0.502,0.1605,0.97292726,1.88393559,2.67557291,3.29896285,-0.4032218798,-0.7790927648000001,-0.0729501709199999,-0.2063189433,1.9603552679999985,-1.339898921,0.3403865645000001,-0.4129016493599998
143,ASN,1.389,0.5680981595092025,2.54206,0.7724500000000001,0.2835499999999997,1,0.333333333333333,-0.1,-0.78,0.1111,0.3976,0.6747,0.8272,0.83427794,1.6175010099999998,2.30234505,2.8486371000000004,-0.8737123182000001,-1.691178773,-0.15124600594,-0.4276107076,1.9988097749999976,-3.436997018000001,0.3504790388,-0.9881754225000005
144,ASN,0.956,0.3910020449897751,2.38516,1.30296,0.1860399999999999,1,0.2,-0.1,-0.78,0.1111,0.3976,0.6747,0.8272,0.97354545,1.88878263,2.69154354,3.3356059100000004,-0.98118188476,-1.9116390717000005,-0.15383754088,-0.4377805487999998,2.118010135,-5.056331232,0.3616019471,-1.2711279677999996
145,ARG,2.745,0.8186698478974053,4.08263,0.6611500000000001,-0.05315,0,0.0,-1.3,-2.5,0.0,0.7346,0.9398,0.6914,0.97387361,1.8913383,2.69990251,3.35459353,-1.0409055732,-2.0270189295000005,-0.1637003355399999,-0.46537482515,1.2971839230000004,-3.1120287739999983,0.1977729726000001,-0.7154611173
146,ASP,0.454,0.1693397985826184,1.92052,1.49047,0.7365299999999999,0,0.0,-0.1,-0.9,0.1111,0.3239,0.8675,1.0,1.25150744,2.42685945,3.45517945,4.2757411,-0.758350168,-1.475255847,-0.12223021937,-0.3473961767999999,1.297538179,-3.0541367030000006,0.1945820622999999,-0.6641472399000001
147,GLU,1.579,0.5788123167155425,2.9410700000000003,0.83033,0.3186700000000002,0,0.0,-0.1,-0.74,0.1111,0.4884,0.8112,0.9136,1.39174623,2.70573087,3.86929366,4.8195909100000005,-0.53615146,-1.0470783140000002,-0.0797301020999999,-0.22722239,1.0999200849999995,-2.8817810020000008,0.1728756024,-0.6519718489999999
148,GLY,0.536,0.2964601769911504,0.84018,0.8607100000000001,0.4112899999999999,0,0.0,0.03,0.48,0.4556,0.0,1.0,0.5062,0.9716485,1.87398356,2.64303841,3.22510124,-0.5575550385,-1.0796590272000002,-0.09682263356,-0.2740882019,1.6856673809999994,-2.7967192598000006,0.2952589329,-0.72115182689
149,SER,1.243,0.5712316176470589,1.60369,0.83245,0.10055,0,0.0,-0.1,-0.18,0.4111,0.1877,0.8514,0.5309,0.8331574099999999,1.60875627,2.27367601,2.78330189,-0.5744668249999999,-1.117478197,-0.0926530676,-0.2633194956,1.8849521930000008,-3.1082444969999994,0.3030499737,-0.7428015340000005
150,ASP,1.547,0.577023498694517,2.42831,0.7908700000000001,0.34313,0,0.0,-0.1,-0.9,0.1111,0.3239,0.8675,1.0,0.83399004,1.61525836,2.29500821,2.8319658600000004,-0.6395261695000001,-1.245316856,-0.100382911,-0.285302082,1.8867928419999984,-3.636841564,0.2850111986999998,-0.8381585284
151,ASN,0.952,0.3893660531697341,2.34703,1.01059,0.4824099999999998,0,0.0,-0.1,-0.78,0.1111,0.3976,0.6747,0.8272,1.1119100199999998,2.15301526,3.05762201,3.76985167,-0.44900711,-0.8756945345000001,-0.06882801617,-0.1959747648,1.846711165999999,-2.4478319440000016,0.2876794119000002,-0.5612868552999999
152,ARG,1.565,0.4667461974351327,3.41335,1.41168,0.3763200000000002,0,0.0,-1.3,-2.5,0.0,0.7346,0.9398,0.6914,1.38973018,2.6900164399999995,3.81783964,4.702528569999999,-0.2792174134,-0.5424422287,-0.0455649244239999,-0.1292148005,1.6089244320000011,-1.3724825738000002,0.2673517149000001,-0.34803277451
153,GLY,0.331,0.183075221238938,0.8879900000000001,1.01303,0.4639700000000002,0,0.0,0.03,0.48,0.4556,0.0,1.0,0.5062,1.67033594,3.24870266,4.64896377,5.79622465,-0.316668582,-0.6175935625,-0.0487864489,-0.1389657383,0.9030131479999998,-1.291128617,0.1471089125999999,-0.2980586014
154,SER,0.79,0.3630514705882353,1.49737,1.03827,0.3477300000000001,1,0.166666666666667,-0.1,-0.18,0.4111,0.1877,0.8514,0.5309,1.39245866,2.71130524,3.88761908,4.86150877,-0.7260736808,-1.4105141400000003,-0.1186896004,-0.3366039622,0.9435641920000004,-1.531529739,0.1412108895999999,-0.3491403422
155,GLY,0.868,0.4800884955752212,0.88193,0.6592100000000001,0.28079,1,0.2,0.03,0.48,0.4556,0.0,1.0,0.5062,0.8342279699999999,1.6171053999999998,2.30102749,2.84557066,-0.8825170867000001,-1.7122934045,-0.1475543693,-0.4181014382,1.60998246,-3.3451913400000004,0.2577355038000002,-0.8275363877000003
156,ARG,2.129,0.6349537727408291,3.84869,1.2568899999999998,-0.0328899999999996,2,0.4,-1.3,-2.5,0.0,0.7346,0.9398,0.6914,0.69406689,1.33883833,1.88888716,2.30619534,-0.9067595460000002,-1.7640998940000003,-0.1465762404,-0.4167748085,1.37316217,-3.2039626169999997,0.2327783304000001,-0.8016077500000002
157,SER,1.374,0.6314338235294118,1.5619900000000002,0.66216,0.13984,1,0.25,-0.1,-0.18,0.4111,0.1877,0.8514,0.5309,0.6947218399999999,1.34396056,1.90571786,2.34466823,-0.734264309,-1.428046379,-0.1175190262999999,-0.3335589965,1.294106052000001,-3.4545365100000005,0.2207239128000001,-0.885158599
158,TYR,1.89,0.5545774647887324,4.042660000000001,1.17935,0.3386500000000001,2,0.5,-0.27,0.26,0.3556,0.8063,0.502,0.1605,0.83405577,1.61576124,2.29662061,2.83552747,-0.4678680714,-0.909947229,-0.0754573956599999,-0.2143350349999999,0.6657172620000003,-1.357926759,0.121406368,-0.357697065
159,ASN,1.202,0.4916155419222904,2.16131,1.07574,0.1672599999999997,1,0.333333333333333,-0.1,-0.78,0.1111,0.3976,0.6747,0.8272,0.69423627,1.34016159,1.8932300900000003,2.31610727,-0.529568767,-1.024677311,-0.0926949589,-0.2621332803,1.0559880540000002,-2.9341200880000016,0.2036037153000001,-0.8562105669999998
160,ASN,0.807,0.3300613496932515,2.18761,1.22075,0.4172499999999999,2,0.333333333333333,-0.1,-0.78,0.1111,0.3976,0.6747,0.8272,0.69366163,1.33567407,1.8785087000000005,2.28252914,-0.7410982589999999,-1.4368007420000002,-0.1275258832999999,-0.3617173494,1.0978342129999996,-3.249969620000001,0.1915694655,-0.828112404
161,ASP,1.21,0.4513241327862737,2.16249,1.13931,0.33169,0,0.0,-0.1,-0.9,0.1111,0.3239,0.8675,1.0,0.83397469,1.61513312,2.29457817,2.83092502,-0.8544961169999999,-1.664488906,-0.1338040602,-0.3805257315000001,1.1021955560000003,-3.53021738,0.1533083747999999,-0.7188923479999996
162,ARG,1.833,0.5466746197435133,3.63918,1.27133,0.2486700000000001,1,0.142857142857143,-1.3,-2.5,0.0,0.7346,0.9398,0.6914,0.97250725,1.88067785,2.66496157,3.27499192,-0.6475903465,-1.2528630419999998,-0.1139833206,-0.3224249095,0.5887425810000001,-1.51798898,0.0968636154,-0.3488550739999999
163,ARG,1.732,0.5165523411869967,3.62088,1.09375,0.5272500000000002,1,0.111111111111111,-1.3,-2.5,0.0,0.7346,0.9398,0.6914,1.25149995,2.42681027,3.45504782,4.27552892,-0.134601386,-0.261227875,-0.0227819284999999,-0.0646732181,0.4311374920000001,-0.519643229,0.0764924946,-0.13088811
164,ASP,0.699,0.2607236105930622,2.04291,1.30803,0.6739700000000002,3,0.25,-0.1,-0.9,0.1111,0.3239,0.8675,1.0,0.97088994,1.86808569,2.62377739,3.18143305,-0.2637164349999999,-0.507639727,-0.0498592211,-0.140484057,0.626093146,-1.3497084439999996,0.1186077079,-0.3815073995
165,ASN,1.633,0.6678936605316974,2.48278,0.698,0.1139999999999998,1,0.2,-0.1,-0.78,0.1111,0.3976,0.6747,0.8272,0.8337161399999999,1.61308567,2.28776015,2.81506049,-0.241433349,-0.467782619,-0.0417694881999999,-0.1183564449999999,0.5889434960000001,-1.0576603989999998,0.0960859635999999,-0.2652701911
166,GLY,0.718,0.3971238938053097,0.93177,0.7467900000000001,0.34321,2,0.4,0.03,0.48,0.4556,0.0,1.0,0.5062,0.83343914,1.6109532999999998,2.2808722500000003,2.79967991,-0.344676709,-0.6737153849999998,-0.0507980675999999,-0.1449892475999999,0.5899746539999999,-1.5119342349999998,0.087091239,-0.3222450051999999
167,GLY,0.755,0.4175884955752212,0.85578,0.8011699999999999,0.25183,3,0.428571428571429,0.03,0.48,0.4556,0.0,1.0,0.5062,0.83367703,1.61279267,2.28684334,2.8131074,-0.356884765,-0.6956780949999999,-0.0551605747,-0.156975015,0.58948507,-1.5692189009999995,0.0904818956,-0.347261719
168,ASP,1.478,0.5512868332711675,2.5554900000000003,0.75949,0.44351,3,0.375,-0.1,-0.9,0.1111,0.3239,0.8675,1.0,0.97292241,1.88390114,2.67547041,3.2987606499999997,-0.318453642,-0.6209560599999999,-0.0487597188,-0.13874059,0.6287081480000001,-1.628683014,0.0970813948,-0.3705095129999999
169,GLY,0.847,0.4684734513274336,1.30823,0.93056,0.03044,1,0.111111111111111,0.03,0.48,0.4556,0.0,1.0,0.5062,1.11200312,2.1537070600000003,3.05977427,3.77440901,-0.24923193,-0.4834524729999999,-0.0422396747,-0.119793743,0.470710754,-1.10685953,0.0803464732,-0.283461771
