2,MET,2.192,0.7350771294433266,2.96741,0.73803,0.05197,0,0.0,0.8,0.64,0.7111,0.6196,0.0,0.0988,0.4170297899999999,0.8078947699999999,1.14835445,1.41785756,-0.4315109914,-0.8393266810000001,-0.06886302103,-0.1954568567999999,7.182284671999979,-10.831999602000018,1.1755192197999975,-2.652711725600007
3,GLU,1.278,0.4684750733137829,2.77314,1.12678,0.3232200000000003,2,0.5,-0.1,-0.74,0.1111,0.4884,0.8112,0.9136,0.8344752,1.61906833,2.30758173,2.860875,-0.8883213676999999,-1.7417390495000002,-0.1216767807999999,-0.3481562823,7.791396310000009,-11.765376607,1.1082877178,-2.522423701299998
4,SER,0.606,0.2784926470588235,1.28795,1.07905,0.4909500000000002,3,0.5,-0.1,-0.18,0.4111,0.1877,0.8514,0.5309,0.6943739099999999,1.34123471,1.89674504,2.32410669,-0.6963622223000001,-1.352016648,-0.1150051045,-0.3260070812999999,7.355005360000003,-9.361837285,1.402412979000004,-2.6238477897000023
5,ASN,0.858,0.350920245398773,2.21763,1.25007,0.3369299999999997,3,0.428571428571429,-0.1,-0.78,0.1111,0.3976,0.6747,0.8272,1.5319371500000003,2.98423359,4.28221549,5.360775229999999,-1.7030773582999998,-3.3350649506,-0.24219791403,-0.69265889232,10.73700497400004,-13.29304242270001,1.5852290387999988,-2.913744407379995
6,GLN,1.29,0.448695652173913,2.7211200000000004,1.14948,0.4355199999999999,0,0.0,-0.1,-0.85,0.1111,0.5388,0.7952,0.6914,1.25291124,2.4378411199999994,3.49127328,4.3582758,-1.6782349593400003,-3.2556363790000007,-0.281052015817,-0.7962047859699999,12.44789839700001,-16.731437234300028,1.988956696599998,-4.223930343050005
7,SER,0.884,0.40625,1.43002,1.02587,0.2661300000000002,0,0.0,-0.1,-0.18,0.4111,0.1877,0.8514,0.5309,2.089862180000001,4.07601078,5.86073269,7.357903779999999,-3.0678914167599998,-5.9818729997,-0.4725707812099999,-1.3453108243000005,16.54991553500001,-23.530862254599985,2.5047414541000026,-5.49925680039999
8,ASN,0.392,0.1603271983640082,1.91439,1.48654,0.56646,0,0.0,-0.1,-0.78,0.1111,0.3976,0.6747,0.8272,2.6455021600000004,5.149948970000001,7.38074713,9.22165404,-3.1112864603599992,-6.070149979620001,-0.4755249939299998,-1.354918300224,12.223074058999964,-17.93878727372001,1.881454448700004,-4.150304299174008
9,ASN,0.253,0.1034764826175869,1.79869,1.5116600000000004,0.6803399999999993,0,0.0,-0.1,-0.78,0.1111,0.3976,0.6747,0.8272,2.7838140300000003,5.41383206,7.745889300000001,9.65440499,-2.3124266035,-4.486648937199999,-0.3889363779200001,-1.1027644537900003,12.330343172999974,-14.444191915600008,1.9818182859000024,-3.52742121863999
10,GLY,0.395,0.2184734513274336,0.83005,0.96155,0.45145,0,0.0,0.03,0.48,0.4556,0.0,1.0,0.5062,3.2025938300000005,6.235298360000001,8.93845042,11.172139599999998,-1.2589816341300004,-2.43681493897,-0.2199842332069999,-0.6224792935600003,11.625092742999998,-9.20157216002,1.851012181399997,-2.3770061338000046
11,GLY,0.14,0.077433628318584,0.5916,1.04028,0.6277200000000001,0,0.0,0.03,0.48,0.4556,0.0,1.0,0.5062,2.92297566,5.6843045000000005,8.13249373,10.13564121,-1.9448648707100005,-3.773974976280001,-0.326287752664,-0.9251902277900004,14.759977468999985,-15.680207067960051,2.419506248999986,-3.8396559687400034
12,SER,0.32,0.1470588235294117,1.33251,1.24246,0.61354,0,0.0,-0.1,-0.18,0.4111,0.1877,0.8514,0.5309,2.64389952,5.13747249,7.33994859,9.12899798,-2.498377609900001,-4.8527376485,-0.41246602744,-1.1704917540400006,13.861052819999983,-18.160309884699984,2.239176400200005,-4.361372837080006
13,GLY,0.027,0.014933628318584,0.56587,1.0756399999999997,0.7053600000000004,0,0.0,0.03,0.48,0.4556,0.0,1.0,0.5062,2.922538050000001,5.68092672,8.121545999999999,10.11107452,-2.549655409859999,-4.956832166699999,-0.415453203095,-1.1801304010200004,11.59434327199998,-17.119261694800013,1.7779745124999973,-3.974577059799997
14,ASN,0.768,0.3141104294478528,2.13674,1.3461999999999998,0.3308,0,0.0,-0.1,-0.78,0.1111,0.3976,0.6747,0.8272,2.5059725900000003,4.8766637500000005,6.98512201,8.720473679999998,-2.2680294407271173,-4.38647455006489,-0.4022308416130374,-1.137846178804767,15.154314782000036,-14.1891267871191,2.469228299000004,-3.7305671537681273
15,ALA,0.641,0.2939018798716185,1.26236,1.08966,0.4503399999999999,0,0.0,0.77,0.62,0.7,0.1645,0.249,0.3951,2.64774296,5.167455749999999,7.43820732,9.35280074,-2.13093663816,-4.146222211220001,-0.342610924174,-0.9739520077,16.82829824800007,-15.790140535139964,2.5333433453,-3.7789044295399834
16,ALA,0.882,0.4044016506189821,1.23243,0.87496,0.42404,1,0.142857142857143,0.77,0.62,0.7,0.1645,0.249,0.3951,1.5319433700000002,2.98427813,4.282347969999999,5.36103468,-1.5299382167000002,-2.9639608829999995,-0.2628361813400001,-0.74405361206,11.275306069999983,-14.593776277400002,1.7590565516,-3.70043471254
17,LEU,1.53,0.5756207674943566,2.46578,1.10846,0.0195399999999998,1,0.111111111111111,1.4,1.1,0.9222,0.663,0.2811,0.0,1.25212872,2.43168123,3.47089254,4.311256729999999,-1.069940623,-2.0735221403,-0.1839951940639999,-0.5213344949700001,9.259648516000007,-13.31701052939998,1.563458965099994,-3.4108201825000024
18,ASN,0.77,0.3149284253578732,2.2111,1.34319,0.3318099999999997,3,0.333333333333333,-0.1,-0.78,0.1111,0.3976,0.6747,0.8272,1.39129424,2.70218126,3.85757924,4.7926558,-0.758111850715,-1.4810472991699997,-0.112849837916,-0.321913361793,8.571075178000005,-13.29971527111998,1.2937784627000015,-2.946774110778003
19,ARG,2.192,0.6537429167909335,3.8676,0.8174800000000001,0.3435199999999999,2,0.285714285714286,-1.3,-2.5,0.0,0.7346,0.9398,0.6914,1.1128150099999998,2.16006967,3.0807207100000005,3.82240408,-0.5378987223999999,-1.0491686969999996,-0.0817398580499999,-0.23262213726,8.174671655,-12.599727109000012,1.252199867299997,-2.8800722849200024
20,GLY,0.265,0.1465707964601769,0.6566200000000001,0.9185,0.6245000000000002,2,0.25,0.03,0.48,0.4556,0.0,1.0,0.5062,0.9727639,1.88268138,2.67153479,3.2899884900000003,-0.4940173059,-0.961622322,-0.0788322672799999,-0.2241957859,8.796063723999987,-12.19932391699999,1.4160206640000013,-2.9634304571000007
21,GLY,0.817,0.4518805309734512,0.95068,0.6597899999999999,0.3312100000000002,0,0.0,0.03,0.48,0.4556,0.0,1.0,0.5062,0.8339099199999999,1.6146152799999998,2.29283606,2.82681758,-0.5562853049,-1.0820214099,-0.0896103402,-0.25457080606,8.357371301999988,-11.016384789800023,1.397285164799994,-2.69806296436
22,ARG,1.476,0.4402028034595884,3.53767,1.44559,0.4314100000000003,1,0.142857142857143,-1.3,-2.5,0.0,0.7346,0.9398,0.6914,1.25237023,2.4336179,3.47742477,4.32670723,-0.9619581342,-1.8786612289,-0.14298017077,-0.40746662092,9.990619365999994,-14.451045728800016,1.4588408181999952,-3.1218798123599973
23,TYR,1.5,0.4401408450704225,3.65327,1.41809,0.48991,4,0.307692307692308,-0.27,0.26,0.3556,0.8063,0.502,0.1605,1.25062333,2.41994443,3.4324570800000003,4.22379881,-0.4516597838,-0.8764058159999999,-0.0747359874,-0.2116024566,10.082542103999986,-11.185068093000003,1.692424079399995,-2.651151015000005
24,VAL,0.764,0.3137577002053388,1.86237,1.3242599999999998,0.3467400000000002,2,0.2,1.6,1.1,0.9667,0.4924,0.3655,0.1235,1.8104973200000003,3.5269745500000003,5.0611282,6.3356781,-1.1807494479999996,-2.3149467068,-0.1633031698499999,-0.4674992756400001,10.50992597300008,-14.520299827300024,1.475278265600002,-3.0090079053400016
25,PRO,1.038,0.4654708520179372,1.8354,1.00112,0.1908799999999999,1,0.166666666666667,-0.37,0.12,0.3222,0.3764,0.8594,0.3827,1.25272123,2.4363399199999995,3.4862869300000003,4.3467126700000005,-1.4407073052,-2.7953913829,-0.24086835784,-0.68256526236,9.974943383999994,-15.034527558999995,1.582033907800006,-3.889955424499999
26,PRO,0.982,0.4403587443946188,1.4787,1.08029,0.16771,0,0.0,-0.37,0.12,0.3222,0.3764,0.8594,0.3827,1.53150417,2.9808229499999994,4.27092336,5.3347002,-1.5100430995000005,-2.935871053280001,-0.245159220988,-0.696200957253,14.226983097000009,-12.17878512070002,2.185978500600014,-2.978027088450008
27,HIS,0.896,0.3240506329113924,2.69965,1.5268700000000002,0.34213,0,0.0,-0.91,-0.4,0.1444,0.561,0.1124,0.679,2.08987448,4.07612445,5.86116928,7.3590972799999985,-2.723848762365,-5.323920114839998,-0.3994941384129999,-1.13959837207,13.567934181000023,-19.434376613900024,2.000113247100007,-4.311524843408003
28,LEU,1.187,0.4465763732129421,2.57703,1.10567,0.3653299999999999,0,0.0,1.4,1.1,0.9222,0.663,0.2811,0.0,1.81074406,3.52891895,5.06756936,6.35056497,-2.5979430590000008,-5.0746317607,-0.3860703657000001,-1.1007456382100005,14.666978456000038,-24.84283259459996,2.1838978971000005,-5.324069730480008
29,ARG,1.794,0.5350432448553534,3.37822,1.21723,0.3417700000000001,0,0.0,-1.3,-2.5,0.0,0.7346,0.9398,0.6914,1.39110555,2.70071324,3.85278234,4.781774469999999,-2.341387782070001,-4.563379117929999,-0.365473138504,-1.0405702406,14.32495677000007,-17.199200725189986,2.3726352040000123,-4.216616564599992
30,GLY,0.513,0.2837389380530973,0.8441200000000001,0.84538,0.4496199999999999,0,0.0,0.03,0.48,0.4556,0.0,1.0,0.5062,1.66842196,3.2338066000000003,4.60026543,5.68566051,-1.93021505125,-3.7352892935,-0.3399300023700002,-0.96222835086,14.042887179000076,-11.362123847000005,2.391527545199991,-3.1098300582
31,GLY,0.452,0.25,0.83443,0.96441,0.39159,0,0.0,0.03,0.48,0.4556,0.0,1.0,0.5062,2.22703792,4.331010020000001,6.19669276,7.723977649999999,-2.2989646135499995,-4.47170007681,-0.3713565796129999,-1.055325878483,12.885878842000013,-12.544813182280004,2.0201757915999967,-3.102667943072004
32,ASP,0.73,0.2722864602760164,2.18773,1.28451,0.66649,0,0.0,-0.1,-0.9,0.1111,0.3239,0.8675,1.0,1.80951994,3.5193386300000005,5.0360661800000015,6.27847991,-2.4102518617700013,-4.70091252054,-0.371135437674,-1.0573012132339998,12.620049668000023,-17.999637444039987,1.9059350414000051,-4.034927350044002
33,GLY,0.936,0.5176991150442478,1.03031,0.74149,0.13051,0,0.0,0.03,0.48,0.4556,0.0,1.0,0.5062,1.67119677,3.25543137,4.67105968,5.846690439999999,-1.7033640895499995,-3.3128831935000007,-0.27594582138,-0.7841511758800003,16.117440491000046,-12.827531290800003,2.4460532652999936,-3.146921802939997
34,GLY,0.825,0.4563053097345132,1.01629,0.74396,0.2390400000000001,0,0.0,0.03,0.48,0.4556,0.0,1.0,0.5062,1.5322194400000002,2.98643382,4.28941907,5.37716123,-1.8001109319000002,-3.5051548080000003,-0.28346867845,-0.80577026268,17.065078037999953,-20.0261897292,2.5416949488000005,-4.678903526519987
35,ALA,0.902,0.4135717560751948,1.28149,0.9934899999999998,0.2855100000000001,0,0.0,0.77,0.62,0.7,0.1645,0.249,0.3951,1.95004102,3.80039552,5.45728439,6.838332209999998,-1.9334402685800005,-3.78785561134,-0.2715209180115,-0.7766669837179997,18.648710524999935,-25.426547578950043,2.7011169574000227,-5.317370537311993
36,ALA,0.567,0.2599724896836313,1.14133,1.0479,0.5661,0,0.0,0.77,0.62,0.7,0.1645,0.249,0.3951,1.3915935,2.70452308,3.86527671,4.81025907,-1.6139839179999995,-3.1474107933000006,-0.249151347024,-0.7096434733100002,18.001951414000054,-26.11245189110002,2.758244557700029,-5.874285760459997
37,ALA,1.155,0.5295735900962861,1.32712,0.6305499999999999,0.3954500000000001,0,0.0,0.77,0.62,0.7,0.1645,0.249,0.3951,0.69465496,1.34343758,1.90400035,2.34074495,-0.8911098991999999,-1.7211495594,-0.1600948965499999,-0.45207797344,8.381558395999967,-14.271381800399984,1.5149848450999988,-3.941460050839992
38,ALA,0.71,0.3255387436955524,1.22856,1.0294,0.4416,0,0.0,0.77,0.62,0.7,0.1645,0.249,0.3951,1.11258209,2.15826216,3.07483062,3.80909039,-1.0139735924,-1.97422412464,-0.161249523145,-0.45872149068,9.11579205799998,-14.227050760600015,1.422721401200003,-3.4243078914000096
39,ALA,0.94,0.430994956441999,1.27103,0.8419300000000001,0.39907,0,0.0,0.77,0.62,0.7,0.1645,0.249,0.3951,0.97334625,1.88721715,2.6863713700000003,3.32369491,-1.0174749626,-1.9868733435,-0.1524905682399999,-0.4347390104999999,8.088903684000002,-14.215250851000004,1.2945854575000015,-3.1146543243999973
40,SER,1.297,0.596047794117647,1.55381,0.7152999999999999,0.1637000000000003,0,0.0,-0.1,-0.18,0.4111,0.1877,0.8514,0.5309,1.11331962,2.1640225600000003,3.09373213,3.85221661,-0.9823757106,-1.918778929,-0.1462460550499999,-0.4169530279000001,8.886410243,-13.404086460000007,1.3220079944999974,-2.8610380888000067
41,ALA,1.008,0.4621733149931224,1.38494,0.7051799999999999,0.4678200000000001,0,0.0,0.77,0.62,0.7,0.1645,0.249,0.3951,0.97351393,1.88853865,2.69074939,3.33381232,-0.7001703888,-1.3604586786000004,-0.11413690357,-0.323767975,8.355866303999994,-10.99322979760001,1.4038439431999965,-2.821592770300001
42,GLY,0.704,0.3893805309734512,0.99672,0.75719,0.34681,0,0.0,0.03,0.48,0.4556,0.0,1.0,0.5062,1.25269599,2.43614066,3.4856253399999995,4.34517929,-0.7683604017899999,-1.498626061121,-0.1180444253741,-0.3362329493913999,7.346587833999993,-9.780762597902005,1.1549096293999983,-2.2642717066210003
43,GLY,0.818,0.452433628318584,1.0219,0.7076600000000001,0.28234,0,0.0,0.03,0.48,0.4556,0.0,1.0,0.5062,0.97387996,1.89139687,2.70012662,3.35520408,-0.6996393593,-1.3553776576999998,-0.1196698397299999,-0.33859770372,7.540427784000002,-10.967633921799989,1.1957161362999995,-2.780719836880007
44,ASP,1.069,0.3987318164863856,2.24431,1.14478,0.4672200000000002,0,0.0,-0.1,-0.9,0.1111,0.3239,0.8675,1.0,1.11331777,2.16400866,3.0936893599999995,3.85212845,-0.7140753911,-1.3926259785999997,-0.1091221882299999,-0.3105995206999999,6.954969828999986,-13.342981357,1.0731508348999976,-3.009234483599999
45,ASP,1.36,0.5072734054457292,2.47083,0.7922,0.5287999999999999,0,0.0,-0.1,-0.9,0.1111,0.3239,0.8675,1.0,0.97370773,1.89005292,2.69572089,3.34516517,-0.876394292,-1.7151658081,-0.1251912182399999,-0.35757858814,4.082177959999998,-5.876135945000001,0.6677958334000004,-1.3725417686999983
46,ARG,1.039,0.3098717566358484,3.1621300000000003,1.87771,0.43629,0,0.0,-1.3,-2.5,0.0,0.7346,0.9398,0.6914,0.9733716099999998,1.8874148,2.68701898,3.3251706799999994,-0.8238802620000001,-1.5984517780000005,-0.13880257162,-0.3935613076999999,4.158612819999995,-7.667388970200004,0.695787627,-2.0406787727600006
47,ARG,2.408,0.7181628392484342,3.93428,0.85629,0.0887100000000002,0,0.0,-1.3,-2.5,0.0,0.7346,0.9398,0.6914,0.8340500800000001,1.61571884,2.29648815,2.8352453800000004,-1.1885694114999998,-2.305163937000001,-0.20008962396,-0.5667841606,4.864562075999996,-7.9599836510000035,0.815152947799999,-2.091777022600001
48,GLY,0.564,0.3119469026548672,0.9169,0.87405,0.3699500000000002,0,0.0,0.03,0.48,0.4556,0.0,1.0,0.5062,1.25277505,2.43677818,3.4877878199999994,4.35033149,-1.14606425303,-2.232102747799999,-0.17948677305,-0.5102509263999999,2.7889937999999987,-4.912974476499997,0.4381848162,-1.1411194421000004
49,GLY,1.065,0.5890486725663716,1.0064,0.6379600000000001,0.10504,0,0.0,0.03,0.48,0.4556,0.0,1.0,0.5062,1.3924123199999998,2.71092444,3.88630348,4.85830171,-1.22621471697,-2.3911980799,-0.1882586249899999,-0.5359211832500002,4.043768007999999,-7.418293488800004,0.6553812446000007,-1.8710108707
50,ALA,0.53,0.2430077945896377,1.17336,1.0959899999999998,0.5550100000000002,1,0.0476190476190476,0.77,0.62,0.7,0.1645,0.249,0.3951,1.8091537,3.51648814,5.026746600000001,6.257320319999999,-1.5235223091199994,-2.9652951562000007,-0.244259698417,-0.6947916050099999,3.850332626,-7.800842604800002,0.6055863298999998,-1.7999500575400025
51,GLY,0.341,0.1886061946902655,0.7615999999999999,0.94193,0.52507,2,0.0869565217391304,0.03,0.48,0.4556,0.0,1.0,0.5062,1.66800096,3.23060349,4.590041749999999,5.66320364,-1.7379510749,-3.369022324000001,-0.2949929122599999,-0.8353549813,3.454719555999996,-7.372093233999999,0.5598753045,-1.780964642799999
52,GLY,0.655,0.3622787610619469,0.8041200000000001,0.8131599999999999,0.3398400000000001,0,0.0,0.03,0.48,0.4556,0.0,1.0,0.5062,1.11140815,2.14908398,3.0446810300000005,3.7401975,-1.5868655146999997,-3.0805943066,-0.26566813902,-0.7539095665,3.061770701999996,-6.112769882000003,0.5045487484,-1.476920537999999
53,GLY,0.714,0.3949115044247787,0.93169,0.70371,0.3902900000000001,0,0.0,0.03,0.48,0.4556,0.0,1.0,0.5062,0.97289061,1.88365263,2.67465542,3.2969019800000003,-1.2462420901,-2.427494103,-0.1976032154,-0.5625656492700001,2.750174436999996,-4.704477915500004,0.4331730303999999,-1.0829920978999998
54,GLY,0.938,0.5188053097345132,1.07093,0.59247,0.27753,0,0.0,0.03,0.48,0.4556,0.0,1.0,0.5062,0.8337601800000001,1.61344882,2.28902074,2.81815081,-0.7572170827000002,-1.4667779608,-0.1307199177,-0.37012489012,2.667974989999999,-3.041661366,0.4465593914,-0.7670398724500002
55,TYR,1.248,0.3661971830985915,3.5478500000000004,1.4405599999999998,0.7194400000000003,1,0.0625,-0.27,0.26,0.3556,0.8063,0.502,0.1605,1.6692223000000002,3.24007132,4.62086958,5.732820009999999,-1.35216036064,-2.62771070393,-0.2210772454640001,-0.6275215953969999,4.046817480999998,-5.7538572553600025,0.6316960890999999,-1.376566611292
56,ARG,1.888,0.5630778407396361,3.75429,1.13066,0.3343400000000003,3,0.1,-1.3,-2.5,0.0,0.7346,0.9398,0.6914,2.50524599,4.87103019,6.966774460000001,8.6790249,-0.7938639778000002,-1.5418389534,-0.13123128428,-0.3723765460099999,3.144682916,-4.0258494704000025,0.4778452195000001,-0.8866530977900003
57,ARG,1.564,0.466447957053385,3.4444099999999995,1.29114,0.4978600000000002,3,0.09375,-1.3,-2.5,0.0,0.7346,0.9398,0.6914,2.3658912300000003,4.59906776,6.5753484,8.1869999,-0.9661324743999996,-1.8690157806,-0.17038529295,-0.48200977337,2.595884366,-3.709252481,0.3823568284,-0.8009359355
58,GLY,0.317,0.1753318584070796,0.77802,1.03431,0.45669,2,0.0714285714285714,0.03,0.48,0.4556,0.0,1.0,0.5062,1.94803946,3.78477542,5.406072600000001,6.721614519999999,-1.43794755025,-2.7923939907,-0.23967187368,-0.68037716591,2.5149265740000017,-1.050160695699999,0.3924470776000002,-0.2532479448
59,GLY,0.987,0.5459070796460177,1.05352,0.61594,0.20506,0,0.0,0.03,0.48,0.4556,0.0,1.0,0.5062,0.97326517,1.8865883,2.68432297,3.3190679,-1.7200551299000004,-3.3361486514000007,-0.29028583148,-0.8226046602000001,3.098302344999996,-1.1867391363999993,0.5291196885999996,-0.4339407966999997
60,GLY,0.379,0.2096238938053097,0.7763,0.91665,0.5123500000000002,1,0.0769230769230769,0.03,0.48,0.4556,0.0,1.0,0.5062,1.3917688,2.70590066,3.86982672,4.82073282,-1.53039133095,-2.9730279317999986,-0.2523488322499999,-0.71627861404,2.75235361,-1.696850762399999,0.4120117008000004,-0.4333074578479995
61,ASN,0.457,0.1869120654396728,1.91528,1.4765899999999998,0.5114099999999999,3,0.1,-0.1,-0.78,0.1111,0.3976,0.6747,0.8272,1.9461150000000005,3.769781510000001,5.35700162,6.61004662,-1.224100151,-2.3758134358000005,-0.2053996378199999,-0.5827062825,2.001851944,-0.9717663618,0.3328269930999999,-0.2546421311
62,SER,0.945,0.434283088235294,1.24701,0.96558,0.2654200000000004,2,0.0645161290322581,-0.1,-0.18,0.4111,0.1877,0.8514,0.5309,2.22551301,4.31913839,6.15786413,7.635762229999999,-1.1266530310999998,-2.1948033740000006,-0.1764376684099999,-0.5018649723999999,2.083572855000001,-3.1076537910000006,0.3145563702999998,-0.6962369326999999
63,GLY,0.474,0.2621681415929203,0.89904,0.8196200000000001,0.51438,1,0.0454545454545455,0.03,0.48,0.4556,0.0,1.0,0.5062,1.5288047,2.95977715,4.20199866,5.177847549999999,-1.00350696727,-1.93813295134,-0.18218817297,-0.51499969434,5.060111328999997,-5.0065242162000025,0.8611567253999997,-1.3036481041500003
64,GLY,0.33,0.1825221238938053,0.6792100000000001,0.92814,0.5498599999999999,0,0.0,0.03,0.48,0.4556,0.0,1.0,0.5062,1.38939206,2.6874259100000004,3.80950539,4.684009629999999,-1.4798658255,-2.8778939236000003,-0.2393453628099999,-0.6799013801,4.316084317999999,-5.3413579768,0.7246299901000004,-1.3534283020000002
65,GLY,1.032,0.5707964601769911,0.93637,0.63735,0.13865,0,0.0,0.03,0.48,0.4556,0.0,1.0,0.5062,1.39161285,2.70468918,3.86587566,4.811792810000001,-1.6678963946999998,-3.2596349415,-0.24678178021,-0.7043258660499999,4.363710917999999,-6.496062532500001,0.6607044575000002,-1.4501761820999997
66,GLY,1.058,0.5851769911504425,0.99252,0.62493,0.12507,0,0.0,0.03,0.48,0.4556,0.0,1.0,0.5062,1.3917108500000002,2.7054443999999997,3.8683164200000006,4.81724602,-1.9246265302,-3.756227609,-0.2914936678199999,-0.8305838642000001,4.164676007,-7.178499153500002,0.6501816120000008,-1.6678657348000003
67,GLY,0.28,0.1548672566371681,0.8012999999999999,0.92104,0.6069600000000002,1,0.032258064516129,0.03,0.48,0.4556,0.0,1.0,0.5062,1.94707173,3.77720856,5.381217770000001,6.664829720000001,-1.4610982416999998,-2.8392794392,-0.24043468307,-0.6828478303000001,3.847401903,-6.708429615000001,0.6288847819000005,-1.6379300221000004
68,GLY,0.067,0.0370575221238938,0.76018,1.10706,0.6339400000000002,3,0.0638297872340425,0.03,0.48,0.4556,0.0,1.0,0.5062,2.50252613,4.849864660000001,6.897585900000001,8.52195785,-0.6863443201999999,-1.3313210359999998,-0.11626269181,-0.3296811408999999,2.31521043,-1.7991924286999998,0.3862022660000002,-0.4570573337
69,GLY,0.429,0.2372787610619469,0.7548,0.88501,0.49399,0,0.0,0.03,0.48,0.4556,0.0,1.0,0.5062,1.80634604,3.4946475,4.9553747900000005,6.09535953,-0.9715604563400002,-1.8826507748,-0.167082450225,-0.47328725078,2.4712000260000004,-2.7218926640000007,0.4215940155999997,-0.72187347605
70,TYR,1.172,0.3438967136150234,3.55519,1.6869899999999998,0.54901,2,0.111111111111111,-0.27,0.26,0.3556,0.8063,0.502,0.1605,1.80822582,3.50926866,5.00315466,6.20378991,-0.8920041324300001,-1.7258533936399996,-0.1570896980219999,-0.4444805583799999,2.7849097519999995,-3.4201470213299983,0.4735721894000001,-0.9522678925000004
71,ASP,1.53,0.5706825811264453,2.39262,0.7878799999999999,0.3631200000000001,2,0.333333333333333,-0.1,-0.9,0.1111,0.3239,0.8675,1.0,1.39221392,2.70937352,3.88120874,4.84666096,-1.3696765451,-2.6641857396,-0.22003600047,-0.6249525837000002,3.419123244000004,-3.551929436599997,0.5233568032999999,-0.8732775587999998
72,ARG,1.713,0.5108857739337906,3.41754,1.50825,0.1317500000000002,1,0.142857142857143,-1.3,-2.5,0.0,0.7346,0.9398,0.6914,1.1126773600000002,2.15898129,3.07710363,3.81401022,-1.3810160245000005,-2.6836115150000004,-0.2270363211199999,-0.6446954730000001,3.7248010600000008,-5.5016329440000025,0.6473450598000011,-1.438500083200001
73,GLY,0.65,0.3595132743362831,0.90726,0.81902,0.3389799999999999,0,0.0,0.03,0.48,0.4556,0.0,1.0,0.5062,0.97374048,1.89030922,2.69656385,3.34709478,-0.7999197308000002,-1.5496150285,-0.13716652416,-0.3881850396,5.299900377,-7.554227348500006,0.853808397599998,-1.8982843392999995
74,TYR,1.156,0.3392018779342723,3.73546,1.5886699999999998,0.66333,0,0.0,-0.27,0.26,0.3556,0.8063,0.502,0.1605,1.25233821,2.43334048,3.47641754,4.32411132,-0.6451281683,-1.2599182489999998,-0.0968510390699999,-0.2762480743,5.310899002999999,-5.037228846399999,0.773532605500001,-1.1174918681200008
75,ASN,1.369,0.559918200408998,2.48625,0.81085,0.2651499999999999,0,0.0,-0.1,-0.78,0.1111,0.3976,0.6747,0.8272,0.83366812,1.61274086,2.28673611,2.81305599,-0.5169399285,-1.000395856,-0.08998128057,-0.254417974,4.7045711769999965,-7.430565128399989,0.8162616114999995,-1.979739073200002
76,ASP,1.094,0.4080566952629616,2.42008,0.95901,0.62799,0,0.0,-0.1,-0.9,0.1111,0.3239,0.8675,1.0,0.69448507,1.34211147,1.89965226,2.33083367,-0.478034813,-0.922539507,-0.0871650046,-0.246056001,4.552307133999993,-7.656831107000006,0.7549854638000003,-2.0142678569000005
77,ASN,0.517,0.2114519427402863,2.27667,1.27035,0.6576499999999998,0,0.0,-0.1,-0.78,0.1111,0.3976,0.6747,0.8272,0.8335411800000001,1.61173481,2.28338292,2.80524429,-0.5243439148,-1.0234989065000002,-0.07982189634,-0.2276488343,3.6509640959999983,-6.533068171000005,0.5985386905000003,-1.5028751141000003
78,ARG,2.682,0.7998807038473008,3.8399,0.93349,-0.2624899999999996,0,0.0,-1.3,-2.5,0.0,0.7346,0.9398,0.6914,0.69476022,1.34425918,1.90669423,2.34688353,-0.524916259,-1.017303951,-0.0893014052,-0.2527735385,3.845144960999994,-8.91391970400001,0.6404424209000005,-2.252847876
79,ASP,1.258,0.4692279000372995,2.36855,1.03461,0.38839,0,0.0,-0.1,-0.9,0.1111,0.3239,0.8675,1.0,0.6943883,1.3413532599999998,1.89715646,2.3251155,-0.4931436654,-0.9559391795,-0.0839625513,-0.2378159607,2.7466641320000003,-4.164585881200004,0.4566742224000003,-1.0869805848999994
80,ASP,1.404,0.5236851920925027,2.48118,0.95121,0.3257900000000002,1,0.25,-0.1,-0.9,0.1111,0.3239,0.8675,1.0,0.83398121,1.61518312,2.2947378,2.8312748,-0.4089973733099999,-0.8016800252199998,-0.05672751219,-0.16233179114,3.418418656000003,-3.2750754539799987,0.5313955570000004,-0.6579977221599997
81,ARG,2.581,0.7697584252907843,4.06972,0.77288,-0.0008799999999997,1,0.25,-1.3,-2.5,0.0,0.7346,0.9398,0.6914,0.6945239599999999,1.34241319,1.90063463,2.33305214,-0.6515852317999999,-1.26334341,-0.11075371515,-0.3137996597999999,3.454415346,-5.688616541999997,0.5606680907000003,-1.3481362672000017
82,ASP,0.708,0.2640805669526296,2.05372,1.29029,0.6827100000000002,1,0.142857142857143,-0.1,-0.9,0.1111,0.3239,0.8675,1.0,1.11291625,2.16087215,3.08339477,3.82863194,-0.9125541527,-1.7713344147,-0.15160239403,-0.4297661146,6.0933809920000055,-9.978403038599996,0.9187853783999994,-2.304167397400001
83,ASN,1.415,0.5787321063394684,2.3622300000000003,0.89772,0.1322799999999998,1,0.111111111111111,-0.1,-0.78,0.1111,0.3976,0.6747,0.8272,1.2523992300000002,2.43380782,3.4779175,4.32742956,-0.7531916080000001,-1.4692372129999998,-0.1148588897299999,-0.3270513434,7.702908665999971,-11.014646900000011,1.1902613623000011,-2.4948497286000024
84,ARG,2.0,0.5964807634953773,3.62802,1.22386,0.1291400000000002,1,0.125,-1.3,-2.5,0.0,0.7346,0.9398,0.6914,0.83321143,1.6091549,2.27490255,2.78585001,-0.5101579032920001,-0.988572093584,-0.0883472249765,-0.2504546155749999,7.497763902000033,-8.947765193551959,1.2379627850000017,-2.214835693758396
85,GLY,0.781,0.4319690265486726,0.81755,0.7362500000000001,0.29075,1,0.166666666666667,0.03,0.48,0.4556,0.0,1.0,0.5062,0.6940578500000001,1.33878713,1.88878659,2.30617166,-0.5149075196999999,-0.9901730639999998,-0.0988649019999999,-0.2784289068,6.894644748999972,-9.833297036999982,1.2401747607000029,-3.022927113399996
86,GLY,0.986,0.5453539823008849,1.01648,0.62821,0.19379,0,0.0,0.03,0.48,0.4556,0.0,1.0,0.5062,1.11260496,2.15840752,3.0751902500000003,3.80954972,-0.5774251980499999,-1.12566939004,-0.0903995685399999,-0.25761020934,4.954095031,-5.791650847900001,0.7512680480000008,-1.3764192255599998
87,SER,0.584,0.2683823529411764,1.4546100000000002,1.14403,0.4479700000000002,1,0.0714285714285714,-0.1,-0.18,0.4111,0.1877,0.8514,0.5309,1.1112060700000002,2.14748915,3.03939191,3.72795788,-0.7034125064000001,-1.37093756,-0.1108535096,-0.3158811992,4.951444342999987,-9.656481689,0.7765508139000021,-2.1660567920000005
88,GLY,0.948,0.5243362831858407,1.00218,0.6332199999999999,0.2267800000000002,0,0.0,0.03,0.48,0.4556,0.0,1.0,0.5062,1.11315545,2.1627162,3.0893595700000005,3.84197385,-0.6662804874999999,-1.2986338157,-0.1037898908599999,-0.2954619321,4.947547230000008,-11.525341670900003,0.7989886833999988,-2.7148112960999957
89,GLY,0.696,0.3849557522123893,0.8895099999999999,0.8784800000000001,0.2335199999999999,0,0.0,0.03,0.48,0.4556,0.0,1.0,0.5062,0.97331027,1.88693534,2.6854444,3.32157304,-1.0753207564999998,-2.0949637405000003,-0.1681938886199999,-0.478461223,7.781370013000031,-13.11862665000001,1.1963827562999998,-3.0130207860000016
90,TYR,2.458,0.7212441314553991,3.92026,0.86755,0.0824499999999996,0,0.0,-0.27,0.26,0.3556,0.8063,0.502,0.1605,0.97292279,1.88389079,2.6753899800000003,3.2984341500000003,-1.4060649370000002,-2.7311861817,-0.2339561919999999,-0.6644637180999999,8.903409879999986,-16.379753844600017,1.5286193417999967,-4.089161266800003
91,GLY,0.719,0.3976769911504424,0.91959,0.7355,0.3534999999999999,0,0.0,0.03,0.48,0.4556,0.0,1.0,0.5062,1.5313703,2.97977835,4.267499600000001,5.3269005400000005,-2.0800691823500004,-4.0526308772,-0.323664220206,-0.9203786097399996,13.047408098000094,-19.63581354439999,2.0022176625999992,-4.6058926805
92,ARG,1.186,0.3537130927527587,3.48728,1.5276199999999998,0.6393800000000005,0,0.0,-1.3,-2.5,0.0,0.7346,0.9398,0.6914,2.36784866,4.61432287,6.6252943,8.3006233,-2.7544853976799986,-5.365173371100001,-0.4326572729680001,-1.23061967544,16.472321427999972,-25.399702824999935,2.484565724799992,-5.794753473279995
93,ASP,0.521,0.1943304737038418,1.99387,1.4781300000000002,0.68187,0,0.0,-0.1,-0.9,0.1111,0.3239,0.8675,1.0,2.22735318,4.33341925,6.204416890000001,7.741047739999999,-2.4904983658528663,-4.838398114820063,-0.4114074944412647,-1.1681091402860282,17.316745847000004,-25.44649924896025,2.7888339746999966,-6.16379763627212
94,ARG,1.488,0.4437816880405607,3.39589,1.3880300000000003,0.4769699999999999,0,0.0,-1.3,-2.5,0.0,0.7346,0.9398,0.6914,2.3672999600000004,4.6099928100000005,6.61092864,8.267361979999999,-2.1515404407000007,-4.186619488839999,-0.3449450445699999,-0.98050780887,14.106398215999992,-18.98030250020002,2.20201621440001,-4.411344322199997
95,ASN,0.58,0.2372188139059304,1.99631,1.19813,0.6668699999999999,1,0.0454545454545455,-0.1,-0.78,0.1111,0.3976,0.6747,0.8272,2.36663601,4.60478945,6.59379468,8.22808469,-2.2646331465300005,-4.418648262230002,-0.3472741646000001,-0.9899543928759998,14.629844138999994,-18.748873338099983,2.179138051000012,-4.148749091156004
96,TYR,1.64,0.4812206572769953,3.86255,1.14176,0.6262400000000001,2,0.222222222222222,-0.27,0.26,0.3556,0.8063,0.502,0.1605,1.25201099,2.43080677,3.4681821899999994,4.30556247,-1.5090549028,-2.9233192480000003,-0.2589896053,-0.7329978387100002,13.313330938999949,-14.893879729599991,2.12193932360001,-3.884826628099997
97,GLU,1.133,0.4153225806451612,2.73131,1.21636,0.3786400000000003,2,0.285714285714286,-0.1,-0.74,0.1111,0.4884,0.8112,0.9136,0.97315961,1.88579134,2.68180495,3.31362132,-1.1304882625,-2.1850914624,-0.2009484122199999,-0.5678150744500002,10.906386865999997,-11.788669251999991,1.829234644200006,-3.183342270159991
98,ASP,0.692,0.258112644535621,2.26363,1.2350500000000002,0.7539499999999999,1,0.0714285714285714,-0.1,-0.9,0.1111,0.3239,0.8675,1.0,1.81013128,3.52412455,5.051809990000001,6.31452332,-1.5780169929,-3.0860687828999995,-0.2306316726899999,-0.6587359928300005,14.319592479999995,-12.18499960249998,2.0849670288000057,-2.5950537636999944
99,ARG,1.543,0.4601849090366835,3.28438,1.4247299999999998,0.3852700000000004,1,0.0909090909090909,-1.3,-2.5,0.0,0.7346,0.9398,0.6914,1.39082082,2.6984962300000004,3.84553141,4.76530365,-1.84361069645,-3.590400156260001,-0.2906167878699998,-0.82652641971,11.434937178000014,-15.275154937049994,1.7713370893000022,-3.405428853300001
100,GLY,0.488,0.2699115044247787,0.90652,0.8382700000000001,0.48173,0,0.0,0.03,0.48,0.4556,0.0,1.0,0.5062,1.9499337100000005,3.79956067,5.454555350000001,6.832136889999999,-2.72289165994,-5.315838978719999,-0.4115373465469999,-1.1734068501940005,15.018629720000032,-22.199126531079973,2.267470657699996,-4.983136051385989
101,TYR,0.817,0.2397300469483568,3.3514,1.85734,0.73366,0,0.0,-0.27,0.26,0.3556,0.8063,0.502,0.1605,2.22790896,4.33779565,6.21889905,7.774464239999999,-2.9197530678700003,-5.6975752900000005,-0.443656388195,-1.2641000426200002,12.76881466800001,-20.6338318235,1.996494012199998,-4.854696256499987
102,ASN,0.503,0.2057259713701431,1.9389,1.56565,0.3763499999999997,0,0.0,-0.1,-0.78,0.1111,0.3976,0.6747,0.8272,1.80885594,3.5142031500000006,5.01938603,6.2409412,-2.7514423098300007,-5.3633691233,-0.4254667917769998,-1.210804598454,14.53462646000004,-18.74702104900001,2.2917848381000008,-4.496754170362006
103,GLY,0.88,0.4867256637168141,0.94701,0.67434,0.25366,0,0.0,0.03,0.48,0.4556,0.0,1.0,0.5062,1.25254488,2.43496311,3.4817724100000005,4.33642375,-2.0325417337,-3.9595565922999993,-0.3180730673799999,-0.9047163868300002,14.576815400000022,-17.6675120089,2.2703229434000027,-4.236057501390003
104,GLY,0.687,0.3799778761061947,0.94783,0.75635,0.36465,0,0.0,0.03,0.48,0.4556,0.0,1.0,0.5062,1.5315830299999995,2.9814481500000003,4.273008760000001,5.339562959999999,-2.44102168514,-4.7688964636,-0.36321722721,-1.0361264017699998,14.506394112000056,-18.6370733987,2.193334113400005,-4.295592853919994
105,GLY,0.718,0.3971238938053097,0.91074,0.82067,0.26933,0,0.0,0.03,0.48,0.4556,0.0,1.0,0.5062,1.6706867,3.25142695,4.6578466,5.81631628,-2.3057866428300007,-4.4975788486,-0.35391160779,-1.0081453097100002,17.608407428000042,-18.103730918,2.7004987237000035,-4.255889703360007
106,GLY,0.968,0.5353982300884955,0.99184,0.6752900000000001,0.16471,0,0.0,0.03,0.48,0.4556,0.0,1.0,0.5062,1.67139709,3.25701072,4.67629302,5.85878802,-2.3136762923600003,-4.5140417101,-0.3514500357999999,-1.00082271734,15.757451566000052,-20.645764036499976,2.428417924600001,-5.059989939539995
107,GLY,0.855,0.4728982300884956,0.91869,0.77657,0.1764300000000001,0,0.0,0.03,0.48,0.4556,0.0,1.0,0.5062,1.25211987,2.43164301,3.47087513,4.31154875,-1.8094680696,-3.5218519077000003,-0.28812391392,-0.8189774866999999,12.445277662,-24.77178669429996,2.028110517100004,-6.152427169999973
108,GLY,0.617,0.3412610619469026,0.8016800000000001,0.94776,0.24324,0,0.0,0.03,0.48,0.4556,0.0,1.0,0.5062,1.11078072,2.14420882,3.02877039,3.70415966,-1.3790146235,-2.6752445137,-0.233701869724,-0.6629107777600001,11.220618099000015,-19.080496942000053,1.9006095628000064,-4.753741190509999
109,GLY,0.926,0.5121681415929203,1.0339,0.62843,0.2535699999999999,0,0.0,0.03,0.48,0.4556,0.0,1.0,0.5062,0.97295407,1.88415872,2.67635376,3.3008948,-1.2124823492999994,-2.3529992180000003,-0.20294829726,-0.5754428904000001,9.654007844000006,-20.033236940000005,1.601414117600004,-4.986577981800005
110,ASN,1.507,0.616359918200409,2.43006,1.00569,-0.06769,0,0.0,-0.1,-0.78,0.1111,0.3976,0.6747,0.8272,1.3919031300000002,2.70694926,3.87326638,4.82857652,-1.3192045032,-2.5736172161000006,-0.201759819685,-0.57480885252,10.370490803999962,-17.308930104799973,1.636963510699994,-4.160062807979992
111,ARG,1.393,0.4154488517745302,3.41954,1.6782800000000002,0.2817199999999999,0,0.0,-1.3,-2.5,0.0,0.7346,0.9398,0.6914,1.6687734399999998,3.23654013,4.60919617,5.70592174,-1.3217445011599998,-2.57012795873,-0.21449304961,-0.60933544382,9.611533468999992,-11.508246162780004,1.6217050859000035,-2.9076151177399985
112,GLY,0.356,0.1969026548672566,0.9129,0.96197,0.4900299999999999,0,0.0,0.03,0.48,0.4556,0.0,1.0,0.5062,1.94737185,3.7795576,5.38894001,6.682489760000001,-1.5846403620000007,-3.0838920647,-0.25375111793,-0.7214445861,12.030410484999988,-19.829747501599996,1.8167270691000053,-4.363056790099999
113,TYR,1.394,0.409037558685446,3.82906,1.39192,0.6220800000000002,3,0.157894736842105,-0.27,0.26,0.3556,0.8063,0.502,0.1605,2.08796987,4.061285,5.81259844,7.24864664,-1.6212014912,-3.158065704,-0.25538192883,-0.7267425795999998,10.147876034999978,-15.617384630999991,1.4863380053000008,-3.2633577831999907
114,ASN,1.123,0.4593047034764826,2.17484,1.13497,0.1870299999999998,3,0.1875,-0.1,-0.78,0.1111,0.3976,0.6747,0.8272,1.39048224,2.69584131,3.83678217,4.74522428,-1.0956702047,-2.1194598893,-0.1937469202,-0.5481193123599999,7.451865457000004,-8.460681559900001,1.2752943085000017,-2.3008158752000027
115,ASN,0.659,0.2695296523517382,1.98416,1.2625099999999998,0.52349,3,0.176470588235294,-0.1,-0.78,0.1111,0.3976,0.6747,0.8272,1.52869121,2.9589583800000003,4.19953893,5.17292004,-1.112853052,-2.161472016,-0.18438300546,-0.5233376968000001,5.376495824000006,-10.03866608,0.8953006154000003,-2.4903083205999974
116,ASN,0.651,0.2662576687116564,2.02714,1.40158,0.3924199999999997,1,0.0476190476190476,-0.1,-0.78,0.1111,0.3976,0.6747,0.8272,1.24950231,2.41121831,3.4039221500000005,4.15898961,-0.66615884395,-1.28990198666,-0.11617425576,-0.3289722734950001,5.761353661999988,-10.673371693219998,1.0245950703000002,-2.779806298515002
117,ARG,2.064,0.6155681479272294,4.01684,0.80868,0.4803200000000002,1,0.0909090909090909,-1.3,-2.5,0.0,0.7346,0.9398,0.6914,1.11201626,2.15381323,3.06012929,3.77523149,-0.6603526509,-1.2881017797,-0.10125920107,-0.28845893983,4.831671505999994,-9.74286670469999,0.7663524681999998,-2.2436389668299994
118,GLY,0.889,0.4917035398230088,0.9619,0.70596,0.21304,0,0.0,0.03,0.48,0.4556,0.0,1.0,0.5062,0.8337420500000001,1.6133015999999998,2.28851758,2.81694024,-0.6777404603000001,-1.3206095599999996,-0.10557259004,-0.3003471271,6.827253305000005,-13.144497577000012,1.1432002026000017,-3.1130279317000027
119,GLY,0.849,0.4695796460176991,0.87366,0.78817,0.17083,0,0.0,0.03,0.48,0.4556,0.0,1.0,0.5062,0.8332309999999999,1.60931253,2.27543741,2.78712541,-0.685785985,-1.3345321645,-0.1099417866,-0.3125736418,6.822094768000007,-13.568233483999984,1.1883805214999976,-3.276441824899998
120,GLY,0.704,0.3893805309734512,0.9376,0.7505899999999999,0.3534100000000002,0,0.0,0.03,0.48,0.4556,0.0,1.0,0.5062,1.11159381,2.1505393,3.04947495,3.75119261,-0.5515166399,-1.07266425,-0.08917863086,-0.2534012438,4.825808073000002,-9.305191460999987,0.8103679791000018,-2.2926862337000014
121,GLY,0.548,0.3030973451327434,0.81517,0.8154500000000001,0.4445499999999999,0,0.0,0.03,0.48,0.4556,0.0,1.0,0.5062,1.39009136,2.69281066,3.8269165800000007,4.72295735,-0.6378605982999999,-1.2424218180000002,-0.09939044536,-0.2824883922,5.069527080000005,-8.979682356999998,0.7772030626000005,-2.097870127299997
122,GLY,0.521,0.2881637168141593,0.92305,0.88917,0.3978299999999999,0,0.0,0.03,0.48,0.4556,0.0,1.0,0.5062,1.52878109,2.9595942499999994,4.201401100000001,5.176488910000001,-0.9700645438,-1.8864657426,-0.15840223971,-0.4503495124599999,5.379132400000011,-9.650040291999982,0.8795506245000031,-2.23968164374
123,GLY,0.08,0.0442477876106194,0.57045,0.98017,0.74783,3,0.142857142857143,0.03,0.48,0.4556,0.0,1.0,0.5062,1.66846799,3.2342062,4.601715390000001,5.689393180000001,-1.5217883541,-2.954104145,-0.25373757772,-0.7196991194400002,7.258873797999998,-12.218230306999994,1.2144299599,-3.044977518620003
124,TYR,0.698,0.2048122065727699,3.40977,1.81021,0.8997900000000001,2,0.0952380952380952,-0.27,0.26,0.3556,0.8063,0.502,0.1605,1.94860637,3.78924611,5.42089246,6.755888329999999,-2.2004791622740005,-4.2782644097899984,-0.3566471975709999,-1.012727326687,9.863652166000032,-17.254735451249946,1.5235090526000066,-3.978295187900001
125,ASN,0.696,0.2846625766871166,2.30442,1.24232,0.50668,1,0.0526315789473684,-0.1,-0.78,0.1111,0.3976,0.6747,0.8272,1.66836501,3.23328995,4.598325660000001,5.680490679999999,-1.7144439606399997,-3.320499027400001,-0.298671276725,-0.8461704703300004,8.03288471500001,-14.096109276999996,1.4436892669999992,-3.8325712696199936
126,ARG,0.97,0.289293170295258,3.19205,1.89676,0.4862400000000002,0,0.0,-1.3,-2.5,0.0,0.7346,0.9398,0.6914,1.6696566299999998,3.24341879,4.63170022,5.75706229,-1.3051104888,-2.5245200335000004,-0.23022727835,-0.6511518837399999,9.150327067,-10.361497138999994,1.4749216702000072,-2.6559542586999965
127,GLN,0.941,0.3273043478260869,2.6282,1.3512499999999998,0.5827500000000003,2,0.117647058823529,-0.1,-0.85,0.1111,0.5388,0.7952,0.6914,1.6689257599999998,3.2377220500000004,4.61304764,5.714626870000001,-1.4786243653500002,-2.8826615512,-0.22892361126,-0.6517615488299998,6.444535503000002,-11.518952525999996,0.9980403576999982,-2.674892429999999
128,ASP,0.972,0.3625512868332711,2.31575,1.06303,0.6459700000000002,1,0.125,-0.1,-0.9,0.1111,0.3239,0.8675,1.0,1.53172683,2.98256697,4.27666507,5.347859229999999,-1.18328200348,-2.316360758700001,-0.168697360332,-0.482085807,6.646007493999997,-11.461314538600018,0.9854651330999984,-2.4485849525000027
129,ARG,1.719,0.5126752162242768,3.51778,1.40033,0.2336700000000002,1,0.0909090909090909,-1.3,-2.5,0.0,0.7346,0.9398,0.6914,1.25195238,2.43033469,3.46658178,4.30175304,-1.01395859693,-1.9747377363,-0.159022591704,-0.4520882144300001,3.8451976020000007,-9.087671307199994,0.6397744606000002,-2.256789175700001
130,GLY,0.99,0.5475663716814159,1.0368000000000002,0.63608,0.18192,2,0.25,0.03,0.48,0.4556,0.0,1.0,0.5062,0.83364928,1.61256272,2.28604214,2.8111357800000003,-0.6173924959599998,-1.2004023366,-0.1008480901199999,-0.2865850835,6.153910663999987,-6.974552289499989,1.086394123699998,-1.729858193100004
131,ASP,0.776,0.2894442372249161,2.1829300000000003,1.28177,0.62323,3,0.25,-0.1,-0.9,0.1111,0.3239,0.8675,1.0,1.11157064,2.15035261,3.04884404,3.74969755,-0.9390616373,-1.8280346385,-0.1502748783999999,-0.42754619685,4.083358731999999,-7.123512221900002,0.6666359694999988,-1.6811139852199992
132,GLY,0.43,0.2378318584070796,0.9005299999999999,0.9386,0.4394,3,0.1875,0.03,0.48,0.4556,0.0,1.0,0.5062,1.25108963,2.4235989300000003,3.4444856200000005,4.251353229999999,-0.958330576,-1.853295204,-0.1699662140299999,-0.4807119764999999,3.843745731999997,-5.661885232000003,0.6601212248999992,-1.518798159499998
133,GLY,0.513,0.2837389380530973,0.8381799999999999,0.8933300000000001,0.4016699999999998,1,0.0909090909090909,0.03,0.48,0.4556,0.0,1.0,0.5062,1.67137783,3.25686636,4.67584243,5.85783176,-0.6183165932000001,-1.2085069795,-0.090797823174,-0.25901761315,5.071161471000006,-4.967398071999996,0.7650512231999985,-1.233887041649998
134,SER,0.989,0.4545036764705882,1.45553,0.8454,0.3416000000000002,0,0.0,-0.1,-0.18,0.4111,0.1877,0.8514,0.5309,1.39209405,2.70844331,3.87817979,4.83982209,-0.6706910688600002,-1.3100484627000002,-0.10019333057,-0.28576993122,4.920538502000007,-4.674933354099999,0.6852565822999996,-0.9542561671099998
135,SER,0.617,0.283547794117647,1.52495,1.10236,0.4566400000000001,0,0.0,-0.1,-0.18,0.4111,0.1877,0.8514,0.5309,1.11318154,2.16294582,3.09020494,3.84418809,-0.5621342961000002,-1.0956509527,-0.08710784963,-0.24787893652,4.987979544999999,-4.041217486999996,0.7906865463999988,-0.8907312726999997
136,ASN,1.659,0.6785276073619633,2.7166,0.63036,0.1556399999999997,0,0.0,-0.1,-0.78,0.1111,0.3976,0.6747,0.8272,0.97348108,1.88826878,2.6898173,3.33154249,-0.9617037393,-1.865555627,-0.16174538304,-0.45835653846,3.770540455000001,-7.208958519000001,0.5986491452000003,-1.774043021180001
137,PHE,1.337,0.4300418140881312,3.2496,1.44117,0.3308299999999999,0,0.0,1.1,1.2,0.8111,0.783,0.0763,0.037,1.25076097,2.42104,3.43611908,4.23235621,-0.7585890595000001,-1.4792383130000002,-0.1174330528,-0.3345485687,3.931648711999999,-8.008717565000001,0.5931890306000003,-1.7810528662000005
138,SER,0.994,0.4568014705882353,1.51927,0.87803,0.3039700000000002,1,0.125,-0.1,-0.18,0.4111,0.1877,0.8514,0.5309,0.97233114,1.87932206,2.66058083,3.26520473,-0.6511768982,-1.2637585739999997,-0.1085309162999999,-0.3076331431,3.1407620159999987,-6.083813738000002,0.5099116385999997,-1.5089498425
139,ARG,2.638,0.7867581270504026,3.97939,0.6761499999999999,0.0388500000000003,1,0.2,-1.3,-2.5,0.0,0.7346,0.9398,0.6914,0.69409774,1.3390955,1.88978754,2.30842266,-0.6786633376999999,-1.3148020885999998,-0.11680426855,-0.3307365768999999,2.704452936000004,-5.8173252926,0.475870386900001,-1.545168712300001
140,GLY,0.58,0.3207964601769911,0.82284,0.85494,0.3730600000000001,1,0.142857142857143,0.03,0.48,0.4556,0.0,1.0,0.5062,0.8331450300000001,1.60865058,2.27329746,2.78234059,-0.3618429723,-0.7010536606,-0.06290748399,-0.1783326072299999,2.470891496999998,-2.3067473956,0.4240227712000005,-0.61024260218
141,GLY,0.444,0.245575221238938,0.78962,0.89903,0.4649700000000001,1,0.1,0.03,0.48,0.4556,0.0,1.0,0.5062,1.11087835,2.14500554,3.0315031,3.71075607,-0.2450777309999999,-0.472586519,-0.0449770209,-0.12682729407,2.507959715999998,-1.916252118,0.4450489583000001,-0.5228058090499996
142,TYR,1.593,0.4674295774647887,3.79924,1.42854,0.38646,1,0.125,-0.27,0.26,0.3556,0.8063,0.502,0.1605,1.6708916800000002,3.25304953,4.66324875,5.82888393,-0.7297252162999999,-1.4298775160000003,-0.1024368347,-0.2931430321,3.3855487619999987,-7.439646999999998,0.4730549755000001,-1.5384004743999988
143,ASN,1.892,0.7738241308793457,2.66186,0.63333,-0.08033,1,0.333333333333333,-0.1,-0.78,0.1111,0.3976,0.6747,0.8272,0.83429207,1.61760716,2.30267846,2.84935206,-1.0693410141400002,-2.074146736799999,-0.17931773259,-0.50787561702,1.8468199319999987,-5.000824459999997,0.2827099837,-1.0721725200000003
144,ASN,1.267,0.518200408997955,2.36813,1.03356,0.1444399999999999,1,0.333333333333333,-0.1,-0.78,0.1111,0.3976,0.6747,0.8272,0.69439156,1.34137828,1.89723656,2.32529184,-0.8276363781,-1.607451971,-0.13732981529,-0.3898267592999999,1.5304436649999995,-1.7512171440000004,0.2539402518,-0.3948832999999999
145,ARG,2.492,0.74321503131524,3.96608,0.79392,0.0670800000000002,0,0.0,-1.3,-2.5,0.0,0.7346,0.9398,0.6914,0.97404884,1.89271655,2.70445864,3.36509278,-1.0266028631,-2.0078332988,-0.14813563608,-0.4227078975200001,1.3768854430000006,-1.816279271,0.1991533597,-0.3791408607000001
146,ASP,0.653,0.2435658336441626,2.01724,1.34523,0.6827700000000001,1,0.2,-0.1,-0.9,0.1111,0.3239,0.8675,1.0,0.9732890600000002,1.88677656,2.68494768,3.32051547,-0.6891471195000001,-1.336004276,-0.1174590948999999,-0.3327993335999998,1.5675717700000005,-3.400218405,0.2774358618999999,-0.8907821710000006
147,GLU,1.717,0.6293988269794721,2.86472,0.86114,0.1498600000000001,2,0.285714285714286,-0.1,-0.74,0.1111,0.4884,0.8112,0.9136,0.973185,1.88595274,2.6822062900000003,3.3141420099999994,-0.5105830995,-0.9883908575,-0.0892867298,-0.2527403340999999,1.5671691789999995,-3.221243652,0.2799736896000002,-0.8694364832999999
148,GLY,0.313,0.1731194690265486,0.69773,1.00256,0.4924400000000002,2,0.153846153846154,0.03,0.48,0.4556,0.0,1.0,0.5062,1.24989426,2.41437598,3.4146092399999994,4.184360809999999,-0.4665163159999999,-0.909174164,-0.0723687814,-0.205887325,1.2574269960000004,-2.9025912220000007,0.1950784527999999,-0.6585507529999998
149,SER,1.381,0.6346507352941176,1.60587,0.81032,-0.0153199999999998,1,0.166666666666667,-0.1,-0.18,0.4111,0.1877,0.8514,0.5309,0.83308716,1.60819407,2.27178449,2.7788429,-0.6030890217,-1.1667216613,-0.10657005864,-0.3015559938000001,2.4701401319999987,-5.222993298499993,0.4276047993999999,-1.3161329551000005
150,ASP,1.326,0.494591570309586,2.3571,0.85251,0.50249,0,0.0,-0.1,-0.9,0.1111,0.3239,0.8675,1.0,0.8340093199999999,1.6154035399999995,2.29546508,2.83294761,-0.4622199285,-0.8939137683999999,-0.0816139764999999,-0.2307429078999999,1.92432031,-3.5824368370000004,0.3084775614999999,-0.8702361284000001
151,ASN,0.948,0.3877300613496932,2.12632,1.18637,0.3106299999999997,0,0.0,-0.1,-0.78,0.1111,0.3976,0.6747,0.8272,1.11132524,2.14845576,3.04268725,3.73585611,-0.4851655312999999,-0.940873628,-0.0818821792,-0.231960814,1.921082418999999,-3.603472042,0.3342131720000001,-0.9392112669
152,ARG,1.537,0.4583954667461974,3.38962,1.4902500000000003,0.32575,1,0.0714285714285714,-1.3,-2.5,0.0,0.7346,0.9398,0.6914,1.38992584,2.69158372,3.82310856,4.71492434,-0.3632816503,-0.70870505,-0.0551009459,-0.1568571002,1.2977659550000002,-2.16875279,0.19147576,-0.4833259219999999
153,GLY,0.57,0.3152654867256637,0.81259,0.75075,0.4872499999999999,0,0.0,0.03,0.48,0.4556,0.0,1.0,0.5062,1.11292358,2.16093805,3.0836429399999994,3.82929709,-0.4237501124,-0.8191025018000001,-0.0754731333799999,-0.213321252,1.885932869,-1.0784620579999995,0.2914996959000002,-0.2749047899999999
154,SER,1.092,0.5018382352941176,1.53158,0.7791000000000001,0.3048999999999999,0,0.0,-0.1,-0.18,0.4111,0.1877,0.8514,0.5309,0.83341596,1.6107514099999998,2.2801380300000003,2.79778556,-0.6432168967,-1.2456548002,-0.11196135222,-0.3170980838,1.4513081079999994,-1.5431596226,0.247240929,-0.4321102206999999
155,GLY,0.589,0.3257743362831858,0.8258,0.86496,0.3540400000000001,1,0.166666666666667,0.03,0.48,0.4556,0.0,1.0,0.5062,0.97329506,1.88680882,2.68500253,3.32048296,-0.7071671672,-1.3811595466000002,-0.105527763,-0.3008820592,1.649515549,-2.874808678,0.2629990675999998,-0.6569814591000003
156,ARG,1.938,0.5779898598270206,3.85747,1.08925,0.3257500000000002,1,0.25,-1.3,-2.5,0.0,0.7346,0.9398,0.6914,0.83389692,1.61452955,2.29261083,2.8264775,-0.715161096,-1.392627318,-0.1123794955999999,-0.3194414559999999,1.218253692,-3.3691698220000004,0.1875158066,-0.766871945
157,SER,1.166,0.535845588235294,1.58958,0.80478,0.2052200000000001,1,0.333333333333333,-0.1,-0.18,0.4111,0.1877,0.8514,0.5309,0.5549702400000001,1.06889004,1.50406024,1.82919062,-0.6221105980000001,-1.204024605,-0.1090829634999999,-0.3086998219999999,1.0176258420000002,-3.153952458000001,0.1905993145000001,-0.8630876780000001
158,TYR,1.756,0.5152582159624414,4.07508,1.10136,0.55064,2,0.4,-0.27,0.26,0.3556,0.8063,0.502,0.1605,0.69391309,1.33763153,1.8849081,2.29705774,-0.5969897129999999,-1.157508409,-0.1021534583999999,-0.289634661,0.6654759780000002,-1.5504007109999998,0.1245907408,-0.4271940640000001
159,ASN,1.55,0.6339468302658487,2.45802,0.85805,0.0369499999999998,1,0.333333333333333,-0.1,-0.78,0.1111,0.3976,0.6747,0.8272,0.8344065700000001,1.6185080199999995,2.30565739,2.85622019,-0.3754231557,-0.730331365,-0.05923704671,-0.1680181547,0.8637526440000002,-1.1796992052000004,0.1387732658,-0.3104238755
160,ASN,0.957,0.3914110429447853,2.07704,1.2775,0.2105000000000001,1,0.2,-0.1,-0.78,0.1111,0.3976,0.6747,0.8272,0.6941489000000001,1.3394737099999998,1.8909536,2.31085312,-0.731462177,-1.421507443,-0.1203114764,-0.341713815,0.626496488,-1.47167152,0.1154333883,-0.4002295079999999
161,ASP,1.368,0.5102573666542335,2.26465,0.93,0.3829999999999999,0,0.0,-0.1,-0.9,0.1111,0.3239,0.8675,1.0,0.5549702400000001,1.06889004,1.50406024,1.82919062,-0.724463388,-1.4007282120000002,-0.128809776,-0.364201551,0.509563496,-1.5731211859999998,0.0898658373,-0.4060296169999999
162,ARG,2.029,0.6051297345660602,3.64362,1.18787,0.1361300000000003,0,0.0,-1.3,-2.5,0.0,0.7346,0.9398,0.6914,0.97335697,1.88730565,2.68667951,3.3244533400000003,-0.6762477305000001,-1.31574953,-0.1081538683999999,-0.3072850235,0.5116938740000001,-1.4479892049999998,0.0714706439999999,-0.2998886859999999
163,ARG,2.003,0.5973754846406203,3.66303,1.16118,0.1888200000000002,1,0.111111111111111,-1.3,-2.5,0.0,0.7346,0.9398,0.6914,1.25241655,2.43396143,3.47848576,4.32892509,-0.151768295,-0.2957187229999999,-0.0238070441,-0.0677618425,0.4708870380000001,-0.8582430639999998,0.0785573481,-0.197083602
164,ASP,0.99,0.3692651995524058,2.21506,1.22619,0.4648100000000001,4,0.307692307692308,-0.1,-0.9,0.1111,0.3239,0.8675,1.0,0.9707709,1.86717045,2.62082099,3.17482686,-0.257468441,-0.49606323,-0.0482651377,-0.13614351,0.351912136,-0.848415202,0.068747335,-0.2456694969999999
165,ASN,1.352,0.5529652351738242,2.46475,0.81749,0.2755099999999997,3,0.5,-0.1,-0.78,0.1111,0.3976,0.6747,0.8272,0.97274925,1.88254978,2.67103973,3.2886626500000005,-0.2696576169999999,-0.52595845,-0.0414773163,-0.118173396,0.353615762,-0.93814728,0.055486228,-0.223042363
166,GLY,0.851,0.4706858407079646,0.99854,0.73387,0.22313,2,0.4,0.03,0.48,0.4556,0.0,1.0,0.5062,0.8336343100000001,1.61246386,2.28578176,2.81073874,-0.310375352,-0.60497165,-0.0478858144,-0.1362202953,0.6284451490000001,-1.5912834200000003,0.0992622472,-0.3657275828999999
167,GLY,0.652,0.3606194690265487,0.8719499999999999,0.7942300000000001,0.36177,3,0.428571428571429,0.03,0.48,0.4556,0.0,1.0,0.5062,0.83314655,1.60865996,2.27331979,2.78236684,-0.269170364,-0.525884076,-0.0400060503,-0.114135046,0.6288377100000002,-1.3869708380000003,0.0969870718999999,-0.306410579
168,ASP,1.332,0.4968295412159642,2.39508,0.86583,0.48317,3,0.428571428571429,-0.1,-0.9,0.1111,0.3239,0.8675,1.0,0.83349337,1.61136541,2.2821849600000004,2.80255534,-0.196273366,-0.380908228,-0.0324873579,-0.0920217617,0.6283569720000001,-1.0348818280000005,0.0999291239,-0.2557079971
169,GLY,0.99,0.5475663716814159,1.2827000000000002,0.72696,0.09104,2,0.222222222222222,0.03,0.48,0.4556,0.0,1.0,0.5062,0.97313616,1.88553222,2.68069147,3.31027421,-0.219491898,-0.428429809,-0.0336201633,-0.0959265907,0.353716189,-0.694828734,0.0551843765,-0.1569289268
