1,2,1.00
2,1,1.00
1,3,0.80
3,1,0.80
1,4,0.59
4,1,0.59
1,8,0.69
8,1,0.69
1,9,0.81
9,1,0.81
1,10,0.88
10,1,0.88
1,11,0.91
11,1,0.91
1,12,0.70
12,1,0.70
1,14,0.59
14,1,0.59
1,15,0.61
15,1,0.61
1,16,0.57
16,1,0.57
1,17,0.57
17,1,0.57
1,18,0.64
18,1,0.64
1,47,0.59
47,1,0.59
2,3,1.00
3,2,1.00
2,4,0.76
4,2,0.76
2,5,0.69
5,2,0.69
2,6,0.62
6,2,0.62
2,7,0.59
7,2,0.59
2,8,0.75
8,2,0.75
2,9,0.98
9,2,0.98
2,10,0.81
10,2,0.81
2,11,0.78
11,2,0.78
2,12,0.58
12,2,0.58
2,15,0.63
15,2,0.63
2,16,0.66
16,2,0.66
2,17,0.71
17,2,0.71
2,18,0.79
18,2,0.79
2,19,0.59
19,2,0.59
3,4,1.00
4,3,1.00
3,5,0.81
5,3,0.81
3,6,0.69
6,3,0.69
3,7,0.69
7,3,0.69
3,8,0.98
8,3,0.98
3,9,1.00
9,3,1.00
3,10,0.74
10,3,0.74
3,11,0.61
11,3,0.61
3,16,0.63
16,3,0.63
3,17,0.62
17,3,0.62
3,18,0.62
18,3,0.62
4,5,1.00
5,4,1.00
4,6,0.72
6,4,0.72
4,7,0.65
7,4,0.65
4,8,0.81
8,4,0.81
4,9,0.80
9,4,0.80
4,10,0.58
10,4,0.58
4,16,0.61
16,4,0.61
4,17,0.62
17,4,0.62
4,18,0.58
18,4,0.58
5,6,1.00
6,5,1.00
5,7,0.75
7,5,0.75
5,8,0.81
8,5,0.81
5,9,0.86
9,5,0.86
5,10,0.62
10,5,0.62
5,15,0.60
15,5,0.60
5,16,0.80
16,5,0.80
5,17,0.76
17,5,0.76
5,18,0.62
18,5,0.62
6,7,1.00
7,6,1.00
6,8,0.85
8,6,0.85
6,9,0.88
9,6,0.88
6,10,0.70
10,6,0.70
6,15,0.72
15,6,0.72
6,16,0.99
16,6,0.99
6,17,0.73
17,6,0.73
6,18,0.58
18,6,0.58
6,48,0.62
48,6,0.62
6,49,0.59
49,6,0.59
7,8,1.00
8,7,1.00
7,9,0.82
9,7,0.82
7,10,0.73
10,7,0.73
7,15,0.66
15,7,0.66
7,16,0.75
16,7,0.75
7,17,0.57
17,7,0.57
7,47,0.64
47,7,0.64
7,48,0.74
48,7,0.74
7,49,0.63
49,7,0.63
8,9,1.00
9,8,1.00
8,10,0.81
10,8,0.81
8,11,0.60
11,8,0.60
8,15,0.62
15,8,0.62
8,16,0.69
16,8,0.69
8,17,0.59
17,8,0.59
8,47,0.62
47,8,0.62
8,48,0.64
48,8,0.64
9,10,1.00
10,9,1.00
9,11,0.76
11,9,0.76
9,12,0.59
12,9,0.59
9,14,0.62
14,9,0.62
9,15,0.79
15,9,0.79
9,16,0.89
16,9,0.89
9,17,0.79
17,9,0.79
9,18,0.72
18,9,0.72
9,47,0.60
47,9,0.60
9,48,0.63
48,9,0.63
10,11,1.00
11,10,1.00
10,12,0.80
12,10,0.80
10,13,0.67
13,10,0.67
10,14,0.76
14,10,0.76
10,15,0.92
15,10,0.92
10,16,0.79
16,10,0.79
10,17,0.67
17,10,0.67
10,18,0.66
18,10,0.66
10,46,0.58
46,10,0.58
10,47,0.76
47,10,0.76
10,48,0.77
48,10,0.77
10,49,0.66
49,10,0.66
11,12,1.00
12,11,1.00
11,13,0.80
13,11,0.80
11,14,0.88
14,11,0.88
11,15,0.82
15,11,0.82
11,16,0.66
16,11,0.66
11,17,0.64
17,11,0.64
11,18,0.72
18,11,0.72
11,19,0.64
19,11,0.64
11,47,0.63
47,11,0.63
11,48,0.61
48,11,0.61
12,13,1.00
13,12,1.00
12,14,0.82
14,12,0.82
12,15,0.70
15,12,0.70
12,45,0.64
45,12,0.64
12,46,0.64
46,12,0.64
12,47,0.70
47,12,0.70
12,48,0.64
48,12,0.64
12,49,0.60
49,12,0.60
12,50,0.58
50,12,0.58
13,14,1.00
14,13,1.00
13,15,0.74
15,13,0.74
13,47,0.60
47,13,0.60
13,48,0.61
48,13,0.61
13,49,0.65
49,13,0.65
13,50,0.68
50,13,0.68
13,51,0.60
51,13,0.60
14,15,1.00
15,14,1.00
14,16,0.71
16,14,0.71
14,17,0.67
17,14,0.67
14,18,0.68
18,14,0.68
14,19,0.70
19,14,0.70
14,48,0.62
48,14,0.62
14,49,0.68
49,14,0.68
14,50,0.63
50,14,0.63
14,51,0.59
51,14,0.59
15,16,1.00
16,15,1.00
15,17,0.80
17,15,0.80
15,18,0.69
18,15,0.69
15,19,0.63
19,15,0.63
15,47,0.62
47,15,0.62
15,48,0.74
48,15,0.74
15,49,0.80
49,15,0.80
15,50,0.64
50,15,0.64
16,17,1.00
17,16,1.00
16,18,0.73
18,16,0.73
16,19,0.61
19,16,0.61
16,48,0.63
48,16,0.63
16,49,0.65
49,16,0.65
17,18,1.00
18,17,1.00
17,19,0.79
19,17,0.79
17,20,0.58
20,17,0.58
18,19,1.00
19,18,1.00
18,20,0.75
20,18,0.75
18,21,0.59
21,18,0.59
19,20,1.00
20,19,1.00
19,21,0.76
21,19,0.76
19,22,0.62
22,19,0.62
20,21,1.00
21,20,1.00
20,22,0.87
22,20,0.87
20,23,0.63
23,20,0.63
21,22,1.00
22,21,1.00
21,23,0.79
23,21,0.79
21,24,0.73
24,21,0.73
21,25,0.64
25,21,0.64
21,26,0.73
26,21,0.73
21,27,0.57
27,21,0.57
22,23,1.00
23,22,1.00
22,24,0.75
24,22,0.75
22,25,0.59
25,22,0.59
22,26,0.63
26,22,0.63
23,24,1.00
24,23,1.00
23,25,0.70
25,23,0.70
23,26,0.67
26,23,0.67
24,25,1.00
25,24,1.00
24,26,0.81
26,24,0.81
24,27,0.59
27,24,0.59
25,26,1.00
26,25,1.00
25,27,0.73
27,25,0.73
26,27,1.00
27,26,1.00
26,28,0.72
28,26,0.72
27,28,1.00
28,27,1.00
27,29,0.76
29,27,0.76
27,30,0.60
30,27,0.60
28,29,1.00
29,28,1.00
28,30,0.70
30,28,0.70
28,31,0.61
31,28,0.61
29,30,1.00
30,29,1.00
29,31,0.83
31,29,0.83
29,32,0.63
32,29,0.63
29,37,0.60
37,29,0.60
30,31,1.00
31,30,1.00
30,32,0.71
32,30,0.71
30,37,0.57
37,30,0.57
30,41,0.68
41,30,0.68
30,42,0.62
42,30,0.62
30,43,0.65
43,30,0.65
31,32,1.00
32,31,1.00
31,33,0.73
33,31,0.73
31,34,0.59
34,31,0.59
31,36,0.58
36,31,0.58
31,37,0.72
37,31,0.72
31,38,0.63
38,31,0.63
31,39,0.59
39,31,0.59
31,40,0.66
40,31,0.66
31,41,0.78
41,31,0.78
31,42,0.62
42,31,0.62
31,43,0.64
43,31,0.64
32,33,1.00
33,32,1.00
32,34,0.72
34,32,0.72
32,35,0.63
35,32,0.63
32,36,0.67
36,32,0.67
32,37,0.90
37,32,0.90
32,38,0.88
38,32,0.88
32,39,0.81
39,32,0.81
32,40,0.85
40,32,0.85
32,41,0.84
41,32,0.84
32,42,0.60
42,32,0.60
32,43,0.57
43,32,0.57
33,34,1.00
34,33,1.00
33,35,0.74
35,33,0.74
33,36,0.68
36,33,0.68
33,37,0.78
37,33,0.78
33,38,0.93
38,33,0.93
33,39,0.87
39,33,0.87
33,40,0.83
40,33,0.83
33,41,0.70
41,33,0.70
34,35,1.00
35,34,1.00
34,36,0.76
36,34,0.76
34,37,0.72
37,34,0.72
34,38,0.79
38,34,0.79
34,39,0.66
39,34,0.66
34,40,0.60
40,34,0.60
35,36,1.00
36,35,1.00
35,37,0.76
37,35,0.76
35,38,0.73
38,35,0.73
36,37,1.00
37,36,1.00
36,38,0.79
38,36,0.79
36,39,0.58
39,36,0.58
37,38,1.00
38,37,1.00
37,39,0.72
39,37,0.72
37,40,0.62
40,37,0.62
38,39,1.00
39,38,1.00
38,40,0.75
40,38,0.75
38,41,0.61
41,38,0.61
39,40,1.00
40,39,1.00
39,41,0.70
41,39,0.70
40,41,1.00
41,40,1.00
40,42,0.71
42,40,0.71
40,43,0.59
43,40,0.59
41,42,1.00
42,41,1.00
41,43,0.81
43,41,0.81
41,44,0.61
44,41,0.61
42,43,1.00
43,42,1.00
42,44,0.80
44,42,0.80
42,45,0.69
45,42,0.69
43,44,1.00
44,43,1.00
43,45,0.79
45,43,0.79
43,46,0.60
46,43,0.60
44,45,1.00
45,44,1.00
44,46,0.78
46,44,0.78
44,47,0.64
47,44,0.64
45,46,1.00
46,45,1.00
45,47,0.74
47,45,0.74
46,47,1.00
47,46,1.00
46,48,0.72
48,46,0.72
46,49,0.57
49,46,0.57
47,48,1.00
48,47,1.00
47,49,0.72
49,47,0.72
47,50,0.63
50,47,0.63
48,49,1.00
49,48,1.00
48,50,0.76
50,48,0.76
48,51,0.57
51,48,0.57
49,50,1.00
50,49,1.00
49,51,0.76
51,49,0.76
50,51,1.00
51,50,1.00
50,52,0.71
52,50,0.71
50,53,0.67
53,50,0.67
51,52,1.00
52,51,1.00
51,53,0.80
53,51,0.80
51,54,0.67
54,51,0.67
51,55,0.57
55,51,0.57
52,53,1.00
53,52,1.00
52,54,0.78
54,52,0.78
52,55,0.60
55,52,0.60
52,64,0.61
64,52,0.61
53,54,1.00
54,53,1.00
53,55,0.76
55,53,0.76
53,56,0.59
56,53,0.59
53,57,0.57
57,53,0.57
53,64,0.65
64,53,0.65
54,55,1.00
55,54,1.00
54,56,0.76
56,54,0.76
54,57,0.72
57,54,0.72
54,63,0.61
63,54,0.61
54,64,0.80
64,54,0.80
54,65,0.66
65,54,0.66
54,66,0.66
66,54,0.66
55,56,1.00
56,55,1.00
55,57,0.76
57,55,0.76
55,64,0.63
64,55,0.63
55,66,0.60
66,55,0.60
56,57,1.00
57,56,1.00
56,64,0.60
64,56,0.60
57,64,0.69
64,57,0.69
58,59,1.00
59,58,1.00
58,60,0.79
60,58,0.79
58,61,0.59
61,58,0.59
59,60,1.00
60,59,1.00
59,61,0.78
61,59,0.78
60,61,1.00
61,60,1.00
63,64,1.00
64,63,1.00
63,65,0.81
65,63,0.81
63,66,0.59
66,63,0.59
64,65,1.00
65,64,1.00
64,66,0.76
66,64,0.76
64,67,0.58
67,64,0.58
65,66,1.00
66,65,1.00
65,67,0.77
67,65,0.77
66,67,1.00
67,66,1.00
68,69,1.00
69,68,1.00
68,70,0.75
70,68,0.75
68,71,0.61
71,68,0.61
69,70,1.00
70,69,1.00
69,71,0.75
71,69,0.75
70,71,1.00
71,70,1.00
70,72,0.72
72,70,0.72
70,73,0.59
73,70,0.59
71,72,1.00
72,71,1.00
71,73,0.75
73,71,0.75
72,73,1.00
73,72,1.00
