1,2,1.00
2,1,1.00
1,3,0.84
3,1,0.84
1,4,0.60
4,1,0.60
2,3,1.00
3,2,1.00
2,4,0.76
4,2,0.76
2,5,0.63
5,2,0.63
3,4,1.00
4,3,1.00
3,5,0.78
5,3,0.78
3,6,0.61
6,3,0.61
3,7,0.58
7,3,0.58
3,8,0.66
8,3,0.66
3,9,0.69
9,3,0.69
3,10,0.64
10,3,0.64
4,5,1.00
5,4,1.00
4,6,0.69
6,4,0.69
4,7,0.60
7,4,0.60
4,8,0.66
8,4,0.66
4,9,0.74
9,4,0.74
4,10,0.64
10,4,0.64
5,6,1.00
6,5,1.00
5,7,0.76
7,5,0.76
5,8,0.73
8,5,0.73
5,9,0.70
9,5,0.70
6,7,1.00
7,6,1.00
6,8,0.79
8,6,0.79
6,9,0.66
9,6,0.66
7,8,1.00
8,7,1.00
7,9,0.71
9,7,0.71
8,9,1.00
9,8,1.00
8,10,0.72
10,8,0.72
8,11,0.58
11,8,0.58
8,12,0.58
12,8,0.58
9,10,1.00
10,9,1.00
9,11,0.76
11,9,0.76
9,12,0.75
12,9,0.75
9,29,0.58
29,9,0.58
10,11,1.00
11,10,1.00
10,12,0.78
12,10,0.78
10,13,0.59
13,10,0.59
10,27,0.59
27,10,0.59
10,28,0.61
28,10,0.61
10,29,0.71
29,10,0.71
10,30,0.57
30,10,0.57
11,12,1.00
12,11,1.00
11,13,0.74
13,11,0.74
11,14,0.61
14,11,0.61
11,26,0.59
26,11,0.59
11,27,0.81
27,11,0.81
11,28,0.87
28,11,0.87
11,29,0.98
29,11,0.98
11,30,0.70
30,11,0.70
11,31,0.64
31,11,0.64
11,32,0.59
32,11,0.59
12,13,1.00
13,12,1.00
12,14,0.75
14,12,0.75
12,15,0.57
15,12,0.57
12,26,0.63
26,12,0.63
12,27,0.86
27,12,0.86
12,28,0.85
28,12,0.85
12,29,0.76
29,12,0.76
12,30,0.63
30,12,0.63
12,31,0.67
31,12,0.67
12,32,0.66
32,12,0.66
12,33,0.63
33,12,0.63
12,34,0.58
34,12,0.58
12,35,0.63
35,12,0.63
13,14,1.00
14,13,1.00
13,15,0.76
15,13,0.76
13,24,0.58
24,13,0.58
13,25,0.73
25,13,0.73
13,26,0.82
26,13,0.82
13,27,1.00
27,13,1.00
13,28,0.77
28,13,0.77
13,29,0.61
29,13,0.61
13,31,0.57
31,13,0.57
13,35,0.62
35,13,0.62
14,15,1.00
15,14,1.00
14,16,0.71
16,14,0.71
14,17,0.73
17,14,0.73
14,24,0.64
24,14,0.64
14,25,0.71
25,14,0.71
14,26,0.88
26,14,0.88
14,27,0.92
27,14,0.92
14,28,0.78
28,14,0.78
14,29,0.58
29,14,0.58
14,31,0.60
31,14,0.60
14,33,0.58
33,14,0.58
14,35,0.58
35,14,0.58
15,16,1.00
16,15,1.00
15,17,0.86
17,15,0.86
15,18,0.61
18,15,0.61
15,19,0.59
19,15,0.59
15,24,0.71
24,15,0.71
15,25,0.70
25,15,0.70
15,26,0.75
26,15,0.75
15,27,0.66
27,15,0.66
15,28,0.57
28,15,0.57
16,17,1.00
17,16,1.00
16,18,0.76
18,16,0.76
16,19,0.68
19,16,0.68
16,20,0.70
20,16,0.70
16,23,0.58
23,16,0.58
16,24,0.68
24,16,0.68
16,25,0.59
25,16,0.59
16,26,0.61
26,16,0.61
17,18,1.00
18,17,1.00
17,19,0.86
19,17,0.86
17,20,0.74
20,17,0.74
17,23,0.59
23,17,0.59
17,24,0.70
24,17,0.70
17,25,0.60
25,17,0.60
17,26,0.68
26,17,0.68
17,27,0.58
27,17,0.58
18,19,1.00
19,18,1.00
18,20,0.82
20,18,0.82
18,21,0.60
21,18,0.60
18,24,0.59
24,18,0.59
19,20,1.00
20,19,1.00
19,21,0.73
21,19,0.73
19,22,0.61
22,19,0.61
19,23,0.74
23,19,0.74
19,24,0.73
24,19,0.73
19,26,0.61
26,19,0.61
20,21,1.00
21,20,1.00
20,22,0.78
22,20,0.78
20,23,0.84
23,20,0.84
20,24,0.73
24,20,0.73
21,22,1.00
22,21,1.00
21,23,0.86
23,21,0.86
21,24,0.64
24,21,0.64
22,23,1.00
23,22,1.00
22,24,0.71
24,22,0.71
23,24,1.00
24,23,1.00
23,25,0.70
25,23,0.70
23,26,0.61
26,23,0.61
24,25,1.00
25,24,1.00
24,26,0.84
26,24,0.84
24,27,0.60
27,24,0.60
25,26,1.00
26,25,1.00
25,27,0.74
27,25,0.74
26,27,1.00
27,26,1.00
26,28,0.71
28,26,0.71
27,28,1.00
28,27,1.00
27,29,0.73
29,27,0.73
27,30,0.59
30,27,0.59
27,31,0.60
31,27,0.60
28,29,1.00
29,28,1.00
28,30,0.81
30,28,0.81
28,31,0.80
31,28,0.80
28,32,0.63
32,28,0.63
29,30,1.00
30,29,1.00
29,31,0.79
31,29,0.79
29,32,0.64
32,29,0.64
30,31,1.00
31,30,1.00
30,32,0.75
32,30,0.75
31,32,1.00
32,31,1.00
31,33,0.76
33,31,0.76
32,33,1.00
33,32,1.00
32,34,0.72
34,32,0.72
32,35,0.59
35,32,0.59
33,34,1.00
34,33,1.00
33,35,0.75
35,33,0.75
33,36,0.59
36,33,0.59
34,35,1.00
35,34,1.00
34,36,0.78
36,34,0.78
35,36,1.00
36,35,1.00
35,37,0.72
37,35,0.72
36,37,1.00
37,36,1.00
36,38,0.71
38,36,0.71
37,38,1.00
38,37,1.00
37,39,0.71
39,37,0.71
37,40,0.62
40,37,0.62
38,39,1.00
39,38,1.00
38,40,0.77
40,38,0.77
38,41,0.59
41,38,0.59
39,40,1.00
40,39,1.00
39,41,0.77
41,39,0.77
39,42,0.67
42,39,0.67
40,41,1.00
41,40,1.00
40,42,0.72
42,40,0.72
40,43,0.58
43,40,0.58
41,42,1.00
42,41,1.00
41,43,0.73
43,41,0.73
42,43,1.00
43,42,1.00
42,44,0.71
44,42,0.71
42,45,0.59
45,42,0.59
43,44,1.00
44,43,1.00
43,45,0.78
45,43,0.78
43,46,0.63
46,43,0.63
43,49,0.59
49,43,0.59
44,45,1.00
45,44,1.00
44,46,0.78
46,44,0.78
44,47,0.60
47,44,0.60
44,48,0.57
48,44,0.57
44,49,0.61
49,44,0.61
45,46,1.00
46,45,1.00
45,47,0.82
47,45,0.82
45,48,0.79
48,45,0.79
45,49,0.82
49,45,0.82
45,50,0.59
50,45,0.59
46,47,1.00
47,46,1.00
46,48,0.80
48,46,0.80
46,49,0.69
49,46,0.69
47,48,1.00
48,47,1.00
47,49,0.73
49,47,0.73
48,49,1.00
49,48,1.00
48,50,0.77
50,48,0.77
48,51,0.59
51,48,0.59
49,50,1.00
50,49,1.00
49,51,0.81
51,49,0.81
49,52,0.61
52,49,0.61
50,51,1.00
51,50,1.00
50,52,0.82
52,50,0.82
50,53,0.62
53,50,0.62
50,61,0.70
61,50,0.70
50,62,0.68
62,50,0.68
50,63,0.60
63,50,0.60
51,52,1.00
52,51,1.00
51,53,0.82
53,51,0.82
51,54,0.65
54,51,0.65
51,59,0.60
59,51,0.60
51,60,0.62
60,51,0.62
51,61,0.71
61,51,0.71
51,62,0.60
62,51,0.60
52,53,1.00
53,52,1.00
52,54,0.70
54,52,0.70
52,58,0.61
58,52,0.61
52,59,0.78
59,52,0.78
52,60,0.87
60,52,0.87
52,61,1.00
61,52,1.00
52,62,0.74
62,52,0.74
52,63,0.65
63,52,0.65
53,54,1.00
54,53,1.00
53,55,0.72
55,53,0.72
53,56,0.61
56,53,0.61
53,57,0.67
57,53,0.67
53,58,0.82
58,53,0.82
53,59,0.96
59,53,0.96
53,60,0.83
60,53,0.83
53,61,0.74
61,53,0.74
54,55,1.00
55,54,1.00
54,56,0.74
56,54,0.74
54,57,0.71
57,54,0.71
54,58,0.86
58,54,0.86
54,59,0.76
59,54,0.76
54,60,0.66
60,54,0.66
55,56,1.00
56,55,1.00
55,57,0.78
57,55,0.78
55,58,0.79
58,55,0.79
55,59,0.63
59,55,0.63
56,57,1.00
57,56,1.00
56,58,0.79
58,56,0.79
56,59,0.60
59,56,0.60
57,58,1.00
58,57,1.00
57,59,0.76
59,57,0.76
58,59,1.00
59,58,1.00
58,60,0.72
60,58,0.72
59,60,1.00
60,59,1.00
59,61,0.74
61,59,0.74
60,61,1.00
61,60,1.00
60,62,0.73
62,60,0.73
60,63,0.64
63,60,0.64
61,62,1.00
62,61,1.00
61,63,0.86
63,61,0.86
61,64,0.64
64,61,0.64
62,63,1.00
63,62,1.00
62,64,0.73
64,62,0.73
63,64,1.00
64,63,1.00
63,65,0.73
65,63,0.73
64,65,1.00
65,64,1.00
64,66,0.72
66,64,0.72
65,66,1.00
66,65,1.00
65,67,0.74
67,65,0.74
66,67,1.00
67,66,1.00
66,68,0.76
68,66,0.76
66,69,0.58
69,66,0.58
67,68,1.00
68,67,1.00
67,69,0.72
69,67,0.72
68,69,1.00
69,68,1.00
68,70,0.70
70,68,0.70
68,71,0.61
71,68,0.61
69,70,1.00
70,69,1.00
69,71,0.82
71,69,0.82
69,72,0.66
72,69,0.66
69,73,0.59
73,69,0.59
70,71,1.00
71,70,1.00
70,72,0.74
72,70,0.74
70,73,0.58
73,70,0.58
71,72,1.00
72,71,1.00
71,73,0.75
73,71,0.75
72,73,1.00
73,72,1.00
