1,2,1.00
2,1,1.00
1,3,0.78
3,1,0.78
2,3,1.00
3,2,1.00
2,4,0.71
4,2,0.71
2,5,0.58
5,2,0.58
3,4,1.00
4,3,1.00
3,5,0.71
5,3,0.71
4,5,1.00
5,4,1.00
4,6,0.75
6,4,0.75
4,7,0.59
7,4,0.59
5,6,1.00
6,5,1.00
5,7,0.73
7,5,0.73
5,8,0.59
8,5,0.59
6,7,1.00
7,6,1.00
6,8,0.76
8,6,0.76
7,8,1.00
8,7,1.00
7,9,0.72
9,7,0.72
8,9,1.00
9,8,1.00
8,10,0.74
10,8,0.74
8,11,0.58
11,8,0.58
8,32,0.59
32,8,0.59
8,33,0.60
33,8,0.60
9,10,1.00
10,9,1.00
9,11,0.74
11,9,0.74
9,12,0.62
12,9,0.62
9,32,0.73
32,9,0.73
9,33,0.81
33,9,0.81
9,34,0.69
34,9,0.69
10,11,1.00
11,10,1.00
10,12,0.79
12,10,0.79
10,13,0.59
13,10,0.59
10,30,0.58
30,10,0.58
10,31,0.61
31,10,0.61
10,32,0.79
32,10,0.79
10,33,0.84
33,10,0.84
10,34,0.63
34,10,0.63
11,12,1.00
12,11,1.00
11,13,0.77
13,11,0.77
11,28,0.58
28,11,0.58
11,29,0.61
29,11,0.61
11,30,0.79
30,11,0.79
11,31,0.83
31,11,0.83
11,32,0.98
32,11,0.98
11,33,0.84
33,11,0.84
11,34,0.61
34,11,0.61
12,13,1.00
13,12,1.00
12,14,0.75
14,12,0.75
12,15,0.74
15,12,0.74
12,28,0.64
28,12,0.64
12,29,0.60
29,12,0.60
12,30,0.69
30,12,0.69
12,31,0.82
31,12,0.82
12,32,0.85
32,12,0.85
12,33,0.91
33,12,0.91
12,34,0.65
34,12,0.65
13,14,1.00
14,13,1.00
13,15,0.79
15,13,0.79
13,16,0.58
16,13,0.58
13,26,0.61
26,13,0.61
13,27,0.78
27,13,0.78
13,28,0.91
28,13,0.91
13,29,0.76
29,13,0.76
13,30,0.76
30,13,0.76
13,31,0.91
31,13,0.91
13,32,0.73
32,13,0.73
13,33,0.69
33,13,0.69
14,15,1.00
15,14,1.00
14,16,0.73
16,14,0.73
14,17,0.75
17,14,0.75
14,23,0.62
23,14,0.62
14,25,0.59
25,14,0.59
14,26,0.75
26,14,0.75
14,27,0.87
27,14,0.87
14,28,0.83
28,14,0.83
14,29,0.62
29,14,0.62
14,31,0.68
31,14,0.68
14,33,0.58
33,14,0.58
15,16,1.00
16,15,1.00
15,17,0.84
17,15,0.84
15,18,0.60
18,15,0.60
15,23,0.62
23,15,0.62
15,26,0.59
26,15,0.59
15,27,0.62
27,15,0.62
15,28,0.60
28,15,0.60
15,31,0.58
31,15,0.58
15,33,0.61
33,15,0.61
15,35,0.58
35,15,0.58
16,17,1.00
17,16,1.00
16,18,0.72
18,16,0.72
16,22,0.60
22,16,0.60
16,23,0.61
23,16,0.61
16,35,0.58
35,16,0.58
17,18,1.00
18,17,1.00
17,19,0.77
19,17,0.77
17,20,0.58
20,17,0.58
17,21,0.57
21,17,0.57
17,22,0.75
22,17,0.75
17,23,0.76
23,17,0.76
17,24,0.61
24,17,0.61
17,26,0.64
26,17,0.64
17,27,0.57
27,17,0.57
18,19,1.00
19,18,1.00
18,20,0.71
20,18,0.71
18,21,0.72
21,18,0.72
18,22,0.96
22,18,0.96
18,23,0.78
23,18,0.78
18,24,0.66
24,18,0.66
18,26,0.58
26,18,0.58
19,20,1.00
20,19,1.00
19,21,0.82
21,19,0.82
19,22,0.89
22,19,0.89
19,23,0.79
23,19,0.79
19,24,0.81
24,19,0.81
19,25,0.64
25,19,0.64
19,26,0.66
26,19,0.66
20,21,1.00
21,20,1.00
20,22,0.81
22,20,0.81
20,23,0.75
23,20,0.75
20,24,0.93
24,20,0.93
20,25,0.68
25,20,0.68
20,26,0.61
26,20,0.61
21,22,1.00
22,21,1.00
21,23,0.81
23,21,0.81
21,24,0.85
24,21,0.85
21,25,0.60
25,21,0.60
22,23,1.00
23,22,1.00
22,24,0.81
24,22,0.81
22,25,0.60
25,22,0.60
23,24,1.00
24,23,1.00
23,25,0.78
25,23,0.78
23,26,0.72
26,23,0.72
23,27,0.58
27,23,0.58
24,25,1.00
25,24,1.00
24,26,0.78
26,24,0.78
24,27,0.58
27,24,0.58
25,26,1.00
26,25,1.00
25,27,0.74
27,25,0.74
26,27,1.00
27,26,1.00
26,28,0.71
28,26,0.71
27,28,1.00
28,27,1.00
27,29,0.75
29,27,0.75
27,30,0.58
30,27,0.58
27,31,0.61
31,27,0.61
28,29,1.00
29,28,1.00
28,30,0.76
30,28,0.76
28,31,0.83
31,28,0.83
28,32,0.60
32,28,0.60
29,30,1.00
30,29,1.00
29,31,0.83
31,29,0.83
29,32,0.61
32,29,0.61
30,31,1.00
31,30,1.00
30,32,0.79
32,30,0.79
30,33,0.59
33,30,0.59
31,32,1.00
32,31,1.00
31,33,0.74
33,31,0.74
31,34,0.61
34,31,0.61
32,33,1.00
33,32,1.00
32,34,0.75
34,32,0.75
32,35,0.58
35,32,0.58
33,34,1.00
34,33,1.00
33,35,0.74
35,33,0.74
33,36,0.59
36,33,0.59
34,35,1.00
35,34,1.00
34,36,0.76
36,34,0.76
35,36,1.00
36,35,1.00
35,37,0.74
37,35,0.74
36,37,1.00
37,36,1.00
36,38,0.73
38,36,0.73
37,38,1.00
38,37,1.00
37,39,0.78
39,37,0.78
37,40,0.61
40,37,0.61
38,39,1.00
39,38,1.00
38,40,0.71
40,38,0.71
38,41,0.60
41,38,0.60
38,55,0.68
55,38,0.68
38,56,0.58
56,38,0.58
39,40,1.00
40,39,1.00
39,41,0.79
41,39,0.79
39,42,0.60
42,39,0.60
39,54,0.62
54,39,0.62
39,55,0.73
55,39,0.73
39,56,0.58
56,39,0.58
40,41,1.00
41,40,1.00
40,42,0.72
42,40,0.72
40,50,0.58
50,40,0.58
40,53,0.57
53,40,0.57
40,54,0.64
54,40,0.64
40,55,0.69
55,40,0.69
40,56,0.57
56,40,0.57
41,42,1.00
42,41,1.00
41,43,0.73
43,41,0.73
41,50,0.71
50,41,0.71
41,51,0.69
51,41,0.69
41,52,0.63
52,41,0.63
41,53,0.78
53,41,0.78
41,54,0.85
54,41,0.85
41,55,0.80
55,41,0.80
41,56,0.63
56,41,0.63
41,58,0.58
58,41,0.58
41,59,0.58
59,41,0.58
41,60,0.59
60,41,0.59
42,43,1.00
43,42,1.00
42,44,0.74
44,42,0.74
42,45,0.63
45,42,0.63
42,46,0.59
46,42,0.59
42,47,0.61
47,42,0.61
42,50,0.73
50,42,0.73
42,51,0.88
51,42,0.88
42,52,0.78
52,42,0.78
42,53,0.82
53,42,0.82
42,54,0.77
54,42,0.77
42,55,0.62
55,42,0.62
42,59,0.60
59,42,0.60
42,60,0.67
60,42,0.67
42,61,0.59
61,42,0.59
43,44,1.00
44,43,1.00
43,45,0.79
45,43,0.79
43,46,0.67
46,43,0.67
43,47,0.61
47,43,0.61
43,50,0.63
50,43,0.63
43,51,0.82
51,43,0.82
43,52,0.94
52,43,0.94
43,53,0.88
53,43,0.88
43,54,0.79
54,43,0.79
43,55,0.59
55,43,0.59
43,58,0.58
58,43,0.58
43,59,0.72
59,43,0.72
43,60,0.93
60,43,0.93
43,61,0.80
61,43,0.80
43,62,0.68
62,43,0.68
43,63,0.60
63,43,0.60
44,45,1.00
45,44,1.00
44,46,0.72
46,44,0.72
44,47,0.63
47,44,0.63
44,51,0.72
51,44,0.72
44,52,0.81
52,44,0.81
44,53,0.65
53,44,0.65
44,54,0.58
54,44,0.58
44,59,0.59
59,44,0.59
44,60,0.78
60,44,0.78
44,61,0.87
61,44,0.87
44,62,0.83
62,44,0.83
44,63,0.75
63,44,0.75
45,46,1.00
46,45,1.00
45,47,0.78
47,45,0.78
45,48,0.59
48,45,0.59
45,51,0.77
51,45,0.77
45,52,0.89
52,45,0.89
45,53,0.63
53,45,0.63
45,59,0.58
59,45,0.58
45,60,0.70
60,45,0.70
45,61,0.89
61,45,0.89
45,62,0.76
62,45,0.76
45,63,0.63
63,45,0.63
46,47,1.00
47,46,1.00
46,48,0.76
48,46,0.76
46,49,0.64
49,46,0.64
46,50,0.66
50,46,0.66
46,51,0.86
51,46,0.86
46,52,0.96
52,46,0.96
46,53,0.66
53,46,0.66
46,59,0.59
59,46,0.59
46,60,0.64
60,46,0.64
46,61,0.75
61,46,0.75
46,62,0.59
62,46,0.59
47,48,1.00
48,47,1.00
47,49,0.74
49,47,0.74
47,50,0.76
50,47,0.76
47,51,0.97
51,47,0.97
47,52,0.78
52,47,0.78
47,53,0.60
53,47,0.60
48,49,1.00
49,48,1.00
48,50,0.84
50,48,0.84
48,51,0.81
51,48,0.81
48,52,0.66
52,48,0.66
49,50,1.00
50,49,1.00
49,51,0.76
51,49,0.76
49,52,0.65
52,49,0.65
49,53,0.63
53,49,0.63
50,51,1.00
51,50,1.00
50,52,0.77
52,50,0.77
50,53,0.78
53,50,0.78
50,54,0.61
54,50,0.61
50,59,0.57
59,50,0.57
51,52,1.00
52,51,1.00
51,53,0.82
53,51,0.82
51,54,0.63
54,51,0.63
51,59,0.61
59,51,0.61
51,60,0.64
60,51,0.64
51,61,0.62
61,51,0.62
52,53,1.00
53,52,1.00
52,54,0.71
54,52,0.71
52,58,0.61
58,52,0.61
52,59,0.81
59,52,0.81
52,60,0.88
60,52,0.88
52,61,0.85
61,52,0.85
52,62,0.63
62,52,0.63
53,54,1.00
54,53,1.00
53,55,0.72
55,53,0.72
53,56,0.64
56,53,0.64
53,57,0.65
57,53,0.65
53,58,0.81
58,53,0.81
53,59,0.99
59,53,0.99
53,60,0.89
60,53,0.89
53,61,0.69
61,53,0.69
54,55,1.00
55,54,1.00
54,56,0.77
56,54,0.77
54,57,0.70
57,54,0.70
54,58,0.90
58,54,0.90
54,59,0.87
59,54,0.87
54,60,0.81
60,54,0.81
54,61,0.59
61,54,0.59
55,56,1.00
56,55,1.00
55,57,0.76
57,55,0.76
55,58,0.80
58,55,0.80
55,59,0.65
59,55,0.65
55,60,0.59
60,55,0.59
56,57,1.00
57,56,1.00
56,58,0.83
58,56,0.83
56,59,0.62
59,56,0.62
57,58,1.00
58,57,1.00
57,59,0.70
59,57,0.70
58,59,1.00
59,58,1.00
58,60,0.72
60,58,0.72
59,60,1.00
60,59,1.00
59,61,0.75
61,59,0.75
59,62,0.58
62,59,0.58
60,61,1.00
61,60,1.00
60,62,0.76
62,60,0.76
60,63,0.61
63,60,0.61
61,62,1.00
62,61,1.00
61,63,0.71
63,61,0.71
62,63,1.00
63,62,1.00
62,64,0.73
64,62,0.73
63,64,1.00
64,63,1.00
63,65,0.72
65,63,0.72
64,65,1.00
65,64,1.00
64,66,0.71
66,64,0.71
65,66,1.00
66,65,1.00
65,67,0.79
67,65,0.79
65,68,0.57
68,65,0.57
66,67,1.00
67,66,1.00
66,68,0.70
68,66,0.70
66,69,0.58
69,66,0.58
67,68,1.00
68,67,1.00
67,69,0.79
69,67,0.79
68,69,1.00
69,68,1.00
70,71,1.00
71,70,1.00
70,72,0.77
72,70,0.77
71,72,1.00
72,71,1.00
71,73,0.75
73,71,0.75
72,73,1.00
73,72,1.00
