1,2,1.00
2,1,1.00
1,3,0.75
3,1,0.75
1,4,0.70
4,1,0.70
2,3,1.00
3,2,1.00
2,4,0.86
4,2,0.86
2,5,0.63
5,2,0.63
2,8,0.63
8,2,0.63
3,4,1.00
4,3,1.00
3,5,0.74
5,3,0.74
3,6,0.66
6,3,0.66
3,7,0.62
7,3,0.62
3,8,0.70
8,3,0.70
3,9,0.61
9,3,0.61
4,5,1.00
5,4,1.00
4,6,0.75
6,4,0.75
4,7,0.65
7,4,0.65
4,8,0.64
8,4,0.64
5,6,1.00
6,5,1.00
5,7,0.76
7,5,0.76
5,8,0.64
8,5,0.64
6,7,1.00
7,6,1.00
6,8,0.76
8,6,0.76
6,9,0.67
9,6,0.67
7,8,1.00
8,7,1.00
7,9,0.78
9,7,0.78
8,9,1.00
9,8,1.00
8,10,0.73
10,8,0.73
8,32,0.57
32,8,0.57
9,10,1.00
10,9,1.00
9,11,0.73
11,9,0.73
9,12,0.59
12,9,0.59
9,31,0.58
31,9,0.58
9,32,0.79
32,9,0.79
9,33,0.71
33,9,0.71
9,34,0.62
34,9,0.62
10,11,1.00
11,10,1.00
10,12,0.76
12,10,0.76
10,13,0.58
13,10,0.58
10,30,0.60
30,10,0.60
10,31,0.65
31,10,0.65
10,32,0.84
32,10,0.84
10,33,0.80
33,10,0.80
10,34,0.61
34,10,0.61
11,12,1.00
12,11,1.00
11,13,0.78
13,11,0.78
11,14,0.58
14,11,0.58
11,28,0.58
28,11,0.58
11,29,0.63
29,11,0.63
11,30,0.77
30,11,0.77
11,31,0.85
31,11,0.85
11,32,0.95
32,11,0.95
11,33,0.86
33,11,0.86
11,34,0.61
34,11,0.61
12,13,1.00
13,12,1.00
12,14,0.75
14,12,0.75
12,15,0.74
15,12,0.74
12,27,0.58
27,12,0.58
12,28,0.65
28,12,0.65
12,29,0.62
29,12,0.62
12,30,0.67
30,12,0.67
12,31,0.82
31,12,0.82
12,32,0.84
32,12,0.84
12,33,0.98
33,12,0.98
12,34,0.69
34,12,0.69
13,14,1.00
14,13,1.00
13,15,0.79
15,13,0.79
13,16,0.58
16,13,0.58
13,26,0.62
26,13,0.62
13,27,0.81
27,13,0.81
13,28,0.90
28,13,0.90
13,29,0.78
29,13,0.78
13,30,0.74
30,13,0.74
13,31,0.86
31,13,0.86
13,32,0.70
32,13,0.70
13,33,0.71
33,13,0.71
13,34,0.57
34,13,0.57
14,15,1.00
15,14,1.00
14,16,0.73
16,14,0.73
14,17,0.74
17,14,0.74
14,23,0.61
23,14,0.61
14,25,0.60
25,14,0.60
14,26,0.76
26,14,0.76
14,27,0.90
27,14,0.90
14,28,0.84
28,14,0.84
14,29,0.64
29,14,0.64
14,31,0.66
31,14,0.66
14,33,0.60
33,14,0.60
15,16,1.00
16,15,1.00
15,17,0.82
17,15,0.82
15,18,0.60
18,15,0.60
15,23,0.60
23,15,0.60
15,26,0.58
26,15,0.58
15,27,0.63
27,15,0.63
15,28,0.62
28,15,0.62
15,31,0.58
31,15,0.58
15,33,0.65
33,15,0.65
15,34,0.60
34,15,0.60
15,35,0.61
35,15,0.61
16,17,1.00
17,16,1.00
16,18,0.74
18,16,0.74
16,22,0.61
22,16,0.61
16,23,0.60
23,16,0.60
16,35,0.61
35,16,0.61
17,18,1.00
18,17,1.00
17,19,0.78
19,17,0.78
17,20,0.60
20,17,0.60
17,21,0.58
21,17,0.58
17,22,0.76
22,17,0.76
17,23,0.74
23,17,0.74
17,24,0.62
24,17,0.62
17,26,0.62
26,17,0.62
17,27,0.58
27,17,0.58
18,19,1.00
19,18,1.00
18,20,0.72
20,18,0.72
18,21,0.73
21,18,0.73
18,22,0.98
22,18,0.98
18,23,0.76
23,18,0.76
18,24,0.65
24,18,0.65
19,20,1.00
20,19,1.00
19,21,0.83
21,19,0.83
19,22,0.87
22,19,0.87
19,23,0.76
23,19,0.76
19,24,0.79
24,19,0.79
19,25,0.63
25,19,0.63
19,26,0.62
26,19,0.62
20,21,1.00
21,20,1.00
20,22,0.81
22,20,0.81
20,23,0.76
23,20,0.76
20,24,0.92
24,20,0.92
20,25,0.67
25,20,0.67
20,26,0.59
26,20,0.59
21,22,1.00
22,21,1.00
21,23,0.81
23,21,0.81
21,24,0.82
24,21,0.82
21,25,0.59
25,21,0.59
22,23,1.00
23,22,1.00
22,24,0.79
24,22,0.79
22,25,0.60
25,22,0.60
23,24,1.00
24,23,1.00
23,25,0.79
25,23,0.79
23,26,0.68
26,23,0.68
24,25,1.00
25,24,1.00
24,26,0.76
26,24,0.76
25,26,1.00
26,25,1.00
25,27,0.71
27,25,0.71
26,27,1.00
27,26,1.00
26,28,0.71
28,26,0.71
26,29,0.58
29,26,0.58
27,28,1.00
28,27,1.00
27,29,0.79
29,27,0.79
27,30,0.60
30,27,0.60
27,31,0.61
31,27,0.61
28,29,1.00
29,28,1.00
28,30,0.77
30,28,0.77
28,31,0.81
31,28,0.81
28,32,0.59
32,28,0.59
29,30,1.00
30,29,1.00
29,31,0.84
31,29,0.84
29,32,0.60
32,29,0.60
30,31,1.00
31,30,1.00
30,32,0.76
32,30,0.76
30,33,0.59
33,30,0.59
31,32,1.00
32,31,1.00
31,33,0.77
33,31,0.77
31,34,0.63
34,31,0.63
32,33,1.00
33,32,1.00
32,34,0.79
34,32,0.79
32,35,0.59
35,32,0.59
33,34,1.00
34,33,1.00
33,35,0.71
35,33,0.71
33,36,0.58
36,33,0.58
34,35,1.00
35,34,1.00
34,36,0.78
36,34,0.78
35,36,1.00
36,35,1.00
35,37,0.72
37,35,0.72
36,37,1.00
37,36,1.00
36,38,0.71
38,36,0.71
37,38,1.00
38,37,1.00
37,39,0.71
39,37,0.71
38,39,1.00
39,38,1.00
38,40,0.72
40,38,0.72
38,41,0.61
41,38,0.61
38,55,0.67
55,38,0.67
39,40,1.00
40,39,1.00
39,41,0.83
41,39,0.83
39,42,0.66
42,39,0.66
39,54,0.66
54,39,0.66
39,55,0.72
55,39,0.72
39,56,0.58
56,39,0.58
40,41,1.00
41,40,1.00
40,42,0.70
42,40,0.70
40,53,0.60
53,40,0.60
40,54,0.64
54,40,0.64
40,55,0.67
55,40,0.67
40,56,0.59
56,40,0.59
41,42,1.00
42,41,1.00
41,43,0.73
43,41,0.73
41,50,0.68
50,41,0.68
41,51,0.68
51,41,0.68
41,52,0.66
52,41,0.66
41,53,0.82
53,41,0.82
41,54,0.82
54,41,0.82
41,55,0.73
55,41,0.73
41,56,0.61
56,41,0.61
41,60,0.59
60,41,0.59
42,43,1.00
43,42,1.00
42,44,0.76
44,42,0.76
42,45,0.65
45,42,0.65
42,46,0.60
46,42,0.60
42,47,0.59
47,42,0.59
42,50,0.68
50,42,0.68
42,51,0.82
51,42,0.82
42,52,0.81
52,42,0.81
42,53,0.84
53,42,0.84
42,54,0.75
54,42,0.75
42,55,0.60
55,42,0.60
42,59,0.57
59,42,0.57
42,60,0.67
60,42,0.67
42,61,0.61
61,42,0.61
43,44,1.00
44,43,1.00
43,45,0.82
45,43,0.82
43,46,0.73
46,43,0.73
43,47,0.62
47,43,0.62
43,50,0.63
50,43,0.63
43,51,0.83
51,43,0.83
43,52,1.00
52,43,1.00
43,53,0.91
53,43,0.91
43,54,0.76
54,43,0.76
43,58,0.58
58,43,0.58
43,59,0.69
59,43,0.69
43,60,0.91
60,43,0.91
43,61,0.86
61,43,0.86
43,62,0.70
62,43,0.70
44,45,1.00
45,44,1.00
44,46,0.73
46,44,0.73
44,47,0.60
47,44,0.60
44,51,0.70
51,44,0.70
44,52,0.81
52,44,0.81
44,53,0.64
53,44,0.64
44,60,0.74
60,44,0.74
44,61,0.88
61,44,0.88
44,62,0.86
62,44,0.86
44,63,0.71
63,44,0.71
44,64,0.60
64,44,0.60
45,46,1.00
46,45,1.00
45,47,0.77
47,45,0.77
45,48,0.59
48,45,0.59
45,50,0.58
50,45,0.58
45,51,0.80
51,45,0.80
45,52,0.86
52,45,0.86
45,53,0.62
53,45,0.62
45,60,0.66
60,45,0.66
45,61,0.86
61,45,0.86
45,62,0.76
62,45,0.76
45,63,0.67
63,45,0.67
46,47,1.00
47,46,1.00
46,48,0.78
48,46,0.78
46,49,0.67
49,46,0.67
46,50,0.68
50,46,0.68
46,51,0.90
51,46,0.90
46,52,0.96
52,46,0.96
46,53,0.67
53,46,0.67
46,59,0.62
59,46,0.62
46,60,0.65
60,46,0.65
46,61,0.80
61,46,0.80
46,62,0.63
62,46,0.63
47,48,1.00
48,47,1.00
47,49,0.78
49,47,0.78
47,50,0.84
50,47,0.84
47,51,1.00
51,47,1.00
47,52,0.78
52,47,0.78
47,53,0.61
53,47,0.61
47,61,0.59
61,47,0.59
48,49,1.00
49,48,1.00
48,50,0.84
50,48,0.84
48,51,0.78
51,48,0.78
48,52,0.66
52,48,0.66
48,53,0.58
53,48,0.58
49,50,1.00
50,49,1.00
49,51,0.78
51,49,0.78
49,52,0.69
52,49,0.69
49,53,0.68
53,49,0.68
50,51,1.00
51,50,1.00
50,52,0.75
52,50,0.75
50,53,0.74
53,50,0.74
51,52,1.00
52,51,1.00
51,53,0.81
53,51,0.81
51,54,0.60
54,51,0.60
51,59,0.59
59,51,0.59
51,60,0.63
60,51,0.63
51,61,0.65
61,51,0.65
52,53,1.00
53,52,1.00
52,54,0.71
54,52,0.71
52,58,0.63
58,52,0.63
52,59,0.80
59,52,0.80
52,60,0.89
60,52,0.89
52,61,0.89
61,52,0.89
52,62,0.65
62,52,0.65
53,54,1.00
54,53,1.00
53,55,0.71
55,53,0.71
53,56,0.62
56,53,0.62
53,57,0.70
57,53,0.70
53,58,0.80
58,53,0.80
53,59,0.88
59,53,0.88
53,60,0.88
60,53,0.88
53,61,0.70
61,53,0.70
54,55,1.00
55,54,1.00
54,56,0.76
56,54,0.76
54,57,0.77
57,54,0.77
54,58,0.88
58,54,0.88
54,59,0.80
59,54,0.80
54,60,0.82
60,54,0.82
54,61,0.60
61,54,0.60
55,56,1.00
56,55,1.00
55,57,0.81
57,55,0.81
55,58,0.77
58,55,0.77
55,59,0.61
59,55,0.61
55,60,0.60
60,55,0.60
56,57,1.00
57,56,1.00
56,58,0.76
58,56,0.76
57,58,1.00
58,57,1.00
57,59,0.71
59,57,0.71
57,60,0.58
60,57,0.58
58,59,1.00
59,58,1.00
58,60,0.76
60,58,0.76
58,61,0.57
61,58,0.57
59,60,1.00
60,59,1.00
59,61,0.77
61,59,0.77
59,62,0.58
62,59,0.58
60,61,1.00
61,60,1.00
60,62,0.74
62,60,0.74
61,62,1.00
62,61,1.00
61,63,0.70
63,61,0.70
62,63,1.00
63,62,1.00
62,64,0.73
64,62,0.73
62,65,0.63
65,62,0.63
63,64,1.00
64,63,1.00
63,65,0.78
65,63,0.78
63,66,0.59
66,63,0.59
64,65,1.00
65,64,1.00
64,66,0.78
66,64,0.78
64,67,0.61
67,64,0.61
65,66,1.00
66,65,1.00
65,67,0.72
67,65,0.72
66,67,1.00
67,66,1.00
66,68,0.70
68,66,0.70
67,68,1.00
68,67,1.00
69,70,1.00
70,69,1.00
69,71,0.86
71,69,0.86
69,72,0.85
72,69,0.85
69,73,0.64
73,69,0.64
70,71,1.00
71,70,1.00
70,72,0.79
72,70,0.79
70,73,0.59
73,70,0.59
71,72,1.00
72,71,1.00
71,73,0.76
73,71,0.76
72,73,1.00
73,72,1.00
