1,2,1.00
2,1,1.00
1,3,0.78
3,1,0.78
1,4,0.88
4,1,0.88
1,5,0.78
5,1,0.78
1,6,0.65
6,1,0.65
2,3,1.00
3,2,1.00
2,4,0.85
4,2,0.85
2,5,0.69
5,2,0.69
2,6,0.61
6,2,0.61
2,43,0.70
43,2,0.70
2,44,0.62
44,2,0.62
2,48,0.71
48,2,0.71
2,49,0.67
49,2,0.67
3,4,1.00
4,3,1.00
3,5,0.72
5,3,0.72
3,6,0.60
6,3,0.60
3,7,0.59
7,3,0.59
3,43,0.70
43,3,0.70
3,47,0.60
47,3,0.60
3,48,0.82
48,3,0.82
3,49,0.93
49,3,0.93
3,50,0.68
50,3,0.68
4,5,1.00
5,4,1.00
4,6,0.72
6,4,0.72
4,7,0.63
7,4,0.63
4,48,0.59
48,4,0.59
4,49,0.68
49,4,0.68
5,6,1.00
6,5,1.00
5,7,0.75
7,5,0.75
5,8,0.58
8,5,0.58
5,10,0.60
10,5,0.60
5,15,0.60
15,5,0.60
6,7,1.00
7,6,1.00
6,8,0.78
8,6,0.78
6,9,0.68
9,6,0.68
6,10,0.68
10,6,0.68
6,15,0.64
15,6,0.64
7,8,1.00
8,7,1.00
7,9,0.83
9,7,0.83
7,10,0.87
10,7,0.87
7,11,0.61
11,7,0.61
7,15,0.67
15,7,0.67
7,16,0.59
16,7,0.59
7,32,0.57
32,7,0.57
8,9,1.00
9,8,1.00
8,10,0.81
10,8,0.81
8,11,0.60
11,8,0.60
8,15,0.64
15,8,0.64
8,16,0.65
16,8,0.65
8,32,0.59
32,8,0.59
9,10,1.00
10,9,1.00
9,11,0.78
11,9,0.78
9,12,0.60
12,9,0.60
9,14,0.65
14,9,0.65
9,15,0.85
15,9,0.85
9,16,0.91
16,9,0.91
9,17,0.70
17,9,0.70
9,18,0.58
18,9,0.58
9,32,0.68
32,9,0.68
10,11,1.00
11,10,1.00
10,12,0.81
12,10,0.81
10,13,0.69
13,10,0.69
10,14,0.77
14,10,0.77
10,15,0.90
15,10,0.90
10,16,0.75
16,10,0.75
10,17,0.65
17,10,0.65
10,18,0.61
18,10,0.61
10,31,0.59
31,10,0.59
10,32,0.81
32,10,0.81
10,33,0.67
33,10,0.67
11,12,1.00
12,11,1.00
11,13,0.80
13,11,0.80
11,14,0.89
14,11,0.89
11,15,0.84
15,11,0.84
11,16,0.75
16,11,0.75
11,17,0.77
17,11,0.77
11,18,0.83
18,11,0.83
11,19,0.64
19,11,0.64
11,20,0.58
20,11,0.58
11,27,0.59
27,11,0.59
11,31,0.64
31,11,0.64
11,32,0.92
32,11,0.92
11,33,0.90
33,11,0.90
11,34,0.64
34,11,0.64
12,13,1.00
13,12,1.00
12,14,0.82
14,12,0.82
12,15,0.67
15,12,0.67
12,17,0.59
17,12,0.59
12,18,0.67
18,12,0.67
12,19,0.57
19,12,0.57
12,31,0.62
31,12,0.62
12,32,0.82
32,12,0.82
12,33,0.94
33,12,0.94
12,34,0.73
34,12,0.73
12,35,0.58
35,12,0.58
12,50,0.61
50,12,0.61
12,51,0.69
51,12,0.69
12,52,0.64
52,12,0.64
13,14,1.00
14,13,1.00
13,15,0.70
15,13,0.70
13,17,0.57
17,13,0.57
13,18,0.65
18,13,0.65
13,19,0.63
19,13,0.63
13,20,0.58
20,13,0.58
13,32,0.60
32,13,0.60
13,33,0.67
33,13,0.67
13,50,0.58
50,13,0.58
13,51,0.69
51,13,0.69
13,52,0.58
52,13,0.58
14,15,1.00
15,14,1.00
14,16,0.74
16,14,0.74
14,17,0.74
17,14,0.74
14,18,0.77
18,14,0.77
14,19,0.73
19,14,0.73
14,20,0.60
20,14,0.60
14,32,0.59
32,14,0.59
14,33,0.62
33,14,0.62
15,16,1.00
16,15,1.00
15,17,0.81
17,15,0.81
15,18,0.69
18,15,0.69
15,19,0.62
19,15,0.62
15,32,0.59
32,15,0.59
16,17,1.00
17,16,1.00
16,18,0.72
18,16,0.72
16,19,0.61
19,16,0.61
16,25,0.59
25,16,0.59
17,18,1.00
18,17,1.00
17,19,0.80
19,17,0.80
17,20,0.63
20,17,0.63
17,23,0.64
23,17,0.64
17,24,0.64
24,17,0.64
17,25,0.73
25,17,0.73
17,26,0.65
26,17,0.65
17,27,0.62
27,17,0.62
17,32,0.58
32,17,0.58
17,33,0.59
33,17,0.59
18,19,1.00
19,18,1.00
18,20,0.87
20,18,0.87
18,21,0.69
21,18,0.69
18,22,0.61
22,18,0.61
18,23,0.65
23,18,0.65
18,24,0.66
24,18,0.66
18,25,0.66
25,18,0.66
18,26,0.64
26,18,0.64
18,27,0.65
27,18,0.65
18,32,0.62
32,18,0.62
18,33,0.70
33,18,0.70
19,20,1.00
20,19,1.00
19,21,0.80
21,19,0.80
19,22,0.73
22,19,0.73
19,23,0.70
23,19,0.70
19,24,0.63
24,19,0.63
19,25,0.58
25,19,0.58
20,21,1.00
21,20,1.00
20,22,0.74
22,20,0.74
20,23,0.64
23,20,0.64
20,24,0.63
24,20,0.63
20,33,0.59
33,20,0.59
21,22,1.00
22,21,1.00
21,23,0.76
23,21,0.76
21,24,0.73
24,21,0.73
22,23,1.00
23,22,1.00
22,24,0.80
24,22,0.80
22,25,0.60
25,22,0.60
23,24,1.00
24,23,1.00
23,25,0.79
25,23,0.79
23,26,0.61
26,23,0.61
24,25,1.00
25,24,1.00
24,26,0.83
26,24,0.83
24,27,0.64
27,24,0.64
25,26,1.00
26,25,1.00
25,27,0.71
27,25,0.71
25,28,0.57
28,25,0.57
26,27,1.00
27,26,1.00
26,28,0.78
28,26,0.78
26,29,0.60
29,26,0.60
27,28,1.00
28,27,1.00
27,29,0.82
29,27,0.82
27,30,0.71
30,27,0.71
27,31,0.62
31,27,0.62
27,32,0.64
32,27,0.64
27,33,0.64
33,27,0.64
28,29,1.00
29,28,1.00
28,30,0.73
30,28,0.73
28,31,0.58
31,28,0.58
29,30,1.00
30,29,1.00
29,31,0.72
31,29,0.72
29,32,0.60
32,29,0.60
29,33,0.61
33,29,0.61
29,34,0.61
34,29,0.61
29,35,0.61
35,29,0.61
29,36,0.64
36,29,0.64
29,37,0.70
37,29,0.70
30,31,1.00
31,30,1.00
30,32,0.77
32,30,0.77
30,33,0.78
33,30,0.78
30,34,0.84
34,30,0.84
30,35,0.84
35,30,0.84
30,36,0.83
36,30,0.83
30,37,0.82
37,30,0.82
30,38,0.63
38,30,0.63
31,32,1.00
32,31,1.00
31,33,0.81
33,31,0.81
31,34,0.81
34,31,0.81
31,35,0.88
35,31,0.88
31,36,0.85
36,31,0.85
31,37,0.92
37,31,0.92
31,38,0.82
38,31,0.82
31,39,0.72
39,31,0.72
31,40,0.57
40,31,0.57
32,33,1.00
33,32,1.00
32,34,0.79
34,32,0.79
32,35,0.71
35,32,0.71
32,36,0.62
36,32,0.62
32,37,0.64
37,32,0.64
32,38,0.64
38,32,0.64
32,39,0.64
39,32,0.64
33,34,1.00
34,33,1.00
33,35,0.73
35,33,0.73
33,36,0.58
36,33,0.58
34,35,1.00
35,34,1.00
34,36,0.71
36,34,0.71
34,37,0.60
37,34,0.60
34,52,0.64
52,34,0.64
35,36,1.00
36,35,1.00
35,37,0.75
37,35,0.75
35,38,0.68
38,35,0.68
35,39,0.66
39,35,0.66
35,40,0.61
40,35,0.61
35,52,0.59
52,35,0.59
36,37,1.00
37,36,1.00
36,38,0.82
38,36,0.82
36,39,0.68
39,36,0.68
36,40,0.65
40,36,0.65
37,38,1.00
38,37,1.00
37,39,0.71
39,37,0.71
37,40,0.61
40,37,0.61
38,39,1.00
39,38,1.00
38,40,0.79
40,38,0.79
38,41,0.62
41,38,0.62
39,40,1.00
40,39,1.00
39,41,0.86
41,39,0.86
39,42,0.67
42,39,0.67
40,41,1.00
41,40,1.00
40,42,0.71
42,40,0.71
41,42,1.00
42,41,1.00
41,43,0.72
43,41,0.72
41,44,0.59
44,41,0.59
41,47,0.72
47,41,0.72
41,48,0.60
48,41,0.60
41,50,0.58
50,41,0.58
42,43,1.00
43,42,1.00
42,44,0.82
44,42,0.82
42,45,0.66
45,42,0.66
42,46,0.64
46,42,0.64
42,47,0.80
47,42,0.80
42,48,0.71
48,42,0.71
42,49,0.57
49,42,0.57
43,44,1.00
44,43,1.00
43,45,0.77
45,43,0.77
43,46,0.71
46,43,0.71
43,47,0.87
47,43,0.87
43,48,0.96
48,43,0.96
43,49,0.70
49,43,0.70
43,50,0.61
50,43,0.61
44,45,1.00
45,44,1.00
44,46,0.74
46,44,0.74
44,47,0.74
47,44,0.74
44,48,0.76
48,44,0.76
45,46,1.00
46,45,1.00
45,47,0.80
47,45,0.80
45,48,0.75
48,45,0.75
46,47,1.00
47,46,1.00
46,48,0.82
48,46,0.82
46,49,0.63
49,46,0.63
46,50,0.58
50,46,0.58
46,57,0.69
57,46,0.69
46,58,0.68
58,46,0.68
46,59,0.59
59,46,0.59
47,48,1.00
48,47,1.00
47,49,0.77
49,47,0.77
47,50,0.74
50,47,0.74
47,56,0.58
56,47,0.58
47,57,0.70
57,47,0.70
47,58,0.60
58,47,0.60
48,49,1.00
49,48,1.00
48,50,0.78
50,48,0.78
49,50,1.00
50,49,1.00
49,51,0.73
51,49,0.73
49,52,0.58
52,49,0.58
50,51,1.00
51,50,1.00
50,52,0.80
52,50,0.80
50,53,0.66
53,50,0.66
50,57,0.58
57,50,0.58
51,52,1.00
52,51,1.00
51,53,0.73
53,51,0.73
52,53,1.00
53,52,1.00
52,54,0.72
54,52,0.72
52,55,0.58
55,52,0.58
52,56,0.58
56,52,0.58
52,57,0.58
57,52,0.58
52,73,0.59
73,52,0.59
53,54,1.00
54,53,1.00
53,55,0.79
55,53,0.79
53,56,0.73
56,53,0.73
53,57,0.70
57,53,0.70
53,71,0.59
71,53,0.59
53,73,0.68
73,53,0.68
54,55,1.00
55,54,1.00
54,56,0.77
56,54,0.77
54,57,0.64
57,54,0.64
54,69,0.60
69,54,0.60
54,70,0.68
70,54,0.68
54,71,0.81
71,54,0.81
54,72,0.76
72,54,0.76
54,73,0.89
73,54,0.89
55,56,1.00
56,55,1.00
55,57,0.76
57,55,0.76
55,58,0.63
58,55,0.63
55,68,0.57
68,55,0.57
55,69,0.77
69,55,0.77
55,70,0.80
70,55,0.80
55,71,0.90
71,55,0.90
55,72,0.68
72,55,0.68
55,73,0.67
73,55,0.67
56,57,1.00
57,56,1.00
56,58,0.79
58,56,0.79
56,59,0.58
59,56,0.58
56,69,0.63
69,56,0.63
56,70,0.60
70,56,0.60
56,71,0.67
71,56,0.67
57,58,1.00
58,57,1.00
57,59,0.71
59,57,0.71
58,59,1.00
59,58,1.00
58,60,0.71
60,58,0.71
58,61,0.60
61,58,0.60
58,64,0.59
64,58,0.59
58,65,0.57
65,58,0.57
58,66,0.60
66,58,0.60
59,60,1.00
60,59,1.00
59,61,0.84
61,59,0.84
59,62,0.63
62,59,0.63
59,63,0.58
63,59,0.58
59,64,0.70
64,59,0.70
59,65,0.67
65,59,0.67
59,66,0.64
66,59,0.64
60,61,1.00
61,60,1.00
60,62,0.72
62,60,0.72
60,63,0.69
63,60,0.69
60,64,0.88
64,60,0.88
60,65,0.91
65,60,0.91
60,66,0.76
66,60,0.76
60,67,0.59
67,60,0.59
61,62,1.00
62,61,1.00
61,63,0.80
63,61,0.80
61,64,0.83
64,61,0.83
61,65,0.72
65,61,0.72
61,66,0.57
66,61,0.57
62,63,1.00
63,62,1.00
62,64,0.80
64,62,0.80
62,65,0.62
65,62,0.62
63,64,1.00
64,63,1.00
63,65,0.72
65,63,0.72
64,65,1.00
65,64,1.00
64,66,0.72
66,64,0.72
65,66,1.00
66,65,1.00
65,67,0.71
67,65,0.71
66,67,1.00
67,66,1.00
66,68,0.71
68,66,0.71
66,69,0.73
69,66,0.73
67,68,1.00
68,67,1.00
67,69,0.86
69,67,0.86
67,70,0.63
70,67,0.63
68,69,1.00
69,68,1.00
68,70,0.83
70,68,0.83
68,71,0.61
71,68,0.61
69,70,1.00
70,69,1.00
69,71,0.75
71,69,0.75
70,71,1.00
71,70,1.00
70,72,0.77
72,70,0.77
70,73,0.62
73,70,0.62
71,72,1.00
72,71,1.00
71,73,0.77
73,71,0.77
72,73,1.00
73,72,1.00
