1,2,1.00
2,1,1.00
1,3,0.78
3,1,0.78
1,4,0.66
4,1,0.66
1,5,0.68
5,1,0.68
1,6,0.66
6,1,0.66
1,9,0.60
9,1,0.60
2,3,1.00
3,2,1.00
2,4,0.79
4,2,0.79
2,5,0.87
5,2,0.87
2,6,0.86
6,2,0.86
2,7,0.68
7,2,0.68
2,8,0.63
8,2,0.63
2,9,0.79
9,2,0.79
2,10,0.70
10,2,0.70
3,4,1.00
4,3,1.00
3,5,0.84
5,3,0.84
3,6,0.70
6,3,0.70
3,7,0.60
7,3,0.60
3,8,0.59
8,3,0.59
3,9,0.71
9,3,0.71
3,10,0.71
10,3,0.71
3,17,0.60
17,3,0.60
4,5,1.00
5,4,1.00
4,6,0.70
6,4,0.70
4,7,0.58
7,4,0.58
4,53,0.60
53,4,0.60
5,6,1.00
6,5,1.00
5,7,0.74
7,5,0.74
5,8,0.60
8,5,0.60
5,9,0.63
9,5,0.63
5,55,0.58
55,5,0.58
6,7,1.00
7,6,1.00
6,8,0.74
8,6,0.74
6,9,0.74
9,6,0.74
7,8,1.00
8,7,1.00
7,9,0.80
9,7,0.80
7,10,0.60
10,7,0.60
8,9,1.00
9,8,1.00
8,10,0.73
10,8,0.73
8,11,0.61
11,8,0.61
9,10,1.00
10,9,1.00
9,11,0.76
11,9,0.76
9,15,0.61
15,9,0.61
10,11,1.00
11,10,1.00
10,12,0.69
12,10,0.69
10,13,0.64
13,10,0.64
10,14,0.61
14,10,0.61
10,15,0.77
15,10,0.77
10,16,0.66
16,10,0.66
10,17,0.64
17,10,0.64
11,12,1.00
12,11,1.00
11,13,0.83
13,11,0.83
11,14,0.69
14,11,0.69
11,15,0.74
15,11,0.74
11,16,0.57
16,11,0.57
12,13,1.00
13,12,1.00
12,14,0.72
14,12,0.72
12,15,0.67
15,12,0.67
13,14,1.00
14,13,1.00
13,15,0.78
15,13,0.78
13,16,0.57
16,13,0.57
14,15,1.00
15,14,1.00
14,16,0.72
16,14,0.72
14,17,0.61
17,14,0.61
15,16,1.00
16,15,1.00
15,17,0.81
17,15,0.81
15,18,0.61
18,15,0.61
16,17,1.00
17,16,1.00
16,18,0.74
18,16,0.74
16,19,0.60
19,16,0.60
17,18,1.00
18,17,1.00
17,19,0.83
19,17,0.83
17,20,0.64
20,17,0.64
17,23,0.58
23,17,0.58
18,19,1.00
19,18,1.00
18,20,0.86
20,18,0.86
18,21,0.63
21,18,0.63
18,23,0.68
23,18,0.68
18,24,0.72
24,18,0.72
18,25,0.62
25,18,0.62
18,44,0.58
44,18,0.58
18,46,0.65
46,18,0.65
19,20,1.00
20,19,1.00
19,21,0.83
21,19,0.83
19,22,0.74
22,19,0.74
19,23,0.92
23,19,0.92
19,24,0.81
24,19,0.81
19,25,0.63
25,19,0.63
19,26,0.61
26,19,0.61
20,21,1.00
21,20,1.00
20,22,0.76
22,20,0.76
20,23,0.83
23,20,0.83
20,24,0.90
24,20,0.90
20,25,0.64
25,20,0.64
20,46,0.59
46,20,0.59
21,22,1.00
22,21,1.00
21,23,0.84
23,21,0.84
21,24,0.77
24,21,0.77
22,23,1.00
23,22,1.00
22,24,0.78
24,22,0.78
22,25,0.59
25,22,0.59
22,26,0.62
26,22,0.62
23,24,1.00
24,23,1.00
23,25,0.76
25,23,0.76
23,26,0.81
26,23,0.81
23,27,0.64
27,23,0.64
23,44,0.62
44,23,0.62
24,25,1.00
25,24,1.00
24,26,0.83
26,24,0.83
24,27,0.63
27,24,0.63
24,44,0.70
44,24,0.70
24,45,0.64
45,24,0.64
24,46,0.72
46,24,0.72
24,47,0.57
47,24,0.57
25,26,1.00
26,25,1.00
25,27,0.74
27,25,0.74
25,43,0.67
43,25,0.67
25,44,0.98
44,25,0.98
25,45,0.87
45,25,0.87
25,46,0.84
46,25,0.84
25,47,0.66
47,25,0.66
26,27,1.00
27,26,1.00
26,28,0.71
28,26,0.71
26,29,0.59
29,26,0.59
26,43,0.69
43,26,0.69
26,44,0.94
44,26,0.94
26,45,0.69
45,26,0.69
26,46,0.61
46,26,0.61
27,28,1.00
28,27,1.00
27,29,0.82
29,27,0.82
27,30,0.69
30,27,0.69
27,31,0.69
31,27,0.69
27,32,0.61
32,27,0.61
27,43,0.60
43,27,0.60
27,44,0.70
44,27,0.70
28,29,1.00
29,28,1.00
28,30,0.71
30,28,0.71
28,31,0.69
31,28,0.69
28,32,0.66
32,28,0.66
29,30,1.00
30,29,1.00
29,31,0.83
31,29,0.83
29,32,0.73
32,29,0.73
30,31,1.00
31,30,1.00
30,32,0.74
32,30,0.74
31,32,1.00
32,31,1.00
31,33,0.74
33,31,0.74
31,34,0.58
34,31,0.58
32,33,1.00
33,32,1.00
32,34,0.74
34,32,0.74
32,35,0.58
35,32,0.58
33,34,1.00
34,33,1.00
33,35,0.79
35,33,0.79
33,36,0.69
36,33,0.69
33,37,0.66
37,33,0.66
34,35,1.00
35,34,1.00
34,36,0.81
36,34,0.81
34,37,0.67
37,34,0.67
35,36,1.00
36,35,1.00
35,37,0.72
37,35,0.72
36,37,1.00
37,36,1.00
36,38,0.71
38,36,0.71
36,39,0.58
39,36,0.58
37,38,1.00
38,37,1.00
37,39,0.76
39,37,0.76
37,40,0.71
40,37,0.71
37,41,0.64
41,37,0.64
37,42,0.61
42,37,0.61
37,64,0.68
64,37,0.68
37,65,0.63
65,37,0.63
37,66,0.61
66,37,0.61
38,39,1.00
39,38,1.00
38,40,0.82
40,38,0.82
38,41,0.67
41,38,0.67
38,42,0.64
42,38,0.64
38,61,0.58
61,38,0.58
38,63,0.66
63,38,0.66
38,64,0.86
64,38,0.86
38,65,0.88
65,38,0.88
38,66,0.79
66,38,0.79
38,67,0.58
67,38,0.58
39,40,1.00
40,39,1.00
39,41,0.70
41,39,0.70
39,42,0.60
42,39,0.60
39,61,0.77
61,39,0.77
39,62,0.71
62,39,0.71
39,63,0.75
63,39,0.75
39,64,0.82
64,39,0.82
39,65,0.84
65,39,0.84
39,66,0.64
66,39,0.64
40,41,1.00
41,40,1.00
40,42,0.75
42,40,0.75
40,43,0.58
43,40,0.58
40,60,0.64
60,40,0.64
40,61,0.92
61,40,0.92
40,62,0.88
62,40,0.88
40,63,0.93
63,40,0.93
40,64,0.91
64,40,0.91
40,65,0.73
65,40,0.73
40,66,0.58
66,40,0.58
41,42,1.00
42,41,1.00
41,43,0.80
43,41,0.80
41,44,0.58
44,41,0.58
41,50,0.58
50,41,0.58
41,51,0.69
51,41,0.69
41,61,0.72
61,41,0.72
41,62,0.78
62,41,0.78
41,63,0.92
63,41,0.92
41,64,0.89
64,41,0.89
41,65,0.63
65,41,0.63
42,43,1.00
43,42,1.00
42,44,0.71
44,42,0.71
42,45,0.66
45,42,0.66
42,51,0.60
51,42,0.60
42,62,0.62
62,42,0.62
42,63,0.80
63,42,0.80
42,64,0.92
64,42,0.92
42,65,0.64
65,42,0.64
42,66,0.59
66,42,0.59
43,44,1.00
44,43,1.00
43,45,0.84
45,43,0.84
43,46,0.62
46,43,0.62
43,50,0.60
50,43,0.60
43,51,0.65
51,43,0.65
43,63,0.62
63,43,0.62
43,64,0.64
64,43,0.64
44,45,1.00
45,44,1.00
44,46,0.77
46,44,0.77
44,47,0.61
47,44,0.61
45,46,1.00
46,45,1.00
45,47,0.84
47,45,0.84
45,48,0.71
48,45,0.71
45,49,0.75
49,45,0.75
45,50,0.66
50,45,0.66
45,51,0.61
51,45,0.61
46,47,1.00
47,46,1.00
46,48,0.79
48,46,0.79
46,49,0.77
49,46,0.77
46,50,0.60
50,46,0.60
47,48,1.00
48,47,1.00
47,49,0.78
49,47,0.78
47,50,0.59
50,47,0.59
48,49,1.00
49,48,1.00
48,50,0.71
50,48,0.71
49,50,1.00
50,49,1.00
49,51,0.72
51,49,0.72
49,52,0.61
52,49,0.61
50,51,1.00
51,50,1.00
50,52,0.79
52,50,0.79
50,53,0.60
53,50,0.60
50,62,0.60
62,50,0.60
50,63,0.59
63,50,0.59
51,52,1.00
52,51,1.00
51,53,0.81
53,51,0.81
51,54,0.60
54,51,0.60
51,58,0.58
58,51,0.58
51,61,0.57
61,51,0.57
51,62,0.65
62,51,0.65
51,63,0.62
63,51,0.62
52,53,1.00
53,52,1.00
52,54,0.72
54,52,0.72
52,55,0.59
55,52,0.59
52,57,0.58
57,52,0.58
52,58,0.69
58,52,0.69
52,59,0.57
59,52,0.57
53,54,1.00
54,53,1.00
53,55,0.76
55,53,0.76
53,56,0.61
56,53,0.61
53,57,0.65
57,53,0.65
53,58,0.76
58,53,0.76
53,59,0.63
59,53,0.63
54,55,1.00
55,54,1.00
54,56,0.76
56,54,0.76
54,57,0.84
57,54,0.84
54,58,0.92
58,54,0.92
54,59,0.73
59,54,0.73
54,60,0.58
60,54,0.58
55,56,1.00
56,55,1.00
55,57,0.83
57,55,0.83
55,58,0.71
58,55,0.71
55,59,0.57
59,55,0.57
56,57,1.00
57,56,1.00
56,58,0.71
58,56,0.71
57,58,1.00
58,57,1.00
57,59,0.74
59,57,0.74
57,60,0.58
60,57,0.58
58,59,1.00
59,58,1.00
58,60,0.78
60,58,0.78
58,61,0.61
61,58,0.61
59,60,1.00
60,59,1.00
59,61,0.76
61,59,0.76
59,62,0.60
62,59,0.60
60,61,1.00
61,60,1.00
60,62,0.78
62,60,0.78
60,63,0.58
63,60,0.58
61,62,1.00
62,61,1.00
61,63,0.76
63,61,0.76
61,64,0.63
64,61,0.63
62,63,1.00
63,62,1.00
62,64,0.72
64,62,0.72
62,65,0.63
65,62,0.63
63,64,1.00
64,63,1.00
63,65,0.80
65,63,0.80
63,66,0.61
66,63,0.61
64,65,1.00
65,64,1.00
64,66,0.80
66,64,0.80
64,67,0.60
67,64,0.60
65,66,1.00
66,65,1.00
65,67,0.75
67,65,0.75
65,68,0.58
68,65,0.58
66,67,1.00
67,66,1.00
66,68,0.74
68,66,0.74
66,69,0.64
69,66,0.64
67,68,1.00
68,67,1.00
67,69,0.80
69,67,0.80
67,70,0.60
70,67,0.60
68,69,1.00
69,68,1.00
68,70,0.79
70,68,0.79
68,71,0.59
71,68,0.59
69,70,1.00
70,69,1.00
69,71,0.70
71,69,0.70
69,72,0.58
72,69,0.58
70,71,1.00
71,70,1.00
70,72,0.76
72,70,0.76
70,73,0.62
73,70,0.62
71,72,1.00
72,71,1.00
71,73,0.73
73,71,0.73
72,73,1.00
73,72,1.00
