1,2,1.00
2,1,1.00
1,3,0.75
3,1,0.75
1,4,0.76
4,1,0.76
2,3,1.00
3,2,1.00
2,4,0.80
4,2,0.80
2,5,0.59
5,2,0.59
3,4,1.00
4,3,1.00
3,5,0.77
5,3,0.77
3,6,0.61
6,3,0.61
4,5,1.00
5,4,1.00
4,6,0.71
6,4,0.71
4,7,0.59
7,4,0.59
4,8,0.64
8,4,0.64
4,10,0.61
10,4,0.61
5,6,1.00
6,5,1.00
5,7,0.75
7,5,0.75
5,8,0.74
8,5,0.74
5,9,0.65
9,5,0.65
5,10,0.71
10,5,0.71
6,7,1.00
7,6,1.00
6,8,0.79
8,6,0.79
6,9,0.66
9,6,0.66
6,10,0.64
10,6,0.64
7,8,1.00
8,7,1.00
7,9,0.78
9,7,0.78
7,10,0.64
10,7,0.64
8,9,1.00
9,8,1.00
8,10,0.78
10,8,0.78
9,10,1.00
10,9,1.00
9,11,0.73
11,9,0.73
10,11,1.00
11,10,1.00
10,12,0.75
12,10,0.75
10,13,0.58
13,10,0.58
11,12,1.00
12,11,1.00
11,13,0.79
13,11,0.79
11,14,0.73
14,11,0.73
11,15,0.65
15,11,0.65
12,13,1.00
13,12,1.00
12,14,0.75
14,12,0.75
12,15,0.60
15,12,0.60
13,14,1.00
14,13,1.00
13,15,0.72
15,13,0.72
14,15,1.00
15,14,1.00
14,16,0.72
16,14,0.72
15,16,1.00
16,15,1.00
15,17,0.76
17,15,0.76
15,18,0.70
18,15,0.70
16,17,1.00
17,16,1.00
16,18,0.79
18,16,0.79
16,19,0.58
19,16,0.58
16,20,0.57
20,16,0.57
17,18,1.00
18,17,1.00
17,19,0.73
19,17,0.73
17,20,0.76
20,17,0.76
18,19,1.00
19,18,1.00
18,20,0.83
20,18,0.83
18,21,0.59
21,18,0.59
19,20,1.00
20,19,1.00
19,21,0.73
21,19,0.73
19,22,0.72
22,19,0.72
20,21,1.00
21,20,1.00
20,22,0.80
22,20,0.80
20,23,0.61
23,20,0.61
21,22,1.00
22,21,1.00
21,23,0.81
23,21,0.81
21,24,0.63
24,21,0.63
21,25,0.58
25,21,0.58
22,23,1.00
23,22,1.00
22,24,0.76
24,22,0.76
22,25,0.62
25,22,0.62
23,24,1.00
24,23,1.00
23,25,0.83
25,23,0.83
23,26,0.67
26,23,0.67
24,25,1.00
25,24,1.00
24,26,0.74
26,24,0.74
24,40,0.58
40,24,0.58
24,41,0.58
41,24,0.58
25,26,1.00
26,25,1.00
25,27,0.70
27,25,0.70
25,28,0.58
28,25,0.58
25,40,0.63
40,25,0.63
25,41,0.67
41,25,0.67
26,27,1.00
27,26,1.00
26,28,0.76
28,26,0.76
26,29,0.58
29,26,0.58
26,39,0.59
39,26,0.59
26,40,0.78
40,26,0.78
26,41,0.84
41,26,0.84
26,42,0.61
42,26,0.61
27,28,1.00
28,27,1.00
27,29,0.78
29,27,0.78
27,30,0.65
30,27,0.65
27,31,0.60
31,27,0.60
27,32,0.60
32,27,0.60
27,39,0.59
39,27,0.59
27,40,0.70
40,27,0.70
27,41,0.72
41,27,0.72
28,29,1.00
29,28,1.00
28,30,0.72
30,28,0.72
28,31,0.63
31,28,0.63
28,32,0.58
32,28,0.58
28,40,0.61
40,28,0.61
28,41,0.70
41,28,0.70
29,30,1.00
30,29,1.00
29,31,0.77
31,29,0.77
29,32,0.62
32,29,0.62
30,31,1.00
31,30,1.00
30,32,0.73
32,30,0.73
31,32,1.00
32,31,1.00
31,33,0.74
33,31,0.74
31,34,0.60
34,31,0.60
32,33,1.00
33,32,1.00
32,34,0.78
34,32,0.78
32,35,0.58
35,32,0.58
32,39,0.67
39,32,0.67
32,40,0.58
40,32,0.58
33,34,1.00
34,33,1.00
33,35,0.77
35,33,0.77
33,36,0.59
36,33,0.59
33,38,0.58
38,33,0.58
33,39,0.63
39,33,0.63
34,35,1.00
35,34,1.00
34,36,0.80
36,34,0.80
34,37,0.72
37,34,0.72
34,38,0.79
38,34,0.79
34,39,0.79
39,34,0.79
34,40,0.59
40,34,0.59
35,36,1.00
36,35,1.00
35,37,0.77
37,35,0.77
35,38,0.70
38,35,0.70
35,39,0.61
39,35,0.61
36,37,1.00
37,36,1.00
36,38,0.77
38,36,0.77
36,39,0.62
39,36,0.62
37,38,1.00
38,37,1.00
37,39,0.70
39,37,0.70
38,39,1.00
39,38,1.00
38,40,0.72
40,38,0.72
38,41,0.60
41,38,0.60
38,42,0.60
42,38,0.60
39,40,1.00
40,39,1.00
39,41,0.76
41,39,0.76
39,42,0.65
42,39,0.65
40,41,1.00
41,40,1.00
40,42,0.76
42,40,0.76
41,42,1.00
42,41,1.00
43,44,1.00
44,43,1.00
43,45,0.78
45,43,0.78
43,46,0.59
46,43,0.59
43,52,0.64
52,43,0.64
43,53,0.67
53,43,0.67
43,54,0.75
54,43,0.75
43,55,0.76
55,43,0.76
43,56,0.57
56,43,0.57
44,45,1.00
45,44,1.00
44,46,0.78
46,44,0.78
44,47,0.60
47,44,0.60
44,52,0.63
52,44,0.63
44,53,0.59
53,44,0.59
44,54,0.59
54,44,0.59
44,55,0.60
55,44,0.60
45,46,1.00
46,45,1.00
45,47,0.75
47,45,0.75
45,48,0.72
48,45,0.72
45,49,0.60
49,45,0.60
45,50,0.60
50,45,0.60
45,51,0.66
51,45,0.66
45,52,0.80
52,45,0.80
45,53,0.65
53,45,0.65
45,54,0.58
54,45,0.58
45,66,0.57
66,45,0.57
46,47,1.00
47,46,1.00
46,48,0.81
48,46,0.81
46,49,0.65
49,46,0.65
46,50,0.59
50,46,0.59
46,51,0.59
51,46,0.59
46,52,0.63
52,46,0.63
46,73,0.61
73,46,0.61
47,48,1.00
48,47,1.00
47,49,0.74
49,47,0.74
47,50,0.59
50,47,0.59
47,68,0.65
68,47,0.65
47,69,0.58
69,47,0.58
47,70,0.61
70,47,0.61
47,71,0.65
71,47,0.65
47,72,0.77
72,47,0.77
47,73,0.82
73,47,0.82
48,49,1.00
49,48,1.00
48,50,0.75
50,48,0.75
48,51,0.63
51,48,0.63
48,52,0.62
52,48,0.62
48,66,0.60
66,48,0.60
48,67,0.68
67,48,0.68
48,68,0.88
68,48,0.88
48,69,0.79
69,48,0.79
48,70,0.80
70,48,0.80
48,71,0.82
71,48,0.82
48,72,0.80
72,48,0.80
48,73,0.78
73,48,0.78
49,50,1.00
50,49,1.00
49,51,0.72
51,49,0.72
49,52,0.62
52,49,0.62
49,66,0.59
66,49,0.59
49,67,0.62
67,49,0.62
49,68,0.75
68,49,0.75
49,69,0.88
69,49,0.88
49,70,1.00
70,49,1.00
49,71,0.78
71,49,0.78
49,72,0.68
72,49,0.68
49,73,0.59
73,49,0.59
50,51,1.00
51,50,1.00
50,52,0.74
52,50,0.74
50,53,0.57
53,50,0.57
50,66,0.65
66,50,0.65
50,67,0.60
67,50,0.60
50,68,0.63
68,50,0.63
50,69,0.77
69,50,0.77
50,70,0.76
70,50,0.76
50,71,0.59
71,50,0.59
51,52,1.00
52,51,1.00
51,53,0.77
53,51,0.77
51,64,0.61
64,51,0.61
51,65,0.59
65,51,0.59
51,66,0.68
66,51,0.68
51,69,0.61
69,51,0.61
52,53,1.00
53,52,1.00
52,54,0.72
54,52,0.72
52,55,0.60
55,52,0.60
52,58,0.58
58,52,0.58
52,60,0.58
60,52,0.58
52,64,0.64
64,52,0.64
52,65,0.69
65,52,0.69
52,66,0.77
66,52,0.77
52,67,0.63
67,52,0.63
53,54,1.00
54,53,1.00
53,55,0.77
55,53,0.77
53,56,0.62
56,53,0.62
53,57,0.60
57,53,0.60
53,58,0.79
58,53,0.79
53,59,0.67
59,53,0.67
53,60,0.72
60,53,0.72
53,64,0.62
64,53,0.62
53,65,0.63
65,53,0.63
53,66,0.62
66,53,0.62
54,55,1.00
55,54,1.00
54,56,0.77
56,54,0.77
54,57,0.78
57,54,0.78
54,58,1.00
58,54,1.00
54,59,0.83
59,54,0.83
54,60,0.73
60,54,0.73
55,56,1.00
56,55,1.00
55,57,0.82
57,55,0.82
55,58,0.84
58,55,0.84
55,59,0.65
59,55,0.65
56,57,1.00
57,56,1.00
56,58,0.84
58,56,0.84
56,59,0.63
59,56,0.63
57,58,1.00
58,57,1.00
57,59,0.81
59,57,0.81
57,60,0.61
60,57,0.61
58,59,1.00
59,58,1.00
58,60,0.82
60,58,0.82
58,61,0.60
61,58,0.60
59,60,1.00
60,59,1.00
59,61,0.76
61,59,0.76
60,61,1.00
61,60,1.00
60,62,0.74
62,60,0.74
60,63,0.69
63,60,0.69
60,64,0.72
64,60,0.72
60,65,0.68
65,60,0.68
61,62,1.00
62,61,1.00
61,63,0.82
63,61,0.82
61,64,0.70
64,61,0.70
61,65,0.65
65,61,0.65
62,63,1.00
63,62,1.00
62,64,0.74
64,62,0.74
62,65,0.62
65,62,0.62
63,64,1.00
64,63,1.00
63,65,0.81
65,63,0.81
63,66,0.62
66,63,0.62
64,65,1.00
65,64,1.00
64,66,0.81
66,64,0.81
64,67,0.59
67,64,0.59
65,66,1.00
66,65,1.00
65,67,0.72
67,65,0.72
66,67,1.00
67,66,1.00
66,68,0.72
68,66,0.72
66,69,0.72
69,66,0.72
67,68,1.00
68,67,1.00
67,69,0.84
69,67,0.84
67,70,0.61
70,67,0.61
67,71,0.61
71,67,0.61
68,69,1.00
69,68,1.00
68,70,0.77
70,68,0.77
68,71,0.86
71,68,0.86
68,72,0.70
72,68,0.70
68,73,0.71
73,68,0.71
69,70,1.00
70,69,1.00
69,71,0.85
71,69,0.85
69,72,0.63
72,69,0.63
69,73,0.57
73,69,0.57
70,71,1.00
71,70,1.00
70,72,0.73
72,70,0.73
70,73,0.59
73,70,0.59
71,72,1.00
72,71,1.00
71,73,0.76
73,71,0.76
72,73,1.00
73,72,1.00
