1,4,0.64
4,1,0.64
1,5,0.61
5,1,0.61
1,6,0.75
6,1,0.75
1,7,0.64
7,1,0.64
1,8,0.66
8,1,0.66
1,9,0.75
9,1,0.75
1,10,0.61
10,1,0.61
2,3,1.00
3,2,1.00
4,5,1.00
5,4,1.00
4,6,0.78
6,4,0.78
4,7,0.58
7,4,0.58
5,6,1.00
6,5,1.00
5,7,0.73
7,5,0.73
5,8,0.58
8,5,0.58
6,7,1.00
7,6,1.00
6,8,0.80
8,6,0.80
6,9,0.67
9,6,0.67
7,8,1.00
8,7,1.00
7,9,0.71
9,7,0.71
7,10,0.58
10,7,0.58
8,9,1.00
9,8,1.00
8,10,0.78
10,8,0.78
9,10,1.00
10,9,1.00
9,11,0.72
11,9,0.72
10,11,1.00
11,10,1.00
10,12,0.75
12,10,0.75
10,13,0.67
13,10,0.67
10,14,0.70
14,10,0.70
10,15,0.60
15,10,0.60
11,12,1.00
12,11,1.00
11,13,0.77
13,11,0.77
11,14,0.68
14,11,0.68
11,15,0.57
15,11,0.57
12,13,1.00
13,12,1.00
12,14,0.74
14,12,0.74
12,15,0.59
15,12,0.59
13,14,1.00
14,13,1.00
13,15,0.76
15,13,0.76
14,15,1.00
15,14,1.00
14,16,0.74
16,14,0.74
15,16,1.00
16,15,1.00
15,17,0.71
17,15,0.71
15,18,0.60
18,15,0.60
16,17,1.00
17,16,1.00
16,18,0.77
18,16,0.77
16,19,0.58
19,16,0.58
17,18,1.00
18,17,1.00
17,19,0.71
19,17,0.71
17,20,0.68
20,17,0.68
18,19,1.00
19,18,1.00
18,20,0.79
20,18,0.79
18,21,0.61
21,18,0.61
19,20,1.00
20,19,1.00
19,21,0.74
21,19,0.74
20,21,1.00
21,20,1.00
20,22,0.74
22,20,0.74
20,23,0.59
23,20,0.59
21,22,1.00
22,21,1.00
21,23,0.82
23,21,0.82
21,24,0.64
24,21,0.64
22,23,1.00
23,22,1.00
22,24,0.75
24,22,0.75
23,24,1.00
24,23,1.00
23,25,0.72
25,23,0.72
23,26,0.75
26,23,0.75
24,25,1.00
25,24,1.00
24,26,0.85
26,24,0.85
24,27,0.62
27,24,0.62
25,26,1.00
26,25,1.00
25,27,0.76
27,25,0.76
25,28,0.58
28,25,0.58
26,27,1.00
27,26,1.00
26,28,0.78
28,26,0.78
26,29,0.65
29,26,0.65
27,28,1.00
28,27,1.00
27,29,0.71
29,27,0.71
28,29,1.00
29,28,1.00
28,30,0.71
30,28,0.71
28,31,0.61
31,28,0.61
29,30,1.00
30,29,1.00
29,31,0.78
31,29,0.78
29,32,0.58
32,29,0.58
29,34,0.63
34,29,0.63
29,35,0.63
35,29,0.63
29,36,0.66
36,29,0.66
29,37,0.63
37,29,0.63
30,31,1.00
31,30,1.00
30,32,0.71
32,30,0.71
30,33,0.69
33,30,0.69
30,34,0.88
34,30,0.88
30,35,0.88
35,30,0.88
30,36,0.83
36,30,0.83
30,37,0.72
37,30,0.72
30,38,0.57
38,30,0.57
31,32,1.00
32,31,1.00
31,33,0.82
33,31,0.82
31,34,0.85
34,31,0.85
31,35,0.76
35,31,0.76
31,36,0.63
36,31,0.63
32,33,1.00
33,32,1.00
32,34,0.82
34,32,0.82
32,35,0.67
35,32,0.67
33,34,1.00
34,33,1.00
33,35,0.80
35,33,0.80
33,36,0.59
36,33,0.59
34,35,1.00
35,34,1.00
34,36,0.74
36,34,0.74
34,37,0.67
37,34,0.67
34,38,0.63
38,34,0.63
35,36,1.00
36,35,1.00
35,37,0.76
37,35,0.76
35,38,0.69
38,35,0.69
36,37,1.00
37,36,1.00
36,38,0.79
38,36,0.79
36,39,0.61
39,36,0.61
37,38,1.00
38,37,1.00
37,39,0.82
39,37,0.82
37,40,0.59
40,37,0.59
38,39,1.00
39,38,1.00
38,40,0.72
40,38,0.72
38,41,0.65
41,38,0.65
38,42,0.66
42,38,0.66
39,40,1.00
40,39,1.00
39,41,0.78
41,39,0.78
39,42,0.67
42,39,0.67
40,41,1.00
41,40,1.00
40,42,0.72
42,40,0.72
41,42,1.00
42,41,1.00
41,43,0.76
43,41,0.76
42,43,1.00
43,42,1.00
42,44,0.72
44,42,0.72
42,45,0.64
45,42,0.64
43,44,1.00
44,43,1.00
43,45,0.83
45,43,0.83
43,46,0.59
46,43,0.59
44,45,1.00
45,44,1.00
44,46,0.73
46,44,0.73
44,47,0.69
47,44,0.69
45,46,1.00
46,45,1.00
45,47,0.78
47,45,0.78
45,48,0.59
48,45,0.59
46,47,1.00
47,46,1.00
46,48,0.75
48,46,0.75
46,49,0.59
49,46,0.59
47,48,1.00
48,47,1.00
47,49,0.71
49,47,0.71
48,49,1.00
49,48,1.00
48,50,0.78
50,48,0.78
48,51,0.67
51,48,0.67
49,50,1.00
50,49,1.00
49,51,0.75
51,49,0.75
50,51,1.00
51,50,1.00
50,52,0.73
52,50,0.73
50,53,0.60
53,50,0.60
51,52,1.00
52,51,1.00
51,53,0.80
53,51,0.80
51,54,0.71
54,51,0.71
52,53,1.00
53,52,1.00
52,54,0.80
54,52,0.80
52,55,0.66
55,52,0.66
52,56,0.66
56,52,0.66
52,57,0.60
57,52,0.60
53,54,1.00
54,53,1.00
53,55,0.76
55,53,0.76
53,56,0.65
56,53,0.65
53,57,0.61
57,53,0.61
54,55,1.00
55,54,1.00
54,56,0.75
56,54,0.75
54,57,0.61
57,54,0.61
55,56,1.00
56,55,1.00
55,57,0.76
57,55,0.76
55,58,0.64
58,55,0.64
56,57,1.00
57,56,1.00
56,58,0.78
58,56,0.78
56,59,0.58
59,56,0.58
57,58,1.00
58,57,1.00
57,59,0.72
59,57,0.72
58,59,1.00
59,58,1.00
58,60,0.77
60,58,0.77
58,61,0.72
61,58,0.72
59,60,1.00
60,59,1.00
59,61,0.81
61,59,0.81
59,62,0.59
62,59,0.59
60,61,1.00
61,60,1.00
60,62,0.74
62,60,0.74
60,63,0.64
63,60,0.64
60,64,0.64
64,60,0.64
61,62,1.00
62,61,1.00
61,63,0.75
63,61,0.75
61,64,0.64
64,61,0.64
62,63,1.00
63,62,1.00
62,64,0.72
64,62,0.72
63,64,1.00
64,63,1.00
63,65,0.74
65,63,0.74
63,66,0.60
66,63,0.60
63,70,0.60
70,63,0.60
64,65,1.00
65,64,1.00
64,66,0.80
66,64,0.80
64,67,0.66
67,64,0.66
64,68,0.63
68,64,0.63
65,66,1.00
66,65,1.00
65,67,0.89
67,65,0.89
65,68,0.82
68,65,0.82
65,69,0.64
69,65,0.64
65,70,0.61
70,65,0.61
66,67,1.00
67,66,1.00
66,68,0.74
68,66,0.74
66,69,0.59
69,66,0.59
67,68,1.00
68,67,1.00
67,69,0.76
69,67,0.76
67,70,0.61
70,67,0.61
68,69,1.00
69,68,1.00
68,70,0.81
70,68,0.81
68,71,0.59
71,68,0.59
69,70,1.00
70,69,1.00
69,71,0.74
71,69,0.74
70,71,1.00
71,70,1.00
70,72,0.74
72,70,0.74
71,72,1.00
72,71,1.00
71,73,0.75
73,71,0.75
72,73,1.00
73,72,1.00
