1,2,1.00
2,1,1.00
1,3,0.75
3,1,0.75
1,4,0.58
4,1,0.58
2,3,1.00
3,2,1.00
2,4,0.76
4,2,0.76
2,5,0.69
5,2,0.69
3,4,1.00
4,3,1.00
3,5,0.81
5,3,0.81
3,6,0.59
6,3,0.59
4,5,1.00
5,4,1.00
4,6,0.73
6,4,0.73
5,6,1.00
6,5,1.00
7,8,1.00
8,7,1.00
7,9,0.72
9,7,0.72
8,9,1.00
9,8,1.00
8,10,0.70
10,8,0.70
9,10,1.00
10,9,1.00
9,11,0.70
11,9,0.70
10,11,1.00
11,10,1.00
10,13,0.61
13,10,0.61
10,14,0.58
14,10,0.58
11,13,0.77
13,11,0.77
11,14,0.74
14,11,0.74
13,14,1.00
14,13,1.00
13,15,0.71
15,13,0.71
14,15,1.00
15,14,1.00
14,16,0.76
16,14,0.76
14,17,0.62
17,14,0.62
15,16,1.00
16,15,1.00
15,17,0.81
17,15,0.81
15,18,0.65
18,15,0.65
16,17,1.00
17,16,1.00
16,18,0.79
18,16,0.79
16,19,0.59
19,16,0.59
17,18,1.00
18,17,1.00
17,19,0.74
19,17,0.74
17,20,0.76
20,17,0.76
18,19,1.00
19,18,1.00
18,20,0.81
20,18,0.81
18,21,0.61
21,18,0.61
19,20,1.00
20,19,1.00
19,21,0.79
21,19,0.79
19,22,0.64
22,19,0.64
20,21,1.00
21,20,1.00
20,22,0.76
22,20,0.76
20,23,0.60
23,20,0.60
20,24,0.58
24,20,0.58
21,22,1.00
22,21,1.00
21,23,0.81
23,21,0.81
21,24,0.75
24,21,0.75
21,25,0.57
25,21,0.57
22,23,1.00
23,22,1.00
22,24,0.76
24,22,0.76
22,25,0.58
25,22,0.58
22,26,0.59
26,22,0.59
23,24,1.00
24,23,1.00
23,25,0.79
25,23,0.79
23,26,0.80
26,23,0.80
23,27,0.61
27,23,0.61
24,25,1.00
25,24,1.00
24,26,0.80
26,24,0.80
24,27,0.59
27,24,0.59
25,26,1.00
26,25,1.00
25,27,0.71
27,25,0.71
25,28,0.59
28,25,0.59
26,27,1.00
27,26,1.00
26,28,0.81
28,26,0.81
26,29,0.71
29,26,0.71
26,30,0.58
30,26,0.58
27,28,1.00
28,27,1.00
27,29,0.72
29,27,0.72
28,29,1.00
29,28,1.00
28,30,0.71
30,28,0.71
28,31,0.66
31,28,0.66
29,30,1.00
30,29,1.00
29,31,0.83
31,29,0.83
29,32,0.60
32,29,0.60
29,33,0.58
33,29,0.58
29,34,0.65
34,29,0.65
29,35,0.76
35,29,0.76
29,36,0.59
36,29,0.59
30,31,1.00
31,30,1.00
30,32,0.75
32,30,0.75
30,33,0.79
33,30,0.79
30,34,0.87
34,30,0.87
30,35,0.97
35,30,0.97
30,36,0.67
36,30,0.67
31,32,1.00
32,31,1.00
31,33,0.85
33,31,0.85
31,34,0.80
34,31,0.80
31,35,0.72
35,31,0.72
32,33,1.00
33,32,1.00
32,34,0.83
34,32,0.83
32,35,0.63
35,32,0.63
33,34,1.00
34,33,1.00
33,35,0.72
35,33,0.72
34,35,1.00
35,34,1.00
34,36,0.74
36,34,0.74
34,37,0.61
37,34,0.61
35,36,1.00
36,35,1.00
35,37,0.72
37,35,0.72
35,38,0.59
38,35,0.59
36,37,1.00
37,36,1.00
36,38,0.79
38,36,0.79
36,39,0.61
39,36,0.61
37,38,1.00
38,37,1.00
37,39,0.80
39,37,0.80
37,40,0.65
40,37,0.65
38,39,1.00
39,38,1.00
38,40,0.78
40,38,0.78
38,41,0.59
41,38,0.59
39,40,1.00
40,39,1.00
39,41,0.72
41,39,0.72
39,42,0.59
42,39,0.59
40,41,1.00
41,40,1.00
40,42,0.77
42,40,0.77
40,43,0.57
43,40,0.57
41,42,1.00
42,41,1.00
41,43,0.72
43,41,0.72
41,44,0.70
44,41,0.70
42,43,1.00
43,42,1.00
42,44,0.80
44,42,0.80
42,45,0.59
45,42,0.59
43,44,1.00
44,43,1.00
43,45,0.76
45,43,0.76
43,46,0.58
46,43,0.58
44,45,1.00
45,44,1.00
44,46,0.78
46,44,0.78
44,47,0.60
47,44,0.60
45,46,1.00
46,45,1.00
45,47,0.81
47,45,0.81
45,48,0.72
48,45,0.72
46,47,1.00
47,46,1.00
46,48,0.78
48,46,0.78
46,49,0.61
49,46,0.61
47,48,1.00
48,47,1.00
47,49,0.72
49,47,0.72
47,50,0.59
50,47,0.59
48,49,1.00
49,48,1.00
48,50,0.75
50,48,0.75
48,51,0.65
51,48,0.65
49,50,1.00
50,49,1.00
49,51,0.73
51,49,0.73
49,52,0.58
52,49,0.58
50,51,1.00
51,50,1.00
50,52,0.75
52,50,0.75
51,52,1.00
52,51,1.00
52,56,0.69
56,52,0.69
53,54,1.00
54,53,1.00
53,55,0.74
55,53,0.74
54,55,1.00
55,54,1.00
56,57,1.00
57,56,1.00
56,58,0.76
58,56,0.76
57,58,1.00
58,57,1.00
57,59,0.69
59,57,0.69
57,60,0.58
60,57,0.58
58,59,1.00
59,58,1.00
58,60,0.80
60,58,0.80
58,61,0.72
61,58,0.72
59,60,1.00
60,59,1.00
59,61,0.76
61,59,0.76
59,62,0.59
62,59,0.59
60,61,1.00
61,60,1.00
60,62,0.79
62,60,0.79
60,63,0.63
63,60,0.63
61,62,1.00
62,61,1.00
61,63,0.78
63,61,0.78
61,64,0.58
64,61,0.58
62,63,1.00
63,62,1.00
62,64,0.73
64,62,0.73
63,64,1.00
64,63,1.00
63,65,0.73
65,63,0.73
63,66,0.58
66,63,0.58
64,65,1.00
65,64,1.00
64,66,0.77
66,64,0.77
64,67,0.61
67,64,0.61
65,66,1.00
66,65,1.00
65,67,0.78
67,65,0.78
65,68,0.71
68,65,0.71
65,69,0.58
69,65,0.58
66,67,1.00
67,66,1.00
66,68,0.74
68,66,0.74
66,69,0.60
69,66,0.60
67,68,1.00
68,67,1.00
67,69,0.78
69,67,0.78
68,69,1.00
69,68,1.00
68,70,0.71
70,68,0.71
69,70,1.00
70,69,1.00
69,71,0.72
71,69,0.72
70,71,1.00
71,70,1.00
70,72,0.70
72,70,0.70
71,72,1.00
72,71,1.00
71,73,0.74
73,71,0.74
72,73,1.00
73,72,1.00
