1,2,1.00
2,1,1.00
1,3,0.74
3,1,0.74
1,4,0.76
4,1,0.76
1,5,0.74
5,1,0.74
2,3,1.00
3,2,1.00
2,4,0.81
4,2,0.81
2,5,0.68
5,2,0.68
3,4,1.00
4,3,1.00
3,5,0.73
5,3,0.73
3,6,0.60
6,3,0.60
4,5,1.00
5,4,1.00
4,6,0.78
6,4,0.78
4,7,0.58
7,4,0.58
5,6,1.00
6,5,1.00
5,7,0.74
7,5,0.74
5,8,0.60
8,5,0.60
5,10,0.59
10,5,0.59
6,7,1.00
7,6,1.00
6,8,0.71
8,6,0.71
6,9,0.64
9,6,0.64
6,10,0.79
10,6,0.79
6,11,0.65
11,6,0.65
6,12,0.64
12,6,0.64
7,8,1.00
8,7,1.00
7,9,0.80
9,7,0.80
7,10,0.92
10,7,0.92
7,11,0.78
11,7,0.78
7,12,0.66
12,7,0.66
8,9,1.00
9,8,1.00
8,10,0.86
10,8,0.86
8,11,0.73
11,8,0.73
9,10,1.00
10,9,1.00
9,11,0.76
11,9,0.76
9,12,0.58
12,9,0.58
10,11,1.00
11,10,1.00
10,12,0.78
12,10,0.78
11,12,1.00
12,11,1.00
13,14,1.00
14,13,1.00
13,15,0.71
15,13,0.71
13,18,0.61
18,13,0.61
14,15,1.00
15,14,1.00
14,16,0.73
16,14,0.73
14,17,0.72
17,14,0.72
14,18,0.76
18,14,0.76
15,16,1.00
16,15,1.00
15,17,0.83
17,15,0.83
15,18,0.72
18,15,0.72
16,17,1.00
17,16,1.00
16,18,0.72
18,16,0.72
17,18,1.00
18,17,1.00
17,19,0.75
19,17,0.75
17,20,0.65
20,17,0.65
18,19,1.00
19,18,1.00
18,20,0.82
20,18,0.82
18,21,0.59
21,18,0.59
19,20,1.00
20,19,1.00
19,21,0.73
21,19,0.73
19,22,0.59
22,19,0.59
19,25,0.58
25,19,0.58
19,26,0.73
26,19,0.73
19,27,0.62
27,19,0.62
20,21,1.00
21,20,1.00
20,22,0.82
22,20,0.82
20,23,0.61
23,20,0.61
20,25,0.69
25,20,0.69
20,26,0.80
26,20,0.80
20,27,0.61
27,20,0.61
21,22,1.00
22,21,1.00
21,23,0.82
23,21,0.82
21,24,0.79
24,21,0.79
21,25,0.99
25,21,0.99
21,26,0.96
26,21,0.96
21,27,0.68
27,21,0.68
22,23,1.00
23,22,1.00
22,24,0.75
24,22,0.75
22,25,0.74
25,22,0.74
22,26,0.68
26,22,0.68
23,24,1.00
24,23,1.00
23,25,0.79
25,23,0.79
23,26,0.63
26,23,0.63
24,25,1.00
25,24,1.00
24,26,0.70
26,24,0.70
24,27,0.59
27,24,0.59
25,26,1.00
26,25,1.00
25,27,0.81
27,25,0.81
25,28,0.64
28,25,0.64
26,27,1.00
27,26,1.00
26,28,0.78
28,26,0.78
26,29,0.58
29,26,0.58
27,28,1.00
28,27,1.00
27,29,0.74
29,27,0.74
28,29,1.00
29,28,1.00
30,31,1.00
31,30,1.00
30,32,0.72
32,30,0.72
30,33,0.58
33,30,0.58
31,32,1.00
32,31,1.00
31,33,0.76
33,31,0.76
31,34,0.60
34,31,0.60
31,36,0.61
36,31,0.61
32,33,1.00
33,32,1.00
32,34,0.83
34,32,0.83
32,35,0.78
35,32,0.78
32,36,0.79
36,32,0.79
32,37,0.61
37,32,0.61
33,34,1.00
34,33,1.00
33,35,0.75
35,33,0.75
33,36,0.67
36,33,0.67
34,35,1.00
35,34,1.00
34,36,0.76
36,34,0.76
34,37,0.59
37,34,0.59
35,36,1.00
36,35,1.00
35,37,0.79
37,35,0.79
35,38,0.72
38,35,0.72
35,39,0.59
39,35,0.59
36,37,1.00
37,36,1.00
36,38,0.74
38,36,0.74
36,39,0.61
39,36,0.61
37,38,1.00
38,37,1.00
37,39,0.79
39,37,0.79
37,40,0.59
40,37,0.59
38,39,1.00
39,38,1.00
38,40,0.76
40,38,0.76
38,41,0.59
41,38,0.59
39,40,1.00
40,39,1.00
39,41,0.75
41,39,0.75
39,42,0.63
42,39,0.63
40,41,1.00
41,40,1.00
40,42,0.75
42,40,0.75
41,42,1.00
42,41,1.00
41,43,0.73
43,41,0.73
41,44,0.57
44,41,0.57
42,43,1.00
43,42,1.00
42,44,0.70
44,42,0.70
42,45,0.57
45,42,0.57
43,44,1.00
44,43,1.00
43,45,0.73
45,43,0.73
44,45,1.00
45,44,1.00
44,46,0.72
46,44,0.72
45,46,1.00
46,45,1.00
45,47,0.72
47,45,0.72
45,48,0.63
48,45,0.63
46,47,1.00
47,46,1.00
46,48,0.74
48,46,0.74
47,48,1.00
48,47,1.00
47,49,0.72
49,47,0.72
47,50,0.58
50,47,0.58
48,49,1.00
49,48,1.00
48,50,0.72
50,48,0.72
49,50,1.00
50,49,1.00
49,51,0.72
51,49,0.72
50,51,1.00
51,50,1.00
50,52,0.77
52,50,0.77
50,53,0.62
53,50,0.62
51,52,1.00
52,51,1.00
51,53,0.74
53,51,0.74
51,54,0.61
54,51,0.61
52,53,1.00
53,52,1.00
52,54,0.73
54,52,0.73
52,55,0.58
55,52,0.58
53,54,1.00
54,53,1.00
53,55,0.76
55,53,0.76
53,56,0.72
56,53,0.72
53,57,0.63
57,53,0.63
53,58,0.62
58,53,0.62
54,55,1.00
55,54,1.00
54,56,0.76
56,54,0.76
54,57,0.62
57,54,0.62
54,58,0.66
58,54,0.66
55,56,1.00
56,55,1.00
55,57,0.75
57,55,0.75
55,58,0.79
58,55,0.79
56,57,1.00
57,56,1.00
56,58,0.82
58,56,0.82
57,58,1.00
58,57,1.00
59,60,1.00
60,59,1.00
59,61,0.81
61,59,0.81
59,62,0.59
62,59,0.59
60,61,1.00
61,60,1.00
60,62,0.73
62,60,0.73
60,63,0.71
63,60,0.71
60,64,0.75
64,60,0.75
61,62,1.00
62,61,1.00
61,63,0.78
63,61,0.78
61,64,0.72
64,61,0.72
62,63,1.00
63,62,1.00
62,64,0.76
64,62,0.76
62,65,0.60
65,62,0.60
63,64,1.00
64,63,1.00
63,65,0.76
65,63,0.76
64,65,1.00
65,64,1.00
64,66,0.74
66,64,0.74
65,66,1.00
66,65,1.00
65,67,0.72
67,65,0.72
66,67,1.00
67,66,1.00
66,68,0.70
68,66,0.70
67,68,1.00
68,67,1.00
67,69,0.73
69,67,0.73
67,70,0.59
70,67,0.59
68,69,1.00
69,68,1.00
68,70,0.82
70,68,0.82
69,70,1.00
70,69,1.00
71,72,1.00
72,71,1.00
71,73,0.75
73,71,0.75
72,73,1.00
73,72,1.00
