1,2,1.00
2,1,1.00
1,3,0.79
3,1,0.79
1,4,0.84
4,1,0.84
1,5,0.83
5,1,0.83
1,6,0.79
6,1,0.79
1,7,0.79
7,1,0.79
2,3,1.00
3,2,1.00
2,4,0.82
4,2,0.82
2,5,0.80
5,2,0.80
2,6,0.70
6,2,0.70
2,7,0.62
7,2,0.62
3,4,1.00
4,3,1.00
3,5,0.82
5,3,0.82
3,6,0.62
6,3,0.62
3,12,0.64
12,3,0.64
4,5,1.00
5,4,1.00
4,6,0.71
6,4,0.71
4,7,0.61
7,4,0.61
4,12,0.82
12,4,0.82
5,6,1.00
6,5,1.00
5,7,0.74
7,5,0.74
5,12,0.74
12,5,0.74
6,7,1.00
7,6,1.00
8,9,1.00
9,8,1.00
8,10,0.79
10,8,0.79
8,11,0.59
11,8,0.59
8,15,0.62
15,8,0.62
8,16,0.63
16,8,0.63
9,10,1.00
10,9,1.00
9,11,0.72
11,9,0.72
9,14,0.62
14,9,0.62
9,15,0.81
15,9,0.81
9,16,0.87
16,9,0.87
9,17,0.69
17,9,0.69
10,11,1.00
11,10,1.00
10,13,0.65
13,10,0.65
10,14,0.80
14,10,0.80
10,15,0.96
15,10,0.96
10,16,0.78
16,10,0.78
10,17,0.66
17,10,0.66
10,18,0.58
18,10,0.58
11,13,0.77
13,11,0.77
11,14,0.89
14,11,0.89
11,15,0.80
15,11,0.80
11,16,0.66
16,11,0.66
11,17,0.64
17,11,0.64
11,18,0.63
18,11,0.63
13,14,1.00
14,13,1.00
13,15,0.70
15,13,0.70
13,18,0.58
18,13,0.58
14,15,1.00
15,14,1.00
14,16,0.73
16,14,0.73
14,17,0.70
17,14,0.70
14,18,0.75
18,14,0.75
14,19,0.57
19,14,0.57
15,16,1.00
16,15,1.00
15,17,0.80
17,15,0.80
15,18,0.69
18,15,0.69
16,17,1.00
17,16,1.00
16,18,0.73
18,16,0.73
16,19,0.59
19,16,0.59
17,18,1.00
18,17,1.00
17,19,0.78
19,17,0.78
17,20,0.58
20,17,0.58
18,19,1.00
19,18,1.00
18,20,0.76
20,18,0.76
18,21,0.63
21,18,0.63
19,20,1.00
20,19,1.00
19,21,0.81
21,19,0.81
19,22,0.58
22,19,0.58
20,21,1.00
21,20,1.00
20,22,0.72
22,20,0.72
21,22,1.00
22,21,1.00
21,23,0.73
23,21,0.73
21,24,0.59
24,21,0.59
22,23,1.00
23,22,1.00
22,24,0.73
24,22,0.73
23,24,1.00
24,23,1.00
23,25,0.71
25,23,0.71
23,26,0.63
26,23,0.63
24,25,1.00
25,24,1.00
24,26,0.81
26,24,0.81
24,27,0.61
27,24,0.61
25,26,1.00
26,25,1.00
25,27,0.81
27,25,0.81
25,28,0.63
28,25,0.63
26,27,1.00
27,26,1.00
26,28,0.77
28,26,0.77
26,33,0.64
33,26,0.64
27,28,1.00
28,27,1.00
27,29,0.72
29,27,0.72
27,33,0.68
33,27,0.68
28,29,1.00
29,28,1.00
28,33,0.60
33,28,0.60
30,31,1.00
31,30,1.00
30,32,0.73
32,30,0.73
31,32,1.00
32,31,1.00
31,35,0.58
35,31,0.58
31,36,0.67
36,31,0.67
32,35,0.80
35,32,0.80
32,36,0.88
36,32,0.88
32,37,0.64
37,32,0.64
33,34,1.00
34,33,1.00
35,36,1.00
36,35,1.00
35,37,0.80
37,35,0.80
35,38,0.66
38,35,0.66
36,37,1.00
37,36,1.00
36,38,0.73
38,36,0.73
37,38,1.00
38,37,1.00
37,39,0.73
39,37,0.73
37,40,0.72
40,37,0.72
37,41,0.58
41,37,0.58
38,39,1.00
39,38,1.00
38,40,0.80
40,38,0.80
38,41,0.65
41,38,0.65
39,40,1.00
40,39,1.00
39,41,0.81
41,39,0.81
39,42,0.61
42,39,0.61
40,41,1.00
41,40,1.00
40,42,0.74
42,40,0.74
41,42,1.00
42,41,1.00
41,43,0.76
43,41,0.76
41,44,0.59
44,41,0.59
42,43,1.00
43,42,1.00
42,44,0.79
44,42,0.79
42,45,0.62
45,42,0.62
43,44,1.00
44,43,1.00
43,45,0.75
45,43,0.75
43,46,0.59
46,43,0.59
44,45,1.00
45,44,1.00
44,46,0.77
46,44,0.77
44,47,0.61
47,44,0.61
45,46,1.00
46,45,1.00
45,47,0.84
47,45,0.84
45,48,0.65
48,45,0.65
45,49,0.59
49,45,0.59
46,47,1.00
47,46,1.00
46,48,0.83
48,46,0.83
46,49,0.73
49,46,0.73
46,50,0.58
50,46,0.58
47,48,1.00
48,47,1.00
47,49,0.74
49,47,0.74
47,50,0.58
50,47,0.58
48,49,1.00
49,48,1.00
48,50,0.80
50,48,0.80
48,51,0.60
51,48,0.60
49,50,1.00
50,49,1.00
49,51,0.74
51,49,0.74
49,52,0.57
52,49,0.57
50,51,1.00
51,50,1.00
50,52,0.75
52,50,0.75
50,53,0.74
53,50,0.74
50,54,0.61
54,50,0.61
50,55,0.59
55,50,0.59
50,56,0.58
56,50,0.58
51,52,1.00
52,51,1.00
51,53,0.83
53,51,0.83
51,54,0.61
54,51,0.61
52,53,1.00
53,52,1.00
52,54,0.72
54,52,0.72
52,55,0.59
55,52,0.59
53,54,1.00
54,53,1.00
53,55,0.74
55,53,0.74
53,56,0.64
56,53,0.64
54,55,1.00
55,54,1.00
54,56,0.79
56,54,0.79
54,57,0.62
57,54,0.62
54,58,0.64
58,54,0.64
55,56,1.00
56,55,1.00
55,57,0.76
57,55,0.76
55,58,0.83
58,55,0.83
55,59,0.64
59,55,0.64
56,57,1.00
57,56,1.00
56,58,0.85
58,56,0.85
56,59,0.65
59,56,0.65
57,58,1.00
58,57,1.00
57,59,0.80
59,57,0.80
57,60,0.61
60,57,0.61
58,59,1.00
59,58,1.00
58,60,0.75
60,58,0.75
58,61,0.63
61,58,0.63
59,60,1.00
60,59,1.00
59,61,0.76
61,59,0.76
60,61,1.00
61,60,1.00
62,63,1.00
63,62,1.00
62,64,0.71
64,62,0.71
63,64,1.00
64,63,1.00
63,65,0.78
65,63,0.78
63,66,0.59
66,63,0.59
64,65,1.00
65,64,1.00
64,66,0.76
66,64,0.76
64,67,0.57
67,64,0.57
65,66,1.00
66,65,1.00
65,67,0.71
67,65,0.71
66,67,1.00
67,66,1.00
66,68,0.73
68,66,0.73
67,68,1.00
68,67,1.00
67,69,0.76
69,67,0.76
68,69,1.00
69,68,1.00
70,71,1.00
71,70,1.00
70,72,0.76
72,70,0.76
71,72,1.00
72,71,1.00
71,73,0.74
73,71,0.74
72,73,1.00
73,72,1.00
