1,2,1.00
2,1,1.00
1,3,0.75
3,1,0.75
2,3,1.00
3,2,1.00
2,4,0.73
4,2,0.73
2,5,0.58
5,2,0.58
3,4,1.00
4,3,1.00
3,5,0.72
5,3,0.72
3,6,0.65
6,3,0.65
3,7,0.67
7,3,0.67
4,5,1.00
5,4,1.00
4,6,0.78
6,4,0.78
4,7,0.73
7,4,0.73
4,16,0.64
16,4,0.64
4,17,0.69
17,4,0.69
5,6,1.00
6,5,1.00
5,7,0.79
7,5,0.79
5,8,0.58
8,5,0.58
5,15,0.61
15,5,0.61
5,16,0.85
16,5,0.85
5,17,0.92
17,5,0.92
5,18,0.65
18,5,0.65
6,7,1.00
7,6,1.00
6,8,0.73
8,6,0.73
6,9,0.60
9,6,0.60
6,14,0.68
14,6,0.68
6,15,0.75
15,6,0.75
6,16,1.00
16,6,1.00
6,17,0.81
17,6,0.81
6,18,0.61
18,6,0.61
7,8,1.00
8,7,1.00
7,9,0.72
9,7,0.72
7,10,0.61
10,7,0.61
7,14,0.71
14,7,0.71
7,15,0.76
15,7,0.76
7,16,0.88
16,7,0.88
7,17,0.72
17,7,0.72
7,18,0.62
18,7,0.62
8,9,1.00
9,8,1.00
8,10,0.81
10,8,0.81
8,11,0.59
11,8,0.59
8,13,0.59
13,8,0.59
8,14,0.76
14,8,0.76
8,15,0.68
15,8,0.68
8,16,0.67
16,8,0.67
9,10,1.00
10,9,1.00
9,11,0.72
11,9,0.72
9,12,0.61
12,9,0.61
9,14,0.66
14,9,0.66
10,11,1.00
11,10,1.00
10,12,0.81
12,10,0.81
10,13,0.69
13,10,0.69
10,14,0.74
14,10,0.74
11,12,1.00
12,11,1.00
11,13,0.71
13,11,0.71
11,14,0.65
14,11,0.65
12,13,1.00
13,12,1.00
12,14,0.77
14,12,0.77
13,14,1.00
14,13,1.00
13,15,0.73
15,13,0.73
13,16,0.60
16,13,0.60
14,15,1.00
15,14,1.00
14,16,0.75
16,14,0.75
15,16,1.00
16,15,1.00
15,17,0.73
17,15,0.73
15,18,0.68
18,15,0.68
16,17,1.00
17,16,1.00
16,18,0.77
18,16,0.77
16,19,0.58
19,16,0.58
17,18,1.00
18,17,1.00
17,19,0.77
19,17,0.77
18,19,1.00
19,18,1.00
18,20,0.71
20,18,0.71
19,20,1.00
20,19,1.00
19,21,0.73
21,19,0.73
19,22,0.60
22,19,0.60
20,21,1.00
21,20,1.00
20,22,0.85
22,20,0.85
20,23,0.63
23,20,0.63
20,24,0.65
24,20,0.65
20,25,0.70
25,20,0.70
20,26,0.62
26,20,0.62
21,22,1.00
22,21,1.00
21,23,0.79
23,21,0.79
21,24,0.90
24,21,0.90
21,25,1.00
25,21,1.00
21,26,0.80
26,21,0.80
21,27,0.60
27,21,0.60
21,37,0.61
37,21,0.61
21,39,0.72
39,21,0.72
21,40,0.59
40,21,0.59
22,23,1.00
23,22,1.00
22,24,0.85
24,22,0.85
22,25,0.88
25,22,0.88
22,26,0.64
26,22,0.64
22,39,0.65
39,22,0.65
22,40,0.60
40,22,0.60
23,24,1.00
24,23,1.00
23,25,0.86
25,23,0.86
23,26,0.61
26,23,0.61
23,39,0.76
39,23,0.76
23,40,0.80
40,23,0.80
23,41,0.58
41,23,0.58
23,44,0.68
44,23,0.68
23,45,0.59
45,23,0.59
24,25,1.00
25,24,1.00
24,26,0.73
26,24,0.73
24,37,0.66
37,24,0.66
24,38,0.70
38,24,0.70
24,39,1.00
39,24,1.00
24,40,0.88
40,24,0.88
24,41,0.66
41,24,0.66
24,44,0.60
44,24,0.60
25,26,1.00
26,25,1.00
25,27,0.70
27,25,0.70
25,28,0.58
28,25,0.58
25,36,0.61
36,25,0.61
25,37,0.73
37,25,0.73
25,38,0.72
38,25,0.72
25,39,0.95
39,25,0.95
25,40,0.74
40,25,0.74
25,41,0.59
41,25,0.59
25,44,0.59
44,25,0.59
26,27,1.00
27,26,1.00
26,28,0.78
28,26,0.78
26,34,0.61
34,26,0.61
26,35,0.67
35,26,0.67
26,36,0.82
36,26,0.82
26,37,0.93
37,26,0.93
26,38,0.77
38,26,0.77
26,39,0.81
39,26,0.81
26,40,0.60
40,26,0.60
27,28,1.00
28,27,1.00
27,29,0.72
29,27,0.72
27,33,0.65
33,27,0.65
27,34,0.74
34,27,0.74
27,35,0.87
35,27,0.87
27,36,0.90
36,27,0.90
27,37,0.77
37,27,0.77
27,38,0.63
38,27,0.63
27,39,0.60
39,27,0.60
28,29,1.00
29,28,1.00
28,30,0.74
30,28,0.74
28,31,0.63
31,28,0.63
28,32,0.70
32,28,0.70
28,33,0.84
33,28,0.84
28,34,0.85
34,28,0.85
28,35,0.81
35,28,0.81
28,36,0.72
36,28,0.72
28,37,0.64
37,28,0.64
29,30,1.00
30,29,1.00
29,31,0.83
31,29,0.83
29,32,0.91
32,29,0.91
29,33,0.95
33,29,0.95
29,34,0.74
34,29,0.74
29,35,0.67
35,29,0.67
30,31,1.00
31,30,1.00
30,32,0.80
32,30,0.80
30,33,0.68
33,30,0.68
31,32,1.00
32,31,1.00
31,33,0.71
33,31,0.71
32,33,1.00
33,32,1.00
32,34,0.72
34,32,0.72
32,35,0.58
35,32,0.58
33,34,1.00
34,33,1.00
33,35,0.79
35,33,0.79
33,36,0.61
36,33,0.61
34,35,1.00
35,34,1.00
34,36,0.79
36,34,0.79
34,37,0.65
37,34,0.65
35,36,1.00
36,35,1.00
35,37,0.71
37,35,0.71
35,38,0.57
38,35,0.57
36,37,1.00
37,36,1.00
36,38,0.79
38,36,0.79
36,39,0.63
39,36,0.63
37,38,1.00
38,37,1.00
37,39,0.85
39,37,0.85
37,40,0.61
40,37,0.61
37,41,0.63
41,37,0.63
38,39,1.00
39,38,1.00
38,40,0.79
40,38,0.79
38,41,0.88
41,38,0.88
38,42,0.70
42,38,0.70
39,40,1.00
40,39,1.00
39,41,0.85
41,39,0.85
39,42,0.66
42,39,0.66
39,43,0.57
43,39,0.57
39,44,0.63
44,39,0.63
40,41,1.00
41,40,1.00
40,42,0.82
42,40,0.82
40,43,0.72
43,40,0.72
40,44,0.83
44,40,0.83
40,45,0.62
45,40,0.62
41,42,1.00
42,41,1.00
41,43,0.72
43,41,0.72
41,44,0.69
44,41,0.69
42,43,1.00
43,42,1.00
42,44,0.79
44,42,0.79
42,45,0.60
45,42,0.60
43,44,1.00
44,43,1.00
43,45,0.78
45,43,0.78
43,46,0.64
46,43,0.64
44,45,1.00
45,44,1.00
44,46,0.79
46,44,0.79
44,47,0.61
47,44,0.61
45,46,1.00
46,45,1.00
45,47,0.83
47,45,0.83
45,48,0.66
48,45,0.66
46,47,1.00
47,46,1.00
46,48,0.77
48,46,0.77
47,48,1.00
48,47,1.00
47,49,0.72
49,47,0.72
48,49,1.00
49,48,1.00
48,50,0.72
50,48,0.72
49,50,1.00
50,49,1.00
49,51,0.72
51,49,0.72
50,51,1.00
51,50,1.00
50,52,0.74
52,50,0.74
50,58,0.59
58,50,0.59
50,59,0.74
59,50,0.74
51,52,1.00
52,51,1.00
51,53,0.74
53,51,0.74
51,57,0.60
57,51,0.60
51,58,0.68
58,51,0.68
51,59,0.89
59,51,0.89
51,60,0.66
60,51,0.66
51,61,0.61
61,51,0.61
52,53,1.00
53,52,1.00
52,54,0.76
54,52,0.76
52,55,0.62
55,52,0.62
52,56,0.65
56,52,0.65
52,57,0.76
57,52,0.76
52,58,0.88
58,52,0.88
52,59,0.98
59,52,0.98
52,60,0.73
60,52,0.73
52,61,0.65
61,52,0.65
53,54,1.00
54,53,1.00
53,55,0.70
55,53,0.70
53,56,0.63
56,53,0.63
53,57,0.65
57,53,0.65
53,58,0.81
58,53,0.81
53,59,0.81
59,53,0.81
53,60,0.75
60,53,0.75
53,61,0.77
61,53,0.77
54,55,1.00
55,54,1.00
54,56,0.78
56,54,0.78
54,57,0.70
57,54,0.70
54,58,0.84
58,54,0.84
54,59,0.69
59,54,0.69
54,60,0.69
60,54,0.69
54,61,0.67
61,54,0.67
55,56,1.00
56,55,1.00
55,57,0.74
57,55,0.74
55,58,0.75
58,55,0.75
56,57,1.00
57,56,1.00
56,58,0.83
58,56,0.83
56,59,0.60
59,56,0.60
57,58,1.00
58,57,1.00
57,59,0.74
59,57,0.74
57,60,0.61
60,57,0.61
58,59,1.00
59,58,1.00
58,60,0.87
60,58,0.87
58,61,0.66
61,58,0.66
59,60,1.00
60,59,1.00
59,61,0.76
61,59,0.76
59,62,0.60
62,59,0.60
60,61,1.00
61,60,1.00
60,62,0.78
62,60,0.78
60,63,0.61
63,60,0.61
61,62,1.00
62,61,1.00
61,63,0.78
63,61,0.78
61,64,0.65
64,61,0.65
62,63,1.00
63,62,1.00
62,64,0.74
64,62,0.74
62,65,0.57
65,62,0.57
63,64,1.00
64,63,1.00
63,65,0.77
65,63,0.77
63,66,0.62
66,63,0.62
64,65,1.00
65,64,1.00
64,66,0.71
66,64,0.71
65,66,1.00
66,65,1.00
65,67,0.74
67,65,0.74
66,67,1.00
67,66,1.00
66,68,0.72
68,66,0.72
66,69,0.72
69,66,0.72
67,68,1.00
68,67,1.00
67,69,0.81
69,67,0.81
67,70,0.59
70,67,0.59
68,69,1.00
69,68,1.00
68,70,0.75
70,68,0.75
69,70,1.00
70,69,1.00
69,71,0.72
71,69,0.72
70,71,1.00
71,70,1.00
70,72,0.75
72,70,0.75
70,73,0.58
73,70,0.58
71,72,1.00
72,71,1.00
71,73,0.80
73,71,0.80
72,73,1.00
73,72,1.00
