1,2,1.00
2,1,1.00
1,3,0.73
3,1,0.73
1,4,0.58
4,1,0.58
1,7,0.67
7,1,0.67
1,8,0.66
8,1,0.66
2,3,1.00
3,2,1.00
2,4,0.75
4,2,0.75
2,5,0.67
5,2,0.67
2,6,0.69
6,2,0.69
2,7,0.83
7,2,0.83
2,8,0.69
8,2,0.69
2,9,0.57
9,2,0.57
3,4,1.00
4,3,1.00
3,5,0.75
5,3,0.75
3,6,0.65
6,3,0.65
3,7,0.68
7,3,0.68
4,5,1.00
5,4,1.00
4,6,0.72
6,4,0.72
4,7,0.65
7,4,0.65
5,6,1.00
6,5,1.00
5,7,0.74
7,5,0.74
5,8,0.58
8,5,0.58
5,72,0.60
72,5,0.60
5,73,0.60
73,5,0.60
6,7,1.00
7,6,1.00
6,8,0.77
8,6,0.77
6,9,0.58
9,6,0.58
6,71,0.66
71,6,0.66
6,72,0.80
72,6,0.80
6,73,0.71
73,6,0.71
7,8,1.00
8,7,1.00
7,9,0.75
9,7,0.75
7,10,0.60
10,7,0.60
7,70,0.60
70,7,0.60
7,71,0.83
71,7,0.83
7,72,0.85
72,7,0.85
7,73,0.77
73,7,0.77
8,9,1.00
9,8,1.00
8,10,0.80
10,8,0.80
8,11,0.58
11,8,0.58
8,70,0.67
70,8,0.67
8,71,0.86
71,8,0.86
8,72,0.74
72,8,0.74
8,73,0.61
73,8,0.61
9,10,1.00
10,9,1.00
9,11,0.74
11,9,0.74
9,12,0.58
12,9,0.58
9,69,0.62
69,9,0.62
9,70,0.86
70,9,0.86
9,71,0.93
71,9,0.93
9,72,0.67
72,9,0.67
10,11,1.00
11,10,1.00
10,12,0.80
12,10,0.80
10,13,0.61
13,10,0.61
10,14,0.58
14,10,0.58
10,69,0.59
69,10,0.59
10,70,0.81
70,10,0.81
10,71,0.77
71,10,0.77
10,72,0.59
72,10,0.59
11,12,1.00
12,11,1.00
11,13,0.82
13,11,0.82
11,14,0.79
14,11,0.79
11,15,0.58
15,11,0.58
11,69,0.62
69,11,0.62
11,70,0.80
70,11,0.80
11,71,0.64
71,11,0.64
12,13,1.00
13,12,1.00
12,14,0.77
14,12,0.77
12,15,0.58
15,12,0.58
12,70,0.58
70,12,0.58
13,14,1.00
14,13,1.00
13,15,0.75
15,13,0.75
14,15,1.00
15,14,1.00
14,16,0.71
16,14,0.71
14,17,0.59
17,14,0.59
15,16,1.00
16,15,1.00
15,17,0.74
17,15,0.74
16,17,1.00
17,16,1.00
16,18,0.72
18,16,0.72
16,19,0.62
19,16,0.62
17,18,1.00
18,17,1.00
17,19,0.81
19,17,0.81
17,20,0.61
20,17,0.61
18,19,1.00
19,18,1.00
18,20,0.81
20,18,0.81
18,21,0.63
21,18,0.63
19,20,1.00
20,19,1.00
19,21,0.81
21,19,0.81
19,22,0.64
22,19,0.64
20,21,1.00
21,20,1.00
20,22,0.79
22,20,0.79
20,23,0.61
23,20,0.61
21,22,1.00
22,21,1.00
21,23,0.83
23,21,0.83
21,24,0.63
24,21,0.63
21,25,0.57
25,21,0.57
22,23,1.00
23,22,1.00
22,24,0.80
24,22,0.80
22,25,0.76
25,22,0.76
22,26,0.62
26,22,0.62
22,27,0.58
27,22,0.58
23,24,1.00
24,23,1.00
23,25,0.76
25,23,0.76
23,26,0.60
26,23,0.60
23,27,0.62
27,23,0.62
24,25,1.00
25,24,1.00
24,26,0.80
26,24,0.80
24,27,0.83
27,24,0.83
24,28,0.61
28,24,0.61
25,26,1.00
26,25,1.00
25,27,0.79
27,25,0.79
25,28,0.62
28,25,0.62
26,27,1.00
27,26,1.00
26,28,0.83
28,26,0.83
26,29,0.64
29,26,0.64
26,55,0.68
55,26,0.68
26,56,0.58
56,26,0.58
27,28,1.00
28,27,1.00
27,29,0.71
29,27,0.71
27,30,0.64
30,27,0.64
28,29,1.00
29,28,1.00
28,30,0.80
30,28,0.80
28,31,0.65
31,28,0.65
28,55,0.61
55,28,0.61
29,30,1.00
30,29,1.00
29,31,0.80
31,29,0.80
29,32,0.58
32,29,0.58
29,54,0.65
54,29,0.65
29,55,0.63
55,29,0.63
30,31,1.00
31,30,1.00
30,32,0.74
32,30,0.74
31,32,1.00
32,31,1.00
31,33,0.74
33,31,0.74
32,33,1.00
33,32,1.00
32,34,0.72
34,32,0.72
32,35,0.65
35,32,0.65
33,34,1.00
34,33,1.00
33,35,0.81
35,33,0.81
33,36,0.63
36,33,0.63
33,37,0.59
37,33,0.59
33,38,0.60
38,33,0.60
34,35,1.00
35,34,1.00
34,36,0.80
36,34,0.80
34,37,0.67
37,34,0.67
34,38,0.62
38,34,0.62
35,36,1.00
36,35,1.00
35,37,0.79
37,35,0.79
35,38,0.65
38,35,0.65
36,37,1.00
37,36,1.00
36,38,0.71
38,36,0.71
37,38,1.00
38,37,1.00
37,39,0.72
39,37,0.72
37,40,0.59
40,37,0.59
38,39,1.00
39,38,1.00
38,40,0.77
40,38,0.77
39,40,1.00
40,39,1.00
39,41,0.74
41,39,0.74
40,41,1.00
41,40,1.00
40,42,0.77
42,40,0.77
40,43,0.71
43,40,0.71
40,44,0.57
44,40,0.57
41,42,1.00
42,41,1.00
41,43,0.77
43,41,0.77
41,44,0.59
44,41,0.59
42,43,1.00
43,42,1.00
42,44,0.79
44,42,0.79
42,45,0.77
45,42,0.77
42,46,0.75
46,42,0.75
42,47,0.63
47,42,0.63
43,44,1.00
44,43,1.00
43,45,0.79
45,43,0.79
43,46,0.67
46,43,0.67
44,45,1.00
45,44,1.00
44,46,0.71
46,44,0.71
44,47,0.57
47,44,0.57
44,49,0.62
49,44,0.62
44,50,0.58
50,44,0.58
44,51,0.65
51,44,0.65
45,46,1.00
46,45,1.00
45,47,0.77
47,45,0.77
45,48,0.68
48,45,0.68
45,49,0.80
49,45,0.80
45,50,0.69
50,45,0.69
45,51,0.67
51,45,0.67
46,47,1.00
47,46,1.00
46,48,0.77
48,46,0.77
46,49,0.75
49,46,0.75
46,50,0.59
50,46,0.59
47,48,1.00
48,47,1.00
47,49,0.84
49,47,0.84
47,50,0.61
50,47,0.61
48,49,1.00
49,48,1.00
48,50,0.73
50,48,0.73
49,50,1.00
50,49,1.00
49,51,0.78
51,49,0.78
49,52,0.60
52,49,0.60
50,51,1.00
51,50,1.00
50,52,0.80
52,50,0.80
50,53,0.59
53,50,0.59
50,57,0.57
57,50,0.57
50,58,0.70
58,50,0.70
50,59,0.62
59,50,0.62
51,52,1.00
52,51,1.00
51,53,0.76
53,51,0.76
51,54,0.59
54,51,0.59
51,57,0.60
57,51,0.60
51,58,0.71
58,51,0.71
51,59,0.67
59,51,0.67
52,53,1.00
53,52,1.00
52,54,0.74
54,52,0.74
52,55,0.62
55,52,0.62
52,56,0.65
56,52,0.65
52,57,0.79
57,52,0.79
52,58,0.98
58,52,0.98
52,59,0.91
59,52,0.91
52,60,0.66
60,52,0.66
53,54,1.00
54,53,1.00
53,55,0.72
55,53,0.72
53,56,0.66
56,53,0.66
53,57,0.74
57,53,0.74
53,58,0.76
58,53,0.76
53,59,0.81
59,53,0.81
53,60,0.66
60,53,0.66
54,55,1.00
55,54,1.00
54,56,0.77
56,54,0.77
54,57,0.76
57,54,0.76
54,58,0.65
58,54,0.65
54,59,0.64
59,54,0.64
54,60,0.59
60,54,0.59
55,56,1.00
56,55,1.00
55,57,0.80
57,55,0.80
55,58,0.61
58,55,0.61
56,57,1.00
57,56,1.00
56,58,0.70
58,56,0.70
57,58,1.00
58,57,1.00
57,59,0.74
59,57,0.74
57,60,0.68
60,57,0.68
58,59,1.00
59,58,1.00
58,60,0.79
60,58,0.79
58,61,0.65
61,58,0.65
59,60,1.00
60,59,1.00
59,61,0.77
61,59,0.77
60,61,1.00
61,60,1.00
60,62,0.71
62,60,0.71
60,63,0.67
63,60,0.67
60,64,0.68
64,60,0.68
61,62,1.00
62,61,1.00
61,63,0.80
63,61,0.80
61,64,0.71
64,61,0.71
62,63,1.00
63,62,1.00
62,64,0.74
64,62,0.74
63,64,1.00
64,63,1.00
63,65,0.72
65,63,0.72
64,65,1.00
65,64,1.00
64,66,0.72
66,64,0.72
65,66,1.00
66,65,1.00
65,67,0.73
67,65,0.73
65,68,0.60
68,65,0.60
66,67,1.00
67,66,1.00
66,68,0.84
68,66,0.84
66,69,0.65
69,66,0.65
66,70,0.61
70,66,0.61
66,71,0.63
71,66,0.63
66,72,0.58
72,66,0.58
66,73,0.68
73,66,0.68
67,68,1.00
68,67,1.00
67,69,0.81
69,67,0.81
67,70,0.66
70,67,0.66
67,71,0.62
71,67,0.62
67,73,0.60
73,67,0.60
68,69,1.00
69,68,1.00
68,70,0.78
70,68,0.78
68,71,0.76
71,68,0.76
68,72,0.71
72,68,0.71
68,73,0.76
73,68,0.76
69,70,1.00
70,69,1.00
69,71,0.78
71,69,0.78
69,72,0.65
72,69,0.65
69,73,0.61
73,69,0.61
70,71,1.00
71,70,1.00
70,72,0.71
72,70,0.71
70,73,0.60
73,70,0.60
71,72,1.00
72,71,1.00
71,73,0.78
73,71,0.78
72,73,1.00
73,72,1.00
