1,2,1.00
2,1,1.00
1,3,0.77
3,1,0.77
1,4,0.75
4,1,0.75
1,5,0.65
5,1,0.65
1,6,0.60
6,1,0.60
1,14,0.58
14,1,0.58
1,15,0.73
15,1,0.73
1,16,0.88
16,1,0.88
1,17,0.94
17,1,0.94
1,18,0.76
18,1,0.76
1,19,0.63
19,1,0.63
2,3,1.00
3,2,1.00
2,4,0.80
4,2,0.80
2,5,0.65
5,2,0.65
2,6,0.62
6,2,0.62
2,7,0.61
7,2,0.61
2,13,0.58
13,2,0.58
2,14,0.70
14,2,0.70
2,15,0.91
15,2,0.91
2,16,0.87
16,2,0.87
2,17,0.83
17,2,0.83
2,18,0.74
18,2,0.74
3,4,1.00
4,3,1.00
3,5,0.72
5,3,0.72
3,6,0.62
6,3,0.62
3,7,0.61
7,3,0.61
3,14,0.61
14,3,0.61
3,15,0.81
15,3,0.81
3,16,0.76
16,3,0.76
3,17,0.63
17,3,0.63
4,5,1.00
5,4,1.00
4,6,0.74
6,4,0.74
4,7,0.63
7,4,0.63
4,15,0.76
15,4,0.76
4,16,0.84
16,4,0.84
4,17,0.63
17,4,0.63
5,6,1.00
6,5,1.00
5,7,0.74
7,5,0.74
5,15,0.76
15,5,0.76
5,16,0.90
16,5,0.90
5,17,0.63
17,5,0.63
6,7,1.00
7,6,1.00
6,8,0.71
8,6,0.71
6,9,0.63
9,6,0.63
6,13,0.58
13,6,0.58
6,14,0.68
14,6,0.68
6,15,0.86
15,6,0.86
6,16,0.96
16,6,0.96
6,17,0.69
17,6,0.69
7,8,1.00
8,7,1.00
7,9,0.77
9,7,0.77
7,10,0.61
10,7,0.61
7,11,0.62
11,7,0.62
7,12,0.67
12,7,0.67
7,13,0.78
13,7,0.78
7,14,0.86
14,7,0.86
7,15,0.94
15,7,0.94
7,16,0.78
16,7,0.78
7,17,0.62
17,7,0.62
8,9,1.00
9,8,1.00
8,10,0.82
10,8,0.82
8,11,0.86
11,8,0.86
8,12,0.86
12,8,0.86
8,13,0.89
13,8,0.89
8,14,0.86
14,8,0.86
8,15,0.73
15,8,0.73
8,16,0.60
16,8,0.60
9,10,1.00
10,9,1.00
9,11,0.79
11,9,0.79
9,12,0.68
12,9,0.68
9,13,0.73
13,9,0.73
9,14,0.84
14,9,0.84
9,15,0.66
15,9,0.66
9,16,0.58
16,9,0.58
9,17,0.58
17,9,0.58
10,11,1.00
11,10,1.00
10,12,0.75
12,10,0.75
10,13,0.71
13,10,0.71
10,14,0.70
14,10,0.70
11,12,1.00
12,11,1.00
11,13,0.78
13,11,0.78
11,14,0.65
14,11,0.65
12,13,1.00
13,12,1.00
12,14,0.72
14,12,0.72
12,15,0.58
15,12,0.58
13,14,1.00
14,13,1.00
13,15,0.77
15,13,0.77
13,16,0.57
16,13,0.57
14,15,1.00
15,14,1.00
14,16,0.73
16,14,0.73
14,17,0.71
17,14,0.71
14,18,0.69
18,14,0.69
15,16,1.00
16,15,1.00
15,17,0.83
17,15,0.83
15,18,0.69
18,15,0.69
16,17,1.00
17,16,1.00
16,18,0.71
18,16,0.71
17,18,1.00
18,17,1.00
17,19,0.79
19,17,0.79
17,20,0.72
20,17,0.72
18,19,1.00
19,18,1.00
18,20,0.75
20,18,0.75
19,20,1.00
20,19,1.00
19,21,0.75
21,19,0.75
19,22,0.57
22,19,0.57
20,21,1.00
21,20,1.00
20,22,0.77
22,20,0.77
20,23,0.67
23,20,0.67
20,24,0.60
24,20,0.60
21,22,1.00
22,21,1.00
21,23,0.74
23,21,0.74
21,24,0.63
24,21,0.63
22,23,1.00
23,22,1.00
22,24,0.73
24,22,0.73
22,25,0.57
25,22,0.57
23,24,1.00
24,23,1.00
23,25,0.78
25,23,0.78
23,26,0.59
26,23,0.59
24,25,1.00
25,24,1.00
24,26,0.79
26,24,0.79
24,27,0.59
27,24,0.59
24,32,0.58
32,24,0.58
25,26,1.00
26,25,1.00
25,27,0.75
27,25,0.75
25,28,0.57
28,25,0.57
26,27,1.00
27,26,1.00
26,28,0.73
28,26,0.73
26,29,0.71
29,26,0.71
26,32,0.59
32,26,0.59
27,28,1.00
28,27,1.00
27,29,0.79
29,27,0.79
27,30,0.58
30,27,0.58
28,29,1.00
29,28,1.00
28,30,0.70
30,28,0.70
29,30,1.00
30,29,1.00
29,31,0.78
31,29,0.78
29,32,0.66
32,29,0.66
30,31,1.00
31,30,1.00
30,32,0.72
32,30,0.72
31,32,1.00
32,31,1.00
31,33,0.75
33,31,0.75
31,34,0.59
34,31,0.59
32,33,1.00
33,32,1.00
32,34,0.71
34,32,0.71
32,35,0.58
35,32,0.58
33,34,1.00
34,33,1.00
33,35,0.77
35,33,0.77
33,36,0.60
36,33,0.60
33,37,0.57
37,33,0.57
34,35,1.00
35,34,1.00
34,36,0.74
36,34,0.74
34,37,0.62
37,34,0.62
35,36,1.00
36,35,1.00
35,37,0.80
37,35,0.80
35,38,0.65
38,35,0.65
35,39,0.67
39,35,0.67
35,40,0.58
40,35,0.58
36,37,1.00
37,36,1.00
36,38,0.70
38,36,0.70
36,39,0.65
39,36,0.65
37,38,1.00
38,37,1.00
37,39,0.78
39,37,0.78
37,40,0.60
40,37,0.60
38,39,1.00
39,38,1.00
38,40,0.77
40,38,0.77
38,41,0.60
41,38,0.60
39,40,1.00
40,39,1.00
39,41,0.75
41,39,0.75
39,42,0.61
42,39,0.61
40,41,1.00
41,40,1.00
40,42,0.74
42,40,0.74
41,42,1.00
42,41,1.00
41,43,0.72
43,41,0.72
41,44,0.63
44,41,0.63
42,43,1.00
43,42,1.00
42,44,0.74
44,42,0.74
42,45,0.60
45,42,0.60
42,48,0.57
48,42,0.57
42,49,0.63
49,42,0.63
43,44,1.00
44,43,1.00
43,45,0.80
45,43,0.80
43,46,0.60
46,43,0.60
43,47,0.58
47,43,0.58
43,48,0.77
48,43,0.77
43,49,0.87
49,43,0.87
43,50,0.62
50,43,0.62
43,52,0.60
52,43,0.60
43,53,0.60
53,43,0.60
43,54,0.58
54,43,0.58
44,45,1.00
45,44,1.00
44,46,0.76
46,44,0.76
44,47,0.69
47,44,0.69
44,48,0.95
48,44,0.95
44,49,0.80
49,44,0.80
44,50,0.61
50,44,0.61
44,53,0.59
53,44,0.59
44,54,0.59
54,44,0.59
45,46,1.00
46,45,1.00
45,47,0.79
47,45,0.79
45,48,0.91
48,45,0.91
45,49,0.76
49,45,0.76
45,50,0.65
50,45,0.65
45,52,0.61
52,45,0.61
45,53,0.75
53,45,0.75
45,54,0.80
54,45,0.80
45,55,0.61
55,45,0.61
46,47,1.00
47,46,1.00
46,48,0.87
48,46,0.87
46,49,0.66
49,46,0.66
46,50,0.63
50,46,0.63
46,53,0.67
53,46,0.67
46,54,0.69
54,46,0.69
46,55,0.59
55,46,0.59
47,48,1.00
48,47,1.00
47,49,0.76
49,47,0.76
47,50,0.79
50,47,0.79
47,51,0.63
51,47,0.63
47,52,0.57
52,47,0.57
47,53,0.66
53,47,0.66
47,54,0.59
54,47,0.59
48,49,1.00
49,48,1.00
48,50,0.82
50,48,0.82
48,51,0.61
51,48,0.61
48,52,0.59
52,48,0.59
48,53,0.64
53,48,0.64
48,54,0.58
54,48,0.58
49,50,1.00
50,49,1.00
49,51,0.73
51,49,0.73
49,52,0.73
52,49,0.73
49,53,0.69
53,49,0.69
49,54,0.58
54,49,0.58
50,51,1.00
51,50,1.00
50,52,0.82
52,50,0.82
50,53,0.75
53,50,0.75
50,54,0.57
54,50,0.57
51,52,1.00
52,51,1.00
51,53,0.82
53,51,0.82
51,54,0.59
54,51,0.59
52,53,1.00
53,52,1.00
52,54,0.71
54,52,0.71
53,54,1.00
54,53,1.00
53,55,0.75
55,53,0.75
53,56,0.57
56,53,0.57
54,55,1.00
55,54,1.00
54,56,0.77
56,54,0.77
55,56,1.00
56,55,1.00
55,57,0.72
57,55,0.72
56,57,1.00
57,56,1.00
56,58,0.72
58,56,0.72
57,58,1.00
58,57,1.00
57,59,0.72
59,57,0.72
57,60,0.58
60,57,0.58
58,59,1.00
59,58,1.00
58,60,0.72
60,58,0.72
59,60,1.00
60,59,1.00
59,61,0.74
61,59,0.74
60,61,1.00
61,60,1.00
60,62,0.72
62,60,0.72
60,63,0.60
63,60,0.60
61,62,1.00
62,61,1.00
61,63,0.83
63,61,0.83
61,64,0.61
64,61,0.61
62,63,1.00
63,62,1.00
62,64,0.74
64,62,0.74
63,64,1.00
64,63,1.00
63,65,0.71
65,63,0.71
64,65,1.00
65,64,1.00
64,66,0.75
66,64,0.75
65,66,1.00
66,65,1.00
65,67,0.70
67,65,0.70
66,67,1.00
67,66,1.00
66,68,0.72
68,66,0.72
66,69,0.71
69,66,0.71
67,68,1.00
68,67,1.00
67,69,0.80
69,67,0.80
67,70,0.58
70,67,0.58
68,69,1.00
69,68,1.00
68,70,0.72
70,68,0.72
69,70,1.00
70,69,1.00
69,71,0.71
71,69,0.71
70,71,1.00
71,70,1.00
70,72,0.71
72,70,0.71
71,72,1.00
72,71,1.00
71,73,0.74
73,71,0.74
72,73,1.00
73,72,1.00
