1,2,1.00
2,1,1.00
1,3,0.74
3,1,0.74
1,4,0.75
4,1,0.75
1,5,0.71
5,1,0.71
1,6,0.70
6,1,0.70
1,7,0.79
7,1,0.79
1,8,0.63
8,1,0.63
2,3,1.00
3,2,1.00
2,4,0.80
4,2,0.80
2,5,0.65
5,2,0.65
2,6,0.66
6,2,0.66
2,7,0.85
7,2,0.85
2,8,0.67
8,2,0.67
2,12,0.58
12,2,0.58
3,4,1.00
4,3,1.00
3,5,0.71
5,3,0.71
3,6,0.69
6,3,0.69
3,7,0.80
7,3,0.80
3,8,0.60
8,3,0.60
3,12,0.64
12,3,0.64
3,13,0.61
13,3,0.61
3,14,0.59
14,3,0.59
3,15,0.69
15,3,0.69
3,16,0.61
16,3,0.61
4,5,1.00
5,4,1.00
4,6,0.81
6,4,0.81
4,7,0.77
7,4,0.77
4,12,0.63
12,4,0.63
4,13,0.67
13,4,0.67
4,14,0.64
14,4,0.64
4,15,0.69
15,4,0.69
5,6,1.00
6,5,1.00
5,7,0.76
7,5,0.76
5,12,0.64
12,5,0.64
5,13,0.73
13,5,0.73
5,14,0.64
14,5,0.64
5,15,0.60
15,5,0.60
6,7,1.00
7,6,1.00
6,8,0.75
8,6,0.75
6,9,0.58
9,6,0.58
6,10,0.60
10,6,0.60
6,11,0.77
11,6,0.77
6,12,0.84
12,6,0.84
6,13,0.88
13,6,0.88
6,14,0.66
14,6,0.66
6,15,0.59
15,6,0.59
7,8,1.00
8,7,1.00
7,9,0.69
9,7,0.69
7,10,0.64
10,7,0.64
7,11,0.75
11,7,0.75
7,12,0.88
12,7,0.88
7,13,0.73
13,7,0.73
7,14,0.58
14,7,0.58
7,15,0.58
15,7,0.58
8,9,1.00
9,8,1.00
8,10,0.81
10,8,0.81
8,11,0.83
11,8,0.83
8,12,0.82
12,8,0.82
8,13,0.62
13,8,0.62
9,10,1.00
10,9,1.00
9,11,0.81
11,9,0.81
9,12,0.71
12,9,0.71
10,11,1.00
11,10,1.00
10,12,0.73
12,10,0.73
10,13,0.59
13,10,0.59
11,12,1.00
12,11,1.00
11,13,0.81
13,11,0.81
11,14,0.59
14,11,0.59
12,13,1.00
13,12,1.00
12,14,0.73
14,12,0.73
12,15,0.67
15,12,0.67
12,16,0.58
16,12,0.58
13,14,1.00
14,13,1.00
13,15,0.77
15,13,0.77
13,16,0.59
16,13,0.59
14,15,1.00
15,14,1.00
14,16,0.72
16,14,0.72
15,16,1.00
16,15,1.00
15,17,0.71
17,15,0.71
16,17,1.00
17,16,1.00
16,18,0.71
18,16,0.71
16,19,0.60
19,16,0.60
17,18,1.00
18,17,1.00
17,19,0.80
19,17,0.80
17,20,0.59
20,17,0.59
18,19,1.00
19,18,1.00
18,20,0.71
20,18,0.71
18,21,0.58
21,18,0.58
19,20,1.00
20,19,1.00
19,21,0.77
21,19,0.77
19,22,0.61
22,19,0.61
20,21,1.00
21,20,1.00
20,22,0.81
22,20,0.81
20,23,0.62
23,20,0.62
21,22,1.00
22,21,1.00
21,23,0.76
23,21,0.76
21,24,0.62
24,21,0.62
21,25,0.70
25,21,0.70
22,23,1.00
23,22,1.00
22,24,0.78
24,22,0.78
22,25,0.84
25,22,0.84
22,26,0.61
26,22,0.61
23,24,1.00
24,23,1.00
23,25,0.84
25,23,0.84
23,26,0.61
26,23,0.61
24,25,1.00
25,24,1.00
24,26,0.76
26,24,0.76
24,27,0.63
27,24,0.63
24,28,0.60
28,24,0.60
24,29,0.61
29,24,0.61
25,26,1.00
26,25,1.00
25,27,0.83
27,25,0.83
25,28,0.70
28,25,0.70
25,29,0.65
29,25,0.65
25,30,0.59
30,25,0.59
25,31,0.60
31,25,0.60
26,27,1.00
27,26,1.00
26,28,0.76
28,26,0.76
26,29,0.74
29,26,0.74
26,30,0.76
30,26,0.76
26,31,0.83
31,26,0.83
26,32,0.63
32,26,0.63
27,28,1.00
28,27,1.00
27,29,0.82
29,27,0.82
27,30,0.75
30,27,0.75
27,31,0.71
31,27,0.71
28,29,1.00
29,28,1.00
28,30,0.76
30,28,0.76
28,31,0.62
31,28,0.62
29,30,1.00
30,29,1.00
29,31,0.72
31,29,0.72
30,31,1.00
31,30,1.00
30,32,0.72
32,30,0.72
31,32,1.00
32,31,1.00
31,33,0.71
33,31,0.71
31,34,0.62
34,31,0.62
32,33,1.00
33,32,1.00
32,34,0.76
34,32,0.76
32,35,0.57
35,32,0.57
33,34,1.00
34,33,1.00
33,35,0.76
35,33,0.76
33,36,0.74
36,33,0.74
33,40,0.61
40,33,0.61
34,35,1.00
35,34,1.00
34,36,0.80
36,34,0.80
34,37,0.61
37,34,0.61
34,40,0.58
40,34,0.58
35,36,1.00
36,35,1.00
35,37,0.82
37,35,0.82
35,38,0.60
38,35,0.60
35,40,0.69
40,35,0.69
36,37,1.00
37,36,1.00
36,38,0.73
38,36,0.73
36,39,0.71
39,36,0.71
36,40,0.97
40,36,0.97
36,41,0.73
41,36,0.73
36,42,0.62
42,36,0.62
37,38,1.00
38,37,1.00
37,39,0.81
39,37,0.81
37,40,0.87
40,37,0.87
37,41,0.65
41,37,0.65
38,39,1.00
39,38,1.00
38,40,0.81
40,38,0.81
38,41,0.65
41,38,0.65
38,43,0.60
43,38,0.60
39,40,1.00
40,39,1.00
39,41,0.81
41,39,0.81
39,42,0.63
42,39,0.63
39,43,0.65
43,39,0.65
40,41,1.00
41,40,1.00
40,42,0.72
42,40,0.72
40,43,0.65
43,40,0.65
41,42,1.00
42,41,1.00
41,43,0.82
43,41,0.82
41,44,0.59
44,41,0.59
41,49,0.58
49,41,0.58
42,43,1.00
43,42,1.00
42,44,0.72
44,42,0.72
42,45,0.70
45,42,0.70
42,49,0.61
49,42,0.61
42,52,0.58
52,42,0.58
43,44,1.00
44,43,1.00
43,45,0.82
45,43,0.82
43,46,0.61
46,43,0.61
43,48,0.66
48,43,0.66
43,49,0.82
49,43,0.82
43,50,0.61
50,43,0.61
43,51,0.60
51,43,0.60
43,52,0.68
52,43,0.68
44,45,1.00
45,44,1.00
44,46,0.76
46,44,0.76
44,47,0.70
47,44,0.70
44,48,0.82
48,44,0.82
44,49,0.87
49,44,0.87
44,50,0.62
50,44,0.62
44,52,0.66
52,44,0.66
45,46,1.00
46,45,1.00
45,47,0.77
47,45,0.77
45,48,0.74
48,45,0.74
45,49,0.70
49,45,0.70
45,52,0.66
52,45,0.66
45,53,0.59
53,45,0.59
45,54,0.59
54,45,0.59
46,47,1.00
47,46,1.00
46,48,0.78
48,46,0.78
46,49,0.64
49,46,0.64
46,52,0.65
52,46,0.65
46,53,0.63
53,46,0.63
46,54,0.67
54,46,0.67
47,48,1.00
48,47,1.00
47,49,0.70
49,47,0.70
47,50,0.59
50,47,0.59
47,52,0.70
52,47,0.70
47,53,0.65
53,47,0.65
47,54,0.64
54,47,0.64
48,49,1.00
49,48,1.00
48,50,0.80
50,48,0.80
48,51,0.70
51,48,0.70
48,52,0.82
52,48,0.82
48,53,0.65
53,48,0.65
49,50,1.00
50,49,1.00
49,51,0.86
51,49,0.86
49,52,0.93
52,49,0.93
49,53,0.65
53,49,0.65
50,51,1.00
51,50,1.00
50,52,0.81
52,50,0.81
50,53,0.60
53,50,0.60
51,52,1.00
52,51,1.00
51,53,0.75
53,51,0.75
52,53,1.00
53,52,1.00
52,54,0.72
54,52,0.72
53,54,1.00
54,53,1.00
53,55,0.70
55,53,0.70
53,56,0.61
56,53,0.61
54,55,1.00
55,54,1.00
54,56,0.75
56,54,0.75
54,57,0.61
57,54,0.61
55,56,1.00
56,55,1.00
55,57,0.78
57,55,0.78
55,58,0.58
58,55,0.58
56,57,1.00
57,56,1.00
56,58,0.74
58,56,0.74
57,58,1.00
58,57,1.00
57,59,0.71
59,57,0.71
58,59,1.00
59,58,1.00
58,60,0.72
60,58,0.72
59,60,1.00
60,59,1.00
59,61,0.73
61,59,0.73
60,61,1.00
61,60,1.00
60,62,0.76
62,60,0.76
60,63,0.59
63,60,0.59
61,62,1.00
62,61,1.00
61,63,0.80
63,61,0.80
61,64,0.63
64,61,0.63
62,63,1.00
63,62,1.00
62,64,0.76
64,62,0.76
62,65,0.60
65,62,0.60
63,64,1.00
64,63,1.00
63,65,0.74
65,63,0.74
64,65,1.00
65,64,1.00
64,66,0.73
66,64,0.73
65,66,1.00
66,65,1.00
65,67,0.72
67,65,0.72
65,68,0.58
68,65,0.58
65,69,0.61
69,65,0.61
65,71,0.57
71,65,0.57
66,67,1.00
67,66,1.00
66,68,0.75
68,66,0.75
66,69,0.74
69,66,0.74
66,70,0.59
70,66,0.59
67,68,1.00
68,67,1.00
67,69,0.79
69,67,0.79
67,70,0.60
70,67,0.60
68,69,1.00
69,68,1.00
68,70,0.70
70,68,0.70
69,70,1.00
70,69,1.00
69,71,0.73
71,69,0.73
70,71,1.00
71,70,1.00
70,72,0.72
72,70,0.72
70,73,0.57
73,70,0.57
71,72,1.00
72,71,1.00
71,73,0.74
73,71,0.74
72,73,1.00
73,72,1.00
