1,2,1.00
2,1,1.00
1,3,0.82
3,1,0.82
1,4,0.60
4,1,0.60
2,3,1.00
3,2,1.00
2,4,0.72
4,2,0.72
3,4,1.00
4,3,1.00
5,6,1.00
6,5,1.00
5,7,0.73
7,5,0.73
6,7,1.00
7,6,1.00
6,8,0.74
8,6,0.74
7,8,1.00
8,7,1.00
9,10,1.00
10,9,1.00
9,11,0.76
11,9,0.76
9,12,0.58
12,9,0.58
9,14,0.64
14,9,0.64
9,15,0.86
15,9,0.86
9,16,0.91
16,9,0.91
10,11,1.00
11,10,1.00
10,12,0.78
12,10,0.78
10,13,0.66
13,10,0.66
10,14,0.77
14,10,0.77
10,15,0.93
15,10,0.93
10,16,0.77
16,10,0.77
11,12,1.00
12,11,1.00
11,13,0.78
13,11,0.78
11,14,0.87
14,11,0.87
11,15,0.84
15,11,0.84
11,16,0.74
16,11,0.74
12,13,1.00
13,12,1.00
12,14,0.84
14,12,0.84
12,15,0.69
15,12,0.69
13,14,1.00
14,13,1.00
13,15,0.71
15,13,0.71
14,15,1.00
15,14,1.00
14,16,0.75
16,14,0.75
15,16,1.00
16,15,1.00
17,18,1.00
18,17,1.00
17,19,0.83
19,17,0.83
17,26,0.58
26,17,0.58
17,41,0.59
41,17,0.59
18,19,1.00
19,18,1.00
18,26,0.63
26,18,0.63
18,41,0.64
41,18,0.64
19,26,0.89
26,19,0.89
19,27,0.69
27,19,0.69
19,28,0.62
28,19,0.62
20,21,1.00
21,20,1.00
20,22,0.77
22,20,0.77
20,23,0.79
23,20,0.79
20,24,0.96
24,20,0.96
20,25,0.93
25,20,0.93
21,22,1.00
22,21,1.00
21,23,0.79
23,21,0.79
21,24,0.81
24,21,0.81
21,25,0.94
25,21,0.94
22,23,1.00
23,22,1.00
22,24,0.80
24,22,0.80
22,25,0.80
25,22,0.80
23,24,1.00
24,23,1.00
23,25,0.77
25,23,0.77
24,25,1.00
25,24,1.00
26,27,1.00
27,26,1.00
26,28,0.73
28,26,0.73
27,28,1.00
28,27,1.00
27,38,0.59
38,27,0.59
28,37,0.60
37,28,0.60
28,38,0.60
38,28,0.60
29,30,1.00
30,29,1.00
29,31,0.74
31,29,0.74
29,32,0.61
32,29,0.61
29,33,0.63
33,29,0.63
29,34,0.64
34,29,0.64
29,35,0.72
35,29,0.72
29,36,0.67
36,29,0.67
30,31,1.00
31,30,1.00
30,32,0.72
32,30,0.72
30,33,0.71
33,30,0.71
30,34,0.81
34,30,0.81
30,35,0.98
35,30,0.98
30,36,0.74
36,30,0.74
31,32,1.00
32,31,1.00
31,33,0.80
33,31,0.80
31,34,0.86
34,31,0.86
31,35,0.79
35,31,0.79
31,36,0.60
36,31,0.60
32,33,1.00
33,32,1.00
32,34,0.84
34,32,0.84
32,35,0.65
35,32,0.65
33,34,1.00
34,33,1.00
33,35,0.72
35,33,0.72
33,36,0.63
36,33,0.63
34,35,1.00
35,34,1.00
34,36,0.79
36,34,0.79
35,36,1.00
36,35,1.00
37,38,1.00
38,37,1.00
37,39,0.76
39,37,0.76
37,40,0.61
40,37,0.61
38,39,1.00
39,38,1.00
38,40,0.71
40,38,0.71
38,41,0.60
41,38,0.60
39,40,1.00
40,39,1.00
39,41,0.82
41,39,0.82
39,42,0.70
42,39,0.70
40,41,1.00
41,40,1.00
40,42,0.76
42,40,0.76
41,42,1.00
42,41,1.00
41,43,0.75
43,41,0.75
41,44,0.57
44,41,0.57
42,43,1.00
43,42,1.00
42,44,0.75
44,42,0.75
42,45,0.65
45,42,0.65
43,44,1.00
44,43,1.00
43,45,0.83
45,43,0.83
43,46,0.63
46,43,0.63
43,47,0.61
47,43,0.61
43,48,0.60
48,43,0.60
44,45,1.00
45,44,1.00
44,46,0.81
46,44,0.81
44,47,0.86
47,44,0.86
44,48,0.82
48,44,0.82
44,49,0.62
49,44,0.62
45,46,1.00
46,45,1.00
45,47,0.84
47,45,0.84
45,48,0.66
48,45,0.66
46,47,1.00
47,46,1.00
46,48,0.73
48,46,0.73
47,48,1.00
48,47,1.00
47,49,0.71
49,47,0.71
48,49,1.00
49,48,1.00
48,50,0.71
50,48,0.71
49,50,1.00
50,49,1.00
49,51,0.74
51,49,0.74
49,52,0.59
52,49,0.59
50,51,1.00
51,50,1.00
50,52,0.81
52,50,0.81
50,53,0.74
53,50,0.74
50,54,0.60
54,50,0.60
51,52,1.00
52,51,1.00
51,53,0.75
53,51,0.75
51,54,0.60
54,51,0.60
52,53,1.00
53,52,1.00
52,54,0.80
54,52,0.80
52,55,0.66
55,52,0.66
53,54,1.00
54,53,1.00
53,55,0.78
55,53,0.78
54,55,1.00
55,54,1.00
56,57,1.00
57,56,1.00
56,58,0.76
58,56,0.76
56,59,0.58
59,56,0.58
57,58,1.00
58,57,1.00
57,59,0.74
59,57,0.74
57,60,0.59
60,57,0.59
58,59,1.00
59,58,1.00
58,60,0.72
60,58,0.72
58,61,0.58
61,58,0.58
59,60,1.00
60,59,1.00
59,61,0.76
61,59,0.76
59,62,0.59
62,59,0.59
60,61,1.00
61,60,1.00
60,62,0.75
62,60,0.75
61,62,1.00
62,61,1.00
61,63,0.74
63,61,0.74
61,64,0.58
64,61,0.58
62,63,1.00
63,62,1.00
62,64,0.72
64,62,0.72
62,65,0.65
65,62,0.65
63,64,1.00
64,63,1.00
63,65,0.80
65,63,0.80
63,66,0.59
66,63,0.59
64,65,1.00
65,64,1.00
64,66,0.73
66,64,0.73
65,66,1.00
66,65,1.00
65,67,0.71
67,65,0.71
66,67,1.00
67,66,1.00
66,68,0.72
68,66,0.72
66,69,0.57
69,66,0.57
67,68,1.00
68,67,1.00
67,69,0.79
69,67,0.79
67,70,0.60
70,67,0.60
68,69,1.00
69,68,1.00
68,70,0.76
70,68,0.76
69,70,1.00
70,69,1.00
69,71,0.71
71,69,0.71
70,71,1.00
71,70,1.00
70,72,0.72
72,70,0.72
70,73,0.60
73,70,0.60
71,72,1.00
72,71,1.00
71,73,0.80
73,71,0.80
72,73,1.00
73,72,1.00
