1,2,1.00
2,1,1.00
1,3,0.81
3,1,0.81
1,4,0.59
4,1,0.59
2,3,1.00
3,2,1.00
2,4,0.75
4,2,0.75
2,5,0.59
5,2,0.59
3,4,1.00
4,3,1.00
3,5,0.76
5,3,0.76
3,6,0.68
6,3,0.68
3,7,0.58
7,3,0.58
4,5,1.00
5,4,1.00
4,6,0.76
6,4,0.76
4,7,0.59
7,4,0.59
5,6,1.00
6,5,1.00
5,7,0.73
7,5,0.73
5,8,0.58
8,5,0.58
6,7,1.00
7,6,1.00
6,8,0.76
8,6,0.76
6,9,0.69
9,6,0.69
7,8,1.00
8,7,1.00
7,9,0.76
9,7,0.76
7,10,0.60
10,7,0.60
8,9,1.00
9,8,1.00
8,10,0.75
10,8,0.75
8,27,0.67
27,8,0.67
8,28,0.68
28,8,0.68
8,29,0.59
29,8,0.59
9,10,1.00
10,9,1.00
9,11,0.71
11,9,0.71
9,27,0.70
27,9,0.70
9,28,0.67
28,9,0.67
9,29,0.65
29,9,0.65
9,30,0.65
30,9,0.65
10,11,1.00
11,10,1.00
10,12,0.72
12,10,0.72
10,26,0.57
26,10,0.57
10,27,0.73
27,10,0.73
10,28,0.60
28,10,0.60
10,29,0.60
29,10,0.60
10,30,0.64
30,10,0.64
10,31,0.58
31,10,0.58
11,12,1.00
12,11,1.00
11,13,0.72
13,11,0.72
11,14,0.57
14,11,0.57
11,27,0.63
27,11,0.63
11,30,0.64
30,11,0.64
11,31,0.63
31,11,0.63
11,32,0.66
32,11,0.66
12,13,1.00
13,12,1.00
12,14,0.72
14,12,0.72
12,15,0.59
15,12,0.59
12,32,0.62
32,12,0.62
13,14,1.00
14,13,1.00
13,15,0.78
15,13,0.78
13,16,0.62
16,13,0.62
13,32,0.64
32,13,0.64
13,33,0.59
33,13,0.59
13,35,0.60
35,13,0.60
13,36,0.60
36,13,0.60
14,15,1.00
15,14,1.00
14,16,0.80
16,14,0.80
14,17,0.62
17,14,0.62
14,32,0.62
32,14,0.62
14,33,0.63
33,14,0.63
14,34,0.58
34,14,0.58
14,35,0.63
35,14,0.63
14,43,0.61
43,14,0.61
15,16,1.00
16,15,1.00
15,17,0.73
17,15,0.73
15,18,0.61
18,15,0.61
15,32,0.70
32,15,0.70
15,33,0.82
33,15,0.82
15,34,0.75
34,15,0.75
15,35,0.81
35,15,0.81
15,36,0.64
36,15,0.64
15,39,0.58
39,15,0.58
15,40,0.59
40,15,0.59
15,41,0.60
41,15,0.60
15,42,0.65
42,15,0.65
15,43,0.68
43,15,0.68
16,17,1.00
17,16,1.00
16,18,0.79
18,16,0.79
16,19,0.60
19,16,0.60
16,24,0.58
24,16,0.58
16,25,0.66
25,16,0.66
16,32,0.68
32,16,0.68
16,33,0.83
33,16,0.83
16,34,0.67
34,16,0.67
16,35,0.63
35,16,0.63
16,42,0.60
42,16,0.60
16,43,0.69
43,16,0.69
17,18,1.00
18,17,1.00
17,19,0.79
19,17,0.79
17,20,0.60
20,17,0.60
17,23,0.57
23,17,0.57
17,24,0.73
24,17,0.73
17,25,0.80
25,17,0.80
17,26,0.65
26,17,0.65
17,31,0.62
31,17,0.62
17,32,0.73
32,17,0.73
17,33,0.84
33,17,0.84
17,34,0.62
34,17,0.62
18,19,1.00
19,18,1.00
18,20,0.73
20,18,0.73
18,21,0.62
21,18,0.62
18,24,0.64
24,18,0.64
18,25,0.61
25,18,0.61
18,32,0.61
32,18,0.61
18,33,0.77
33,18,0.77
18,34,0.62
34,18,0.62
19,20,1.00
20,19,1.00
19,21,0.75
21,19,0.75
19,22,0.63
22,19,0.63
19,23,0.64
23,19,0.64
19,24,0.68
24,19,0.68
19,25,0.60
25,19,0.60
19,31,0.57
31,19,0.57
19,33,0.64
33,19,0.64
20,21,1.00
21,20,1.00
20,22,0.74
22,20,0.74
20,23,0.67
23,20,0.67
20,24,0.64
24,20,0.64
21,22,1.00
22,21,1.00
21,23,0.76
23,21,0.76
21,24,0.71
24,21,0.71
22,23,1.00
23,22,1.00
22,24,0.81
24,22,0.81
22,25,0.59
25,22,0.59
23,24,1.00
24,23,1.00
23,25,0.73
25,23,0.73
23,26,0.74
26,23,0.74
23,27,0.58
27,23,0.58
23,28,0.57
28,23,0.57
24,25,1.00
25,24,1.00
24,26,0.83
26,24,0.83
24,27,0.60
27,24,0.60
25,26,1.00
26,25,1.00
25,27,0.70
27,25,0.70
26,27,1.00
27,26,1.00
26,28,0.77
28,26,0.77
26,29,0.65
29,26,0.65
26,31,0.62
31,26,0.62
26,32,0.59
32,26,0.59
27,28,1.00
28,27,1.00
27,29,0.83
29,27,0.83
27,30,0.71
30,27,0.71
27,31,0.70
31,27,0.70
27,32,0.61
32,27,0.61
28,29,1.00
29,28,1.00
28,30,0.71
30,28,0.71
28,31,0.63
31,28,0.63
29,30,1.00
30,29,1.00
29,31,0.80
31,29,0.80
29,32,0.60
32,29,0.60
30,31,1.00
31,30,1.00
30,32,0.72
32,30,0.72
31,32,1.00
32,31,1.00
31,33,0.74
33,31,0.74
31,34,0.60
34,31,0.60
32,33,1.00
33,32,1.00
32,34,0.76
34,32,0.76
32,35,0.62
35,32,0.62
32,36,0.57
36,32,0.57
33,34,1.00
34,33,1.00
33,35,0.75
35,33,0.75
33,36,0.61
36,33,0.61
34,35,1.00
35,34,1.00
34,36,0.78
36,34,0.78
34,37,0.68
37,34,0.68
34,38,0.72
38,34,0.72
34,39,0.61
39,34,0.61
35,36,1.00
36,35,1.00
35,37,0.81
37,35,0.81
35,38,0.93
38,35,0.93
35,39,0.85
39,35,0.85
35,40,0.72
40,35,0.72
35,41,0.60
41,35,0.60
35,42,0.60
42,35,0.60
35,70,0.63
70,35,0.63
35,73,0.59
73,35,0.59
36,37,1.00
37,36,1.00
36,38,0.85
38,36,0.85
36,39,0.86
39,36,0.86
36,40,0.64
40,36,0.64
36,70,0.65
70,36,0.65
36,71,0.65
71,36,0.65
36,72,0.64
72,36,0.64
36,73,0.79
73,36,0.79
37,38,1.00
38,37,1.00
37,39,0.84
39,37,0.84
37,40,0.61
40,37,0.61
37,69,0.65
69,37,0.65
37,70,0.89
70,37,0.89
37,71,0.90
71,37,0.90
37,72,0.84
72,37,0.84
37,73,0.90
73,37,0.90
38,39,1.00
39,38,1.00
38,40,0.78
40,38,0.78
38,41,0.58
41,38,0.58
38,67,0.63
67,38,0.63
38,68,0.68
68,38,0.68
38,69,0.78
69,38,0.78
38,70,0.98
70,38,0.98
38,71,0.75
71,38,0.75
38,72,0.62
72,38,0.62
38,73,0.63
73,38,0.63
39,40,1.00
40,39,1.00
39,41,0.70
41,39,0.70
39,42,0.60
42,39,0.60
39,67,0.62
67,39,0.62
39,68,0.61
68,39,0.61
39,69,0.75
69,39,0.75
39,70,0.79
70,39,0.79
39,71,0.70
71,39,0.70
39,72,0.57
72,39,0.57
39,73,0.60
73,39,0.60
40,41,1.00
41,40,1.00
40,42,0.79
42,40,0.79
40,43,0.59
43,40,0.59
40,67,0.73
67,40,0.73
40,68,0.63
68,40,0.63
40,69,0.70
69,40,0.70
40,70,0.64
70,40,0.64
41,42,1.00
42,41,1.00
41,43,0.73
43,41,0.73
41,44,0.63
44,41,0.63
41,45,0.59
45,41,0.59
41,67,0.63
67,41,0.63
42,43,1.00
43,42,1.00
42,44,0.80
44,42,0.80
42,45,0.72
45,42,0.72
42,46,0.61
46,42,0.61
42,49,0.58
49,42,0.58
42,65,0.58
65,42,0.58
42,66,0.58
66,42,0.58
42,67,0.62
67,42,0.62
43,44,1.00
44,43,1.00
43,45,0.75
45,43,0.75
43,46,0.60
46,43,0.60
44,45,1.00
45,44,1.00
44,46,0.77
46,44,0.77
44,47,0.58
47,44,0.58
44,49,0.61
49,44,0.61
44,50,0.64
50,44,0.64
44,51,0.70
51,44,0.70
45,46,1.00
46,45,1.00
45,47,0.71
47,45,0.71
45,48,0.65
48,45,0.65
45,49,0.86
49,45,0.86
45,50,0.89
50,45,0.89
45,51,0.88
51,45,0.88
45,52,0.66
52,45,0.66
45,53,0.60
53,45,0.60
45,63,0.58
63,45,0.58
45,64,0.58
64,45,0.58
45,65,0.61
65,45,0.61
46,47,1.00
47,46,1.00
46,48,0.78
48,46,0.78
46,49,0.89
49,46,0.89
46,50,0.88
50,46,0.88
46,51,0.74
51,46,0.74
47,48,1.00
48,47,1.00
47,49,0.85
49,47,0.85
47,50,0.73
50,47,0.73
47,51,0.58
51,47,0.58
48,49,1.00
49,48,1.00
48,50,0.73
50,48,0.73
48,64,0.59
64,48,0.59
48,65,0.71
65,48,0.71
49,50,1.00
50,49,1.00
49,51,0.71
51,49,0.71
49,52,0.60
52,49,0.60
49,53,0.65
53,49,0.65
49,63,0.61
63,49,0.61
49,64,0.72
64,49,0.72
49,65,0.81
65,49,0.81
49,66,0.60
66,49,0.60
50,51,1.00
51,50,1.00
50,52,0.79
52,50,0.79
50,53,0.81
53,50,0.81
50,54,0.59
54,50,0.59
50,64,0.63
64,50,0.63
50,65,0.62
65,50,0.62
51,52,1.00
52,51,1.00
51,53,0.79
53,51,0.79
51,54,0.59
54,51,0.59
52,53,1.00
53,52,1.00
52,54,0.77
54,52,0.77
52,55,0.60
55,52,0.60
52,62,0.61
62,52,0.61
52,63,0.58
63,52,0.58
53,54,1.00
54,53,1.00
53,55,0.78
55,53,0.78
53,56,0.66
56,53,0.66
53,62,0.62
62,53,0.62
53,63,0.61
63,53,0.61
53,64,0.65
64,53,0.65
54,55,1.00
55,54,1.00
54,56,0.74
56,54,0.74
54,57,0.62
57,54,0.62
54,62,0.66
62,54,0.66
54,63,0.60
63,54,0.60
54,64,0.62
64,54,0.62
55,56,1.00
56,55,1.00
55,57,0.74
57,55,0.74
55,62,0.68
62,55,0.68
55,63,0.66
63,55,0.66
55,64,0.72
64,55,0.72
56,57,1.00
57,56,1.00
56,58,0.73
58,56,0.73
56,61,0.62
61,56,0.62
56,62,0.80
62,56,0.80
56,63,0.86
63,56,0.86
56,64,0.94
64,56,0.94
56,65,0.65
65,56,0.65
57,58,1.00
58,57,1.00
57,59,0.74
59,57,0.74
57,60,0.72
60,57,0.72
57,61,0.82
61,57,0.82
57,62,0.97
62,57,0.97
57,63,0.91
63,57,0.91
57,64,0.77
64,57,0.77
57,65,0.58
65,57,0.58
58,59,1.00
59,58,1.00
58,60,0.81
60,58,0.81
58,61,0.85
61,58,0.85
58,62,0.79
62,58,0.79
58,63,0.86
63,58,0.86
58,64,0.70
64,58,0.70
58,65,0.59
65,58,0.59
58,66,0.62
66,58,0.62
59,60,1.00
60,59,1.00
59,61,0.83
61,59,0.83
59,62,0.66
62,59,0.66
59,63,0.64
63,59,0.64
60,61,1.00
61,60,1.00
60,62,0.72
62,60,0.72
60,63,0.61
63,60,0.61
61,62,1.00
62,61,1.00
61,63,0.80
63,61,0.80
61,64,0.58
64,61,0.58
62,63,1.00
63,62,1.00
62,64,0.72
64,62,0.72
63,64,1.00
64,63,1.00
63,65,0.78
65,63,0.78
63,66,0.70
66,63,0.70
64,65,1.00
65,64,1.00
64,66,0.76
66,64,0.76
65,66,1.00
66,65,1.00
65,67,0.75
67,65,0.75
65,68,0.59
68,65,0.59
66,67,1.00
67,66,1.00
66,68,0.80
68,66,0.80
66,69,0.61
69,66,0.61
67,68,1.00
68,67,1.00
67,69,0.81
69,67,0.81
67,70,0.63
70,67,0.63
68,69,1.00
69,68,1.00
68,70,0.78
70,68,0.78
68,71,0.58
71,68,0.58
69,70,1.00
70,69,1.00
69,71,0.75
71,69,0.75
70,71,1.00
71,70,1.00
70,72,0.72
72,70,0.72
70,73,0.62
73,70,0.62
71,72,1.00
72,71,1.00
71,73,0.78
73,71,0.78
72,73,1.00
73,72,1.00
