1,2,1.00
2,1,1.00
1,3,0.75
3,1,0.75
1,4,0.58
4,1,0.58
1,49,0.65
49,1,0.65
2,3,1.00
3,2,1.00
2,4,0.77
4,2,0.77
2,5,0.62
5,2,0.62
2,6,0.62
6,2,0.62
2,7,0.63
7,2,0.63
2,49,0.58
49,2,0.58
3,4,1.00
4,3,1.00
3,5,0.87
5,3,0.87
3,6,0.85
6,3,0.85
3,7,0.80
7,3,0.80
3,8,0.61
8,3,0.61
4,5,1.00
5,4,1.00
4,6,0.81
6,4,0.81
4,7,0.88
7,4,0.88
4,8,0.71
8,4,0.71
4,9,0.62
9,4,0.62
5,6,1.00
6,5,1.00
5,7,0.86
7,5,0.86
5,8,0.81
8,5,0.81
5,9,0.82
9,5,0.82
5,10,0.59
10,5,0.59
5,33,0.65
33,5,0.65
5,34,0.63
34,5,0.63
6,7,1.00
7,6,1.00
6,8,0.85
8,6,0.85
6,9,0.85
9,6,0.85
6,10,0.66
10,6,0.66
6,33,0.59
33,6,0.59
6,34,0.59
34,6,0.59
7,8,1.00
8,7,1.00
7,9,0.75
9,7,0.75
7,10,0.61
10,7,0.61
7,33,0.57
33,7,0.57
7,34,0.65
34,7,0.65
7,35,0.61
35,7,0.61
7,36,0.61
36,7,0.61
7,37,0.66
37,7,0.66
7,53,0.58
53,7,0.58
8,9,1.00
9,8,1.00
8,10,0.79
10,8,0.79
8,11,0.57
11,8,0.57
8,32,0.65
32,8,0.65
8,33,0.77
33,8,0.77
8,34,0.94
34,8,0.94
8,35,0.84
35,8,0.84
8,36,0.74
36,8,0.74
8,37,0.68
37,8,0.68
9,10,1.00
10,9,1.00
9,11,0.71
11,9,0.71
9,31,0.72
31,9,0.72
9,32,0.80
32,9,0.80
9,33,0.93
33,9,0.93
9,34,0.85
34,9,0.85
9,35,0.75
35,9,0.75
9,36,0.60
36,9,0.60
10,11,1.00
11,10,1.00
10,12,0.72
12,10,0.72
10,29,0.61
29,10,0.61
10,30,0.68
30,10,0.68
10,31,0.84
31,10,0.84
10,32,0.89
32,10,0.89
10,33,0.78
33,10,0.78
10,34,0.75
34,10,0.75
10,35,0.82
35,10,0.82
10,36,0.64
36,10,0.64
11,12,1.00
12,11,1.00
11,13,0.78
13,11,0.78
11,14,0.66
14,11,0.66
11,28,0.61
28,11,0.61
11,29,0.82
29,11,0.82
11,30,0.88
30,11,0.88
11,31,0.93
31,11,0.93
11,32,0.77
32,11,0.77
11,33,0.62
33,11,0.62
11,35,0.62
35,11,0.62
12,13,1.00
13,12,1.00
12,14,0.72
14,12,0.72
12,28,0.69
28,12,0.69
12,29,1.00
29,12,1.00
12,30,0.81
30,12,0.81
12,31,0.70
31,12,0.70
12,32,0.60
32,12,0.60
13,14,1.00
14,13,1.00
13,15,0.76
15,13,0.76
13,16,0.58
16,13,0.58
13,27,0.59
27,13,0.59
13,28,0.71
28,13,0.71
13,29,0.90
29,13,0.90
13,30,0.75
30,13,0.75
13,31,0.62
31,13,0.62
14,15,1.00
15,14,1.00
14,16,0.71
16,14,0.71
14,17,0.60
17,14,0.60
14,28,0.58
28,14,0.58
14,29,0.65
29,14,0.65
14,30,0.63
30,14,0.63
15,16,1.00
16,15,1.00
15,17,0.76
17,15,0.76
15,29,0.58
29,15,0.58
15,30,0.58
30,15,0.58
16,17,1.00
17,16,1.00
16,18,0.72
18,16,0.72
17,18,1.00
18,17,1.00
17,19,0.74
19,17,0.74
17,20,0.58
20,17,0.58
17,25,0.68
25,17,0.68
17,26,0.60
26,17,0.60
17,27,0.69
27,17,0.69
17,28,0.59
28,17,0.59
17,30,0.61
30,17,0.61
18,19,1.00
19,18,1.00
18,20,0.78
20,18,0.78
18,21,0.58
21,18,0.58
18,24,0.63
24,18,0.63
18,25,0.82
25,18,0.82
18,26,0.63
26,18,0.63
18,27,0.63
27,18,0.63
19,20,1.00
20,19,1.00
19,21,0.76
21,19,0.76
19,22,0.66
22,19,0.66
19,23,0.65
23,19,0.65
19,24,0.78
24,19,0.78
19,25,0.97
25,19,0.97
19,26,0.67
26,19,0.67
19,27,0.63
27,19,0.63
20,21,1.00
21,20,1.00
20,22,0.74
22,20,0.74
20,23,0.65
23,20,0.65
20,24,0.68
24,20,0.68
20,25,0.71
25,20,0.71
21,22,1.00
22,21,1.00
21,23,0.76
23,21,0.76
21,24,0.68
24,21,0.68
21,25,0.62
25,21,0.62
22,23,1.00
23,22,1.00
22,24,0.75
24,22,0.75
22,25,0.62
25,22,0.62
23,24,1.00
24,23,1.00
23,25,0.72
25,23,0.72
23,26,0.61
26,23,0.61
24,25,1.00
25,24,1.00
24,26,0.81
26,24,0.81
24,27,0.61
27,24,0.61
25,26,1.00
26,25,1.00
25,27,0.79
27,25,0.79
25,28,0.59
28,25,0.59
26,27,1.00
27,26,1.00
26,28,0.75
28,26,0.75
26,30,0.62
30,26,0.62
27,28,1.00
28,27,1.00
27,29,0.76
29,27,0.76
27,30,0.87
30,27,0.87
27,31,0.66
31,27,0.66
28,29,1.00
29,28,1.00
28,30,0.89
30,28,0.89
28,31,0.63
31,28,0.63
29,30,1.00
30,29,1.00
29,31,0.73
31,29,0.73
29,32,0.61
32,29,0.61
30,31,1.00
31,30,1.00
30,32,0.75
32,30,0.75
31,32,1.00
32,31,1.00
31,33,0.75
33,31,0.75
31,34,0.60
34,31,0.60
31,35,0.60
35,31,0.60
32,33,1.00
33,32,1.00
32,34,0.82
34,32,0.82
32,35,0.78
35,32,0.78
33,34,1.00
34,33,1.00
33,35,0.76
35,33,0.76
34,35,1.00
35,34,1.00
34,36,0.74
36,34,0.74
34,37,0.60
37,34,0.60
35,36,1.00
36,35,1.00
35,37,0.70
37,35,0.70
36,37,1.00
37,36,1.00
36,38,0.71
38,36,0.71
37,38,1.00
38,37,1.00
37,39,0.74
39,37,0.74
37,53,0.68
53,37,0.68
37,54,0.62
54,37,0.62
37,55,0.67
55,37,0.67
38,39,1.00
39,38,1.00
38,40,0.72
40,38,0.72
38,41,0.61
41,38,0.61
38,52,0.64
52,38,0.64
38,53,0.81
53,38,0.81
38,54,0.83
54,38,0.83
38,55,0.89
55,38,0.89
38,56,0.72
56,38,0.72
38,57,0.60
57,38,0.60
39,40,1.00
40,39,1.00
39,41,0.75
41,39,0.75
39,42,0.61
42,39,0.61
39,45,0.67
45,39,0.67
39,46,0.57
46,39,0.57
39,51,0.64
51,39,0.64
39,52,0.86
52,39,0.86
39,53,0.97
53,39,0.97
39,54,0.92
54,39,0.92
39,55,0.75
55,39,0.75
39,56,0.62
56,39,0.62
40,41,1.00
41,40,1.00
40,42,0.75
42,40,0.75
40,43,0.61
43,40,0.61
40,44,0.62
44,40,0.62
40,45,0.73
45,40,0.73
40,46,0.62
46,40,0.62
40,51,0.60
51,40,0.60
40,52,0.81
52,40,0.81
40,53,0.72
53,40,0.72
40,54,0.72
54,40,0.72
40,55,0.59
55,40,0.59
41,42,1.00
42,41,1.00
41,43,0.70
43,41,0.70
41,44,0.63
44,41,0.63
41,45,0.65
45,41,0.65
41,52,0.61
52,41,0.61
42,43,1.00
43,42,1.00
42,44,0.77
44,42,0.77
42,45,0.70
45,42,0.70
43,44,1.00
44,43,1.00
43,45,0.75
45,43,0.75
43,46,0.59
46,43,0.59
44,45,1.00
45,44,1.00
44,46,0.80
46,44,0.80
44,47,0.68
47,44,0.68
44,51,0.62
51,44,0.62
44,52,0.62
52,44,0.62
45,46,1.00
46,45,1.00
45,47,0.78
47,45,0.78
45,48,0.61
48,45,0.61
45,50,0.64
50,45,0.64
45,51,0.85
51,45,0.85
45,52,0.87
52,45,0.87
45,53,0.65
53,45,0.65
46,47,1.00
47,46,1.00
46,48,0.71
48,46,0.71
46,49,0.63
49,46,0.63
46,50,0.80
50,46,0.80
46,51,0.93
51,46,0.93
46,52,0.85
52,46,0.85
46,53,0.61
53,46,0.61
47,48,1.00
48,47,1.00
47,49,0.77
49,47,0.77
47,50,0.84
50,47,0.84
47,51,0.83
51,47,0.83
47,52,0.65
52,47,0.65
48,49,1.00
49,48,1.00
48,50,0.83
50,48,0.83
48,51,0.74
51,48,0.74
49,50,1.00
50,49,1.00
49,51,0.76
51,49,0.76
50,51,1.00
51,50,1.00
50,52,0.74
52,50,0.74
50,53,0.62
53,50,0.62
51,52,1.00
52,51,1.00
51,53,0.79
53,51,0.79
51,54,0.60
54,51,0.60
52,53,1.00
53,52,1.00
52,54,0.79
54,52,0.79
52,55,0.58
55,52,0.58
53,54,1.00
54,53,1.00
53,55,0.75
55,53,0.75
54,55,1.00
55,54,1.00
54,56,0.73
56,54,0.73
55,56,1.00
56,55,1.00
55,57,0.70
57,55,0.70
55,58,0.59
58,55,0.59
56,57,1.00
57,56,1.00
56,58,0.79
58,56,0.79
56,59,0.60
59,56,0.60
57,58,1.00
58,57,1.00
57,59,0.75
59,57,0.75
58,59,1.00
59,58,1.00
58,60,0.72
60,58,0.72
58,61,0.61
61,58,0.61
59,60,1.00
60,59,1.00
59,61,0.81
61,59,0.81
59,62,0.59
62,59,0.59
59,64,0.68
64,59,0.68
59,65,0.63
65,59,0.63
59,66,0.60
66,59,0.60
60,61,1.00
61,60,1.00
60,62,0.70
62,60,0.70
60,63,0.67
63,60,0.67
60,64,0.90
64,60,0.90
60,65,0.90
65,60,0.90
60,66,0.77
66,60,0.77
60,70,0.58
70,60,0.58
61,62,1.00
62,61,1.00
61,63,0.79
63,61,0.79
61,64,0.89
64,61,0.89
61,65,0.76
65,61,0.76
61,66,0.60
66,61,0.60
62,63,1.00
63,62,1.00
62,64,0.84
64,62,0.84
62,65,0.68
65,62,0.68
63,64,1.00
64,63,1.00
63,65,0.75
65,63,0.75
64,65,1.00
65,64,1.00
64,66,0.71
66,64,0.71
65,66,1.00
66,65,1.00
65,67,0.74
67,65,0.74
65,69,0.59
69,65,0.59
66,67,1.00
67,66,1.00
66,68,0.73
68,66,0.73
66,69,0.78
69,66,0.78
66,70,0.67
70,66,0.67
66,71,0.61
71,66,0.61
67,68,1.00
68,67,1.00
67,69,0.85
69,67,0.85
67,70,0.66
70,67,0.66
67,71,0.64
71,67,0.64
68,69,1.00
69,68,1.00
68,70,0.71
70,68,0.71
68,71,0.68
71,68,0.68
69,70,1.00
70,69,1.00
69,71,0.79
71,69,0.79
69,72,0.61
72,69,0.61
70,71,1.00
71,70,1.00
70,72,0.80
72,70,0.80
70,73,0.58
73,70,0.58
71,72,1.00
72,71,1.00
71,73,0.74
73,71,0.74
72,73,1.00
73,72,1.00
