1,2,1.00
2,1,1.00
1,3,0.72
3,1,0.72
1,4,0.60
4,1,0.60
1,49,0.64
49,1,0.64
2,3,1.00
3,2,1.00
2,4,0.73
4,2,0.73
2,5,0.65
5,2,0.65
2,30,0.58
30,2,0.58
3,4,1.00
4,3,1.00
3,5,0.84
5,3,0.84
3,6,0.61
6,3,0.61
3,7,0.57
7,3,0.57
3,8,0.65
8,3,0.65
4,5,1.00
5,4,1.00
4,6,0.77
6,4,0.77
4,7,0.77
7,4,0.77
4,8,0.87
8,4,0.87
4,9,0.62
9,4,0.62
5,6,1.00
6,5,1.00
5,7,0.81
7,5,0.81
5,8,0.85
8,5,0.85
5,9,0.64
9,5,0.64
5,32,0.57
32,5,0.57
6,7,1.00
7,6,1.00
6,8,0.81
8,6,0.81
6,9,0.63
9,6,0.63
7,8,1.00
8,7,1.00
7,9,0.75
9,7,0.75
8,9,1.00
9,8,1.00
8,10,0.75
10,8,0.75
8,11,0.61
11,8,0.61
8,12,0.60
12,8,0.60
9,10,1.00
10,9,1.00
9,11,0.79
11,9,0.79
9,12,0.79
12,9,0.79
9,13,0.58
13,9,0.58
9,31,0.58
31,9,0.58
10,11,1.00
11,10,1.00
10,12,0.80
12,10,0.80
10,13,0.59
13,10,0.59
10,14,0.60
14,10,0.60
10,29,0.69
29,10,0.69
10,30,0.69
30,10,0.69
10,31,0.68
31,10,0.68
10,49,0.58
49,10,0.58
11,12,1.00
12,11,1.00
11,13,0.78
13,11,0.78
11,14,0.83
14,11,0.83
11,15,0.60
15,11,0.60
11,28,0.64
28,11,0.64
11,29,0.74
29,11,0.74
11,30,0.74
30,11,0.74
11,31,0.86
31,11,0.86
11,32,0.67
32,11,0.67
11,36,0.58
36,11,0.58
12,13,1.00
13,12,1.00
12,14,0.83
14,12,0.83
12,15,0.61
15,12,0.61
12,31,0.66
31,12,0.66
12,32,0.60
32,12,0.60
13,14,1.00
14,13,1.00
13,15,0.80
15,13,0.80
13,16,0.58
16,13,0.58
13,31,0.64
31,13,0.64
13,32,0.62
32,13,0.62
14,15,1.00
15,14,1.00
14,16,0.73
16,14,0.73
14,17,0.61
17,14,0.61
14,28,0.61
28,14,0.61
14,29,0.59
29,14,0.59
14,30,0.59
30,14,0.59
14,31,0.76
31,14,0.76
14,32,0.67
32,14,0.67
14,33,0.65
33,14,0.65
15,16,1.00
16,15,1.00
15,17,0.72
17,15,0.72
15,31,0.61
31,15,0.61
15,32,0.59
32,15,0.59
15,33,0.64
33,15,0.64
16,17,1.00
17,16,1.00
16,18,0.72
18,16,0.72
16,33,0.64
33,16,0.64
16,34,0.62
34,16,0.62
17,18,1.00
18,17,1.00
17,19,0.70
19,17,0.70
17,20,0.59
20,17,0.59
17,33,0.68
33,17,0.68
17,34,0.75
34,17,0.75
17,35,0.69
35,17,0.69
17,36,0.59
36,17,0.59
18,19,1.00
19,18,1.00
18,20,0.80
20,18,0.80
18,21,0.61
21,18,0.61
18,22,0.62
22,18,0.62
18,34,0.64
34,18,0.64
18,35,0.63
35,18,0.63
19,20,1.00
20,19,1.00
19,21,0.73
21,19,0.73
19,22,0.73
22,19,0.73
19,35,0.60
35,19,0.60
20,21,1.00
21,20,1.00
20,22,0.82
22,20,0.82
20,23,0.64
23,20,0.64
21,22,1.00
22,21,1.00
21,23,0.85
23,21,0.85
21,24,0.62
24,21,0.62
22,23,1.00
23,22,1.00
22,24,0.73
24,22,0.73
22,25,0.73
25,22,0.73
23,24,1.00
24,23,1.00
23,25,0.81
25,23,0.81
23,26,0.58
26,23,0.58
24,25,1.00
25,24,1.00
24,26,0.72
26,24,0.72
25,26,1.00
26,25,1.00
25,27,0.73
27,25,0.73
25,28,0.67
28,25,0.67
26,27,1.00
27,26,1.00
26,28,0.83
28,26,0.83
26,29,0.60
29,26,0.60
27,28,1.00
28,27,1.00
27,29,0.76
29,27,0.76
27,48,0.64
48,27,0.64
28,29,1.00
29,28,1.00
28,30,0.72
30,28,0.72
28,31,0.66
31,28,0.66
28,35,0.58
35,28,0.58
28,36,0.69
36,28,0.69
28,48,0.58
48,28,0.58
29,30,1.00
30,29,1.00
29,31,0.80
31,29,0.80
29,32,0.58
32,29,0.58
29,35,0.59
35,29,0.59
29,36,0.79
36,29,0.79
29,37,0.68
37,29,0.68
29,47,0.57
47,29,0.57
29,48,0.66
48,29,0.66
29,49,0.58
49,29,0.58
30,31,1.00
31,30,1.00
30,32,0.73
32,30,0.73
30,33,0.65
33,30,0.65
30,34,0.58
34,30,0.58
30,35,0.65
35,30,0.65
30,36,0.95
36,30,0.95
30,37,0.83
37,30,0.83
30,38,0.60
38,30,0.60
31,32,1.00
32,31,1.00
31,33,0.84
33,31,0.84
31,34,0.65
34,31,0.65
31,35,0.66
35,31,0.66
31,36,0.86
36,31,0.86
31,37,0.67
37,31,0.67
32,33,1.00
33,32,1.00
32,34,0.70
34,32,0.70
32,35,0.63
35,32,0.63
32,36,0.71
36,32,0.71
32,37,0.59
37,32,0.59
33,34,1.00
34,33,1.00
33,35,0.78
35,33,0.78
33,36,0.77
36,33,0.77
33,37,0.60
37,33,0.60
34,35,1.00
35,34,1.00
34,36,0.78
36,34,0.78
34,37,0.62
37,34,0.62
35,36,1.00
36,35,1.00
35,37,0.78
37,35,0.78
35,38,0.65
38,35,0.65
35,39,0.69
39,35,0.69
36,37,1.00
37,36,1.00
36,38,0.71
38,36,0.71
36,39,0.67
39,36,0.67
37,38,1.00
38,37,1.00
37,39,0.82
39,37,0.82
37,40,0.65
40,37,0.65
38,39,1.00
39,38,1.00
38,40,0.79
40,38,0.79
38,41,0.61
41,38,0.61
39,40,1.00
40,39,1.00
39,41,0.70
41,39,0.70
40,41,1.00
41,40,1.00
40,42,0.71
42,40,0.71
40,43,0.61
43,40,0.61
40,44,0.66
44,40,0.66
41,42,1.00
42,41,1.00
41,43,0.76
43,41,0.76
41,44,0.71
44,41,0.71
42,43,1.00
43,42,1.00
42,44,0.78
44,42,0.78
42,45,0.58
45,42,0.58
43,44,1.00
44,43,1.00
43,45,0.76
45,43,0.76
44,45,1.00
45,44,1.00
44,46,0.71
46,44,0.71
44,47,0.69
47,44,0.69
45,46,1.00
46,45,1.00
45,47,0.82
47,45,0.82
45,48,0.60
48,45,0.60
46,47,1.00
47,46,1.00
46,48,0.75
48,46,0.75
46,49,0.61
49,46,0.61
47,48,1.00
48,47,1.00
47,49,0.82
49,47,0.82
47,50,0.70
50,47,0.70
48,49,1.00
49,48,1.00
48,50,0.78
50,48,0.78
48,51,0.58
51,48,0.58
49,50,1.00
50,49,1.00
49,51,0.74
51,49,0.74
50,51,1.00
51,50,1.00
50,52,0.72
52,50,0.72
50,53,0.72
53,50,0.72
51,52,1.00
52,51,1.00
51,53,0.83
53,51,0.83
51,54,0.65
54,51,0.65
52,53,1.00
53,52,1.00
52,54,0.88
54,52,0.88
52,55,0.72
55,52,0.72
52,56,0.62
56,52,0.62
53,54,1.00
54,53,1.00
53,55,0.70
55,53,0.70
53,56,0.62
56,53,0.62
54,55,1.00
55,54,1.00
54,56,0.78
56,54,0.78
54,57,0.66
57,54,0.66
54,58,0.61
58,54,0.61
54,60,0.58
60,54,0.58
54,63,0.66
63,54,0.66
54,64,0.59
64,54,0.59
55,56,1.00
56,55,1.00
55,57,0.82
57,55,0.82
55,58,0.82
58,55,0.82
55,59,0.62
59,55,0.62
55,60,0.64
60,55,0.64
55,63,0.60
63,55,0.60
55,64,0.60
64,55,0.60
55,65,0.59
65,55,0.59
56,57,1.00
57,56,1.00
56,58,0.80
58,56,0.80
56,59,0.59
59,56,0.59
56,60,0.61
60,56,0.61
57,58,1.00
58,57,1.00
57,59,0.75
59,57,0.75
57,60,0.79
60,57,0.79
57,61,0.58
61,57,0.58
58,59,1.00
59,58,1.00
58,60,0.84
60,58,0.84
58,61,0.62
61,58,0.62
59,60,1.00
60,59,1.00
59,61,0.78
61,59,0.78
59,62,0.60
62,59,0.60
59,64,0.60
64,59,0.60
60,61,1.00
61,60,1.00
60,62,0.75
62,60,0.75
60,63,0.66
63,60,0.66
60,64,0.62
64,60,0.62
61,62,1.00
62,61,1.00
61,63,0.76
63,61,0.76
61,64,0.69
64,61,0.69
62,63,1.00
63,62,1.00
62,64,0.76
64,62,0.76
63,64,1.00
64,63,1.00
63,65,0.72
65,63,0.72
64,65,1.00
65,64,1.00
64,66,0.78
66,64,0.78
64,67,0.60
67,64,0.60
65,66,1.00
66,65,1.00
65,67,0.78
67,65,0.78
65,68,0.58
68,65,0.58
66,67,1.00
67,66,1.00
66,68,0.73
68,66,0.73
66,69,0.58
69,66,0.58
67,68,1.00
68,67,1.00
67,69,0.77
69,67,0.77
67,70,0.76
70,67,0.76
68,69,1.00
69,68,1.00
68,70,0.84
70,68,0.84
68,71,0.62
71,68,0.62
69,70,1.00
70,69,1.00
69,71,0.83
71,69,0.83
69,72,0.70
72,69,0.70
69,73,0.62
73,69,0.62
70,71,1.00
71,70,1.00
70,72,0.76
72,70,0.76
70,73,0.60
73,70,0.60
71,72,1.00
72,71,1.00
71,73,0.80
73,71,0.80
72,73,1.00
73,72,1.00
