1,2,1.00
2,1,1.00
1,3,0.82
3,1,0.82
1,4,0.63
4,1,0.63
2,3,1.00
3,2,1.00
2,4,0.80
4,2,0.80
2,5,0.70
5,2,0.70
3,4,1.00
4,3,1.00
3,5,0.73
5,3,0.73
3,37,0.59
37,3,0.59
3,38,0.62
38,3,0.62
4,5,1.00
5,4,1.00
4,6,0.70
6,4,0.70
4,7,0.63
7,4,0.63
4,8,0.68
8,4,0.68
4,37,0.58
37,4,0.58
4,49,0.60
49,4,0.60
5,6,1.00
6,5,1.00
5,7,0.82
7,5,0.82
5,8,0.76
8,5,0.76
6,7,1.00
7,6,1.00
6,8,0.84
8,6,0.84
6,9,0.62
9,6,0.62
7,8,1.00
8,7,1.00
7,9,0.80
9,7,0.80
7,10,0.63
10,7,0.63
8,9,1.00
9,8,1.00
8,10,0.83
10,8,0.83
8,11,0.65
11,8,0.65
8,29,0.60
29,8,0.60
8,30,0.73
30,8,0.73
8,31,0.61
31,8,0.61
8,49,0.64
49,8,0.64
8,50,0.60
50,8,0.60
9,10,1.00
10,9,1.00
9,11,0.74
11,9,0.74
9,12,0.64
12,9,0.64
9,29,0.62
29,9,0.62
9,30,0.66
30,9,0.66
9,49,0.60
49,9,0.60
9,50,0.62
50,9,0.62
9,51,0.64
51,9,0.64
9,52,0.61
52,9,0.61
10,11,1.00
11,10,1.00
10,12,0.72
12,10,0.72
10,14,0.59
14,10,0.59
10,27,0.57
27,10,0.57
10,28,0.70
28,10,0.70
10,29,0.87
29,10,0.87
10,30,0.88
30,10,0.88
10,31,0.71
31,10,0.71
10,49,0.63
49,10,0.63
10,50,0.61
50,10,0.61
10,51,0.62
51,10,0.62
11,12,1.00
12,11,1.00
11,13,0.78
13,11,0.78
11,14,0.80
14,11,0.80
11,15,0.61
15,11,0.61
11,27,0.60
27,11,0.60
11,28,0.75
28,11,0.75
11,29,0.78
29,11,0.78
11,30,0.77
30,11,0.77
11,31,0.77
31,11,0.77
11,32,0.60
32,11,0.60
12,13,1.00
13,12,1.00
12,14,0.80
14,12,0.80
12,15,0.59
15,12,0.59
12,28,0.58
28,12,0.58
12,31,0.61
31,12,0.61
13,14,1.00
14,13,1.00
13,15,0.73
15,13,0.73
13,31,0.59
31,13,0.59
14,15,1.00
15,14,1.00
14,16,0.71
16,14,0.71
14,17,0.59
17,14,0.59
14,28,0.67
28,14,0.67
14,29,0.59
29,14,0.59
14,30,0.58
30,14,0.58
14,31,0.71
31,14,0.71
14,32,0.65
32,14,0.65
14,33,0.60
33,14,0.60
15,16,1.00
16,15,1.00
15,17,0.72
17,15,0.72
15,28,0.59
28,15,0.59
15,31,0.71
31,15,0.71
15,32,0.74
32,15,0.74
15,33,0.76
33,15,0.76
15,34,0.59
34,15,0.59
15,36,0.57
36,15,0.57
16,17,1.00
17,16,1.00
16,18,0.71
18,16,0.71
16,31,0.58
31,16,0.58
16,32,0.63
32,16,0.63
16,33,0.76
33,16,0.76
16,34,0.66
34,16,0.66
17,18,1.00
18,17,1.00
17,19,0.72
19,17,0.72
17,20,0.59
20,17,0.59
17,25,0.58
25,17,0.58
17,33,0.68
33,17,0.68
17,34,0.69
34,17,0.69
18,19,1.00
19,18,1.00
18,20,0.81
20,18,0.81
18,21,0.59
21,18,0.59
18,24,0.61
24,18,0.61
18,25,0.63
25,18,0.63
19,20,1.00
20,19,1.00
19,21,0.71
21,19,0.71
19,22,0.72
22,19,0.72
19,23,0.70
23,19,0.70
19,24,0.71
24,19,0.71
19,25,0.64
25,19,0.64
20,21,1.00
21,20,1.00
20,22,0.83
22,20,0.83
20,23,0.75
23,20,0.75
20,24,0.66
24,20,0.66
20,25,0.62
25,20,0.62
21,22,1.00
22,21,1.00
21,23,0.82
23,21,0.82
21,24,0.62
24,21,0.62
21,25,0.58
25,21,0.58
22,23,1.00
23,22,1.00
22,24,0.71
24,22,0.71
22,25,0.58
25,22,0.58
23,24,1.00
24,23,1.00
23,25,0.78
25,23,0.78
23,26,0.59
26,23,0.59
24,25,1.00
25,24,1.00
24,26,0.78
26,24,0.78
24,27,0.65
27,24,0.65
25,26,1.00
26,25,1.00
25,27,0.70
27,25,0.70
25,28,0.60
28,25,0.60
26,27,1.00
27,26,1.00
26,28,0.77
28,26,0.77
26,29,0.57
29,26,0.57
27,28,1.00
28,27,1.00
27,29,0.74
29,27,0.74
28,29,1.00
29,28,1.00
28,30,0.73
30,28,0.73
28,31,0.69
31,28,0.69
28,36,0.62
36,28,0.62
29,30,1.00
30,29,1.00
29,31,0.77
31,29,0.77
29,36,0.70
36,29,0.70
29,37,0.67
37,29,0.67
29,38,0.57
38,29,0.57
29,39,0.62
39,29,0.62
29,49,0.66
49,29,0.66
29,50,0.58
50,29,0.58
30,31,1.00
31,30,1.00
30,32,0.69
32,30,0.69
30,33,0.59
33,30,0.59
30,35,0.60
35,30,0.60
30,36,0.82
36,30,0.82
30,37,0.84
37,30,0.84
30,38,0.65
38,30,0.65
30,39,0.63
39,30,0.63
30,49,0.67
49,30,0.67
31,32,1.00
32,31,1.00
31,33,0.79
33,31,0.79
31,34,0.63
34,31,0.63
31,35,0.64
35,31,0.64
31,36,0.90
36,31,0.90
31,37,0.74
37,31,0.74
32,33,1.00
33,32,1.00
32,34,0.70
34,32,0.70
32,35,0.65
35,32,0.65
32,36,0.81
36,32,0.81
32,37,0.65
37,32,0.65
33,34,1.00
34,33,1.00
33,35,0.78
35,33,0.78
33,36,0.84
36,33,0.84
33,37,0.62
37,33,0.62
34,35,1.00
35,34,1.00
34,36,0.83
36,34,0.83
34,37,0.62
37,34,0.62
35,36,1.00
36,35,1.00
35,37,0.80
37,35,0.80
35,38,0.68
38,35,0.68
35,39,0.71
39,35,0.71
35,40,0.63
40,35,0.63
36,37,1.00
37,36,1.00
36,38,0.72
38,36,0.72
36,39,0.72
39,36,0.72
37,38,1.00
38,37,1.00
37,39,0.83
39,37,0.83
37,40,0.62
40,37,0.62
37,48,0.58
48,37,0.58
37,49,0.60
49,37,0.60
38,39,1.00
39,38,1.00
38,40,0.79
40,38,0.79
38,41,0.69
41,38,0.69
38,42,0.65
42,38,0.65
38,46,0.62
46,38,0.62
38,47,0.59
47,38,0.59
38,48,0.69
48,38,0.69
38,49,0.64
49,38,0.64
39,40,1.00
40,39,1.00
39,41,0.75
41,39,0.75
39,42,0.68
42,39,0.68
39,45,0.60
45,39,0.60
39,46,0.74
46,39,0.74
39,47,0.62
47,39,0.62
39,48,0.66
48,39,0.66
39,49,0.62
49,39,0.62
40,41,1.00
41,40,1.00
40,42,0.76
42,40,0.76
40,43,0.62
43,40,0.62
40,45,0.66
45,40,0.66
40,46,0.73
46,40,0.73
40,47,0.58
47,40,0.58
41,42,1.00
42,41,1.00
41,43,0.78
43,41,0.78
41,44,0.63
44,41,0.63
41,45,0.69
45,41,0.69
41,46,0.75
46,41,0.75
41,47,0.62
47,41,0.62
41,48,0.57
48,41,0.57
42,43,1.00
43,42,1.00
42,44,0.73
44,42,0.73
42,45,0.76
45,42,0.76
42,46,0.92
46,42,0.92
42,47,0.83
47,42,0.83
42,48,0.70
48,42,0.70
43,44,1.00
44,43,1.00
43,45,0.85
45,43,0.85
43,46,0.82
46,43,0.82
43,47,0.74
47,43,0.74
43,48,0.58
48,43,0.58
44,45,1.00
45,44,1.00
44,46,0.76
46,44,0.76
44,47,0.65
47,44,0.65
45,46,1.00
46,45,1.00
45,47,0.72
47,45,0.72
46,47,1.00
47,46,1.00
46,48,0.78
48,46,0.78
46,49,0.62
49,46,0.62
47,48,1.00
48,47,1.00
47,49,0.73
49,47,0.73
47,50,0.63
50,47,0.63
48,49,1.00
49,48,1.00
48,50,0.77
50,48,0.77
49,50,1.00
50,49,1.00
49,51,0.71
51,49,0.71
50,51,1.00
51,50,1.00
50,52,0.75
52,50,0.75
50,53,0.73
53,50,0.73
51,52,1.00
52,51,1.00
51,53,0.80
53,51,0.80
51,54,0.59
54,51,0.59
52,53,1.00
53,52,1.00
52,54,0.71
54,52,0.71
52,55,0.59
55,52,0.59
52,56,0.61
56,52,0.61
53,54,1.00
54,53,1.00
53,55,0.72
55,53,0.72
53,56,0.67
56,53,0.67
54,55,1.00
55,54,1.00
54,56,0.80
56,54,0.80
54,57,0.60
57,54,0.60
54,58,0.59
58,54,0.59
55,56,1.00
56,55,1.00
55,57,0.77
57,55,0.77
55,58,0.82
58,55,0.82
55,59,0.65
59,55,0.65
55,60,0.69
60,55,0.69
56,57,1.00
57,56,1.00
56,58,0.82
58,56,0.82
56,59,0.64
59,56,0.64
56,60,0.61
60,56,0.61
57,58,1.00
58,57,1.00
57,59,0.80
59,57,0.80
57,60,0.67
60,57,0.67
58,59,1.00
59,58,1.00
58,60,0.80
60,58,0.80
58,61,0.61
61,58,0.61
59,60,1.00
60,59,1.00
59,61,0.84
61,59,0.84
59,62,0.61
62,59,0.61
59,64,0.60
64,59,0.60
60,61,1.00
61,60,1.00
60,62,0.73
62,60,0.73
60,63,0.68
63,60,0.68
60,64,0.71
64,60,0.71
61,62,1.00
62,61,1.00
61,63,0.77
63,61,0.77
61,64,0.70
64,61,0.70
61,65,0.58
65,61,0.58
62,63,1.00
63,62,1.00
62,64,0.75
64,62,0.75
62,65,0.63
65,62,0.63
63,64,1.00
64,63,1.00
63,65,0.79
65,63,0.79
63,66,0.59
66,63,0.59
64,65,1.00
65,64,1.00
64,66,0.78
66,64,0.78
64,67,0.61
67,64,0.61
65,66,1.00
66,65,1.00
65,67,0.71
67,65,0.71
66,67,1.00
67,66,1.00
66,68,0.71
68,66,0.71
66,69,0.60
69,66,0.60
66,70,0.58
70,66,0.58
66,71,0.59
71,66,0.59
67,68,1.00
68,67,1.00
67,69,0.78
69,67,0.78
67,70,0.76
70,67,0.76
67,71,0.69
71,67,0.69
68,69,1.00
69,68,1.00
68,70,0.82
70,68,0.82
68,71,0.65
71,68,0.65
69,70,1.00
70,69,1.00
69,71,0.80
71,69,0.80
69,72,0.69
72,69,0.69
70,71,1.00
71,70,1.00
70,72,0.79
72,70,0.79
70,73,0.61
73,70,0.61
71,72,1.00
72,71,1.00
71,73,0.81
73,71,0.81
72,73,1.00
73,72,1.00
