1,2,1.00
2,1,1.00
1,3,0.77
3,1,0.77
1,4,0.83
4,1,0.83
1,5,0.94
5,1,0.94
1,6,0.78
6,1,0.78
1,7,0.77
7,1,0.77
1,8,0.76
8,1,0.76
1,9,0.83
9,1,0.83
1,10,0.90
10,1,0.90
1,11,0.67
11,1,0.67
1,13,0.58
13,1,0.58
1,14,0.59
14,1,0.59
1,15,0.58
15,1,0.58
2,3,1.00
3,2,1.00
2,4,0.82
4,2,0.82
2,5,0.78
5,2,0.78
2,6,0.61
6,2,0.61
2,7,0.59
7,2,0.59
2,8,0.58
8,2,0.58
2,9,0.60
9,2,0.60
2,10,0.65
10,2,0.65
3,4,1.00
4,3,1.00
3,5,0.79
5,3,0.79
3,6,0.59
6,3,0.59
4,5,1.00
5,4,1.00
4,6,0.78
6,4,0.78
4,7,0.71
7,4,0.71
4,8,0.59
8,4,0.59
4,10,0.60
10,4,0.60
5,6,1.00
6,5,1.00
5,7,0.77
7,5,0.77
5,8,0.62
8,5,0.62
5,9,0.66
9,5,0.66
5,10,0.79
10,5,0.79
5,11,0.64
11,5,0.64
6,7,1.00
7,6,1.00
6,8,0.72
8,6,0.72
6,9,0.74
9,6,0.74
6,10,0.81
10,6,0.81
6,11,0.63
11,6,0.63
6,13,0.62
13,6,0.62
6,14,0.65
14,6,0.65
6,15,0.74
15,6,0.74
6,16,0.60
16,6,0.60
7,8,1.00
8,7,1.00
7,9,0.84
9,7,0.84
7,10,0.73
10,7,0.73
7,13,0.59
13,7,0.59
7,14,0.70
14,7,0.70
7,15,0.89
15,7,0.89
7,16,0.75
16,7,0.75
8,9,1.00
9,8,1.00
8,10,0.72
10,8,0.72
8,13,0.62
13,8,0.62
8,14,0.79
14,8,0.79
8,15,0.87
15,8,0.87
8,16,0.74
16,8,0.74
9,10,1.00
10,9,1.00
9,11,0.71
11,9,0.71
9,12,0.69
12,9,0.69
9,13,0.83
13,9,0.83
9,14,0.99
14,9,0.99
9,15,0.84
15,9,0.84
9,16,0.63
16,9,0.63
10,11,1.00
11,10,1.00
10,12,0.80
12,10,0.80
10,13,0.88
13,10,0.88
10,14,0.79
14,10,0.79
10,15,0.69
15,10,0.69
11,12,1.00
12,11,1.00
11,13,0.86
13,11,0.86
11,14,0.65
14,11,0.65
12,13,1.00
13,12,1.00
12,14,0.71
14,12,0.71
13,14,1.00
14,13,1.00
13,15,0.72
15,13,0.72
14,15,1.00
15,14,1.00
14,16,0.71
16,14,0.71
15,16,1.00
16,15,1.00
15,17,0.72
17,15,0.72
16,17,1.00
17,16,1.00
16,18,0.71
18,16,0.71
16,19,0.59
19,16,0.59
17,18,1.00
18,17,1.00
17,19,0.80
19,17,0.80
17,20,0.66
20,17,0.66
17,23,0.57
23,17,0.57
18,19,1.00
19,18,1.00
18,20,0.78
20,18,0.78
18,21,0.61
21,18,0.61
18,22,0.63
22,18,0.63
18,23,0.73
23,18,0.73
18,24,0.67
24,18,0.67
19,20,1.00
20,19,1.00
19,21,0.82
21,19,0.82
19,22,0.89
22,19,0.89
19,23,0.97
23,19,0.97
19,24,0.81
24,19,0.81
19,25,0.64
25,19,0.64
19,26,0.60
26,19,0.60
19,27,0.63
27,19,0.63
20,21,1.00
21,20,1.00
20,22,0.80
22,20,0.80
20,23,0.81
23,20,0.81
20,24,0.91
24,20,0.91
20,25,0.74
25,20,0.74
20,26,0.66
26,20,0.66
20,27,0.64
27,20,0.64
21,22,1.00
22,21,1.00
21,23,0.83
23,21,0.83
21,24,0.86
24,21,0.86
21,25,0.91
25,21,0.91
21,26,0.93
26,21,0.93
21,27,0.88
27,21,0.88
21,28,0.63
28,21,0.63
22,23,1.00
23,22,1.00
22,24,0.80
24,22,0.80
22,25,0.78
25,22,0.78
22,26,0.87
26,22,0.87
22,27,1.00
27,22,1.00
22,28,0.73
28,22,0.73
22,29,0.62
29,22,0.62
23,24,1.00
24,23,1.00
23,25,0.80
25,23,0.80
23,26,0.72
26,23,0.72
23,27,0.70
27,23,0.70
23,28,0.58
28,23,0.58
24,25,1.00
25,24,1.00
24,26,0.73
26,24,0.73
24,27,0.63
27,24,0.63
25,26,1.00
26,25,1.00
25,27,0.72
27,25,0.72
25,28,0.60
28,25,0.60
26,27,1.00
27,26,1.00
26,28,0.82
28,26,0.82
26,29,0.59
29,26,0.59
27,28,1.00
28,27,1.00
27,29,0.74
29,27,0.74
27,30,0.65
30,27,0.65
28,29,1.00
29,28,1.00
28,30,0.77
30,28,0.77
28,31,0.59
31,28,0.59
28,33,0.58
33,28,0.58
29,30,1.00
30,29,1.00
29,31,0.70
31,29,0.70
29,32,0.57
32,29,0.57
30,31,1.00
31,30,1.00
30,32,0.75
32,30,0.75
30,33,0.67
33,30,0.67
31,32,1.00
32,31,1.00
31,33,0.74
33,31,0.74
31,34,0.59
34,31,0.59
32,33,1.00
33,32,1.00
32,34,0.76
34,32,0.76
32,35,0.61
35,32,0.61
32,36,0.59
36,32,0.59
33,34,1.00
34,33,1.00
33,35,0.80
35,33,0.80
33,36,0.80
36,33,0.80
33,37,0.57
37,33,0.57
34,35,1.00
35,34,1.00
34,36,0.79
36,34,0.79
34,37,0.60
37,34,0.60
35,36,1.00
36,35,1.00
35,37,0.81
37,35,0.81
35,38,0.61
38,35,0.61
36,37,1.00
37,36,1.00
36,38,0.79
38,36,0.79
36,39,0.60
39,36,0.60
37,38,1.00
38,37,1.00
37,39,0.77
39,37,0.77
37,40,0.60
40,37,0.60
37,41,0.60
41,37,0.60
38,39,1.00
39,38,1.00
38,40,0.82
40,38,0.82
38,41,0.82
41,38,0.82
38,42,0.59
42,38,0.59
39,40,1.00
40,39,1.00
39,41,0.78
41,39,0.78
39,42,0.58
42,39,0.58
40,41,1.00
41,40,1.00
40,42,0.75
42,40,0.75
41,42,1.00
42,41,1.00
41,43,0.75
43,41,0.75
42,43,1.00
43,42,1.00
42,44,0.70
44,42,0.70
42,45,0.60
45,42,0.60
43,44,1.00
44,43,1.00
43,45,0.75
45,43,0.75
43,46,0.61
46,43,0.61
44,45,1.00
45,44,1.00
44,46,0.72
46,44,0.72
45,46,1.00
46,45,1.00
45,47,0.75
47,45,0.75
45,48,0.60
48,45,0.60
45,57,0.65
57,45,0.65
45,58,0.58
58,45,0.58
46,47,1.00
47,46,1.00
46,48,0.83
48,46,0.83
46,49,0.61
49,46,0.61
46,55,0.62
55,46,0.62
46,56,0.73
56,46,0.73
46,57,0.80
57,46,0.80
46,58,0.65
58,46,0.65
47,48,1.00
48,47,1.00
47,49,0.74
49,47,0.74
47,50,0.61
50,47,0.61
47,55,0.58
55,47,0.58
47,56,0.77
56,47,0.77
47,57,0.93
57,47,0.93
47,58,0.85
58,47,0.85
47,59,0.62
59,47,0.62
48,49,1.00
49,48,1.00
48,50,0.80
50,48,0.80
48,51,0.62
51,48,0.62
48,52,0.60
52,48,0.60
48,53,0.66
53,48,0.66
48,54,0.68
54,48,0.68
48,55,0.74
55,48,0.74
48,56,1.00
56,48,1.00
48,57,0.94
57,48,0.94
48,58,0.74
58,48,0.74
49,50,1.00
50,49,1.00
49,51,0.75
51,49,0.75
49,52,0.72
52,49,0.72
49,53,0.70
53,49,0.70
49,54,0.63
54,49,0.63
49,55,0.62
55,49,0.62
49,56,0.78
56,49,0.78
49,57,0.68
57,49,0.68
49,58,0.61
58,49,0.61
50,51,1.00
51,50,1.00
50,52,0.78
52,50,0.78
50,53,0.68
53,50,0.68
50,54,0.63
54,50,0.63
50,55,0.64
55,50,0.64
50,56,0.78
56,50,0.78
50,57,0.66
57,50,0.66
50,58,0.60
58,50,0.60
51,52,1.00
52,51,1.00
51,53,0.75
53,51,0.75
51,54,0.65
54,51,0.65
51,55,0.60
55,51,0.60
51,56,0.64
56,51,0.64
52,53,1.00
53,52,1.00
52,54,0.73
54,52,0.73
52,55,0.59
55,52,0.59
52,56,0.59
56,52,0.59
53,54,1.00
54,53,1.00
53,55,0.71
55,53,0.71
53,56,0.66
56,53,0.66
54,55,1.00
55,54,1.00
54,56,0.78
56,54,0.78
54,57,0.57
57,54,0.57
55,56,1.00
56,55,1.00
55,57,0.72
57,55,0.72
56,57,1.00
57,56,1.00
56,58,0.70
58,56,0.70
57,58,1.00
58,57,1.00
57,59,0.71
59,57,0.71
58,59,1.00
59,58,1.00
58,60,0.74
60,58,0.74
58,61,0.66
61,58,0.66
59,60,1.00
60,59,1.00
59,61,0.81
61,59,0.81
59,62,0.59
62,59,0.59
60,61,1.00
61,60,1.00
60,62,0.77
62,60,0.77
60,63,0.57
63,60,0.57
61,62,1.00
62,61,1.00
61,63,0.75
63,61,0.75
62,63,1.00
63,62,1.00
62,64,0.76
64,62,0.76
63,64,1.00
64,63,1.00
63,65,0.72
65,63,0.72
64,65,1.00
65,64,1.00
64,66,0.70
66,64,0.70
65,66,1.00
66,65,1.00
65,67,0.75
67,65,0.75
65,68,0.58
68,65,0.58
66,67,1.00
67,66,1.00
66,68,0.79
68,66,0.79
66,69,0.58
69,66,0.58
67,68,1.00
68,67,1.00
67,69,0.71
69,67,0.71
67,70,0.60
70,67,0.60
68,69,1.00
69,68,1.00
68,70,0.75
70,68,0.75
68,71,0.58
71,68,0.58
69,70,1.00
70,69,1.00
69,71,0.77
71,69,0.77
69,72,0.61
72,69,0.61
70,71,1.00
71,70,1.00
70,72,0.77
72,70,0.77
70,73,0.61
73,70,0.61
71,72,1.00
72,71,1.00
71,73,0.81
73,71,0.81
72,73,1.00
73,72,1.00
