1,2,1.00
2,1,1.00
1,3,0.76
3,1,0.76
1,4,0.60
4,1,0.60
2,3,1.00
3,2,1.00
2,4,0.82
4,2,0.82
2,5,0.71
5,2,0.71
3,4,1.00
4,3,1.00
3,5,0.74
5,3,0.74
3,10,0.58
10,3,0.58
3,11,0.63
11,3,0.63
4,5,1.00
5,4,1.00
4,6,0.75
6,4,0.75
4,7,0.63
7,4,0.63
4,9,0.63
9,4,0.63
4,10,0.71
10,4,0.71
4,11,0.68
11,4,0.68
5,6,1.00
6,5,1.00
5,7,0.77
7,5,0.77
5,8,0.60
8,5,0.60
5,9,0.61
9,5,0.61
5,10,0.63
10,5,0.63
6,7,1.00
7,6,1.00
6,8,0.72
8,6,0.72
6,9,0.68
9,6,0.68
6,10,0.62
10,6,0.62
7,8,1.00
8,7,1.00
7,9,0.78
9,7,0.78
7,10,0.68
10,7,0.68
7,32,0.59
32,7,0.59
8,9,1.00
9,8,1.00
8,10,0.78
10,8,0.78
8,32,0.69
32,8,0.69
8,33,0.66
33,8,0.66
9,10,1.00
10,9,1.00
9,11,0.71
11,9,0.71
9,12,0.58
12,9,0.58
9,32,0.65
32,9,0.65
9,33,0.71
33,9,0.71
9,34,0.60
34,9,0.60
9,37,0.65
37,9,0.65
9,38,0.61
38,9,0.61
9,39,0.57
39,9,0.57
10,11,1.00
11,10,1.00
10,12,0.79
12,10,0.79
10,13,0.66
13,10,0.66
10,14,0.59
14,10,0.59
10,32,0.73
32,10,0.73
10,33,0.82
33,10,0.82
10,34,0.62
34,10,0.62
10,37,0.61
37,10,0.61
10,38,0.63
38,10,0.63
10,39,0.61
39,10,0.61
11,12,1.00
12,11,1.00
11,13,0.74
13,11,0.74
11,14,0.59
14,11,0.59
11,32,0.61
32,11,0.61
11,33,0.73
33,11,0.73
11,34,0.57
34,11,0.57
11,38,0.66
38,11,0.66
11,39,0.70
39,11,0.70
12,13,1.00
13,12,1.00
12,14,0.77
14,12,0.77
12,15,0.58
15,12,0.58
12,32,0.68
32,12,0.68
12,33,0.80
33,12,0.80
12,34,0.62
34,12,0.62
12,38,0.60
38,12,0.60
12,39,0.58
39,12,0.58
13,14,1.00
14,13,1.00
13,15,0.77
15,13,0.77
13,31,0.62
31,13,0.62
13,32,0.72
32,13,0.72
13,33,0.93
33,13,0.93
13,34,0.78
34,13,0.78
13,35,0.72
35,13,0.72
13,38,0.62
38,13,0.62
14,15,1.00
15,14,1.00
14,16,0.70
16,14,0.70
14,29,0.61
29,14,0.61
14,30,0.61
30,14,0.61
14,31,0.81
31,14,0.81
14,32,0.84
32,14,0.84
14,33,0.88
33,14,0.88
14,34,0.75
34,14,0.75
14,35,0.63
35,14,0.63
15,16,1.00
16,15,1.00
15,17,0.72
17,15,0.72
15,29,0.67
29,15,0.67
15,30,0.64
30,15,0.64
15,31,0.88
31,15,0.88
15,32,0.77
32,15,0.77
15,33,0.79
33,15,0.79
15,34,0.84
34,15,0.84
15,35,0.68
35,15,0.68
16,17,1.00
17,16,1.00
16,18,0.71
18,16,0.71
16,19,0.59
19,16,0.59
16,29,0.70
29,16,0.70
16,30,0.61
30,16,0.61
16,31,0.73
31,16,0.73
16,32,0.59
32,16,0.59
16,33,0.59
33,16,0.59
16,34,0.66
34,16,0.66
16,35,0.58
35,16,0.58
17,18,1.00
18,17,1.00
17,19,0.78
19,17,0.78
17,20,0.58
20,17,0.58
17,34,0.58
34,17,0.58
18,19,1.00
19,18,1.00
18,20,0.75
20,18,0.75
18,21,0.59
21,18,0.59
18,22,0.65
22,18,0.65
19,20,1.00
20,19,1.00
19,21,0.79
21,19,0.79
19,22,0.89
22,19,0.89
19,23,0.64
23,19,0.64
20,21,1.00
21,20,1.00
20,22,0.83
22,20,0.83
20,23,0.63
23,20,0.63
21,22,1.00
22,21,1.00
21,23,0.81
23,21,0.81
21,24,0.60
24,21,0.60
22,23,1.00
23,22,1.00
22,24,0.76
24,22,0.76
22,25,0.65
25,22,0.65
22,26,0.60
26,22,0.60
23,24,1.00
24,23,1.00
23,25,0.73
25,23,0.73
23,26,0.61
26,23,0.61
24,25,1.00
25,24,1.00
24,26,0.71
26,24,0.71
25,26,1.00
26,25,1.00
25,27,0.73
27,25,0.73
26,27,1.00
27,26,1.00
26,28,0.71
28,26,0.71
26,29,0.63
29,26,0.63
27,28,1.00
28,27,1.00
27,29,0.78
29,27,0.78
27,30,0.58
30,27,0.58
28,29,1.00
29,28,1.00
28,30,0.75
30,28,0.75
28,31,0.60
31,28,0.60
29,30,1.00
30,29,1.00
29,31,0.84
31,29,0.84
29,32,0.60
32,29,0.60
30,31,1.00
31,30,1.00
30,32,0.74
32,30,0.74
31,32,1.00
32,31,1.00
31,33,0.75
33,31,0.75
31,34,0.67
34,31,0.67
32,33,1.00
33,32,1.00
32,34,0.75
34,32,0.75
33,34,1.00
34,33,1.00
33,35,0.74
35,33,0.74
33,36,0.62
36,33,0.62
33,37,0.67
37,33,0.67
33,38,0.64
38,33,0.64
34,35,1.00
35,34,1.00
34,36,0.82
36,34,0.82
34,37,0.76
37,34,0.76
34,38,0.66
38,34,0.66
35,36,1.00
36,35,1.00
35,37,0.81
37,35,0.81
35,38,0.74
38,35,0.74
36,37,1.00
37,36,1.00
36,38,0.76
38,36,0.76
37,38,1.00
38,37,1.00
37,39,0.71
39,37,0.71
37,40,0.57
40,37,0.57
38,39,1.00
39,38,1.00
38,40,0.76
40,38,0.76
39,40,1.00
40,39,1.00
39,41,0.76
41,39,0.76
39,42,0.59
42,39,0.59
40,41,1.00
41,40,1.00
40,42,0.79
42,40,0.79
40,43,0.62
43,40,0.62
41,42,1.00
42,41,1.00
41,43,0.72
43,41,0.72
41,44,0.60
44,41,0.60
41,45,0.61
45,41,0.61
42,43,1.00
43,42,1.00
42,44,0.73
44,42,0.73
42,45,0.64
45,42,0.64
43,44,1.00
44,43,1.00
43,45,0.78
45,43,0.78
43,46,0.57
46,43,0.57
44,45,1.00
45,44,1.00
44,46,0.72
46,44,0.72
44,47,0.60
47,44,0.60
45,46,1.00
46,45,1.00
45,47,0.73
47,45,0.73
45,48,0.61
48,45,0.61
46,47,1.00
47,46,1.00
46,48,0.73
48,46,0.73
46,49,0.58
49,46,0.58
47,48,1.00
48,47,1.00
47,49,0.74
49,47,0.74
47,50,0.65
50,47,0.65
48,49,1.00
49,48,1.00
48,50,0.77
50,48,0.77
49,50,1.00
50,49,1.00
49,51,0.73
51,49,0.73
49,52,0.58
52,49,0.58
50,51,1.00
51,50,1.00
50,52,0.76
52,50,0.76
50,53,0.68
53,50,0.68
51,52,1.00
52,51,1.00
51,53,0.74
53,51,0.74
51,54,0.58
54,51,0.58
52,53,1.00
53,52,1.00
52,54,0.71
54,52,0.71
52,57,0.60
57,52,0.60
52,58,0.58
58,52,0.58
52,59,0.58
59,52,0.58
53,54,1.00
54,53,1.00
53,55,0.73
55,53,0.73
53,56,0.66
56,53,0.66
53,57,0.77
57,53,0.77
53,58,0.67
58,53,0.67
53,59,0.61
59,53,0.61
54,55,1.00
55,54,1.00
54,56,0.77
56,54,0.77
54,57,0.76
57,54,0.76
54,58,0.61
58,54,0.61
55,56,1.00
56,55,1.00
55,57,0.79
57,55,0.79
55,58,0.63
58,55,0.63
56,57,1.00
57,56,1.00
56,58,0.77
58,56,0.77
56,59,0.59
59,56,0.59
57,58,1.00
58,57,1.00
57,59,0.79
59,57,0.79
57,60,0.58
60,57,0.58
58,59,1.00
59,58,1.00
58,60,0.73
60,58,0.73
58,61,0.74
61,58,0.74
58,64,0.57
64,58,0.57
59,60,1.00
60,59,1.00
59,61,0.81
61,59,0.81
59,62,0.60
62,59,0.60
60,61,1.00
61,60,1.00
60,62,0.79
62,60,0.79
60,63,0.60
63,60,0.60
61,62,1.00
62,61,1.00
61,63,0.82
63,61,0.82
61,64,0.78
64,61,0.78
61,65,0.59
65,61,0.59
62,63,1.00
63,62,1.00
62,64,0.75
64,62,0.75
63,64,1.00
64,63,1.00
63,65,0.69
65,63,0.69
63,66,0.62
66,63,0.62
64,65,1.00
65,64,1.00
64,66,0.78
66,64,0.78
64,67,0.62
67,64,0.62
65,66,1.00
66,65,1.00
65,67,0.79
67,65,0.79
65,68,0.59
68,65,0.59
66,67,1.00
67,66,1.00
66,68,0.77
68,66,0.77
66,69,0.63
69,66,0.63
67,68,1.00
68,67,1.00
67,69,0.79
69,67,0.79
67,70,0.59
70,67,0.59
68,69,1.00
69,68,1.00
68,70,0.76
70,68,0.76
69,70,1.00
70,69,1.00
69,71,0.73
71,69,0.73
69,72,0.60
72,69,0.60
70,71,1.00
71,70,1.00
70,72,0.79
72,70,0.79
70,73,0.63
73,70,0.63
71,72,1.00
72,71,1.00
71,73,0.77
73,71,0.77
72,73,1.00
73,72,1.00
