1,2,1.00
2,1,1.00
1,3,0.75
3,1,0.75
1,4,0.63
4,1,0.63
2,3,1.00
3,2,1.00
2,4,0.86
4,2,0.86
2,5,0.63
5,2,0.63
3,4,1.00
4,3,1.00
3,5,0.79
5,3,0.79
3,6,0.68
6,3,0.68
3,7,0.57
7,3,0.57
4,5,1.00
5,4,1.00
4,6,0.74
6,4,0.74
4,7,0.60
7,4,0.60
4,38,0.64
38,4,0.64
4,39,0.63
39,4,0.63
4,40,0.66
40,4,0.66
5,6,1.00
6,5,1.00
5,7,0.83
7,5,0.83
5,8,0.73
8,5,0.73
5,15,0.64
15,5,0.64
5,31,0.60
31,5,0.60
5,38,0.70
38,5,0.70
5,39,0.63
39,5,0.63
5,40,0.58
40,5,0.58
6,7,1.00
7,6,1.00
6,8,0.72
8,6,0.72
6,14,0.64
14,6,0.64
6,15,0.75
15,6,0.75
6,30,0.62
30,6,0.62
6,31,0.72
31,6,0.72
6,32,0.62
32,6,0.62
6,33,0.60
33,6,0.60
7,8,1.00
8,7,1.00
7,9,0.76
9,7,0.76
7,10,0.67
10,7,0.67
7,11,0.65
11,7,0.65
7,14,0.70
14,7,0.70
7,15,0.83
15,7,0.83
7,16,0.61
16,7,0.61
7,31,0.57
31,7,0.57
7,33,0.58
33,7,0.58
8,9,1.00
9,8,1.00
8,10,0.77
10,8,0.77
8,11,0.66
11,8,0.66
8,14,0.59
14,8,0.59
8,15,0.72
15,8,0.72
8,16,0.60
16,8,0.60
8,38,0.59
38,8,0.59
9,10,1.00
10,9,1.00
9,11,0.85
11,9,0.85
9,12,0.60
12,9,0.60
9,14,0.62
14,9,0.62
9,15,0.72
15,9,0.72
9,16,0.66
16,9,0.66
10,11,1.00
11,10,1.00
10,12,0.74
12,10,0.74
10,13,0.59
13,10,0.59
10,14,0.65
14,10,0.65
10,15,0.83
15,10,0.83
10,16,0.90
16,10,0.90
10,17,0.67
17,10,0.67
10,33,0.64
33,10,0.64
10,34,0.62
34,10,0.62
10,35,0.70
35,10,0.70
11,12,1.00
12,11,1.00
11,13,0.77
13,11,0.77
11,14,0.84
14,11,0.84
11,15,0.90
15,11,0.90
11,16,0.96
16,11,0.96
11,17,0.67
17,11,0.67
11,18,0.57
18,11,0.57
11,33,0.66
33,11,0.66
11,35,0.58
35,11,0.58
12,13,1.00
13,12,1.00
12,14,0.84
14,12,0.84
12,15,0.80
15,12,0.80
12,16,1.00
16,12,1.00
12,17,0.78
17,12,0.78
12,18,0.73
18,12,0.73
12,32,0.59
32,12,0.59
12,33,0.74
33,12,0.74
12,34,0.60
34,12,0.60
13,14,1.00
14,13,1.00
13,15,0.77
15,13,0.77
13,16,0.77
16,13,0.77
13,17,0.65
17,13,0.65
13,18,0.70
18,13,0.70
13,32,0.66
32,13,0.66
13,33,0.72
33,13,0.72
14,15,1.00
15,14,1.00
14,16,0.79
16,14,0.79
14,17,0.60
17,14,0.60
14,18,0.59
18,14,0.59
14,31,0.61
31,14,0.61
14,32,0.68
32,14,0.68
14,33,0.73
33,14,0.73
15,16,1.00
16,15,1.00
15,17,0.72
17,15,0.72
15,18,0.63
18,15,0.63
15,31,0.65
31,15,0.65
15,32,0.73
32,15,0.73
15,33,0.90
33,15,0.90
15,34,0.71
34,15,0.71
15,35,0.65
35,15,0.65
16,17,1.00
17,16,1.00
16,18,0.78
18,16,0.78
16,32,0.68
32,16,0.68
16,33,0.99
33,16,0.99
16,34,0.82
34,16,0.82
16,35,0.78
35,16,0.78
17,18,1.00
18,17,1.00
17,19,0.74
19,17,0.74
17,32,0.68
32,17,0.68
17,33,0.99
33,17,0.99
17,34,0.98
34,17,0.98
17,35,0.87
35,17,0.87
17,36,0.64
36,17,0.64
18,19,1.00
19,18,1.00
18,20,0.72
20,18,0.72
18,24,0.63
24,18,0.63
18,26,0.58
26,18,0.58
18,32,0.74
32,18,0.74
18,33,0.91
33,18,0.91
18,34,0.78
34,18,0.78
18,35,0.63
35,18,0.63
19,20,1.00
20,19,1.00
19,21,0.72
21,19,0.72
19,22,0.61
22,19,0.61
19,23,0.63
23,19,0.63
19,24,0.87
24,19,0.87
19,25,0.68
25,19,0.68
19,26,0.62
26,19,0.62
19,32,0.62
32,19,0.62
19,33,0.67
33,19,0.67
19,34,0.66
34,19,0.66
20,21,1.00
21,20,1.00
20,22,0.76
22,20,0.76
20,23,0.71
23,20,0.71
20,24,0.85
24,20,0.85
20,25,0.62
25,20,0.62
21,22,1.00
22,21,1.00
21,23,0.76
23,21,0.76
21,24,0.77
24,21,0.77
22,23,1.00
23,22,1.00
22,24,0.81
24,22,0.81
22,25,0.62
25,22,0.62
23,24,1.00
24,23,1.00
23,25,0.84
25,23,0.84
23,26,0.60
26,23,0.60
24,25,1.00
25,24,1.00
24,26,0.73
26,24,0.73
24,27,0.59
27,24,0.59
25,26,1.00
26,25,1.00
25,27,0.80
27,25,0.80
25,28,0.63
28,25,0.63
25,32,0.59
32,25,0.59
26,27,1.00
27,26,1.00
26,28,0.78
28,26,0.78
26,29,0.60
29,26,0.60
26,30,0.59
30,26,0.59
26,31,0.68
31,26,0.68
26,32,0.74
32,26,0.74
26,33,0.62
33,26,0.62
26,34,0.63
34,26,0.63
27,28,1.00
28,27,1.00
27,29,0.73
29,27,0.73
27,30,0.63
30,27,0.63
27,31,0.63
31,27,0.63
27,32,0.61
32,27,0.61
28,29,1.00
29,28,1.00
28,30,0.77
30,28,0.77
28,31,0.71
31,28,0.71
28,32,0.65
32,28,0.65
29,30,1.00
30,29,1.00
29,31,0.74
31,29,0.74
29,32,0.60
32,29,0.60
30,31,1.00
31,30,1.00
30,32,0.71
32,30,0.71
31,32,1.00
32,31,1.00
31,33,0.73
33,31,0.73
31,34,0.62
34,31,0.62
32,33,1.00
33,32,1.00
32,34,0.76
34,32,0.76
32,35,0.57
35,32,0.57
33,34,1.00
34,33,1.00
33,35,0.75
35,33,0.75
34,35,1.00
35,34,1.00
34,36,0.73
36,34,0.73
34,37,0.65
37,34,0.65
34,38,0.60
38,34,0.60
35,36,1.00
36,35,1.00
35,37,0.81
37,35,0.81
35,38,0.72
38,35,0.72
36,37,1.00
37,36,1.00
36,38,0.74
38,36,0.74
37,38,1.00
38,37,1.00
37,39,0.74
39,37,0.74
37,40,0.58
40,37,0.58
38,39,1.00
39,38,1.00
38,40,0.71
40,38,0.71
39,40,1.00
40,39,1.00
39,41,0.71
41,39,0.71
40,41,1.00
41,40,1.00
40,42,0.72
42,40,0.72
41,42,1.00
42,41,1.00
41,43,0.71
43,41,0.71
42,43,1.00
43,42,1.00
42,44,0.72
44,42,0.72
42,45,0.62
45,42,0.62
43,44,1.00
44,43,1.00
43,45,0.79
45,43,0.79
43,46,0.62
46,43,0.62
43,47,0.58
47,43,0.58
44,45,1.00
45,44,1.00
44,46,0.73
46,44,0.73
44,47,0.69
47,44,0.69
44,48,0.61
48,44,0.61
44,52,0.58
52,44,0.58
45,46,1.00
46,45,1.00
45,47,0.76
47,45,0.76
45,48,0.64
48,45,0.64
45,52,0.63
52,45,0.63
46,47,1.00
47,46,1.00
46,48,0.74
48,46,0.74
46,51,0.66
51,46,0.66
46,52,0.80
52,46,0.80
46,53,0.75
53,46,0.75
46,54,0.68
54,46,0.68
46,55,0.71
55,46,0.71
47,48,1.00
48,47,1.00
47,49,0.78
49,47,0.78
47,50,0.77
50,47,0.77
47,51,0.92
51,47,0.92
47,52,0.96
52,47,0.96
47,53,0.78
53,47,0.78
47,54,0.62
54,47,0.62
47,55,0.60
55,47,0.60
48,49,1.00
49,48,1.00
48,50,0.80
50,48,0.80
48,51,0.77
51,48,0.77
48,52,0.67
52,48,0.67
48,53,0.60
53,48,0.60
49,50,1.00
50,49,1.00
49,51,0.82
51,49,0.82
49,52,0.62
52,49,0.62
50,51,1.00
51,50,1.00
50,52,0.73
52,50,0.73
50,53,0.66
53,50,0.66
51,52,1.00
52,51,1.00
51,53,0.75
53,51,0.75
52,53,1.00
53,52,1.00
52,54,0.71
54,52,0.71
52,55,0.60
55,52,0.60
53,54,1.00
54,53,1.00
53,55,0.77
55,53,0.77
53,56,0.61
56,53,0.61
54,55,1.00
55,54,1.00
54,56,0.74
56,54,0.74
54,57,0.61
57,54,0.61
54,58,0.57
58,54,0.57
55,56,1.00
56,55,1.00
55,57,0.82
57,55,0.82
55,58,0.69
58,55,0.69
56,57,1.00
57,56,1.00
56,58,0.75
58,56,0.75
57,58,1.00
58,57,1.00
57,59,0.73
59,57,0.73
58,59,1.00
59,58,1.00
58,60,0.75
60,58,0.75
58,61,0.57
61,58,0.57
59,60,1.00
60,59,1.00
59,61,0.77
61,59,0.77
60,61,1.00
61,60,1.00
60,62,0.73
62,60,0.73
60,63,0.64
63,60,0.64
61,62,1.00
62,61,1.00
61,63,0.81
63,61,0.81
61,64,0.59
64,61,0.59
62,63,1.00
63,62,1.00
62,64,0.74
64,62,0.74
62,65,0.57
65,62,0.57
63,64,1.00
64,63,1.00
63,65,0.77
65,63,0.77
64,65,1.00
65,64,1.00
64,66,0.74
66,64,0.74
65,66,1.00
66,65,1.00
65,67,0.73
67,65,0.73
66,67,1.00
67,66,1.00
66,68,0.76
68,66,0.76
67,68,1.00
68,67,1.00
67,69,0.72
69,67,0.72
67,70,0.58
70,67,0.58
68,69,1.00
69,68,1.00
68,70,0.75
70,68,0.75
68,71,0.62
71,68,0.62
69,70,1.00
70,69,1.00
69,71,0.75
71,69,0.75
69,72,0.63
72,69,0.63
70,71,1.00
71,70,1.00
70,72,0.75
72,70,0.75
70,73,0.60
73,70,0.60
71,72,1.00
72,71,1.00
71,73,0.77
73,71,0.77
72,73,1.00
73,72,1.00
