1,2,1.00
2,1,1.00
1,3,0.82
3,1,0.82
1,4,0.80
4,1,0.80
1,5,0.63
5,1,0.63
2,3,1.00
3,2,1.00
2,4,0.80
4,2,0.80
2,5,0.66
5,2,0.66
3,4,1.00
4,3,1.00
3,5,0.75
5,3,0.75
4,5,1.00
5,4,1.00
4,6,0.73
6,4,0.73
4,7,0.62
7,4,0.62
5,6,1.00
6,5,1.00
5,7,0.75
7,5,0.75
5,8,0.64
8,5,0.64
6,7,1.00
7,6,1.00
6,8,0.85
8,6,0.85
6,9,0.61
9,6,0.61
7,8,1.00
8,7,1.00
7,9,0.75
9,7,0.75
7,10,0.62
10,7,0.62
8,9,1.00
9,8,1.00
8,10,0.80
10,8,0.80
8,11,0.59
11,8,0.59
9,10,1.00
10,9,1.00
9,11,0.74
11,9,0.74
9,12,0.59
12,9,0.59
9,21,0.69
21,9,0.69
9,22,0.61
22,9,0.61
10,11,1.00
11,10,1.00
10,12,0.82
12,10,0.82
10,13,0.63
13,10,0.63
10,20,0.61
20,10,0.61
10,21,0.71
21,10,0.71
10,22,0.66
22,10,0.66
11,12,1.00
12,11,1.00
11,13,0.79
13,11,0.79
11,14,0.72
14,11,0.72
11,19,0.58
19,11,0.58
11,20,0.72
20,11,0.72
11,21,0.84
21,11,0.84
11,22,0.87
22,11,0.87
11,23,0.63
23,11,0.63
12,13,1.00
13,12,1.00
12,14,0.74
14,12,0.74
12,20,0.57
20,12,0.57
12,21,0.60
21,12,0.60
12,22,0.65
22,12,0.65
13,14,1.00
14,13,1.00
13,15,0.75
15,13,0.75
13,20,0.60
20,13,0.60
13,22,0.59
22,13,0.59
14,15,1.00
15,14,1.00
14,16,0.71
16,14,0.71
14,17,0.67
17,14,0.67
14,18,0.69
18,14,0.69
14,19,0.74
19,14,0.74
14,20,0.71
20,14,0.71
14,21,0.62
21,14,0.62
14,22,0.64
22,14,0.64
14,53,0.58
53,14,0.58
15,16,1.00
16,15,1.00
15,17,0.82
17,15,0.82
15,18,0.73
18,15,0.73
15,19,0.67
19,15,0.67
15,20,0.58
20,15,0.58
15,52,0.66
52,15,0.66
15,53,0.77
53,15,0.77
15,54,0.60
54,15,0.60
15,55,0.57
55,15,0.57
16,17,1.00
17,16,1.00
16,18,0.73
18,16,0.73
16,19,0.61
19,16,0.61
16,40,0.63
40,16,0.63
16,41,0.60
41,16,0.60
16,44,0.59
44,16,0.59
16,50,0.65
50,16,0.65
16,51,0.67
51,16,0.67
16,52,0.78
52,16,0.78
16,53,0.88
53,16,0.88
16,54,0.65
54,16,0.65
17,18,1.00
18,17,1.00
17,19,0.77
19,17,0.77
17,20,0.57
20,17,0.57
17,27,0.60
27,17,0.60
17,28,0.71
28,17,0.71
17,29,0.58
29,17,0.58
17,30,0.62
30,17,0.62
17,40,0.61
40,17,0.61
17,52,0.62
52,17,0.62
17,53,0.78
53,17,0.78
17,54,0.68
54,17,0.68
17,55,0.59
55,17,0.59
18,19,1.00
19,18,1.00
18,20,0.71
20,18,0.71
18,27,0.59
27,18,0.59
18,28,0.65
28,18,0.65
18,53,0.68
53,18,0.68
18,54,0.68
54,18,0.68
18,55,0.67
55,18,0.67
19,20,1.00
20,19,1.00
19,21,0.72
21,19,0.72
19,22,0.63
22,19,0.63
19,26,0.68
26,19,0.68
19,27,0.62
27,19,0.62
19,28,0.61
28,19,0.61
20,21,1.00
21,20,1.00
20,22,0.75
22,20,0.75
20,23,0.60
23,20,0.60
20,26,0.60
26,20,0.60
21,22,1.00
22,21,1.00
21,23,0.72
23,21,0.72
21,24,0.63
24,21,0.63
21,26,0.58
26,21,0.58
22,23,1.00
23,22,1.00
22,24,0.74
24,22,0.74
22,25,0.58
25,22,0.58
22,26,0.58
26,22,0.58
23,24,1.00
24,23,1.00
23,25,0.71
25,23,0.71
23,26,0.63
26,23,0.63
24,25,1.00
25,24,1.00
24,26,0.77
26,24,0.77
24,27,0.58
27,24,0.58
25,26,1.00
26,25,1.00
25,27,0.73
27,25,0.73
26,27,1.00
27,26,1.00
26,28,0.71
28,26,0.71
26,29,0.59
29,26,0.59
27,28,1.00
28,27,1.00
27,29,0.81
29,27,0.81
27,30,0.62
30,27,0.62
28,29,1.00
29,28,1.00
28,30,0.82
30,28,0.82
28,31,0.68
31,28,0.68
29,30,1.00
30,29,1.00
29,31,0.72
31,29,0.72
29,32,0.61
32,29,0.61
30,31,1.00
31,30,1.00
30,32,0.75
32,30,0.75
31,32,1.00
32,31,1.00
31,33,0.76
33,31,0.76
31,34,0.73
34,31,0.73
31,41,0.58
41,31,0.58
32,33,1.00
33,32,1.00
32,34,0.77
34,32,0.77
32,35,0.59
35,32,0.59
33,34,1.00
34,33,1.00
33,35,0.78
35,33,0.78
34,35,1.00
35,34,1.00
34,36,0.71
36,34,0.71
34,37,0.70
37,34,0.70
34,40,0.57
40,34,0.57
34,41,0.60
41,34,0.60
35,36,1.00
36,35,1.00
35,37,0.81
37,35,0.81
35,38,0.60
38,35,0.60
36,37,1.00
37,36,1.00
36,38,0.74
38,36,0.74
36,39,0.58
39,36,0.58
36,40,0.58
40,36,0.58
36,60,0.60
60,36,0.60
37,38,1.00
38,37,1.00
37,39,0.79
39,37,0.79
37,40,0.78
40,37,0.78
37,41,0.68
41,37,0.68
37,42,0.60
42,37,0.60
37,54,0.65
54,37,0.65
37,58,0.65
58,37,0.65
37,59,0.58
59,37,0.58
37,60,0.63
60,37,0.63
38,39,1.00
39,38,1.00
38,40,0.79
40,38,0.79
38,41,0.71
41,38,0.71
38,42,0.72
42,38,0.72
38,43,0.69
43,38,0.69
38,52,0.58
52,38,0.58
38,54,0.63
54,38,0.63
38,57,0.59
57,38,0.59
38,58,0.72
58,38,0.72
38,59,0.69
59,38,0.69
38,60,0.74
60,38,0.74
39,40,1.00
40,39,1.00
39,41,0.84
41,39,0.84
39,42,0.87
42,39,0.87
39,43,0.93
43,39,0.93
39,44,0.71
44,39,0.71
39,50,0.58
50,39,0.58
39,51,0.64
51,39,0.64
39,52,0.78
52,39,0.78
39,53,0.73
53,39,0.73
39,54,0.77
54,39,0.77
39,55,0.61
55,39,0.61
39,56,0.60
56,39,0.60
39,57,0.65
57,39,0.65
39,58,0.69
58,39,0.69
39,59,0.62
59,39,0.62
39,60,0.60
60,39,0.60
40,41,1.00
41,40,1.00
40,42,0.79
42,40,0.79
40,43,0.74
43,40,0.74
40,44,0.65
44,40,0.65
40,50,0.66
50,40,0.66
40,51,0.67
51,40,0.67
40,52,0.85
52,40,0.85
40,53,0.91
53,40,0.91
40,54,0.97
54,40,0.97
40,55,0.67
55,40,0.67
40,56,0.58
56,40,0.58
40,57,0.57
57,40,0.57
40,58,0.59
58,40,0.59
41,42,1.00
42,41,1.00
41,43,0.75
43,41,0.75
41,44,0.63
44,41,0.63
41,47,0.58
47,41,0.58
41,49,0.68
49,41,0.68
41,50,0.89
50,41,0.89
41,51,0.81
51,41,0.81
41,52,0.84
52,41,0.84
41,53,0.73
53,41,0.73
41,54,0.67
54,41,0.67
42,43,1.00
43,42,1.00
42,44,0.75
44,42,0.75
42,45,0.69
45,42,0.69
42,46,0.68
46,42,0.68
42,47,0.65
47,42,0.65
42,48,0.57
48,42,0.57
42,49,0.67
49,42,0.67
42,50,0.79
50,42,0.79
42,51,0.90
51,42,0.90
42,52,0.84
52,42,0.84
42,53,0.64
53,42,0.64
42,54,0.58
54,42,0.58
43,44,1.00
44,43,1.00
43,45,0.81
45,43,0.81
43,46,0.68
46,43,0.68
43,47,0.60
47,43,0.60
43,50,0.62
50,43,0.62
43,51,0.80
51,43,0.80
43,52,0.87
52,43,0.87
43,53,0.67
53,43,0.67
43,54,0.60
54,43,0.60
44,45,1.00
45,44,1.00
44,46,0.71
46,44,0.71
44,47,0.63
47,44,0.63
44,50,0.60
50,44,0.60
44,51,0.82
51,44,0.82
44,52,0.96
52,44,0.96
44,53,0.73
53,44,0.73
44,54,0.59
54,44,0.59
45,46,1.00
46,45,1.00
45,47,0.82
47,45,0.82
45,48,0.60
48,45,0.60
45,50,0.62
50,45,0.62
45,51,0.87
51,45,0.87
45,52,0.78
52,45,0.78
45,53,0.58
53,45,0.58
46,47,1.00
47,46,1.00
46,48,0.73
48,46,0.73
46,49,0.63
49,46,0.63
46,50,0.63
50,46,0.63
46,51,0.82
51,46,0.82
46,52,0.63
52,46,0.63
47,48,1.00
48,47,1.00
47,49,0.81
49,47,0.81
47,50,0.78
50,47,0.78
47,51,0.94
51,47,0.94
47,52,0.66
52,47,0.66
48,49,1.00
49,48,1.00
48,50,0.77
50,48,0.77
48,51,0.74
51,48,0.74
49,50,1.00
50,49,1.00
49,51,0.78
51,49,0.78
49,52,0.59
52,49,0.59
50,51,1.00
51,50,1.00
50,52,0.79
52,50,0.79
50,53,0.63
53,50,0.63
51,52,1.00
52,51,1.00
51,53,0.69
53,51,0.69
52,53,1.00
53,52,1.00
52,54,0.73
54,52,0.73
52,55,0.58
55,52,0.58
53,54,1.00
54,53,1.00
53,55,0.76
55,53,0.76
53,56,0.65
56,53,0.65
54,55,1.00
55,54,1.00
54,56,0.76
56,54,0.76
54,57,0.66
57,54,0.66
54,58,0.62
58,54,0.62
55,56,1.00
56,55,1.00
55,57,0.74
57,55,0.74
55,58,0.63
58,55,0.63
56,57,1.00
57,56,1.00
56,58,0.72
58,56,0.72
57,58,1.00
58,57,1.00
57,59,0.77
59,57,0.77
57,60,0.58
60,57,0.58
58,59,1.00
59,58,1.00
58,60,0.76
60,58,0.76
58,61,0.62
61,58,0.62
59,60,1.00
60,59,1.00
59,61,0.86
61,59,0.86
59,62,0.62
62,59,0.62
59,64,0.59
64,59,0.59
60,61,1.00
61,60,1.00
60,62,0.72
62,60,0.72
60,63,0.58
63,60,0.58
61,62,1.00
62,61,1.00
61,63,0.78
63,61,0.78
61,64,0.70
64,61,0.70
62,63,1.00
63,62,1.00
62,64,0.74
64,62,0.74
63,64,1.00
64,63,1.00
63,65,0.74
65,63,0.74
64,65,1.00
65,64,1.00
64,66,0.72
66,64,0.72
65,66,1.00
66,65,1.00
65,67,0.72
67,65,0.72
65,68,0.57
68,65,0.57
66,67,1.00
67,66,1.00
66,68,0.79
68,66,0.79
66,69,0.59
69,66,0.59
67,68,1.00
68,67,1.00
67,69,0.77
69,67,0.77
67,70,0.58
70,67,0.58
68,69,1.00
69,68,1.00
68,70,0.77
70,68,0.77
69,70,1.00
70,69,1.00
69,71,0.73
71,69,0.73
69,72,0.59
72,69,0.59
70,71,1.00
71,70,1.00
70,72,0.75
72,70,0.75
70,73,0.59
73,70,0.59
71,72,1.00
72,71,1.00
71,73,0.73
73,71,0.73
72,73,1.00
73,72,1.00
