1,2,1.00
2,1,1.00
1,3,0.78
3,1,0.78
1,4,0.89
4,1,0.89
1,5,0.98
5,1,0.98
1,6,0.71
6,1,0.71
1,7,0.61
7,1,0.61
1,9,0.58
9,1,0.58
2,3,1.00
3,2,1.00
2,4,0.85
4,2,0.85
2,5,0.82
5,2,0.82
2,6,0.59
6,2,0.59
3,4,1.00
4,3,1.00
3,5,0.78
5,3,0.78
3,6,0.57
6,3,0.57
4,5,1.00
5,4,1.00
4,6,0.73
6,4,0.73
4,7,0.63
7,4,0.63
5,6,1.00
6,5,1.00
5,7,0.74
7,5,0.74
5,8,0.64
8,5,0.64
5,9,0.65
9,5,0.65
6,7,1.00
7,6,1.00
6,8,0.86
8,6,0.86
6,9,0.80
9,6,0.80
6,10,0.59
10,6,0.59
7,8,1.00
8,7,1.00
7,9,0.74
9,7,0.74
8,9,1.00
9,8,1.00
8,10,0.76
10,8,0.76
9,10,1.00
10,9,1.00
9,11,0.72
11,9,0.72
9,12,0.59
12,9,0.59
10,11,1.00
11,10,1.00
10,12,0.78
12,10,0.78
10,13,0.59
13,10,0.59
11,12,1.00
12,11,1.00
11,13,0.80
13,11,0.80
11,14,0.61
14,11,0.61
11,36,0.62
36,11,0.62
11,38,0.57
38,11,0.57
12,13,1.00
13,12,1.00
12,14,0.72
14,12,0.72
12,36,0.65
36,12,0.65
12,37,0.59
37,12,0.59
12,38,0.67
38,12,0.67
12,39,0.66
39,12,0.66
13,14,1.00
14,13,1.00
13,15,0.71
15,13,0.71
13,34,0.57
34,13,0.57
13,35,0.62
35,13,0.62
13,36,0.79
36,13,0.79
13,37,0.68
37,13,0.68
13,38,0.69
38,13,0.69
13,39,0.70
39,13,0.70
13,40,0.64
40,13,0.64
13,41,0.59
41,13,0.59
14,15,1.00
15,14,1.00
14,16,0.73
16,14,0.73
14,17,0.64
17,14,0.64
14,28,0.63
28,14,0.63
14,34,0.66
34,14,0.66
14,35,0.72
35,14,0.72
14,36,1.00
36,14,1.00
14,37,0.89
37,14,0.89
14,38,0.78
38,14,0.78
14,39,0.77
39,14,0.77
14,40,0.74
40,14,0.74
14,41,0.67
41,14,0.67
15,16,1.00
16,15,1.00
15,17,0.74
17,15,0.74
15,26,0.64
26,15,0.64
15,27,0.75
27,15,0.75
15,28,0.85
28,15,0.85
15,29,0.67
29,15,0.67
15,33,0.58
33,15,0.58
15,34,0.81
34,15,0.81
15,35,0.76
35,15,0.76
15,36,0.87
36,15,0.87
15,37,0.76
37,15,0.76
15,38,0.60
38,15,0.60
15,39,0.60
39,15,0.60
15,40,0.63
40,15,0.63
15,41,0.63
41,15,0.63
16,17,1.00
17,16,1.00
16,18,0.72
18,16,0.72
16,23,0.62
23,16,0.62
16,24,0.59
24,16,0.59
16,25,0.65
25,16,0.65
16,26,0.87
26,16,0.87
16,27,0.89
27,16,0.89
16,28,0.87
28,16,0.87
16,29,0.62
29,16,0.62
16,34,0.64
34,16,0.64
16,35,0.60
35,16,0.60
16,36,0.65
36,16,0.65
16,37,0.67
37,16,0.67
16,40,0.62
40,16,0.62
16,41,0.65
41,16,0.65
17,18,1.00
18,17,1.00
17,19,0.71
19,17,0.71
17,20,0.58
20,17,0.58
17,22,0.59
22,17,0.59
17,23,0.72
23,17,0.72
17,24,0.65
24,17,0.65
17,25,0.64
25,17,0.64
17,26,0.75
26,17,0.75
17,27,0.65
27,17,0.65
17,28,0.62
28,17,0.62
17,37,0.60
37,17,0.60
17,39,0.59
39,17,0.59
17,40,0.72
40,17,0.72
17,41,0.80
41,17,0.80
17,42,0.62
42,17,0.62
18,19,1.00
19,18,1.00
18,20,0.80
20,18,0.80
18,21,0.76
21,18,0.76
18,22,0.79
22,18,0.79
18,23,0.88
23,18,0.88
18,24,0.68
24,18,0.68
18,25,0.59
25,18,0.59
18,26,0.65
26,18,0.65
18,40,0.65
40,18,0.65
18,41,0.66
41,18,0.66
19,20,1.00
20,19,1.00
19,21,0.81
21,19,0.81
19,22,0.86
22,19,0.86
19,23,0.76
23,19,0.76
19,24,0.62
24,19,0.62
19,41,0.59
41,19,0.59
20,21,1.00
21,20,1.00
20,22,0.82
22,20,0.82
20,23,0.66
23,20,0.66
21,22,1.00
22,21,1.00
21,23,0.76
23,21,0.76
22,23,1.00
23,22,1.00
22,24,0.73
24,22,0.73
23,24,1.00
24,23,1.00
23,25,0.75
25,23,0.75
23,26,0.75
26,23,0.75
24,25,1.00
25,24,1.00
24,26,0.81
26,24,0.81
24,27,0.58
27,24,0.58
25,26,1.00
26,25,1.00
25,27,0.73
27,25,0.73
26,27,1.00
27,26,1.00
26,28,0.75
28,26,0.75
27,28,1.00
28,27,1.00
27,29,0.73
29,27,0.73
27,33,0.58
33,27,0.58
27,34,0.70
34,27,0.70
27,35,0.59
35,27,0.59
28,29,1.00
29,28,1.00
28,30,0.76
30,28,0.76
28,31,0.61
31,28,0.61
28,32,0.63
32,28,0.63
28,33,0.68
33,28,0.68
28,34,0.85
34,28,0.85
28,35,0.79
35,28,0.79
28,36,0.70
36,28,0.70
28,37,0.65
37,28,0.65
29,30,1.00
30,29,1.00
29,31,0.79
31,29,0.79
29,32,0.88
32,29,0.88
29,33,0.87
33,29,0.87
29,34,0.90
34,29,0.90
29,35,0.90
35,29,0.90
29,36,0.68
36,29,0.68
29,37,0.59
37,29,0.59
30,31,1.00
31,30,1.00
30,32,0.86
32,30,0.86
30,33,0.69
33,30,0.69
30,34,0.67
34,30,0.67
30,35,0.81
35,30,0.81
30,36,0.65
36,30,0.65
30,37,0.61
37,30,0.61
31,32,1.00
32,31,1.00
31,33,0.72
33,31,0.72
31,34,0.66
34,31,0.66
31,35,0.87
35,31,0.87
31,36,0.68
36,31,0.68
31,37,0.59
37,31,0.59
32,33,1.00
33,32,1.00
32,34,0.78
34,32,0.78
32,35,0.86
35,32,0.86
32,36,0.61
36,32,0.61
33,34,1.00
34,33,1.00
33,35,0.85
35,33,0.85
33,36,0.61
36,33,0.61
34,35,1.00
35,34,1.00
34,36,0.77
36,34,0.77
34,37,0.59
37,34,0.59
35,36,1.00
36,35,1.00
35,37,0.73
37,35,0.73
35,38,0.58
38,35,0.58
36,37,1.00
37,36,1.00
36,38,0.78
38,36,0.78
36,39,0.65
39,36,0.65
36,40,0.58
40,36,0.58
37,38,1.00
38,37,1.00
37,39,0.80
39,37,0.80
37,40,0.68
40,37,0.68
38,39,1.00
39,38,1.00
38,40,0.72
40,38,0.72
39,40,1.00
40,39,1.00
39,41,0.70
41,39,0.70
39,43,0.58
43,39,0.58
40,41,1.00
41,40,1.00
40,42,0.72
42,40,0.72
40,43,0.73
43,40,0.73
40,44,0.59
44,40,0.59
41,42,1.00
42,41,1.00
41,43,0.83
43,41,0.83
41,44,0.61
44,41,0.61
42,43,1.00
43,42,1.00
42,44,0.71
44,42,0.71
42,45,0.62
45,42,0.62
42,46,0.60
46,42,0.60
43,44,1.00
44,43,1.00
43,45,0.75
45,43,0.75
43,46,0.65
46,43,0.65
44,45,1.00
45,44,1.00
44,46,0.74
46,44,0.74
44,47,0.59
47,44,0.59
44,48,0.71
48,44,0.71
44,49,0.58
49,44,0.58
45,46,1.00
46,45,1.00
45,47,0.78
47,45,0.78
45,48,0.91
48,45,0.91
45,49,0.72
49,45,0.72
45,50,0.64
50,45,0.64
45,51,0.67
51,45,0.67
45,52,0.60
52,45,0.60
46,47,1.00
47,46,1.00
46,48,0.88
48,46,0.88
46,49,0.66
49,46,0.66
46,50,0.67
50,46,0.67
46,51,0.77
51,46,0.77
46,52,0.78
52,46,0.78
46,53,0.68
53,46,0.68
47,48,1.00
48,47,1.00
47,49,0.78
49,47,0.78
47,50,0.87
50,47,0.87
47,51,0.90
51,47,0.90
47,52,0.92
52,47,0.92
47,53,0.68
53,47,0.68
48,49,1.00
49,48,1.00
48,50,0.84
50,48,0.84
48,51,0.73
51,48,0.73
48,52,0.65
52,48,0.65
49,50,1.00
50,49,1.00
49,51,0.74
51,49,0.74
49,52,0.59
52,49,0.59
49,62,0.61
62,49,0.61
50,51,1.00
51,50,1.00
50,52,0.75
52,50,0.75
50,53,0.58
53,50,0.58
50,59,0.66
59,50,0.66
50,60,0.66
60,50,0.66
50,61,0.61
61,50,0.61
50,62,0.64
62,50,0.64
51,52,1.00
52,51,1.00
51,53,0.80
53,51,0.80
51,54,0.59
54,51,0.59
51,57,0.59
57,51,0.59
51,58,0.65
58,51,0.65
51,59,0.84
59,51,0.84
51,60,0.73
60,51,0.73
51,61,0.59
61,51,0.59
51,62,0.58
62,51,0.58
52,53,1.00
53,52,1.00
52,54,0.74
54,52,0.74
52,55,0.58
55,52,0.58
52,57,0.61
57,52,0.61
52,58,0.62
58,52,0.62
52,59,0.71
59,52,0.71
53,54,1.00
54,53,1.00
53,55,0.74
55,53,0.74
53,56,0.66
56,53,0.66
53,57,0.82
57,53,0.82
53,58,0.73
58,53,0.73
53,59,0.72
59,53,0.72
54,55,1.00
55,54,1.00
54,56,0.77
56,54,0.77
54,57,0.80
57,54,0.80
54,58,0.65
58,54,0.65
54,59,0.59
59,54,0.59
55,56,1.00
56,55,1.00
55,57,0.83
57,55,0.83
55,58,0.68
58,55,0.68
56,57,1.00
57,56,1.00
56,58,0.77
58,56,0.77
56,59,0.58
59,56,0.58
57,58,1.00
58,57,1.00
57,59,0.72
59,57,0.72
58,59,1.00
59,58,1.00
58,60,0.73
60,58,0.73
59,60,1.00
60,59,1.00
59,61,0.72
61,59,0.72
59,62,0.60
62,59,0.60
60,61,1.00
61,60,1.00
60,62,0.84
62,60,0.84
60,63,0.75
63,60,0.75
60,64,0.71
64,60,0.71
60,65,0.60
65,60,0.60
61,62,1.00
62,61,1.00
61,63,0.79
63,61,0.79
61,64,0.83
64,61,0.83
61,65,0.64
65,61,0.64
62,63,1.00
63,62,1.00
62,64,0.84
64,62,0.84
62,65,0.61
65,62,0.61
63,64,1.00
64,63,1.00
63,65,0.74
65,63,0.74
64,65,1.00
65,64,1.00
64,66,0.73
66,64,0.73
65,66,1.00
66,65,1.00
65,67,0.78
67,65,0.78
65,68,0.64
68,65,0.64
65,69,0.60
69,65,0.60
66,67,1.00
67,66,1.00
66,68,0.70
68,66,0.70
66,69,0.66
69,66,0.66
67,68,1.00
68,67,1.00
67,69,0.80
69,67,0.80
67,70,0.59
70,67,0.59
67,71,0.59
71,67,0.59
68,69,1.00
69,68,1.00
68,70,0.76
70,68,0.76
68,71,0.81
71,68,0.81
68,72,0.62
72,68,0.62
68,73,0.60
73,68,0.60
69,70,1.00
70,69,1.00
69,71,0.83
71,69,0.83
69,72,0.64
72,69,0.64
70,71,1.00
71,70,1.00
70,72,0.77
72,70,0.77
70,73,0.60
73,70,0.60
71,72,1.00
72,71,1.00
71,73,0.79
73,71,0.79
72,73,1.00
73,72,1.00
