1,2,1.00
2,1,1.00
1,3,0.78
3,1,0.78
1,4,0.64
4,1,0.64
1,5,0.61
5,1,0.61
2,3,1.00
3,2,1.00
2,4,0.78
4,2,0.78
2,5,0.70
5,2,0.70
3,4,1.00
4,3,1.00
3,5,0.74
5,3,0.74
4,5,1.00
5,4,1.00
4,6,0.76
6,4,0.76
4,7,0.62
7,4,0.62
5,6,1.00
6,5,1.00
5,7,0.77
7,5,0.77
6,7,1.00
7,6,1.00
6,8,0.73
8,6,0.73
6,9,0.63
9,6,0.63
6,15,0.67
15,6,0.67
7,8,1.00
8,7,1.00
7,9,0.77
9,7,0.77
7,10,0.63
10,7,0.63
7,14,0.60
14,7,0.60
7,15,0.77
15,7,0.77
7,16,0.63
16,7,0.63
8,9,1.00
9,8,1.00
8,10,0.78
10,8,0.78
8,13,0.58
13,8,0.58
8,14,0.65
14,8,0.65
8,15,0.73
15,8,0.73
8,16,0.58
16,8,0.58
9,10,1.00
10,9,1.00
9,11,0.70
11,9,0.70
9,12,0.68
12,9,0.68
9,13,0.80
13,9,0.80
9,14,0.92
14,9,0.92
9,15,0.90
15,9,0.90
9,16,0.65
16,9,0.65
10,11,1.00
11,10,1.00
10,12,0.81
12,10,0.81
10,13,0.85
13,10,0.85
10,14,0.76
14,10,0.76
10,15,0.69
15,10,0.69
11,12,1.00
12,11,1.00
11,13,0.82
13,11,0.82
11,14,0.64
14,11,0.64
12,13,1.00
13,12,1.00
12,14,0.75
14,12,0.75
12,15,0.58
15,12,0.58
13,14,1.00
14,13,1.00
13,15,0.78
15,13,0.78
13,16,0.61
16,13,0.61
14,15,1.00
15,14,1.00
14,16,0.80
16,14,0.80
14,17,0.62
17,14,0.62
15,16,1.00
16,15,1.00
15,17,0.71
17,15,0.71
15,18,0.59
18,15,0.59
16,17,1.00
17,16,1.00
16,18,0.73
18,16,0.73
17,18,1.00
18,17,1.00
17,19,0.72
19,17,0.72
18,19,1.00
19,18,1.00
18,20,0.74
20,18,0.74
18,21,0.62
21,18,0.62
18,22,0.72
22,18,0.72
19,20,1.00
20,19,1.00
19,21,0.84
21,19,0.84
19,22,0.92
22,19,0.92
19,23,0.65
23,19,0.65
20,21,1.00
21,20,1.00
20,22,0.84
22,20,0.84
20,23,0.61
23,20,0.61
20,25,0.59
25,20,0.59
20,26,0.65
26,20,0.65
21,22,1.00
22,21,1.00
21,23,0.75
23,21,0.75
21,24,0.63
24,21,0.63
21,25,0.70
25,21,0.70
21,26,0.88
26,21,0.88
21,27,0.70
27,21,0.70
21,28,0.68
28,21,0.68
21,29,0.70
29,21,0.70
21,30,0.60
30,21,0.60
22,23,1.00
23,22,1.00
22,24,0.74
24,22,0.74
22,25,0.69
25,22,0.69
22,26,0.77
26,22,0.77
22,27,0.59
27,22,0.59
22,28,0.63
28,22,0.63
22,29,0.74
29,22,0.74
22,30,0.61
30,22,0.61
23,24,1.00
24,23,1.00
23,25,0.78
25,23,0.78
23,26,0.79
26,23,0.79
23,27,0.60
27,23,0.60
23,28,0.66
28,23,0.66
23,29,0.90
29,23,0.90
23,30,0.76
30,23,0.76
23,31,0.73
31,23,0.73
23,32,0.61
32,23,0.61
24,25,1.00
25,24,1.00
24,26,0.79
26,24,0.79
24,27,0.59
27,24,0.59
24,28,0.60
28,24,0.60
24,29,0.81
29,24,0.81
24,30,0.88
30,24,0.88
24,31,0.91
31,24,0.91
24,32,0.83
32,24,0.83
24,33,0.70
33,24,0.70
24,34,0.62
34,24,0.62
25,26,1.00
26,25,1.00
25,27,0.72
27,25,0.72
25,28,0.64
28,25,0.64
25,29,0.77
29,25,0.77
25,30,0.93
30,25,0.93
25,31,0.76
31,25,0.76
25,32,0.75
32,25,0.75
25,33,0.79
33,25,0.79
25,34,0.73
34,25,0.73
25,35,0.60
35,25,0.60
26,27,1.00
27,26,1.00
26,28,0.86
28,26,0.86
26,29,0.95
29,26,0.95
26,30,0.91
30,26,0.91
26,31,0.66
31,26,0.66
26,32,0.59
32,26,0.59
26,33,0.61
33,26,0.61
27,28,1.00
28,27,1.00
27,29,0.82
29,27,0.82
27,30,0.79
30,27,0.79
27,31,0.57
31,27,0.57
28,29,1.00
29,28,1.00
28,30,0.79
30,28,0.79
28,31,0.60
31,28,0.60
29,30,1.00
30,29,1.00
29,31,0.78
31,29,0.78
29,32,0.60
32,29,0.60
30,31,1.00
31,30,1.00
30,32,0.78
32,30,0.78
30,33,0.76
33,30,0.76
30,34,0.60
34,30,0.60
31,32,1.00
32,31,1.00
31,33,0.77
33,31,0.77
31,34,0.59
34,31,0.59
32,33,1.00
33,32,1.00
32,34,0.76
34,32,0.76
33,34,1.00
34,33,1.00
33,35,0.75
35,33,0.75
33,36,0.65
36,33,0.65
34,35,1.00
35,34,1.00
34,36,0.74
36,34,0.74
35,36,1.00
36,35,1.00
35,37,0.71
37,35,0.71
36,37,1.00
37,36,1.00
36,38,0.73
38,36,0.73
37,38,1.00
38,37,1.00
37,39,0.77
39,37,0.77
37,40,0.62
40,37,0.62
38,39,1.00
39,38,1.00
38,40,0.75
40,38,0.75
38,41,0.58
41,38,0.58
39,40,1.00
40,39,1.00
39,41,0.79
41,39,0.79
39,42,0.59
42,39,0.59
40,41,1.00
41,40,1.00
40,42,0.70
42,40,0.70
41,42,1.00
42,41,1.00
41,43,0.77
43,41,0.77
41,44,0.60
44,41,0.60
42,43,1.00
43,42,1.00
42,44,0.70
44,42,0.70
43,44,1.00
44,43,1.00
43,45,0.74
45,43,0.74
43,46,0.58
46,43,0.58
44,45,1.00
45,44,1.00
44,46,0.80
46,44,0.80
44,47,0.69
47,44,0.69
44,49,0.58
49,44,0.58
45,46,1.00
46,45,1.00
45,47,0.74
47,45,0.74
45,48,0.58
48,45,0.58
45,49,0.64
49,45,0.64
46,47,1.00
47,46,1.00
46,48,0.79
48,46,0.79
46,49,0.92
49,46,0.92
46,50,0.66
50,46,0.66
47,48,1.00
48,47,1.00
47,49,0.86
49,47,0.86
47,50,0.62
50,47,0.62
48,49,1.00
49,48,1.00
48,50,0.77
50,48,0.77
49,50,1.00
50,49,1.00
49,51,0.72
51,49,0.72
50,51,1.00
51,50,1.00
50,52,0.73
52,50,0.73
50,53,0.65
53,50,0.65
51,52,1.00
52,51,1.00
51,53,0.77
53,51,0.77
51,54,0.58
54,51,0.58
51,58,0.57
58,51,0.57
52,53,1.00
53,52,1.00
52,54,0.72
54,52,0.72
52,57,0.60
57,52,0.60
52,58,0.78
58,52,0.78
52,59,0.70
59,52,0.70
52,60,0.68
60,52,0.68
53,54,1.00
54,53,1.00
53,55,0.72
55,53,0.72
53,56,0.60
56,53,0.60
53,57,0.68
57,53,0.68
53,58,0.85
58,53,0.85
53,59,0.72
59,53,0.72
53,60,0.62
60,53,0.62
54,55,1.00
55,54,1.00
54,56,0.79
56,54,0.79
54,57,0.86
57,54,0.86
54,58,0.89
58,54,0.89
54,59,0.69
59,54,0.69
55,56,1.00
56,55,1.00
55,57,0.82
57,55,0.82
55,58,0.75
58,55,0.75
55,59,0.64
59,55,0.64
56,57,1.00
57,56,1.00
56,58,0.79
58,56,0.79
56,59,0.66
59,56,0.66
57,58,1.00
58,57,1.00
57,59,0.71
59,57,0.71
58,59,1.00
59,58,1.00
58,60,0.72
60,58,0.72
58,61,0.58
61,58,0.58
59,60,1.00
60,59,1.00
59,61,0.80
61,59,0.80
59,62,0.61
62,59,0.61
60,61,1.00
61,60,1.00
60,62,0.77
62,60,0.77
60,63,0.59
63,60,0.59
61,62,1.00
62,61,1.00
61,63,0.80
63,61,0.80
61,64,0.59
64,61,0.59
62,63,1.00
63,62,1.00
62,64,0.76
64,62,0.76
63,64,1.00
64,63,1.00
63,65,0.71
65,63,0.71
64,65,1.00
65,64,1.00
64,66,0.74
66,64,0.74
64,67,0.57
67,64,0.57
65,66,1.00
66,65,1.00
65,67,0.77
67,65,0.77
65,68,0.63
68,65,0.63
66,67,1.00
67,66,1.00
66,68,0.80
68,66,0.80
66,69,0.60
69,66,0.60
67,68,1.00
68,67,1.00
67,69,0.79
69,67,0.79
67,70,0.60
70,67,0.60
68,69,1.00
69,68,1.00
68,70,0.72
70,68,0.72
68,71,0.61
71,68,0.61
69,70,1.00
70,69,1.00
69,71,0.76
71,69,0.76
69,72,0.61
72,69,0.61
70,71,1.00
71,70,1.00
70,72,0.76
72,70,0.76
70,73,0.61
73,70,0.61
71,72,1.00
72,71,1.00
71,73,0.80
73,71,0.80
72,73,1.00
73,72,1.00
