1,2,1.00
2,1,1.00
1,3,0.75
3,1,0.75
1,4,0.86
4,1,0.86
1,5,0.86
5,1,0.86
1,6,0.91
6,1,0.91
1,7,0.82
7,1,0.82
1,8,0.81
8,1,0.81
1,9,0.93
9,1,0.93
1,10,0.81
10,1,0.81
1,11,0.62
11,1,0.62
2,3,1.00
3,2,1.00
2,4,0.87
4,2,0.87
2,5,0.83
5,2,0.83
2,6,0.79
6,2,0.79
2,7,0.80
7,2,0.80
2,8,0.71
8,2,0.71
2,9,0.79
9,2,0.79
2,10,0.65
10,2,0.65
3,4,1.00
4,3,1.00
3,5,0.82
5,3,0.82
3,6,0.65
6,3,0.65
3,7,0.61
7,3,0.61
3,9,0.58
9,3,0.58
4,5,1.00
5,4,1.00
4,6,0.73
6,4,0.73
4,7,0.60
7,4,0.60
4,9,0.58
9,4,0.58
5,6,1.00
6,5,1.00
5,7,0.73
7,5,0.73
5,8,0.60
8,5,0.60
5,9,0.59
9,5,0.59
6,7,1.00
7,6,1.00
6,8,0.78
8,6,0.78
6,9,0.68
9,6,0.68
6,10,0.57
10,6,0.57
7,8,1.00
8,7,1.00
7,9,0.77
9,7,0.77
7,10,0.58
10,7,0.58
8,9,1.00
9,8,1.00
8,10,0.72
10,8,0.72
8,11,0.58
11,8,0.58
9,10,1.00
10,9,1.00
9,11,0.78
11,9,0.78
9,12,0.58
12,9,0.58
10,11,1.00
11,10,1.00
10,12,0.71
12,10,0.71
11,12,1.00
12,11,1.00
11,13,0.73
13,11,0.73
11,14,0.62
14,11,0.62
12,13,1.00
13,12,1.00
12,14,0.73
14,12,0.73
12,15,0.60
15,12,0.60
13,14,1.00
14,13,1.00
13,15,0.77
15,13,0.77
13,16,0.66
16,13,0.66
14,15,1.00
15,14,1.00
14,16,0.73
16,14,0.73
15,16,1.00
16,15,1.00
15,17,0.72
17,15,0.72
15,18,0.60
18,15,0.60
16,17,1.00
17,16,1.00
16,18,0.73
18,16,0.73
17,18,1.00
18,17,1.00
17,19,0.75
19,17,0.75
18,19,1.00
19,18,1.00
18,20,0.74
20,18,0.74
19,20,1.00
20,19,1.00
19,21,0.69
21,19,0.69
19,22,0.59
22,19,0.59
19,23,0.59
23,19,0.59
20,21,1.00
21,20,1.00
20,22,0.83
22,20,0.83
20,23,0.76
23,20,0.76
21,22,1.00
22,21,1.00
21,23,0.77
23,21,0.77
21,24,0.57
24,21,0.57
22,23,1.00
23,22,1.00
22,24,0.74
24,22,0.74
23,24,1.00
24,23,1.00
23,25,0.75
25,23,0.75
23,26,0.58
26,23,0.58
24,25,1.00
25,24,1.00
24,26,0.71
26,24,0.71
24,27,0.60
27,24,0.60
25,26,1.00
26,25,1.00
25,27,0.75
27,25,0.75
25,47,0.60
47,25,0.60
25,48,0.57
48,25,0.57
26,27,1.00
27,26,1.00
26,28,0.74
28,26,0.74
26,42,0.64
42,26,0.64
26,43,0.66
43,26,0.66
26,48,0.57
48,26,0.57
27,28,1.00
28,27,1.00
27,29,0.70
29,27,0.70
27,42,0.59
42,27,0.59
27,43,0.63
43,27,0.63
27,48,0.58
48,27,0.58
28,29,1.00
29,28,1.00
28,30,0.75
30,28,0.75
28,31,0.62
31,28,0.62
28,32,0.62
32,28,0.62
28,41,0.60
41,28,0.60
28,42,0.60
42,28,0.60
28,43,0.62
43,28,0.62
29,30,1.00
30,29,1.00
29,31,0.72
31,29,0.72
29,32,0.70
32,29,0.70
30,31,1.00
31,30,1.00
30,32,0.84
32,30,0.84
30,33,0.62
33,30,0.62
30,35,0.68
35,30,0.68
30,36,0.74
36,30,0.74
30,38,0.59
38,30,0.59
30,39,0.70
39,30,0.70
30,50,0.62
50,30,0.62
31,32,1.00
32,31,1.00
31,33,0.73
33,31,0.73
31,34,0.68
34,31,0.68
31,35,0.81
35,31,0.81
31,36,0.93
36,31,0.93
31,37,0.70
37,31,0.70
31,38,0.72
38,31,0.72
31,39,0.85
39,31,0.85
31,40,0.62
40,31,0.62
31,41,0.60
41,31,0.60
31,43,0.58
43,31,0.58
31,50,0.76
50,31,0.76
31,51,0.66
51,31,0.66
31,52,0.66
52,31,0.66
31,53,0.63
53,31,0.63
32,33,1.00
33,32,1.00
32,34,0.77
34,32,0.77
32,35,0.77
35,32,0.77
32,36,0.71
36,32,0.71
32,39,0.62
39,32,0.62
32,43,0.58
43,32,0.58
32,49,0.71
49,32,0.71
32,50,0.96
50,32,0.96
32,51,0.80
51,32,0.80
32,52,0.69
52,32,0.69
32,53,0.61
53,32,0.61
33,34,1.00
34,33,1.00
33,35,0.79
35,33,0.79
33,36,0.63
36,33,0.63
33,49,0.69
49,33,0.69
33,50,0.84
50,33,0.84
33,51,0.93
51,33,0.93
33,52,0.79
52,33,0.79
33,53,0.68
53,33,0.68
34,35,1.00
35,34,1.00
34,36,0.71
36,34,0.71
34,37,0.60
37,34,0.60
34,50,0.65
50,34,0.65
34,51,0.78
51,34,0.78
34,52,0.86
52,34,0.86
34,53,0.90
53,34,0.90
34,54,0.64
54,34,0.64
34,58,0.58
58,34,0.58
34,59,0.63
59,34,0.63
34,60,0.58
60,34,0.58
35,36,1.00
36,35,1.00
35,37,0.75
37,35,0.75
35,38,0.61
38,35,0.61
35,39,0.58
39,35,0.58
35,50,0.59
50,35,0.59
35,51,0.63
51,35,0.63
35,52,0.73
52,35,0.73
35,53,0.87
53,35,0.87
35,54,0.65
54,35,0.65
35,55,0.59
55,35,0.59
35,59,0.61
59,35,0.61
36,37,1.00
37,36,1.00
36,38,0.82
38,36,0.82
36,39,0.75
39,36,0.75
36,52,0.66
52,36,0.66
36,53,0.76
53,36,0.76
36,54,0.64
54,36,0.64
36,55,0.60
55,36,0.60
37,38,1.00
38,37,1.00
37,39,0.73
39,37,0.73
37,52,0.64
52,37,0.64
37,53,0.77
53,37,0.77
37,54,0.75
54,37,0.75
37,55,0.73
55,37,0.73
38,39,1.00
39,38,1.00
38,40,0.78
40,38,0.78
38,41,0.60
41,38,0.60
38,53,0.60
53,38,0.60
38,54,0.58
54,38,0.58
39,40,1.00
40,39,1.00
39,41,0.81
41,39,0.81
39,42,0.63
42,39,0.63
39,43,0.59
43,39,0.59
39,50,0.59
50,39,0.59
40,41,1.00
41,40,1.00
40,42,0.71
42,40,0.71
40,43,0.59
43,40,0.59
41,42,1.00
42,41,1.00
41,43,0.74
43,41,0.74
42,43,1.00
43,42,1.00
42,44,0.69
44,42,0.69
42,45,0.57
45,42,0.57
43,44,1.00
44,43,1.00
43,45,0.72
45,43,0.72
43,46,0.60
46,43,0.60
43,47,0.68
47,43,0.68
43,48,0.72
48,43,0.72
43,49,0.68
49,43,0.68
43,50,0.71
50,43,0.71
44,45,1.00
45,44,1.00
44,46,0.82
46,44,0.82
44,47,0.88
47,44,0.88
44,48,0.93
48,44,0.93
44,49,0.84
49,44,0.84
44,50,0.77
50,44,0.77
44,51,0.60
51,44,0.60
45,46,1.00
46,45,1.00
45,47,0.82
47,45,0.82
45,48,0.73
48,45,0.73
45,49,0.67
49,45,0.67
45,50,0.61
50,45,0.61
46,47,1.00
47,46,1.00
46,48,0.79
48,46,0.79
46,49,0.65
49,46,0.65
47,48,1.00
48,47,1.00
47,49,0.70
49,47,0.70
48,49,1.00
49,48,1.00
48,50,0.72
50,48,0.72
48,51,0.58
51,48,0.58
49,50,1.00
50,49,1.00
49,51,0.80
51,49,0.80
49,52,0.58
52,49,0.58
50,51,1.00
51,50,1.00
50,52,0.73
52,50,0.73
50,53,0.57
53,50,0.57
51,52,1.00
52,51,1.00
51,53,0.70
53,51,0.70
52,53,1.00
53,52,1.00
52,54,0.74
54,52,0.74
52,58,0.62
58,52,0.62
52,59,0.58
59,52,0.58
53,54,1.00
54,53,1.00
53,55,0.75
55,53,0.75
53,56,0.58
56,53,0.58
53,57,0.62
57,53,0.62
53,58,0.76
58,53,0.76
53,59,0.77
59,53,0.77
53,60,0.60
60,53,0.60
54,55,1.00
55,54,1.00
54,56,0.78
56,54,0.78
54,57,0.84
57,54,0.84
54,58,0.92
58,54,0.92
54,59,0.84
59,54,0.84
54,60,0.60
60,54,0.60
55,56,1.00
56,55,1.00
55,57,0.82
57,55,0.82
55,58,0.77
58,55,0.77
55,59,0.84
59,55,0.84
55,60,0.62
60,55,0.62
56,57,1.00
57,56,1.00
56,58,0.77
58,56,0.77
56,59,0.75
59,56,0.75
56,60,0.59
60,56,0.59
56,61,0.57
61,56,0.57
57,58,1.00
58,57,1.00
57,59,0.77
59,57,0.77
57,60,0.58
60,57,0.58
58,59,1.00
59,58,1.00
58,60,0.71
60,58,0.71
58,61,0.62
61,58,0.62
59,60,1.00
60,59,1.00
59,61,0.77
61,59,0.77
60,61,1.00
61,60,1.00
60,62,0.72
62,60,0.72
60,63,0.62
63,60,0.62
61,62,1.00
62,61,1.00
61,63,0.72
63,61,0.72
62,63,1.00
63,62,1.00
62,64,0.77
64,62,0.77
62,65,0.59
65,62,0.59
63,64,1.00
64,63,1.00
63,65,0.74
65,63,0.74
63,66,0.59
66,63,0.59
63,67,0.59
67,63,0.59
64,65,1.00
65,64,1.00
64,66,0.81
66,64,0.81
64,67,0.77
67,64,0.77
65,66,1.00
66,65,1.00
65,67,0.81
67,65,0.81
65,68,0.61
68,65,0.61
66,67,1.00
67,66,1.00
66,68,0.74
68,66,0.74
67,68,1.00
68,67,1.00
67,69,0.70
69,67,0.70
68,69,1.00
69,68,1.00
68,70,0.75
70,68,0.75
68,71,0.59
71,68,0.59
69,70,1.00
70,69,1.00
69,71,0.79
71,69,0.79
69,72,0.64
72,69,0.64
70,71,1.00
71,70,1.00
70,72,0.76
72,70,0.76
70,73,0.59
73,70,0.59
71,72,1.00
72,71,1.00
71,73,0.75
73,71,0.75
72,73,1.00
73,72,1.00
