1,2,1.00
2,1,1.00
1,3,0.74
3,1,0.74
2,3,1.00
3,2,1.00
2,4,0.75
4,2,0.75
3,4,1.00
4,3,1.00
3,5,0.73
5,3,0.73
3,6,0.58
6,3,0.58
4,5,1.00
5,4,1.00
4,6,0.78
6,4,0.78
4,7,0.59
7,4,0.59
5,6,1.00
6,5,1.00
5,7,0.74
7,5,0.74
5,8,0.61
8,5,0.61
6,7,1.00
7,6,1.00
6,8,0.84
8,6,0.84
6,9,0.62
9,6,0.62
6,12,0.64
12,6,0.64
7,8,1.00
8,7,1.00
7,9,0.71
9,7,0.71
7,10,0.62
10,7,0.62
7,11,0.74
11,7,0.74
7,12,0.87
12,7,0.87
7,13,0.63
13,7,0.63
8,9,1.00
9,8,1.00
8,10,0.74
10,8,0.74
8,11,0.77
11,8,0.77
8,12,0.98
12,8,0.98
8,13,0.76
13,8,0.76
8,14,0.59
14,8,0.59
9,10,1.00
10,9,1.00
9,11,0.81
11,9,0.81
9,12,0.85
12,9,0.85
9,13,0.81
13,9,0.81
9,14,0.64
14,9,0.64
10,11,1.00
11,10,1.00
10,12,0.83
12,10,0.83
10,13,0.86
13,10,0.86
10,14,0.79
14,10,0.79
10,15,0.68
15,10,0.68
11,12,1.00
12,11,1.00
11,13,0.83
13,11,0.83
11,14,0.83
14,11,0.83
11,15,0.62
15,11,0.62
12,13,1.00
13,12,1.00
12,14,0.81
14,12,0.81
12,15,0.61
15,12,0.61
13,14,1.00
14,13,1.00
13,15,0.79
15,13,0.79
13,16,0.58
16,13,0.58
14,15,1.00
15,14,1.00
14,16,0.73
16,14,0.73
14,17,0.59
17,14,0.59
14,18,0.59
18,14,0.59
15,16,1.00
16,15,1.00
15,17,0.81
17,15,0.81
15,18,0.80
18,15,0.80
15,19,0.63
19,15,0.63
15,20,0.60
20,15,0.60
16,17,1.00
17,16,1.00
16,18,0.77
18,16,0.77
16,19,0.60
19,16,0.60
16,20,0.64
20,16,0.64
17,18,1.00
18,17,1.00
17,19,0.74
19,17,0.74
17,20,0.78
20,17,0.78
17,21,0.62
21,17,0.62
17,23,0.60
23,17,0.60
18,19,1.00
19,18,1.00
18,20,0.82
20,18,0.82
18,21,0.61
21,18,0.61
19,20,1.00
20,19,1.00
19,21,0.71
21,19,0.71
19,22,0.59
22,19,0.59
20,21,1.00
21,20,1.00
20,22,0.74
22,20,0.74
20,23,0.64
23,20,0.64
21,22,1.00
22,21,1.00
21,23,0.78
23,21,0.78
21,24,0.59
24,21,0.59
21,26,0.59
26,21,0.59
22,23,1.00
23,22,1.00
22,24,0.73
24,22,0.73
22,25,0.64
25,22,0.64
22,26,0.62
26,22,0.62
23,24,1.00
24,23,1.00
23,25,0.79
25,23,0.79
23,26,0.82
26,23,0.82
23,27,0.60
27,23,0.60
24,25,1.00
25,24,1.00
24,26,0.90
26,24,0.90
24,27,0.64
27,24,0.64
24,35,0.62
35,24,0.62
24,37,0.57
37,24,0.57
24,38,0.70
38,24,0.70
24,39,0.63
39,24,0.63
24,41,0.61
41,24,0.61
25,26,1.00
26,25,1.00
25,27,0.72
27,25,0.72
25,32,0.63
32,25,0.63
25,35,0.67
35,25,0.67
25,36,0.61
36,25,0.61
25,37,0.65
37,25,0.65
25,38,0.71
38,25,0.71
25,39,0.64
39,25,0.64
25,40,0.63
40,25,0.63
25,41,0.77
41,25,0.77
25,42,0.69
42,25,0.69
25,43,0.58
43,25,0.58
26,27,1.00
27,26,1.00
26,28,0.72
28,26,0.72
26,30,0.57
30,26,0.57
26,31,0.61
31,26,0.61
26,32,0.68
32,26,0.68
26,35,0.61
35,26,0.61
26,41,0.58
41,26,0.58
27,28,1.00
28,27,1.00
27,29,0.74
29,27,0.74
27,30,0.78
30,27,0.78
27,31,0.82
31,27,0.82
27,32,0.80
32,27,0.80
27,33,0.58
33,27,0.58
27,35,0.57
35,27,0.57
28,29,1.00
29,28,1.00
28,30,0.85
30,28,0.85
28,31,0.80
31,28,0.80
28,32,0.66
32,28,0.66
29,30,1.00
30,29,1.00
29,31,0.82
31,29,0.82
29,32,0.61
32,29,0.61
30,31,1.00
31,30,1.00
30,32,0.72
32,30,0.72
30,33,0.57
33,30,0.57
31,32,1.00
32,31,1.00
31,33,0.78
33,31,0.78
31,34,0.64
34,31,0.64
31,35,0.57
35,31,0.57
32,33,1.00
33,32,1.00
32,34,0.82
34,32,0.82
32,35,0.77
35,32,0.77
32,36,0.63
36,32,0.63
33,34,1.00
34,33,1.00
33,35,0.78
35,33,0.78
33,36,0.67
36,33,0.67
34,35,1.00
35,34,1.00
34,36,0.75
36,34,0.75
35,36,1.00
36,35,1.00
35,37,0.74
37,35,0.74
35,38,0.73
38,35,0.73
35,41,0.60
41,35,0.60
35,48,0.68
48,35,0.68
35,49,0.58
49,35,0.58
36,37,1.00
37,36,1.00
36,38,0.80
38,36,0.80
36,39,0.60
39,36,0.60
36,40,0.61
40,36,0.61
36,41,0.69
41,36,0.69
36,44,0.57
44,36,0.57
36,46,0.58
46,36,0.58
36,47,0.73
47,36,0.73
36,48,0.94
48,36,0.94
36,49,0.81
49,36,0.81
36,50,0.73
50,36,0.73
36,51,0.71
51,36,0.71
36,53,0.62
53,36,0.62
37,38,1.00
38,37,1.00
37,39,0.80
39,37,0.80
37,40,0.86
40,37,0.86
37,41,0.89
41,37,0.89
37,42,0.62
42,37,0.62
37,44,0.63
44,37,0.63
37,47,0.67
47,37,0.67
37,48,0.99
48,37,0.99
37,49,0.93
49,37,0.93
37,50,0.79
50,37,0.79
37,51,0.88
51,37,0.88
37,52,0.63
52,37,0.63
37,53,0.62
53,37,0.62
38,39,1.00
39,38,1.00
38,40,0.81
40,38,0.81
38,41,0.76
41,38,0.76
38,48,0.67
48,38,0.67
38,49,0.66
49,38,0.66
38,50,0.65
50,38,0.65
38,51,0.84
51,38,0.84
38,52,0.66
52,38,0.66
38,53,0.67
53,38,0.67
38,54,0.63
54,38,0.63
39,40,1.00
40,39,1.00
39,41,0.76
41,39,0.76
39,42,0.61
42,39,0.61
39,48,0.59
48,39,0.59
39,49,0.60
49,39,0.60
39,50,0.58
50,39,0.58
39,51,0.77
51,39,0.77
39,52,0.63
52,39,0.63
40,41,1.00
41,40,1.00
40,42,0.78
42,40,0.78
40,43,0.61
43,40,0.61
40,44,0.63
44,40,0.63
40,48,0.69
48,40,0.69
40,49,0.68
49,40,0.68
40,50,0.59
50,40,0.59
40,51,0.71
51,40,0.71
41,42,1.00
42,41,1.00
41,43,0.79
43,41,0.79
41,44,0.81
44,41,0.81
41,45,0.61
45,41,0.61
41,47,0.61
47,41,0.61
41,48,0.81
48,41,0.81
41,49,0.67
49,41,0.67
41,51,0.60
51,41,0.60
42,43,1.00
43,42,1.00
42,44,0.80
44,42,0.80
42,45,0.61
45,42,0.61
42,48,0.62
48,42,0.62
43,44,1.00
44,43,1.00
43,45,0.80
45,43,0.80
43,46,0.60
46,43,0.60
43,48,0.61
48,43,0.61
44,45,1.00
45,44,1.00
44,46,0.79
46,44,0.79
44,47,0.75
47,44,0.75
44,48,0.80
48,44,0.80
44,49,0.63
49,44,0.63
45,46,1.00
46,45,1.00
45,47,0.76
47,45,0.76
45,48,0.68
48,45,0.68
46,47,1.00
47,46,1.00
46,48,0.75
48,46,0.75
46,49,0.60
49,46,0.60
47,48,1.00
48,47,1.00
47,49,0.82
49,47,0.82
47,50,0.61
50,47,0.61
48,49,1.00
49,48,1.00
48,50,0.72
50,48,0.72
48,51,0.66
51,48,0.66
49,50,1.00
50,49,1.00
49,51,0.83
51,49,0.83
49,52,0.62
52,49,0.62
49,53,0.59
53,49,0.59
50,51,1.00
51,50,1.00
50,52,0.81
52,50,0.81
50,53,0.76
53,50,0.76
51,52,1.00
52,51,1.00
51,53,0.84
53,51,0.84
51,54,0.64
54,51,0.64
52,53,1.00
53,52,1.00
52,54,0.73
54,52,0.73
52,58,0.65
58,52,0.65
52,59,0.59
59,52,0.59
53,54,1.00
54,53,1.00
53,55,0.75
55,53,0.75
53,56,0.59
56,53,0.59
53,57,0.62
57,53,0.62
53,58,0.75
58,53,0.75
53,59,0.74
59,53,0.74
53,60,0.58
60,53,0.58
54,55,1.00
55,54,1.00
54,56,0.79
56,54,0.79
54,57,0.83
57,54,0.83
54,58,0.89
58,54,0.89
54,59,0.83
59,54,0.83
54,60,0.66
60,54,0.66
55,56,1.00
56,55,1.00
55,57,0.81
57,55,0.81
55,58,0.81
58,55,0.81
55,59,0.96
59,55,0.96
55,60,0.91
60,55,0.91
55,61,0.73
61,55,0.73
56,57,1.00
57,56,1.00
56,58,0.80
58,56,0.80
56,59,0.82
59,56,0.82
56,60,0.84
60,56,0.84
56,61,0.86
61,56,0.86
56,62,0.62
62,56,0.62
57,58,1.00
58,57,1.00
57,59,0.78
59,57,0.78
57,60,0.67
60,57,0.67
57,61,0.68
61,57,0.68
58,59,1.00
59,58,1.00
58,60,0.71
60,58,0.71
58,61,0.65
61,58,0.65
59,60,1.00
60,59,1.00
59,61,0.78
61,59,0.78
59,62,0.57
62,59,0.57
60,61,1.00
61,60,1.00
60,62,0.72
62,60,0.72
61,62,1.00
62,61,1.00
61,63,0.71
63,61,0.71
61,64,0.62
64,61,0.62
62,63,1.00
63,62,1.00
62,64,0.76
64,62,0.76
62,65,0.58
65,62,0.58
63,64,1.00
64,63,1.00
63,65,0.77
65,63,0.77
63,66,0.59
66,63,0.59
64,65,1.00
65,64,1.00
64,66,0.78
66,64,0.78
64,67,0.57
67,64,0.57
65,66,1.00
66,65,1.00
65,67,0.71
67,65,0.71
65,68,0.61
68,65,0.61
66,67,1.00
67,66,1.00
66,68,0.80
68,66,0.80
66,69,0.59
69,66,0.59
67,68,1.00
68,67,1.00
67,69,0.74
69,67,0.74
68,69,1.00
69,68,1.00
68,70,0.72
70,68,0.72
68,71,0.58
71,68,0.58
69,70,1.00
70,69,1.00
69,71,0.81
71,69,0.81
69,72,0.71
72,69,0.71
69,73,0.58
73,69,0.58
70,71,1.00
71,70,1.00
70,72,0.72
72,70,0.72
71,72,1.00
72,71,1.00
71,73,0.74
73,71,0.74
72,73,1.00
73,72,1.00
