1,2,1.00
2,1,1.00
1,3,0.81
3,1,0.81
1,4,0.66
4,1,0.66
2,3,1.00
3,2,1.00
2,4,0.76
4,2,0.76
2,5,0.59
5,2,0.59
2,6,0.58
6,2,0.58
3,4,1.00
4,3,1.00
3,5,0.73
5,3,0.73
3,6,0.70
6,3,0.70
4,5,1.00
5,4,1.00
4,6,0.78
6,4,0.78
4,7,0.58
7,4,0.58
5,6,1.00
6,5,1.00
5,7,0.72
7,5,0.72
5,8,0.62
8,5,0.62
6,7,1.00
7,6,1.00
6,8,0.79
8,6,0.79
6,9,0.59
9,6,0.59
6,11,0.57
11,6,0.57
6,12,0.62
12,6,0.62
7,8,1.00
8,7,1.00
7,9,0.78
9,7,0.78
7,10,0.65
10,7,0.65
7,11,0.74
11,7,0.74
7,12,0.74
12,7,0.74
8,9,1.00
9,8,1.00
8,10,0.77
10,8,0.77
8,11,0.83
11,8,0.83
8,12,0.98
12,8,0.98
8,13,0.73
13,8,0.73
8,14,0.58
14,8,0.58
9,10,1.00
10,9,1.00
9,11,0.83
11,9,0.83
9,12,0.84
12,9,0.84
9,13,0.77
13,9,0.77
9,14,0.62
14,9,0.62
10,11,1.00
11,10,1.00
10,12,0.83
12,10,0.83
10,13,0.87
13,10,0.87
10,14,0.79
14,10,0.79
10,15,0.60
15,10,0.60
11,12,1.00
12,11,1.00
11,13,0.85
13,11,0.85
11,14,0.83
14,11,0.83
11,15,0.60
15,11,0.60
12,13,1.00
13,12,1.00
12,14,0.79
14,12,0.79
12,15,0.63
15,12,0.63
13,14,1.00
14,13,1.00
13,15,0.83
15,13,0.83
13,16,0.62
16,13,0.62
14,15,1.00
15,14,1.00
14,16,0.71
16,14,0.71
14,17,0.59
17,14,0.59
14,18,0.57
18,14,0.57
15,16,1.00
16,15,1.00
15,17,0.76
17,15,0.76
15,18,0.75
18,15,0.75
16,17,1.00
17,16,1.00
16,18,0.84
18,16,0.84
16,19,0.60
19,16,0.60
17,18,1.00
18,17,1.00
17,19,0.72
19,17,0.72
17,20,0.72
20,17,0.72
18,19,1.00
19,18,1.00
18,20,0.81
20,18,0.81
18,21,0.62
21,18,0.62
19,20,1.00
20,19,1.00
19,21,0.76
21,19,0.76
19,22,0.61
22,19,0.61
20,21,1.00
21,20,1.00
20,22,0.77
22,20,0.77
20,23,0.68
23,20,0.68
21,22,1.00
22,21,1.00
21,23,0.74
23,21,0.74
22,23,1.00
23,22,1.00
22,24,0.74
24,22,0.74
22,25,0.58
25,22,0.58
23,24,1.00
24,23,1.00
23,25,0.75
25,23,0.75
23,26,0.73
26,23,0.73
24,25,1.00
25,24,1.00
24,26,0.80
26,24,0.80
24,27,0.59
27,24,0.59
25,26,1.00
26,25,1.00
25,27,0.70
27,25,0.70
25,32,0.62
32,25,0.62
25,33,0.65
33,25,0.65
25,35,0.58
35,25,0.58
25,38,0.59
38,25,0.59
26,27,1.00
27,26,1.00
26,28,0.73
28,26,0.73
26,30,0.58
30,26,0.58
26,31,0.61
31,26,0.61
26,32,0.74
32,26,0.74
26,33,0.70
33,26,0.70
27,28,1.00
28,27,1.00
27,29,0.76
29,27,0.76
27,30,0.80
30,27,0.80
27,31,0.84
31,27,0.84
27,32,0.97
32,27,0.97
27,33,0.75
33,27,0.75
28,29,1.00
29,28,1.00
28,30,0.83
30,28,0.83
28,31,0.89
31,28,0.89
28,32,0.78
32,28,0.78
28,33,0.64
33,28,0.64
29,30,1.00
30,29,1.00
29,31,0.83
31,29,0.83
29,32,0.65
32,29,0.65
30,31,1.00
31,30,1.00
30,32,0.79
32,30,0.79
30,33,0.58
33,30,0.58
31,32,1.00
32,31,1.00
31,33,0.74
33,31,0.74
31,34,0.58
34,31,0.58
32,33,1.00
33,32,1.00
32,34,0.73
34,32,0.73
32,35,0.62
35,32,0.62
33,34,1.00
34,33,1.00
33,35,0.76
35,33,0.76
33,36,0.57
36,33,0.57
34,35,1.00
35,34,1.00
34,36,0.73
36,34,0.73
34,48,0.58
48,34,0.58
35,36,1.00
36,35,1.00
35,37,0.73
37,35,0.73
35,38,0.65
38,35,0.65
35,41,0.64
41,35,0.64
35,47,0.67
47,35,0.67
35,48,0.78
48,35,0.78
35,49,0.69
49,35,0.69
35,50,0.58
50,35,0.58
36,37,1.00
37,36,1.00
36,38,0.79
38,36,0.79
36,39,0.60
39,36,0.60
36,40,0.61
40,36,0.61
36,41,0.71
41,36,0.71
36,46,0.59
46,36,0.59
36,47,0.72
47,36,0.72
36,48,1.00
48,36,1.00
36,49,0.95
49,36,0.95
36,50,0.79
50,36,0.79
36,51,0.70
51,36,0.70
36,52,0.57
52,36,0.57
36,53,0.59
53,36,0.59
37,38,1.00
38,37,1.00
37,39,0.81
39,37,0.81
37,40,0.86
40,37,0.86
37,41,0.92
41,37,0.92
37,42,0.66
42,37,0.66
37,43,0.58
43,37,0.58
37,47,0.69
47,37,0.69
37,48,1.00
48,37,1.00
37,49,0.83
49,37,0.83
37,50,0.79
50,37,0.79
37,51,0.88
51,37,0.88
37,52,0.69
52,37,0.69
37,53,0.63
53,37,0.63
38,39,1.00
39,38,1.00
38,40,0.81
40,38,0.81
38,41,0.75
41,38,0.75
38,48,0.68
48,38,0.68
38,49,0.62
49,38,0.62
38,50,0.65
50,38,0.65
38,51,0.74
51,38,0.74
38,52,0.72
52,38,0.72
38,53,0.67
53,38,0.67
38,54,0.59
54,38,0.59
39,40,1.00
40,39,1.00
39,41,0.76
41,39,0.76
39,42,0.58
42,39,0.58
39,48,0.59
48,39,0.59
39,51,0.68
51,39,0.68
39,52,0.68
52,39,0.68
39,53,0.58
53,39,0.58
40,41,1.00
41,40,1.00
40,42,0.77
42,40,0.77
40,43,0.58
43,40,0.58
40,47,0.58
47,40,0.58
40,48,0.68
48,40,0.68
40,51,0.70
51,40,0.70
40,52,0.62
52,40,0.62
41,42,1.00
42,41,1.00
41,43,0.78
43,41,0.78
41,44,0.62
44,41,0.62
41,47,0.74
47,41,0.74
41,48,0.84
48,41,0.84
41,49,0.62
49,41,0.62
41,51,0.63
51,41,0.63
42,43,1.00
43,42,1.00
42,44,0.77
44,42,0.77
42,45,0.58
45,42,0.58
42,46,0.58
46,42,0.58
42,47,0.76
47,42,0.76
42,48,0.71
48,42,0.71
43,44,1.00
44,43,1.00
43,45,0.74
45,43,0.74
43,46,0.66
46,43,0.66
43,47,0.84
47,43,0.84
43,48,0.67
48,43,0.67
44,45,1.00
45,44,1.00
44,46,0.83
46,44,0.83
44,47,0.91
47,44,0.91
44,48,0.64
48,44,0.64
45,46,1.00
46,45,1.00
45,47,0.85
47,45,0.85
45,48,0.61
48,45,0.61
46,47,1.00
47,46,1.00
46,48,0.74
48,46,0.74
46,49,0.68
49,46,0.68
47,48,1.00
48,47,1.00
47,49,0.76
49,47,0.76
47,50,0.57
50,47,0.57
48,49,1.00
49,48,1.00
48,50,0.76
50,48,0.76
48,51,0.73
51,48,0.73
49,50,1.00
50,49,1.00
49,51,0.79
51,49,0.79
49,52,0.59
52,49,0.59
49,53,0.59
53,49,0.59
50,51,1.00
51,50,1.00
50,52,0.77
52,50,0.77
50,53,0.79
53,50,0.79
50,54,0.58
54,50,0.58
51,52,1.00
52,51,1.00
51,53,0.80
53,51,0.80
51,54,0.58
54,51,0.58
52,53,1.00
53,52,1.00
52,54,0.74
54,52,0.74
53,54,1.00
54,53,1.00
53,55,0.77
55,53,0.77
53,56,0.59
56,53,0.59
53,57,0.62
57,53,0.62
53,58,0.66
58,53,0.66
53,59,0.70
59,53,0.70
53,60,0.59
60,53,0.59
54,55,1.00
55,54,1.00
54,56,0.79
56,54,0.79
54,57,0.89
57,54,0.89
54,58,0.88
58,54,0.88
54,59,0.85
59,54,0.85
54,60,0.68
60,54,0.68
55,56,1.00
56,55,1.00
55,57,0.85
57,55,0.85
55,58,0.78
58,55,0.78
55,59,0.90
59,55,0.90
55,60,0.88
60,55,0.88
55,61,0.68
61,55,0.68
55,62,0.62
62,55,0.62
56,57,1.00
57,56,1.00
56,58,0.83
58,56,0.83
56,59,0.84
59,56,0.84
56,60,0.84
60,56,0.84
56,61,0.80
61,56,0.80
56,62,0.74
62,56,0.74
57,58,1.00
58,57,1.00
57,59,0.78
59,57,0.78
57,60,0.66
60,57,0.66
57,61,0.62
61,57,0.62
58,59,1.00
59,58,1.00
58,60,0.72
60,58,0.72
58,61,0.67
61,58,0.67
59,60,1.00
60,59,1.00
59,61,0.80
61,59,0.80
59,62,0.62
62,59,0.62
60,61,1.00
61,60,1.00
60,62,0.80
62,60,0.80
60,63,0.58
63,60,0.58
61,62,1.00
62,61,1.00
61,63,0.75
63,61,0.75
61,64,0.60
64,61,0.60
62,63,1.00
63,62,1.00
62,64,0.76
64,62,0.76
63,64,1.00
64,63,1.00
63,65,0.73
65,63,0.73
63,66,0.59
66,63,0.59
64,65,1.00
65,64,1.00
64,66,0.79
66,64,0.79
64,67,0.60
67,64,0.60
65,66,1.00
66,65,1.00
65,67,0.79
67,65,0.79
65,68,0.60
68,65,0.60
66,67,1.00
67,66,1.00
66,68,0.81
68,66,0.81
66,69,0.61
69,66,0.61
67,68,1.00
68,67,1.00
67,69,0.72
69,67,0.72
68,69,1.00
69,68,1.00
68,70,0.73
70,68,0.73
68,71,0.58
71,68,0.58
69,70,1.00
70,69,1.00
69,71,0.80
71,69,0.80
69,72,0.75
72,69,0.75
69,73,0.61
73,69,0.61
70,71,1.00
71,70,1.00
70,72,0.75
72,70,0.75
70,73,0.60
73,70,0.60
71,72,1.00
72,71,1.00
71,73,0.76
73,71,0.76
72,73,1.00
73,72,1.00
