1,2,1.00
2,1,1.00
1,3,0.78
3,1,0.78
1,4,0.88
4,1,0.88
1,5,0.99
5,1,0.99
1,6,0.85
6,1,0.85
1,7,0.71
7,1,0.71
1,8,0.63
8,1,0.63
2,3,1.00
3,2,1.00
2,4,0.84
4,2,0.84
2,5,0.79
5,2,0.79
2,6,0.80
6,2,0.80
2,7,0.83
7,2,0.83
2,8,0.83
8,2,0.83
2,9,0.65
9,2,0.65
2,10,0.61
10,2,0.61
2,11,0.64
11,2,0.64
3,4,1.00
4,3,1.00
3,5,0.76
5,3,0.76
3,6,0.69
6,3,0.69
3,7,0.73
7,3,0.73
3,8,0.70
8,3,0.70
3,9,0.64
9,3,0.64
3,10,0.57
10,3,0.57
4,5,1.00
5,4,1.00
4,6,0.74
6,4,0.74
4,7,0.67
7,4,0.67
4,8,0.58
8,4,0.58
5,6,1.00
6,5,1.00
5,7,0.75
7,5,0.75
5,8,0.59
8,5,0.59
6,7,1.00
7,6,1.00
6,8,0.72
8,6,0.72
7,8,1.00
8,7,1.00
7,9,0.77
9,7,0.77
7,10,0.61
10,7,0.61
7,11,0.62
11,7,0.62
8,9,1.00
9,8,1.00
8,10,0.85
10,8,0.85
8,11,0.86
11,8,0.86
8,12,0.63
12,8,0.63
9,10,1.00
10,9,1.00
9,11,0.78
11,9,0.78
9,12,0.60
12,9,0.60
10,11,1.00
11,10,1.00
10,12,0.76
12,10,0.76
10,13,0.66
13,10,0.66
11,12,1.00
12,11,1.00
11,13,0.75
13,11,0.75
11,14,0.60
14,11,0.60
12,13,1.00
13,12,1.00
12,14,0.78
14,12,0.78
12,15,0.65
15,12,0.65
13,14,1.00
14,13,1.00
13,15,0.78
15,13,0.78
13,16,0.58
16,13,0.58
13,22,0.58
22,13,0.58
13,24,0.62
24,13,0.62
14,15,1.00
15,14,1.00
14,16,0.72
16,14,0.72
14,17,0.57
17,14,0.57
14,24,0.65
24,14,0.65
14,25,0.60
25,14,0.60
15,16,1.00
16,15,1.00
15,17,0.79
17,15,0.79
15,18,0.66
18,15,0.66
15,19,0.59
19,15,0.59
15,22,0.59
22,15,0.59
15,23,0.64
23,15,0.64
15,24,0.82
24,15,0.82
15,25,0.70
25,15,0.70
15,26,0.58
26,15,0.58
15,27,0.58
27,15,0.58
16,17,1.00
17,16,1.00
16,18,0.72
18,16,0.72
16,19,0.58
19,16,0.58
16,23,0.65
23,16,0.65
16,24,0.91
24,16,0.91
16,25,0.88
25,16,0.88
16,26,0.77
26,16,0.77
16,27,0.72
27,16,0.72
17,18,1.00
18,17,1.00
17,19,0.75
19,17,0.75
17,22,0.63
22,17,0.63
17,23,0.75
23,17,0.75
17,24,0.91
24,17,0.91
17,25,0.76
25,17,0.76
17,26,0.66
26,17,0.66
18,19,1.00
19,18,1.00
18,20,0.74
20,18,0.74
18,21,0.75
21,18,0.75
18,22,0.84
22,18,0.84
18,23,0.97
23,18,0.97
18,24,0.88
24,18,0.88
18,25,0.65
25,18,0.65
19,20,1.00
20,19,1.00
19,21,0.83
21,19,0.83
19,22,0.86
22,19,0.86
19,23,0.76
23,19,0.76
19,24,0.65
24,19,0.65
20,21,1.00
21,20,1.00
20,22,0.85
22,20,0.85
20,23,0.66
23,20,0.66
21,22,1.00
22,21,1.00
21,23,0.80
23,21,0.80
21,24,0.59
24,21,0.59
22,23,1.00
23,22,1.00
22,24,0.73
24,22,0.73
23,24,1.00
24,23,1.00
23,25,0.72
25,23,0.72
24,25,1.00
25,24,1.00
24,26,0.70
26,24,0.70
24,27,0.58
27,24,0.58
25,26,1.00
26,25,1.00
25,27,0.75
27,25,0.75
25,28,0.57
28,25,0.57
26,27,1.00
27,26,1.00
26,28,0.75
28,26,0.75
27,28,1.00
28,27,1.00
27,29,0.70
29,27,0.70
27,30,0.65
30,27,0.65
28,29,1.00
29,28,1.00
28,30,0.79
30,28,0.79
28,31,0.58
31,28,0.58
29,30,1.00
30,29,1.00
29,31,0.72
31,29,0.72
29,32,0.61
32,29,0.61
30,31,1.00
31,30,1.00
30,32,0.74
32,30,0.74
31,32,1.00
32,31,1.00
31,33,0.73
33,31,0.73
31,34,0.71
34,31,0.71
31,35,0.73
35,31,0.73
31,36,0.63
36,31,0.63
32,33,1.00
33,32,1.00
32,34,0.79
34,32,0.79
32,35,0.68
35,32,0.68
32,36,0.61
36,32,0.61
33,34,1.00
34,33,1.00
33,35,0.72
35,33,0.72
33,36,0.64
36,33,0.64
34,35,1.00
35,34,1.00
34,36,0.87
36,34,0.87
34,37,0.70
37,34,0.70
35,36,1.00
36,35,1.00
35,37,0.73
37,35,0.73
35,38,0.60
38,35,0.60
36,37,1.00
37,36,1.00
36,38,0.74
38,36,0.74
37,38,1.00
38,37,1.00
37,39,0.73
39,37,0.73
37,40,0.60
40,37,0.60
38,39,1.00
39,38,1.00
38,40,0.80
40,38,0.80
38,41,0.60
41,38,0.60
39,40,1.00
40,39,1.00
39,41,0.79
41,39,0.79
39,42,0.61
42,39,0.61
39,45,0.62
45,39,0.62
40,41,1.00
41,40,1.00
40,42,0.84
42,40,0.84
40,43,0.62
43,40,0.62
40,44,0.63
44,40,0.63
40,45,0.68
45,40,0.68
40,46,0.63
46,40,0.63
41,42,1.00
42,41,1.00
41,43,0.79
43,41,0.79
41,44,0.87
44,41,0.87
41,45,0.84
45,41,0.84
41,46,0.68
46,41,0.68
42,43,1.00
43,42,1.00
42,44,0.82
44,42,0.82
42,45,0.72
45,42,0.72
42,46,0.65
46,42,0.65
42,47,0.62
47,42,0.62
43,44,1.00
44,43,1.00
43,45,0.77
45,43,0.77
43,46,0.70
46,43,0.70
43,47,0.70
47,43,0.70
44,45,1.00
45,44,1.00
44,46,0.75
46,44,0.75
44,47,0.65
47,44,0.65
45,46,1.00
46,45,1.00
45,47,0.73
47,45,0.73
46,47,1.00
47,46,1.00
46,48,0.77
48,46,0.77
46,49,0.72
49,46,0.72
47,48,1.00
48,47,1.00
47,49,0.78
49,47,0.78
47,50,0.60
50,47,0.60
48,49,1.00
49,48,1.00
48,50,0.80
50,48,0.80
48,51,0.62
51,48,0.62
48,52,0.63
52,48,0.63
49,50,1.00
50,49,1.00
49,51,0.84
51,49,0.84
49,52,0.82
52,49,0.82
49,53,0.59
53,49,0.59
50,51,1.00
51,50,1.00
50,52,0.81
52,50,0.81
50,53,0.62
53,50,0.62
51,52,1.00
52,51,1.00
51,53,0.75
53,51,0.75
51,54,0.65
54,51,0.65
52,53,1.00
53,52,1.00
52,54,0.72
54,52,0.72
53,54,1.00
54,53,1.00
53,55,0.76
55,53,0.76
53,56,0.59
56,53,0.59
54,55,1.00
55,54,1.00
54,56,0.75
56,54,0.75
54,57,0.61
57,54,0.61
55,56,1.00
56,55,1.00
55,57,0.75
57,55,0.75
56,57,1.00
57,56,1.00
56,58,0.72
58,56,0.72
57,58,1.00
58,57,1.00
57,59,0.73
59,57,0.73
57,60,0.58
60,57,0.58
57,61,0.57
61,57,0.57
58,59,1.00
59,58,1.00
58,60,0.80
60,58,0.80
58,61,0.77
61,58,0.77
59,60,1.00
60,59,1.00
59,61,0.83
61,59,0.83
59,62,0.62
62,59,0.62
60,61,1.00
61,60,1.00
60,62,0.80
62,60,0.80
60,63,0.59
63,60,0.59
60,71,0.64
71,60,0.64
60,72,0.70
72,60,0.70
60,73,0.63
73,60,0.63
61,62,1.00
62,61,1.00
61,63,0.71
63,61,0.71
61,71,0.64
71,61,0.64
61,72,0.61
72,61,0.61
62,63,1.00
63,62,1.00
62,64,0.75
64,62,0.75
62,65,0.59
65,62,0.59
62,71,0.72
71,62,0.72
62,72,0.64
72,62,0.64
63,64,1.00
64,63,1.00
63,65,0.82
65,63,0.82
63,66,0.63
66,63,0.63
63,69,0.57
69,63,0.57
63,70,0.63
70,63,0.63
63,71,0.73
71,63,0.73
63,72,0.60
72,63,0.60
64,65,1.00
65,64,1.00
64,66,0.85
66,64,0.85
64,67,0.63
67,64,0.63
64,68,0.57
68,64,0.57
64,69,0.73
69,64,0.73
64,70,0.74
70,64,0.74
64,71,0.78
71,64,0.78
64,72,0.64
72,64,0.64
65,66,1.00
66,65,1.00
65,67,0.72
67,65,0.72
65,68,0.60
68,65,0.60
65,69,0.68
69,65,0.68
65,70,0.62
70,65,0.62
65,71,0.59
71,65,0.59
66,67,1.00
67,66,1.00
66,68,0.76
68,66,0.76
66,69,0.83
69,66,0.83
66,70,0.66
70,66,0.66
66,71,0.58
71,66,0.58
67,68,1.00
68,67,1.00
67,69,0.86
69,67,0.86
67,70,0.62
70,67,0.62
68,69,1.00
69,68,1.00
68,70,0.72
70,68,0.72
69,70,1.00
70,69,1.00
69,71,0.72
71,69,0.72
69,72,0.60
72,69,0.60
70,71,1.00
71,70,1.00
70,72,0.75
72,70,0.75
70,73,0.62
73,70,0.62
71,72,1.00
72,71,1.00
71,73,0.74
73,71,0.74
72,73,1.00
73,72,1.00
