1,2,1.00
2,1,1.00
1,3,0.82
3,1,0.82
1,4,0.84
4,1,0.84
1,5,0.93
5,1,0.93
1,6,0.65
6,1,0.65
1,8,0.58
8,1,0.58
2,3,1.00
3,2,1.00
2,4,0.82
4,2,0.82
2,5,0.87
5,2,0.87
2,6,0.66
6,2,0.66
2,7,0.61
7,2,0.61
2,8,0.70
8,2,0.70
2,11,0.71
11,2,0.71
2,12,0.58
12,2,0.58
2,20,0.62
20,2,0.62
2,21,0.68
21,2,0.68
2,22,0.62
22,2,0.62
3,4,1.00
4,3,1.00
3,5,0.81
5,3,0.81
3,6,0.63
6,3,0.63
3,7,0.60
7,3,0.60
3,8,0.75
8,3,0.75
3,9,0.60
9,3,0.60
3,10,0.67
10,3,0.67
3,11,0.92
11,3,0.92
3,12,0.77
12,3,0.77
3,13,0.73
13,3,0.73
3,19,0.59
19,3,0.59
3,20,0.63
20,3,0.63
3,21,0.70
21,3,0.70
3,22,0.75
22,3,0.75
4,5,1.00
5,4,1.00
4,6,0.74
6,4,0.74
4,7,0.64
7,4,0.64
4,8,0.71
8,4,0.71
4,10,0.60
10,4,0.60
4,11,0.70
11,4,0.70
4,12,0.62
12,4,0.62
4,13,0.67
13,4,0.67
5,6,1.00
6,5,1.00
5,7,0.75
7,5,0.75
5,8,0.74
8,5,0.74
5,11,0.60
11,5,0.60
6,7,1.00
7,6,1.00
6,8,0.79
8,6,0.79
6,9,0.59
9,6,0.59
7,8,1.00
8,7,1.00
7,9,0.77
9,7,0.77
7,10,0.63
10,7,0.63
7,11,0.59
11,7,0.59
8,9,1.00
9,8,1.00
8,10,0.87
10,8,0.87
8,11,0.82
11,8,0.82
8,12,0.60
12,8,0.60
9,10,1.00
10,9,1.00
9,11,0.78
11,9,0.78
9,12,0.59
12,9,0.59
10,11,1.00
11,10,1.00
10,12,0.80
12,10,0.80
10,13,0.66
13,10,0.66
10,22,0.63
22,10,0.63
11,12,1.00
12,11,1.00
11,13,0.76
13,11,0.76
11,20,0.58
20,11,0.58
11,21,0.74
21,11,0.74
11,22,0.85
22,11,0.85
11,23,0.67
23,11,0.67
12,13,1.00
13,12,1.00
12,14,0.74
14,12,0.74
12,15,0.66
15,12,0.66
12,18,0.63
18,12,0.63
12,19,0.63
19,12,0.63
12,20,0.58
20,12,0.58
12,21,0.70
21,12,0.70
12,22,1.00
22,12,1.00
12,23,0.86
23,12,0.86
12,24,0.70
24,12,0.70
12,25,0.61
25,12,0.61
13,14,1.00
14,13,1.00
13,15,0.79
15,13,0.79
13,16,0.60
16,13,0.60
13,18,0.57
18,13,0.57
13,19,0.57
19,13,0.57
13,22,0.75
22,13,0.75
13,23,0.67
23,13,0.67
13,24,0.65
24,13,0.65
13,25,0.60
25,13,0.60
13,26,0.58
26,13,0.58
13,27,0.59
27,13,0.59
14,15,1.00
15,14,1.00
14,16,0.71
16,14,0.71
14,17,0.58
17,14,0.58
14,22,0.60
22,14,0.60
14,23,0.61
23,14,0.61
14,24,0.67
24,14,0.67
14,25,0.70
25,14,0.70
14,26,0.75
26,14,0.75
14,27,0.80
27,14,0.80
14,28,0.66
28,14,0.66
15,16,1.00
16,15,1.00
15,17,0.79
17,15,0.79
15,18,0.68
18,15,0.68
15,19,0.60
19,15,0.60
15,22,0.62
22,15,0.62
15,23,0.65
23,15,0.65
15,24,0.81
24,15,0.81
15,25,0.81
25,15,0.81
15,26,0.88
26,15,0.88
15,27,0.94
27,15,0.94
15,28,0.67
28,15,0.67
16,17,1.00
17,16,1.00
16,18,0.75
18,16,0.75
16,19,0.60
19,16,0.60
16,23,0.65
23,16,0.65
16,24,0.93
24,16,0.93
16,25,0.93
25,16,0.93
16,26,0.96
26,16,0.96
16,27,0.86
27,16,0.86
16,28,0.61
28,16,0.61
17,18,1.00
18,17,1.00
17,19,0.75
19,17,0.75
17,22,0.62
22,17,0.62
17,23,0.70
23,17,0.70
17,24,0.94
24,17,0.94
17,25,0.74
25,17,0.74
17,26,0.67
26,17,0.67
17,27,0.62
27,17,0.62
18,19,1.00
19,18,1.00
18,20,0.71
20,18,0.71
18,21,0.67
21,18,0.67
18,22,0.80
22,18,0.80
18,23,0.91
23,18,0.91
18,24,0.99
24,18,0.99
18,25,0.68
25,18,0.68
19,20,1.00
20,19,1.00
19,21,0.81
21,19,0.81
19,22,0.86
22,19,0.86
19,23,0.76
23,19,0.76
19,24,0.70
24,19,0.70
20,21,1.00
21,20,1.00
20,22,0.81
22,20,0.81
20,23,0.65
23,20,0.65
21,22,1.00
22,21,1.00
21,23,0.75
23,21,0.75
21,24,0.58
24,21,0.58
22,23,1.00
23,22,1.00
22,24,0.74
24,22,0.74
22,25,0.58
25,22,0.58
23,24,1.00
24,23,1.00
23,25,0.74
25,23,0.74
24,25,1.00
25,24,1.00
24,26,0.74
26,24,0.74
24,27,0.62
27,24,0.62
25,26,1.00
26,25,1.00
25,27,0.71
27,25,0.71
26,27,1.00
27,26,1.00
26,28,0.77
28,26,0.77
27,28,1.00
28,27,1.00
27,29,0.72
29,27,0.72
27,30,0.71
30,27,0.71
28,29,1.00
29,28,1.00
28,30,0.80
30,28,0.80
28,31,0.61
31,28,0.61
29,30,1.00
30,29,1.00
29,31,0.82
31,29,0.82
29,32,0.60
32,29,0.60
29,35,0.59
35,29,0.59
30,31,1.00
31,30,1.00
30,32,0.74
32,30,0.74
31,32,1.00
32,31,1.00
31,33,0.74
33,31,0.74
31,34,0.72
34,31,0.72
31,35,0.72
35,31,0.72
32,33,1.00
33,32,1.00
32,34,0.80
34,32,0.80
32,35,0.67
35,32,0.67
33,34,1.00
34,33,1.00
33,35,0.71
35,33,0.71
34,35,1.00
35,34,1.00
34,36,0.72
36,34,0.72
34,37,0.62
37,34,0.62
35,36,1.00
36,35,1.00
35,37,0.76
37,35,0.76
36,37,1.00
37,36,1.00
36,38,0.71
38,36,0.71
37,38,1.00
38,37,1.00
37,39,0.72
39,37,0.72
37,40,0.61
40,37,0.61
38,39,1.00
39,38,1.00
38,40,0.77
40,38,0.77
38,41,0.59
41,38,0.59
39,40,1.00
40,39,1.00
39,41,0.79
41,39,0.79
39,42,0.57
42,39,0.57
39,45,0.63
45,39,0.63
39,46,0.60
46,39,0.60
40,41,1.00
41,40,1.00
40,42,0.71
42,40,0.71
40,43,0.59
43,40,0.59
40,45,0.63
45,40,0.63
40,46,0.59
46,40,0.59
41,42,1.00
42,41,1.00
41,43,0.78
43,41,0.78
41,44,0.67
44,41,0.67
41,45,0.76
45,41,0.76
41,46,0.63
46,41,0.63
42,43,1.00
43,42,1.00
42,44,0.72
44,42,0.72
42,45,0.70
45,42,0.70
43,44,1.00
44,43,1.00
43,45,0.80
45,43,0.80
43,46,0.65
46,43,0.65
44,45,1.00
45,44,1.00
44,46,0.82
46,44,0.82
44,47,0.66
47,44,0.66
45,46,1.00
46,45,1.00
45,47,0.69
47,45,0.69
46,47,1.00
47,46,1.00
46,48,0.72
48,46,0.72
46,49,0.63
49,46,0.63
47,48,1.00
48,47,1.00
47,49,0.74
49,47,0.74
47,50,0.59
50,47,0.59
48,49,1.00
49,48,1.00
48,50,0.77
50,48,0.77
48,51,0.59
51,48,0.59
48,52,0.62
52,48,0.62
49,50,1.00
50,49,1.00
49,51,0.79
51,49,0.79
49,52,0.86
52,49,0.86
49,53,0.63
53,49,0.63
50,51,1.00
51,50,1.00
50,52,0.82
52,50,0.82
50,53,0.60
53,50,0.60
51,52,1.00
52,51,1.00
51,53,0.74
53,51,0.74
51,54,0.67
54,51,0.67
52,53,1.00
53,52,1.00
52,54,0.77
54,52,0.77
52,55,0.58
55,52,0.58
53,54,1.00
54,53,1.00
53,55,0.70
55,53,0.70
53,56,0.58
56,53,0.58
54,55,1.00
55,54,1.00
54,56,0.72
56,54,0.72
55,56,1.00
56,55,1.00
55,57,0.72
57,55,0.72
55,58,0.61
58,55,0.61
56,57,1.00
57,56,1.00
56,58,0.83
58,56,0.83
56,59,0.60
59,56,0.60
57,58,1.00
58,57,1.00
57,59,0.74
59,57,0.74
57,60,0.58
60,57,0.58
58,59,1.00
59,58,1.00
58,60,0.77
60,58,0.77
58,61,0.70
61,58,0.70
59,60,1.00
60,59,1.00
59,61,0.80
61,59,0.80
59,62,0.59
62,59,0.59
60,61,1.00
61,60,1.00
60,62,0.75
62,60,0.75
60,63,0.58
63,60,0.58
61,62,1.00
62,61,1.00
61,63,0.71
63,61,0.71
61,71,0.57
71,61,0.57
62,63,1.00
63,62,1.00
62,64,0.71
64,62,0.71
62,65,0.59
65,62,0.59
62,71,0.61
71,62,0.61
63,64,1.00
64,63,1.00
63,65,0.82
65,63,0.82
63,66,0.62
66,63,0.62
63,70,0.58
70,63,0.58
63,71,0.68
71,63,0.68
64,65,1.00
65,64,1.00
64,66,0.81
66,64,0.81
64,67,0.61
67,64,0.61
64,69,0.64
69,64,0.64
64,70,0.65
70,64,0.65
64,71,0.79
71,64,0.79
64,72,0.65
72,64,0.65
65,66,1.00
66,65,1.00
65,67,0.74
67,65,0.74
65,68,0.59
68,65,0.59
65,69,0.62
69,65,0.62
65,70,0.58
70,65,0.58
65,71,0.61
71,65,0.61
66,67,1.00
67,66,1.00
66,68,0.76
68,66,0.76
66,69,0.79
69,66,0.79
66,70,0.63
70,66,0.63
66,71,0.63
71,66,0.63
67,68,1.00
68,67,1.00
67,69,0.82
69,67,0.82
67,70,0.61
70,67,0.61
68,69,1.00
69,68,1.00
68,70,0.71
70,68,0.71
69,70,1.00
70,69,1.00
69,71,0.77
71,69,0.77
69,72,0.63
72,69,0.63
70,71,1.00
71,70,1.00
70,72,0.74
72,70,0.74
70,73,0.62
73,70,0.62
71,72,1.00
72,71,1.00
71,73,0.78
73,71,0.78
72,73,1.00
73,72,1.00
