1,2,1.00
2,1,1.00
1,3,0.77
3,1,0.77
1,4,0.85
4,1,0.85
1,5,0.85
5,1,0.85
1,6,0.82
6,1,0.82
1,7,0.88
7,1,0.88
1,8,0.97
8,1,0.97
1,9,0.75
9,1,0.75
1,10,0.71
10,1,0.71
1,11,0.68
11,1,0.68
2,3,1.00
3,2,1.00
2,4,0.86
4,2,0.86
2,5,0.69
5,2,0.69
2,6,0.62
6,2,0.62
2,7,0.62
7,2,0.62
2,8,0.71
8,2,0.71
2,9,0.61
9,2,0.61
2,10,0.66
10,2,0.66
2,11,0.72
11,2,0.72
3,4,1.00
4,3,1.00
3,5,0.70
5,3,0.70
3,11,0.58
11,3,0.58
4,5,1.00
5,4,1.00
4,6,0.72
6,4,0.72
4,7,0.61
7,4,0.61
4,8,0.60
8,4,0.60
5,6,1.00
6,5,1.00
5,7,0.74
7,5,0.74
5,8,0.65
8,5,0.65
5,9,0.57
9,5,0.57
6,7,1.00
7,6,1.00
6,8,0.73
8,6,0.73
6,9,0.60
9,6,0.60
7,8,1.00
8,7,1.00
7,9,0.76
9,7,0.76
7,10,0.60
10,7,0.60
8,9,1.00
9,8,1.00
8,10,0.82
10,8,0.82
8,11,0.72
11,8,0.72
9,10,1.00
10,9,1.00
9,11,0.72
11,9,0.72
9,12,0.57
12,9,0.57
10,11,1.00
11,10,1.00
10,12,0.79
12,10,0.79
10,13,0.63
13,10,0.63
10,22,0.65
22,10,0.65
10,23,0.58
23,10,0.58
11,12,1.00
12,11,1.00
11,13,0.71
13,11,0.71
11,20,0.59
20,11,0.59
11,21,0.73
21,11,0.73
11,22,0.91
22,11,0.91
11,23,0.71
23,11,0.71
11,24,0.58
24,11,0.58
12,13,1.00
13,12,1.00
12,14,0.71
14,12,0.71
12,15,0.64
15,12,0.64
12,18,0.67
18,12,0.67
12,19,0.63
19,12,0.63
12,20,0.58
20,12,0.58
12,21,0.67
21,12,0.67
12,22,0.97
22,12,0.97
12,23,0.91
23,12,0.91
12,24,0.79
24,12,0.79
12,25,0.61
25,12,0.61
13,14,1.00
14,13,1.00
13,15,0.83
15,13,0.83
13,16,0.64
16,13,0.64
13,17,0.59
17,13,0.59
13,18,0.62
18,13,0.62
13,19,0.58
19,13,0.58
13,22,0.72
22,13,0.72
13,23,0.73
23,13,0.73
13,24,0.80
24,13,0.80
13,25,0.67
25,13,0.67
13,26,0.58
26,13,0.58
14,15,1.00
15,14,1.00
14,16,0.72
16,14,0.72
14,17,0.59
17,14,0.59
14,23,0.60
23,14,0.60
14,24,0.75
24,14,0.75
14,25,0.73
25,14,0.73
14,26,0.71
26,14,0.71
14,27,0.73
27,14,0.73
15,16,1.00
16,15,1.00
15,17,0.77
17,15,0.77
15,18,0.65
18,15,0.65
15,19,0.58
19,15,0.58
15,23,0.62
23,15,0.62
15,24,0.83
24,15,0.83
15,25,0.80
25,15,0.80
15,26,0.83
26,15,0.83
15,27,0.88
27,15,0.88
15,28,0.63
28,15,0.63
16,17,1.00
17,16,1.00
16,18,0.73
18,16,0.73
16,19,0.60
19,16,0.60
16,23,0.62
23,16,0.62
16,24,0.86
24,16,0.86
16,25,0.90
25,16,0.90
16,26,0.99
26,16,0.99
16,27,0.88
27,16,0.88
16,28,0.62
28,16,0.62
17,18,1.00
18,17,1.00
17,19,0.79
19,17,0.79
17,20,0.57
20,17,0.57
17,22,0.61
22,17,0.61
17,23,0.71
23,17,0.71
17,24,0.87
24,17,0.87
17,25,0.75
25,17,0.75
17,26,0.69
26,17,0.69
17,27,0.62
27,17,0.62
18,19,1.00
19,18,1.00
18,20,0.72
20,18,0.72
18,21,0.70
21,18,0.70
18,22,0.81
22,18,0.81
18,23,0.97
23,18,0.97
18,24,0.94
24,18,0.94
18,25,0.69
25,18,0.69
18,26,0.57
26,18,0.57
19,20,1.00
20,19,1.00
19,21,0.81
21,19,0.81
19,22,0.84
22,19,0.84
19,23,0.77
23,19,0.77
19,24,0.69
24,19,0.69
20,21,1.00
21,20,1.00
20,22,0.81
22,20,0.81
20,23,0.65
23,20,0.65
21,22,1.00
22,21,1.00
21,23,0.76
23,21,0.76
21,24,0.58
24,21,0.58
22,23,1.00
23,22,1.00
22,24,0.74
24,22,0.74
23,24,1.00
24,23,1.00
23,25,0.71
25,23,0.71
24,25,1.00
25,24,1.00
24,26,0.74
26,24,0.74
24,27,0.61
27,24,0.61
25,26,1.00
26,25,1.00
25,27,0.71
27,25,0.71
26,27,1.00
27,26,1.00
26,28,0.73
28,26,0.73
27,28,1.00
28,27,1.00
27,29,0.74
29,27,0.74
27,30,0.59
30,27,0.59
28,29,1.00
29,28,1.00
28,30,0.78
30,28,0.78
28,31,0.61
31,28,0.61
29,30,1.00
30,29,1.00
29,31,0.79
31,29,0.79
29,32,0.65
32,29,0.65
30,31,1.00
31,30,1.00
30,32,0.72
32,30,0.72
30,33,0.58
33,30,0.58
31,32,1.00
32,31,1.00
31,33,0.79
33,31,0.79
31,34,0.67
34,31,0.67
31,35,0.61
35,31,0.61
32,33,1.00
33,32,1.00
32,34,0.81
34,32,0.81
32,35,0.68
35,32,0.68
33,34,1.00
34,33,1.00
33,35,0.70
35,33,0.70
34,35,1.00
35,34,1.00
34,36,0.72
36,34,0.72
35,36,1.00
36,35,1.00
35,37,0.76
37,35,0.76
35,38,0.60
38,35,0.60
36,37,1.00
37,36,1.00
36,38,0.81
38,36,0.81
36,39,0.60
39,36,0.60
37,38,1.00
38,37,1.00
37,39,0.76
39,37,0.76
37,40,0.59
40,37,0.59
38,39,1.00
39,38,1.00
38,40,0.79
40,38,0.79
38,41,0.62
41,38,0.62
39,40,1.00
40,39,1.00
39,41,0.85
41,39,0.85
39,42,0.61
42,39,0.61
39,45,0.61
45,39,0.61
39,46,0.64
46,39,0.64
40,41,1.00
41,40,1.00
40,42,0.74
42,40,0.74
40,45,0.61
45,40,0.61
40,46,0.62
46,40,0.62
41,42,1.00
42,41,1.00
41,43,0.72
43,41,0.72
41,44,0.65
44,41,0.65
41,45,0.80
45,41,0.80
41,46,0.72
46,41,0.72
42,43,1.00
43,42,1.00
42,44,0.82
44,42,0.82
42,45,0.85
45,42,0.85
42,46,0.71
46,42,0.71
43,44,1.00
44,43,1.00
43,45,0.83
45,43,0.83
43,46,0.65
46,43,0.65
44,45,1.00
45,44,1.00
44,46,0.79
46,44,0.79
44,47,0.65
47,44,0.65
45,46,1.00
46,45,1.00
45,47,0.71
47,45,0.71
45,48,0.61
48,45,0.61
46,47,1.00
47,46,1.00
46,48,0.78
48,46,0.78
46,49,0.58
49,46,0.58
47,48,1.00
48,47,1.00
47,49,0.75
49,47,0.75
47,50,0.69
50,47,0.69
48,49,1.00
49,48,1.00
48,50,0.76
50,48,0.76
49,50,1.00
50,49,1.00
49,51,0.71
51,49,0.71
50,51,1.00
51,50,1.00
50,52,0.75
52,50,0.75
50,53,0.58
53,50,0.58
51,52,1.00
52,51,1.00
51,53,0.77
53,51,0.77
51,54,0.59
54,51,0.59
52,53,1.00
53,52,1.00
52,54,0.74
54,52,0.74
53,54,1.00
54,53,1.00
53,55,0.72
55,53,0.72
53,56,0.64
56,53,0.64
54,55,1.00
55,54,1.00
54,56,0.80
56,54,0.80
54,57,0.61
57,54,0.61
55,56,1.00
56,55,1.00
55,57,0.76
57,55,0.76
55,58,0.58
58,55,0.58
56,57,1.00
57,56,1.00
56,58,0.79
58,56,0.79
56,59,0.59
59,56,0.59
57,58,1.00
58,57,1.00
57,59,0.72
59,57,0.72
57,60,0.58
60,57,0.58
58,59,1.00
59,58,1.00
58,60,0.79
60,58,0.79
58,61,0.71
61,58,0.71
59,60,1.00
60,59,1.00
59,61,0.80
61,59,0.80
59,62,0.59
62,59,0.59
60,61,1.00
61,60,1.00
60,62,0.77
62,60,0.77
60,63,0.60
63,60,0.60
60,72,0.60
72,60,0.60
60,73,0.63
73,60,0.63
61,62,1.00
62,61,1.00
61,63,0.79
63,61,0.79
61,64,0.58
64,61,0.58
61,71,0.59
71,61,0.59
61,72,0.65
72,61,0.65
61,73,0.63
73,61,0.63
62,63,1.00
63,62,1.00
62,64,0.73
64,62,0.73
62,65,0.58
65,62,0.58
62,70,0.59
70,62,0.59
62,71,0.82
71,62,0.82
62,72,0.91
72,62,0.91
62,73,0.79
73,62,0.79
63,64,1.00
64,63,1.00
63,65,0.79
65,63,0.79
63,66,0.64
66,63,0.64
63,70,0.60
70,63,0.60
63,71,0.82
71,63,0.82
63,72,0.76
72,63,0.76
63,73,0.60
73,63,0.60
64,65,1.00
65,64,1.00
64,66,0.83
66,64,0.83
64,67,0.61
67,64,0.61
64,69,0.63
69,64,0.63
64,70,0.64
70,64,0.64
64,71,0.80
71,64,0.80
64,72,0.70
72,64,0.70
65,66,1.00
66,65,1.00
65,67,0.72
67,65,0.72
65,69,0.62
69,65,0.62
65,70,0.58
70,65,0.58
65,71,0.65
71,65,0.65
66,67,1.00
67,66,1.00
66,68,0.74
68,66,0.74
66,69,0.81
69,66,0.81
66,70,0.67
70,66,0.67
66,71,0.67
71,66,0.67
67,68,1.00
68,67,1.00
67,69,0.88
69,67,0.88
67,70,0.67
70,67,0.67
67,71,0.59
71,67,0.59
68,69,1.00
69,68,1.00
68,70,0.72
70,68,0.72
68,71,0.57
71,68,0.57
69,70,1.00
70,69,1.00
69,71,0.76
71,69,0.76
69,72,0.59
72,69,0.59
70,71,1.00
71,70,1.00
70,72,0.74
72,70,0.74
70,73,0.62
73,70,0.62
71,72,1.00
72,71,1.00
71,73,0.75
73,71,0.75
72,73,1.00
73,72,1.00
