1,2,1.00
2,1,1.00
1,3,0.75
3,1,0.75
1,11,0.61
11,1,0.61
1,12,0.66
12,1,0.66
2,3,1.00
3,2,1.00
2,4,0.70
4,2,0.70
2,5,0.63
5,2,0.63
2,10,0.65
10,2,0.65
2,11,0.80
11,2,0.80
2,12,0.78
12,2,0.78
2,13,0.62
13,2,0.62
3,4,1.00
4,3,1.00
3,5,0.84
5,3,0.84
3,6,0.60
6,3,0.60
3,8,0.59
8,3,0.59
3,9,0.64
9,3,0.64
3,10,0.69
10,3,0.69
3,11,0.74
11,3,0.74
3,12,0.62
12,3,0.62
4,5,1.00
5,4,1.00
4,6,0.75
6,4,0.75
4,7,0.59
7,4,0.59
4,8,0.61
8,4,0.61
4,9,0.62
9,4,0.62
4,10,0.59
10,4,0.59
4,11,0.59
11,4,0.59
5,6,1.00
6,5,1.00
5,7,0.78
7,5,0.78
5,8,0.83
8,5,0.83
5,9,0.85
9,5,0.85
5,10,0.71
10,5,0.71
5,11,0.66
11,5,0.66
6,7,1.00
7,6,1.00
6,8,0.81
8,6,0.81
6,9,0.73
9,6,0.73
7,8,1.00
8,7,1.00
7,9,0.77
9,7,0.77
7,10,0.58
10,7,0.58
8,9,1.00
9,8,1.00
8,10,0.76
10,8,0.76
8,11,0.58
11,8,0.58
9,10,1.00
10,9,1.00
9,11,0.76
11,9,0.76
10,11,1.00
11,10,1.00
10,12,0.73
12,10,0.73
10,53,0.61
53,10,0.61
11,12,1.00
12,11,1.00
11,13,0.71
13,11,0.71
11,53,0.69
53,11,0.69
11,54,0.59
54,11,0.59
11,55,0.63
55,11,0.63
12,13,1.00
13,12,1.00
12,14,0.71
14,12,0.71
12,51,0.67
51,12,0.67
12,52,0.66
52,12,0.66
12,53,0.84
53,12,0.84
12,54,0.67
54,12,0.67
12,55,0.68
55,12,0.68
13,14,1.00
14,13,1.00
13,15,0.70
15,13,0.70
13,16,0.59
16,13,0.59
13,51,0.64
51,13,0.64
13,52,0.66
52,13,0.66
13,53,0.84
53,13,0.84
13,54,0.74
54,13,0.74
13,55,0.76
55,13,0.76
14,15,1.00
15,14,1.00
14,16,0.82
16,14,0.82
14,17,0.63
17,14,0.63
14,42,0.59
42,14,0.59
14,43,0.60
43,14,0.60
14,44,0.63
44,14,0.63
14,50,0.57
50,14,0.57
14,51,0.63
51,14,0.63
14,52,0.68
52,14,0.68
14,53,0.80
53,14,0.80
14,54,0.77
54,14,0.77
14,55,0.72
55,14,0.72
15,16,1.00
16,15,1.00
15,17,0.73
17,15,0.73
15,40,0.58
40,15,0.58
15,41,0.72
41,15,0.72
15,42,0.77
42,15,0.77
15,43,0.80
43,15,0.80
15,44,0.79
44,15,0.79
15,45,0.61
45,15,0.61
15,50,0.59
50,15,0.59
15,51,0.58
51,15,0.58
15,52,0.60
52,15,0.60
15,53,0.61
53,15,0.61
15,54,0.60
54,15,0.60
16,17,1.00
17,16,1.00
16,18,0.71
18,16,0.71
16,40,0.74
40,16,0.74
16,41,0.88
41,16,0.88
16,42,0.81
42,16,0.81
16,43,0.69
43,16,0.69
16,44,0.60
44,16,0.60
16,54,0.61
54,16,0.61
17,18,1.00
18,17,1.00
17,19,0.71
19,17,0.71
17,38,0.62
38,17,0.62
17,39,0.63
39,17,0.63
17,40,0.83
40,17,0.83
17,41,0.85
41,17,0.85
17,42,0.65
42,17,0.65
18,19,1.00
19,18,1.00
18,20,0.79
20,18,0.79
18,27,0.59
27,18,0.59
18,35,0.60
35,18,0.60
18,36,0.66
36,18,0.66
18,37,0.65
37,18,0.65
18,38,0.82
38,18,0.82
18,39,0.82
39,18,0.82
18,40,0.96
40,18,0.96
18,41,0.75
41,18,0.75
19,20,1.00
20,19,1.00
19,21,0.71
21,19,0.71
19,22,0.65
22,19,0.65
19,23,0.59
23,19,0.59
19,24,0.60
24,19,0.60
19,25,0.69
25,19,0.69
19,26,0.64
26,19,0.64
19,27,0.68
27,19,0.68
19,32,0.59
32,19,0.59
19,33,0.62
33,19,0.62
19,34,0.68
34,19,0.68
19,35,0.82
35,19,0.82
19,36,0.96
36,19,0.96
19,37,0.83
37,19,0.83
19,38,0.88
38,19,0.88
19,39,0.75
39,19,0.75
19,40,0.71
40,19,0.71
19,41,0.58
41,19,0.58
20,21,1.00
21,20,1.00
20,22,0.78
22,20,0.78
20,23,0.66
23,20,0.66
20,24,0.60
24,20,0.60
20,25,0.63
25,20,0.63
20,34,0.64
34,20,0.64
20,35,0.87
35,20,0.87
20,36,0.92
36,20,0.92
20,37,0.89
37,20,0.89
20,38,0.81
38,20,0.81
20,39,0.78
39,20,0.78
20,40,0.64
40,20,0.64
21,22,1.00
22,21,1.00
21,23,0.73
23,21,0.73
21,24,0.58
24,21,0.58
21,34,0.65
34,21,0.65
21,35,0.90
35,21,0.90
21,36,0.79
36,21,0.79
21,37,0.74
37,21,0.74
21,38,0.61
38,21,0.61
21,39,0.59
39,21,0.59
22,23,1.00
23,22,1.00
22,24,0.72
24,22,0.72
22,25,0.61
25,22,0.61
22,34,0.70
34,22,0.70
22,35,1.00
35,22,1.00
22,36,0.89
36,22,0.89
22,37,0.76
37,22,0.76
22,38,0.58
38,22,0.58
23,24,1.00
24,23,1.00
23,25,0.73
25,23,0.73
23,26,0.61
26,23,0.61
23,35,0.74
35,23,0.74
23,36,0.85
36,23,0.85
23,37,0.83
37,23,0.83
23,38,0.59
38,23,0.59
24,25,1.00
25,24,1.00
24,26,0.81
26,24,0.81
24,27,0.61
27,24,0.61
24,35,0.64
35,24,0.64
24,36,0.84
36,24,0.84
24,37,0.87
37,24,0.87
24,38,0.65
38,24,0.65
25,26,1.00
26,25,1.00
25,27,0.74
27,25,0.74
25,35,0.61
35,25,0.61
25,36,0.85
36,25,0.85
25,37,0.99
37,25,0.99
25,38,0.85
38,25,0.85
25,39,0.60
39,25,0.60
26,27,1.00
27,26,1.00
26,28,0.71
28,26,0.71
26,35,0.57
35,26,0.57
26,36,0.75
36,26,0.75
26,37,0.71
37,26,0.71
26,38,0.67
38,26,0.67
27,28,1.00
28,27,1.00
27,29,0.74
29,27,0.74
27,30,0.61
30,27,0.61
27,31,0.67
31,27,0.67
27,32,0.64
32,27,0.64
27,33,0.63
33,27,0.63
27,36,0.69
36,27,0.69
27,37,0.61
37,27,0.61
27,38,0.63
38,27,0.63
28,29,1.00
29,28,1.00
28,30,0.82
30,28,0.82
28,31,0.81
31,28,0.81
28,32,0.66
32,28,0.66
28,33,0.59
33,28,0.59
29,30,1.00
30,29,1.00
29,31,0.84
31,29,0.84
29,32,0.68
32,29,0.68
30,31,1.00
31,30,1.00
30,32,0.71
32,30,0.71
31,32,1.00
32,31,1.00
31,33,0.76
33,31,0.76
32,33,1.00
33,32,1.00
32,34,0.71
34,32,0.71
32,35,0.58
35,32,0.58
33,34,1.00
34,33,1.00
33,35,0.73
35,33,0.73
33,36,0.64
36,33,0.64
34,35,1.00
35,34,1.00
34,36,0.73
36,34,0.73
35,36,1.00
36,35,1.00
35,37,0.72
37,35,0.72
35,38,0.60
38,35,0.60
36,37,1.00
37,36,1.00
36,38,0.79
38,36,0.79
36,39,0.62
39,36,0.62
37,38,1.00
38,37,1.00
37,39,0.75
39,37,0.75
37,40,0.60
40,37,0.60
38,39,1.00
39,38,1.00
38,40,0.83
40,38,0.83
38,41,0.65
41,38,0.65
39,40,1.00
40,39,1.00
39,41,0.69
41,39,0.69
40,41,1.00
41,40,1.00
40,42,0.74
42,40,0.74
41,42,1.00
42,41,1.00
41,43,0.75
43,41,0.75
41,44,0.59
44,41,0.59
42,43,1.00
43,42,1.00
42,44,0.70
44,42,0.70
43,44,1.00
44,43,1.00
43,45,0.71
45,43,0.71
43,46,0.60
46,43,0.60
43,47,0.65
47,43,0.65
43,48,0.63
48,43,0.63
43,49,0.63
49,43,0.63
43,50,0.67
50,43,0.67
44,45,1.00
45,44,1.00
44,46,0.77
46,44,0.77
44,47,0.73
47,44,0.73
44,48,0.70
48,44,0.70
44,49,0.77
49,44,0.77
44,50,0.73
50,44,0.73
44,51,0.60
51,44,0.60
45,46,1.00
46,45,1.00
45,47,0.77
47,45,0.77
45,48,0.67
48,45,0.67
45,49,0.75
49,45,0.75
45,50,0.62
50,45,0.62
46,47,1.00
47,46,1.00
46,48,0.82
48,46,0.82
46,49,0.83
49,46,0.83
46,50,0.62
50,46,0.62
47,48,1.00
48,47,1.00
47,49,0.78
49,47,0.78
47,50,0.63
50,47,0.63
48,49,1.00
49,48,1.00
48,50,0.81
50,48,0.81
48,51,0.59
51,48,0.59
49,50,1.00
50,49,1.00
49,51,0.74
51,49,0.74
50,51,1.00
51,50,1.00
50,52,0.75
52,50,0.75
50,53,0.59
53,50,0.59
51,52,1.00
52,51,1.00
51,53,0.77
53,51,0.77
52,53,1.00
53,52,1.00
52,54,0.73
54,52,0.73
53,54,1.00
54,53,1.00
53,55,0.76
55,53,0.76
53,56,0.58
56,53,0.58
53,57,0.59
57,53,0.59
54,55,1.00
55,54,1.00
54,56,0.76
56,54,0.76
54,57,0.79
57,54,0.79
54,58,0.60
58,54,0.60
55,56,1.00
56,55,1.00
55,57,0.82
57,55,0.82
55,58,0.61
58,55,0.61
56,57,1.00
57,56,1.00
56,58,0.75
58,56,0.75
56,59,0.57
59,56,0.57
57,58,1.00
58,57,1.00
57,59,0.77
59,57,0.77
57,60,0.60
60,57,0.60
58,59,1.00
59,58,1.00
58,60,0.80
60,58,0.80
58,61,0.60
61,58,0.60
59,60,1.00
60,59,1.00
59,61,0.79
61,59,0.79
59,62,0.58
62,59,0.58
60,61,1.00
61,60,1.00
60,62,0.73
62,60,0.73
61,62,1.00
62,61,1.00
61,63,0.70
63,61,0.70
61,64,0.64
64,61,0.64
62,63,1.00
63,62,1.00
62,64,0.80
64,62,0.80
62,65,0.57
65,62,0.57
63,64,1.00
64,63,1.00
63,65,0.72
65,63,0.72
64,65,1.00
65,64,1.00
64,66,0.70
66,64,0.70
64,67,0.58
67,64,0.58
65,66,1.00
66,65,1.00
65,67,0.81
67,65,0.81
65,68,0.64
68,65,0.64
66,67,1.00
67,66,1.00
66,68,0.72
68,66,0.72
67,68,1.00
68,67,1.00
67,69,0.71
69,67,0.71
68,69,1.00
69,68,1.00
68,70,0.75
70,68,0.75
68,71,0.59
71,68,0.59
69,70,1.00
70,69,1.00
69,71,0.80
71,69,0.80
69,72,0.68
72,69,0.68
69,73,0.64
73,69,0.64
70,71,1.00
71,70,1.00
70,72,0.72
72,70,0.72
70,73,0.61
73,70,0.61
71,72,1.00
72,71,1.00
71,73,0.75
73,71,0.75
72,73,1.00
73,72,1.00
