2,3,1.00
3,2,1.00
2,4,0.77
4,2,0.77
2,5,0.63
5,2,0.63
3,4,1.00
4,3,1.00
3,5,0.85
5,3,0.85
3,6,0.63
6,3,0.63
4,5,1.00
5,4,1.00
4,6,0.81
6,4,0.81
4,7,0.68
7,4,0.68
4,8,0.62
8,4,0.62
5,6,1.00
6,5,1.00
5,7,0.78
7,5,0.78
5,8,0.63
8,5,0.63
6,7,1.00
7,6,1.00
6,8,0.79
8,6,0.79
6,9,0.60
9,6,0.60
6,20,0.65
20,6,0.65
6,21,0.64
21,6,0.64
6,22,0.60
22,6,0.60
7,8,1.00
8,7,1.00
7,9,0.79
9,7,0.79
7,10,0.70
10,7,0.70
7,11,0.58
11,7,0.58
7,18,0.62
18,7,0.62
7,19,0.67
19,7,0.67
7,20,0.82
20,7,0.82
7,21,0.88
21,7,0.88
7,22,0.83
22,7,0.83
7,23,0.59
23,7,0.59
8,9,1.00
9,8,1.00
8,10,0.77
10,8,0.77
8,11,0.60
11,8,0.60
8,16,0.60
16,8,0.60
8,17,0.67
17,8,0.67
8,18,0.89
18,8,0.89
8,19,0.91
19,8,0.91
8,20,0.99
20,8,0.99
8,21,0.83
21,8,0.83
8,22,0.72
22,8,0.72
9,10,1.00
10,9,1.00
9,11,0.80
11,9,0.80
9,12,0.63
12,9,0.63
9,13,0.60
13,9,0.60
9,15,0.63
15,9,0.63
9,16,0.76
16,9,0.76
9,17,0.73
17,9,0.73
9,18,0.85
18,9,0.85
9,19,0.92
19,9,0.92
9,20,0.79
20,9,0.79
9,21,0.78
21,9,0.78
9,22,0.79
22,9,0.79
9,23,0.63
23,9,0.63
10,11,1.00
11,10,1.00
10,12,0.76
12,10,0.76
10,13,0.63
13,10,0.63
10,14,0.59
14,10,0.59
10,15,0.60
15,10,0.60
10,16,0.63
16,10,0.63
10,17,0.58
17,10,0.58
10,18,0.67
18,10,0.67
10,19,0.87
19,10,0.87
10,20,0.79
20,10,0.79
10,21,0.92
21,10,0.92
10,22,0.94
22,10,0.94
10,23,0.80
23,10,0.80
10,24,0.58
24,10,0.58
11,12,1.00
12,11,1.00
11,13,0.77
13,11,0.77
11,14,0.64
14,11,0.64
11,15,0.60
15,11,0.60
11,16,0.60
16,11,0.60
11,19,0.63
19,11,0.63
11,20,0.58
20,11,0.58
11,21,0.68
21,11,0.68
11,22,0.83
22,11,0.83
11,23,0.91
23,11,0.91
11,24,0.65
24,11,0.65
12,13,1.00
13,12,1.00
12,14,0.82
14,12,0.82
12,15,0.66
15,12,0.66
12,16,0.60
16,12,0.60
12,22,0.60
22,12,0.60
12,23,0.68
23,12,0.68
13,14,1.00
14,13,1.00
13,15,0.80
15,13,0.80
13,16,0.70
16,13,0.70
14,15,1.00
15,14,1.00
14,16,0.72
16,14,0.72
15,16,1.00
16,15,1.00
15,17,0.77
17,15,0.77
15,18,0.63
18,15,0.63
15,19,0.62
19,15,0.62
16,17,1.00
17,16,1.00
16,18,0.76
18,16,0.76
16,19,0.66
19,16,0.66
17,18,1.00
18,17,1.00
17,19,0.74
19,17,0.74
18,19,1.00
19,18,1.00
18,20,0.77
20,18,0.77
18,21,0.61
21,18,0.61
19,20,1.00
20,19,1.00
19,21,0.78
21,19,0.78
19,22,0.64
22,19,0.64
20,21,1.00
21,20,1.00
20,22,0.71
22,20,0.71
21,22,1.00
22,21,1.00
21,23,0.73
23,21,0.73
21,24,0.59
24,21,0.59
22,23,1.00
23,22,1.00
22,24,0.76
24,22,0.76
23,24,1.00
24,23,1.00
23,25,0.72
25,23,0.72
23,26,0.62
26,23,0.62
24,25,1.00
25,24,1.00
24,26,0.77
26,24,0.77
24,27,0.58
27,24,0.58
25,26,1.00
26,25,1.00
25,27,0.75
27,25,0.75
26,27,1.00
27,26,1.00
26,28,0.76
28,26,0.76
27,28,1.00
28,27,1.00
27,29,0.74
29,27,0.74
28,29,1.00
29,28,1.00
28,30,0.74
30,28,0.74
28,31,0.62
31,28,0.62
29,30,1.00
30,29,1.00
29,31,0.78
31,29,0.78
29,32,0.63
32,29,0.63
29,33,0.59
33,29,0.59
30,31,1.00
31,30,1.00
30,32,0.71
32,30,0.71
30,33,0.63
33,30,0.63
31,32,1.00
32,31,1.00
31,33,0.77
33,31,0.77
31,34,0.58
34,31,0.58
31,36,0.59
36,31,0.59
32,33,1.00
33,32,1.00
32,34,0.75
34,32,0.75
32,35,0.66
35,32,0.66
32,36,0.81
36,32,0.81
32,37,0.64
37,32,0.64
33,34,1.00
34,33,1.00
33,35,0.73
35,33,0.73
33,36,0.76
36,33,0.76
34,35,1.00
35,34,1.00
34,36,0.82
36,34,0.82
34,37,0.59
37,34,0.59
34,39,0.61
39,34,0.61
35,36,1.00
36,35,1.00
35,37,0.73
37,35,0.73
35,38,0.77
38,35,0.77
35,39,0.87
39,35,0.87
35,40,0.67
40,35,0.67
35,52,0.61
52,35,0.61
36,37,1.00
37,36,1.00
36,38,0.83
38,36,0.83
36,39,0.73
39,36,0.73
36,40,0.60
40,36,0.60
37,38,1.00
38,37,1.00
37,39,0.72
39,37,0.72
37,40,0.60
40,37,0.60
38,39,1.00
39,38,1.00
38,40,0.79
40,38,0.79
38,41,0.62
41,38,0.62
38,52,0.70
52,38,0.70
38,53,0.59
53,38,0.59
38,54,0.57
54,38,0.57
39,40,1.00
40,39,1.00
39,41,0.81
41,39,0.81
39,42,0.59
42,39,0.59
39,51,0.60
51,39,0.60
39,52,0.82
52,39,0.82
39,53,0.72
53,39,0.72
39,54,0.64
54,39,0.64
40,41,1.00
41,40,1.00
40,42,0.72
42,40,0.72
40,43,0.59
43,40,0.59
40,46,0.65
46,40,0.65
40,52,0.63
52,40,0.63
40,53,0.65
53,40,0.65
40,54,0.61
54,40,0.61
41,42,1.00
42,41,1.00
41,43,0.72
43,41,0.72
41,44,0.60
44,41,0.60
41,45,0.66
45,41,0.66
41,46,0.90
46,41,0.90
41,47,0.76
47,41,0.76
41,48,0.62
48,41,0.62
41,52,0.66
52,41,0.66
41,53,0.79
53,41,0.79
41,54,0.72
54,41,0.72
42,43,1.00
43,42,1.00
42,44,0.80
44,42,0.80
42,45,0.79
45,42,0.79
42,46,0.96
46,42,0.96
42,47,0.87
47,42,0.87
42,48,0.63
48,42,0.63
42,53,0.68
53,42,0.68
42,54,0.69
54,42,0.69
42,57,0.57
57,42,0.57
43,44,1.00
44,43,1.00
43,45,0.85
45,43,0.85
43,46,0.78
46,43,0.78
43,47,0.69
47,43,0.69
44,45,1.00
45,44,1.00
44,46,0.76
46,44,0.76
44,47,0.72
47,44,0.72
45,46,1.00
46,45,1.00
45,47,0.80
47,45,0.80
45,48,0.60
48,45,0.60
46,47,1.00
47,46,1.00
46,48,0.73
48,46,0.73
46,49,0.57
49,46,0.57
46,53,0.67
53,46,0.67
46,54,0.58
54,46,0.58
47,48,1.00
48,47,1.00
47,49,0.71
49,47,0.71
47,50,0.60
50,47,0.60
47,53,0.76
53,47,0.76
47,54,0.67
54,47,0.67
47,57,0.62
57,47,0.62
47,59,0.58
59,47,0.58
47,63,0.62
63,47,0.62
48,49,1.00
49,48,1.00
48,50,0.73
50,48,0.73
48,51,0.57
51,48,0.57
48,52,0.60
52,48,0.60
48,53,0.80
53,48,0.80
48,54,0.66
54,48,0.66
48,57,0.62
57,48,0.62
48,58,0.59
58,48,0.59
48,59,0.67
59,48,0.67
48,60,0.57
60,48,0.57
48,61,0.60
61,48,0.60
48,62,0.69
62,48,0.69
48,63,0.73
63,48,0.73
48,64,0.59
64,48,0.59
49,50,1.00
50,49,1.00
49,51,0.71
51,49,0.71
49,52,0.69
52,49,0.69
49,53,0.86
53,49,0.86
49,54,0.67
54,49,0.67
49,57,0.59
57,49,0.59
49,58,0.59
58,49,0.59
49,59,0.64
59,49,0.64
49,60,0.58
60,49,0.58
49,61,0.57
61,49,0.57
49,62,0.66
62,49,0.66
49,63,0.61
63,49,0.61
50,51,1.00
51,50,1.00
50,52,0.81
52,50,0.81
50,53,0.91
53,50,0.91
50,54,0.81
54,50,0.81
50,55,0.71
55,50,0.71
50,56,0.67
56,50,0.67
50,57,0.65
57,50,0.65
50,58,0.62
58,50,0.62
50,59,0.60
59,50,0.60
51,52,1.00
52,51,1.00
51,53,0.86
53,51,0.86
51,54,0.83
54,51,0.83
51,55,0.75
55,51,0.75
51,56,0.63
56,51,0.63
52,53,1.00
53,52,1.00
52,54,0.83
54,52,0.83
52,55,0.65
55,52,0.65
53,54,1.00
54,53,1.00
53,55,0.70
55,53,0.70
53,56,0.59
56,53,0.59
53,57,0.62
57,53,0.62
54,55,1.00
55,54,1.00
54,56,0.75
56,54,0.75
54,57,0.76
57,54,0.76
54,58,0.59
58,54,0.59
55,56,1.00
56,55,1.00
55,57,0.82
57,55,0.82
55,58,0.63
58,55,0.63
56,57,1.00
57,56,1.00
56,58,0.83
58,56,0.83
56,59,0.61
59,56,0.61
56,169,0.63
169,56,0.63
57,58,1.00
58,57,1.00
57,59,0.75
59,57,0.75
57,169,0.65
169,57,0.65
58,59,1.00
59,58,1.00
58,60,0.72
60,58,0.72
58,61,0.58
61,58,0.58
58,169,0.59
169,58,0.59
59,60,1.00
60,59,1.00
59,61,0.79
61,59,0.79
59,62,0.67
62,59,0.67
59,63,0.59
63,59,0.59
60,61,1.00
61,60,1.00
60,62,0.75
62,60,0.75
60,63,0.60
63,60,0.60
60,66,0.62
66,60,0.62
60,67,0.67
67,60,0.67
60,68,0.61
68,60,0.61
60,69,0.57
69,60,0.57
61,62,1.00
62,61,1.00
61,63,0.77
63,61,0.77
61,64,0.63
64,61,0.63
61,65,0.67
65,61,0.67
61,66,0.83
66,61,0.83
61,67,0.87
67,61,0.87
61,68,0.77
68,61,0.77
61,69,0.72
69,61,0.72
62,63,1.00
63,62,1.00
62,64,0.83
64,62,0.83
62,65,0.79
65,62,0.79
62,66,0.96
66,62,0.96
62,67,0.76
67,62,0.76
62,68,0.64
68,62,0.64
62,69,0.62
69,62,0.62
63,64,1.00
64,63,1.00
63,65,0.82
65,63,0.82
63,66,0.76
66,63,0.76
63,67,0.62
67,63,0.62
63,68,0.59
68,63,0.59
63,69,0.64
69,63,0.64
64,65,1.00
65,64,1.00
64,66,0.80
66,64,0.80
64,67,0.60
67,64,0.60
65,66,1.00
66,65,1.00
65,67,0.76
67,65,0.76
65,68,0.71
68,65,0.71
65,69,0.67
69,65,0.67
65,70,0.61
70,65,0.61
66,67,1.00
67,66,1.00
66,68,0.76
68,66,0.76
66,69,0.64
69,66,0.64
67,68,1.00
68,67,1.00
67,69,0.72
69,67,0.72
67,70,0.59
70,67,0.59
68,69,1.00
69,68,1.00
68,70,0.79
70,68,0.79
68,71,0.61
71,68,0.61
69,70,1.00
70,69,1.00
69,71,0.72
71,69,0.72
70,71,1.00
71,70,1.00
70,72,0.72
72,70,0.72
70,73,0.58
73,70,0.58
71,72,1.00
72,71,1.00
71,73,0.78
73,71,0.78
71,74,0.62
74,71,0.62
72,73,1.00
73,72,1.00
72,74,0.74
74,72,0.74
72,75,0.58
75,72,0.58
73,74,1.00
74,73,1.00
73,75,0.72
75,73,0.72
74,75,1.00
75,74,1.00
74,76,0.72
76,74,0.72
75,76,1.00
76,75,1.00
75,77,0.72
77,75,0.72
76,77,1.00
77,76,1.00
76,78,0.70
78,76,0.70
76,113,0.62
113,76,0.62
76,114,0.60
114,76,0.60
76,115,0.64
115,76,0.64
77,78,1.00
78,77,1.00
77,79,0.71
79,77,0.71
77,111,0.59
111,77,0.59
77,112,0.59
112,77,0.59
77,113,0.73
113,77,0.73
77,114,0.63
114,77,0.63
77,115,0.60
115,77,0.60
78,79,1.00
79,78,1.00
78,80,0.72
80,78,0.72
78,110,0.60
110,78,0.60
78,111,0.69
111,78,0.69
78,112,0.65
112,78,0.65
78,113,0.76
113,78,0.76
78,114,0.63
114,78,0.63
78,115,0.58
115,78,0.58
79,80,1.00
80,79,1.00
79,81,0.71
81,79,0.71
79,82,0.65
82,79,0.65
79,107,0.58
107,79,0.58
79,109,0.58
109,79,0.58
79,110,0.81
110,79,0.81
79,111,0.83
111,79,0.83
79,112,0.68
112,79,0.68
79,113,0.68
113,79,0.68
80,81,1.00
81,80,1.00
80,82,0.82
82,80,0.82
80,83,0.60
83,80,0.60
80,109,0.64
109,80,0.64
80,110,0.82
110,80,0.82
80,111,0.69
111,80,0.69
80,112,0.59
112,80,0.59
81,82,1.00
82,81,1.00
81,83,0.73
83,81,0.73
81,84,0.57
84,81,0.57
81,87,0.65
87,81,0.65
81,89,0.61
89,81,0.61
81,90,0.58
90,81,0.58
81,109,0.65
109,81,0.65
81,110,0.72
110,81,0.72
82,83,1.00
83,82,1.00
82,84,0.78
84,82,0.78
82,85,0.61
85,82,0.61
82,86,0.63
86,82,0.63
82,87,0.72
87,82,0.72
82,89,0.57
89,82,0.57
83,84,1.00
84,83,1.00
83,85,0.76
85,83,0.76
83,86,0.82
86,83,0.82
83,87,0.87
87,83,0.87
83,88,0.65
88,83,0.65
83,89,0.62
89,83,0.62
84,85,1.00
85,84,1.00
84,86,0.83
86,84,0.83
84,87,0.71
87,84,0.71
85,86,1.00
86,85,1.00
85,87,0.71
87,85,0.71
86,87,1.00
87,86,1.00
86,88,0.75
88,86,0.75
86,89,0.59
89,86,0.59
87,88,1.00
88,87,1.00
87,89,0.80
89,87,0.80
87,90,0.61
90,87,0.61
88,89,1.00
89,88,1.00
88,90,0.73
90,88,0.73
89,90,1.00
90,89,1.00
89,91,0.71
91,89,0.71
90,91,1.00
91,90,1.00
90,92,0.73
92,90,0.73
90,93,0.66
93,90,0.66
90,94,0.62
94,90,0.62
90,109,0.60
109,90,0.60
91,92,1.00
92,91,1.00
91,93,0.79
93,91,0.79
91,94,0.65
94,91,0.65
91,109,0.64
109,91,0.64
92,93,1.00
93,92,1.00
92,94,0.70
94,92,0.70
92,108,0.61
108,92,0.61
92,109,0.78
109,92,0.78
92,110,0.58
110,92,0.58
93,94,1.00
94,93,1.00
93,95,0.73
95,93,0.73
93,107,0.60
107,93,0.60
93,108,0.77
108,93,0.77
93,109,0.92
109,93,0.92
93,110,0.66
110,93,0.66
94,95,1.00
95,94,1.00
94,96,0.74
96,94,0.74
94,97,0.59
97,94,0.59
94,106,0.58
106,94,0.58
94,107,0.68
107,94,0.68
94,108,0.79
108,94,0.79
94,109,0.83
109,94,0.83
94,110,0.70
110,94,0.70
94,111,0.62
111,94,0.62
95,96,1.00
96,95,1.00
95,97,0.78
97,95,0.78
95,98,0.59
98,95,0.59
95,106,0.70
106,95,0.70
95,107,0.75
107,95,0.75
95,108,0.76
108,95,0.76
95,109,0.66
109,95,0.66
95,110,0.61
110,95,0.61
95,111,0.62
111,95,0.62
96,97,1.00
97,96,1.00
96,98,0.71
98,96,0.71
96,100,0.58
100,96,0.58
96,101,0.64
101,96,0.64
96,102,0.73
102,96,0.73
96,104,0.58
104,96,0.58
96,105,0.67
105,96,0.67
96,106,0.92
106,96,0.92
96,107,0.81
107,96,0.81
96,108,0.68
108,96,0.68
96,109,0.58
109,96,0.58
96,110,0.61
110,96,0.61
96,111,0.70
111,96,0.70
96,112,0.61
112,96,0.61
97,98,1.00
98,97,1.00
97,99,0.73
99,97,0.73
97,100,0.79
100,97,0.79
97,101,0.87
101,97,0.87
97,102,0.86
102,97,0.86
97,103,0.61
103,97,0.61
97,104,0.57
104,97,0.57
97,105,0.61
105,97,0.61
97,106,0.72
106,97,0.72
97,107,0.60
107,97,0.60
98,99,1.00
99,98,1.00
98,100,0.85
100,98,0.85
98,101,0.88
101,98,0.88
98,102,0.77
102,98,0.77
99,100,1.00
100,99,1.00
99,101,0.83
101,99,0.83
99,102,0.64
102,99,0.64
100,101,1.00
101,100,1.00
100,102,0.70
102,100,0.70
101,102,1.00
102,101,1.00
101,103,0.75
103,101,0.75
101,104,0.61
104,101,0.61
101,106,0.58
106,101,0.58
102,103,1.00
103,102,1.00
102,104,0.81
104,102,0.81
102,105,0.77
105,102,0.77
102,106,0.74
106,102,0.74
103,104,1.00
104,103,1.00
103,105,0.80
105,103,0.80
103,106,0.65
106,103,0.65
104,105,1.00
105,104,1.00
104,106,0.78
106,104,0.78
104,107,0.58
107,104,0.58
104,112,0.59
112,104,0.59
105,106,1.00
106,105,1.00
105,107,0.71
107,105,0.71
105,111,0.66
111,105,0.66
105,112,0.78
112,105,0.78
105,113,0.71
113,105,0.71
105,114,0.59
114,105,0.59
106,107,1.00
107,106,1.00
106,108,0.70
108,106,0.70
106,110,0.62
110,106,0.62
106,111,0.78
111,106,0.78
106,112,0.82
112,106,0.82
106,113,0.64
113,106,0.64
107,108,1.00
108,107,1.00
107,109,0.74
109,107,0.74
107,110,0.82
110,107,0.82
107,111,0.95
111,107,0.95
107,112,0.90
112,107,0.90
107,113,0.63
113,107,0.63
108,109,1.00
109,108,1.00
108,110,0.88
110,108,0.88
108,111,0.78
111,108,0.78
108,112,0.69
112,108,0.69
109,110,1.00
110,109,1.00
109,111,0.72
111,109,0.72
109,112,0.58
112,109,0.58
110,111,1.00
111,110,1.00
110,112,0.74
112,110,0.74
110,113,0.59
113,110,0.59
111,112,1.00
112,111,1.00
111,113,0.77
113,111,0.77
112,113,1.00
113,112,1.00
112,114,0.72
114,112,0.72
113,114,1.00
114,113,1.00
113,115,0.71
115,113,0.71
114,115,1.00
115,114,1.00
114,116,0.72
116,114,0.72
114,120,0.59
120,114,0.59
115,116,1.00
116,115,1.00
115,117,0.70
117,115,0.70
115,119,0.59
119,115,0.59
115,120,0.66
120,115,0.66
116,117,1.00
117,116,1.00
116,118,0.76
118,116,0.76
116,119,0.81
119,116,0.81
116,120,0.81
120,116,0.81
116,121,0.63
121,116,0.63
116,122,0.58
122,116,0.58
117,118,1.00
118,117,1.00
117,119,0.83
119,117,0.83
117,120,0.68
120,117,0.68
117,121,0.57
121,117,0.57
117,122,0.59
122,117,0.59
118,119,1.00
119,118,1.00
118,120,0.72
120,118,0.72
118,121,0.64
121,118,0.64
118,122,0.75
122,118,0.75
118,123,0.64
123,118,0.64
118,124,0.68
124,118,0.68
118,125,0.69
125,118,0.69
118,127,0.58
127,118,0.58
119,120,1.00
120,119,1.00
119,121,0.80
121,119,0.80
119,122,0.88
122,119,0.88
119,123,0.78
123,119,0.78
119,124,0.72
124,119,0.72
119,125,0.63
125,119,0.63
120,121,1.00
121,120,1.00
120,122,0.83
122,120,0.83
120,123,0.71
123,120,0.71
120,124,0.58
124,120,0.58
121,122,1.00
122,121,1.00
121,123,0.76
123,121,0.76
121,124,0.58
124,121,0.58
122,123,1.00
123,122,1.00
122,124,0.78
124,122,0.78
122,125,0.66
125,122,0.66
123,124,1.00
124,123,1.00
123,125,0.71
125,123,0.71
124,125,1.00
125,124,1.00
124,126,0.74
126,124,0.74
124,127,0.62
127,124,0.62
125,126,1.00
126,125,1.00
125,127,0.78
127,125,0.78
125,128,0.61
128,125,0.61
125,156,0.57
156,125,0.57
125,157,0.65
157,125,0.65
126,127,1.00
127,126,1.00
126,128,0.73
128,126,0.73
126,155,0.60
155,126,0.60
126,156,0.71
156,126,0.71
126,157,0.93
157,126,0.93
126,158,0.65
158,126,0.65
127,128,1.00
128,127,1.00
127,129,0.72
129,127,0.72
127,155,0.60
155,127,0.60
127,156,0.64
156,127,0.64
127,157,0.85
157,127,0.85
127,158,0.67
158,127,0.67
128,129,1.00
129,128,1.00
128,130,0.73
130,128,0.73
128,131,0.58
131,128,0.58
128,157,0.66
157,128,0.66
128,158,0.61
158,128,0.61
129,130,1.00
130,129,1.00
129,131,0.78
131,129,0.78
129,132,0.67
132,129,0.67
129,158,0.58
158,129,0.58
130,131,1.00
131,130,1.00
130,132,0.72
132,130,0.72
131,132,1.00
132,131,1.00
131,133,0.76
133,131,0.76
131,134,0.59
134,131,0.59
132,133,1.00
133,132,1.00
132,134,0.73
134,132,0.73
132,135,0.64
135,132,0.64
132,136,0.61
136,132,0.61
132,147,0.57
147,132,0.57
133,134,1.00
134,133,1.00
133,135,0.75
135,133,0.75
133,136,0.63
136,133,0.63
134,135,1.00
135,134,1.00
134,136,0.78
136,134,0.78
134,137,0.58
137,134,0.58
135,136,1.00
136,135,1.00
135,137,0.75
137,135,0.75
136,137,1.00
137,136,1.00
136,138,0.71
138,136,0.71
136,139,0.60
139,136,0.60
136,145,0.65
145,136,0.65
136,146,0.60
146,136,0.60
136,147,0.65
147,136,0.65
137,138,1.00
138,137,1.00
137,139,0.78
139,137,0.78
137,142,0.58
142,137,0.58
137,145,0.60
145,137,0.60
137,146,0.58
146,137,0.58
137,147,0.65
147,137,0.65
138,139,1.00
139,138,1.00
138,140,0.72
140,138,0.72
138,141,0.59
141,138,0.59
138,142,0.65
142,138,0.65
138,143,0.59
143,138,0.59
138,145,0.58
145,138,0.58
138,146,0.59
146,138,0.59
138,147,0.66
147,138,0.66
138,148,0.61
148,138,0.61
138,149,0.63
149,138,0.63
139,140,1.00
140,139,1.00
139,141,0.77
141,139,0.77
139,142,0.82
142,139,0.82
139,143,0.65
143,139,0.65
139,144,0.57
144,139,0.57
140,141,1.00
141,140,1.00
140,142,0.82
142,140,0.82
140,143,0.67
143,140,0.67
141,142,1.00
142,141,1.00
141,143,0.81
143,141,0.81
141,144,0.61
144,141,0.61
142,143,1.00
143,142,1.00
142,144,0.82
144,142,0.82
142,145,0.65
145,142,0.65
143,144,1.00
144,143,1.00
143,145,0.77
145,143,0.77
143,146,0.69
146,143,0.69
144,145,1.00
145,144,1.00
144,146,0.74
146,144,0.74
144,147,0.58
147,144,0.58
145,146,1.00
146,145,1.00
145,147,0.75
147,145,0.75
146,147,1.00
147,146,1.00
146,148,0.75
148,146,0.75
147,148,1.00
148,147,1.00
147,149,0.75
149,147,0.75
147,150,0.63
150,147,0.63
148,149,1.00
149,148,1.00
148,150,0.78
150,148,0.78
148,151,0.64
151,148,0.64
148,152,0.58
152,148,0.58
148,153,0.63
153,148,0.63
148,154,0.59
154,148,0.59
148,158,0.58
158,148,0.58
149,150,1.00
150,149,1.00
149,151,0.82
151,149,0.82
149,152,0.66
152,149,0.66
149,153,0.64
153,149,0.64
150,151,1.00
151,150,1.00
150,152,0.73
152,150,0.73
150,153,0.69
153,150,0.69
150,158,0.62
158,150,0.62
150,159,0.65
159,150,0.65
150,160,0.63
160,150,0.63
150,161,0.58
161,150,0.58
151,152,1.00
152,151,1.00
151,153,0.79
153,151,0.79
151,154,0.60
154,151,0.60
151,158,0.60
158,151,0.60
151,159,0.72
159,151,0.72
151,160,0.70
160,151,0.70
151,161,0.69
161,151,0.69
152,153,1.00
153,152,1.00
152,154,0.77
154,152,0.77
152,155,0.65
155,152,0.65
152,156,0.61
156,152,0.61
152,158,0.64
158,152,0.64
152,159,0.83
159,152,0.83
152,160,0.72
160,152,0.72
152,161,0.69
161,152,0.69
153,154,1.00
154,153,1.00
153,155,0.85
155,153,0.85
153,156,0.77
156,153,0.77
153,157,0.69
157,153,0.69
153,158,0.87
158,153,0.87
153,159,1.00
159,153,1.00
153,160,0.73
160,153,0.73
153,161,0.60
161,153,0.60
154,155,1.00
155,154,1.00
154,156,0.73
156,154,0.73
154,157,0.64
157,154,0.64
154,158,0.70
158,154,0.70
154,159,0.74
159,154,0.74
155,156,1.00
156,155,1.00
155,157,0.78
157,155,0.78
155,158,0.74
158,155,0.74
155,159,0.77
159,155,0.77
155,160,0.57
160,155,0.57
156,157,1.00
157,156,1.00
156,158,0.84
158,156,0.84
156,159,0.90
159,156,0.90
156,160,0.69
160,156,0.69
157,158,1.00
158,157,1.00
157,159,0.80
159,157,0.80
157,160,0.63
160,157,0.63
158,159,1.00
159,158,1.00
158,160,0.75
160,158,0.75
158,164,0.58
164,158,0.58
159,160,1.00
160,159,1.00
159,161,0.73
161,159,0.73
159,162,0.58
162,159,0.58
159,164,0.61
164,159,0.61
160,161,1.00
161,160,1.00
160,162,0.79
162,160,0.79
160,163,0.72
163,160,0.72
160,164,0.78
164,160,0.78
161,162,1.00
162,161,1.00
161,163,0.75
163,161,0.75
161,164,0.67
164,161,0.67
162,163,1.00
163,162,1.00
162,164,0.76
164,162,0.76
162,165,0.59
165,162,0.59
163,164,1.00
164,163,1.00
163,165,0.80
165,163,0.80
163,166,0.62
166,163,0.62
164,165,1.00
165,164,1.00
164,166,0.76
166,164,0.76
164,167,0.59
167,164,0.59
165,166,1.00
166,165,1.00
165,167,0.73
167,165,0.73
165,168,0.58
168,165,0.58
166,167,1.00
167,166,1.00
166,168,0.74
168,166,0.74
166,169,0.60
169,166,0.60
167,168,1.00
168,167,1.00
167,169,0.70
169,167,0.70
168,169,1.00
169,168,1.00
