2,3,1.00
3,2,1.00
2,4,0.72
4,2,0.72
3,4,1.00
4,3,1.00
3,5,0.72
5,3,0.72
3,6,0.59
6,3,0.59
4,5,1.00
5,4,1.00
4,6,0.76
6,4,0.76
4,7,0.58
7,4,0.58
5,6,1.00
6,5,1.00
5,7,0.79
7,5,0.79
5,8,0.59
8,5,0.59
6,7,1.00
7,6,1.00
6,8,0.78
8,6,0.78
6,9,0.59
9,6,0.59
7,8,1.00
8,7,1.00
7,9,0.74
9,7,0.74
7,13,0.58
13,7,0.58
8,9,1.00
9,8,1.00
8,10,0.72
10,8,0.72
8,11,0.65
11,8,0.65
8,12,0.65
12,8,0.65
8,13,0.71
13,8,0.71
8,14,0.66
14,8,0.66
9,10,1.00
10,9,1.00
9,11,0.78
11,9,0.78
9,12,0.68
12,9,0.68
9,13,0.74
13,9,0.74
9,14,0.76
14,9,0.76
9,15,0.67
15,9,0.67
9,16,0.60
16,9,0.60
9,17,0.64
17,9,0.64
10,11,1.00
11,10,1.00
10,12,0.72
12,10,0.72
10,13,0.71
13,10,0.71
10,14,0.70
14,10,0.70
10,15,0.71
15,10,0.71
10,16,0.63
16,10,0.63
10,17,0.64
17,10,0.64
11,12,1.00
12,11,1.00
11,13,0.84
13,11,0.84
11,14,0.71
14,11,0.71
11,15,0.71
15,11,0.71
12,13,1.00
13,12,1.00
12,14,0.71
14,12,0.71
12,15,0.63
15,12,0.63
13,14,1.00
14,13,1.00
13,15,0.76
15,13,0.76
14,15,1.00
15,14,1.00
14,16,0.73
16,14,0.73
14,17,0.64
17,14,0.64
15,16,1.00
16,15,1.00
15,17,0.75
17,15,0.75
15,18,0.58
18,15,0.58
16,17,1.00
17,16,1.00
16,18,0.79
18,16,0.79
16,19,0.69
19,16,0.69
17,18,1.00
18,17,1.00
17,19,0.72
19,17,0.72
18,19,1.00
19,18,1.00
18,20,0.73
20,18,0.73
18,21,0.70
21,18,0.70
18,22,0.66
22,18,0.66
19,20,1.00
20,19,1.00
19,21,0.80
21,19,0.80
19,22,0.65
22,19,0.65
20,21,1.00
21,20,1.00
20,22,0.73
22,20,0.73
20,23,0.62
23,20,0.62
21,22,1.00
22,21,1.00
21,23,0.74
23,21,0.74
22,23,1.00
23,22,1.00
22,24,0.75
24,22,0.75
23,24,1.00
24,23,1.00
23,25,0.74
25,23,0.74
23,26,0.60
26,23,0.60
24,25,1.00
25,24,1.00
24,26,0.79
26,24,0.79
24,27,0.65
27,24,0.65
25,26,1.00
26,25,1.00
25,27,0.77
27,25,0.77
25,28,0.64
28,25,0.64
25,29,0.63
29,25,0.63
26,27,1.00
27,26,1.00
26,28,0.84
28,26,0.84
26,29,0.77
29,26,0.77
26,33,0.58
33,26,0.58
27,28,1.00
28,27,1.00
27,29,0.74
29,27,0.74
27,46,0.65
46,27,0.65
27,47,0.58
47,27,0.58
27,49,0.61
49,27,0.61
28,29,1.00
29,28,1.00
28,30,0.72
30,28,0.72
28,33,0.67
33,28,0.67
28,34,0.65
34,28,0.65
28,35,0.64
35,28,0.64
28,36,0.67
36,28,0.67
28,46,0.68
46,28,0.68
28,47,0.67
47,28,0.67
28,48,0.67
48,28,0.67
28,49,0.80
49,28,0.80
28,50,0.67
50,28,0.67
29,30,1.00
30,29,1.00
29,31,0.77
31,29,0.77
29,32,0.75
32,29,0.75
29,33,0.91
33,29,0.91
29,34,0.80
34,29,0.80
29,35,0.69
35,29,0.69
29,36,0.63
36,29,0.63
29,48,0.57
48,29,0.57
29,49,0.69
49,29,0.69
29,50,0.70
50,29,0.70
29,51,0.65
51,29,0.65
29,52,0.68
52,29,0.68
30,31,1.00
31,30,1.00
30,32,0.83
32,30,0.83
30,33,0.92
33,30,0.92
30,34,0.94
34,30,0.94
30,35,0.77
35,30,0.77
30,36,0.61
36,30,0.61
30,49,0.66
49,30,0.66
30,50,0.77
50,30,0.77
30,51,0.85
51,30,0.85
30,52,1.00
52,30,1.00
30,53,0.70
53,30,0.70
31,32,1.00
32,31,1.00
31,33,0.81
33,31,0.81
31,34,0.71
34,31,0.71
31,35,0.57
35,31,0.57
31,50,0.62
50,31,0.62
31,51,0.70
51,31,0.70
31,52,0.92
52,31,0.92
31,53,0.70
53,31,0.70
31,77,0.59
77,31,0.59
32,33,1.00
33,32,1.00
32,34,0.74
34,32,0.74
32,52,0.70
52,32,0.70
32,53,0.60
53,32,0.60
33,34,1.00
34,33,1.00
33,35,0.71
35,33,0.71
33,36,0.59
36,33,0.59
33,51,0.58
51,33,0.58
33,52,0.70
52,33,0.70
33,53,0.59
53,33,0.59
34,35,1.00
35,34,1.00
34,36,0.74
36,34,0.74
34,37,0.62
37,34,0.62
34,50,0.60
50,34,0.60
34,51,0.67
51,34,0.67
34,52,0.80
52,34,0.80
34,53,0.69
53,34,0.69
34,55,0.59
55,34,0.59
34,75,0.58
75,34,0.58
35,36,1.00
36,35,1.00
35,37,0.84
37,35,0.84
35,38,0.62
38,35,0.62
35,39,0.59
39,35,0.59
35,47,0.64
47,35,0.64
35,48,0.66
48,35,0.66
35,49,0.65
49,35,0.65
35,50,0.65
50,35,0.65
35,51,0.70
51,35,0.70
35,52,0.71
52,35,0.71
35,53,0.63
53,35,0.63
35,55,0.63
55,35,0.63
36,37,1.00
37,36,1.00
36,38,0.79
38,36,0.79
36,39,0.80
39,36,0.80
36,40,0.60
40,36,0.60
36,44,0.65
44,36,0.65
36,45,0.63
45,36,0.63
36,46,0.72
46,36,0.72
36,47,0.86
47,36,0.86
36,48,0.77
48,36,0.77
36,49,0.67
49,36,0.67
36,50,0.59
50,36,0.59
37,38,1.00
38,37,1.00
37,39,0.79
39,37,0.79
37,40,0.60
40,37,0.60
37,44,0.59
44,37,0.59
37,46,0.59
46,37,0.59
37,47,0.70
47,37,0.70
37,48,0.65
48,37,0.65
38,39,1.00
39,38,1.00
38,40,0.73
40,38,0.73
38,41,0.60
41,38,0.60
38,42,0.58
42,38,0.58
38,43,0.57
43,38,0.57
38,44,0.70
44,38,0.70
38,45,0.65
45,38,0.65
38,46,0.60
46,38,0.60
38,47,0.66
47,38,0.66
39,40,1.00
40,39,1.00
39,41,0.76
41,39,0.76
39,42,0.69
42,39,0.69
39,43,0.67
43,39,0.67
39,44,0.92
44,39,0.92
39,45,0.95
45,39,0.95
39,46,0.81
46,39,0.81
39,47,0.81
47,39,0.81
39,48,0.61
48,39,0.61
40,41,1.00
41,40,1.00
40,42,0.74
42,40,0.74
40,43,0.63
43,40,0.63
40,44,0.78
44,40,0.78
40,45,1.00
45,40,1.00
40,46,0.78
46,40,0.78
40,47,0.73
47,40,0.73
41,42,1.00
42,41,1.00
41,43,0.72
43,41,0.72
41,44,0.76
44,41,0.76
41,45,0.90
45,41,0.90
41,46,0.64
46,41,0.64
42,43,1.00
43,42,1.00
42,44,0.86
44,42,0.86
42,45,0.78
45,42,0.78
43,44,1.00
44,43,1.00
43,45,0.73
45,43,0.73
44,45,1.00
45,44,1.00
44,46,0.76
46,44,0.76
44,47,0.63
47,44,0.63
45,46,1.00
46,45,1.00
45,47,0.76
47,45,0.76
46,47,1.00
47,46,1.00
46,48,0.71
48,46,0.71
46,49,0.61
49,46,0.61
47,48,1.00
48,47,1.00
47,49,0.75
49,47,0.75
48,49,1.00
49,48,1.00
48,50,0.73
50,48,0.73
48,51,0.59
51,48,0.59
49,50,1.00
50,49,1.00
49,51,0.70
51,49,0.70
50,51,1.00
51,50,1.00
50,52,0.73
52,50,0.73
51,52,1.00
52,51,1.00
51,53,0.76
53,51,0.76
51,54,0.64
54,51,0.64
51,55,0.67
55,51,0.67
51,56,0.63
56,51,0.63
52,53,1.00
53,52,1.00
52,54,0.72
54,52,0.72
52,55,0.69
55,52,0.69
52,56,0.57
56,52,0.57
52,77,0.60
77,52,0.60
53,54,1.00
54,53,1.00
53,55,0.86
55,53,0.86
53,56,0.63
56,53,0.63
53,74,0.58
74,53,0.58
53,75,0.72
75,53,0.72
53,76,0.70
76,53,0.70
53,77,0.72
77,53,0.72
54,55,1.00
55,54,1.00
54,56,0.74
56,54,0.74
54,73,0.63
73,54,0.63
54,74,0.61
74,54,0.61
54,75,0.68
75,54,0.68
54,76,0.65
76,54,0.65
54,77,0.64
77,54,0.64
55,56,1.00
56,55,1.00
55,57,0.72
57,55,0.72
55,72,0.60
72,55,0.60
55,73,0.63
73,55,0.63
55,75,0.63
75,55,0.63
56,57,1.00
57,56,1.00
56,58,0.71
58,56,0.71
57,58,1.00
58,57,1.00
57,59,0.75
59,57,0.75
57,60,0.64
60,57,0.64
57,61,0.66
61,57,0.66
57,62,0.65
62,57,0.65
58,59,1.00
59,58,1.00
58,60,0.72
60,58,0.72
58,61,0.69
61,58,0.69
58,62,0.68
62,58,0.68
59,60,1.00
60,59,1.00
59,61,0.81
61,59,0.81
59,62,0.70
62,59,0.70
60,61,1.00
61,60,1.00
60,62,0.72
62,60,0.72
60,63,0.62
63,60,0.62
60,64,0.59
64,60,0.59
60,65,0.66
65,60,0.66
60,66,0.62
66,60,0.62
61,62,1.00
62,61,1.00
61,63,0.83
63,61,0.83
61,64,0.77
64,61,0.77
61,65,0.78
65,61,0.78
61,66,0.70
66,61,0.70
61,71,0.61
71,61,0.61
62,63,1.00
63,62,1.00
62,64,0.76
64,62,0.76
62,65,0.65
65,62,0.65
63,64,1.00
64,63,1.00
63,65,0.74
65,63,0.74
63,66,0.59
66,63,0.59
64,65,1.00
65,64,1.00
64,66,0.75
66,64,0.75
65,66,1.00
66,65,1.00
65,67,0.74
67,65,0.74
65,68,0.58
68,65,0.58
66,67,1.00
67,66,1.00
66,68,0.76
68,66,0.76
66,69,0.65
69,66,0.65
66,70,0.67
70,66,0.67
66,71,0.72
71,66,0.72
67,68,1.00
68,67,1.00
67,69,0.72
69,67,0.72
67,70,0.64
70,67,0.64
67,71,0.62
71,67,0.62
68,69,1.00
69,68,1.00
68,70,0.75
70,68,0.75
68,71,0.63
71,68,0.63
69,70,1.00
70,69,1.00
69,71,0.72
71,69,0.72
70,71,1.00
71,70,1.00
70,72,0.74
72,70,0.74
71,72,1.00
72,71,1.00
71,73,0.74
73,71,0.74
72,73,1.00
73,72,1.00
72,74,0.75
74,72,0.75
72,75,0.64
75,72,0.64
73,74,1.00
74,73,1.00
73,75,0.77
75,73,0.77
73,76,0.61
76,73,0.61
74,75,1.00
75,74,1.00
74,76,0.80
76,74,0.80
74,77,0.59
77,74,0.59
75,76,1.00
76,75,1.00
75,77,0.71
77,75,0.71
75,78,0.57
78,75,0.57
76,77,1.00
77,76,1.00
76,78,0.78
78,76,0.78
76,79,0.58
79,76,0.58
77,78,1.00
78,77,1.00
77,79,0.72
79,77,0.72
78,79,1.00
79,78,1.00
78,80,0.71
80,78,0.71
79,80,1.00
80,79,1.00
79,81,0.74
81,79,0.74
80,81,1.00
81,80,1.00
80,82,0.72
82,80,0.72
81,82,1.00
82,81,1.00
81,83,0.72
83,81,0.72
82,83,1.00
83,82,1.00
82,84,0.72
84,82,0.72
82,85,0.58
85,82,0.58
83,84,1.00
84,83,1.00
83,85,0.81
85,83,0.81
83,86,0.75
86,83,0.75
84,85,1.00
85,84,1.00
84,86,0.75
86,84,0.75
84,87,0.59
87,84,0.59
85,86,1.00
86,85,1.00
85,87,0.80
87,85,0.80
85,88,0.62
88,85,0.62
85,90,0.69
90,85,0.69
85,91,0.61
91,85,0.61
86,87,1.00
87,86,1.00
86,88,0.71
88,86,0.71
86,89,0.58
89,86,0.58
86,90,0.66
90,86,0.66
87,88,1.00
88,87,1.00
87,89,0.76
89,87,0.76
87,90,0.85
90,87,0.85
87,91,0.62
91,87,0.62
88,89,1.00
89,88,1.00
88,90,0.86
90,88,0.86
88,91,0.61
91,88,0.61
89,90,1.00
90,89,1.00
89,91,0.74
91,89,0.74
89,92,0.67
92,89,0.67
90,91,1.00
91,90,1.00
90,92,0.81
92,90,0.81
90,93,0.61
93,90,0.61
91,92,1.00
92,91,1.00
91,93,0.77
93,91,0.77
91,94,0.58
94,91,0.58
91,104,0.68
104,91,0.68
91,105,0.67
105,91,0.67
91,108,0.58
108,91,0.58
91,110,0.61
110,91,0.61
92,93,1.00
93,92,1.00
92,94,0.73
94,92,0.73
92,95,0.60
95,92,0.60
92,104,0.74
104,92,0.74
92,105,0.76
105,92,0.76
92,106,0.58
106,92,0.58
93,94,1.00
94,93,1.00
93,95,0.75
95,93,0.75
93,96,0.60
96,93,0.60
93,103,0.66
103,93,0.66
93,104,0.91
104,93,0.91
93,105,0.80
105,93,0.80
93,106,0.59
106,93,0.59
93,107,0.59
107,93,0.59
93,110,0.63
110,93,0.63
94,95,1.00
95,94,1.00
94,96,0.75
96,94,0.75
94,103,0.68
103,94,0.68
94,104,0.91
104,94,0.91
94,105,0.84
105,94,0.84
94,106,0.63
106,94,0.63
94,107,0.61
107,94,0.61
95,96,1.00
96,95,1.00
95,97,0.75
97,95,0.75
95,102,0.71
102,95,0.71
95,103,0.84
103,95,0.84
95,104,0.99
104,95,0.99
95,105,0.90
105,95,0.90
95,106,0.76
106,95,0.76
95,107,0.78
107,95,0.78
95,108,0.59
108,95,0.59
95,109,0.60
109,95,0.60
96,97,1.00
97,96,1.00
96,98,0.77
98,96,0.77
96,101,0.66
101,96,0.66
96,102,0.81
102,96,0.81
96,103,0.85
103,96,0.85
96,104,0.77
104,96,0.77
96,105,0.64
105,96,0.64
96,106,0.60
106,96,0.60
96,107,0.69
107,96,0.69
96,109,0.61
109,96,0.61
96,114,0.61
114,96,0.61
96,116,0.58
116,96,0.58
96,117,0.65
117,96,0.65
97,98,1.00
98,97,1.00
97,99,0.74
99,97,0.74
97,100,0.71
100,97,0.71
97,101,0.81
101,97,0.81
97,102,0.96
102,97,0.96
97,103,0.76
103,97,0.76
97,104,0.62
104,97,0.62
97,106,0.58
106,97,0.58
97,107,0.68
107,97,0.68
97,109,0.59
109,97,0.59
98,99,1.00
99,98,1.00
98,100,0.81
100,98,0.81
98,101,0.87
101,98,0.87
98,102,0.78
102,98,0.78
98,103,0.63
103,98,0.63
98,114,0.62
114,98,0.62
98,115,0.65
115,98,0.65
98,116,0.60
116,98,0.60
98,117,0.57
117,98,0.57
99,100,1.00
100,99,1.00
99,101,0.81
101,99,0.81
99,102,0.65
102,99,0.65
100,101,1.00
101,100,1.00
100,102,0.75
102,100,0.75
101,102,1.00
102,101,1.00
101,103,0.73
103,101,0.73
101,107,0.65
107,101,0.65
101,108,0.62
108,101,0.62
101,109,0.71
109,101,0.71
101,111,0.58
111,101,0.58
101,114,0.58
114,101,0.58
102,103,1.00
103,102,1.00
102,104,0.71
104,102,0.71
102,105,0.59
105,102,0.59
102,106,0.66
106,102,0.66
102,107,0.91
107,102,0.91
102,108,0.76
108,102,0.76
102,109,0.83
109,102,0.83
102,110,0.63
110,102,0.63
102,111,0.59
111,102,0.59
103,104,1.00
104,103,1.00
103,105,0.72
105,103,0.72
103,106,0.71
106,103,0.71
103,107,1.00
107,103,1.00
103,108,0.86
108,103,0.86
103,109,1.00
109,103,1.00
103,110,0.82
110,103,0.82
103,111,0.70
111,103,0.70
103,114,0.58
114,103,0.58
104,105,1.00
105,104,1.00
104,106,0.82
106,104,0.82
104,107,0.90
107,104,0.90
104,108,0.75
108,104,0.75
104,109,0.76
109,104,0.76
104,110,0.73
110,104,0.73
104,111,0.59
111,104,0.59
105,106,1.00
106,105,1.00
105,107,0.82
107,105,0.82
105,108,0.66
108,105,0.66
105,109,0.59
109,105,0.59
106,107,1.00
107,106,1.00
106,108,0.75
108,106,0.75
106,109,0.61
109,106,0.61
107,108,1.00
108,107,1.00
107,109,0.83
109,107,0.83
107,110,0.64
110,107,0.64
108,109,1.00
109,108,1.00
108,110,0.74
110,108,0.74
108,111,0.58
111,108,0.58
109,110,1.00
110,109,1.00
109,111,0.79
111,109,0.79
109,112,0.58
112,109,0.58
110,111,1.00
111,110,1.00
110,112,0.75
112,110,0.75
110,113,0.62
113,110,0.62
110,114,0.57
114,110,0.57
111,112,1.00
112,111,1.00
111,113,0.84
113,111,0.84
111,114,0.73
114,111,0.73
112,113,1.00
113,112,1.00
112,114,0.73
114,112,0.73
113,114,1.00
114,113,1.00
113,115,0.72
115,113,0.72
113,116,0.61
116,113,0.61
114,115,1.00
115,114,1.00
114,116,0.79
116,114,0.79
114,117,0.68
117,114,0.68
115,116,1.00
116,115,1.00
115,117,0.72
117,115,0.72
115,118,0.57
118,115,0.57
115,120,0.58
120,115,0.58
115,121,0.64
121,115,0.64
116,117,1.00
117,116,1.00
116,118,0.78
118,116,0.78
116,119,0.76
119,116,0.76
116,120,0.73
120,116,0.73
116,121,0.80
121,116,0.80
116,122,0.60
122,116,0.60
116,125,0.64
125,116,0.64
116,126,0.58
126,116,0.58
116,127,0.59
127,116,0.59
117,118,1.00
118,117,1.00
117,119,0.77
119,117,0.77
117,120,0.66
120,117,0.66
117,121,0.69
121,117,0.69
117,125,0.68
125,117,0.68
117,126,0.65
126,117,0.65
117,127,0.75
127,117,0.75
118,119,1.00
119,118,1.00
118,120,0.72
120,118,0.72
118,121,0.66
121,118,0.66
118,125,0.74
125,118,0.74
118,126,0.85
126,118,0.85
118,127,1.00
127,118,1.00
118,128,0.70
128,118,0.70
118,129,0.59
129,118,0.59
118,130,0.60
130,118,0.60
119,120,1.00
120,119,1.00
119,121,0.77
121,119,0.77
119,122,0.59
122,119,0.59
119,124,0.62
124,119,0.62
119,125,0.83
125,119,0.83
119,126,0.93
126,119,0.93
119,127,0.82
127,119,0.82
119,128,0.61
128,119,0.61
119,129,0.57
129,119,0.57
119,130,0.62
130,119,0.62
120,121,1.00
121,120,1.00
120,122,0.76
122,120,0.76
120,123,0.63
123,120,0.63
120,124,0.74
124,120,0.74
120,125,0.88
125,120,0.88
120,126,0.79
126,120,0.79
120,127,0.63
127,120,0.63
121,122,1.00
122,121,1.00
121,123,0.77
123,121,0.77
121,124,0.82
124,121,0.82
121,125,0.93
125,121,0.93
121,126,0.68
126,121,0.68
121,127,0.59
127,121,0.59
122,123,1.00
123,122,1.00
122,124,0.84
124,122,0.84
122,125,0.74
125,122,0.74
123,124,1.00
124,123,1.00
123,125,0.72
125,123,0.72
123,133,0.67
133,123,0.67
124,125,1.00
125,124,1.00
124,126,0.73
126,124,0.73
124,127,0.57
127,124,0.57
124,130,0.64
130,124,0.64
124,132,0.66
132,124,0.66
124,133,0.84
133,124,0.84
124,134,0.61
134,124,0.61
125,126,1.00
126,125,1.00
125,127,0.77
127,125,0.77
125,128,0.60
128,125,0.60
125,129,0.57
129,125,0.57
125,130,0.73
130,125,0.73
125,131,0.58
131,125,0.58
125,132,0.59
132,125,0.59
125,133,0.66
133,125,0.66
126,127,1.00
127,126,1.00
126,128,0.79
128,126,0.79
126,129,0.77
129,126,0.77
126,130,0.95
130,126,0.95
126,131,0.68
131,126,0.68
126,132,0.61
132,126,0.61
126,133,0.62
133,126,0.62
127,128,1.00
128,127,1.00
127,129,0.77
129,127,0.77
127,130,0.79
130,127,0.79
127,131,0.57
131,127,0.57
128,129,1.00
129,128,1.00
128,130,0.85
130,128,0.85
128,131,0.63
131,128,0.63
129,130,1.00
130,129,1.00
129,131,0.82
131,129,0.82
129,132,0.60
132,129,0.60
130,131,1.00
131,130,1.00
130,132,0.78
132,130,0.78
130,133,0.67
133,130,0.67
131,132,1.00
132,131,1.00
131,133,0.73
133,131,0.73
131,134,0.63
134,131,0.63
132,133,1.00
133,132,1.00
132,134,0.87
134,132,0.87
132,135,0.63
135,132,0.63
133,134,1.00
134,133,1.00
133,135,0.72
135,133,0.72
134,135,1.00
135,134,1.00
134,136,0.74
136,134,0.74
135,136,1.00
136,135,1.00
135,137,0.73
137,135,0.73
136,137,1.00
137,136,1.00
136,138,0.71
138,136,0.71
137,138,1.00
138,137,1.00
137,139,0.75
139,137,0.75
137,140,0.61
140,137,0.61
137,141,0.70
141,137,0.70
138,139,1.00
139,138,1.00
138,140,0.83
140,138,0.83
138,141,0.88
141,138,0.88
138,142,0.63
142,138,0.63
139,140,1.00
140,139,1.00
139,141,0.86
141,139,0.86
139,142,0.62
142,139,0.62
140,141,1.00
141,140,1.00
140,142,0.74
142,140,0.74
141,142,1.00
142,141,1.00
141,143,0.72
143,141,0.72
142,143,1.00
143,142,1.00
142,144,0.73
144,142,0.73
142,154,0.67
154,142,0.67
142,155,0.66
155,142,0.66
143,144,1.00
144,143,1.00
143,145,0.71
145,143,0.71
143,146,0.58
146,143,0.58
143,154,0.60
154,143,0.60
143,155,0.66
155,143,0.66
144,145,1.00
145,144,1.00
144,146,0.80
146,144,0.80
144,147,0.62
147,144,0.62
144,154,0.63
154,144,0.63
144,155,0.78
155,144,0.78
144,156,0.68
156,144,0.68
144,157,0.58
157,144,0.58
145,146,1.00
146,145,1.00
145,147,0.70
147,145,0.70
145,155,0.62
155,145,0.62
145,156,0.63
156,145,0.63
146,147,1.00
147,146,1.00
146,148,0.75
148,146,0.75
146,149,0.71
149,146,0.71
146,155,0.68
155,146,0.68
146,156,0.77
156,146,0.77
146,157,0.59
157,146,0.59
147,148,1.00
148,147,1.00
147,149,0.79
149,147,0.79
147,150,0.61
150,147,0.61
147,155,0.63
155,147,0.63
147,156,0.72
156,147,0.72
148,149,1.00
149,148,1.00
148,150,0.71
150,148,0.71
148,151,0.58
151,148,0.58
148,156,0.68
156,148,0.68
149,150,1.00
150,149,1.00
149,151,0.73
151,149,0.73
149,155,0.61
155,149,0.61
149,156,0.83
156,149,0.83
149,157,0.69
157,149,0.69
149,158,0.67
158,149,0.67
150,151,1.00
151,150,1.00
150,152,0.72
152,150,0.72
150,153,0.60
153,150,0.60
150,155,0.63
155,150,0.63
150,156,0.83
156,150,0.83
150,157,0.78
157,150,0.78
150,158,0.87
158,150,0.87
150,159,0.62
159,150,0.62
151,152,1.00
152,151,1.00
151,153,0.84
153,151,0.84
151,154,0.75
154,151,0.75
151,155,0.75
155,151,0.75
151,156,0.91
156,151,0.91
151,157,0.94
157,151,0.94
151,158,1.00
158,151,1.00
151,159,0.69
159,151,0.69
151,160,0.58
160,151,0.58
152,153,1.00
153,152,1.00
152,154,0.73
154,152,0.73
152,155,0.63
155,152,0.63
152,156,0.67
156,152,0.67
152,157,0.79
157,152,0.79
152,158,0.93
158,152,0.93
152,159,0.73
159,152,0.73
152,160,0.65
160,152,0.65
153,154,1.00
154,153,1.00
153,155,0.73
155,153,0.73
153,156,0.70
156,153,0.70
153,157,0.83
157,153,0.83
153,158,0.77
158,153,0.77
153,159,0.68
159,153,0.68
153,160,0.70
160,153,0.70
154,155,1.00
155,154,1.00
154,156,0.80
156,154,0.80
154,157,0.81
157,154,0.81
154,158,0.64
158,154,0.64
154,160,0.58
160,154,0.58
155,156,1.00
156,155,1.00
155,157,0.79
157,155,0.79
155,158,0.61
158,155,0.61
156,157,1.00
157,156,1.00
156,158,0.76
158,156,0.76
156,159,0.60
159,156,0.60
157,158,1.00
158,157,1.00
157,159,0.84
159,157,0.84
157,160,0.72
160,157,0.72
158,159,1.00
159,158,1.00
158,160,0.73
160,158,0.73
159,160,1.00
160,159,1.00
159,161,0.71
161,159,0.71
160,161,1.00
161,160,1.00
160,162,0.74
162,160,0.74
161,162,1.00
162,161,1.00
161,163,0.72
163,161,0.72
161,164,0.60
164,161,0.60
161,168,0.64
168,161,0.64
161,169,0.73
169,161,0.73
162,163,1.00
163,162,1.00
162,164,0.76
164,162,0.76
162,165,0.61
165,162,0.61
162,166,0.58
166,162,0.58
162,167,0.60
167,162,0.60
162,168,0.71
168,162,0.71
162,169,0.70
169,162,0.70
163,164,1.00
164,163,1.00
163,165,0.81
165,163,0.81
163,166,0.80
166,163,0.80
163,167,0.82
167,163,0.82
163,168,0.94
168,163,0.94
163,169,0.75
169,163,0.75
164,165,1.00
165,164,1.00
164,166,0.82
166,164,0.82
164,167,0.89
167,164,0.89
164,168,0.80
168,164,0.80
164,169,0.68
169,164,0.68
165,166,1.00
166,165,1.00
165,167,0.84
167,165,0.84
165,168,0.66
168,165,0.66
166,167,1.00
167,166,1.00
166,168,0.76
168,166,0.76
167,168,1.00
168,167,1.00
167,169,0.72
169,167,0.72
168,169,1.00
169,168,1.00
