2,3,1.00
3,2,1.00
2,4,0.73
4,2,0.73
3,4,1.00
4,3,1.00
3,5,0.74
5,3,0.74
4,5,1.00
5,4,1.00
4,6,0.74
6,4,0.74
4,7,0.59
7,4,0.59
5,6,1.00
6,5,1.00
5,7,0.78
7,5,0.78
5,8,0.59
8,5,0.59
6,7,1.00
7,6,1.00
6,8,0.74
8,6,0.74
7,8,1.00
8,7,1.00
7,9,0.71
9,7,0.71
7,10,0.60
10,7,0.60
7,11,0.60
11,7,0.60
7,25,0.61
25,7,0.61
7,28,0.57
28,7,0.57
8,9,1.00
9,8,1.00
8,10,0.84
10,8,0.84
8,11,0.81
11,8,0.81
8,12,0.60
12,8,0.60
8,15,0.58
15,8,0.58
8,25,0.64
25,8,0.64
8,27,0.58
27,8,0.58
8,28,0.63
28,8,0.63
8,29,0.59
29,8,0.59
8,30,0.59
30,8,0.59
9,10,1.00
10,9,1.00
9,11,0.82
11,9,0.82
9,12,0.65
12,9,0.65
9,24,0.59
24,9,0.59
9,25,0.68
25,9,0.68
9,26,0.67
26,9,0.67
9,27,0.74
27,9,0.74
9,28,0.76
28,9,0.76
9,29,0.70
29,9,0.70
9,30,0.61
30,9,0.61
10,11,1.00
11,10,1.00
10,12,0.77
12,10,0.77
10,13,0.67
13,10,0.67
10,14,0.69
14,10,0.69
10,15,0.65
15,10,0.65
10,27,0.58
27,10,0.58
10,28,0.58
28,10,0.58
10,29,0.59
29,10,0.59
11,12,1.00
12,11,1.00
11,13,0.78
13,11,0.78
11,14,0.83
14,11,0.83
11,15,0.89
15,11,0.89
11,16,0.71
16,11,0.71
11,17,0.61
17,11,0.61
12,13,1.00
13,12,1.00
12,14,0.84
14,12,0.84
12,15,0.83
15,12,0.83
12,16,0.72
16,12,0.72
12,17,0.59
17,12,0.59
13,14,1.00
14,13,1.00
13,15,0.79
15,13,0.79
13,16,0.64
16,13,0.64
14,15,1.00
15,14,1.00
14,16,0.70
16,14,0.70
15,16,1.00
16,15,1.00
15,17,0.72
17,15,0.72
15,18,0.59
18,15,0.59
16,17,1.00
17,16,1.00
16,18,0.79
18,16,0.79
16,19,0.59
19,16,0.59
17,18,1.00
18,17,1.00
17,19,0.75
19,17,0.75
17,20,0.74
20,17,0.74
17,21,0.71
21,17,0.71
17,22,0.64
22,17,0.64
18,19,1.00
19,18,1.00
18,20,0.78
20,18,0.78
18,21,0.64
21,18,0.64
19,20,1.00
20,19,1.00
19,21,0.70
21,19,0.70
20,21,1.00
21,20,1.00
20,22,0.73
22,20,0.73
21,22,1.00
22,21,1.00
21,23,0.73
23,21,0.73
21,24,0.60
24,21,0.60
22,23,1.00
23,22,1.00
22,24,0.75
24,22,0.75
22,25,0.62
25,22,0.62
23,24,1.00
24,23,1.00
23,25,0.78
25,23,0.78
23,26,0.58
26,23,0.58
24,25,1.00
25,24,1.00
24,26,0.75
26,24,0.75
24,27,0.58
27,24,0.58
25,26,1.00
26,25,1.00
25,27,0.72
27,25,0.72
25,28,0.64
28,25,0.64
26,27,1.00
27,26,1.00
26,28,0.78
28,26,0.78
26,29,0.58
29,26,0.58
27,28,1.00
28,27,1.00
27,29,0.74
29,27,0.74
28,29,1.00
29,28,1.00
28,30,0.78
30,28,0.78
28,31,0.61
31,28,0.61
29,30,1.00
30,29,1.00
29,31,0.81
31,29,0.81
29,32,0.59
32,29,0.59
30,31,1.00
31,30,1.00
30,32,0.74
32,30,0.74
30,33,0.66
33,30,0.66
31,32,1.00
32,31,1.00
31,33,0.78
33,31,0.78
31,34,0.59
34,31,0.59
32,33,1.00
33,32,1.00
32,34,0.79
34,32,0.79
32,35,0.61
35,32,0.61
33,34,1.00
34,33,1.00
33,35,0.81
35,33,0.81
33,36,0.68
36,33,0.68
33,37,0.63
37,33,0.63
34,35,1.00
35,34,1.00
34,36,0.72
36,34,0.72
34,37,0.65
37,34,0.65
35,36,1.00
36,35,1.00
35,37,0.80
37,35,0.80
35,38,0.58
38,35,0.58
36,37,1.00
37,36,1.00
36,38,0.71
38,36,0.71
37,38,1.00
38,37,1.00
37,39,0.76
39,37,0.76
37,40,0.72
40,37,0.72
38,39,1.00
39,38,1.00
38,40,0.77
40,38,0.77
38,41,0.59
41,38,0.59
38,45,0.57
45,38,0.57
38,46,0.64
46,38,0.64
38,47,0.74
47,38,0.74
38,48,0.59
48,38,0.59
39,40,1.00
40,39,1.00
39,41,0.80
41,39,0.80
39,42,0.61
42,39,0.61
39,43,0.60
43,39,0.60
39,44,0.70
44,39,0.70
39,45,0.76
45,39,0.76
39,46,0.77
46,39,0.77
39,47,0.77
47,39,0.77
40,41,1.00
41,40,1.00
40,42,0.73
42,40,0.73
40,43,0.65
43,40,0.65
40,44,0.67
44,40,0.67
40,45,0.67
45,40,0.67
40,46,0.60
46,40,0.60
41,42,1.00
42,41,1.00
41,43,0.80
43,41,0.80
41,44,0.79
44,41,0.79
41,45,0.77
45,41,0.77
41,46,0.61
46,41,0.61
41,61,0.60
61,41,0.60
41,62,0.70
62,41,0.70
41,63,0.67
63,41,0.67
42,43,1.00
43,42,1.00
42,44,0.79
44,42,0.79
42,45,0.67
45,42,0.67
42,61,0.64
61,42,0.64
42,62,0.86
62,42,0.86
42,63,0.78
63,42,0.78
42,64,0.68
64,42,0.68
42,65,0.65
65,42,0.65
42,66,0.61
66,42,0.61
43,44,1.00
44,43,1.00
43,45,0.71
45,43,0.71
43,46,0.58
46,43,0.58
43,60,0.60
60,43,0.60
43,61,0.75
61,43,0.75
43,62,0.96
62,43,0.96
43,63,0.70
63,43,0.70
43,64,0.62
64,43,0.62
43,65,0.67
65,43,0.67
43,66,0.70
66,43,0.70
44,45,1.00
45,44,1.00
44,46,0.80
46,44,0.80
44,47,0.59
47,44,0.59
44,59,0.63
59,44,0.63
44,60,0.81
60,44,0.81
44,61,0.93
61,44,0.93
44,62,0.91
62,44,0.91
44,63,0.68
63,44,0.68
44,65,0.58
65,44,0.58
44,66,0.67
66,44,0.67
44,67,0.58
67,44,0.58
45,46,1.00
46,45,1.00
45,47,0.72
47,45,0.72
45,59,0.67
59,45,0.67
45,60,0.97
60,45,0.97
45,61,0.86
61,45,0.86
45,62,0.75
62,45,0.75
45,63,0.67
63,45,0.67
45,66,0.58
66,45,0.58
46,47,1.00
47,46,1.00
46,48,0.72
48,46,0.72
46,49,0.61
49,46,0.61
46,56,0.70
56,46,0.70
46,57,0.63
57,46,0.63
46,58,0.59
58,46,0.59
46,59,0.66
59,46,0.66
46,60,0.86
60,46,0.86
46,61,0.68
61,46,0.68
46,62,0.57
62,46,0.57
47,48,1.00
48,47,1.00
47,49,0.71
49,47,0.71
47,55,0.58
55,47,0.58
47,56,0.64
56,47,0.64
47,57,0.58
57,47,0.58
47,60,0.62
60,47,0.62
48,49,1.00
49,48,1.00
48,50,0.76
50,48,0.76
48,51,0.65
51,48,0.65
48,55,0.67
55,48,0.67
48,56,0.68
56,48,0.68
48,57,0.61
57,48,0.61
49,50,1.00
50,49,1.00
49,51,0.74
51,49,0.74
49,52,0.63
52,49,0.63
49,53,0.58
53,49,0.58
49,54,0.68
54,49,0.68
49,55,0.91
55,49,0.91
49,56,0.78
56,49,0.78
49,57,0.68
57,49,0.68
50,51,1.00
51,50,1.00
50,52,0.79
52,50,0.79
50,53,0.65
53,50,0.65
50,54,0.69
54,50,0.69
50,55,0.80
55,50,0.80
50,56,0.62
56,50,0.62
51,52,1.00
52,51,1.00
51,53,0.71
53,51,0.71
51,54,0.65
54,51,0.65
51,55,0.65
55,51,0.65
52,53,1.00
53,52,1.00
52,54,0.77
54,52,0.77
52,55,0.67
55,52,0.67
53,54,1.00
54,53,1.00
53,55,0.72
55,53,0.72
53,56,0.58
56,53,0.58
54,55,1.00
55,54,1.00
54,56,0.79
56,54,0.79
54,57,0.59
57,54,0.59
55,56,1.00
56,55,1.00
55,57,0.76
57,55,0.76
55,58,0.59
58,55,0.59
56,57,1.00
57,56,1.00
56,58,0.79
58,56,0.79
56,59,0.69
59,56,0.69
56,60,0.65
60,56,0.65
57,58,1.00
58,57,1.00
57,59,0.75
59,57,0.75
57,60,0.66
60,57,0.66
58,59,1.00
59,58,1.00
58,60,0.76
60,58,0.76
58,61,0.60
61,58,0.60
58,73,0.58
73,58,0.58
59,60,1.00
60,59,1.00
59,61,0.83
61,59,0.83
59,62,0.59
62,59,0.59
59,66,0.61
66,59,0.61
59,67,0.73
67,59,0.73
59,68,0.58
68,59,0.58
59,71,0.60
71,59,0.60
59,73,0.63
73,59,0.63
60,61,1.00
61,60,1.00
60,62,0.71
62,60,0.71
60,63,0.63
63,60,0.63
60,66,0.64
66,60,0.64
60,67,0.66
67,60,0.66
61,62,1.00
62,61,1.00
61,63,0.78
63,61,0.78
61,64,0.62
64,61,0.62
61,65,0.67
65,61,0.67
61,66,0.90
66,61,0.90
61,67,0.84
67,61,0.84
61,68,0.61
68,61,0.61
61,70,0.61
70,61,0.61
61,71,0.66
71,61,0.66
62,63,1.00
63,62,1.00
62,64,0.81
64,62,0.81
62,65,0.87
65,62,0.87
62,66,0.99
66,62,0.99
62,67,0.72
67,62,0.72
62,70,0.62
70,62,0.62
62,71,0.61
71,62,0.61
63,64,1.00
64,63,1.00
63,65,0.81
65,63,0.81
63,66,0.80
66,63,0.80
63,67,0.63
67,63,0.63
64,65,1.00
65,64,1.00
64,66,0.78
66,64,0.78
64,67,0.59
67,64,0.59
64,70,0.59
70,64,0.59
65,66,1.00
66,65,1.00
65,67,0.70
67,65,0.70
65,68,0.63
68,65,0.63
65,69,0.66
69,65,0.66
65,70,0.79
70,65,0.79
65,71,0.63
71,65,0.63
66,67,1.00
67,66,1.00
66,68,0.76
68,66,0.76
66,69,0.71
69,66,0.71
66,70,0.90
70,66,0.90
66,71,0.81
71,66,0.81
66,72,0.60
72,66,0.60
67,68,1.00
68,67,1.00
67,69,0.79
69,67,0.79
67,70,0.87
70,67,0.87
67,71,0.94
71,67,0.94
67,72,0.74
72,67,0.74
67,73,0.65
73,67,0.65
68,69,1.00
69,68,1.00
68,70,0.82
70,68,0.82
68,71,0.76
71,68,0.76
68,72,0.69
72,68,0.69
69,70,1.00
70,69,1.00
69,71,0.77
71,69,0.77
69,72,0.68
72,69,0.68
70,71,1.00
71,70,1.00
70,72,0.73
72,70,0.73
70,73,0.59
73,70,0.59
71,72,1.00
72,71,1.00
71,73,0.81
73,71,0.81
71,74,0.63
74,71,0.63
71,75,0.57
75,71,0.57
72,73,1.00
73,72,1.00
72,74,0.83
74,72,0.83
72,75,0.68
75,72,0.68
72,76,0.62
76,72,0.62
73,74,1.00
74,73,1.00
73,75,0.74
75,73,0.74
73,76,0.59
76,73,0.59
74,75,1.00
75,74,1.00
74,76,0.72
76,74,0.72
74,77,0.65
77,74,0.65
74,78,0.67
78,74,0.67
75,76,1.00
76,75,1.00
75,77,0.85
77,75,0.85
75,78,0.77
78,75,0.77
75,79,0.58
79,75,0.58
76,77,1.00
77,76,1.00
76,78,0.73
78,76,0.73
77,78,1.00
78,77,1.00
77,79,0.73
79,77,0.73
77,98,0.58
98,77,0.58
77,99,0.70
99,77,0.70
78,79,1.00
79,78,1.00
78,80,0.72
80,78,0.72
78,99,0.64
99,78,0.64
79,80,1.00
80,79,1.00
79,81,0.76
81,79,0.76
79,82,0.66
82,79,0.66
79,97,0.61
97,79,0.61
79,98,0.60
98,79,0.60
79,99,0.65
99,79,0.65
80,81,1.00
81,80,1.00
80,82,0.73
82,80,0.73
80,83,0.58
83,80,0.58
81,82,1.00
82,81,1.00
81,83,0.79
83,81,0.79
81,84,0.69
84,81,0.69
81,96,0.60
96,81,0.60
82,83,1.00
83,82,1.00
82,84,0.85
84,82,0.85
82,85,0.61
85,82,0.61
82,93,0.58
93,82,0.58
82,94,0.64
94,82,0.64
82,95,0.67
95,82,0.67
82,96,0.81
96,82,0.81
82,97,0.67
97,82,0.67
82,98,0.58
98,82,0.58
83,84,1.00
84,83,1.00
83,85,0.72
85,83,0.72
83,86,0.72
86,83,0.72
83,87,0.63
87,83,0.63
83,92,0.65
92,83,0.65
83,93,0.71
93,83,0.71
83,94,0.71
94,83,0.71
83,95,0.66
95,83,0.66
83,96,0.67
96,83,0.67
84,85,1.00
85,84,1.00
84,86,0.84
86,84,0.84
84,87,0.68
87,84,0.68
84,88,0.59
88,84,0.59
84,89,0.66
89,84,0.66
84,90,0.60
90,84,0.60
84,91,0.63
91,84,0.63
84,92,0.74
92,84,0.74
84,93,0.68
93,84,0.68
84,94,0.64
94,84,0.64
84,95,0.65
95,84,0.65
84,96,0.65
96,84,0.65
85,86,1.00
86,85,1.00
85,87,0.75
87,85,0.75
85,88,0.69
88,85,0.69
85,89,0.90
89,85,0.90
85,90,0.84
90,85,0.84
85,91,0.82
91,85,0.82
85,92,0.89
92,85,0.89
85,93,0.69
93,85,0.69
85,94,0.60
94,85,0.60
85,95,0.61
95,85,0.61
86,87,1.00
87,86,1.00
86,88,0.77
88,86,0.77
86,89,0.87
89,86,0.87
86,90,0.79
90,86,0.79
86,91,0.97
91,86,0.97
86,92,0.93
92,86,0.93
86,93,0.82
93,86,0.82
86,94,0.63
94,86,0.63
87,88,1.00
88,87,1.00
87,89,0.85
89,87,0.85
87,90,0.66
90,87,0.66
87,91,0.73
91,87,0.73
87,92,0.65
92,87,0.65
87,93,0.62
93,87,0.62
88,89,1.00
89,88,1.00
88,90,0.70
90,88,0.70
88,91,0.67
91,88,0.67
89,90,1.00
90,89,1.00
89,91,0.82
91,89,0.82
89,92,0.67
92,89,0.67
90,91,1.00
91,90,1.00
90,92,0.77
92,90,0.77
90,93,0.58
93,90,0.58
91,92,1.00
92,91,1.00
91,93,0.76
93,91,0.76
91,94,0.58
94,91,0.58
92,93,1.00
93,92,1.00
92,94,0.79
94,92,0.79
92,95,0.75
95,92,0.75
92,96,0.59
96,92,0.59
93,94,1.00
94,93,1.00
93,95,0.77
95,93,0.77
93,96,0.60
96,93,0.60
94,95,1.00
95,94,1.00
94,96,0.76
96,94,0.76
94,97,0.58
97,94,0.58
95,96,1.00
96,95,1.00
95,97,0.72
97,95,0.72
95,98,0.61
98,95,0.61
95,102,0.58
102,95,0.58
96,97,1.00
97,96,1.00
96,98,0.75
98,96,0.75
96,99,0.58
99,96,0.58
96,102,0.60
102,96,0.60
97,98,1.00
98,97,1.00
97,99,0.73
99,97,0.73
97,100,0.60
100,97,0.60
97,101,0.58
101,97,0.58
97,102,0.67
102,97,0.67
98,99,1.00
99,98,1.00
98,100,0.84
100,98,0.84
98,101,0.78
101,98,0.78
98,102,0.86
102,98,0.86
98,103,0.62
103,98,0.62
98,107,0.57
107,98,0.57
98,120,0.59
120,98,0.59
98,122,0.60
122,98,0.60
98,138,0.62
138,98,0.62
99,100,1.00
100,99,1.00
99,101,0.76
101,99,0.76
99,102,0.69
102,99,0.69
99,120,0.62
120,99,0.62
99,121,0.65
121,99,0.65
99,122,0.66
122,99,0.66
99,123,0.64
123,99,0.64
99,137,0.58
137,99,0.58
99,138,0.80
138,99,0.80
99,139,0.66
139,99,0.66
100,101,1.00
101,100,1.00
100,102,0.79
102,100,0.79
100,103,0.61
103,100,0.61
100,107,0.60
107,100,0.60
100,114,0.58
114,100,0.58
100,115,0.58
115,100,0.58
100,119,0.67
119,100,0.67
100,120,0.87
120,100,0.87
100,121,0.86
121,100,0.86
100,122,0.77
122,100,0.77
100,123,0.66
123,100,0.66
100,137,0.63
137,100,0.63
100,138,0.85
138,100,0.85
100,139,0.73
139,100,0.73
100,140,0.58
140,100,0.58
101,102,1.00
102,101,1.00
101,103,0.83
103,101,0.83
101,104,0.67
104,101,0.67
101,105,0.58
105,101,0.58
101,107,0.72
107,101,0.72
101,108,0.59
108,101,0.59
101,112,0.57
112,101,0.57
101,119,0.69
119,101,0.69
101,120,1.00
120,101,1.00
101,121,0.87
121,101,0.87
101,122,0.86
122,101,0.86
101,123,0.65
123,101,0.65
101,137,0.59
137,101,0.59
101,138,0.71
138,101,0.71
101,139,0.59
139,101,0.59
102,103,1.00
103,102,1.00
102,104,0.70
104,102,0.70
102,105,0.60
105,102,0.60
102,106,0.62
106,102,0.62
102,107,0.88
107,102,0.88
102,108,0.74
108,102,0.74
102,111,0.64
111,102,0.64
102,112,0.62
112,102,0.62
102,120,0.74
120,102,0.74
102,121,0.61
121,102,0.61
102,122,0.63
122,102,0.63
103,104,1.00
104,103,1.00
103,105,0.75
105,103,0.75
103,106,0.69
106,103,0.69
103,107,0.92
107,103,0.92
103,108,0.92
108,103,0.92
103,109,0.64
109,103,0.64
103,111,0.61
111,103,0.61
103,112,0.58
112,103,0.58
103,120,0.70
120,103,0.70
103,122,0.59
122,103,0.59
104,105,1.00
105,104,1.00
104,106,0.77
106,104,0.77
104,107,0.82
107,104,0.82
104,108,0.89
108,104,0.89
104,109,0.67
109,104,0.67
104,120,0.66
120,104,0.66
104,147,0.64
147,104,0.64
105,106,1.00
106,105,1.00
105,107,0.83
107,105,0.83
105,108,0.82
108,105,0.82
105,109,0.73
109,105,0.73
105,110,0.67
110,105,0.67
105,111,0.63
111,105,0.63
105,112,0.66
112,105,0.66
105,119,0.60
119,105,0.60
105,120,0.62
120,105,0.62
105,146,0.59
146,105,0.59
105,147,0.77
147,105,0.77
105,148,0.73
148,105,0.73
105,149,0.61
149,105,0.61
106,107,1.00
107,106,1.00
106,108,0.87
108,106,0.87
106,109,0.85
109,106,0.85
106,110,0.91
110,106,0.91
106,111,0.87
111,106,0.87
106,112,0.90
112,106,0.90
106,113,0.63
113,106,0.63
106,119,0.59
119,106,0.59
106,120,0.60
120,106,0.60
106,147,0.62
147,106,0.62
106,148,0.68
148,106,0.68
107,108,1.00
108,107,1.00
107,109,0.79
109,107,0.79
107,110,0.77
110,107,0.77
107,111,0.93
111,107,0.93
107,112,0.87
112,107,0.87
107,113,0.65
113,107,0.65
107,119,0.60
119,107,0.60
107,120,0.68
120,107,0.68
108,109,1.00
109,108,1.00
108,110,0.77
110,108,0.77
108,111,0.76
111,108,0.76
108,112,0.65
112,108,0.65
109,110,1.00
110,109,1.00
109,111,0.80
111,109,0.80
109,112,0.63
112,109,0.63
110,111,1.00
111,110,1.00
110,112,0.78
112,110,0.78
110,113,0.61
113,110,0.61
111,112,1.00
112,111,1.00
111,113,0.79
113,111,0.79
111,114,0.60
114,111,0.60
112,113,1.00
113,112,1.00
112,114,0.79
114,112,0.79
112,115,0.69
115,112,0.69
112,119,0.63
119,112,0.63
112,120,0.61
120,112,0.61
113,114,1.00
114,113,1.00
113,115,0.72
115,113,0.72
113,119,0.57
119,113,0.57
114,115,1.00
115,114,1.00
114,116,0.79
116,114,0.79
114,117,0.62
117,114,0.62
114,118,0.62
118,114,0.62
114,119,0.68
119,114,0.68
114,120,0.60
120,114,0.60
115,116,1.00
116,115,1.00
115,117,0.84
117,115,0.84
115,118,0.87
118,115,0.87
115,119,0.89
119,115,0.89
115,120,0.67
120,115,0.67
116,117,1.00
117,116,1.00
116,118,0.85
118,116,0.85
116,119,0.72
119,116,0.72
116,120,0.57
120,116,0.57
117,118,1.00
118,117,1.00
117,119,0.72
119,117,0.72
117,142,0.62
142,117,0.62
117,144,0.58
144,117,0.58
118,119,1.00
119,118,1.00
118,120,0.70
120,118,0.70
118,121,0.65
121,118,0.65
118,140,0.58
140,118,0.58
118,141,0.65
141,118,0.65
118,142,0.80
142,118,0.80
118,143,0.71
143,118,0.71
118,144,0.73
144,118,0.73
119,120,1.00
120,119,1.00
119,121,0.78
121,119,0.78
119,122,0.59
122,119,0.59
119,141,0.57
141,119,0.57
119,142,0.72
142,119,0.72
119,143,0.66
143,119,0.66
119,144,0.71
144,119,0.71
119,147,0.63
147,119,0.63
119,148,0.61
148,119,0.61
120,121,1.00
121,120,1.00
120,122,0.77
122,120,0.77
120,123,0.58
123,120,0.58
120,137,0.58
137,120,0.58
120,138,0.66
138,120,0.66
120,139,0.61
139,120,0.61
120,142,0.67
142,120,0.67
120,143,0.59
143,120,0.59
120,144,0.61
144,120,0.61
121,122,1.00
122,121,1.00
121,123,0.75
123,121,0.75
121,124,0.58
124,121,0.58
121,135,0.61
135,121,0.61
121,136,0.74
136,121,0.74
121,137,0.81
137,121,0.81
121,138,0.88
138,121,0.88
121,139,0.79
139,121,0.79
121,140,0.74
140,121,0.74
121,141,0.67
141,121,0.67
121,142,0.78
142,121,0.78
121,143,0.63
143,121,0.63
122,123,1.00
123,122,1.00
122,124,0.77
124,122,0.77
122,135,0.62
135,122,0.62
122,136,0.84
136,122,0.84
122,137,0.87
137,122,0.87
122,138,0.90
138,122,0.90
122,139,0.68
139,122,0.68
122,140,0.62
140,122,0.62
122,142,0.61
142,122,0.61
123,124,1.00
124,123,1.00
123,125,0.71
125,123,0.71
123,135,0.63
135,123,0.63
123,136,0.88
136,123,0.88
123,137,1.00
137,123,1.00
123,138,0.97
138,123,0.97
123,139,0.69
139,123,0.69
123,140,0.63
140,123,0.63
124,125,1.00
125,124,1.00
124,126,0.72
126,124,0.72
124,134,0.58
134,124,0.58
124,135,0.64
135,124,0.64
124,136,0.85
136,124,0.85
124,137,0.79
137,124,0.79
124,138,0.66
138,124,0.66
125,126,1.00
126,125,1.00
125,127,0.73
127,125,0.73
125,134,0.58
134,125,0.58
125,135,0.61
135,125,0.61
125,136,0.71
136,125,0.71
125,137,0.65
137,125,0.65
126,127,1.00
127,126,1.00
126,128,0.72
128,126,0.72
126,129,0.67
129,126,0.67
126,133,0.58
133,126,0.58
127,128,1.00
128,127,1.00
127,129,0.78
129,127,0.78
127,130,0.60
130,127,0.60
128,129,1.00
129,128,1.00
128,130,0.71
130,128,0.71
129,130,1.00
130,129,1.00
129,131,0.78
131,129,0.78
129,132,0.63
132,129,0.63
129,133,0.65
133,129,0.65
130,131,1.00
131,130,1.00
130,132,0.72
132,130,0.72
130,133,0.73
133,130,0.73
131,132,1.00
132,131,1.00
131,133,0.85
133,131,0.85
131,134,0.62
134,131,0.62
132,133,1.00
133,132,1.00
132,134,0.79
134,132,0.79
132,135,0.59
135,132,0.59
133,134,1.00
134,133,1.00
133,135,0.78
135,133,0.78
133,136,0.62
136,133,0.62
134,135,1.00
135,134,1.00
134,136,0.78
136,134,0.78
134,137,0.58
137,134,0.58
135,136,1.00
136,135,1.00
135,137,0.78
137,135,0.78
135,138,0.57
138,135,0.57
135,140,0.69
140,135,0.69
135,141,0.74
141,135,0.74
135,142,0.70
142,135,0.70
135,143,0.61
143,135,0.61
136,137,1.00
137,136,1.00
136,138,0.72
138,136,0.72
136,139,0.64
139,136,0.64
136,140,0.70
140,136,0.70
136,141,0.66
141,136,0.66
136,142,0.66
142,136,0.66
137,138,1.00
138,137,1.00
137,139,0.87
139,137,0.87
137,140,0.86
140,137,0.86
137,141,0.68
141,137,0.68
137,142,0.64
142,137,0.64
138,139,1.00
139,138,1.00
138,140,0.77
140,138,0.77
138,141,0.60
141,138,0.60
138,142,0.58
142,138,0.58
139,140,1.00
140,139,1.00
139,141,0.71
141,139,0.71
139,142,0.63
142,139,0.63
140,141,1.00
141,140,1.00
140,142,0.78
142,140,0.78
141,142,1.00
142,141,1.00
141,143,0.71
143,141,0.71
142,143,1.00
143,142,1.00
142,144,0.74
144,142,0.74
142,145,0.60
145,142,0.60
143,144,1.00
144,143,1.00
143,145,0.82
145,143,0.82
143,146,0.62
146,143,0.62
143,147,0.59
147,143,0.59
144,145,1.00
145,144,1.00
144,146,0.83
146,144,0.83
144,147,0.80
147,144,0.80
144,148,0.64
148,144,0.64
145,146,1.00
146,145,1.00
145,147,0.79
147,145,0.79
145,148,0.59
148,145,0.59
146,147,1.00
147,146,1.00
146,148,0.72
148,146,0.72
146,149,0.66
149,146,0.66
147,148,1.00
148,147,1.00
147,149,0.78
149,147,0.78
147,150,0.58
150,147,0.58
148,149,1.00
149,148,1.00
148,150,0.75
150,148,0.75
149,150,1.00
150,149,1.00
149,151,0.73
151,149,0.73
149,152,0.60
152,149,0.60
150,151,1.00
151,150,1.00
150,152,0.82
152,150,0.82
150,153,0.61
153,150,0.61
150,154,0.57
154,150,0.57
150,155,0.65
155,150,0.65
151,152,1.00
152,151,1.00
151,153,0.71
153,151,0.71
151,154,0.60
154,151,0.60
151,155,0.60
155,151,0.60
152,153,1.00
153,152,1.00
152,154,0.80
154,152,0.80
152,155,0.73
155,152,0.73
153,154,1.00
154,153,1.00
153,155,0.77
155,153,0.77
153,156,0.59
156,153,0.59
154,155,1.00
155,154,1.00
154,156,0.79
156,154,0.79
154,157,0.60
157,154,0.60
154,158,0.58
158,154,0.58
154,166,0.58
166,154,0.58
155,156,1.00
156,155,1.00
155,157,0.75
157,155,0.75
155,158,0.63
158,155,0.63
156,157,1.00
157,156,1.00
156,158,0.83
158,156,0.83
156,159,0.63
159,156,0.63
157,158,1.00
158,157,1.00
157,159,0.73
159,157,0.73
158,159,1.00
159,158,1.00
158,160,0.72
160,158,0.72
158,167,0.62
167,158,0.62
158,168,0.65
168,158,0.65
158,169,0.59
169,158,0.59
159,160,1.00
160,159,1.00
159,161,0.76
161,159,0.76
159,162,0.59
162,159,0.59
159,164,0.68
164,159,0.68
159,165,0.62
165,159,0.62
159,166,0.60
166,159,0.60
159,167,0.66
167,159,0.66
159,168,0.62
168,159,0.62
160,161,1.00
161,160,1.00
160,162,0.81
162,160,0.81
160,163,0.70
163,160,0.70
160,164,0.87
164,160,0.87
160,165,0.81
165,160,0.81
160,166,0.70
166,160,0.70
160,167,0.80
167,160,0.80
160,168,0.65
168,160,0.65
161,162,1.00
162,161,1.00
161,163,0.79
163,161,0.79
161,164,0.81
164,161,0.81
161,165,0.68
165,161,0.68
161,167,0.60
167,161,0.60
162,163,1.00
163,162,1.00
162,164,0.83
164,162,0.83
162,165,0.76
165,162,0.76
162,166,0.57
166,162,0.57
162,167,0.60
167,162,0.60
163,164,1.00
164,163,1.00
163,165,0.82
165,163,0.82
163,166,0.59
166,163,0.59
164,165,1.00
165,164,1.00
164,166,0.73
166,164,0.73
164,167,0.65
167,164,0.65
165,166,1.00
166,165,1.00
165,167,0.84
167,165,0.84
165,168,0.60
168,165,0.60
166,167,1.00
167,166,1.00
166,168,0.73
168,166,0.73
167,168,1.00
168,167,1.00
167,169,0.72
169,167,0.72
168,169,1.00
169,168,1.00
