2,3,1.00
3,2,1.00
2,4,0.71
4,2,0.71
3,4,1.00
4,3,1.00
3,5,0.74
5,3,0.74
4,5,1.00
5,4,1.00
4,6,0.72
6,4,0.72
5,6,1.00
6,5,1.00
5,7,0.73
7,5,0.73
6,7,1.00
7,6,1.00
6,8,0.72
8,6,0.72
7,8,1.00
8,7,1.00
7,9,0.73
9,7,0.73
7,10,0.58
10,7,0.58
8,9,1.00
9,8,1.00
8,10,0.80
10,8,0.80
8,11,0.61
11,8,0.61
8,14,0.58
14,8,0.58
9,10,1.00
10,9,1.00
9,11,0.79
11,9,0.79
9,12,0.60
12,9,0.60
9,13,0.64
13,9,0.64
9,14,0.77
14,9,0.77
9,15,0.62
15,9,0.62
10,11,1.00
11,10,1.00
10,12,0.76
12,10,0.76
10,13,0.85
13,10,0.85
10,14,0.86
14,10,0.86
10,15,0.67
15,10,0.67
10,16,0.57
16,10,0.57
11,12,1.00
12,11,1.00
11,13,0.86
13,11,0.86
11,14,0.84
14,11,0.84
11,15,0.80
15,11,0.80
11,16,0.63
16,11,0.63
12,13,1.00
13,12,1.00
12,14,0.84
14,12,0.84
12,15,0.90
15,12,0.90
12,16,0.81
16,12,0.81
12,17,0.60
17,12,0.60
13,14,1.00
14,13,1.00
13,15,0.81
15,13,0.81
13,16,0.83
16,13,0.83
13,17,0.61
17,13,0.61
13,18,0.59
18,13,0.59
14,15,1.00
15,14,1.00
14,16,0.86
16,14,0.86
14,17,0.62
17,14,0.62
14,18,0.60
18,14,0.60
14,19,0.60
19,14,0.60
15,16,1.00
16,15,1.00
15,17,0.71
17,15,0.71
15,18,0.61
18,15,0.61
16,17,1.00
17,16,1.00
16,18,0.82
18,16,0.82
16,19,0.68
19,16,0.68
17,18,1.00
18,17,1.00
17,19,0.73
19,17,0.73
17,101,0.65
101,17,0.65
17,102,0.64
102,17,0.64
17,103,0.67
103,17,0.67
18,19,1.00
19,18,1.00
18,20,0.76
20,18,0.76
18,21,0.59
21,18,0.59
18,100,0.58
100,18,0.58
18,101,0.75
101,18,0.75
18,102,0.84
102,18,0.84
18,103,0.85
103,18,0.85
18,104,0.63
104,18,0.63
19,20,1.00
20,19,1.00
19,21,0.79
21,19,0.79
19,22,0.62
22,19,0.62
19,101,0.61
101,19,0.61
19,102,0.79
102,19,0.79
19,103,0.92
103,19,0.92
19,104,0.74
104,19,0.74
19,167,0.61
167,19,0.61
19,168,0.63
168,19,0.63
19,169,0.67
169,19,0.67
20,21,1.00
21,20,1.00
20,22,0.82
22,20,0.82
20,23,0.62
23,20,0.62
20,101,0.58
101,20,0.58
20,102,0.76
102,20,0.76
20,103,0.75
103,20,0.75
20,104,0.64
104,20,0.64
20,167,0.59
167,20,0.59
21,22,1.00
22,21,1.00
21,23,0.73
23,21,0.73
21,102,0.58
102,21,0.58
21,103,0.62
103,21,0.62
21,104,0.61
104,21,0.61
21,166,0.61
166,21,0.61
21,167,0.70
167,21,0.70
21,168,0.63
168,21,0.63
22,23,1.00
23,22,1.00
22,24,0.73
24,22,0.73
22,166,0.63
166,22,0.63
22,167,0.63
167,22,0.63
23,24,1.00
24,23,1.00
23,25,0.76
25,23,0.76
23,26,0.59
26,23,0.59
24,25,1.00
25,24,1.00
24,26,0.74
26,24,0.74
24,27,0.59
27,24,0.59
25,26,1.00
26,25,1.00
25,27,0.74
27,25,0.74
25,28,0.59
28,25,0.59
26,27,1.00
27,26,1.00
26,28,0.82
28,26,0.82
26,29,0.59
29,26,0.59
27,28,1.00
28,27,1.00
27,29,0.74
29,27,0.74
27,30,0.58
30,27,0.58
28,29,1.00
29,28,1.00
28,30,0.76
30,28,0.76
28,31,0.63
31,28,0.63
28,37,0.63
37,28,0.63
28,38,0.63
38,28,0.63
29,30,1.00
30,29,1.00
29,31,0.72
31,29,0.72
29,35,0.71
35,29,0.71
29,36,0.66
36,29,0.66
29,37,0.66
37,29,0.66
29,38,0.62
38,29,0.62
30,31,1.00
31,30,1.00
30,32,0.76
32,30,0.76
30,33,0.64
33,30,0.64
30,34,0.65
34,30,0.65
30,35,0.82
35,30,0.82
30,36,0.80
36,30,0.80
30,37,0.75
37,30,0.75
30,38,0.61
38,30,0.61
31,32,1.00
32,31,1.00
31,33,0.71
33,31,0.71
31,34,0.63
34,31,0.63
31,35,0.76
35,31,0.76
31,36,0.94
36,31,0.94
31,37,0.93
37,31,0.93
31,38,0.66
38,31,0.66
32,33,1.00
33,32,1.00
32,34,0.75
34,32,0.75
32,35,0.78
35,32,0.78
32,36,0.94
36,32,0.94
32,37,0.75
37,32,0.75
33,34,1.00
34,33,1.00
33,35,0.85
35,33,0.85
33,36,0.84
36,33,0.84
33,37,0.61
37,33,0.61
34,35,1.00
35,34,1.00
34,36,0.77
36,34,0.77
35,36,1.00
36,35,1.00
35,37,0.71
37,35,0.71
35,38,0.62
38,35,0.62
36,37,1.00
37,36,1.00
36,38,0.76
38,36,0.76
36,39,0.61
39,36,0.61
37,38,1.00
38,37,1.00
37,39,0.82
39,37,0.82
37,40,0.59
40,37,0.59
38,39,1.00
39,38,1.00
38,40,0.74
40,38,0.74
39,40,1.00
40,39,1.00
39,41,0.72
41,39,0.72
40,41,1.00
41,40,1.00
40,42,0.75
42,40,0.75
40,43,0.74
43,40,0.74
41,42,1.00
42,41,1.00
41,43,0.79
43,41,0.79
41,44,0.61
44,41,0.61
42,43,1.00
43,42,1.00
42,44,0.84
44,42,0.84
42,45,0.64
45,42,0.64
42,46,0.59
46,42,0.59
43,44,1.00
44,43,1.00
43,45,0.70
45,43,0.70
43,46,0.58
46,43,0.58
44,45,1.00
45,44,1.00
44,46,0.75
46,44,0.75
44,47,0.58
47,44,0.58
44,58,0.60
58,44,0.60
45,46,1.00
46,45,1.00
45,47,0.80
47,45,0.80
45,48,0.63
48,45,0.63
45,57,0.58
57,45,0.58
45,58,0.77
58,45,0.77
45,59,0.66
59,45,0.66
46,47,1.00
47,46,1.00
46,48,0.78
48,46,0.78
46,49,0.64
49,46,0.64
46,58,0.67
58,46,0.67
46,59,0.66
59,46,0.66
47,48,1.00
48,47,1.00
47,49,0.70
49,47,0.70
47,58,0.73
58,47,0.73
47,59,0.86
59,47,0.86
47,60,0.69
60,47,0.69
48,49,1.00
49,48,1.00
48,50,0.71
50,48,0.71
48,51,0.58
51,48,0.58
48,55,0.66
55,48,0.66
48,56,0.58
56,48,0.58
48,58,0.71
58,48,0.71
48,59,0.90
59,48,0.90
48,60,0.83
60,48,0.83
48,61,0.59
61,48,0.59
49,50,1.00
50,49,1.00
49,51,0.74
51,49,0.74
49,52,0.61
52,49,0.61
49,53,0.57
53,49,0.57
49,55,0.64
55,49,0.64
49,58,0.59
58,49,0.59
49,59,0.68
59,49,0.68
49,60,0.69
60,49,0.69
50,51,1.00
51,50,1.00
50,52,0.72
52,50,0.72
50,53,0.63
53,50,0.63
50,55,0.64
55,50,0.64
50,59,0.58
59,50,0.58
50,60,0.59
60,50,0.59
51,52,1.00
52,51,1.00
51,53,0.81
53,51,0.81
51,54,0.64
54,51,0.64
51,55,0.68
55,51,0.68
52,53,1.00
53,52,1.00
52,54,0.71
54,52,0.71
52,55,0.64
55,52,0.64
53,54,1.00
54,53,1.00
53,55,0.81
55,53,0.81
53,56,0.59
56,53,0.59
53,60,0.64
60,53,0.64
53,61,0.61
61,53,0.61
53,62,0.63
62,53,0.63
53,63,0.60
63,53,0.60
53,86,0.60
86,53,0.60
54,55,1.00
55,54,1.00
54,56,0.72
56,54,0.72
54,59,0.62
59,54,0.62
54,60,0.82
60,54,0.82
54,61,0.86
61,54,0.86
54,62,0.88
62,54,0.88
54,63,0.77
63,54,0.77
54,64,0.58
64,54,0.58
54,87,0.57
87,54,0.57
55,56,1.00
56,55,1.00
55,57,0.70
57,55,0.70
55,58,0.69
58,55,0.69
55,59,0.80
59,55,0.80
55,60,0.97
60,55,0.97
55,61,0.88
61,55,0.88
55,62,0.72
62,55,0.72
55,63,0.63
63,55,0.63
55,86,0.59
86,55,0.59
55,87,0.60
87,55,0.60
56,57,1.00
57,56,1.00
56,58,0.81
58,56,0.81
56,59,0.82
59,56,0.82
56,60,0.80
60,56,0.80
56,61,0.84
61,56,0.84
56,62,0.64
62,56,0.64
56,63,0.60
63,56,0.60
56,86,0.58
86,56,0.58
56,87,0.63
87,56,0.63
57,58,1.00
58,57,1.00
57,59,0.84
59,57,0.84
57,60,0.68
60,57,0.68
57,61,0.67
61,57,0.67
58,59,1.00
59,58,1.00
58,60,0.71
60,58,0.71
58,61,0.61
61,58,0.61
59,60,1.00
60,59,1.00
59,61,0.77
61,59,0.77
60,61,1.00
61,60,1.00
60,62,0.74
62,60,0.74
60,63,0.58
63,60,0.58
61,62,1.00
62,61,1.00
61,63,0.76
63,61,0.76
61,64,0.67
64,61,0.67
62,63,1.00
63,62,1.00
62,64,0.81
64,62,0.81
62,65,0.61
65,62,0.61
62,66,0.60
66,62,0.60
63,64,1.00
64,63,1.00
63,65,0.76
65,63,0.76
63,66,0.73
66,63,0.73
63,67,0.69
67,63,0.69
63,68,0.67
68,63,0.67
63,69,0.76
69,63,0.76
63,70,0.66
70,63,0.66
64,65,1.00
65,64,1.00
64,66,0.79
66,64,0.79
64,67,0.66
67,64,0.66
64,68,0.66
68,64,0.66
64,69,0.67
69,64,0.67
65,66,1.00
66,65,1.00
65,67,0.79
67,65,0.79
65,68,0.77
68,65,0.77
65,69,0.66
69,65,0.66
66,67,1.00
67,66,1.00
66,68,0.76
68,66,0.76
66,69,0.64
69,66,0.64
66,70,0.62
70,66,0.62
67,68,1.00
68,67,1.00
67,69,0.80
69,67,0.80
67,70,0.85
70,67,0.85
67,71,0.76
71,67,0.76
68,69,1.00
69,68,1.00
68,70,0.87
70,68,0.87
68,71,0.76
71,68,0.76
69,70,1.00
70,69,1.00
69,71,0.74
71,69,0.74
69,87,0.64
87,69,0.64
69,88,0.71
88,69,0.71
70,71,1.00
71,70,1.00
70,72,0.74
72,70,0.74
70,73,0.65
73,70,0.65
71,72,1.00
72,71,1.00
71,73,0.73
73,71,0.73
71,74,0.61
74,71,0.61
72,73,1.00
73,72,1.00
72,74,0.80
74,72,0.80
72,75,0.61
75,72,0.61
73,74,1.00
74,73,1.00
73,75,0.71
75,73,0.71
74,75,1.00
75,74,1.00
74,76,0.72
76,74,0.72
74,77,0.58
77,74,0.58
75,76,1.00
76,75,1.00
75,77,0.81
77,75,0.81
75,78,0.63
78,75,0.63
76,77,1.00
77,76,1.00
76,78,0.73
78,76,0.73
77,78,1.00
78,77,1.00
77,79,0.75
79,77,0.75
77,80,0.74
80,77,0.74
77,84,0.60
84,77,0.60
78,79,1.00
79,78,1.00
78,80,0.78
80,78,0.78
78,81,0.58
81,78,0.58
79,80,1.00
80,79,1.00
79,81,0.74
81,79,0.74
79,82,0.58
82,79,0.58
79,83,0.59
83,79,0.59
79,84,0.61
84,79,0.61
80,81,1.00
81,80,1.00
80,82,0.77
82,80,0.77
80,83,0.82
83,80,0.82
80,84,0.78
84,80,0.78
80,85,0.61
85,80,0.61
80,90,0.59
90,80,0.59
81,82,1.00
82,81,1.00
81,83,0.87
83,81,0.87
81,84,0.69
84,81,0.69
81,90,0.60
90,81,0.60
82,83,1.00
83,82,1.00
82,84,0.76
84,82,0.76
82,85,0.62
85,82,0.62
82,89,0.58
89,82,0.58
82,90,0.75
90,82,0.75
82,91,0.59
91,82,0.59
82,92,0.65
92,82,0.65
83,84,1.00
84,83,1.00
83,85,0.72
85,83,0.72
83,89,0.75
89,83,0.75
83,90,0.92
90,83,0.92
83,91,0.65
91,83,0.65
83,92,0.64
92,83,0.64
84,85,1.00
85,84,1.00
84,86,0.70
86,84,0.70
84,87,0.65
87,84,0.65
84,88,0.69
88,84,0.69
84,89,0.84
89,84,0.84
84,90,0.98
90,84,0.98
84,91,0.78
91,84,0.78
84,92,0.70
92,84,0.70
85,86,1.00
86,85,1.00
85,87,0.83
87,85,0.83
85,88,0.74
88,85,0.74
85,89,0.78
89,85,0.78
85,90,0.91
90,85,0.91
85,91,0.98
91,85,0.98
85,92,0.84
92,85,0.84
85,93,0.68
93,85,0.68
86,87,1.00
87,86,1.00
86,88,0.74
88,86,0.74
86,89,0.65
89,86,0.65
86,90,0.67
90,86,0.67
86,91,0.83
91,86,0.83
86,92,0.69
92,86,0.69
86,93,0.63
93,86,0.63
87,88,1.00
88,87,1.00
87,89,0.77
89,87,0.77
87,90,0.69
90,87,0.69
87,91,0.87
91,87,0.87
87,92,0.64
92,87,0.64
88,89,1.00
89,88,1.00
88,90,0.74
90,88,0.74
88,91,0.78
91,88,0.78
89,90,1.00
90,89,1.00
89,91,0.84
91,89,0.84
89,92,0.64
92,89,0.64
90,91,1.00
91,90,1.00
90,92,0.85
92,90,0.85
90,93,0.61
93,90,0.61
91,92,1.00
92,91,1.00
91,93,0.73
93,91,0.73
92,93,1.00
93,92,1.00
92,94,0.72
94,92,0.72
93,94,1.00
94,93,1.00
93,95,0.74
95,93,0.74
94,95,1.00
95,94,1.00
94,96,0.74
96,94,0.74
95,96,1.00
96,95,1.00
95,97,0.76
97,95,0.76
95,98,0.61
98,95,0.61
96,97,1.00
97,96,1.00
96,98,0.78
98,96,0.78
96,99,0.61
99,96,0.61
97,98,1.00
98,97,1.00
97,99,0.83
99,97,0.83
97,100,0.75
100,97,0.75
97,101,0.58
101,97,0.58
98,99,1.00
99,98,1.00
98,100,0.73
100,98,0.73
98,101,0.60
101,98,0.60
99,100,1.00
100,99,1.00
99,101,0.82
101,99,0.82
99,102,0.72
102,99,0.72
100,101,1.00
101,100,1.00
100,102,0.71
102,100,0.71
101,102,1.00
102,101,1.00
101,103,0.74
103,101,0.74
102,103,1.00
103,102,1.00
102,104,0.71
104,102,0.71
103,104,1.00
104,103,1.00
103,105,0.71
105,103,0.71
103,167,0.60
167,103,0.60
103,168,0.57
168,103,0.57
103,169,0.59
169,103,0.59
104,105,1.00
105,104,1.00
104,106,0.74
106,104,0.74
104,107,0.59
107,104,0.59
104,109,0.64
109,104,0.64
104,110,0.57
110,104,0.57
104,166,0.61
166,104,0.61
104,167,0.75
167,104,0.75
104,168,0.69
168,104,0.69
104,169,0.67
169,104,0.67
105,106,1.00
106,105,1.00
105,107,0.76
107,105,0.76
105,108,0.71
108,105,0.71
105,109,0.76
109,105,0.76
105,110,0.68
110,105,0.68
105,166,0.63
166,105,0.63
105,167,0.70
167,105,0.70
105,168,0.60
168,105,0.60
106,107,1.00
107,106,1.00
106,108,0.78
108,106,0.78
106,109,0.70
109,106,0.70
106,110,0.60
110,106,0.60
106,167,0.60
167,106,0.60
107,108,1.00
108,107,1.00
107,109,0.75
109,107,0.75
107,110,0.59
110,107,0.59
107,167,0.59
167,107,0.59
108,109,1.00
109,108,1.00
108,110,0.75
110,108,0.75
108,111,0.65
111,108,0.65
108,133,0.61
133,108,0.61
108,162,0.59
162,108,0.59
108,164,0.62
164,108,0.62
108,165,0.69
165,108,0.69
108,166,0.71
166,108,0.71
108,167,0.66
167,108,0.66
109,110,1.00
110,109,1.00
109,111,0.73
111,109,0.73
109,132,0.68
132,109,0.68
109,133,0.78
133,109,0.78
109,134,0.57
134,109,0.57
109,164,0.68
164,109,0.68
109,165,0.83
165,109,0.83
109,166,1.00
166,109,1.00
109,167,0.82
167,109,0.82
109,168,0.62
168,109,0.62
110,111,1.00
111,110,1.00
110,112,0.71
112,110,0.71
110,131,0.63
131,110,0.63
110,132,0.90
132,110,0.90
110,133,0.88
133,110,0.88
110,134,0.62
134,110,0.62
110,164,0.63
164,110,0.63
110,165,0.70
165,110,0.70
110,166,0.86
166,110,0.86
110,167,0.66
167,110,0.66
111,112,1.00
112,111,1.00
111,113,0.70
113,111,0.70
111,131,0.72
131,111,0.72
111,132,0.96
132,111,0.96
111,133,0.74
133,111,0.74
111,134,0.58
134,111,0.58
111,164,0.57
164,111,0.57
111,166,0.62
166,111,0.62
112,113,1.00
113,112,1.00
112,114,0.72
114,112,0.72
112,129,0.60
129,112,0.60
112,130,0.61
130,112,0.61
112,131,0.81
131,112,0.81
112,132,0.85
132,112,0.85
112,133,0.61
133,112,0.61
113,114,1.00
114,113,1.00
113,115,0.73
115,113,0.73
113,129,0.59
129,113,0.59
113,131,0.65
131,113,0.65
113,132,0.61
132,113,0.61
114,115,1.00
115,114,1.00
114,116,0.74
116,114,0.74
114,117,0.58
117,114,0.58
114,129,0.65
129,114,0.65
114,131,0.60
131,114,0.60
115,116,1.00
116,115,1.00
115,117,0.79
117,115,0.79
115,118,0.69
118,115,0.69
115,119,0.75
119,115,0.75
115,123,0.60
123,115,0.60
115,124,0.64
124,115,0.64
116,117,1.00
117,116,1.00
116,118,0.72
118,116,0.72
116,119,0.68
119,116,0.68
116,122,0.60
122,116,0.60
116,123,0.62
123,116,0.62
116,124,0.73
124,116,0.73
116,126,0.58
126,116,0.58
116,127,0.58
127,116,0.58
117,118,1.00
118,117,1.00
117,119,0.77
119,117,0.77
117,120,0.61
120,117,0.61
117,121,0.62
121,117,0.62
117,122,0.65
122,117,0.65
117,123,0.59
123,117,0.59
117,124,0.64
124,117,0.64
118,119,1.00
119,118,1.00
118,120,0.79
120,118,0.79
118,121,0.72
121,118,0.72
118,122,0.65
122,118,0.65
118,123,0.58
123,118,0.58
119,120,1.00
120,119,1.00
119,121,0.77
121,119,0.77
119,122,0.67
122,119,0.67
119,123,0.65
123,119,0.65
119,124,0.58
124,119,0.58
120,121,1.00
121,120,1.00
120,122,0.73
122,120,0.73
120,123,0.67
123,120,0.67
121,122,1.00
122,121,1.00
121,123,0.78
123,121,0.78
121,124,0.61
124,121,0.61
122,123,1.00
123,122,1.00
122,124,0.81
124,122,0.81
122,125,0.62
125,122,0.62
123,124,1.00
124,123,1.00
123,125,0.77
125,123,0.77
123,126,0.61
126,123,0.61
124,125,1.00
125,124,1.00
124,126,0.78
126,124,0.78
124,127,0.64
127,124,0.64
125,126,1.00
126,125,1.00
125,127,0.72
127,125,0.72
125,128,0.59
128,125,0.59
126,127,1.00
127,126,1.00
126,128,0.82
128,126,0.82
126,129,0.66
129,126,0.66
127,128,1.00
128,127,1.00
127,129,0.73
129,127,0.73
128,129,1.00
129,128,1.00
128,130,0.75
130,128,0.75
128,131,0.58
131,128,0.58
128,159,0.57
159,128,0.57
129,130,1.00
130,129,1.00
129,131,0.78
131,129,0.78
129,132,0.60
132,129,0.60
129,135,0.57
135,129,0.57
129,159,0.58
159,129,0.58
130,131,1.00
131,130,1.00
130,132,0.71
132,130,0.71
130,133,0.60
133,130,0.60
130,134,0.70
134,130,0.70
130,135,0.70
135,130,0.70
131,132,1.00
132,131,1.00
131,133,0.74
133,131,0.74
131,134,0.76
134,131,0.76
131,135,0.68
135,131,0.68
131,164,0.57
164,131,0.57
132,133,1.00
133,132,1.00
132,134,0.82
134,132,0.82
132,135,0.69
135,132,0.69
132,164,0.68
164,132,0.68
132,165,0.64
165,132,0.64
132,166,0.68
166,132,0.68
133,134,1.00
134,133,1.00
133,135,0.80
135,133,0.80
133,136,0.63
136,133,0.63
133,162,0.59
162,133,0.59
133,163,0.64
163,133,0.64
133,164,0.88
164,133,0.88
133,165,0.90
165,133,0.90
133,166,0.89
166,133,0.89
133,167,0.62
167,133,0.62
134,135,1.00
135,134,1.00
134,136,0.78
136,134,0.78
134,137,0.58
137,134,0.58
134,160,0.58
160,134,0.58
134,163,0.64
163,134,0.64
134,164,0.83
164,134,0.83
134,165,0.74
165,134,0.74
134,166,0.67
166,134,0.67
135,136,1.00
136,135,1.00
135,137,0.72
137,135,0.72
135,157,0.64
157,135,0.64
135,158,0.66
158,135,0.66
135,159,0.64
159,135,0.64
135,160,0.79
160,135,0.79
135,161,0.65
161,135,0.65
135,162,0.68
162,135,0.68
135,163,0.83
163,135,0.83
135,164,0.95
164,135,0.95
135,165,0.69
165,135,0.69
136,137,1.00
137,136,1.00
136,138,0.72
138,136,0.72
136,139,0.64
139,136,0.64
136,154,0.62
154,136,0.62
136,155,0.63
155,136,0.63
136,156,0.64
156,136,0.64
136,157,0.82
157,136,0.82
136,158,0.72
158,136,0.72
136,159,0.62
159,136,0.62
136,160,0.78
160,136,0.78
136,161,0.60
161,136,0.60
136,162,0.60
162,136,0.60
136,163,0.81
163,136,0.81
136,164,0.83
164,136,0.83
136,165,0.65
165,136,0.65
137,138,1.00
138,137,1.00
137,139,0.79
139,137,0.79
137,140,0.59
140,137,0.59
137,153,0.59
153,137,0.59
137,154,0.71
154,137,0.71
137,155,0.63
155,137,0.63
137,156,0.64
156,137,0.64
137,157,0.82
157,137,0.82
137,158,0.65
158,137,0.65
137,160,0.72
160,137,0.72
137,161,0.57
161,137,0.57
137,162,0.58
162,137,0.58
137,163,0.80
163,137,0.80
137,164,0.72
164,137,0.72
137,165,0.59
165,137,0.59
138,139,1.00
139,138,1.00
138,140,0.74
140,138,0.74
138,151,0.65
151,138,0.65
138,152,0.64
152,138,0.64
138,153,0.82
153,138,0.82
138,154,0.92
154,138,0.92
138,155,0.69
155,138,0.69
138,156,0.65
156,138,0.65
138,157,0.74
157,138,0.74
138,163,0.58
163,138,0.58
139,140,1.00
140,139,1.00
139,141,0.73
141,139,0.73
139,142,0.62
142,139,0.62
139,151,0.76
151,139,0.76
139,152,0.72
152,139,0.72
139,153,0.81
153,139,0.81
139,154,0.95
154,139,0.95
139,155,0.80
155,139,0.80
139,156,0.83
156,139,0.83
139,157,0.86
157,139,0.86
139,158,0.62
158,139,0.62
140,141,1.00
141,140,1.00
140,142,0.74
142,140,0.74
140,143,0.59
143,140,0.59
140,150,0.57
150,140,0.57
140,151,0.77
151,140,0.77
140,152,0.88
152,140,0.88
140,153,0.87
153,140,0.87
140,154,1.00
154,140,1.00
140,155,0.93
155,140,0.93
140,156,0.84
156,140,0.84
140,157,0.70
157,140,0.70
141,142,1.00
142,141,1.00
141,143,0.73
143,141,0.73
141,150,0.63
150,141,0.63
141,151,0.80
151,141,0.80
141,152,0.89
152,141,0.89
141,153,0.71
153,141,0.71
141,154,0.69
154,141,0.69
141,155,0.68
155,141,0.68
141,156,0.66
156,141,0.66
142,143,1.00
143,142,1.00
142,144,0.72
144,142,0.72
142,149,0.72
149,142,0.72
142,150,0.82
150,142,0.82
142,151,0.91
151,142,0.91
142,152,0.90
152,142,0.90
142,153,0.64
153,142,0.64
143,144,1.00
144,143,1.00
143,145,0.76
145,143,0.76
143,148,0.65
148,143,0.65
143,149,0.83
149,143,0.83
143,150,0.85
150,143,0.85
143,151,0.80
151,143,0.80
143,152,0.85
152,143,0.85
143,153,0.61
153,143,0.61
144,145,1.00
145,144,1.00
144,146,0.72
146,144,0.72
144,147,0.73
147,144,0.73
144,148,0.83
148,144,0.83
144,149,0.94
149,144,0.94
144,150,0.77
150,144,0.77
144,151,0.63
151,144,0.63
144,152,0.62
152,144,0.62
145,146,1.00
146,145,1.00
145,147,0.83
147,145,0.83
145,148,0.82
148,145,0.82
145,149,0.74
149,145,0.74
145,150,0.65
150,145,0.65
146,147,1.00
147,146,1.00
146,148,0.81
148,146,0.81
146,149,0.63
149,146,0.63
147,148,1.00
148,147,1.00
147,149,0.72
149,147,0.72
148,149,1.00
149,148,1.00
148,150,0.76
150,148,0.76
149,150,1.00
150,149,1.00
149,151,0.70
151,149,0.70
149,152,0.60
152,149,0.60
150,151,1.00
151,150,1.00
150,152,0.75
152,150,0.75
150,153,0.61
153,150,0.61
151,152,1.00
152,151,1.00
151,153,0.81
153,151,0.81
151,154,0.65
154,151,0.65
152,153,1.00
153,152,1.00
152,154,0.76
154,152,0.76
152,155,0.61
155,152,0.61
153,154,1.00
154,153,1.00
153,155,0.70
155,153,0.70
153,156,0.58
156,153,0.58
154,155,1.00
155,154,1.00
154,156,0.76
156,154,0.76
154,157,0.70
157,154,0.70
155,156,1.00
156,155,1.00
155,157,0.77
157,155,0.77
155,158,0.59
158,155,0.59
156,157,1.00
157,156,1.00
156,158,0.76
158,156,0.76
157,158,1.00
158,157,1.00
157,159,0.71
159,157,0.71
157,160,0.74
160,157,0.74
157,163,0.59
163,157,0.59
158,159,1.00
159,158,1.00
158,160,0.88
160,158,0.88
158,161,0.63
161,158,0.63
158,163,0.59
163,158,0.59
159,160,1.00
160,159,1.00
159,161,0.80
161,159,0.80
159,162,0.60
162,159,0.60
159,163,0.62
163,159,0.62
160,161,1.00
161,160,1.00
160,162,0.79
162,160,0.79
160,163,0.88
163,160,0.88
160,164,0.67
164,160,0.67
161,162,1.00
162,161,1.00
161,163,0.83
163,161,0.83
161,164,0.63
164,161,0.63
162,163,1.00
163,162,1.00
162,164,0.78
164,162,0.78
162,165,0.60
165,162,0.60
163,164,1.00
164,163,1.00
163,165,0.71
165,163,0.71
164,165,1.00
165,164,1.00
164,166,0.72
166,164,0.72
165,166,1.00
166,165,1.00
165,167,0.76
167,165,0.76
165,168,0.61
168,165,0.61
166,167,1.00
167,166,1.00
166,168,0.69
168,166,0.69
167,168,1.00
168,167,1.00
167,169,0.71
169,167,0.71
168,169,1.00
169,168,1.00
