2,3,1.00
3,2,1.00
2,4,0.75
4,2,0.75
2,5,0.63
5,2,0.63
2,6,0.69
6,2,0.69
2,7,0.70
7,2,0.70
3,4,1.00
4,3,1.00
3,5,0.78
5,3,0.78
3,6,0.88
6,3,0.88
3,7,0.74
7,3,0.74
4,5,1.00
5,4,1.00
4,6,0.86
6,4,0.86
4,7,0.65
7,4,0.65
5,6,1.00
6,5,1.00
5,7,0.74
7,5,0.74
6,7,1.00
7,6,1.00
6,8,0.73
8,6,0.73
7,8,1.00
8,7,1.00
7,9,0.74
9,7,0.74
7,10,0.59
10,7,0.59
8,9,1.00
9,8,1.00
8,10,0.75
10,8,0.75
8,11,0.61
11,8,0.61
9,10,1.00
10,9,1.00
9,11,0.85
11,9,0.85
9,12,0.74
12,9,0.74
9,15,0.61
15,9,0.61
10,11,1.00
11,10,1.00
10,12,0.73
12,10,0.73
10,13,0.60
13,10,0.60
10,14,0.63
14,10,0.63
10,15,0.80
15,10,0.80
10,16,0.68
16,10,0.68
10,17,0.61
17,10,0.61
11,12,1.00
12,11,1.00
11,13,0.80
13,11,0.80
11,14,0.85
14,11,0.85
11,15,0.99
15,11,0.99
11,16,0.72
16,11,0.72
11,17,0.57
17,11,0.57
12,13,1.00
13,12,1.00
12,14,0.81
14,12,0.81
12,15,0.73
15,12,0.73
13,14,1.00
14,13,1.00
13,15,0.73
15,13,0.73
14,15,1.00
15,14,1.00
14,16,0.72
16,14,0.72
15,16,1.00
16,15,1.00
15,17,0.71
17,15,0.71
15,18,0.58
18,15,0.58
16,17,1.00
17,16,1.00
16,18,0.79
18,16,0.79
16,19,0.59
19,16,0.59
16,20,0.62
20,16,0.62
16,21,0.66
21,16,0.66
17,18,1.00
18,17,1.00
17,19,0.76
19,17,0.76
17,20,0.84
20,17,0.84
17,21,0.96
21,17,0.96
17,22,0.71
22,17,0.71
17,23,0.59
23,17,0.59
18,19,1.00
19,18,1.00
18,20,0.85
20,18,0.85
18,21,0.87
21,18,0.87
18,22,0.81
22,18,0.81
18,23,0.73
23,18,0.73
19,20,1.00
20,19,1.00
19,21,0.84
21,19,0.84
19,22,0.89
22,19,0.89
19,23,0.76
23,19,0.76
19,24,0.61
24,19,0.61
20,21,1.00
21,20,1.00
20,22,0.81
22,20,0.81
20,23,0.62
23,20,0.62
21,22,1.00
22,21,1.00
21,23,0.70
23,21,0.70
22,23,1.00
23,22,1.00
22,24,0.71
24,22,0.71
22,25,0.61
25,22,0.61
23,24,1.00
24,23,1.00
23,25,0.80
25,23,0.80
23,26,0.61
26,23,0.61
24,25,1.00
25,24,1.00
24,26,0.74
26,24,0.74
24,27,0.60
27,24,0.60
25,26,1.00
26,25,1.00
25,27,0.74
27,25,0.74
25,29,0.59
29,25,0.59
25,40,0.64
40,25,0.64
25,41,0.58
41,25,0.58
26,27,1.00
27,26,1.00
26,28,0.77
28,26,0.77
26,29,0.76
29,26,0.76
26,39,0.59
39,26,0.59
26,40,0.64
40,26,0.64
27,28,1.00
28,27,1.00
27,29,0.82
29,27,0.82
27,30,0.61
30,27,0.61
28,29,1.00
29,28,1.00
28,30,0.78
30,28,0.78
28,31,0.60
31,28,0.60
28,39,0.60
39,28,0.60
29,30,1.00
30,29,1.00
29,31,0.79
31,29,0.79
29,32,0.59
32,29,0.59
29,37,0.62
37,29,0.62
29,38,0.69
38,29,0.69
29,39,0.84
39,29,0.84
29,40,0.69
40,29,0.69
30,31,1.00
31,30,1.00
30,32,0.79
32,30,0.79
30,33,0.57
33,30,0.57
30,36,0.57
36,30,0.57
30,37,0.78
37,30,0.78
30,38,0.76
38,30,0.76
30,39,0.77
39,30,0.77
30,40,0.58
40,30,0.58
31,32,1.00
32,31,1.00
31,33,0.72
33,31,0.72
31,34,0.62
34,31,0.62
31,36,0.63
36,31,0.63
31,37,0.88
37,31,0.88
31,38,0.90
38,31,0.90
31,39,0.90
39,31,0.90
31,40,0.62
40,31,0.62
32,33,1.00
33,32,1.00
32,34,0.80
34,32,0.80
32,35,0.65
35,32,0.65
32,36,0.71
36,32,0.71
32,37,0.94
37,32,0.94
32,38,0.75
38,32,0.75
32,39,0.65
39,32,0.65
33,34,1.00
34,33,1.00
33,35,0.72
35,33,0.72
33,36,0.67
36,33,0.67
33,37,0.74
37,33,0.74
33,38,0.62
38,33,0.62
34,35,1.00
35,34,1.00
34,36,0.83
36,34,0.83
34,37,0.77
37,34,0.77
34,38,0.64
38,34,0.64
35,36,1.00
36,35,1.00
35,37,0.75
37,35,0.75
35,38,0.60
38,35,0.60
36,37,1.00
37,36,1.00
36,38,0.77
38,36,0.77
37,38,1.00
38,37,1.00
37,39,0.72
39,37,0.72
38,39,1.00
39,38,1.00
38,40,0.75
40,38,0.75
38,41,0.59
41,38,0.59
39,40,1.00
40,39,1.00
39,41,0.75
41,39,0.75
39,42,0.59
42,39,0.59
40,41,1.00
41,40,1.00
40,42,0.78
42,40,0.78
40,43,0.65
43,40,0.65
41,42,1.00
42,41,1.00
41,43,0.74
43,41,0.74
41,44,0.59
44,41,0.59
42,43,1.00
43,42,1.00
42,44,0.82
44,42,0.82
42,45,0.66
45,42,0.66
43,44,1.00
44,43,1.00
43,45,0.72
45,43,0.72
44,45,1.00
45,44,1.00
44,46,0.71
46,44,0.71
45,46,1.00
46,45,1.00
45,47,0.77
47,45,0.77
45,48,0.58
48,45,0.58
46,47,1.00
47,46,1.00
46,48,0.73
48,46,0.73
47,48,1.00
48,47,1.00
47,49,0.70
49,47,0.70
47,50,0.59
50,47,0.59
48,49,1.00
49,48,1.00
48,50,0.74
50,48,0.74
48,61,0.58
61,48,0.58
49,50,1.00
50,49,1.00
49,51,0.73
51,49,0.73
49,52,0.62
52,49,0.62
49,61,0.65
61,49,0.65
49,62,0.63
62,49,0.63
50,51,1.00
51,50,1.00
50,52,0.85
52,50,0.85
50,53,0.64
53,50,0.64
50,59,0.61
59,50,0.61
50,61,0.70
61,50,0.70
50,62,0.64
62,50,0.64
51,52,1.00
52,51,1.00
51,53,0.85
53,51,0.85
51,54,0.63
54,51,0.63
51,57,0.64
57,51,0.64
51,58,0.67
58,51,0.67
51,59,0.82
59,51,0.82
51,60,0.69
60,51,0.69
51,61,0.77
61,51,0.77
51,62,0.72
62,51,0.72
52,53,1.00
53,52,1.00
52,54,0.82
54,52,0.82
52,55,0.62
55,52,0.62
52,57,0.62
57,52,0.62
52,58,0.58
58,52,0.58
52,59,0.63
59,52,0.63
53,54,1.00
54,53,1.00
53,55,0.83
55,53,0.83
53,56,0.72
56,53,0.72
53,57,0.86
57,53,0.86
53,58,0.71
58,53,0.71
53,59,0.69
59,53,0.69
54,55,1.00
55,54,1.00
54,56,0.72
56,54,0.72
54,57,0.70
57,54,0.70
55,56,1.00
56,55,1.00
55,57,0.80
57,55,0.80
55,58,0.60
58,55,0.60
56,57,1.00
57,56,1.00
56,58,0.73
58,56,0.73
57,58,1.00
58,57,1.00
57,59,0.77
59,57,0.77
57,60,0.59
60,57,0.59
58,59,1.00
59,58,1.00
58,60,0.81
60,58,0.81
58,61,0.63
61,58,0.63
58,62,0.62
62,58,0.62
58,63,0.60
63,58,0.60
58,64,0.64
64,58,0.64
59,60,1.00
60,59,1.00
59,61,0.84
61,59,0.84
59,62,0.88
62,59,0.88
59,63,0.77
63,59,0.77
59,64,0.75
64,59,0.75
60,61,1.00
61,60,1.00
60,62,0.85
62,60,0.85
60,63,0.83
63,60,0.83
60,64,1.00
64,60,1.00
60,65,0.74
65,60,0.74
60,66,0.60
66,60,0.60
61,62,1.00
62,61,1.00
61,63,0.79
63,61,0.79
61,64,0.80
64,61,0.80
61,65,0.72
65,61,0.72
62,63,1.00
63,62,1.00
62,64,0.79
64,62,0.79
62,65,0.68
65,62,0.68
63,64,1.00
64,63,1.00
63,65,0.82
65,63,0.82
63,66,0.74
66,63,0.74
64,65,1.00
65,64,1.00
64,66,0.83
66,64,0.83
64,67,0.62
67,64,0.62
65,66,1.00
66,65,1.00
65,67,0.81
67,65,0.81
65,68,0.60
68,65,0.60
66,67,1.00
67,66,1.00
66,68,0.79
68,66,0.79
66,69,0.62
69,66,0.62
67,68,1.00
68,67,1.00
67,69,0.84
69,67,0.84
67,70,0.62
70,67,0.62
68,69,1.00
69,68,1.00
68,70,0.81
70,68,0.81
68,71,0.60
71,68,0.60
69,70,1.00
70,69,1.00
69,71,0.72
71,69,0.72
69,72,0.59
72,69,0.59
70,71,1.00
71,70,1.00
70,72,0.81
72,70,0.81
70,73,0.62
73,70,0.62
71,72,1.00
72,71,1.00
71,73,0.83
73,71,0.83
71,74,0.60
74,71,0.60
72,73,1.00
73,72,1.00
72,74,0.75
74,72,0.75
72,75,0.63
75,72,0.63
72,78,0.57
78,72,0.57
72,79,0.60
79,72,0.60
72,80,0.58
80,72,0.58
72,102,0.58
102,72,0.58
72,103,0.59
103,72,0.59
73,74,1.00
74,73,1.00
73,75,0.86
75,73,0.86
73,76,0.64
76,73,0.64
73,77,0.60
77,73,0.60
73,78,0.66
78,73,0.66
73,79,0.61
79,73,0.61
73,80,0.58
80,73,0.58
73,103,0.63
103,73,0.63
73,104,0.61
104,73,0.61
74,75,1.00
75,74,1.00
74,76,0.76
76,74,0.76
74,77,0.70
77,74,0.70
74,78,0.88
78,74,0.88
74,79,0.74
79,74,0.74
74,80,0.69
80,74,0.69
74,102,0.60
102,74,0.60
74,103,0.76
103,74,0.76
74,104,0.78
104,74,0.78
74,105,0.60
105,74,0.60
74,140,0.61
140,74,0.61
74,141,0.58
141,74,0.58
74,160,0.63
160,74,0.63
74,161,0.60
161,74,0.60
75,76,1.00
76,75,1.00
75,77,0.76
77,75,0.76
75,78,0.81
78,75,0.81
75,79,0.62
79,75,0.62
75,104,0.62
104,75,0.62
75,140,0.58
140,75,0.58
75,160,0.65
160,75,0.65
75,161,0.62
161,75,0.62
76,77,1.00
77,76,1.00
76,78,0.88
78,76,0.88
76,79,0.64
79,76,0.64
76,139,0.60
139,76,0.60
76,140,0.68
140,76,0.68
76,141,0.59
141,76,0.59
76,160,0.61
160,76,0.61
77,78,1.00
78,77,1.00
77,79,0.80
79,77,0.80
77,80,0.59
80,77,0.59
77,139,0.68
139,77,0.68
77,140,0.79
140,77,0.79
77,141,0.60
141,77,0.60
78,79,1.00
79,78,1.00
78,80,0.76
80,78,0.76
78,103,0.67
103,78,0.67
78,104,0.67
104,78,0.67
78,105,0.57
105,78,0.57
78,139,0.68
139,78,0.68
78,140,0.95
140,78,0.95
78,141,0.76
141,78,0.76
78,142,0.59
142,78,0.59
78,160,0.61
160,78,0.61
79,80,1.00
80,79,1.00
79,81,0.71
81,79,0.71
79,102,0.60
102,79,0.60
79,103,0.72
103,79,0.72
79,104,0.62
104,79,0.62
79,139,0.61
139,79,0.61
79,140,0.81
140,79,0.81
79,141,0.66
141,79,0.66
80,81,1.00
81,80,1.00
80,82,0.71
82,80,0.71
80,101,0.67
101,80,0.67
80,102,0.80
102,80,0.80
80,103,0.96
103,80,0.96
80,104,0.71
104,80,0.71
80,140,0.66
140,80,0.66
80,141,0.62
141,80,0.62
81,82,1.00
82,81,1.00
81,83,0.75
83,81,0.75
81,87,0.62
87,81,0.62
81,88,0.58
88,81,0.58
81,89,0.61
89,81,0.61
81,99,0.57
99,81,0.57
81,100,0.65
100,81,0.65
81,101,0.78
101,81,0.78
81,102,0.87
102,81,0.87
81,103,0.79
103,81,0.79
81,104,0.58
104,81,0.58
82,83,1.00
83,82,1.00
82,84,0.75
84,82,0.75
82,85,0.59
85,82,0.59
82,87,0.68
87,82,0.68
82,88,0.57
88,82,0.57
82,99,0.64
99,82,0.64
82,100,0.82
100,82,0.82
82,101,0.91
101,82,0.91
82,102,0.77
102,82,0.77
82,103,0.65
103,82,0.65
83,84,1.00
84,83,1.00
83,85,0.80
85,83,0.80
83,86,0.71
86,83,0.71
83,87,0.85
87,83,0.85
83,88,0.63
88,83,0.63
83,94,0.58
94,83,0.58
83,95,0.63
95,83,0.63
83,96,0.72
96,83,0.72
83,97,0.66
97,83,0.66
83,98,0.62
98,83,0.62
83,99,0.76
99,83,0.76
83,100,0.93
100,83,0.93
83,101,0.77
101,83,0.77
83,102,0.67
102,83,0.67
84,85,1.00
85,84,1.00
84,86,0.80
86,84,0.80
84,87,0.77
87,84,0.77
84,88,0.58
88,84,0.58
84,95,0.65
95,84,0.65
84,96,0.69
96,84,0.69
84,97,0.67
97,84,0.67
84,99,0.61
99,84,0.61
84,100,0.73
100,84,0.73
84,101,0.60
101,84,0.60
85,86,1.00
86,85,1.00
85,87,0.80
87,85,0.80
85,88,0.58
88,85,0.58
85,94,0.67
94,85,0.67
85,95,0.89
95,85,0.89
85,96,0.87
96,85,0.87
85,97,0.79
97,85,0.79
85,98,0.60
98,85,0.60
85,99,0.60
99,85,0.60
85,100,0.63
100,85,0.63
86,87,1.00
87,86,1.00
86,88,0.75
88,86,0.75
86,93,0.76
93,86,0.76
86,94,0.87
94,86,0.87
86,95,0.99
95,86,0.99
86,96,0.76
96,86,0.76
86,97,0.61
97,86,0.61
87,88,1.00
88,87,1.00
87,89,0.74
89,87,0.74
87,92,0.61
92,87,0.61
87,93,0.84
93,87,0.84
87,94,0.86
94,87,0.86
87,95,0.80
95,87,0.80
87,96,0.72
96,87,0.72
87,99,0.57
99,87,0.57
87,100,0.58
100,87,0.58
88,89,1.00
89,88,1.00
88,90,0.72
90,88,0.72
88,91,0.66
91,88,0.66
88,92,0.78
92,88,0.78
88,93,1.00
93,88,1.00
88,94,0.78
94,88,0.78
88,95,0.63
95,88,0.63
89,90,1.00
90,89,1.00
89,91,0.78
91,89,0.78
89,92,0.76
92,89,0.76
89,93,0.79
93,89,0.79
89,94,0.64
94,89,0.64
90,91,1.00
91,90,1.00
90,92,0.79
92,90,0.79
90,93,0.68
93,90,0.68
90,94,0.58
94,90,0.58
91,92,1.00
92,91,1.00
91,93,0.71
93,91,0.71
91,94,0.58
94,91,0.58
92,93,1.00
93,92,1.00
92,94,0.74
94,92,0.74
93,94,1.00
94,93,1.00
93,95,0.71
95,93,0.71
94,95,1.00
95,94,1.00
94,96,0.74
96,94,0.74
95,96,1.00
96,95,1.00
95,97,0.71
97,95,0.71
96,97,1.00
97,96,1.00
96,98,0.78
98,96,0.78
96,99,0.77
99,96,0.77
96,100,0.66
100,96,0.66
97,98,1.00
98,97,1.00
97,99,0.80
99,97,0.80
97,100,0.71
100,97,0.71
98,99,1.00
99,98,1.00
98,100,0.79
100,98,0.79
98,101,0.60
101,98,0.60
99,100,1.00
100,99,1.00
99,101,0.77
101,99,0.77
99,102,0.72
102,99,0.72
100,101,1.00
101,100,1.00
100,102,0.75
102,100,0.75
100,103,0.58
103,100,0.58
101,102,1.00
102,101,1.00
101,103,0.79
103,101,0.79
101,104,0.64
104,101,0.64
102,103,1.00
103,102,1.00
102,104,0.72
104,102,0.72
103,104,1.00
104,103,1.00
103,105,0.71
105,103,0.71
103,140,0.57
140,103,0.57
103,141,0.61
141,103,0.61
104,105,1.00
105,104,1.00
104,106,0.73
106,104,0.73
104,140,0.58
140,104,0.58
104,141,0.67
141,104,0.67
104,160,0.72
160,104,0.72
104,161,0.68
161,104,0.68
104,162,0.63
162,104,0.63
105,106,1.00
106,105,1.00
105,107,0.71
107,105,0.71
105,141,0.72
141,105,0.72
105,142,0.58
142,105,0.58
105,159,0.64
159,105,0.64
105,160,0.84
160,105,0.84
105,161,0.75
161,105,0.75
105,162,0.65
162,105,0.65
106,107,1.00
107,106,1.00
106,108,0.70
108,106,0.70
106,140,0.60
140,106,0.60
106,141,0.83
141,106,0.83
106,142,0.74
142,106,0.74
106,143,0.61
143,106,0.61
106,158,0.71
158,106,0.71
106,159,0.80
159,106,0.80
106,160,0.95
160,106,0.95
106,161,0.72
161,106,0.72
107,108,1.00
108,107,1.00
107,109,0.76
109,107,0.76
107,110,0.60
110,107,0.60
107,141,0.66
141,107,0.66
107,142,0.70
142,107,0.70
107,143,0.61
143,107,0.61
107,156,0.59
156,107,0.59
107,157,0.64
157,107,0.64
107,158,0.83
158,107,0.83
107,159,0.82
159,107,0.82
107,160,0.75
160,107,0.75
107,161,0.62
161,107,0.62
108,109,1.00
109,108,1.00
108,110,0.80
110,108,0.80
108,111,0.61
111,108,0.61
108,127,0.61
127,108,0.61
108,128,0.63
128,108,0.63
108,142,0.61
142,108,0.61
108,156,0.70
156,108,0.70
108,157,0.80
157,108,0.80
108,158,0.95
158,108,0.95
108,159,0.78
159,108,0.78
108,160,0.62
160,108,0.62
109,110,1.00
110,109,1.00
109,111,0.74
111,109,0.74
109,112,0.58
112,109,0.58
109,126,0.61
126,109,0.61
109,127,0.80
127,109,0.80
109,128,0.89
128,109,0.89
109,129,0.72
129,109,0.72
109,130,0.60
130,109,0.60
109,142,0.61
142,109,0.61
109,143,0.58
143,109,0.58
109,144,0.58
144,109,0.58
109,155,0.66
155,109,0.66
109,156,0.89
156,109,0.89
109,157,0.83
157,109,0.83
109,158,0.77
158,109,0.77
109,159,0.60
159,109,0.60
110,111,1.00
111,110,1.00
110,112,0.78
112,110,0.78
110,113,0.60
113,110,0.60
110,125,0.65
125,110,0.65
110,126,0.68
126,110,0.68
110,127,0.77
127,110,0.77
110,128,0.84
128,110,0.84
110,129,0.62
129,110,0.62
110,155,0.61
155,110,0.61
110,156,0.71
156,110,0.71
110,157,0.70
157,110,0.70
110,158,0.62
158,110,0.62
111,112,1.00
112,111,1.00
111,113,0.83
113,111,0.83
111,114,0.64
114,111,0.64
111,125,0.67
125,111,0.67
111,126,0.60
126,111,0.60
111,127,0.64
127,111,0.64
111,128,0.77
128,111,0.77
111,129,0.61
129,111,0.61
111,155,0.69
155,111,0.69
111,156,0.69
156,111,0.69
111,157,0.66
157,111,0.66
112,113,1.00
113,112,1.00
112,114,0.72
114,112,0.72
112,124,0.60
124,112,0.60
112,125,0.74
125,112,0.74
112,126,0.60
126,112,0.60
112,128,0.62
128,112,0.62
113,114,1.00
114,113,1.00
113,115,0.72
115,113,0.72
113,116,0.59
116,113,0.59
113,117,0.61
117,113,0.61
113,125,0.62
125,113,0.62
114,115,1.00
115,114,1.00
114,116,0.81
116,114,0.81
114,117,0.78
117,114,0.78
114,118,0.60
118,114,0.60
114,123,0.59
123,114,0.59
114,125,0.58
125,114,0.58
115,116,1.00
116,115,1.00
115,117,0.76
117,115,0.76
115,118,0.61
118,115,0.61
116,117,1.00
117,116,1.00
116,118,0.80
118,116,0.80
116,119,0.62
119,116,0.62
116,123,0.61
123,116,0.61
117,118,1.00
118,117,1.00
117,119,0.84
119,117,0.84
117,120,0.61
120,117,0.61
117,122,0.69
122,117,0.69
117,123,0.87
123,117,0.87
117,124,0.66
124,117,0.66
117,125,0.61
125,117,0.61
118,119,1.00
119,118,1.00
118,120,0.71
120,118,0.71
118,121,0.61
121,118,0.61
118,122,0.76
122,118,0.76
118,123,0.82
123,118,0.82
118,124,0.59
124,118,0.59
119,120,1.00
120,119,1.00
119,121,0.76
121,119,0.76
119,122,0.84
122,119,0.84
119,123,1.00
123,119,1.00
119,124,0.70
124,119,0.70
120,121,1.00
121,120,1.00
120,122,0.87
122,120,0.87
120,123,0.85
123,120,0.85
120,124,0.68
124,120,0.68
121,122,1.00
122,121,1.00
121,123,0.83
123,121,0.83
121,124,0.78
124,121,0.78
122,123,1.00
123,122,1.00
122,124,0.82
124,122,0.82
122,125,0.60
125,122,0.60
123,124,1.00
124,123,1.00
123,125,0.75
125,123,0.75
123,126,0.58
126,123,0.58
124,125,1.00
125,124,1.00
124,126,0.75
126,124,0.75
124,127,0.58
127,124,0.58
125,126,1.00
126,125,1.00
125,127,0.76
127,125,0.76
125,128,0.71
128,125,0.71
126,127,1.00
127,126,1.00
126,128,0.75
128,126,0.75
126,129,0.58
129,126,0.58
127,128,1.00
128,127,1.00
127,129,0.74
129,127,0.74
127,156,0.62
156,127,0.62
128,129,1.00
129,128,1.00
128,130,0.72
130,128,0.72
128,131,0.57
131,128,0.57
128,144,0.60
144,128,0.60
128,155,0.74
155,128,0.74
128,156,0.83
156,128,0.83
128,157,0.64
157,128,0.64
129,130,1.00
130,129,1.00
129,131,0.78
131,129,0.78
129,143,0.60
143,129,0.60
129,144,0.76
144,129,0.76
129,145,0.66
145,129,0.66
129,146,0.62
146,129,0.62
129,151,0.60
151,129,0.60
129,152,0.64
152,129,0.64
129,153,0.68
153,129,0.68
129,154,0.64
154,129,0.64
129,155,0.84
155,129,0.84
129,156,0.88
156,129,0.88
129,157,0.62
157,129,0.62
130,131,1.00
131,130,1.00
130,132,0.71
132,130,0.71
130,133,0.67
133,130,0.67
130,134,0.58
134,130,0.58
130,144,0.74
144,130,0.74
130,145,0.65
145,130,0.65
130,146,0.62
146,130,0.62
130,151,0.71
151,130,0.71
130,152,0.87
152,130,0.87
130,153,1.00
153,130,1.00
130,154,0.85
154,130,0.85
130,155,1.00
155,130,1.00
130,156,0.88
156,130,0.88
130,157,0.64
157,130,0.64
131,132,1.00
132,131,1.00
131,133,0.82
133,131,0.82
131,134,0.71
134,131,0.71
131,135,0.67
135,131,0.67
131,144,0.68
144,131,0.68
131,145,0.70
145,131,0.70
131,146,0.76
146,131,0.76
131,150,0.61
150,131,0.61
131,151,0.83
151,131,0.83
131,152,0.90
152,131,0.90
131,153,0.95
153,131,0.95
131,154,0.70
154,131,0.70
131,155,0.70
155,131,0.70
131,156,0.62
156,131,0.62
132,133,1.00
133,132,1.00
132,134,0.80
134,132,0.80
132,135,0.69
135,132,0.69
132,146,0.64
146,132,0.64
132,151,0.70
151,132,0.70
132,152,0.75
152,132,0.75
132,153,0.82
153,132,0.82
132,154,0.64
154,132,0.64
133,134,1.00
134,133,1.00
133,135,0.73
135,133,0.73
133,137,0.60
137,133,0.60
133,151,0.73
151,133,0.73
133,152,0.87
152,133,0.87
133,153,0.90
153,133,0.90
133,154,0.66
154,133,0.66
134,135,1.00
135,134,1.00
134,136,0.74
136,134,0.74
134,137,0.78
137,134,0.78
134,138,0.57
138,134,0.57
134,146,0.58
146,134,0.58
134,149,0.59
149,134,0.59
134,150,0.64
150,134,0.64
134,151,0.85
151,134,0.85
134,152,0.84
152,134,0.84
134,153,0.70
153,134,0.70
135,136,1.00
136,135,1.00
135,137,0.87
137,135,0.87
135,138,0.64
138,135,0.64
135,144,0.58
144,135,0.58
135,145,0.67
145,135,0.67
135,146,0.70
146,135,0.70
135,147,0.60
147,135,0.60
135,148,0.60
148,135,0.60
135,149,0.80
149,135,0.80
135,150,0.83
150,135,0.83
135,151,0.98
151,135,0.98
135,152,0.74
152,135,0.74
135,153,0.59
153,135,0.59
136,137,1.00
137,136,1.00
136,138,0.78
138,136,0.78
136,139,0.58
139,136,0.58
136,145,0.63
145,136,0.63
136,146,0.60
146,136,0.60
136,148,0.61
148,136,0.61
136,149,0.87
149,136,0.87
136,150,0.90
150,136,0.90
136,151,0.80
151,136,0.80
136,152,0.62
152,136,0.62
137,138,1.00
138,137,1.00
137,139,0.75
139,137,0.75
137,144,0.61
144,137,0.61
137,145,0.62
145,137,0.62
137,149,0.69
149,137,0.69
137,150,0.88
150,137,0.88
137,151,0.88
151,137,0.88
137,152,0.75
152,137,0.75
138,139,1.00
139,138,1.00
138,140,0.73
140,138,0.73
138,141,0.59
141,138,0.59
138,142,0.63
142,138,0.63
138,143,0.63
143,138,0.63
138,144,0.64
144,138,0.64
138,145,0.62
145,138,0.62
138,149,0.64
149,138,0.64
138,150,0.86
150,138,0.86
138,151,0.72
151,138,0.72
138,152,0.63
152,138,0.63
139,140,1.00
140,139,1.00
139,141,0.77
141,139,0.77
139,142,0.80
142,139,0.80
139,143,0.69
143,139,0.69
139,144,0.66
144,139,0.66
139,150,0.68
150,139,0.68
139,151,0.63
151,139,0.63
139,152,0.61
152,139,0.61
140,141,1.00
141,140,1.00
140,142,0.80
142,140,0.80
140,143,0.66
143,140,0.66
140,160,0.58
160,140,0.58
141,142,1.00
142,141,1.00
141,143,0.79
143,141,0.79
141,144,0.61
144,141,0.61
141,158,0.60
158,141,0.60
141,159,0.61
159,141,0.61
141,160,0.70
160,141,0.70
142,143,1.00
143,142,1.00
142,144,0.81
144,142,0.81
142,145,0.60
145,142,0.60
142,150,0.59
150,142,0.59
142,156,0.65
156,142,0.65
142,157,0.63
157,142,0.63
142,158,0.71
158,142,0.71
142,159,0.62
159,142,0.62
142,160,0.63
160,142,0.63
143,144,1.00
144,143,1.00
143,145,0.76
145,143,0.76
143,150,0.68
150,143,0.68
143,151,0.61
151,143,0.61
143,156,0.60
156,143,0.60
144,145,1.00
145,144,1.00
144,146,0.71
146,144,0.71
144,148,0.60
148,144,0.60
144,149,0.63
149,144,0.63
144,150,0.81
150,144,0.81
144,151,0.81
151,144,0.81
144,152,0.73
152,144,0.73
144,153,0.60
153,144,0.60
144,155,0.59
155,144,0.59
144,156,0.69
156,144,0.69
145,146,1.00
146,145,1.00
145,147,0.77
147,145,0.77
145,148,0.82
148,145,0.82
145,149,0.84
149,145,0.84
145,150,0.97
150,145,0.97
145,151,0.88
151,145,0.88
145,152,0.67
152,145,0.67
146,147,1.00
147,146,1.00
146,148,0.82
148,146,0.82
146,149,0.82
149,146,0.82
146,150,0.76
150,146,0.76
146,151,0.79
151,146,0.79
146,152,0.62
152,146,0.62
147,148,1.00
148,147,1.00
147,149,0.82
149,147,0.82
147,150,0.65
150,147,0.65
147,151,0.60
151,147,0.60
148,149,1.00
149,148,1.00
148,150,0.75
150,148,0.75
148,151,0.61
151,148,0.61
149,150,1.00
150,149,1.00
149,151,0.77
151,149,0.77
150,151,1.00
151,150,1.00
150,152,0.71
152,150,0.71
151,152,1.00
152,151,1.00
151,153,0.71
153,151,0.71
152,153,1.00
153,152,1.00
152,154,0.69
154,152,0.69
152,155,0.67
155,152,0.67
152,156,0.64
156,152,0.64
153,154,1.00
154,153,1.00
153,155,0.85
155,153,0.85
153,156,0.68
156,153,0.68
154,155,1.00
155,154,1.00
154,156,0.71
156,154,0.71
154,157,0.62
157,154,0.62
155,156,1.00
156,155,1.00
155,157,0.78
157,155,0.78
155,158,0.58
158,155,0.58
156,157,1.00
157,156,1.00
156,158,0.76
158,156,0.76
157,158,1.00
158,157,1.00
157,159,0.70
159,157,0.70
158,159,1.00
159,158,1.00
158,160,0.72
160,158,0.72
158,161,0.59
161,158,0.59
159,160,1.00
160,159,1.00
159,161,0.81
161,159,0.81
159,162,0.59
162,159,0.59
160,161,1.00
161,160,1.00
160,162,0.70
162,160,0.70
160,163,0.58
163,160,0.58
161,162,1.00
162,161,1.00
161,163,0.77
163,161,0.77
161,164,0.58
164,161,0.58
162,163,1.00
163,162,1.00
162,164,0.77
164,162,0.77
162,165,0.59
165,162,0.59
163,164,1.00
164,163,1.00
163,165,0.79
165,163,0.79
163,166,0.58
166,163,0.58
164,165,1.00
165,164,1.00
164,166,0.73
166,164,0.73
165,166,1.00
166,165,1.00
165,167,0.71
167,165,0.71
165,168,0.67
168,165,0.67
165,169,0.66
169,165,0.66
166,167,1.00
167,166,1.00
166,168,0.80
168,166,0.80
166,169,0.69
169,166,0.69
167,168,1.00
168,167,1.00
167,169,0.76
169,167,0.76
168,169,1.00
169,168,1.00
