2,3,1.00
3,2,1.00
2,4,0.87
4,2,0.87
2,5,0.63
5,2,0.63
3,4,1.00
4,3,1.00
3,5,0.77
5,3,0.77
3,6,0.62
6,3,0.62
3,18,0.63
18,3,0.63
4,5,1.00
5,4,1.00
4,6,0.79
6,4,0.79
4,7,0.58
7,4,0.58
4,18,0.59
18,4,0.59
5,6,1.00
6,5,1.00
5,7,0.74
7,5,0.74
5,8,0.62
8,5,0.62
6,7,1.00
7,6,1.00
6,8,0.77
8,6,0.77
6,9,0.62
9,6,0.62
6,17,0.60
17,6,0.60
6,18,0.59
18,6,0.59
7,8,1.00
8,7,1.00
7,9,0.79
9,7,0.79
7,10,0.61
10,7,0.61
8,9,1.00
9,8,1.00
8,10,0.75
10,8,0.75
8,11,0.62
11,8,0.62
8,16,0.60
16,8,0.60
8,17,0.58
17,8,0.58
9,10,1.00
10,9,1.00
9,11,0.78
11,9,0.78
9,12,0.58
12,9,0.58
9,14,0.62
14,9,0.62
9,16,0.66
16,9,0.66
9,17,0.58
17,9,0.58
10,11,1.00
11,10,1.00
10,12,0.71
12,10,0.71
10,13,0.67
13,10,0.67
10,14,0.85
14,10,0.85
10,15,0.75
15,10,0.75
10,16,0.90
16,10,0.90
10,17,0.67
17,10,0.67
11,12,1.00
12,11,1.00
11,13,0.79
13,11,0.79
11,14,0.82
14,11,0.82
11,15,0.63
15,11,0.63
11,16,0.69
16,11,0.69
12,13,1.00
13,12,1.00
12,14,0.80
14,12,0.80
12,15,0.59
15,12,0.59
12,16,0.59
16,12,0.59
13,14,1.00
14,13,1.00
13,15,0.71
15,13,0.71
13,16,0.63
16,13,0.63
14,15,1.00
15,14,1.00
14,16,0.83
16,14,0.83
14,17,0.60
17,14,0.60
15,16,1.00
16,15,1.00
15,17,0.74
17,15,0.74
16,17,1.00
17,16,1.00
16,18,0.70
18,16,0.70
16,19,0.67
19,16,0.67
17,18,1.00
18,17,1.00
17,19,0.80
19,17,0.80
17,20,0.59
20,17,0.59
18,19,1.00
19,18,1.00
18,20,0.73
20,18,0.73
18,21,0.57
21,18,0.57
19,20,1.00
20,19,1.00
19,21,0.79
21,19,0.79
19,22,0.66
22,19,0.66
20,21,1.00
21,20,1.00
20,22,0.80
22,20,0.80
20,23,0.63
23,20,0.63
20,24,0.59
24,20,0.59
21,22,1.00
22,21,1.00
21,23,0.81
23,21,0.81
21,24,0.76
24,21,0.76
22,23,1.00
23,22,1.00
22,24,0.75
24,22,0.75
22,25,0.58
25,22,0.58
23,24,1.00
24,23,1.00
23,25,0.78
25,23,0.78
23,26,0.58
26,23,0.58
24,25,1.00
25,24,1.00
24,26,0.74
26,24,0.74
24,27,0.66
27,24,0.66
25,26,1.00
26,25,1.00
25,27,0.76
27,25,0.76
25,28,0.61
28,25,0.61
25,29,0.65
29,25,0.65
25,34,0.62
34,25,0.62
26,27,1.00
27,26,1.00
26,28,0.84
28,26,0.84
26,29,0.84
29,26,0.84
26,30,0.62
30,26,0.62
26,34,0.67
34,26,0.67
27,28,1.00
28,27,1.00
27,29,0.80
29,27,0.80
27,30,0.60
30,27,0.60
28,29,1.00
29,28,1.00
28,30,0.78
30,28,0.78
28,31,0.61
31,28,0.61
28,34,0.61
34,28,0.61
29,30,1.00
30,29,1.00
29,31,0.75
31,29,0.75
29,32,0.64
32,29,0.64
29,33,0.63
33,29,0.63
29,34,0.86
34,29,0.86
29,35,0.67
35,29,0.67
30,31,1.00
31,30,1.00
30,32,0.72
32,30,0.72
30,33,0.68
33,30,0.68
30,34,0.82
34,30,0.82
30,35,0.68
35,30,0.68
31,32,1.00
32,31,1.00
31,33,0.82
33,31,0.82
31,34,0.80
34,31,0.80
31,35,0.65
35,31,0.65
31,37,0.58
37,31,0.58
31,51,0.59
51,31,0.59
32,33,1.00
33,32,1.00
32,34,0.82
34,32,0.82
32,35,0.64
35,32,0.64
32,37,0.60
37,32,0.60
32,51,0.64
51,32,0.64
33,34,1.00
34,33,1.00
33,35,0.86
35,33,0.86
33,36,0.76
36,33,0.76
33,37,0.76
37,33,0.76
33,38,0.58
38,33,0.58
34,35,1.00
35,34,1.00
34,36,0.72
36,34,0.72
34,37,0.63
37,34,0.63
35,36,1.00
36,35,1.00
35,37,0.76
37,35,0.76
35,38,0.64
38,35,0.64
36,37,1.00
37,36,1.00
36,38,0.79
38,36,0.79
36,39,0.58
39,36,0.58
37,38,1.00
38,37,1.00
37,39,0.72
39,37,0.72
37,41,0.61
41,37,0.61
37,54,0.62
54,37,0.62
38,39,1.00
39,38,1.00
38,40,0.75
40,38,0.75
38,41,0.79
41,38,0.79
38,42,0.57
42,38,0.57
38,54,0.60
54,38,0.60
39,40,1.00
40,39,1.00
39,41,0.83
41,39,0.83
39,42,0.61
42,39,0.61
39,44,0.58
44,39,0.58
39,45,0.70
45,39,0.70
39,54,0.63
54,39,0.63
39,55,0.62
55,39,0.62
40,41,1.00
41,40,1.00
40,42,0.79
42,40,0.79
40,43,0.71
43,40,0.71
40,44,0.78
44,40,0.78
40,45,0.89
45,40,0.89
40,46,0.63
46,40,0.63
40,54,0.58
54,40,0.58
40,55,0.60
55,40,0.60
41,42,1.00
42,41,1.00
41,43,0.75
43,41,0.75
41,44,0.74
44,41,0.74
41,45,0.75
45,41,0.75
41,54,0.57
54,41,0.57
42,43,1.00
43,42,1.00
42,44,0.80
44,42,0.80
42,45,0.67
45,42,0.67
43,44,1.00
44,43,1.00
43,45,0.72
45,43,0.72
43,46,0.57
46,43,0.57
44,45,1.00
45,44,1.00
44,46,0.78
46,44,0.78
44,47,0.74
47,44,0.74
45,46,1.00
46,45,1.00
45,47,0.79
47,45,0.79
45,48,0.58
48,45,0.58
45,50,0.59
50,45,0.59
45,54,0.67
54,45,0.67
45,55,0.74
55,45,0.74
46,47,1.00
47,46,1.00
46,48,0.70
48,46,0.70
46,49,0.68
49,46,0.68
46,50,0.65
50,46,0.65
46,54,0.67
54,46,0.67
46,55,0.82
55,46,0.82
46,56,0.62
56,46,0.62
47,48,1.00
48,47,1.00
47,49,0.83
49,47,0.83
47,50,0.76
50,47,0.76
47,54,0.64
54,47,0.64
47,55,0.67
55,47,0.67
48,49,1.00
49,48,1.00
48,50,0.81
50,48,0.81
48,51,0.60
51,48,0.60
49,50,1.00
50,49,1.00
49,51,0.75
51,49,0.75
49,52,0.67
52,49,0.67
49,53,0.64
53,49,0.64
49,54,0.67
54,49,0.67
49,55,0.65
55,49,0.65
50,51,1.00
51,50,1.00
50,52,0.78
52,50,0.78
50,53,0.73
53,50,0.73
50,54,0.85
54,50,0.85
50,55,0.70
55,50,0.70
51,52,1.00
52,51,1.00
51,53,0.79
53,51,0.79
51,54,0.79
54,51,0.79
51,55,0.61
55,51,0.61
52,53,1.00
53,52,1.00
52,54,0.78
54,52,0.78
52,55,0.65
55,52,0.65
52,56,0.61
56,52,0.61
53,54,1.00
54,53,1.00
53,55,0.87
55,53,0.87
53,56,0.84
56,53,0.84
53,57,0.65
57,53,0.65
54,55,1.00
55,54,1.00
54,56,0.77
56,54,0.77
54,57,0.57
57,54,0.57
55,56,1.00
56,55,1.00
55,57,0.73
57,55,0.73
56,57,1.00
57,56,1.00
56,58,0.71
58,56,0.71
57,58,1.00
58,57,1.00
57,59,0.72
59,57,0.72
57,60,0.62
60,57,0.62
58,59,1.00
59,58,1.00
58,60,0.82
60,58,0.82
58,61,0.60
61,58,0.60
59,60,1.00
60,59,1.00
59,61,0.75
61,59,0.75
59,62,0.61
62,59,0.61
60,61,1.00
61,60,1.00
60,62,0.72
62,60,0.72
60,63,0.61
63,60,0.61
60,64,0.59
64,60,0.59
60,65,0.60
65,60,0.60
60,66,0.57
66,60,0.57
61,62,1.00
62,61,1.00
61,63,0.83
63,61,0.83
61,64,0.74
64,61,0.74
61,65,0.74
65,61,0.74
61,66,0.63
66,61,0.63
62,63,1.00
63,62,1.00
62,64,0.72
64,62,0.72
62,65,0.64
65,62,0.64
63,64,1.00
64,63,1.00
63,65,0.77
65,63,0.77
63,66,0.57
66,63,0.57
64,65,1.00
65,64,1.00
64,66,0.71
66,64,0.71
64,68,0.58
68,64,0.58
64,69,0.64
69,64,0.64
65,66,1.00
66,65,1.00
65,67,0.73
67,65,0.73
65,68,0.66
68,65,0.66
65,69,0.65
69,65,0.65
66,67,1.00
67,66,1.00
66,68,0.79
68,66,0.79
66,69,0.67
69,66,0.67
67,68,1.00
68,67,1.00
67,69,0.72
69,67,0.72
68,69,1.00
69,68,1.00
68,70,0.74
70,68,0.74
68,71,0.63
71,68,0.63
69,70,1.00
70,69,1.00
69,71,0.73
71,69,0.73
70,71,1.00
71,70,1.00
70,72,0.72
72,70,0.72
70,73,0.63
73,70,0.63
71,72,1.00
72,71,1.00
71,73,0.78
73,71,0.78
71,74,0.61
74,71,0.61
72,73,1.00
73,72,1.00
72,74,0.78
74,72,0.78
72,75,0.57
75,72,0.57
73,74,1.00
74,73,1.00
73,75,0.73
75,73,0.73
74,75,1.00
75,74,1.00
74,76,0.74
76,74,0.74
74,77,0.60
77,74,0.60
75,76,1.00
76,75,1.00
75,77,0.84
77,75,0.84
75,78,0.62
78,75,0.62
76,77,1.00
77,76,1.00
76,78,0.79
78,76,0.79
76,79,0.59
79,76,0.59
77,78,1.00
78,77,1.00
77,79,0.71
79,77,0.71
77,80,0.59
80,77,0.59
78,79,1.00
79,78,1.00
78,80,0.79
80,78,0.79
78,81,0.60
81,78,0.60
79,80,1.00
80,79,1.00
79,81,0.75
81,79,0.75
80,81,1.00
81,80,1.00
80,82,0.71
82,80,0.71
80,83,0.58
83,80,0.58
80,161,0.58
161,80,0.58
81,82,1.00
82,81,1.00
81,83,0.74
83,81,0.74
81,161,0.58
161,81,0.58
82,83,1.00
83,82,1.00
82,84,0.77
84,82,0.77
82,93,0.58
93,82,0.58
82,160,0.58
160,82,0.58
82,161,0.61
161,82,0.61
83,84,1.00
84,83,1.00
83,85,0.72
85,83,0.72
83,90,0.62
90,83,0.62
83,93,0.65
93,83,0.65
83,160,0.70
160,83,0.70
83,161,0.70
161,83,0.70
83,162,0.57
162,83,0.57
84,85,1.00
85,84,1.00
84,86,0.71
86,84,0.71
84,89,0.58
89,84,0.58
84,90,0.76
90,84,0.76
84,91,0.65
91,84,0.65
84,92,0.63
92,84,0.63
84,93,0.67
93,84,0.67
84,160,0.62
160,84,0.62
85,86,1.00
86,85,1.00
85,87,0.74
87,85,0.74
85,88,0.68
88,85,0.68
85,89,0.67
89,85,0.67
85,90,0.86
90,85,0.86
85,91,0.69
91,85,0.69
85,92,0.59
92,85,0.59
85,135,0.61
135,85,0.61
85,137,0.60
137,85,0.60
85,149,0.57
149,85,0.57
86,87,1.00
87,86,1.00
86,88,0.77
88,86,0.77
86,89,0.73
89,86,0.73
86,90,0.90
90,86,0.90
86,91,0.77
91,86,0.77
86,92,0.59
92,86,0.59
86,134,0.60
134,86,0.60
86,135,0.79
135,86,0.79
86,136,0.63
136,86,0.63
86,137,0.62
137,86,0.62
86,145,0.60
145,86,0.60
86,146,0.72
146,86,0.72
86,147,0.64
147,86,0.64
86,148,0.65
148,86,0.65
86,149,0.77
149,86,0.77
86,150,0.64
150,86,0.64
87,88,1.00
88,87,1.00
87,89,0.80
89,87,0.80
87,90,0.77
90,87,0.77
87,91,0.65
91,87,0.65
87,134,0.58
134,87,0.58
87,135,0.68
135,87,0.68
87,145,0.58
145,87,0.58
87,146,0.78
146,87,0.78
87,147,0.74
147,87,0.74
87,148,0.86
148,87,0.86
87,149,0.98
149,87,0.98
87,150,0.76
150,87,0.76
87,151,0.57
151,87,0.57
88,89,1.00
89,88,1.00
88,90,0.79
90,88,0.79
88,91,0.61
91,88,0.61
88,146,0.57
146,88,0.57
88,148,0.69
148,88,0.69
88,149,0.76
149,88,0.76
88,150,0.76
150,88,0.76
88,151,0.59
151,88,0.59
89,90,1.00
90,89,1.00
89,91,0.75
91,89,0.75
89,92,0.59
92,89,0.59
89,148,0.58
148,89,0.58
89,149,0.72
149,89,0.72
89,150,0.85
150,89,0.85
89,151,0.72
151,89,0.72
89,152,0.70
152,89,0.70
89,160,0.58
160,89,0.58
90,91,1.00
91,90,1.00
90,92,0.76
92,90,0.76
90,93,0.67
93,90,0.67
90,149,0.68
149,90,0.68
90,150,0.70
150,90,0.70
90,151,0.64
151,90,0.64
90,152,0.59
152,90,0.59
90,160,0.65
160,90,0.65
91,92,1.00
92,91,1.00
91,93,0.73
93,91,0.73
91,94,0.61
94,91,0.61
91,95,0.63
95,91,0.63
91,98,0.67
98,91,0.67
91,99,0.61
99,91,0.61
91,100,0.59
100,91,0.59
91,101,0.58
101,91,0.58
91,135,0.59
135,91,0.59
91,149,0.67
149,91,0.67
91,150,0.69
150,91,0.69
91,151,0.69
151,91,0.69
91,152,0.60
152,91,0.60
91,160,0.60
160,91,0.60
92,93,1.00
93,92,1.00
92,94,0.82
94,92,0.82
92,95,0.80
95,92,0.80
92,96,0.60
96,92,0.60
92,98,0.66
98,92,0.66
92,158,0.60
158,92,0.60
92,159,0.65
159,92,0.65
92,160,0.67
160,92,0.67
93,94,1.00
94,93,1.00
93,95,0.76
95,93,0.76
93,158,0.65
158,93,0.65
93,159,0.83
159,93,0.83
93,160,0.85
160,93,0.85
93,161,0.65
161,93,0.65
94,95,1.00
95,94,1.00
94,96,0.71
96,94,0.71
94,157,0.67
157,94,0.67
94,158,0.83
158,94,0.83
94,159,0.99
159,94,0.99
94,160,0.76
160,94,0.76
94,161,0.60
161,94,0.60
95,96,1.00
96,95,1.00
95,97,0.78
97,95,0.78
95,98,0.75
98,95,0.75
95,153,0.66
153,95,0.66
95,154,0.63
154,95,0.63
95,155,0.63
155,95,0.63
95,156,0.70
156,95,0.70
95,157,0.79
157,95,0.79
95,158,0.86
158,95,0.86
95,159,0.78
159,95,0.78
95,160,0.63
160,95,0.63
96,97,1.00
97,96,1.00
96,98,0.78
98,96,0.78
96,99,0.59
99,96,0.59
96,153,0.73
153,96,0.73
96,154,0.78
154,96,0.78
96,155,0.86
155,96,0.86
96,156,0.89
156,96,0.89
96,157,0.92
157,96,0.92
96,158,0.79
158,96,0.79
96,159,0.62
159,96,0.62
97,98,1.00
98,97,1.00
97,99,0.78
99,97,0.78
97,100,0.58
100,97,0.58
97,151,0.60
151,97,0.60
97,152,0.62
152,97,0.62
97,153,0.76
153,97,0.76
97,154,1.00
154,97,1.00
97,155,0.90
155,97,0.90
97,156,0.76
156,97,0.76
97,157,0.66
157,97,0.66
97,158,0.60
158,97,0.60
98,99,1.00
99,98,1.00
98,100,0.70
100,98,0.70
98,101,0.63
101,98,0.63
98,150,0.62
150,98,0.62
98,151,0.85
151,98,0.85
98,152,0.80
152,98,0.80
98,153,0.86
153,98,0.86
98,154,0.94
154,98,0.94
98,155,0.70
155,98,0.70
98,156,0.67
156,98,0.67
98,157,0.58
157,98,0.58
98,158,0.59
158,98,0.59
99,100,1.00
100,99,1.00
99,101,0.79
101,99,0.79
99,102,0.58
102,99,0.58
99,107,0.60
107,99,0.60
99,109,0.58
109,99,0.58
99,129,0.60
129,99,0.60
99,130,0.66
130,99,0.66
99,131,0.63
131,99,0.63
99,132,0.60
132,99,0.60
99,150,0.64
150,99,0.64
99,151,0.84
151,99,0.84
99,152,0.68
152,99,0.68
99,153,0.65
153,99,0.65
99,154,0.76
154,99,0.76
99,155,0.58
155,99,0.58
100,101,1.00
101,100,1.00
100,102,0.74
102,100,0.74
100,107,0.63
107,100,0.63
100,108,0.60
108,100,0.60
100,109,0.58
109,100,0.58
100,129,0.68
129,100,0.68
100,130,0.87
130,100,0.87
100,131,0.90
131,100,0.90
100,132,0.82
132,100,0.82
100,133,0.66
133,100,0.66
100,149,0.62
149,100,0.62
100,150,0.64
150,100,0.64
100,151,0.71
151,100,0.71
101,102,1.00
102,101,1.00
101,103,0.75
103,101,0.75
101,104,0.63
104,101,0.63
101,106,0.62
106,101,0.62
101,107,0.87
107,101,0.87
101,108,0.77
108,101,0.77
101,109,0.66
109,101,0.66
101,128,0.58
128,101,0.58
101,129,0.66
129,101,0.66
101,130,0.91
130,101,0.91
101,131,0.88
131,101,0.88
101,132,0.92
132,101,0.92
101,133,0.65
133,101,0.65
102,103,1.00
103,102,1.00
102,104,0.77
104,102,0.77
102,105,0.61
105,102,0.61
102,106,0.61
106,102,0.61
102,107,0.83
107,102,0.83
102,108,0.85
108,102,0.85
102,109,0.66
109,102,0.66
102,127,0.63
127,102,0.63
102,128,0.62
128,102,0.62
102,129,0.69
129,102,0.69
102,130,0.98
130,102,0.98
102,131,0.89
131,102,0.89
102,132,0.86
132,102,0.86
102,133,0.64
133,102,0.64
103,104,1.00
104,103,1.00
103,105,0.71
105,103,0.71
103,106,0.63
106,103,0.63
103,107,0.76
107,103,0.76
103,108,0.73
108,103,0.73
103,130,0.67
130,103,0.67
103,131,0.67
131,103,0.67
103,132,0.74
132,103,0.74
103,133,0.59
133,103,0.59
104,105,1.00
105,104,1.00
104,106,0.79
106,104,0.79
104,107,0.82
107,104,0.82
104,108,0.79
108,104,0.79
104,109,0.58
109,104,0.58
104,125,0.61
125,104,0.61
105,106,1.00
106,105,1.00
105,107,0.81
107,105,0.81
105,108,0.71
108,105,0.71
106,107,1.00
107,106,1.00
106,108,0.80
108,106,0.80
106,109,0.63
109,106,0.63
106,111,0.58
111,106,0.58
107,108,1.00
108,107,1.00
107,109,0.74
109,107,0.74
107,110,0.58
110,107,0.58
107,128,0.57
128,107,0.57
107,130,0.66
130,107,0.66
107,131,0.58
131,107,0.58
107,132,0.62
132,107,0.62
108,109,1.00
109,108,1.00
108,110,0.73
110,108,0.73
108,111,0.65
111,108,0.65
108,125,0.62
125,108,0.62
108,126,0.67
126,108,0.67
108,127,0.75
127,108,0.75
108,128,0.76
128,108,0.76
108,129,0.68
129,108,0.68
108,130,0.75
130,108,0.75
108,131,0.59
131,108,0.59
109,110,1.00
110,109,1.00
109,111,0.76
111,109,0.76
109,125,0.58
125,109,0.58
109,126,0.71
126,109,0.71
109,127,0.82
127,109,0.82
109,128,1.00
128,109,1.00
109,129,0.77
129,109,0.77
109,130,0.71
130,109,0.71
110,111,1.00
111,110,1.00
110,112,0.72
112,110,0.72
110,113,0.59
113,110,0.59
110,126,0.73
126,110,0.73
110,127,0.73
127,110,0.73
110,128,0.84
128,110,0.84
110,129,0.61
129,110,0.61
111,112,1.00
112,111,1.00
111,113,0.77
113,111,0.77
111,114,0.60
114,111,0.60
111,126,0.66
126,111,0.66
111,127,0.59
127,111,0.59
111,128,0.61
128,111,0.61
112,113,1.00
113,112,1.00
112,114,0.81
114,112,0.81
112,115,0.61
115,112,0.61
113,114,1.00
114,113,1.00
113,115,0.78
115,113,0.78
113,116,0.65
116,113,0.65
113,117,0.60
117,113,0.60
114,115,1.00
115,114,1.00
114,116,0.71
116,114,0.71
114,117,0.60
117,114,0.60
115,116,1.00
116,115,1.00
115,117,0.76
117,115,0.76
116,117,1.00
117,116,1.00
116,118,0.71
118,116,0.71
116,119,0.60
119,116,0.60
117,118,1.00
118,117,1.00
117,119,0.81
119,117,0.81
117,120,0.60
120,117,0.60
118,119,1.00
119,118,1.00
118,120,0.70
120,118,0.70
118,121,0.65
121,118,0.65
119,120,1.00
120,119,1.00
119,121,0.78
121,119,0.78
119,122,0.61
122,119,0.61
119,124,0.58
124,119,0.58
120,121,1.00
121,120,1.00
120,122,0.74
122,120,0.74
120,123,0.63
123,120,0.63
120,124,0.70
124,120,0.70
121,122,1.00
122,121,1.00
121,123,0.72
123,121,0.72
121,124,0.69
124,121,0.69
122,123,1.00
123,122,1.00
122,124,0.80
124,122,0.80
122,125,0.59
125,122,0.59
123,124,1.00
124,123,1.00
123,125,0.74
125,123,0.74
123,126,0.62
126,123,0.62
124,125,1.00
125,124,1.00
124,126,0.75
126,124,0.75
124,127,0.58
127,124,0.58
125,126,1.00
126,125,1.00
125,127,0.79
127,125,0.79
125,128,0.59
128,125,0.59
126,127,1.00
127,126,1.00
126,128,0.74
128,126,0.74
126,129,0.58
129,126,0.58
127,128,1.00
128,127,1.00
127,129,0.79
129,127,0.79
127,130,0.68
130,127,0.68
128,129,1.00
129,128,1.00
128,130,0.75
130,128,0.75
129,130,1.00
130,129,1.00
129,131,0.70
131,129,0.70
130,131,1.00
131,130,1.00
130,132,0.75
132,130,0.75
130,133,0.61
133,130,0.61
131,132,1.00
132,131,1.00
131,133,0.85
133,131,0.85
131,134,0.61
134,131,0.61
132,133,1.00
133,132,1.00
132,134,0.75
134,132,0.75
132,135,0.68
135,132,0.68
132,147,0.61
147,132,0.61
132,149,0.61
149,132,0.61
133,134,1.00
134,133,1.00
133,135,0.75
135,133,0.75
133,136,0.60
136,133,0.60
133,145,0.62
145,133,0.62
133,146,0.63
146,133,0.63
133,147,0.80
147,133,0.80
133,148,0.63
148,133,0.63
133,149,0.66
149,133,0.66
134,135,1.00
135,134,1.00
134,136,0.82
136,134,0.82
134,137,0.60
137,134,0.60
134,144,0.62
144,134,0.62
134,145,0.87
145,134,0.87
134,146,0.81
146,134,0.81
134,147,0.90
147,134,0.90
134,148,0.64
148,134,0.64
134,149,0.64
149,134,0.64
135,136,1.00
136,135,1.00
135,137,0.76
137,135,0.76
135,144,0.68
144,135,0.68
135,145,0.87
145,135,0.87
135,146,0.85
146,135,0.85
135,147,0.78
147,135,0.78
135,148,0.62
148,135,0.62
135,149,0.68
149,135,0.68
136,137,1.00
137,136,1.00
136,138,0.71
138,136,0.71
136,143,0.73
143,136,0.73
136,144,0.81
144,136,0.81
136,145,0.92
145,136,0.92
136,146,0.72
146,136,0.72
136,147,0.61
147,136,0.61
137,138,1.00
138,137,1.00
137,139,0.73
139,137,0.73
137,142,0.64
142,137,0.64
137,143,0.83
143,137,0.83
137,144,0.89
144,137,0.89
137,145,0.77
145,137,0.77
137,146,0.65
146,137,0.65
138,139,1.00
139,138,1.00
138,140,0.73
140,138,0.73
138,141,0.74
141,138,0.74
138,142,0.82
142,138,0.82
138,143,0.92
143,138,0.92
138,144,0.79
144,138,0.79
138,145,0.61
145,138,0.61
139,140,1.00
140,139,1.00
139,141,0.81
141,139,0.81
139,142,0.77
142,139,0.77
139,143,0.71
143,139,0.71
139,144,0.65
144,139,0.65
140,141,1.00
141,140,1.00
140,142,0.80
142,140,0.80
140,143,0.63
143,140,0.63
141,142,1.00
142,141,1.00
141,143,0.72
143,141,0.72
142,143,1.00
143,142,1.00
142,144,0.74
144,142,0.74
143,144,1.00
144,143,1.00
143,145,0.74
145,143,0.74
144,145,1.00
145,144,1.00
144,146,0.78
146,144,0.78
144,147,0.58
147,144,0.58
145,146,1.00
146,145,1.00
145,147,0.78
147,145,0.78
145,148,0.60
148,145,0.60
146,147,1.00
147,146,1.00
146,148,0.81
148,146,0.81
146,149,0.71
149,146,0.71
147,148,1.00
148,147,1.00
147,149,0.84
149,147,0.84
147,150,0.60
150,147,0.60
148,149,1.00
149,148,1.00
148,150,0.74
150,148,0.74
149,150,1.00
150,149,1.00
149,151,0.71
151,149,0.71
150,151,1.00
151,150,1.00
150,152,0.76
152,150,0.76
151,152,1.00
152,151,1.00
151,153,0.74
153,151,0.74
151,154,0.68
154,151,0.68
152,153,1.00
153,152,1.00
152,154,0.76
154,152,0.76
152,155,0.59
155,152,0.59
152,156,0.64
156,152,0.64
153,154,1.00
154,153,1.00
153,155,0.81
155,153,0.81
153,156,0.92
156,153,0.92
153,157,0.68
157,153,0.68
153,158,0.68
158,153,0.68
154,155,1.00
155,154,1.00
154,156,0.84
156,154,0.84
154,157,0.63
157,154,0.63
154,158,0.58
158,154,0.58
155,156,1.00
156,155,1.00
155,157,0.76
157,155,0.76
155,158,0.61
158,155,0.61
156,157,1.00
157,156,1.00
156,158,0.81
158,156,0.81
156,159,0.59
159,156,0.59
157,158,1.00
158,157,1.00
157,159,0.71
159,157,0.71
158,159,1.00
159,158,1.00
158,160,0.74
160,158,0.74
158,161,0.61
161,158,0.61
159,160,1.00
160,159,1.00
159,161,0.79
161,159,0.79
159,162,0.64
162,159,0.64
160,161,1.00
161,160,1.00
160,162,0.77
162,160,0.77
160,163,0.69
163,160,0.69
161,162,1.00
162,161,1.00
161,163,0.75
163,161,0.75
161,164,0.59
164,161,0.59
162,163,1.00
163,162,1.00
162,164,0.76
164,162,0.76
162,165,0.60
165,162,0.60
163,164,1.00
164,163,1.00
163,165,0.83
165,163,0.83
163,166,0.62
166,163,0.62
164,165,1.00
165,164,1.00
164,166,0.73
166,164,0.73
164,167,0.70
167,164,0.70
165,166,1.00
166,165,1.00
165,167,0.81
167,165,0.81
165,168,0.59
168,165,0.59
166,167,1.00
167,166,1.00
166,168,0.74
168,166,0.74
166,169,0.57
169,166,0.57
167,168,1.00
168,167,1.00
167,169,0.75
169,167,0.75
168,169,1.00
169,168,1.00
