2,3,1.00
3,2,1.00
2,4,0.76
4,2,0.76
2,5,0.68
5,2,0.68
2,6,0.73
6,2,0.73
3,4,1.00
4,3,1.00
3,5,0.85
5,3,0.85
3,6,0.78
6,3,0.78
3,7,0.58
7,3,0.58
4,5,1.00
5,4,1.00
4,6,0.74
6,4,0.74
4,7,0.58
7,4,0.58
5,6,1.00
6,5,1.00
5,7,0.79
7,5,0.79
5,8,0.59
8,5,0.59
6,7,1.00
7,6,1.00
6,8,0.77
8,6,0.77
6,11,0.59
11,6,0.59
7,8,1.00
8,7,1.00
7,9,0.73
9,7,0.73
7,10,0.64
10,7,0.64
7,11,0.76
11,7,0.76
7,12,0.75
12,7,0.75
8,9,1.00
9,8,1.00
8,10,0.84
10,8,0.84
8,11,0.84
11,8,0.84
8,12,0.78
12,8,0.78
8,13,0.58
13,8,0.58
9,10,1.00
10,9,1.00
9,11,0.86
11,9,0.86
9,12,0.87
12,9,0.87
9,13,0.69
13,9,0.69
9,14,0.65
14,9,0.65
10,11,1.00
11,10,1.00
10,12,0.79
12,10,0.79
10,13,0.67
13,10,0.67
10,14,0.72
14,10,0.72
11,12,1.00
12,11,1.00
11,13,0.76
13,11,0.76
11,14,0.74
14,11,0.74
12,13,1.00
13,12,1.00
12,14,0.78
14,12,0.78
12,15,0.58
15,12,0.58
13,14,1.00
14,13,1.00
13,15,0.76
15,13,0.76
13,16,0.58
16,13,0.58
14,15,1.00
15,14,1.00
14,16,0.77
16,14,0.77
14,17,0.66
17,14,0.66
15,16,1.00
16,15,1.00
15,17,0.80
17,15,0.80
15,18,0.67
18,15,0.67
15,19,0.75
19,15,0.75
15,20,0.59
20,15,0.59
15,21,0.60
21,15,0.60
16,17,1.00
17,16,1.00
16,18,0.80
18,16,0.80
16,19,0.85
19,16,0.85
16,20,0.65
20,16,0.65
16,21,0.63
21,16,0.63
17,18,1.00
18,17,1.00
17,19,0.82
19,17,0.82
17,20,0.60
20,17,0.60
17,83,0.59
83,17,0.59
18,19,1.00
19,18,1.00
18,20,0.72
20,18,0.72
18,21,0.58
21,18,0.58
18,81,0.65
81,18,0.65
18,82,0.65
82,18,0.65
18,83,0.72
83,18,0.72
18,120,0.61
120,18,0.61
18,125,0.61
125,18,0.61
19,20,1.00
20,19,1.00
19,21,0.78
21,19,0.78
19,22,0.58
22,19,0.58
19,81,0.59
81,19,0.59
19,82,0.58
82,19,0.58
19,83,0.65
83,19,0.65
19,119,0.63
119,19,0.63
19,120,0.72
120,19,0.72
19,121,0.57
121,19,0.57
20,21,1.00
21,20,1.00
20,22,0.72
22,20,0.72
20,23,0.73
23,20,0.73
20,81,0.59
81,20,0.59
20,83,0.62
83,20,0.62
20,111,0.61
111,20,0.61
20,112,0.69
112,20,0.69
20,119,0.66
119,20,0.66
20,120,0.81
120,20,0.81
20,121,0.59
121,20,0.59
21,22,1.00
22,21,1.00
21,23,0.83
23,21,0.83
21,24,0.60
24,21,0.60
21,119,0.60
119,21,0.60
21,120,0.64
120,21,0.64
22,23,1.00
23,22,1.00
22,24,0.77
24,22,0.77
23,24,1.00
24,23,1.00
23,25,0.73
25,23,0.73
23,26,0.60
26,23,0.60
23,111,0.66
111,23,0.66
23,112,0.67
112,23,0.67
23,113,0.66
113,23,0.66
23,119,0.57
119,23,0.57
23,120,0.62
120,23,0.62
24,25,1.00
25,24,1.00
24,26,0.78
26,24,0.78
24,27,0.59
27,24,0.59
24,107,0.60
107,24,0.60
24,111,0.59
111,24,0.59
24,113,0.62
113,24,0.62
25,26,1.00
26,25,1.00
25,27,0.73
27,25,0.73
25,28,0.61
28,25,0.61
25,106,0.67
106,25,0.67
25,107,0.77
107,25,0.77
25,108,0.57
108,25,0.57
25,111,0.61
111,25,0.61
25,112,0.57
112,25,0.57
25,113,0.67
113,25,0.67
26,27,1.00
27,26,1.00
26,28,0.82
28,26,0.82
26,29,0.61
29,26,0.61
26,106,0.60
106,26,0.60
26,107,0.75
107,26,0.75
26,108,0.58
108,26,0.58
27,28,1.00
28,27,1.00
27,29,0.79
29,27,0.79
27,30,0.61
30,27,0.61
27,33,0.63
33,27,0.63
27,35,0.58
35,27,0.58
27,107,0.60
107,27,0.60
28,29,1.00
29,28,1.00
28,30,0.71
30,28,0.71
28,33,0.59
33,28,0.59
28,107,0.65
107,28,0.65
29,30,1.00
30,29,1.00
29,31,0.72
31,29,0.72
29,32,0.64
32,29,0.64
29,33,0.71
33,29,0.71
29,34,0.58
34,29,0.58
29,35,0.64
35,29,0.64
30,31,1.00
31,30,1.00
30,32,0.74
32,30,0.74
30,33,0.72
33,30,0.72
31,32,1.00
32,31,1.00
31,33,0.79
33,31,0.79
31,34,0.61
34,31,0.61
31,35,0.58
35,31,0.58
32,33,1.00
33,32,1.00
32,34,0.81
34,32,0.81
32,35,0.68
35,32,0.68
33,34,1.00
34,33,1.00
33,35,0.80
35,33,0.80
33,36,0.60
36,33,0.60
34,35,1.00
35,34,1.00
34,36,0.76
36,34,0.76
35,36,1.00
36,35,1.00
35,37,0.75
37,35,0.75
36,37,1.00
37,36,1.00
36,38,0.71
38,36,0.71
36,39,0.61
39,36,0.61
37,38,1.00
38,37,1.00
37,39,0.75
39,37,0.75
37,40,0.61
40,37,0.61
38,39,1.00
39,38,1.00
38,40,0.74
40,38,0.74
38,41,0.58
41,38,0.58
39,40,1.00
40,39,1.00
39,41,0.73
41,39,0.73
40,41,1.00
41,40,1.00
40,42,0.71
42,40,0.71
40,43,0.64
43,40,0.64
41,42,1.00
42,41,1.00
41,43,0.76
43,41,0.76
41,44,0.59
44,41,0.59
42,43,1.00
43,42,1.00
42,44,0.72
44,42,0.72
43,44,1.00
44,43,1.00
43,45,0.72
45,43,0.72
44,45,1.00
45,44,1.00
44,46,0.74
46,44,0.74
44,47,0.61
47,44,0.61
44,114,0.63
114,44,0.63
44,115,0.77
115,44,0.77
44,116,0.62
116,44,0.62
44,117,0.62
117,44,0.62
45,46,1.00
46,45,1.00
45,47,0.70
47,45,0.70
45,114,0.64
114,45,0.64
45,115,0.89
115,45,0.89
45,116,0.76
116,45,0.76
45,117,0.80
117,45,0.80
45,118,0.61
118,45,0.61
45,121,0.62
121,45,0.62
46,47,1.00
47,46,1.00
46,48,0.71
48,46,0.71
46,49,0.70
49,46,0.70
46,114,0.64
114,46,0.64
46,115,0.91
115,46,0.91
46,116,0.73
116,46,0.73
46,117,0.70
117,46,0.70
46,121,0.67
121,46,0.67
46,122,0.64
122,46,0.64
46,123,0.60
123,46,0.60
47,48,1.00
48,47,1.00
47,49,0.84
49,47,0.84
47,50,0.62
50,47,0.62
47,55,0.58
55,47,0.58
47,78,0.57
78,47,0.57
47,79,0.61
79,47,0.61
47,114,0.59
114,47,0.59
47,115,0.74
115,47,0.74
47,116,0.59
116,47,0.59
47,122,0.61
122,47,0.61
47,123,0.61
123,47,0.61
48,49,1.00
49,48,1.00
48,50,0.75
50,48,0.75
48,51,0.65
51,48,0.65
48,52,0.64
52,48,0.64
48,53,0.63
53,48,0.63
48,54,0.63
54,48,0.63
48,55,0.80
55,48,0.80
48,56,0.67
56,48,0.67
48,77,0.65
77,48,0.65
48,78,0.67
78,48,0.67
48,79,0.67
79,48,0.67
48,122,0.58
122,48,0.58
48,123,0.65
123,48,0.65
48,124,0.58
124,48,0.58
49,50,1.00
50,49,1.00
49,51,0.81
51,49,0.81
49,52,0.77
52,49,0.77
49,53,0.66
53,49,0.66
49,54,0.58
54,49,0.58
49,55,0.69
55,49,0.69
49,56,0.61
56,49,0.61
49,122,0.57
122,49,0.57
49,123,0.69
123,49,0.69
49,124,0.59
124,49,0.59
50,51,1.00
51,50,1.00
50,52,0.76
52,50,0.76
50,53,0.60
53,50,0.60
50,55,0.63
55,50,0.63
50,56,0.63
56,50,0.63
50,122,0.58
122,50,0.58
50,123,0.77
123,50,0.77
50,124,0.69
124,50,0.69
51,52,1.00
52,51,1.00
51,53,0.74
53,51,0.74
51,54,0.63
54,51,0.63
51,55,0.69
55,51,0.69
51,56,0.69
56,51,0.69
51,57,0.67
57,51,0.67
51,137,0.59
137,51,0.59
52,53,1.00
53,52,1.00
52,54,0.72
54,52,0.72
52,55,0.70
55,52,0.70
52,56,0.61
56,52,0.61
52,57,0.62
57,52,0.62
53,54,1.00
54,53,1.00
53,55,0.81
55,53,0.81
53,56,0.63
56,53,0.63
53,57,0.68
57,53,0.68
54,55,1.00
55,54,1.00
54,56,0.75
56,54,0.75
54,57,0.82
57,54,0.82
54,58,0.64
58,54,0.64
54,68,0.67
68,54,0.67
54,69,0.59
69,54,0.59
54,70,0.59
70,54,0.59
54,74,0.63
74,54,0.63
54,75,0.74
75,54,0.74
54,76,0.62
76,54,0.62
55,56,1.00
56,55,1.00
55,57,0.86
57,55,0.86
55,58,0.66
58,55,0.66
55,70,0.61
70,55,0.61
55,73,0.64
73,55,0.64
55,74,0.79
74,55,0.79
55,75,0.84
75,55,0.84
55,76,0.71
76,55,0.71
55,77,0.67
77,55,0.67
55,78,0.64
78,55,0.64
55,137,0.59
137,55,0.59
56,57,1.00
57,56,1.00
56,58,0.79
58,56,0.79
56,59,0.59
59,56,0.59
56,70,0.64
70,56,0.64
56,71,0.59
71,56,0.59
56,72,0.63
72,56,0.63
56,73,0.86
73,56,0.86
56,74,0.98
74,56,0.98
56,75,0.81
75,56,0.81
56,76,0.64
76,56,0.64
56,77,0.64
77,56,0.64
56,78,0.68
78,56,0.68
56,79,0.58
79,56,0.58
56,124,0.58
124,56,0.58
56,133,0.60
133,56,0.60
56,136,0.73
136,56,0.73
56,137,0.81
137,56,0.81
56,138,0.59
138,56,0.59
57,58,1.00
58,57,1.00
57,59,0.78
59,57,0.78
57,60,0.59
60,57,0.59
57,68,0.59
68,57,0.59
57,69,0.60
69,57,0.60
57,70,0.67
70,57,0.67
57,71,0.57
71,57,0.57
57,72,0.59
72,57,0.59
57,73,0.81
73,57,0.81
57,74,0.78
74,57,0.78
57,75,0.75
75,57,0.75
57,133,0.60
133,57,0.60
57,136,0.63
136,57,0.63
57,137,0.80
137,57,0.80
57,138,0.63
138,57,0.63
57,139,0.60
139,57,0.60
58,59,1.00
59,58,1.00
58,60,0.71
60,58,0.71
58,61,0.65
61,58,0.65
58,62,0.71
62,58,0.71
58,68,0.62
68,58,0.62
58,69,0.70
69,58,0.70
58,70,0.83
70,58,0.83
58,71,0.70
71,58,0.70
58,72,0.71
72,58,0.71
58,73,0.98
73,58,0.98
58,74,0.79
74,58,0.79
58,75,0.76
75,58,0.76
58,133,0.73
133,58,0.73
58,134,0.61
134,58,0.61
58,136,0.63
136,58,0.63
58,137,0.78
137,58,0.78
58,138,0.64
138,58,0.64
58,139,0.63
139,58,0.63
59,60,1.00
60,59,1.00
59,61,0.79
61,59,0.79
59,62,0.73
62,59,0.73
59,64,0.61
64,59,0.61
59,68,0.62
68,59,0.62
59,69,0.66
69,59,0.66
59,70,0.67
70,59,0.67
59,73,0.67
73,59,0.67
59,74,0.57
74,59,0.57
59,75,0.59
75,59,0.59
59,133,0.60
133,59,0.60
59,137,0.62
137,59,0.62
59,138,0.58
138,59,0.58
59,139,0.65
139,59,0.65
60,61,1.00
61,60,1.00
60,62,0.74
62,60,0.74
60,63,0.61
63,60,0.61
60,64,0.71
64,60,0.71
60,67,0.61
67,60,0.61
60,68,0.65
68,60,0.65
60,69,0.66
69,60,0.66
60,70,0.59
70,60,0.59
61,62,1.00
62,61,1.00
61,63,0.82
63,61,0.82
61,64,0.86
64,61,0.86
61,65,0.66
65,61,0.66
61,66,0.61
66,61,0.61
61,67,0.62
67,61,0.62
61,68,0.66
68,61,0.66
61,69,0.74
69,61,0.74
61,70,0.65
70,61,0.65
62,63,1.00
63,62,1.00
62,64,0.84
64,62,0.84
62,65,0.63
65,62,0.63
62,67,0.58
67,62,0.58
62,68,0.67
68,62,0.67
62,69,0.90
69,62,0.90
62,70,0.87
70,62,0.87
62,71,0.74
71,62,0.74
62,72,0.61
72,62,0.61
62,73,0.61
73,62,0.61
62,75,0.61
75,62,0.61
63,64,1.00
64,63,1.00
63,65,0.81
65,63,0.81
63,66,0.62
66,63,0.62
63,67,0.64
67,63,0.64
63,68,0.70
68,63,0.70
63,69,0.91
69,63,0.91
63,70,0.74
70,63,0.74
63,71,0.63
71,63,0.63
64,65,1.00
65,64,1.00
64,66,0.82
66,64,0.82
64,67,0.91
67,64,0.91
64,68,0.92
68,64,0.92
64,69,0.98
69,64,0.98
64,70,0.69
70,64,0.69
65,66,1.00
66,65,1.00
65,67,0.86
67,65,0.86
65,68,0.71
68,65,0.71
65,69,0.69
69,65,0.69
66,67,1.00
67,66,1.00
66,68,0.71
68,66,0.71
66,69,0.60
69,66,0.60
67,68,1.00
68,67,1.00
67,69,0.74
69,67,0.74
68,69,1.00
69,68,1.00
68,70,0.72
70,68,0.72
68,75,0.69
75,68,0.69
68,76,0.58
76,68,0.58
69,70,1.00
70,69,1.00
69,71,0.70
71,69,0.70
69,73,0.59
73,69,0.59
69,74,0.62
74,69,0.62
69,75,0.79
75,69,0.79
69,76,0.65
76,69,0.65
70,71,1.00
71,70,1.00
70,72,0.75
72,70,0.75
70,73,0.78
73,70,0.78
70,74,0.83
74,70,0.83
70,75,0.98
75,70,0.98
70,76,0.74
76,70,0.74
70,77,0.58
77,70,0.58
70,133,0.60
133,70,0.60
71,72,1.00
72,71,1.00
71,73,0.82
73,71,0.82
71,74,0.83
74,71,0.83
71,75,0.78
75,71,0.78
71,76,0.67
76,71,0.67
71,77,0.59
77,71,0.59
71,132,0.63
132,71,0.63
71,133,0.68
133,71,0.68
71,136,0.57
136,71,0.57
72,73,1.00
73,72,1.00
72,74,0.83
74,72,0.83
72,75,0.66
75,72,0.66
72,131,0.63
131,72,0.63
72,132,0.87
132,72,0.87
72,133,0.94
133,72,0.94
72,134,0.66
134,72,0.66
72,135,0.66
135,72,0.66
72,136,0.75
136,72,0.75
72,137,0.66
137,72,0.66
73,74,1.00
74,73,1.00
73,75,0.75
75,73,0.75
73,76,0.59
76,73,0.59
73,78,0.59
78,73,0.59
73,132,0.71
132,73,0.71
73,133,0.95
133,73,0.95
73,134,0.71
134,73,0.71
73,135,0.68
135,73,0.68
73,136,0.87
136,73,0.87
73,137,0.91
137,73,0.91
73,138,0.66
138,73,0.66
73,139,0.58
139,73,0.58
74,75,1.00
75,74,1.00
74,76,0.80
76,74,0.80
74,77,0.76
77,74,0.76
74,78,0.77
78,74,0.77
74,79,0.59
79,74,0.59
74,133,0.66
133,74,0.66
74,136,0.72
136,74,0.72
74,137,0.70
137,74,0.70
75,76,1.00
76,75,1.00
75,77,0.76
77,75,0.76
75,78,0.65
78,75,0.65
76,77,1.00
77,76,1.00
76,78,0.72
78,76,0.72
76,100,0.62
100,76,0.62
76,101,0.65
101,76,0.65
76,102,0.62
102,76,0.62
77,78,1.00
78,77,1.00
77,79,0.72
79,77,0.72
77,99,0.67
99,77,0.67
77,100,0.83
100,77,0.83
77,101,0.89
101,77,0.89
77,102,0.73
102,77,0.73
78,79,1.00
79,78,1.00
78,80,0.77
80,78,0.77
78,81,0.57
81,78,0.57
78,99,0.68
99,78,0.68
78,100,0.89
100,78,0.89
78,101,0.80
101,78,0.80
78,102,0.60
102,78,0.60
78,124,0.60
124,78,0.60
78,136,0.58
136,78,0.58
79,80,1.00
80,79,1.00
79,81,0.75
81,79,0.75
79,82,0.59
82,79,0.59
79,99,0.59
99,79,0.59
79,100,0.78
100,79,0.78
79,101,0.71
101,79,0.71
79,110,0.60
110,79,0.60
79,112,0.60
112,79,0.60
79,122,0.70
122,79,0.70
79,123,0.68
123,79,0.68
79,124,0.72
124,79,0.72
79,125,0.64
125,79,0.64
79,126,0.60
126,79,0.60
80,81,1.00
81,80,1.00
80,82,0.78
82,80,0.78
80,100,0.63
100,80,0.63
80,110,0.59
110,80,0.59
80,122,0.70
122,80,0.70
80,123,0.70
123,80,0.70
80,124,0.87
124,80,0.87
80,125,0.91
125,80,0.91
80,126,0.84
126,80,0.84
80,127,0.60
127,80,0.60
80,136,0.62
136,80,0.62
81,82,1.00
82,81,1.00
81,83,0.73
83,81,0.73
81,110,0.62
110,81,0.62
81,111,0.58
111,81,0.58
81,112,0.65
112,81,0.65
81,120,0.61
120,81,0.61
81,121,0.60
121,81,0.60
81,122,0.77
122,81,0.77
81,123,0.69
123,81,0.69
81,124,0.78
124,81,0.78
81,125,0.92
125,81,0.92
81,126,0.77
126,81,0.77
81,127,0.58
127,81,0.58
82,83,1.00
83,82,1.00
82,84,0.77
84,82,0.77
82,85,0.57
85,82,0.57
82,110,0.62
110,82,0.62
82,124,0.61
124,82,0.61
82,125,0.79
125,82,0.79
82,126,0.81
126,82,0.81
82,127,0.63
127,82,0.63
83,84,1.00
84,83,1.00
83,85,0.74
85,83,0.74
83,86,0.60
86,83,0.60
83,125,0.62
125,83,0.62
83,126,0.62
126,83,0.62
84,85,1.00
85,84,1.00
84,86,0.82
86,84,0.82
84,87,0.61
87,84,0.61
85,86,1.00
86,85,1.00
85,87,0.78
87,85,0.78
85,88,0.69
88,85,0.69
85,89,0.58
89,85,0.58
85,90,0.71
90,85,0.71
86,87,1.00
87,86,1.00
86,88,0.73
88,86,0.73
86,89,0.58
89,86,0.58
86,90,0.65
90,86,0.65
87,88,1.00
88,87,1.00
87,89,0.76
89,87,0.76
87,90,0.76
90,87,0.76
87,91,0.59
91,87,0.59
88,89,1.00
89,88,1.00
88,90,0.86
90,88,0.86
88,91,0.63
91,88,0.63
89,90,1.00
90,89,1.00
89,91,0.81
91,89,0.81
89,92,0.70
92,89,0.70
90,91,1.00
91,90,1.00
90,92,0.76
92,90,0.76
90,93,0.58
93,90,0.58
90,94,0.58
94,90,0.58
91,92,1.00
92,91,1.00
91,93,0.72
93,91,0.72
91,94,0.68
94,91,0.68
92,93,1.00
93,92,1.00
92,94,0.78
94,92,0.78
93,94,1.00
94,93,1.00
93,95,0.73
95,93,0.73
94,95,1.00
95,94,1.00
94,96,0.76
96,94,0.76
94,97,0.57
97,94,0.57
95,96,1.00
96,95,1.00
95,97,0.77
97,95,0.77
95,98,0.58
98,95,0.58
95,109,0.59
109,95,0.59
96,97,1.00
97,96,1.00
96,98,0.76
98,96,0.76
96,99,0.57
99,96,0.57
96,108,0.59
108,96,0.59
96,109,0.77
109,96,0.77
96,110,0.70
110,96,0.70
97,98,1.00
98,97,1.00
97,99,0.74
99,97,0.74
97,100,0.60
100,97,0.60
97,108,0.57
108,97,0.57
97,109,0.75
109,97,0.75
97,110,0.62
110,97,0.62
98,99,1.00
99,98,1.00
98,100,0.77
100,98,0.77
98,101,0.58
101,98,0.58
98,109,0.72
109,98,0.72
98,110,0.65
110,98,0.65
99,100,1.00
100,99,1.00
99,101,0.73
101,99,0.73
99,102,0.61
102,99,0.61
99,109,0.65
109,99,0.65
99,110,0.57
110,99,0.57
100,101,1.00
101,100,1.00
100,102,0.72
102,100,0.72
100,105,0.58
105,100,0.58
100,109,0.67
109,100,0.67
100,110,0.63
110,100,0.63
101,102,1.00
102,101,1.00
101,103,0.73
103,101,0.73
101,104,0.64
104,101,0.64
101,105,0.70
105,101,0.70
101,109,0.59
109,101,0.59
101,114,0.58
114,101,0.58
102,103,1.00
103,102,1.00
102,104,0.75
104,102,0.75
102,105,0.69
105,102,0.69
103,104,1.00
104,103,1.00
103,105,0.77
105,103,0.77
104,105,1.00
105,104,1.00
104,106,0.74
106,104,0.74
104,107,0.58
107,104,0.58
104,108,0.60
108,104,0.60
104,114,0.61
114,104,0.61
105,106,1.00
106,105,1.00
105,107,0.73
107,105,0.73
105,108,0.75
108,105,0.75
105,109,0.62
109,105,0.62
105,111,0.58
111,105,0.58
105,112,0.58
112,105,0.58
105,113,0.66
113,105,0.66
105,114,0.81
114,105,0.81
105,115,0.61
115,105,0.61
106,107,1.00
107,106,1.00
106,108,0.84
108,106,0.84
106,109,0.63
109,106,0.63
106,110,0.58
110,106,0.58
106,111,0.67
111,106,0.67
106,112,0.64
112,106,0.64
106,113,0.77
113,106,0.77
106,114,0.81
114,106,0.81
106,115,0.58
115,106,0.58
107,108,1.00
108,107,1.00
107,109,0.71
109,107,0.71
107,110,0.65
110,107,0.65
107,111,0.78
111,107,0.78
107,112,0.65
112,107,0.65
107,113,0.71
113,107,0.71
107,114,0.64
114,107,0.64
108,109,1.00
109,108,1.00
108,110,0.78
110,108,0.78
108,111,0.78
111,108,0.78
108,112,0.62
112,108,0.62
108,113,0.61
113,108,0.61
108,114,0.59
114,108,0.59
109,110,1.00
110,109,1.00
109,111,0.78
111,109,0.78
109,112,0.61
112,109,0.61
110,111,1.00
111,110,1.00
110,112,0.76
112,110,0.76
110,113,0.60
113,110,0.60
111,112,1.00
112,111,1.00
111,113,0.78
113,111,0.78
111,114,0.64
114,111,0.64
111,120,0.58
120,111,0.58
112,113,1.00
113,112,1.00
112,114,0.76
114,112,0.76
112,115,0.65
115,112,0.65
112,116,0.75
116,112,0.75
112,119,0.59
119,112,0.59
112,120,0.77
120,112,0.77
112,121,0.66
121,112,0.66
112,122,0.67
122,112,0.67
113,114,1.00
114,113,1.00
113,115,0.77
115,113,0.77
113,116,0.86
116,113,0.86
113,117,0.63
117,113,0.63
113,119,0.59
119,113,0.59
113,120,0.69
120,113,0.69
113,121,0.63
121,113,0.63
113,122,0.58
122,113,0.58
114,115,1.00
115,114,1.00
114,116,0.83
116,114,0.83
114,117,0.61
117,114,0.61
114,120,0.58
120,114,0.58
114,121,0.60
121,114,0.60
114,122,0.58
122,114,0.58
115,116,1.00
116,115,1.00
115,117,0.77
117,115,0.77
115,118,0.57
118,115,0.57
115,120,0.61
120,115,0.61
115,121,0.71
121,115,0.71
115,122,0.65
122,115,0.65
116,117,1.00
117,116,1.00
116,118,0.74
118,116,0.74
116,119,0.75
119,116,0.75
116,120,0.84
120,116,0.84
116,121,0.95
121,116,0.95
116,122,0.75
122,116,0.75
116,123,0.58
123,116,0.58
117,118,1.00
118,117,1.00
117,119,0.84
119,117,0.84
117,120,0.75
120,117,0.75
117,121,0.88
121,117,0.88
117,122,0.64
122,117,0.64
118,119,1.00
119,118,1.00
118,120,0.76
120,118,0.76
118,121,0.85
121,118,0.85
118,122,0.61
122,118,0.61
119,120,1.00
120,119,1.00
119,121,0.85
121,119,0.85
119,122,0.62
122,119,0.62
120,121,1.00
121,120,1.00
120,122,0.79
122,120,0.79
120,123,0.59
123,120,0.59
121,122,1.00
122,121,1.00
121,123,0.75
123,121,0.75
121,124,0.58
124,121,0.58
122,123,1.00
123,122,1.00
122,124,0.78
124,122,0.78
122,125,0.66
125,122,0.66
123,124,1.00
124,123,1.00
123,125,0.72
125,123,0.72
124,125,1.00
125,124,1.00
124,126,0.73
126,124,0.73
124,127,0.61
127,124,0.61
124,136,0.62
136,124,0.62
125,126,1.00
126,125,1.00
125,127,0.79
127,125,0.79
125,128,0.58
128,125,0.58
125,135,0.57
135,125,0.57
125,136,0.63
136,125,0.63
126,127,1.00
127,126,1.00
126,128,0.73
128,126,0.73
126,129,0.59
129,126,0.59
126,135,0.69
135,126,0.69
126,136,0.71
136,126,0.71
127,128,1.00
128,127,1.00
127,129,0.78
129,127,0.78
127,130,0.59
130,127,0.59
127,134,0.58
134,127,0.58
127,135,0.79
135,127,0.79
127,136,0.69
136,127,0.69
128,129,1.00
129,128,1.00
128,130,0.79
130,128,0.79
128,131,0.69
131,128,0.69
128,132,0.68
132,128,0.68
128,133,0.59
133,128,0.59
128,134,0.67
134,128,0.67
128,135,0.91
135,128,0.91
128,136,0.67
136,128,0.67
129,130,1.00
130,129,1.00
129,131,0.75
131,129,0.75
129,132,0.66
132,129,0.66
129,133,0.63
133,129,0.63
129,134,0.83
134,129,0.83
129,135,0.97
135,129,0.97
129,136,0.67
136,129,0.67
129,137,0.60
137,129,0.60
129,138,0.66
138,129,0.66
130,131,1.00
131,130,1.00
130,132,0.74
132,130,0.74
130,133,0.66
133,130,0.66
130,134,0.85
134,130,0.85
130,135,0.81
135,130,0.81
130,136,0.59
136,130,0.59
130,138,0.60
138,130,0.60
131,132,1.00
132,131,1.00
131,133,0.82
133,131,0.82
131,134,0.87
134,131,0.87
131,135,0.79
135,131,0.79
131,136,0.62
136,131,0.62
131,138,0.58
138,131,0.58
132,133,1.00
133,132,1.00
132,134,0.84
134,132,0.84
132,135,0.85
135,132,0.85
132,136,0.74
136,132,0.74
132,137,0.63
137,132,0.63
132,138,0.57
138,132,0.57
133,134,1.00
134,133,1.00
133,135,0.85
135,133,0.85
133,136,0.86
136,133,0.86
133,137,0.83
137,133,0.83
133,138,0.72
138,133,0.72
133,139,0.63
139,133,0.63
134,135,1.00
135,134,1.00
134,136,0.83
136,134,0.83
134,137,0.84
137,134,0.84
134,138,0.91
138,134,0.91
134,139,0.74
139,134,0.74
134,140,0.58
140,134,0.58
135,136,1.00
136,135,1.00
135,137,0.79
137,135,0.79
135,138,0.74
138,135,0.74
135,139,0.58
139,135,0.58
136,137,1.00
137,136,1.00
136,138,0.75
138,136,0.75
136,139,0.57
139,136,0.57
137,138,1.00
138,137,1.00
137,139,0.75
139,137,0.75
138,139,1.00
139,138,1.00
138,140,0.71
140,138,0.71
138,141,0.60
141,138,0.60
139,140,1.00
140,139,1.00
139,141,0.78
141,139,0.78
140,141,1.00
141,140,1.00
140,142,0.73
142,140,0.73
141,142,1.00
142,141,1.00
141,143,0.70
143,141,0.70
142,143,1.00
143,142,1.00
142,144,0.74
144,142,0.74
143,144,1.00
144,143,1.00
143,145,0.71
145,143,0.71
144,145,1.00
145,144,1.00
144,146,0.74
146,144,0.74
144,147,0.61
147,144,0.61
145,146,1.00
146,145,1.00
145,147,0.71
147,145,0.71
146,147,1.00
147,146,1.00
146,148,0.72
148,146,0.72
146,149,0.63
149,146,0.63
147,148,1.00
148,147,1.00
147,149,0.82
149,147,0.82
147,150,0.61
150,147,0.61
148,149,1.00
149,148,1.00
148,150,0.71
150,148,0.71
149,150,1.00
150,149,1.00
149,151,0.72
151,149,0.72
150,151,1.00
151,150,1.00
150,152,0.73
152,150,0.73
151,152,1.00
152,151,1.00
151,153,0.71
153,151,0.71
151,154,0.69
154,151,0.69
152,153,1.00
153,152,1.00
152,154,0.83
154,152,0.83
152,155,0.63
155,152,0.63
153,154,1.00
154,153,1.00
153,155,0.72
155,153,0.72
153,156,0.63
156,153,0.63
154,155,1.00
155,154,1.00
154,156,0.79
156,154,0.79
154,157,0.58
157,154,0.58
154,159,0.62
159,154,0.62
155,156,1.00
156,155,1.00
155,157,0.71
157,155,0.71
155,158,0.63
158,155,0.63
155,159,0.62
159,155,0.62
156,157,1.00
157,156,1.00
156,158,0.84
158,156,0.84
156,159,0.74
159,156,0.74
157,158,1.00
158,157,1.00
157,159,0.72
159,157,0.72
158,159,1.00
159,158,1.00
158,160,0.73
160,158,0.73
158,161,0.60
161,158,0.60
159,160,1.00
160,159,1.00
159,161,0.80
161,159,0.80
159,162,0.61
162,159,0.61
160,161,1.00
161,160,1.00
160,162,0.77
162,160,0.77
160,163,0.59
163,160,0.59
161,162,1.00
162,161,1.00
161,163,0.78
163,161,0.78
162,163,1.00
163,162,1.00
162,164,0.72
164,162,0.72
163,164,1.00
164,163,1.00
163,165,0.72
165,163,0.72
164,165,1.00
165,164,1.00
164,166,0.71
166,164,0.71
164,167,0.63
167,164,0.63
165,166,1.00
166,165,1.00
165,167,0.85
167,165,0.85
165,168,0.64
168,165,0.64
166,167,1.00
167,166,1.00
166,168,0.72
168,166,0.72
166,169,0.58
169,166,0.58
167,168,1.00
168,167,1.00
167,169,0.70
169,167,0.70
168,169,1.00
169,168,1.00
