2,3,1.00
3,2,1.00
2,4,0.73
4,2,0.73
2,30,0.57
30,2,0.57
2,31,0.66
31,2,0.66
2,32,0.58
32,2,0.58
3,4,1.00
4,3,1.00
3,5,0.74
5,3,0.74
3,30,0.64
30,3,0.64
3,31,0.76
31,3,0.76
3,32,0.69
32,3,0.69
3,33,0.67
33,3,0.67
3,34,0.59
34,3,0.59
4,5,1.00
5,4,1.00
4,6,0.71
6,4,0.71
4,29,0.59
29,4,0.59
4,30,0.77
30,4,0.77
4,31,0.97
31,4,0.97
4,32,0.93
32,4,0.93
4,33,0.82
33,4,0.82
4,34,0.73
34,4,0.73
4,35,0.59
35,4,0.59
5,6,1.00
6,5,1.00
5,7,0.74
7,5,0.74
5,8,0.67
8,5,0.67
5,29,0.63
29,5,0.63
5,30,0.90
30,5,0.90
5,31,0.88
31,5,0.88
5,32,0.79
32,5,0.79
5,33,0.66
33,5,0.66
5,34,0.66
34,5,0.66
5,35,0.60
35,5,0.60
5,36,0.64
36,5,0.64
6,7,1.00
7,6,1.00
6,8,0.80
8,6,0.80
6,9,0.64
9,6,0.64
6,30,0.72
30,6,0.72
6,31,0.67
31,6,0.67
6,32,0.67
32,6,0.67
6,33,0.58
33,6,0.58
6,34,0.64
34,6,0.64
6,35,0.68
35,6,0.68
6,36,0.82
36,6,0.82
6,37,0.67
37,6,0.67
6,38,0.63
38,6,0.63
7,8,1.00
8,7,1.00
7,9,0.78
9,7,0.78
7,10,0.59
10,7,0.59
7,30,0.67
30,7,0.67
7,31,0.58
31,7,0.58
7,36,0.71
36,7,0.71
7,37,0.69
37,7,0.69
7,38,0.75
38,7,0.75
7,39,0.59
39,7,0.59
8,9,1.00
9,8,1.00
8,10,0.77
10,8,0.77
8,11,0.64
11,8,0.64
8,12,0.69
12,8,0.69
8,13,0.71
13,8,0.71
8,30,0.63
30,8,0.63
8,38,0.59
38,8,0.59
9,10,1.00
10,9,1.00
9,11,0.72
11,9,0.72
9,12,0.66
12,9,0.66
9,13,0.61
13,9,0.61
9,38,0.61
38,9,0.61
10,11,1.00
11,10,1.00
10,12,0.81
12,10,0.81
10,13,0.66
13,10,0.66
10,14,0.59
14,10,0.59
11,12,1.00
12,11,1.00
11,13,0.70
13,11,0.70
11,14,0.62
14,11,0.62
12,13,1.00
13,12,1.00
12,14,0.81
14,12,0.81
12,15,0.59
15,12,0.59
13,14,1.00
14,13,1.00
13,15,0.76
15,13,0.76
13,16,0.58
16,13,0.58
13,28,0.57
28,13,0.57
14,15,1.00
15,14,1.00
14,16,0.73
16,14,0.73
14,25,0.59
25,14,0.59
14,26,0.58
26,14,0.58
15,16,1.00
16,15,1.00
15,17,0.73
17,15,0.73
15,24,0.57
24,15,0.57
15,25,0.71
25,15,0.71
15,26,0.74
26,15,0.74
15,27,0.62
27,15,0.62
16,17,1.00
17,16,1.00
16,18,0.72
18,16,0.72
16,23,0.74
23,16,0.74
16,24,0.76
24,16,0.76
16,25,0.87
25,16,0.87
16,26,0.81
26,16,0.81
16,27,0.60
27,16,0.60
17,18,1.00
18,17,1.00
17,19,0.75
19,17,0.75
17,22,0.65
22,17,0.65
17,23,0.81
23,17,0.81
17,24,0.88
24,17,0.88
17,25,0.83
25,17,0.83
17,26,0.84
26,17,0.84
17,27,0.60
27,17,0.60
18,19,1.00
19,18,1.00
18,20,0.75
20,18,0.75
18,21,0.79
21,18,0.79
18,22,0.86
22,18,0.86
18,23,0.91
23,18,0.91
18,24,0.83
24,18,0.83
18,25,0.65
25,18,0.65
18,26,0.62
26,18,0.62
19,20,1.00
20,19,1.00
19,21,0.83
21,19,0.83
19,22,0.83
22,19,0.83
19,23,0.75
23,19,0.75
19,24,0.77
24,19,0.77
19,25,0.58
25,19,0.58
20,21,1.00
21,20,1.00
20,22,0.82
22,20,0.82
20,23,0.64
23,20,0.64
20,24,0.60
24,20,0.60
21,22,1.00
22,21,1.00
21,23,0.71
23,21,0.71
21,24,0.59
24,21,0.59
22,23,1.00
23,22,1.00
22,24,0.76
24,22,0.76
23,24,1.00
24,23,1.00
23,25,0.75
25,23,0.75
23,26,0.60
26,23,0.60
24,25,1.00
25,24,1.00
24,26,0.78
26,24,0.78
24,27,0.58
27,24,0.58
25,26,1.00
26,25,1.00
25,27,0.74
27,25,0.74
26,27,1.00
27,26,1.00
26,28,0.72
28,26,0.72
27,28,1.00
28,27,1.00
27,29,0.75
29,27,0.75
27,30,0.62
30,27,0.62
28,29,1.00
29,28,1.00
28,30,0.82
30,28,0.82
28,31,0.62
31,28,0.62
29,30,1.00
30,29,1.00
29,31,0.81
31,29,0.81
29,32,0.61
32,29,0.61
30,31,1.00
31,30,1.00
30,32,0.71
32,30,0.71
31,32,1.00
32,31,1.00
31,33,0.71
33,31,0.71
31,34,0.60
34,31,0.60
32,33,1.00
33,32,1.00
32,34,0.78
34,32,0.78
32,35,0.64
35,32,0.64
32,36,0.60
36,32,0.60
33,34,1.00
34,33,1.00
33,35,0.71
35,33,0.71
33,36,0.59
36,33,0.59
34,35,1.00
35,34,1.00
34,36,0.73
36,34,0.73
35,36,1.00
36,35,1.00
35,37,0.71
37,35,0.71
36,37,1.00
37,36,1.00
36,38,0.72
38,36,0.72
37,38,1.00
38,37,1.00
37,39,0.71
39,37,0.71
37,40,0.71
40,37,0.71
38,39,1.00
39,38,1.00
38,40,0.82
40,38,0.82
38,41,0.60
41,38,0.60
39,40,1.00
40,39,1.00
39,41,0.79
41,39,0.79
40,41,1.00
41,40,1.00
40,42,0.69
42,40,0.69
40,43,0.69
43,40,0.69
41,42,1.00
42,41,1.00
41,43,0.83
43,41,0.83
41,44,0.60
44,41,0.60
42,43,1.00
43,42,1.00
42,44,0.73
44,42,0.73
43,44,1.00
44,43,1.00
43,45,0.71
45,43,0.71
44,45,1.00
45,44,1.00
44,46,0.75
46,44,0.75
44,47,0.59
47,44,0.59
45,46,1.00
46,45,1.00
45,47,0.79
47,45,0.79
45,48,0.60
48,45,0.60
46,47,1.00
47,46,1.00
46,48,0.80
48,46,0.80
46,49,0.69
49,46,0.69
46,50,0.66
50,46,0.66
47,48,1.00
48,47,1.00
47,49,0.74
49,47,0.74
47,50,0.65
50,47,0.65
48,49,1.00
49,48,1.00
48,50,0.74
50,48,0.74
49,50,1.00
50,49,1.00
49,51,0.74
51,49,0.74
50,51,1.00
51,50,1.00
50,52,0.76
52,50,0.76
50,53,0.61
53,50,0.61
50,54,0.61
54,50,0.61
51,52,1.00
52,51,1.00
51,53,0.76
53,51,0.76
51,54,0.69
54,51,0.69
51,56,0.61
56,51,0.61
52,53,1.00
53,52,1.00
52,54,0.78
54,52,0.78
52,55,0.59
55,52,0.59
52,56,0.59
56,52,0.59
53,54,1.00
54,53,1.00
53,55,0.75
55,53,0.75
53,56,0.69
56,53,0.69
54,55,1.00
55,54,1.00
54,56,0.80
56,54,0.80
54,57,0.60
57,54,0.60
54,58,0.61
58,54,0.61
54,59,0.67
59,54,0.67
54,60,0.62
60,54,0.62
55,56,1.00
56,55,1.00
55,57,0.74
57,55,0.74
55,58,0.76
58,55,0.76
55,59,0.93
59,55,0.93
55,60,0.74
60,55,0.74
55,61,0.63
61,55,0.63
55,62,0.58
62,55,0.58
56,57,1.00
57,56,1.00
56,58,0.84
58,56,0.84
56,59,0.82
59,56,0.82
56,60,0.62
60,56,0.62
56,61,0.58
61,56,0.58
56,62,0.60
62,56,0.60
57,58,1.00
58,57,1.00
57,59,0.80
59,57,0.80
57,60,0.60
60,57,0.60
57,61,0.61
61,57,0.61
57,62,0.71
62,57,0.71
57,63,0.60
63,57,0.60
58,59,1.00
59,58,1.00
58,60,0.78
60,58,0.78
58,61,0.84
61,58,0.84
58,62,1.00
62,58,1.00
58,63,0.74
63,58,0.74
58,64,0.59
64,58,0.59
59,60,1.00
60,59,1.00
59,61,0.83
61,59,0.83
59,62,0.78
62,59,0.78
59,63,0.58
63,59,0.58
60,61,1.00
61,60,1.00
60,62,0.76
62,60,0.76
61,62,1.00
62,61,1.00
61,63,0.74
63,61,0.74
62,63,1.00
63,62,1.00
62,64,0.70
64,62,0.70
62,65,0.59
65,62,0.59
62,66,0.58
66,62,0.58
63,64,1.00
64,63,1.00
63,65,0.74
65,63,0.74
63,66,0.71
66,63,0.71
63,67,0.58
67,63,0.58
64,65,1.00
65,64,1.00
64,66,0.83
66,64,0.83
64,67,0.63
67,64,0.63
64,68,0.58
68,64,0.58
65,66,1.00
66,65,1.00
65,67,0.80
67,65,0.80
65,68,0.79
68,65,0.79
65,69,0.57
69,65,0.57
66,67,1.00
67,66,1.00
66,68,0.84
68,66,0.84
66,69,0.62
69,66,0.62
67,68,1.00
68,67,1.00
67,69,0.79
69,67,0.79
67,70,0.57
70,67,0.57
68,69,1.00
69,68,1.00
68,70,0.73
70,68,0.73
68,71,0.59
71,68,0.59
69,70,1.00
70,69,1.00
69,71,0.73
71,69,0.73
70,71,1.00
71,70,1.00
70,72,0.71
72,70,0.71
71,72,1.00
72,71,1.00
71,73,0.74
73,71,0.74
72,73,1.00
73,72,1.00
72,74,0.77
74,72,0.77
72,75,0.65
75,72,0.65
73,74,1.00
74,73,1.00
73,75,0.71
75,73,0.71
74,75,1.00
75,74,1.00
74,76,0.74
76,74,0.74
74,77,0.58
77,74,0.58
75,76,1.00
76,75,1.00
75,77,0.73
77,75,0.73
75,78,0.59
78,75,0.59
76,77,1.00
77,76,1.00
76,78,0.77
78,76,0.77
76,79,0.58
79,76,0.58
77,78,1.00
78,77,1.00
77,79,0.77
79,77,0.77
78,79,1.00
79,78,1.00
78,80,0.72
80,78,0.72
78,81,0.59
81,78,0.59
79,80,1.00
80,79,1.00
79,81,0.82
81,79,0.82
79,82,0.60
82,79,0.60
80,81,1.00
81,80,1.00
80,82,0.72
82,80,0.72
81,82,1.00
82,81,1.00
81,83,0.73
83,81,0.73
81,84,0.59
84,81,0.59
82,83,1.00
83,82,1.00
82,84,0.80
84,82,0.80
82,85,0.60
85,82,0.60
82,91,0.66
91,82,0.66
82,92,0.60
92,82,0.60
83,84,1.00
84,83,1.00
83,85,0.78
85,83,0.78
83,86,0.63
86,83,0.63
83,87,0.62
87,83,0.62
83,91,0.60
91,83,0.60
84,85,1.00
85,84,1.00
84,86,0.79
86,84,0.79
84,87,0.83
87,84,0.83
84,88,0.71
88,84,0.71
84,89,0.62
89,84,0.62
84,90,0.67
90,84,0.67
84,91,0.72
91,84,0.72
85,86,1.00
86,85,1.00
85,87,0.85
87,85,0.85
85,88,0.76
88,85,0.76
85,89,0.61
89,85,0.61
85,90,0.58
90,85,0.58
86,87,1.00
87,86,1.00
86,88,0.80
88,86,0.80
86,89,0.59
89,86,0.59
87,88,1.00
88,87,1.00
87,89,0.74
89,87,0.74
87,90,0.65
90,87,0.65
87,91,0.62
91,87,0.62
88,89,1.00
89,88,1.00
88,90,0.76
90,88,0.76
88,91,0.63
91,88,0.63
89,90,1.00
90,89,1.00
89,91,0.71
91,89,0.71
89,99,0.58
99,89,0.58
90,91,1.00
91,90,1.00
90,92,0.75
92,90,0.75
90,93,0.69
93,90,0.69
90,99,0.59
99,90,0.59
91,92,1.00
92,91,1.00
91,93,0.78
93,91,0.78
92,93,1.00
93,92,1.00
92,94,0.72
94,92,0.72
92,95,0.61
95,92,0.61
93,94,1.00
94,93,1.00
93,95,0.80
95,93,0.80
93,96,0.58
96,93,0.58
94,95,1.00
95,94,1.00
94,96,0.71
96,94,0.71
94,97,0.59
97,94,0.59
95,96,1.00
96,95,1.00
95,97,0.82
97,95,0.82
95,98,0.63
98,95,0.63
95,99,0.58
99,95,0.58
96,97,1.00
97,96,1.00
96,98,0.72
98,96,0.72
96,99,0.58
99,96,0.58
97,98,1.00
98,97,1.00
97,99,0.77
99,97,0.77
97,100,0.60
100,97,0.60
97,101,0.59
101,97,0.59
97,102,0.61
102,97,0.61
97,108,0.65
108,97,0.65
97,109,0.74
109,97,0.74
97,110,0.63
110,97,0.63
98,99,1.00
99,98,1.00
98,100,0.78
100,98,0.78
98,101,0.80
101,98,0.80
98,102,0.81
102,98,0.81
98,103,0.58
103,98,0.58
98,106,0.58
106,98,0.58
98,107,0.67
107,98,0.67
98,108,0.89
108,98,0.89
98,109,0.91
109,98,0.91
98,110,0.67
110,98,0.67
99,100,1.00
100,99,1.00
99,101,0.79
101,99,0.79
99,102,0.69
102,99,0.69
99,106,0.62
106,99,0.62
99,107,0.71
107,99,0.71
99,108,0.95
108,99,0.95
99,109,0.81
109,99,0.81
99,110,0.66
110,99,0.66
100,101,1.00
101,100,1.00
100,102,0.72
102,100,0.72
100,103,0.58
103,100,0.58
100,105,0.59
105,100,0.59
100,106,0.78
106,100,0.78
100,107,0.78
107,100,0.78
100,108,0.84
108,100,0.84
100,109,0.63
109,100,0.63
101,102,1.00
102,101,1.00
101,103,0.79
103,101,0.79
101,104,0.64
104,101,0.64
101,105,0.73
105,101,0.73
101,106,0.95
106,101,0.95
101,107,0.90
107,101,0.90
101,108,0.84
108,101,0.84
101,109,0.64
109,101,0.64
102,103,1.00
103,102,1.00
102,104,0.69
104,102,0.69
102,105,0.68
105,102,0.68
102,106,0.79
106,102,0.79
102,107,0.91
107,102,0.91
102,108,0.87
108,102,0.87
102,109,0.74
109,102,0.74
103,104,1.00
104,103,1.00
103,105,0.83
105,103,0.83
103,106,0.81
106,103,0.81
103,107,0.82
107,103,0.82
103,108,0.66
108,103,0.66
104,105,1.00
105,104,1.00
104,106,0.79
106,104,0.79
104,107,0.71
107,104,0.71
105,106,1.00
106,105,1.00
105,107,0.73
107,105,0.73
106,107,1.00
107,106,1.00
106,108,0.73
108,106,0.73
107,108,1.00
108,107,1.00
107,109,0.71
109,107,0.71
108,109,1.00
109,108,1.00
108,110,0.74
110,108,0.74
108,111,0.58
111,108,0.58
109,110,1.00
110,109,1.00
109,111,0.77
111,109,0.77
109,112,0.59
112,109,0.59
109,133,0.65
133,109,0.65
110,111,1.00
111,110,1.00
110,112,0.78
112,110,0.78
110,113,0.57
113,110,0.57
110,132,0.67
132,110,0.67
110,133,0.83
133,110,0.83
110,134,0.62
134,110,0.62
111,112,1.00
112,111,1.00
111,113,0.73
113,111,0.73
111,114,0.65
114,111,0.65
111,131,0.63
131,111,0.63
111,132,0.87
132,111,0.87
111,133,1.00
133,111,1.00
111,134,0.68
134,111,0.68
111,135,0.58
135,111,0.58
112,113,1.00
113,112,1.00
112,114,0.75
114,112,0.75
112,115,0.61
115,112,0.61
112,131,0.66
131,112,0.66
112,132,0.95
132,112,0.95
112,133,0.81
133,112,0.81
112,134,0.63
134,112,0.63
113,114,1.00
114,113,1.00
113,115,0.79
115,113,0.79
113,116,0.62
116,113,0.62
113,131,0.71
131,113,0.71
113,132,0.93
132,113,0.93
113,133,0.67
133,113,0.67
113,134,0.59
134,113,0.59
114,115,1.00
115,114,1.00
114,116,0.84
116,114,0.84
114,117,0.64
117,114,0.64
114,126,0.57
126,114,0.57
114,127,0.62
127,114,0.62
114,130,0.64
130,114,0.64
114,131,0.91
131,114,0.91
114,132,0.98
132,114,0.98
114,133,0.68
133,114,0.68
114,134,0.64
134,114,0.64
115,116,1.00
116,115,1.00
115,117,0.74
117,115,0.74
115,122,0.61
122,115,0.61
115,124,0.75
124,115,0.75
115,125,0.71
125,115,0.71
115,126,0.76
126,115,0.76
115,127,0.74
127,115,0.74
115,130,0.65
130,115,0.65
115,131,0.86
131,115,0.86
115,132,0.76
132,115,0.76
115,134,0.60
134,115,0.60
116,117,1.00
117,116,1.00
116,118,0.73
118,116,0.73
116,119,0.60
119,116,0.60
116,121,0.58
121,116,0.58
116,122,0.74
122,116,0.74
116,123,0.61
123,116,0.61
116,124,0.73
124,116,0.73
116,125,0.67
125,116,0.67
116,126,0.62
126,116,0.62
116,127,0.61
127,116,0.61
116,130,0.63
130,116,0.63
116,131,0.76
131,116,0.76
116,132,0.63
132,116,0.63
117,118,1.00
118,117,1.00
117,119,0.84
119,117,0.84
117,120,0.69
120,117,0.69
117,121,0.73
121,117,0.73
117,122,0.91
122,117,0.91
117,123,0.67
123,117,0.67
117,124,0.72
124,117,0.72
117,125,0.60
125,117,0.60
118,119,1.00
119,118,1.00
118,120,0.76
120,118,0.76
118,121,0.83
121,118,0.83
118,122,0.81
122,118,0.81
118,123,0.59
123,118,0.59
119,120,1.00
120,119,1.00
119,121,0.85
121,119,0.85
119,122,0.76
122,119,0.76
119,123,0.59
123,119,0.59
120,121,1.00
121,120,1.00
120,122,0.80
122,120,0.80
120,123,0.68
123,120,0.68
121,122,1.00
122,121,1.00
121,123,0.78
123,121,0.78
121,124,0.62
124,121,0.62
122,123,1.00
123,122,1.00
122,124,0.87
124,122,0.87
122,125,0.70
125,122,0.70
123,124,1.00
124,123,1.00
123,125,0.80
125,123,0.80
123,126,0.59
126,123,0.59
124,125,1.00
125,124,1.00
124,126,0.78
126,124,0.78
124,127,0.61
127,124,0.61
125,126,1.00
126,125,1.00
125,127,0.77
127,125,0.77
125,128,0.64
128,125,0.64
125,131,0.59
131,125,0.59
126,127,1.00
127,126,1.00
126,128,0.75
128,126,0.75
126,129,0.59
129,126,0.59
126,130,0.60
130,126,0.60
126,131,0.65
131,126,0.65
127,128,1.00
128,127,1.00
127,129,0.80
129,127,0.80
127,130,0.79
130,127,0.79
127,131,0.82
131,127,0.82
127,132,0.68
132,127,0.68
127,133,0.60
133,127,0.60
127,134,0.74
134,127,0.74
127,135,0.58
135,127,0.58
128,129,1.00
129,128,1.00
128,130,0.78
130,128,0.78
128,131,0.68
131,128,0.68
128,134,0.72
134,128,0.72
128,135,0.63
135,128,0.63
128,136,0.60
136,128,0.60
128,137,0.59
137,128,0.59
129,130,1.00
130,129,1.00
129,131,0.73
131,129,0.73
129,132,0.59
132,129,0.59
129,133,0.61
133,129,0.61
129,134,0.86
134,129,0.86
129,135,0.82
135,129,0.82
129,136,0.84
136,129,0.84
129,137,0.80
137,129,0.80
129,138,0.65
138,129,0.65
129,139,0.63
139,129,0.63
130,131,1.00
131,130,1.00
130,132,0.73
132,130,0.73
130,133,0.71
133,130,0.71
130,134,0.99
134,130,0.99
130,135,0.81
135,130,0.81
130,136,0.87
136,130,0.87
130,137,0.71
137,130,0.71
130,138,0.66
138,130,0.66
130,139,0.64
139,130,0.64
131,132,1.00
132,131,1.00
131,133,0.81
133,131,0.81
131,134,0.95
134,131,0.95
131,135,0.68
135,131,0.68
131,136,0.65
136,131,0.65
132,133,1.00
133,132,1.00
132,134,0.87
134,132,0.87
132,135,0.63
135,132,0.63
133,134,1.00
134,133,1.00
133,135,0.80
135,133,0.80
133,136,0.63
136,133,0.63
134,135,1.00
135,134,1.00
134,136,0.79
136,134,0.79
134,137,0.61
137,134,0.61
135,136,1.00
136,135,1.00
135,137,0.73
137,135,0.73
135,138,0.59
138,135,0.59
136,137,1.00
137,136,1.00
136,138,0.82
138,136,0.82
136,139,0.65
139,136,0.65
137,138,1.00
138,137,1.00
137,139,0.75
139,137,0.75
137,140,0.57
140,137,0.57
138,139,1.00
139,138,1.00
138,140,0.76
140,138,0.76
138,141,0.59
141,138,0.59
138,142,0.63
142,138,0.63
139,140,1.00
140,139,1.00
139,141,0.75
141,139,0.75
139,142,0.82
142,139,0.82
139,143,0.63
143,139,0.63
140,141,1.00
141,140,1.00
140,142,0.84
142,140,0.84
140,143,0.62
143,140,0.62
140,166,0.59
166,140,0.59
141,142,1.00
142,141,1.00
141,143,0.75
143,141,0.75
141,144,0.58
144,141,0.58
141,166,0.70
166,141,0.70
141,167,0.72
167,141,0.72
141,168,0.65
168,141,0.65
141,169,0.64
169,141,0.64
142,143,1.00
143,142,1.00
142,144,0.78
144,142,0.78
142,145,0.60
145,142,0.60
142,166,0.66
166,142,0.66
142,167,0.70
167,142,0.70
142,168,0.72
168,142,0.72
142,169,0.77
169,142,0.77
143,144,1.00
144,143,1.00
143,145,0.78
145,143,0.78
143,146,0.70
146,143,0.70
143,166,0.73
166,143,0.73
143,167,0.81
167,143,0.81
143,168,0.91
168,143,0.91
143,169,0.89
169,143,0.89
144,145,1.00
145,144,1.00
144,146,0.74
146,144,0.74
144,167,0.61
167,144,0.61
144,168,0.77
168,144,0.77
144,169,0.92
169,144,0.92
145,146,1.00
146,145,1.00
145,147,0.75
147,145,0.75
145,150,0.59
150,145,0.59
145,151,0.65
151,145,0.65
145,168,0.62
168,145,0.62
145,169,0.66
169,145,0.66
146,147,1.00
147,146,1.00
146,148,0.71
148,146,0.71
146,149,0.63
149,146,0.63
146,150,0.82
150,146,0.82
146,151,0.88
151,146,0.88
146,152,0.62
152,146,0.62
146,168,0.57
168,146,0.57
147,148,1.00
148,147,1.00
147,149,0.76
149,147,0.76
147,150,0.85
150,147,0.85
147,151,0.90
151,147,0.90
147,152,0.68
152,147,0.68
147,153,0.58
153,147,0.58
148,149,1.00
149,148,1.00
148,150,0.85
150,148,0.85
148,151,0.86
151,148,0.86
148,152,0.81
152,148,0.81
148,153,0.72
153,148,0.72
148,154,0.57
154,148,0.57
149,150,1.00
150,149,1.00
149,151,0.83
151,149,0.83
149,152,0.86
152,149,0.86
149,153,0.95
153,149,0.95
149,154,0.75
154,149,0.75
150,151,1.00
151,150,1.00
150,152,0.80
152,150,0.80
150,153,0.77
153,150,0.77
150,154,0.72
154,150,0.72
150,155,0.57
155,150,0.57
151,152,1.00
152,151,1.00
151,153,0.76
153,151,0.76
151,154,0.66
154,151,0.66
152,153,1.00
153,152,1.00
152,154,0.76
154,152,0.76
152,155,0.66
155,152,0.66
153,154,1.00
154,153,1.00
153,155,0.75
155,153,0.75
153,156,0.58
156,153,0.58
154,155,1.00
155,154,1.00
154,156,0.73
156,154,0.73
154,159,0.61
159,154,0.61
155,156,1.00
156,155,1.00
155,157,0.76
157,155,0.76
155,158,0.74
158,155,0.74
155,159,0.77
159,155,0.77
155,160,0.59
160,155,0.59
156,157,1.00
157,156,1.00
156,158,0.81
158,156,0.81
156,159,0.83
159,156,0.83
156,160,0.69
160,156,0.69
156,161,0.61
161,156,0.61
157,158,1.00
158,157,1.00
157,159,0.80
159,157,0.80
157,160,0.67
160,157,0.67
158,159,1.00
159,158,1.00
158,160,0.76
160,158,0.76
158,161,0.57
161,158,0.57
159,160,1.00
160,159,1.00
159,161,0.77
161,159,0.77
160,161,1.00
161,160,1.00
160,162,0.70
162,160,0.70
161,162,1.00
162,161,1.00
161,163,0.76
163,161,0.76
162,163,1.00
163,162,1.00
162,164,0.73
164,162,0.73
162,165,0.58
165,162,0.58
163,164,1.00
164,163,1.00
163,165,0.80
165,163,0.80
163,166,0.62
166,163,0.62
164,165,1.00
165,164,1.00
164,166,0.79
166,164,0.79
164,167,0.68
167,164,0.68
165,166,1.00
166,165,1.00
165,167,0.71
167,165,0.71
166,167,1.00
167,166,1.00
166,168,0.72
168,166,0.72
167,168,1.00
168,167,1.00
167,169,0.72
169,167,0.72
168,169,1.00
169,168,1.00
