2,3,1.00
3,2,1.00
2,4,0.82
4,2,0.82
2,5,0.60
5,2,0.60
2,6,0.63
6,2,0.63
2,7,0.65
7,2,0.65
3,4,1.00
4,3,1.00
3,5,0.77
5,3,0.77
3,6,0.88
6,3,0.88
3,7,0.91
7,3,0.91
3,8,0.65
8,3,0.65
3,9,0.61
9,3,0.61
3,10,0.58
10,3,0.58
3,12,0.63
12,3,0.63
4,5,1.00
5,4,1.00
4,6,0.86
6,4,0.86
4,7,0.88
7,4,0.88
4,8,0.73
8,4,0.73
4,9,0.63
9,4,0.63
4,12,0.62
12,4,0.62
4,66,0.58
66,4,0.58
4,67,0.62
67,4,0.62
4,68,0.61
68,4,0.61
4,69,0.65
69,4,0.65
5,6,1.00
6,5,1.00
5,7,0.86
7,5,0.86
5,8,0.85
8,5,0.85
5,9,0.80
9,5,0.80
5,10,0.61
10,5,0.61
5,12,0.60
12,5,0.60
5,14,0.58
14,5,0.58
6,7,1.00
7,6,1.00
6,8,0.81
8,6,0.81
6,9,0.91
9,6,0.91
6,10,0.77
10,6,0.77
6,11,0.65
11,6,0.65
6,12,0.64
12,6,0.64
7,8,1.00
8,7,1.00
7,9,0.87
9,7,0.87
7,10,0.81
10,7,0.81
7,11,0.81
11,7,0.81
7,12,0.91
12,7,0.91
7,13,0.70
13,7,0.70
7,14,0.63
14,7,0.63
7,65,0.62
65,7,0.62
7,66,0.58
66,7,0.58
7,67,0.59
67,7,0.59
8,9,1.00
9,8,1.00
8,10,0.80
10,8,0.80
8,11,0.82
11,8,0.82
8,12,0.88
12,8,0.88
8,13,0.81
13,8,0.81
8,14,0.80
14,8,0.80
8,15,0.65
15,8,0.65
8,64,0.58
64,8,0.58
8,65,0.58
65,8,0.58
8,67,0.61
67,8,0.61
9,10,1.00
10,9,1.00
9,11,0.79
11,9,0.79
9,12,0.69
12,9,0.69
9,13,0.61
13,9,0.61
9,14,0.59
14,9,0.59
10,11,1.00
11,10,1.00
10,12,0.74
12,10,0.74
10,13,0.60
13,10,0.60
11,12,1.00
12,11,1.00
11,13,0.78
13,11,0.78
11,14,0.61
14,11,0.61
11,64,0.60
64,11,0.60
11,65,0.60
65,11,0.60
12,13,1.00
13,12,1.00
12,14,0.73
14,12,0.73
12,15,0.58
15,12,0.58
12,63,0.64
63,12,0.64
12,64,0.78
64,12,0.78
12,65,0.83
65,12,0.83
12,66,0.66
66,12,0.66
12,67,0.65
67,12,0.65
13,14,1.00
14,13,1.00
13,15,0.76
15,13,0.76
13,16,0.57
16,13,0.57
13,35,0.59
35,13,0.59
13,36,0.58
36,13,0.58
13,37,0.59
37,13,0.59
13,38,0.64
38,13,0.64
13,62,0.58
62,13,0.58
13,63,0.79
63,13,0.79
13,64,0.94
64,13,0.94
13,65,0.78
65,13,0.78
13,66,0.66
66,13,0.66
13,67,0.73
67,13,0.73
14,15,1.00
15,14,1.00
14,16,0.77
16,14,0.77
14,17,0.60
17,14,0.60
14,33,0.58
33,14,0.58
14,34,0.64
34,14,0.64
14,35,0.80
35,14,0.80
14,36,0.71
36,14,0.71
14,37,0.67
37,14,0.67
14,38,0.63
38,14,0.63
14,62,0.59
62,14,0.59
14,63,0.78
63,14,0.78
14,64,0.73
64,14,0.73
14,65,0.62
65,14,0.62
14,66,0.61
66,14,0.61
14,67,0.77
67,14,0.77
14,68,0.65
68,14,0.65
15,16,1.00
16,15,1.00
15,17,0.70
17,15,0.70
15,18,0.59
18,15,0.59
15,34,0.58
34,15,0.58
15,35,0.74
35,15,0.74
15,36,0.68
36,15,0.68
15,37,0.69
37,15,0.69
15,38,0.61
38,15,0.61
15,63,0.63
63,15,0.63
15,64,0.59
64,15,0.59
15,67,0.58
67,15,0.58
16,17,1.00
17,16,1.00
16,18,0.76
18,16,0.76
16,19,0.60
19,16,0.60
16,33,0.68
33,16,0.68
16,34,0.66
34,16,0.66
16,35,0.84
35,16,0.84
16,36,0.71
36,16,0.71
16,37,0.67
37,16,0.67
17,18,1.00
18,17,1.00
17,19,0.74
19,17,0.74
17,20,0.58
20,17,0.58
17,33,0.70
33,17,0.70
17,34,0.69
34,17,0.69
17,35,0.83
35,17,0.83
17,36,0.74
36,17,0.74
17,37,0.65
37,17,0.65
17,53,0.63
53,17,0.63
18,19,1.00
19,18,1.00
18,20,0.78
20,18,0.78
18,21,0.58
21,18,0.58
18,23,0.60
23,18,0.60
18,32,0.65
32,18,0.65
18,33,0.84
33,18,0.84
18,34,0.88
34,18,0.88
18,35,0.91
35,18,0.91
18,36,0.74
36,18,0.74
18,37,0.58
37,18,0.58
18,53,0.59
53,18,0.59
18,68,0.57
68,18,0.57
19,20,1.00
20,19,1.00
19,21,0.70
21,19,0.70
19,22,0.63
22,19,0.63
19,23,0.81
23,19,0.81
19,24,0.65
24,19,0.65
19,25,0.63
25,19,0.63
19,30,0.58
30,19,0.58
19,31,0.71
31,19,0.71
19,32,0.78
32,19,0.78
19,33,0.86
33,19,0.86
19,34,0.77
34,19,0.77
19,35,0.66
35,19,0.66
20,21,1.00
21,20,1.00
20,22,0.78
22,20,0.78
20,23,0.86
23,20,0.86
20,24,0.63
24,20,0.63
20,31,0.61
31,20,0.61
20,32,0.70
32,20,0.70
20,33,0.69
33,20,0.69
20,34,0.70
34,20,0.70
20,35,0.58
35,20,0.58
21,22,1.00
22,21,1.00
21,23,0.84
23,21,0.84
21,24,0.61
24,21,0.61
22,23,1.00
23,22,1.00
22,24,0.75
24,22,0.75
22,25,0.58
25,22,0.58
23,24,1.00
24,23,1.00
23,25,0.75
25,23,0.75
23,26,0.57
26,23,0.57
23,30,0.59
30,23,0.59
23,31,0.62
31,23,0.62
23,32,0.59
32,23,0.59
24,25,1.00
25,24,1.00
24,26,0.77
26,24,0.77
24,27,0.61
27,24,0.61
24,28,0.60
28,24,0.60
24,30,0.63
30,24,0.63
24,31,0.65
31,24,0.65
25,26,1.00
26,25,1.00
25,27,0.80
27,25,0.80
25,28,0.83
28,25,0.83
25,29,0.69
29,25,0.69
25,30,0.76
30,25,0.76
25,31,0.82
31,25,0.82
25,32,0.61
32,25,0.61
26,27,1.00
27,26,1.00
26,28,0.83
28,26,0.83
26,29,0.62
29,26,0.62
26,30,0.60
30,26,0.60
26,31,0.64
31,26,0.64
27,28,1.00
28,27,1.00
27,29,0.73
29,27,0.73
27,30,0.62
30,27,0.62
27,31,0.61
31,27,0.61
28,29,1.00
29,28,1.00
28,30,0.79
30,28,0.79
28,31,0.79
31,28,0.79
28,32,0.58
32,28,0.58
29,30,1.00
30,29,1.00
29,31,0.81
31,29,0.81
29,32,0.63
32,29,0.63
30,31,1.00
31,30,1.00
30,32,0.81
32,30,0.81
30,33,0.59
33,30,0.59
31,32,1.00
32,31,1.00
31,33,0.76
33,31,0.76
31,34,0.57
34,31,0.57
32,33,1.00
33,32,1.00
32,34,0.75
34,32,0.75
32,35,0.58
35,32,0.58
33,34,1.00
34,33,1.00
33,35,0.79
35,33,0.79
33,36,0.57
36,33,0.57
33,68,0.60
68,33,0.60
34,35,1.00
35,34,1.00
34,36,0.71
36,34,0.71
34,67,0.64
67,34,0.64
34,68,0.81
68,34,0.81
34,69,0.64
69,34,0.64
34,70,0.57
70,34,0.57
34,71,0.64
71,34,0.64
35,36,1.00
36,35,1.00
35,37,0.72
37,35,0.72
35,38,0.58
38,35,0.58
35,53,0.61
53,35,0.61
35,54,0.60
54,35,0.60
35,62,0.62
62,35,0.62
35,63,0.68
63,35,0.68
35,67,0.72
67,35,0.72
35,68,0.78
68,35,0.78
35,71,0.59
71,35,0.59
36,37,1.00
37,36,1.00
36,38,0.75
38,36,0.75
36,52,0.59
52,36,0.59
36,53,0.81
53,36,0.81
36,54,0.84
54,36,0.84
36,55,0.66
55,36,0.66
36,61,0.59
61,36,0.59
36,62,0.79
62,36,0.79
36,63,0.79
63,36,0.79
36,64,0.59
64,36,0.59
36,67,0.71
67,36,0.71
36,68,0.70
68,36,0.70
36,71,0.59
71,36,0.59
37,38,1.00
38,37,1.00
37,39,0.72
39,37,0.72
37,52,0.70
52,37,0.70
37,53,0.89
53,37,0.89
37,54,0.90
54,37,0.90
37,55,0.65
55,37,0.65
37,61,0.61
61,37,0.61
37,62,0.75
62,37,0.75
37,63,0.78
63,37,0.78
37,64,0.63
64,37,0.63
37,67,0.60
67,37,0.60
38,39,1.00
39,38,1.00
38,40,0.72
40,38,0.72
38,52,0.60
52,38,0.60
38,53,0.67
53,38,0.67
38,54,0.78
54,38,0.78
38,55,0.64
55,38,0.64
38,61,0.74
61,38,0.74
38,62,0.84
62,38,0.84
38,63,0.89
63,38,0.89
38,64,0.78
64,38,0.78
38,65,0.58
65,38,0.58
38,67,0.62
67,38,0.62
39,40,1.00
40,39,1.00
39,41,0.74
41,39,0.74
39,42,0.60
42,39,0.60
39,43,0.65
43,39,0.65
39,52,0.59
52,39,0.59
39,53,0.58
53,39,0.58
39,54,0.67
54,39,0.67
39,55,0.60
55,39,0.60
39,60,0.59
60,39,0.59
39,61,0.72
61,39,0.72
39,62,0.67
62,39,0.67
39,63,0.66
63,39,0.66
39,64,0.65
64,39,0.65
40,41,1.00
41,40,1.00
40,42,0.72
42,40,0.72
40,43,0.69
43,40,0.69
40,61,0.58
61,40,0.58
40,64,0.58
64,40,0.58
40,156,0.60
156,40,0.60
41,42,1.00
42,41,1.00
41,43,0.81
43,41,0.81
41,44,0.59
44,41,0.59
41,127,0.65
127,41,0.65
41,128,0.63
128,41,0.63
41,129,0.65
129,41,0.65
41,154,0.65
154,41,0.65
41,155,0.61
155,41,0.61
41,156,0.67
156,41,0.67
42,43,1.00
43,42,1.00
42,44,0.74
44,42,0.74
42,125,0.59
125,42,0.59
42,126,0.64
126,42,0.64
42,127,0.83
127,42,0.83
42,128,0.72
128,42,0.72
42,129,0.64
129,42,0.64
42,154,0.64
154,42,0.64
43,44,1.00
44,43,1.00
43,45,0.75
45,43,0.75
43,46,0.66
46,43,0.66
43,47,0.59
47,43,0.59
43,127,0.63
127,43,0.63
44,45,1.00
45,44,1.00
44,46,0.74
46,44,0.74
44,47,0.62
47,44,0.62
45,46,1.00
46,45,1.00
45,47,0.79
47,45,0.79
45,48,0.58
48,45,0.58
46,47,1.00
47,46,1.00
46,48,0.75
48,46,0.75
46,51,0.62
51,46,0.62
46,52,0.64
52,46,0.64
47,48,1.00
48,47,1.00
47,49,0.70
49,47,0.70
47,50,0.65
50,47,0.65
47,51,0.84
51,47,0.84
47,52,0.92
52,47,0.92
47,53,0.66
53,47,0.66
47,54,0.65
54,47,0.65
47,55,0.60
55,47,0.60
48,49,1.00
49,48,1.00
48,50,0.79
50,48,0.79
48,51,0.86
51,48,0.86
48,52,1.00
52,48,1.00
48,53,0.78
53,48,0.78
48,54,0.78
54,48,0.78
48,55,0.72
55,48,0.72
48,56,0.58
56,48,0.58
49,50,1.00
50,49,1.00
49,51,0.82
51,49,0.82
49,52,0.83
52,49,0.83
49,53,0.78
53,49,0.78
49,54,0.70
54,49,0.70
49,55,0.64
55,49,0.64
50,51,1.00
51,50,1.00
50,52,0.85
52,50,0.85
50,53,0.78
53,50,0.78
50,54,0.61
54,50,0.61
51,52,1.00
52,51,1.00
51,53,0.75
53,51,0.75
51,54,0.61
54,51,0.61
52,53,1.00
53,52,1.00
52,54,0.83
54,52,0.83
52,55,0.65
55,52,0.65
53,54,1.00
54,53,1.00
53,55,0.71
55,53,0.71
53,62,0.61
62,53,0.61
54,55,1.00
55,54,1.00
54,56,0.71
56,54,0.71
54,57,0.57
57,54,0.57
54,61,0.71
61,54,0.71
54,62,0.81
62,54,0.81
54,63,0.66
63,54,0.66
55,56,1.00
56,55,1.00
55,57,0.78
57,55,0.78
55,58,0.60
58,55,0.60
55,60,0.63
60,55,0.63
55,61,0.81
61,55,0.81
55,62,0.82
62,55,0.82
55,63,0.60
63,55,0.60
55,73,0.61
73,55,0.61
56,57,1.00
57,56,1.00
56,58,0.81
58,56,0.81
56,59,0.71
59,56,0.71
56,60,0.81
60,56,0.81
56,61,0.92
61,56,0.92
56,62,0.75
62,56,0.75
56,73,0.58
73,56,0.58
57,58,1.00
58,57,1.00
57,59,0.74
59,57,0.74
57,60,0.72
60,57,0.72
57,61,0.73
61,57,0.73
57,62,0.66
62,57,0.66
57,71,0.60
71,57,0.60
57,72,0.61
72,57,0.61
57,73,0.69
73,57,0.69
58,59,1.00
59,58,1.00
58,60,0.80
60,58,0.80
58,61,0.67
61,58,0.67
59,60,1.00
60,59,1.00
59,61,0.71
61,59,0.71
59,157,0.60
157,59,0.60
59,158,0.73
158,59,0.73
59,159,0.71
159,59,0.71
60,61,1.00
61,60,1.00
60,62,0.72
62,60,0.72
60,63,0.59
63,60,0.59
60,66,0.60
66,60,0.60
60,156,0.62
156,60,0.62
60,157,0.65
157,60,0.65
60,158,0.70
158,60,0.70
60,159,0.63
159,60,0.63
61,62,1.00
62,61,1.00
61,63,0.75
63,61,0.75
61,64,0.65
64,61,0.65
61,65,0.59
65,61,0.59
61,66,0.65
66,61,0.65
61,67,0.61
67,61,0.61
62,63,1.00
63,62,1.00
62,64,0.73
64,62,0.73
62,65,0.64
65,62,0.64
62,66,0.74
66,62,0.74
62,67,0.80
67,62,0.80
62,68,0.68
68,62,0.68
62,71,0.60
71,62,0.60
63,64,1.00
64,63,1.00
63,65,0.79
65,63,0.79
63,66,0.85
66,63,0.85
63,67,0.99
67,63,0.99
63,68,0.72
68,63,0.72
64,65,1.00
65,64,1.00
64,66,0.81
66,64,0.81
64,67,0.78
67,64,0.78
64,68,0.57
68,64,0.57
65,66,1.00
66,65,1.00
65,67,0.78
67,65,0.78
65,68,0.57
68,65,0.57
66,67,1.00
67,66,1.00
66,68,0.74
68,66,0.74
66,69,0.69
69,66,0.69
66,70,0.59
70,66,0.59
67,68,1.00
68,67,1.00
67,69,0.78
69,67,0.78
67,70,0.64
70,67,0.64
67,71,0.62
71,67,0.62
68,69,1.00
69,68,1.00
68,70,0.81
70,68,0.81
68,71,0.80
71,68,0.80
68,72,0.58
72,68,0.58
69,70,1.00
70,69,1.00
69,71,0.76
71,69,0.76
70,71,1.00
71,70,1.00
70,72,0.75
72,70,0.75
70,73,0.57
73,70,0.57
71,72,1.00
72,71,1.00
71,73,0.72
73,71,0.72
72,73,1.00
73,72,1.00
72,74,0.73
74,72,0.73
73,74,1.00
74,73,1.00
73,75,0.72
75,73,0.72
74,75,1.00
75,74,1.00
74,76,0.71
76,74,0.71
74,77,0.61
77,74,0.61
75,76,1.00
76,75,1.00
75,77,0.84
77,75,0.84
75,78,0.69
78,75,0.69
76,77,1.00
77,76,1.00
76,78,0.80
78,76,0.80
76,79,0.59
79,76,0.59
77,78,1.00
78,77,1.00
77,79,0.78
79,77,0.78
77,80,0.64
80,77,0.64
78,79,1.00
79,78,1.00
78,80,0.71
80,78,0.71
79,80,1.00
80,79,1.00
79,81,0.71
81,79,0.71
80,81,1.00
81,80,1.00
80,82,0.76
82,80,0.76
80,83,0.58
83,80,0.58
81,82,1.00
82,81,1.00
81,83,0.70
83,81,0.70
82,83,1.00
83,82,1.00
82,84,0.75
84,82,0.75
82,85,0.57
85,82,0.57
83,84,1.00
84,83,1.00
83,85,0.77
85,83,0.77
83,86,0.60
86,83,0.60
84,85,1.00
85,84,1.00
84,86,0.78
86,84,0.78
84,87,0.62
87,84,0.62
84,88,0.68
88,84,0.68
84,89,0.75
89,84,0.75
84,90,0.59
90,84,0.59
85,86,1.00
86,85,1.00
85,87,0.74
87,85,0.74
85,88,0.71
88,85,0.71
85,89,0.72
89,85,0.72
85,90,0.61
90,85,0.61
85,91,0.58
91,85,0.58
85,123,0.63
123,85,0.63
86,87,1.00
87,86,1.00
86,88,0.83
88,86,0.83
86,89,0.87
89,86,0.87
86,90,0.81
90,86,0.81
86,91,0.74
91,86,0.74
86,92,0.67
92,86,0.67
86,107,0.69
107,86,0.69
86,122,0.66
122,86,0.66
86,123,0.70
123,86,0.70
86,124,0.62
124,86,0.62
87,88,1.00
88,87,1.00
87,89,0.83
89,87,0.83
87,90,0.80
90,87,0.80
87,91,0.65
91,87,0.65
87,92,0.61
92,87,0.61
87,106,0.65
106,87,0.65
87,107,0.89
107,87,0.89
87,108,0.72
108,87,0.72
87,120,0.60
120,87,0.60
87,121,0.66
121,87,0.66
87,122,0.94
122,87,0.94
87,123,0.97
123,87,0.97
87,124,0.80
124,87,0.80
87,125,0.68
125,87,0.68
88,89,1.00
89,88,1.00
88,90,0.77
90,88,0.77
88,91,0.59
91,88,0.59
88,106,0.63
106,88,0.63
88,107,0.73
107,88,0.73
88,108,0.60
108,88,0.60
88,122,0.72
122,88,0.72
88,123,0.88
123,88,0.88
88,124,1.00
124,88,1.00
88,125,0.91
125,88,0.91
88,126,0.65
126,88,0.65
89,90,1.00
90,89,1.00
89,91,0.73
91,89,0.73
89,92,0.57
92,89,0.57
89,106,0.61
106,89,0.61
89,107,0.70
107,89,0.70
89,122,0.58
122,89,0.58
89,123,0.63
123,89,0.63
89,124,0.68
124,89,0.68
89,125,0.71
125,89,0.71
90,91,1.00
91,90,1.00
90,92,0.74
92,90,0.74
90,106,0.72
106,90,0.72
90,107,0.86
107,90,0.86
90,108,0.60
108,90,0.60
90,122,0.60
122,90,0.60
90,123,0.58
123,90,0.58
90,124,0.58
124,90,0.58
90,125,0.61
125,90,0.61
91,92,1.00
92,91,1.00
91,93,0.71
93,91,0.71
91,94,0.58
94,91,0.58
91,106,0.59
106,91,0.59
91,107,0.69
107,91,0.69
92,93,1.00
93,92,1.00
92,94,0.80
94,92,0.80
92,95,0.69
95,92,0.69
92,96,0.63
96,92,0.63
92,97,0.63
97,92,0.63
92,107,0.66
107,92,0.66
93,94,1.00
94,93,1.00
93,95,0.73
95,93,0.73
93,96,0.64
96,93,0.64
93,97,0.65
97,93,0.65
94,95,1.00
95,94,1.00
94,96,0.87
96,94,0.87
94,97,0.82
97,94,0.82
94,98,0.66
98,94,0.66
95,96,1.00
96,95,1.00
95,97,0.73
97,95,0.73
95,98,0.61
98,95,0.61
95,110,0.58
110,95,0.58
95,118,0.69
118,95,0.69
95,120,0.61
120,95,0.61
96,97,1.00
97,96,1.00
96,98,0.81
98,96,0.81
96,99,0.61
99,96,0.61
96,100,0.60
100,96,0.60
96,108,0.58
108,96,0.58
96,109,0.68
109,96,0.68
96,110,0.77
110,96,0.77
96,111,0.59
111,96,0.59
96,117,0.63
117,96,0.63
96,118,0.85
118,96,0.85
96,119,0.67
119,96,0.67
96,120,0.67
120,96,0.67
97,98,1.00
98,97,1.00
97,99,0.82
99,97,0.82
97,100,0.82
100,97,0.82
97,101,0.67
101,97,0.67
97,102,0.62
102,97,0.62
97,109,0.65
109,97,0.65
97,110,0.72
110,97,0.72
97,111,0.61
111,97,0.61
97,118,0.65
118,97,0.65
98,99,1.00
99,98,1.00
98,100,0.78
100,98,0.78
98,101,0.61
101,98,0.61
98,110,0.65
110,98,0.65
98,111,0.62
111,98,0.62
98,118,0.63
118,98,0.63
99,100,1.00
100,99,1.00
99,101,0.70
101,99,0.70
99,111,0.58
111,99,0.58
100,101,1.00
101,100,1.00
100,102,0.74
102,100,0.74
100,110,0.61
110,100,0.61
100,111,0.63
111,100,0.63
101,102,1.00
102,101,1.00
101,103,0.75
103,101,0.75
101,104,0.60
104,101,0.60
101,105,0.65
105,101,0.65
101,109,0.64
109,101,0.64
101,110,0.64
110,101,0.64
101,111,0.69
111,101,0.69
101,112,0.67
112,101,0.67
101,169,0.62
169,101,0.62
102,103,1.00
103,102,1.00
102,104,0.78
104,102,0.78
102,105,0.89
105,102,0.89
102,106,0.75
106,102,0.75
102,107,0.63
107,102,0.63
102,108,0.62
108,102,0.62
102,109,0.77
109,102,0.77
102,110,0.66
110,102,0.66
102,111,0.65
111,102,0.65
102,112,0.68
112,102,0.68
102,169,0.59
169,102,0.59
103,104,1.00
104,103,1.00
103,105,0.85
105,103,0.85
103,106,0.75
106,103,0.75
103,109,0.61
109,103,0.61
103,112,0.59
112,103,0.59
103,151,0.57
151,103,0.57
103,153,0.61
153,103,0.61
103,154,0.63
154,103,0.63
103,155,0.64
155,103,0.64
103,168,0.60
168,103,0.60
103,169,0.68
169,103,0.68
104,105,1.00
105,104,1.00
104,106,0.81
106,104,0.81
104,107,0.59
107,104,0.59
104,108,0.59
108,104,0.59
104,109,0.63
109,104,0.63
104,112,0.63
112,104,0.63
104,126,0.61
126,104,0.61
104,127,0.64
127,104,0.64
104,128,0.60
128,104,0.60
104,150,0.58
150,104,0.58
104,151,0.79
151,104,0.79
104,152,0.71
152,104,0.71
104,153,0.78
153,104,0.78
104,154,0.75
154,104,0.75
104,155,0.66
155,104,0.66
105,106,1.00
106,105,1.00
105,107,0.75
107,105,0.75
105,108,0.82
108,105,0.82
105,109,0.90
109,105,0.90
105,110,0.67
110,105,0.67
105,111,0.62
111,105,0.62
105,112,0.74
112,105,0.74
105,113,0.62
113,105,0.62
105,120,0.60
120,105,0.60
105,122,0.59
122,105,0.59
105,126,0.61
126,105,0.61
105,150,0.58
150,105,0.58
105,151,0.75
151,105,0.75
105,152,0.60
152,105,0.60
105,153,0.58
153,105,0.58
106,107,1.00
107,106,1.00
106,108,0.85
108,106,0.85
106,109,0.78
109,106,0.78
106,120,0.58
120,106,0.58
106,122,0.67
122,106,0.67
106,124,0.59
124,106,0.59
106,125,0.67
125,106,0.67
106,126,0.70
126,106,0.70
106,127,0.62
127,106,0.62
106,151,0.63
151,106,0.63
107,108,1.00
108,107,1.00
107,109,0.80
109,107,0.80
107,110,0.59
110,107,0.59
107,120,0.69
120,107,0.69
107,121,0.66
121,107,0.66
107,122,0.86
122,107,0.86
107,123,0.69
123,107,0.69
107,124,0.64
124,107,0.64
107,125,0.65
125,107,0.65
107,126,0.61
126,107,0.61
108,109,1.00
109,108,1.00
108,110,0.72
110,108,0.72
108,112,0.59
112,108,0.59
108,118,0.60
118,108,0.60
108,119,0.72
119,108,0.72
108,120,0.95
120,108,0.95
108,121,0.87
121,108,0.87
108,122,0.97
122,108,0.97
108,123,0.67
123,108,0.67
108,124,0.60
124,108,0.60
108,125,0.57
125,108,0.57
108,126,0.59
126,108,0.59
108,151,0.59
151,108,0.59
109,110,1.00
110,109,1.00
109,111,0.76
111,109,0.76
109,112,0.75
112,109,0.75
109,113,0.62
113,109,0.62
109,115,0.61
115,109,0.61
109,118,0.68
118,109,0.68
109,119,0.80
119,109,0.80
109,120,0.86
120,109,0.86
109,121,0.67
121,109,0.67
109,122,0.67
122,109,0.67
110,111,1.00
111,110,1.00
110,112,0.79
112,110,0.79
110,113,0.64
113,110,0.64
110,114,0.60
114,110,0.60
110,115,0.76
115,110,0.76
110,116,0.71
116,110,0.71
110,117,0.68
117,110,0.68
110,118,0.88
118,110,0.88
110,119,0.97
119,110,0.97
110,120,0.80
120,110,0.80
110,121,0.59
121,110,0.59
111,112,1.00
112,111,1.00
111,113,0.76
113,111,0.76
111,114,0.70
114,111,0.70
111,115,0.82
115,111,0.82
111,116,0.70
116,111,0.70
111,117,0.61
117,111,0.61
111,118,0.67
118,111,0.67
111,119,0.73
119,111,0.73
111,120,0.59
120,111,0.59
112,113,1.00
113,112,1.00
112,114,0.76
114,112,0.76
112,115,0.75
115,112,0.75
112,116,0.58
116,112,0.58
112,119,0.64
119,112,0.64
112,142,0.58
142,112,0.58
112,151,0.61
151,112,0.61
113,114,1.00
114,113,1.00
113,115,0.82
115,113,0.82
113,116,0.59
116,113,0.59
113,119,0.61
119,113,0.61
113,140,0.61
140,113,0.61
113,141,0.67
141,113,0.67
113,142,0.80
142,113,0.80
113,143,0.64
143,113,0.64
113,144,0.59
144,113,0.59
113,150,0.58
150,113,0.58
113,151,0.65
151,113,0.65
114,115,1.00
115,114,1.00
114,116,0.70
116,114,0.70
114,119,0.62
119,114,0.62
114,140,0.61
140,114,0.61
114,141,0.72
141,114,0.72
114,142,0.83
142,114,0.83
114,143,0.70
143,114,0.70
114,144,0.62
144,114,0.62
115,116,1.00
116,115,1.00
115,117,0.71
117,115,0.71
115,118,0.68
118,115,0.68
115,119,0.85
119,115,0.85
115,120,0.62
120,115,0.62
115,142,0.61
142,115,0.61
115,143,0.57
143,115,0.57
116,117,1.00
117,116,1.00
116,118,0.81
118,116,0.81
116,119,0.85
119,116,0.85
116,120,0.61
120,116,0.61
117,118,1.00
118,117,1.00
117,119,0.82
119,117,0.82
117,120,0.63
120,117,0.63
118,119,1.00
119,118,1.00
118,120,0.82
120,118,0.82
118,121,0.60
121,118,0.60
119,120,1.00
120,119,1.00
119,121,0.74
121,119,0.74
119,122,0.60
122,119,0.60
120,121,1.00
121,120,1.00
120,122,0.82
122,120,0.82
120,123,0.59
123,120,0.59
121,122,1.00
122,121,1.00
121,123,0.74
123,121,0.74
121,124,0.59
124,121,0.59
122,123,1.00
123,122,1.00
122,124,0.76
124,122,0.76
122,125,0.63
125,122,0.63
122,126,0.60
126,122,0.60
123,124,1.00
124,123,1.00
123,125,0.71
125,123,0.71
123,126,0.61
126,123,0.61
124,125,1.00
125,124,1.00
124,126,0.77
126,124,0.77
125,126,1.00
126,125,1.00
125,127,0.74
127,125,0.74
126,127,1.00
127,126,1.00
126,128,0.75
128,126,0.75
126,150,0.66
150,126,0.66
126,151,0.69
151,126,0.69
126,152,0.63
152,126,0.63
126,154,0.59
154,126,0.59
127,128,1.00
128,127,1.00
127,129,0.72
129,127,0.72
127,150,0.63
150,127,0.63
127,151,0.68
151,127,0.68
127,152,0.73
152,127,0.73
127,153,0.69
153,127,0.69
127,154,0.77
154,127,0.77
127,155,0.59
155,127,0.59
128,129,1.00
129,128,1.00
128,130,0.73
130,128,0.73
128,150,0.70
150,128,0.70
128,151,0.73
151,128,0.73
128,152,0.92
152,128,0.92
128,153,0.80
153,128,0.80
128,154,0.78
154,128,0.78
129,130,1.00
130,129,1.00
129,131,0.72
131,129,0.72
129,151,0.60
151,129,0.60
129,152,0.82
152,129,0.82
129,153,0.86
153,129,0.86
129,154,0.81
154,129,0.81
129,155,0.61
155,129,0.61
130,131,1.00
131,130,1.00
130,132,0.71
132,130,0.71
130,151,0.58
151,130,0.58
130,152,0.81
152,130,0.81
130,153,0.85
153,130,0.85
130,154,0.68
154,130,0.68
131,132,1.00
132,131,1.00
131,133,0.72
133,131,0.72
131,134,0.59
134,131,0.59
131,135,0.60
135,131,0.60
131,152,0.68
152,131,0.68
131,153,0.81
153,131,0.81
131,154,0.64
154,131,0.64
132,133,1.00
133,132,1.00
132,134,0.80
134,132,0.80
132,135,0.77
135,132,0.77
132,136,0.59
136,132,0.59
132,153,0.58
153,132,0.58
133,134,1.00
134,133,1.00
133,135,0.75
135,133,0.75
133,136,0.57
136,133,0.57
134,135,1.00
135,134,1.00
134,136,0.74
136,134,0.74
134,137,0.57
137,134,0.57
135,136,1.00
136,135,1.00
135,137,0.78
137,135,0.78
135,138,0.66
138,135,0.66
135,139,0.60
139,135,0.60
136,137,1.00
137,136,1.00
136,138,0.72
138,136,0.72
136,139,0.60
139,136,0.60
137,138,1.00
138,137,1.00
137,139,0.78
139,137,0.78
137,140,0.60
140,137,0.60
138,139,1.00
139,138,1.00
138,140,0.81
140,138,0.81
138,141,0.63
141,138,0.63
139,140,1.00
140,139,1.00
139,141,0.84
141,139,0.84
139,142,0.64
142,139,0.64
140,141,1.00
141,140,1.00
140,142,0.72
142,140,0.72
141,142,1.00
142,141,1.00
141,143,0.74
143,141,0.74
142,143,1.00
143,142,1.00
142,144,0.75
144,142,0.75
142,145,0.61
145,142,0.61
142,149,0.64
149,142,0.64
142,150,0.58
150,142,0.58
143,144,1.00
144,143,1.00
143,145,0.81
145,143,0.81
143,146,0.59
146,143,0.59
143,147,0.58
147,143,0.58
143,148,0.58
148,143,0.58
143,149,0.69
149,143,0.69
144,145,1.00
145,144,1.00
144,146,0.70
146,144,0.70
144,147,0.63
147,144,0.63
144,148,0.65
148,144,0.65
144,149,0.81
149,144,0.81
144,150,0.63
150,144,0.63
145,146,1.00
146,145,1.00
145,147,0.85
147,145,0.85
145,148,0.76
148,145,0.76
145,149,0.80
149,145,0.80
145,150,0.59
150,145,0.59
146,147,1.00
147,146,1.00
146,148,0.82
148,146,0.82
146,149,0.73
149,146,0.73
147,148,1.00
148,147,1.00
147,149,0.75
149,147,0.75
147,150,0.57
150,147,0.57
148,149,1.00
149,148,1.00
148,150,0.78
150,148,0.78
148,151,0.58
151,148,0.58
149,150,1.00
150,149,1.00
149,151,0.72
151,149,0.72
149,152,0.62
152,149,0.62
150,151,1.00
151,150,1.00
150,152,0.85
152,150,0.85
150,153,0.61
153,150,0.61
151,152,1.00
152,151,1.00
151,153,0.75
153,151,0.75
151,154,0.62
154,151,0.62
152,153,1.00
153,152,1.00
152,154,0.74
154,152,0.74
153,154,1.00
154,153,1.00
153,155,0.73
155,153,0.73
154,155,1.00
155,154,1.00
154,156,0.74
156,154,0.74
154,157,0.57
157,154,0.57
155,156,1.00
156,155,1.00
155,157,0.78
157,155,0.78
155,158,0.66
158,155,0.66
155,167,0.58
167,155,0.58
155,168,0.64
168,155,0.64
156,157,1.00
157,156,1.00
156,158,0.76
158,156,0.76
156,159,0.57
159,156,0.57
157,158,1.00
158,157,1.00
157,159,0.76
159,157,0.76
157,160,0.59
160,157,0.59
157,163,0.59
163,157,0.59
157,166,0.61
166,157,0.61
157,167,0.63
167,157,0.63
157,168,0.64
168,157,0.64
158,159,1.00
159,158,1.00
158,160,0.72
160,158,0.72
158,161,0.60
161,158,0.60
158,163,0.58
163,158,0.58
158,166,0.58
166,158,0.58
158,168,0.61
168,158,0.61
159,160,1.00
160,159,1.00
159,161,0.82
161,159,0.82
159,162,0.70
162,159,0.70
159,163,0.69
163,159,0.69
159,166,0.60
166,159,0.60
160,161,1.00
161,160,1.00
160,162,0.71
162,160,0.71
160,163,0.70
163,160,0.70
160,166,0.64
166,160,0.64
161,162,1.00
162,161,1.00
161,163,0.82
163,161,0.82
161,164,0.61
164,161,0.61
161,166,0.59
166,161,0.59
162,163,1.00
163,162,1.00
162,164,0.71
164,162,0.71
162,165,0.58
165,162,0.58
163,164,1.00
164,163,1.00
163,165,0.80
165,163,0.80
163,166,0.74
166,163,0.74
163,167,0.59
167,163,0.59
164,165,1.00
165,164,1.00
164,166,0.74
166,164,0.74
164,167,0.60
167,164,0.60
165,166,1.00
166,165,1.00
165,167,0.79
167,165,0.79
165,168,0.61
168,165,0.61
166,167,1.00
167,166,1.00
166,168,0.82
168,166,0.82
166,169,0.62
169,166,0.62
167,168,1.00
168,167,1.00
167,169,0.71
169,167,0.71
168,169,1.00
169,168,1.00
