2,3,1.00
3,2,1.00
2,4,0.76
4,2,0.76
2,5,0.79
5,2,0.79
2,6,0.57
6,2,0.57
2,8,0.60
8,2,0.60
2,9,0.72
9,2,0.72
2,10,0.68
10,2,0.68
2,11,0.62
11,2,0.62
2,15,0.64
15,2,0.64
2,24,0.63
24,2,0.63
2,67,0.62
67,2,0.62
2,69,0.66
69,2,0.66
2,70,0.57
70,2,0.57
3,4,1.00
4,3,1.00
3,5,0.83
5,3,0.83
3,6,0.60
6,3,0.60
3,9,0.60
9,3,0.60
3,66,0.58
66,3,0.58
3,67,0.75
67,3,0.75
3,68,0.69
68,3,0.69
3,69,0.72
69,3,0.72
3,70,0.57
70,3,0.57
4,5,1.00
5,4,1.00
4,6,0.77
6,4,0.77
4,7,0.61
7,4,0.61
4,8,0.63
8,4,0.63
4,9,0.61
9,4,0.61
4,66,0.71
66,4,0.71
4,67,1.00
67,4,1.00
4,68,0.78
68,4,0.78
4,69,0.71
69,4,0.71
4,70,0.58
70,4,0.58
5,6,1.00
6,5,1.00
5,7,0.84
7,5,0.84
5,8,0.84
8,5,0.84
5,9,0.77
9,5,0.77
5,10,0.70
10,5,0.70
5,31,0.58
31,5,0.58
5,34,0.62
34,5,0.62
5,35,0.59
35,5,0.59
5,37,0.64
37,5,0.64
5,65,0.59
65,5,0.59
5,66,0.80
66,5,0.80
5,67,0.95
67,5,0.95
5,68,0.69
68,5,0.69
5,69,0.68
69,5,0.68
5,70,0.63
70,5,0.63
6,7,1.00
7,6,1.00
6,8,0.84
8,6,0.84
6,9,0.66
9,6,0.66
6,10,0.62
10,6,0.62
6,34,0.65
34,6,0.65
6,35,0.62
35,6,0.62
6,36,0.66
36,6,0.66
6,37,0.85
37,6,0.85
6,38,0.69
38,6,0.69
6,61,0.59
61,6,0.59
6,62,0.73
62,6,0.73
6,63,0.66
63,6,0.66
6,64,0.66
64,6,0.66
6,65,0.70
65,6,0.70
6,66,0.96
66,6,0.96
6,67,0.89
67,6,0.89
6,68,0.64
68,6,0.64
6,69,0.59
69,6,0.59
6,70,0.60
70,6,0.60
7,8,1.00
8,7,1.00
7,9,0.77
9,7,0.77
7,10,0.79
10,7,0.79
7,11,0.58
11,7,0.58
7,31,0.67
31,7,0.67
7,32,0.59
32,7,0.59
7,33,0.66
33,7,0.66
7,34,0.95
34,7,0.95
7,35,0.83
35,7,0.83
7,36,0.79
36,7,0.79
7,37,0.87
37,7,0.87
7,38,0.67
38,7,0.67
7,62,0.59
62,7,0.59
7,66,0.74
66,7,0.74
7,67,0.65
67,7,0.65
7,70,0.57
70,7,0.57
8,9,1.00
9,8,1.00
8,10,0.82
10,8,0.82
8,11,0.63
11,8,0.63
8,29,0.57
29,8,0.57
8,30,0.72
30,8,0.72
8,31,0.84
31,8,0.84
8,32,0.64
32,8,0.64
8,33,0.63
33,8,0.63
8,34,0.86
34,8,0.86
8,35,0.96
35,8,0.96
8,36,0.85
36,8,0.85
8,37,0.83
37,8,0.83
8,38,0.60
38,8,0.60
8,66,0.59
66,8,0.59
8,67,0.60
67,8,0.60
9,10,1.00
10,9,1.00
9,11,0.82
11,9,0.82
9,12,0.60
12,9,0.60
9,14,0.58
14,9,0.58
9,27,0.64
27,9,0.64
9,29,0.65
29,9,0.65
9,30,0.91
30,9,0.91
9,31,1.00
31,9,1.00
9,32,0.71
32,9,0.71
9,33,0.65
33,9,0.65
9,34,0.79
34,9,0.79
9,35,0.81
35,9,0.81
9,36,0.64
36,9,0.64
9,37,0.60
37,9,0.60
10,11,1.00
11,10,1.00
10,12,0.77
12,10,0.77
10,13,0.61
13,10,0.61
10,14,0.64
14,10,0.64
10,27,0.58
27,10,0.58
10,30,0.69
30,10,0.69
10,31,0.94
31,10,0.94
10,32,0.80
32,10,0.80
10,33,0.82
33,10,0.82
10,34,0.97
34,10,0.97
10,35,0.78
35,10,0.78
10,36,0.59
36,10,0.59
11,12,1.00
12,11,1.00
11,13,0.79
13,11,0.79
11,14,0.86
14,11,0.86
11,15,0.67
15,11,0.67
11,26,0.58
26,11,0.58
11,27,0.71
27,11,0.71
11,28,0.61
28,11,0.61
11,29,0.62
29,11,0.62
11,30,0.71
30,11,0.71
11,31,0.90
31,11,0.90
11,32,0.86
32,11,0.86
11,33,0.77
33,11,0.77
11,34,0.73
34,11,0.73
11,35,0.65
35,11,0.65
12,13,1.00
13,12,1.00
12,14,0.83
14,12,0.83
12,15,0.64
15,12,0.64
12,27,0.58
27,12,0.58
12,31,0.66
31,12,0.66
12,32,0.74
32,12,0.74
12,33,0.74
33,12,0.74
12,34,0.63
34,12,0.63
13,14,1.00
14,13,1.00
13,15,0.80
15,13,0.80
13,16,0.60
16,13,0.60
14,15,1.00
15,14,1.00
14,16,0.72
16,14,0.72
14,17,0.59
17,14,0.59
14,24,0.61
24,14,0.61
14,25,0.74
25,14,0.74
14,26,0.68
26,14,0.68
14,27,0.74
27,14,0.74
14,28,0.58
28,14,0.58
14,31,0.59
31,14,0.59
14,32,0.58
32,14,0.58
15,16,1.00
16,15,1.00
15,17,0.74
17,15,0.74
15,18,0.60
18,15,0.60
15,19,0.58
19,15,0.58
15,23,0.57
23,15,0.57
15,24,0.70
24,15,0.70
15,25,0.78
25,15,0.78
15,26,0.62
26,15,0.62
15,27,0.60
27,15,0.60
16,17,1.00
17,16,1.00
16,18,0.82
18,16,0.82
16,19,0.74
19,16,0.74
16,20,0.59
20,16,0.59
16,23,0.66
23,16,0.66
16,24,0.74
24,16,0.74
16,25,0.81
25,16,0.81
16,26,0.59
26,16,0.59
17,18,1.00
18,17,1.00
17,19,0.77
19,17,0.77
17,20,0.59
20,17,0.59
17,25,0.61
25,17,0.61
18,19,1.00
19,18,1.00
18,20,0.78
20,18,0.78
18,21,0.60
21,18,0.60
18,23,0.58
23,18,0.58
19,20,1.00
20,19,1.00
19,21,0.74
21,19,0.74
19,22,0.62
22,19,0.62
19,23,0.64
23,19,0.64
20,21,1.00
21,20,1.00
20,22,0.72
22,20,0.72
20,23,0.67
23,20,0.67
21,22,1.00
22,21,1.00
21,23,0.80
23,21,0.80
21,24,0.59
24,21,0.59
22,23,1.00
23,22,1.00
22,24,0.71
24,22,0.71
23,24,1.00
24,23,1.00
23,25,0.73
25,23,0.73
23,26,0.59
26,23,0.59
24,25,1.00
25,24,1.00
24,26,0.78
26,24,0.78
24,27,0.62
27,24,0.62
25,26,1.00
26,25,1.00
25,27,0.74
27,25,0.74
26,27,1.00
27,26,1.00
26,28,0.73
28,26,0.73
26,29,0.60
29,26,0.60
26,30,0.65
30,26,0.65
27,28,1.00
28,27,1.00
27,29,0.80
29,27,0.80
27,30,0.83
30,27,0.83
27,31,0.70
31,27,0.70
27,32,0.63
32,27,0.63
28,29,1.00
29,28,1.00
28,30,0.78
30,28,0.78
28,31,0.67
31,28,0.67
28,32,0.65
32,28,0.65
29,30,1.00
30,29,1.00
29,31,0.83
31,29,0.83
29,32,0.74
32,29,0.74
29,35,0.65
35,29,0.65
30,31,1.00
31,30,1.00
30,32,0.73
32,30,0.73
30,34,0.61
34,30,0.61
30,35,0.72
35,30,0.72
30,36,0.57
36,30,0.57
31,32,1.00
32,31,1.00
31,33,0.78
33,31,0.78
31,34,0.84
34,31,0.84
31,35,0.95
35,31,0.95
31,36,0.66
36,31,0.66
32,33,1.00
33,32,1.00
32,34,0.83
34,32,0.83
32,35,0.84
35,32,0.84
32,36,0.60
36,32,0.60
33,34,1.00
34,33,1.00
33,35,0.81
35,33,0.81
33,36,0.61
36,33,0.61
34,35,1.00
35,34,1.00
34,36,0.77
36,34,0.77
34,37,0.67
37,34,0.67
35,36,1.00
36,35,1.00
35,37,0.74
37,35,0.74
36,37,1.00
37,36,1.00
36,38,0.74
38,36,0.74
36,39,0.63
39,36,0.63
36,62,0.57
62,36,0.57
37,38,1.00
38,37,1.00
37,39,0.76
39,37,0.76
37,40,0.58
40,37,0.58
37,61,0.58
61,37,0.58
37,62,0.78
62,37,0.78
37,63,0.66
63,37,0.66
37,66,0.62
66,37,0.62
38,39,1.00
39,38,1.00
38,40,0.73
40,38,0.73
38,41,0.74
41,38,0.74
38,42,0.63
42,38,0.63
38,43,0.60
43,38,0.60
38,61,0.61
61,38,0.61
38,62,0.87
62,38,0.87
38,63,0.81
63,38,0.81
38,64,0.61
64,38,0.61
38,66,0.59
66,38,0.59
39,40,1.00
40,39,1.00
39,41,0.82
41,39,0.82
39,42,0.62
42,39,0.62
39,61,0.61
61,39,0.61
39,62,0.78
62,39,0.78
39,63,0.70
63,39,0.70
40,41,1.00
41,40,1.00
40,42,0.71
42,40,0.71
40,61,0.65
61,40,0.65
40,62,0.73
62,40,0.73
40,63,0.69
63,40,0.69
41,42,1.00
42,41,1.00
41,43,0.74
43,41,0.74
41,49,0.61
49,41,0.61
41,50,0.62
50,41,0.62
41,51,0.67
51,41,0.67
41,52,0.61
52,41,0.61
41,61,0.64
61,41,0.64
41,62,0.75
62,41,0.75
41,63,0.86
63,41,0.86
41,64,0.63
64,41,0.63
42,43,1.00
43,42,1.00
42,44,0.76
44,42,0.76
42,45,0.63
45,42,0.63
42,48,0.59
48,42,0.59
42,49,0.82
49,42,0.82
42,50,0.85
50,42,0.85
42,51,0.96
51,42,0.96
42,52,0.77
52,42,0.77
42,53,0.62
53,42,0.62
42,61,0.67
61,42,0.67
42,62,0.72
62,42,0.72
42,63,0.97
63,42,0.97
42,64,0.78
64,42,0.78
42,65,0.61
65,42,0.61
43,44,1.00
44,43,1.00
43,45,0.81
45,43,0.81
43,46,0.62
46,43,0.62
43,47,0.62
47,43,0.62
43,48,0.64
48,43,0.64
43,49,0.90
49,43,0.90
43,50,0.79
50,43,0.79
43,51,0.96
51,43,0.96
43,52,0.69
52,43,0.69
43,61,0.59
61,43,0.59
43,62,0.66
62,43,0.66
43,63,0.96
63,43,0.96
43,64,0.94
64,43,0.94
43,65,0.80
65,43,0.80
43,66,0.61
66,43,0.61
44,45,1.00
45,44,1.00
44,46,0.85
46,44,0.85
44,47,0.83
47,44,0.83
44,48,0.75
48,44,0.75
44,49,0.96
49,44,0.96
44,50,0.86
50,44,0.86
44,51,0.97
51,44,0.97
44,52,0.67
52,44,0.67
44,53,0.59
53,44,0.59
44,54,0.62
54,44,0.62
44,55,0.61
55,44,0.61
44,63,0.69
63,44,0.69
44,64,0.82
64,44,0.82
44,65,0.75
65,44,0.75
45,46,1.00
46,45,1.00
45,47,0.85
47,45,0.85
45,48,0.88
48,45,0.88
45,49,1.00
49,45,1.00
45,50,0.72
50,45,0.72
45,51,0.68
51,45,0.68
45,64,0.61
64,45,0.61
45,65,0.61
65,45,0.61
46,47,1.00
47,46,1.00
46,48,0.81
48,46,0.81
46,49,0.74
49,46,0.74
46,50,0.64
50,46,0.64
46,51,0.60
51,46,0.60
47,48,1.00
48,47,1.00
47,49,0.82
49,47,0.82
47,50,0.79
50,47,0.79
47,51,0.67
51,47,0.67
47,54,0.59
54,47,0.59
48,49,1.00
49,48,1.00
48,50,0.85
50,48,0.85
48,51,0.64
51,48,0.64
49,50,1.00
50,49,1.00
49,51,0.82
51,49,0.82
49,52,0.60
52,49,0.60
49,63,0.63
63,49,0.63
49,64,0.63
64,49,0.63
50,51,1.00
51,50,1.00
50,52,0.75
52,50,0.75
50,53,0.73
53,50,0.73
50,54,0.66
54,50,0.66
50,55,0.58
55,50,0.58
50,63,0.62
63,50,0.62
50,64,0.64
64,50,0.64
51,52,1.00
52,51,1.00
51,53,0.80
53,51,0.80
51,54,0.74
54,51,0.74
51,55,0.74
55,51,0.74
51,56,0.59
56,51,0.59
51,61,0.68
61,51,0.68
51,62,0.64
62,51,0.64
51,63,0.80
63,51,0.80
51,64,0.91
64,51,0.91
51,65,0.67
65,51,0.67
52,53,1.00
53,52,1.00
52,54,0.84
54,52,0.84
52,55,0.91
55,52,0.91
52,56,0.79
56,52,0.79
52,57,0.64
57,52,0.64
52,60,0.69
60,52,0.69
52,61,0.85
61,52,0.85
52,62,0.68
62,52,0.68
52,63,0.72
63,52,0.72
52,64,0.80
64,52,0.80
52,65,0.58
65,52,0.58
53,54,1.00
54,53,1.00
53,55,0.82
55,53,0.82
53,56,0.80
56,53,0.80
53,57,0.59
57,53,0.59
53,60,0.59
60,53,0.59
53,61,0.64
61,53,0.64
53,64,0.59
64,53,0.59
54,55,1.00
55,54,1.00
54,56,0.83
56,54,0.83
54,57,0.62
57,54,0.62
54,64,0.60
64,54,0.60
55,56,1.00
56,55,1.00
55,57,0.81
57,55,0.81
55,58,0.60
58,55,0.60
55,60,0.60
60,55,0.60
55,61,0.68
61,55,0.68
55,64,0.71
64,55,0.71
55,65,0.58
65,55,0.58
56,57,1.00
57,56,1.00
56,58,0.74
58,56,0.74
56,59,0.62
59,56,0.62
56,60,0.69
60,56,0.69
56,61,0.67
61,56,0.67
57,58,1.00
58,57,1.00
57,59,0.75
59,57,0.75
57,60,0.73
60,57,0.73
57,61,0.68
61,57,0.68
58,59,1.00
59,58,1.00
58,60,0.80
60,58,0.80
58,61,0.65
61,58,0.65
59,60,1.00
60,59,1.00
59,61,0.74
61,59,0.74
59,62,0.60
62,59,0.60
60,61,1.00
61,60,1.00
60,62,0.71
62,60,0.71
60,63,0.57
63,60,0.57
61,62,1.00
62,61,1.00
61,63,0.79
63,61,0.79
61,64,0.74
64,61,0.74
62,63,1.00
63,62,1.00
62,64,0.79
64,62,0.79
62,65,0.63
65,62,0.63
62,66,0.63
66,62,0.63
62,67,0.59
67,62,0.59
63,64,1.00
64,63,1.00
63,65,0.77
65,63,0.77
63,66,0.68
66,63,0.68
63,67,0.58
67,63,0.58
64,65,1.00
65,64,1.00
64,66,0.78
66,64,0.78
64,67,0.68
67,64,0.68
64,68,0.61
68,64,0.61
65,66,1.00
66,65,1.00
65,67,0.77
67,65,0.77
65,68,0.74
68,65,0.74
65,69,0.61
69,65,0.61
65,70,0.64
70,65,0.64
66,67,1.00
67,66,1.00
66,68,0.83
68,66,0.83
66,69,0.73
69,66,0.73
66,70,0.77
70,66,0.77
66,71,0.58
71,66,0.58
67,68,1.00
68,67,1.00
67,69,0.80
69,67,0.80
67,70,0.70
70,67,0.70
68,69,1.00
69,68,1.00
68,70,0.78
70,68,0.78
68,71,0.58
71,68,0.58
69,70,1.00
70,69,1.00
69,71,0.76
71,69,0.76
70,71,1.00
71,70,1.00
70,72,0.72
72,70,0.72
70,73,0.63
73,70,0.63
71,72,1.00
72,71,1.00
71,73,0.79
73,71,0.79
71,74,0.58
74,71,0.58
72,73,1.00
73,72,1.00
72,74,0.72
74,72,0.72
73,74,1.00
74,73,1.00
73,75,0.73
75,73,0.73
73,84,0.61
84,73,0.61
73,85,0.68
85,73,0.68
73,86,0.58
86,73,0.58
73,123,0.71
123,73,0.71
73,124,0.61
124,73,0.61
74,75,1.00
75,74,1.00
74,76,0.72
76,74,0.72
74,77,0.58
77,74,0.58
74,83,0.59
83,74,0.59
74,84,0.70
84,74,0.70
74,85,0.84
85,74,0.84
74,86,0.64
86,74,0.64
74,92,0.58
92,74,0.58
74,93,0.58
93,74,0.58
74,94,0.65
94,74,0.65
74,120,0.64
120,74,0.64
74,121,0.63
121,74,0.63
74,122,0.75
122,74,0.75
74,123,0.97
123,74,0.97
74,124,0.71
124,74,0.71
74,125,0.58
125,74,0.58
75,76,1.00
76,75,1.00
75,77,0.79
77,75,0.79
75,78,0.61
78,75,0.61
75,81,0.58
81,75,0.58
75,82,0.63
82,75,0.63
75,83,0.76
83,75,0.76
75,84,0.81
84,75,0.81
75,85,0.84
85,75,0.84
75,86,0.60
86,75,0.60
75,120,0.63
120,75,0.63
75,121,0.61
121,75,0.61
75,122,0.78
122,75,0.78
75,123,0.96
123,75,0.96
75,124,0.72
124,75,0.72
76,77,1.00
77,76,1.00
76,78,0.73
78,76,0.73
76,79,0.58
79,76,0.58
76,81,0.61
81,76,0.61
76,82,0.61
82,76,0.61
76,83,0.73
83,76,0.73
76,84,0.65
84,76,0.65
76,85,0.65
85,76,0.65
76,120,0.62
120,76,0.62
76,121,0.62
121,76,0.62
76,122,0.85
122,76,0.85
76,123,0.87
123,76,0.87
76,124,0.71
124,76,0.71
77,78,1.00
78,77,1.00
77,79,0.80
79,77,0.80
77,80,0.68
80,77,0.68
77,81,0.80
81,77,0.80
77,82,0.78
82,77,0.78
77,83,0.87
83,77,0.87
77,84,0.67
84,77,0.67
77,85,0.60
85,77,0.60
77,122,0.61
122,77,0.61
77,123,0.63
123,77,0.63
78,79,1.00
79,78,1.00
78,80,0.71
80,78,0.71
78,81,0.74
81,78,0.74
78,82,0.75
82,78,0.75
78,83,0.84
83,78,0.84
78,84,0.60
84,78,0.60
79,80,1.00
80,79,1.00
79,81,0.85
81,79,0.85
79,82,0.74
82,79,0.74
79,83,0.69
83,79,0.69
80,81,1.00
81,80,1.00
80,82,0.73
82,80,0.73
80,83,0.60
83,80,0.60
81,82,1.00
82,81,1.00
81,83,0.75
83,81,0.75
81,84,0.63
84,81,0.63
82,83,1.00
83,82,1.00
82,84,0.83
84,82,0.83
82,85,0.61
85,82,0.61
83,84,1.00
84,83,1.00
83,85,0.78
85,83,0.78
83,86,0.62
86,83,0.62
83,88,0.63
88,83,0.63
84,85,1.00
85,84,1.00
84,86,0.77
86,84,0.77
84,87,0.65
87,84,0.65
84,88,0.70
88,84,0.70
85,86,1.00
86,85,1.00
85,87,0.72
87,85,0.72
85,88,0.70
88,85,0.70
85,89,0.61
89,85,0.61
85,90,0.65
90,85,0.65
85,91,0.60
91,85,0.60
85,92,0.71
92,85,0.71
85,93,0.59
93,85,0.59
85,120,0.68
120,85,0.68
85,122,0.60
122,85,0.60
85,123,0.63
123,85,0.63
86,87,1.00
87,86,1.00
86,88,0.85
88,86,0.85
86,89,0.75
89,86,0.75
86,90,0.87
90,86,0.87
86,91,0.73
91,86,0.73
86,92,0.85
92,86,0.85
86,93,0.63
93,86,0.63
86,118,0.57
118,86,0.57
86,120,0.63
120,86,0.63
87,88,1.00
88,87,1.00
87,89,0.80
89,87,0.80
87,90,0.88
90,87,0.88
87,91,0.64
91,87,0.64
87,92,0.67
92,87,0.67
88,89,1.00
89,88,1.00
88,90,0.83
90,88,0.83
88,91,0.61
91,88,0.61
88,92,0.58
92,88,0.58
89,90,1.00
90,89,1.00
89,91,0.73
91,89,0.73
89,92,0.62
92,89,0.62
90,91,1.00
91,90,1.00
90,92,0.82
92,90,0.82
90,93,0.60
93,90,0.60
90,118,0.66
118,90,0.66
90,120,0.58
120,90,0.58
91,92,1.00
92,91,1.00
91,93,0.76
93,91,0.76
91,117,0.69
117,91,0.69
91,118,0.98
118,91,0.98
91,119,0.74
119,91,0.74
91,120,0.69
120,91,0.69
92,93,1.00
93,92,1.00
92,94,0.72
94,92,0.72
92,95,0.58
95,92,0.58
92,117,0.61
117,92,0.61
92,118,0.87
118,92,0.87
92,119,0.74
119,92,0.74
92,120,0.76
120,92,0.76
92,121,0.59
121,92,0.59
93,94,1.00
94,93,1.00
93,95,0.79
95,93,0.79
93,96,0.58
96,93,0.58
93,103,0.61
103,93,0.61
93,115,0.72
115,93,0.72
93,116,0.66
116,93,0.66
93,117,0.68
117,93,0.68
93,118,0.90
118,93,0.90
93,119,0.85
119,93,0.85
93,120,0.80
120,93,0.80
93,121,0.69
121,93,0.69
94,95,1.00
95,94,1.00
94,96,0.73
96,94,0.73
94,97,0.63
97,94,0.63
94,98,0.60
98,94,0.60
94,101,0.60
101,94,0.60
94,102,0.63
102,94,0.63
94,103,0.75
103,94,0.75
94,104,0.61
104,94,0.61
94,105,0.59
105,94,0.59
94,114,0.60
114,94,0.60
94,115,0.75
115,94,0.75
94,116,0.60
116,94,0.60
94,118,0.66
118,94,0.66
94,119,0.74
119,94,0.74
94,120,0.77
120,94,0.77
94,121,0.82
121,94,0.82
94,122,0.67
122,94,0.67
94,123,0.62
123,94,0.62
95,96,1.00
96,95,1.00
95,97,0.73
97,95,0.73
95,98,0.62
98,95,0.62
95,101,0.60
101,95,0.60
95,102,0.70
102,95,0.70
95,103,0.88
103,95,0.88
95,104,0.79
104,95,0.79
95,105,0.73
105,95,0.73
95,106,0.61
106,95,0.61
95,114,0.66
114,95,0.66
95,115,0.78
115,95,0.78
95,116,0.61
116,95,0.61
95,118,0.58
118,95,0.58
95,119,0.62
119,95,0.62
95,120,0.59
120,95,0.59
95,121,0.65
121,95,0.65
96,97,1.00
97,96,1.00
96,98,0.72
98,96,0.72
96,101,0.66
101,96,0.66
96,102,0.82
102,96,0.82
96,103,0.88
103,96,0.88
96,104,0.91
104,96,0.91
96,105,0.70
105,96,0.70
96,113,0.59
113,96,0.59
96,114,0.63
114,96,0.63
96,115,0.64
115,96,0.64
97,98,1.00
98,97,1.00
97,99,0.74
99,97,0.74
97,100,0.71
100,97,0.71
97,101,0.85
101,97,0.85
97,102,0.95
102,97,0.95
97,103,0.76
103,97,0.76
97,104,0.72
104,97,0.72
97,113,0.58
113,97,0.58
97,125,0.57
125,97,0.57
98,99,1.00
99,98,1.00
98,100,0.82
100,98,0.82
98,101,0.89
101,98,0.89
98,102,0.76
102,98,0.76
98,103,0.61
103,98,0.61
98,123,0.58
123,98,0.58
98,124,0.60
124,98,0.60
98,125,0.76
125,98,0.76
98,126,0.64
126,98,0.64
99,100,1.00
100,99,1.00
99,101,0.81
101,99,0.81
99,102,0.64
102,99,0.64
99,124,0.62
124,99,0.62
99,125,0.86
125,99,0.86
99,126,0.82
126,99,0.82
99,127,0.75
127,99,0.75
100,101,1.00
101,100,1.00
100,102,0.74
102,100,0.74
100,124,0.61
124,100,0.61
100,125,0.79
125,100,0.79
100,126,0.69
126,100,0.69
100,127,0.62
127,100,0.62
101,102,1.00
102,101,1.00
101,103,0.74
103,101,0.74
101,104,0.59
104,101,0.59
101,113,0.67
113,101,0.67
101,114,0.58
114,101,0.58
101,121,0.66
121,101,0.66
101,122,0.66
122,101,0.66
101,123,0.62
123,101,0.62
101,124,0.62
124,101,0.62
101,125,0.73
125,101,0.73
101,126,0.58
126,101,0.58
102,103,1.00
103,102,1.00
102,104,0.82
104,102,0.82
102,105,0.60
105,102,0.60
102,112,0.60
112,102,0.60
102,113,0.85
113,102,0.85
102,114,0.74
114,102,0.74
102,115,0.65
115,102,0.65
102,121,0.64
121,102,0.64
103,104,1.00
104,103,1.00
103,105,0.80
105,103,0.80
103,106,0.69
106,103,0.69
103,107,0.59
107,103,0.59
103,111,0.58
111,103,0.58
103,112,0.64
112,103,0.64
103,113,0.87
113,103,0.87
103,114,1.00
114,103,1.00
103,115,0.94
115,103,0.94
103,116,0.66
116,103,0.66
103,119,0.62
119,103,0.62
103,120,0.58
120,103,0.58
103,121,0.73
121,103,0.73
103,122,0.57
122,103,0.57
104,105,1.00
105,104,1.00
104,106,0.73
106,104,0.73
104,107,0.65
107,104,0.65
104,112,0.61
112,104,0.61
104,113,0.76
113,104,0.76
104,114,0.88
114,104,0.88
104,115,0.77
115,104,0.77
104,116,0.61
116,104,0.61
105,106,1.00
106,105,1.00
105,107,0.80
107,105,0.80
105,108,0.59
108,105,0.59
105,111,0.60
111,105,0.60
105,113,0.64
113,105,0.64
105,114,0.85
114,105,0.85
105,115,0.84
115,105,0.84
105,116,0.76
116,105,0.76
105,117,0.61
117,105,0.61
106,107,1.00
107,106,1.00
106,108,0.71
108,106,0.71
106,109,0.58
109,106,0.58
106,111,0.71
111,106,0.71
106,112,0.60
112,106,0.60
106,113,0.62
113,106,0.62
106,114,0.87
114,106,0.87
106,115,0.91
115,106,0.91
106,116,1.00
116,106,1.00
106,117,0.74
117,106,0.74
106,118,0.60
118,106,0.60
106,119,0.63
119,106,0.63
107,108,1.00
108,107,1.00
107,109,0.75
109,107,0.75
107,110,0.70
110,107,0.70
107,111,0.89
111,107,0.89
107,112,0.68
112,107,0.68
107,113,0.63
113,107,0.63
107,114,0.79
114,107,0.79
107,115,0.68
115,107,0.68
107,116,0.73
116,107,0.73
107,117,0.57
117,107,0.57
108,109,1.00
109,108,1.00
108,110,0.77
110,108,0.77
108,111,0.78
111,108,0.78
108,112,0.59
112,108,0.59
108,114,0.58
114,108,0.58
108,116,0.58
116,108,0.58
109,110,1.00
110,109,1.00
109,111,0.81
111,109,0.81
109,112,0.60
112,109,0.60
110,111,1.00
111,110,1.00
110,112,0.78
112,110,0.78
110,113,0.58
113,110,0.58
110,114,0.58
114,110,0.58
111,112,1.00
112,111,1.00
111,113,0.75
113,111,0.75
111,114,0.80
114,111,0.80
111,115,0.63
115,111,0.63
111,116,0.63
116,111,0.63
112,113,1.00
113,112,1.00
112,114,0.83
114,112,0.83
112,115,0.61
115,112,0.61
113,114,1.00
114,113,1.00
113,115,0.71
115,113,0.71
113,116,0.57
116,113,0.57
113,121,0.61
121,113,0.61
114,115,1.00
115,114,1.00
114,116,0.78
116,114,0.78
114,117,0.57
117,114,0.57
114,119,0.64
119,114,0.64
114,121,0.65
121,114,0.65
115,116,1.00
116,115,1.00
115,117,0.73
117,115,0.73
115,118,0.71
118,115,0.71
115,119,0.87
119,115,0.87
115,120,0.69
120,115,0.69
115,121,0.76
121,115,0.76
116,117,1.00
117,116,1.00
116,118,0.80
118,116,0.80
116,119,0.86
119,116,0.86
116,120,0.62
120,116,0.62
116,121,0.61
121,116,0.61
117,118,1.00
118,117,1.00
117,119,0.82
119,117,0.82
117,120,0.60
120,117,0.60
118,119,1.00
119,118,1.00
118,120,0.76
120,118,0.76
118,121,0.61
121,118,0.61
119,120,1.00
120,119,1.00
119,121,0.82
121,119,0.82
119,122,0.61
122,119,0.61
120,121,1.00
121,120,1.00
120,122,0.80
122,120,0.80
120,123,0.64
123,120,0.64
121,122,1.00
122,121,1.00
121,123,0.72
123,121,0.72
122,123,1.00
123,122,1.00
122,124,0.75
124,122,0.75
122,125,0.63
125,122,0.63
123,124,1.00
124,123,1.00
123,125,0.75
125,123,0.75
124,125,1.00
125,124,1.00
124,126,0.74
126,124,0.74
125,126,1.00
126,125,1.00
125,127,0.70
127,125,0.70
126,127,1.00
127,126,1.00
126,128,0.75
128,126,0.75
126,130,0.58
130,126,0.58
127,128,1.00
128,127,1.00
127,129,0.76
129,127,0.76
127,130,0.77
130,127,0.77
127,131,0.61
131,127,0.61
128,129,1.00
129,128,1.00
128,130,0.83
130,128,0.83
128,131,0.70
131,128,0.70
128,132,0.68
132,128,0.68
128,133,0.60
133,128,0.60
129,130,1.00
130,129,1.00
129,131,0.80
131,129,0.80
129,132,0.82
132,129,0.82
129,133,0.77
133,129,0.77
129,134,0.70
134,129,0.70
129,135,0.74
135,129,0.74
129,136,0.61
136,129,0.61
129,137,0.61
137,129,0.61
130,131,1.00
131,130,1.00
130,132,0.79
132,130,0.79
130,133,0.65
133,130,0.65
130,134,0.63
134,130,0.63
130,135,0.67
135,130,0.67
130,136,0.63
136,130,0.63
130,137,0.69
137,130,0.69
131,132,1.00
132,131,1.00
131,133,0.70
133,131,0.70
131,134,0.63
134,131,0.63
131,135,0.59
135,131,0.59
131,136,0.59
136,131,0.59
131,137,0.73
137,131,0.73
131,138,0.63
138,131,0.63
132,133,1.00
133,132,1.00
132,134,0.77
134,132,0.77
132,135,0.64
135,132,0.64
132,136,0.60
136,132,0.60
132,137,0.71
137,132,0.71
132,138,0.69
138,132,0.69
133,134,1.00
134,133,1.00
133,135,0.74
135,133,0.74
133,136,0.64
136,133,0.64
133,137,0.67
137,133,0.67
133,138,0.69
138,133,0.69
133,139,0.59
139,133,0.59
133,140,0.62
140,133,0.62
134,135,1.00
135,134,1.00
134,136,0.87
136,134,0.87
134,137,0.80
137,134,0.80
134,138,0.80
138,134,0.80
134,139,0.75
139,134,0.75
134,140,0.81
140,134,0.81
134,141,0.64
141,134,0.64
135,136,1.00
136,135,1.00
135,137,0.75
137,135,0.75
135,138,0.64
138,135,0.64
135,139,0.65
139,135,0.65
135,140,0.68
140,135,0.68
135,141,0.61
141,135,0.61
135,142,0.61
142,135,0.61
136,137,1.00
137,136,1.00
136,138,0.78
138,136,0.78
136,139,0.82
139,136,0.82
136,140,0.73
140,136,0.73
136,141,0.62
141,136,0.62
136,142,0.62
142,136,0.62
137,138,1.00
138,137,1.00
137,139,0.82
139,137,0.82
137,140,0.65
140,137,0.65
138,139,1.00
139,138,1.00
138,140,0.76
140,138,0.76
139,140,1.00
140,139,1.00
139,141,0.73
141,139,0.73
139,142,0.63
142,139,0.63
140,141,1.00
141,140,1.00
140,142,0.74
142,140,0.74
140,143,0.59
143,140,0.59
141,142,1.00
142,141,1.00
141,143,0.79
143,141,0.79
141,144,0.61
144,141,0.61
142,143,1.00
143,142,1.00
142,144,0.73
144,142,0.73
142,145,0.58
145,142,0.58
143,144,1.00
144,143,1.00
143,145,0.75
145,143,0.75
143,146,0.62
146,143,0.62
144,145,1.00
145,144,1.00
144,146,0.78
146,144,0.78
144,147,0.63
147,144,0.63
145,146,1.00
146,145,1.00
145,147,0.71
147,145,0.71
146,147,1.00
147,146,1.00
146,148,0.74
148,146,0.74
147,148,1.00
148,147,1.00
147,149,0.74
149,147,0.74
148,149,1.00
149,148,1.00
148,150,0.75
150,148,0.75
148,151,0.58
151,148,0.58
148,158,0.58
158,148,0.58
148,159,0.62
159,148,0.62
148,160,0.63
160,148,0.63
148,161,0.58
161,148,0.58
149,150,1.00
150,149,1.00
149,151,0.80
151,149,0.80
149,152,0.71
152,149,0.71
149,157,0.59
157,149,0.59
149,158,0.71
158,149,0.71
149,159,0.68
159,149,0.68
149,160,0.62
160,149,0.62
150,151,1.00
151,150,1.00
150,152,0.73
152,150,0.73
150,153,0.57
153,150,0.57
150,156,0.61
156,150,0.61
150,157,0.76
157,150,0.76
150,158,0.86
158,150,0.86
150,159,0.75
159,150,0.75
150,160,0.60
160,150,0.60
151,152,1.00
152,151,1.00
151,153,0.78
153,151,0.78
151,154,0.65
154,151,0.65
151,155,0.65
155,151,0.65
151,156,0.79
156,151,0.79
151,157,0.91
157,151,0.91
151,158,0.89
158,151,0.89
151,159,0.66
159,151,0.66
152,153,1.00
153,152,1.00
152,154,0.70
154,152,0.70
152,155,0.64
155,152,0.64
152,156,0.80
156,152,0.80
152,157,0.75
157,152,0.75
152,158,0.80
158,152,0.80
152,159,0.60
159,152,0.60
153,154,1.00
154,153,1.00
153,155,0.80
155,153,0.80
153,156,0.90
156,153,0.90
153,157,0.70
157,153,0.70
153,158,0.64
158,153,0.64
154,155,1.00
155,154,1.00
154,156,0.84
156,154,0.84
154,157,0.63
157,154,0.63
155,156,1.00
156,155,1.00
155,157,0.76
157,155,0.76
155,158,0.58
158,155,0.58
156,157,1.00
157,156,1.00
156,158,0.78
158,156,0.78
156,159,0.58
159,156,0.58
157,158,1.00
158,157,1.00
157,159,0.72
159,157,0.72
158,159,1.00
159,158,1.00
158,160,0.72
160,158,0.72
158,161,0.58
161,158,0.58
158,163,0.61
163,158,0.61
159,160,1.00
160,159,1.00
159,161,0.80
161,159,0.80
159,162,0.73
162,159,0.73
159,163,0.77
163,159,0.77
159,164,0.60
164,159,0.60
160,161,1.00
161,160,1.00
160,162,0.79
162,160,0.79
160,163,0.76
163,160,0.76
161,162,1.00
162,161,1.00
161,163,0.77
163,161,0.77
162,163,1.00
163,162,1.00
162,164,0.75
164,162,0.75
162,165,0.59
165,162,0.59
163,164,1.00
164,163,1.00
163,165,0.73
165,163,0.73
163,166,0.66
166,163,0.66
164,165,1.00
165,164,1.00
164,166,0.76
166,164,0.76
165,166,1.00
166,165,1.00
165,167,0.74
167,165,0.74
165,168,0.67
168,165,0.67
165,169,0.61
169,165,0.61
166,167,1.00
167,166,1.00
166,168,0.76
168,166,0.76
166,169,0.62
169,166,0.62
167,168,1.00
168,167,1.00
167,169,0.73
169,167,0.73
168,169,1.00
169,168,1.00
