2,3,1.00
3,2,1.00
2,4,0.80
4,2,0.80
2,5,0.78
5,2,0.78
2,10,0.60
10,2,0.60
2,11,0.63
11,2,0.63
2,12,0.70
12,2,0.70
2,13,0.59
13,2,0.59
2,67,0.65
67,2,0.65
3,4,1.00
4,3,1.00
3,5,0.79
5,3,0.79
3,6,0.59
6,3,0.59
3,67,0.70
67,3,0.70
3,68,0.67
68,3,0.67
4,5,1.00
5,4,1.00
4,6,0.77
6,4,0.77
4,7,0.59
7,4,0.59
4,10,0.57
10,4,0.57
4,65,0.60
65,4,0.60
4,66,0.65
66,4,0.65
4,67,0.95
67,4,0.95
4,68,0.86
68,4,0.86
4,69,0.61
69,4,0.61
5,6,1.00
6,5,1.00
5,7,0.79
7,5,0.79
5,8,0.65
8,5,0.65
5,9,0.66
9,5,0.66
5,10,0.78
10,5,0.78
5,11,0.64
11,5,0.64
5,12,0.58
12,5,0.58
5,34,0.66
34,5,0.66
5,63,0.60
63,5,0.60
5,64,0.58
64,5,0.58
5,65,0.57
65,5,0.57
5,66,0.66
66,5,0.66
5,67,0.90
67,5,0.90
5,68,0.67
68,5,0.67
6,7,1.00
7,6,1.00
6,8,0.78
8,6,0.78
6,9,0.67
9,6,0.67
6,10,0.72
10,6,0.72
6,34,0.68
34,6,0.68
6,35,0.60
35,6,0.60
6,36,0.63
36,6,0.63
6,37,0.62
37,6,0.62
6,62,0.63
62,6,0.63
6,63,0.83
63,6,0.83
6,64,0.71
64,6,0.71
6,65,0.63
65,6,0.63
6,66,0.66
66,6,0.66
6,67,0.81
67,6,0.81
6,68,0.63
68,6,0.63
7,8,1.00
8,7,1.00
7,9,0.81
9,7,0.81
7,10,0.88
10,7,0.88
7,11,0.63
11,7,0.63
7,31,0.64
31,7,0.64
7,32,0.59
32,7,0.59
7,33,0.66
33,7,0.66
7,34,0.97
34,7,0.97
7,35,0.83
35,7,0.83
7,36,0.89
36,7,0.89
7,37,0.81
37,7,0.81
7,38,0.60
38,7,0.60
7,63,0.70
63,7,0.70
7,64,0.61
64,7,0.61
7,66,0.58
66,7,0.58
7,67,0.63
67,7,0.63
8,9,1.00
9,8,1.00
8,10,0.82
10,8,0.82
8,11,0.61
11,8,0.61
8,30,0.64
30,8,0.64
8,31,0.71
31,8,0.71
8,32,0.60
32,8,0.60
8,33,0.60
33,8,0.60
8,34,0.80
34,8,0.80
8,35,0.92
35,8,0.92
8,36,0.89
36,8,0.89
8,37,0.68
37,8,0.68
8,63,0.61
63,8,0.61
9,10,1.00
10,9,1.00
9,11,0.78
11,9,0.78
9,12,0.57
12,9,0.57
9,27,0.62
27,9,0.62
9,29,0.61
29,9,0.61
9,30,0.83
30,9,0.83
9,31,0.97
31,9,0.97
9,32,0.71
32,9,0.71
9,33,0.65
33,9,0.65
9,34,0.79
34,9,0.79
9,35,0.88
35,9,0.88
9,36,0.69
36,9,0.69
10,11,1.00
11,10,1.00
10,12,0.72
12,10,0.72
10,27,0.57
27,10,0.57
10,30,0.69
30,10,0.69
10,31,0.95
31,10,0.95
10,32,0.80
32,10,0.80
10,33,0.84
33,10,0.84
10,34,1.00
34,10,1.00
10,35,0.86
35,10,0.86
10,36,0.69
36,10,0.69
10,37,0.58
37,10,0.58
11,12,1.00
12,11,1.00
11,13,0.72
13,11,0.72
11,14,0.72
14,11,0.72
11,25,0.58
25,11,0.58
11,27,0.67
27,11,0.67
11,29,0.60
29,11,0.60
11,30,0.69
30,11,0.69
11,31,0.97
31,11,0.97
11,32,0.86
32,11,0.86
11,33,0.83
33,11,0.83
11,34,0.78
34,11,0.78
11,35,0.68
35,11,0.68
12,13,1.00
13,12,1.00
12,14,0.80
14,12,0.80
12,15,0.60
15,12,0.60
12,31,0.66
31,12,0.66
12,32,0.66
32,12,0.66
12,33,0.69
33,12,0.69
12,34,0.61
34,12,0.61
13,14,1.00
14,13,1.00
13,15,0.81
15,13,0.81
13,16,0.59
16,13,0.59
13,25,0.59
25,13,0.59
14,15,1.00
15,14,1.00
14,16,0.74
16,14,0.74
14,25,0.75
25,14,0.75
14,26,0.68
26,14,0.68
14,27,0.73
27,14,0.73
14,28,0.60
28,14,0.60
14,31,0.60
31,14,0.60
15,16,1.00
16,15,1.00
15,17,0.70
17,15,0.70
15,19,0.58
19,15,0.58
15,25,0.70
25,15,0.70
15,26,0.62
26,15,0.62
15,27,0.60
27,15,0.60
16,17,1.00
17,16,1.00
16,18,0.77
18,16,0.77
16,19,0.73
19,16,0.73
16,25,0.75
25,16,0.75
16,26,0.66
26,16,0.66
16,27,0.57
27,16,0.57
17,18,1.00
18,17,1.00
17,19,0.81
19,17,0.81
17,20,0.60
20,17,0.60
17,25,0.59
25,17,0.59
18,19,1.00
19,18,1.00
18,20,0.77
20,18,0.77
18,21,0.61
21,18,0.61
18,23,0.58
23,18,0.58
18,25,0.59
25,18,0.59
19,20,1.00
20,19,1.00
19,21,0.78
21,19,0.78
19,22,0.65
22,19,0.65
19,23,0.66
23,19,0.66
19,24,0.58
24,19,0.58
19,25,0.62
25,19,0.62
20,21,1.00
21,20,1.00
20,22,0.71
22,20,0.71
20,23,0.64
23,20,0.64
21,22,1.00
22,21,1.00
21,23,0.78
23,21,0.78
21,24,0.58
24,21,0.58
22,23,1.00
23,22,1.00
22,24,0.71
24,22,0.71
22,25,0.58
25,22,0.58
23,24,1.00
24,23,1.00
23,25,0.75
25,23,0.75
23,26,0.60
26,23,0.60
24,25,1.00
25,24,1.00
24,26,0.77
26,24,0.77
24,27,0.62
27,24,0.62
25,26,1.00
26,25,1.00
25,27,0.77
27,25,0.77
25,28,0.57
28,25,0.57
26,27,1.00
27,26,1.00
26,28,0.75
28,26,0.75
26,29,0.60
29,26,0.60
26,30,0.65
30,26,0.65
26,31,0.59
31,26,0.59
27,28,1.00
28,27,1.00
27,29,0.82
29,27,0.82
27,30,0.88
30,27,0.88
27,31,0.76
31,27,0.76
27,32,0.62
32,27,0.62
28,29,1.00
29,28,1.00
28,30,0.82
30,28,0.82
28,31,0.67
31,28,0.67
28,32,0.60
32,28,0.60
29,30,1.00
30,29,1.00
29,31,0.81
31,29,0.81
29,32,0.75
32,29,0.75
29,35,0.62
35,29,0.62
30,31,1.00
31,30,1.00
30,32,0.77
32,30,0.77
30,33,0.58
33,30,0.58
30,34,0.60
34,30,0.60
30,35,0.72
35,30,0.72
31,32,1.00
32,31,1.00
31,33,0.78
33,31,0.78
31,34,0.78
34,31,0.78
31,35,0.86
35,31,0.86
31,36,0.62
36,31,0.62
32,33,1.00
33,32,1.00
32,34,0.82
34,32,0.82
32,35,0.86
35,32,0.86
32,36,0.63
36,32,0.63
33,34,1.00
34,33,1.00
33,35,0.81
35,33,0.81
33,36,0.66
36,33,0.66
33,37,0.59
37,33,0.59
34,35,1.00
35,34,1.00
34,36,0.88
36,34,0.88
34,37,0.75
37,34,0.75
35,36,1.00
36,35,1.00
35,37,0.72
37,35,0.72
36,37,1.00
37,36,1.00
36,38,0.72
38,36,0.72
36,39,0.59
39,36,0.59
37,38,1.00
38,37,1.00
37,39,0.78
39,37,0.78
37,40,0.68
40,37,0.68
37,63,0.63
63,37,0.63
37,64,0.58
64,37,0.58
38,39,1.00
39,38,1.00
38,40,0.78
40,38,0.78
38,41,0.65
41,38,0.65
38,63,0.59
63,38,0.59
39,40,1.00
40,39,1.00
39,41,0.80
41,39,0.80
39,42,0.58
42,39,0.58
39,51,0.64
51,39,0.64
39,52,0.64
52,39,0.64
39,62,0.61
62,39,0.61
39,63,0.71
63,39,0.71
39,64,0.69
64,39,0.69
40,41,1.00
41,40,1.00
40,42,0.74
42,40,0.74
40,43,0.59
43,40,0.59
40,50,0.59
50,40,0.59
40,51,0.78
51,40,0.78
40,52,0.88
52,40,0.88
40,53,0.68
53,40,0.68
40,54,0.65
54,40,0.65
40,62,0.60
62,40,0.60
40,63,0.74
63,40,0.74
40,64,0.88
64,40,0.88
40,65,0.69
65,40,0.69
40,66,0.63
66,40,0.63
41,42,1.00
42,41,1.00
41,43,0.74
43,41,0.74
41,50,0.73
50,41,0.73
41,51,0.93
51,41,0.93
41,52,0.92
52,41,0.92
41,53,0.64
53,41,0.64
41,54,0.59
54,41,0.59
41,64,0.67
64,41,0.67
41,65,0.60
65,41,0.60
42,43,1.00
43,42,1.00
42,44,0.77
44,42,0.77
42,45,0.60
45,42,0.60
42,47,0.58
47,42,0.58
42,48,0.66
48,42,0.66
42,49,0.68
49,42,0.68
42,50,0.88
50,42,0.88
42,51,0.95
51,42,0.95
42,52,0.97
52,42,0.97
42,53,0.69
53,42,0.69
42,54,0.58
54,42,0.58
42,64,0.60
64,42,0.60
42,65,0.60
65,42,0.60
43,44,1.00
44,43,1.00
43,45,0.74
45,43,0.74
43,46,0.61
46,43,0.61
43,47,0.60
47,43,0.60
43,48,0.61
48,43,0.61
43,49,0.59
49,43,0.59
43,50,0.67
50,43,0.67
43,51,0.66
51,43,0.66
43,52,0.73
52,43,0.73
43,53,0.58
53,43,0.58
44,45,1.00
45,44,1.00
44,46,0.83
46,44,0.83
44,47,0.79
47,44,0.79
44,48,0.72
48,44,0.72
44,49,0.64
49,44,0.64
44,50,0.63
50,44,0.63
44,51,0.58
51,44,0.58
44,52,0.62
52,44,0.62
45,46,1.00
46,45,1.00
45,47,0.74
47,45,0.74
45,48,0.60
48,45,0.60
45,49,0.57
49,45,0.57
46,47,1.00
47,46,1.00
46,48,0.71
48,46,0.71
46,49,0.65
49,46,0.65
47,48,1.00
48,47,1.00
47,49,0.79
49,47,0.79
47,50,0.62
50,47,0.62
48,49,1.00
49,48,1.00
48,50,0.76
50,48,0.76
48,51,0.67
51,48,0.67
48,52,0.65
52,48,0.65
48,53,0.65
53,48,0.65
48,54,0.58
54,48,0.58
49,50,1.00
50,49,1.00
49,51,0.74
51,49,0.74
49,52,0.62
52,49,0.62
49,53,0.57
53,49,0.57
50,51,1.00
51,50,1.00
50,52,0.74
52,50,0.74
50,53,0.61
53,50,0.61
50,54,0.59
54,50,0.59
51,52,1.00
52,51,1.00
51,53,0.77
53,51,0.77
51,54,0.76
54,51,0.76
51,61,0.58
61,51,0.58
51,64,0.68
64,51,0.68
51,65,0.61
65,51,0.61
52,53,1.00
53,52,1.00
52,54,0.81
54,52,0.81
52,55,0.61
55,52,0.61
52,63,0.62
63,52,0.62
52,64,0.85
64,52,0.85
52,65,0.84
65,52,0.84
52,66,0.66
66,52,0.66
52,69,0.61
69,52,0.61
52,70,0.62
70,52,0.62
53,54,1.00
54,53,1.00
53,55,0.82
55,53,0.82
53,56,0.62
56,53,0.62
53,61,0.59
61,53,0.59
53,62,0.58
62,53,0.58
53,63,0.64
63,53,0.64
53,64,0.89
64,53,0.89
53,65,1.00
65,53,1.00
53,66,0.69
66,53,0.69
53,67,0.60
67,53,0.60
53,68,0.64
68,53,0.64
53,69,0.79
69,53,0.79
53,70,0.71
70,53,0.71
54,55,1.00
55,54,1.00
54,56,0.84
56,54,0.84
54,57,0.65
57,54,0.65
54,60,0.59
60,54,0.59
54,61,0.82
61,54,0.82
54,62,0.74
62,54,0.74
54,63,0.73
63,54,0.73
54,64,0.87
64,54,0.87
54,65,0.77
65,54,0.77
54,69,0.63
69,54,0.63
55,56,1.00
56,55,1.00
55,57,0.82
57,55,0.82
55,58,0.60
58,55,0.60
55,61,0.71
61,55,0.71
55,62,0.65
62,55,0.65
55,63,0.61
63,55,0.61
55,64,0.68
64,55,0.68
55,65,0.68
65,55,0.68
55,68,0.60
68,55,0.60
55,69,0.67
69,55,0.67
56,57,1.00
57,56,1.00
56,58,0.79
58,56,0.79
56,59,0.72
59,56,0.72
56,60,0.76
60,56,0.76
56,61,0.90
61,56,0.90
56,62,0.76
62,56,0.76
56,63,0.62
63,56,0.62
56,64,0.61
64,56,0.61
57,58,1.00
58,57,1.00
57,59,0.73
59,57,0.73
57,60,0.65
60,57,0.65
57,61,0.68
61,57,0.68
57,62,0.68
62,57,0.68
57,63,0.58
63,57,0.58
58,59,1.00
59,58,1.00
58,60,0.75
60,58,0.75
58,61,0.67
61,58,0.67
58,62,0.68
62,58,0.68
59,60,1.00
60,59,1.00
59,61,0.74
61,59,0.74
59,62,0.70
62,59,0.70
60,61,1.00
61,60,1.00
60,62,0.80
62,60,0.80
60,63,0.58
63,60,0.58
61,62,1.00
62,61,1.00
61,63,0.72
63,61,0.72
61,64,0.65
64,61,0.65
62,63,1.00
63,62,1.00
62,64,0.76
64,62,0.76
62,65,0.57
65,62,0.57
63,64,1.00
64,63,1.00
63,65,0.70
65,63,0.70
63,66,0.62
66,63,0.62
63,67,0.63
67,63,0.63
64,65,1.00
65,64,1.00
64,66,0.78
66,64,0.78
64,67,0.71
67,64,0.71
64,68,0.65
68,64,0.65
64,69,0.66
69,64,0.66
64,70,0.59
70,64,0.59
65,66,1.00
66,65,1.00
65,67,0.83
67,65,0.83
65,68,0.82
68,65,0.82
65,69,0.94
69,65,0.94
65,70,0.84
70,65,0.84
65,71,0.62
71,65,0.62
66,67,1.00
67,66,1.00
66,68,0.80
68,66,0.80
66,69,0.79
69,66,0.79
66,70,0.84
70,66,0.84
66,71,0.70
71,66,0.70
67,68,1.00
68,67,1.00
67,69,0.76
69,67,0.76
67,70,0.69
70,67,0.69
67,71,0.63
71,67,0.63
68,69,1.00
69,68,1.00
68,70,0.76
70,68,0.76
68,71,0.66
71,68,0.66
69,70,1.00
70,69,1.00
69,71,0.74
71,69,0.74
69,72,0.60
72,69,0.60
70,71,1.00
71,70,1.00
70,72,0.78
72,70,0.78
70,73,0.61
73,70,0.61
71,72,1.00
72,71,1.00
71,73,0.82
73,71,0.82
71,74,0.59
74,71,0.59
72,73,1.00
73,72,1.00
72,74,0.72
74,72,0.72
72,75,0.58
75,72,0.58
73,74,1.00
74,73,1.00
73,75,0.73
75,73,0.73
73,94,0.58
94,73,0.58
73,123,0.65
123,73,0.65
73,124,0.59
124,73,0.59
74,75,1.00
75,74,1.00
74,76,0.76
76,74,0.76
74,77,0.57
77,74,0.57
74,92,0.63
92,74,0.63
74,93,0.58
93,74,0.58
74,94,0.64
94,74,0.64
74,120,0.68
120,74,0.68
74,121,0.60
121,74,0.60
74,122,0.67
122,74,0.67
74,123,0.89
123,74,0.89
74,124,0.71
124,74,0.71
74,125,0.58
125,74,0.58
75,76,1.00
76,75,1.00
75,77,0.76
77,75,0.76
75,78,0.57
78,75,0.57
75,82,0.63
82,75,0.63
75,83,0.70
83,75,0.70
75,84,0.64
84,75,0.64
75,120,0.62
120,75,0.62
75,122,0.66
122,75,0.66
75,123,0.83
123,75,0.83
75,124,0.71
124,75,0.71
76,77,1.00
77,76,1.00
76,78,0.71
78,76,0.71
76,81,0.61
81,76,0.61
76,82,0.64
82,76,0.64
76,83,0.71
83,76,0.71
76,84,0.58
84,76,0.58
76,120,0.64
120,76,0.64
76,121,0.61
121,76,0.61
76,122,0.80
122,76,0.80
76,123,0.89
123,76,0.89
76,124,0.75
124,76,0.75
77,78,1.00
78,77,1.00
77,79,0.78
79,77,0.78
77,80,0.65
80,77,0.65
77,81,0.81
81,77,0.81
77,82,0.81
82,77,0.81
77,83,0.84
83,77,0.84
77,84,0.61
84,77,0.61
77,122,0.61
122,77,0.61
77,123,0.62
123,77,0.62
77,124,0.58
124,77,0.58
78,79,1.00
79,78,1.00
78,80,0.71
80,78,0.71
78,81,0.75
81,78,0.75
78,82,0.75
82,78,0.75
78,83,0.80
83,78,0.80
78,84,0.59
84,78,0.59
79,80,1.00
80,79,1.00
79,81,0.86
81,79,0.86
79,82,0.73
82,79,0.73
79,83,0.66
83,79,0.66
80,81,1.00
81,80,1.00
80,82,0.74
82,80,0.74
80,83,0.59
83,80,0.59
81,82,1.00
82,81,1.00
81,83,0.72
83,81,0.72
82,83,1.00
83,82,1.00
82,84,0.75
84,82,0.75
83,84,1.00
84,83,1.00
83,85,0.71
85,83,0.71
84,85,1.00
85,84,1.00
84,86,0.74
86,84,0.74
84,87,0.59
87,84,0.59
85,86,1.00
86,85,1.00
85,87,0.78
87,85,0.78
85,88,0.60
88,85,0.60
85,89,0.64
89,85,0.64
85,90,0.66
90,85,0.66
85,91,0.61
91,85,0.61
86,87,1.00
87,86,1.00
86,88,0.78
88,86,0.78
86,89,0.83
89,86,0.83
86,90,0.93
90,86,0.93
86,91,0.76
91,86,0.76
86,92,0.67
92,86,0.67
87,88,1.00
88,87,1.00
87,89,0.83
89,87,0.83
87,90,0.78
90,87,0.78
87,91,0.59
91,87,0.59
88,89,1.00
89,88,1.00
88,90,0.83
90,88,0.83
88,91,0.60
91,88,0.60
89,90,1.00
90,89,1.00
89,91,0.76
91,89,0.76
89,92,0.60
92,89,0.60
90,91,1.00
91,90,1.00
90,92,0.82
92,90,0.82
90,93,0.62
93,90,0.62
90,118,0.68
118,90,0.68
91,92,1.00
92,91,1.00
91,93,0.79
93,91,0.79
91,94,0.60
94,91,0.60
91,117,0.66
117,91,0.66
91,118,0.92
118,91,0.92
91,119,0.78
119,91,0.78
91,120,0.70
120,91,0.70
92,93,1.00
93,92,1.00
92,94,0.76
94,92,0.76
92,95,0.59
95,92,0.59
92,117,0.60
117,92,0.60
92,118,0.84
118,92,0.84
92,119,0.77
119,92,0.77
92,120,0.79
120,92,0.79
92,121,0.59
121,92,0.59
93,94,1.00
94,93,1.00
93,95,0.79
95,93,0.79
93,96,0.58
96,93,0.58
93,103,0.62
103,93,0.62
93,115,0.71
115,93,0.71
93,116,0.69
116,93,0.69
93,117,0.70
117,93,0.70
93,118,0.97
118,93,0.97
93,119,0.92
119,93,0.92
93,120,0.84
120,93,0.84
93,121,0.68
121,93,0.68
94,95,1.00
95,94,1.00
94,96,0.74
96,94,0.74
94,97,0.62
97,94,0.62
94,98,0.59
98,94,0.59
94,101,0.57
101,94,0.57
94,102,0.63
102,94,0.63
94,103,0.79
103,94,0.79
94,104,0.61
104,94,0.61
94,114,0.60
114,94,0.60
94,115,0.77
115,94,0.77
94,116,0.64
116,94,0.64
94,117,0.58
117,94,0.58
94,118,0.70
118,94,0.70
94,119,0.79
119,94,0.79
94,120,0.86
120,94,0.86
94,121,0.81
121,94,0.81
94,122,0.64
122,94,0.64
94,123,0.64
123,94,0.64
95,96,1.00
96,95,1.00
95,97,0.72
97,95,0.72
95,98,0.60
98,95,0.60
95,101,0.58
101,95,0.58
95,102,0.71
102,95,0.71
95,103,0.98
103,95,0.98
95,104,0.83
104,95,0.83
95,105,0.75
105,95,0.75
95,106,0.63
106,95,0.63
95,113,0.59
113,95,0.59
95,114,0.71
114,95,0.71
95,115,0.85
115,95,0.85
95,116,0.66
116,95,0.66
95,118,0.61
118,95,0.61
95,119,0.65
119,95,0.65
95,120,0.63
120,95,0.63
95,121,0.66
121,95,0.66
96,97,1.00
97,96,1.00
96,98,0.73
98,96,0.73
96,101,0.66
101,96,0.66
96,102,0.85
102,96,0.85
96,103,0.96
103,96,0.96
96,104,0.95
104,96,0.95
96,105,0.72
105,96,0.72
96,113,0.63
113,96,0.63
96,114,0.67
114,96,0.67
96,115,0.68
115,96,0.68
97,98,1.00
98,97,1.00
97,99,0.73
99,97,0.73
97,100,0.70
100,97,0.70
97,101,0.85
101,97,0.85
97,102,1.00
102,97,1.00
97,103,0.80
103,97,0.80
97,104,0.76
104,97,0.76
97,113,0.64
113,97,0.64
97,114,0.59
114,97,0.59
98,99,1.00
99,98,1.00
98,100,0.81
100,98,0.81
98,101,0.88
101,98,0.88
98,102,0.78
102,98,0.78
98,103,0.64
103,98,0.64
98,123,0.60
123,98,0.60
98,124,0.61
124,98,0.61
98,125,0.75
125,98,0.75
98,126,0.65
126,98,0.65
98,127,0.58
127,98,0.58
99,100,1.00
100,99,1.00
99,101,0.81
101,99,0.81
99,102,0.64
102,99,0.64
99,124,0.62
124,99,0.62
99,125,0.85
125,99,0.85
99,126,0.85
126,99,0.85
99,127,0.81
127,99,0.81
99,128,0.59
128,99,0.59
99,130,0.67
130,99,0.67
100,101,1.00
101,100,1.00
100,102,0.72
102,100,0.72
100,124,0.59
124,100,0.59
100,125,0.78
125,100,0.78
100,126,0.72
126,100,0.72
100,127,0.74
127,100,0.74
100,130,0.68
130,100,0.68
100,131,0.64
131,100,0.64
101,102,1.00
102,101,1.00
101,103,0.73
103,101,0.73
101,104,0.60
104,101,0.60
101,113,0.69
113,101,0.69
101,114,0.59
114,101,0.59
101,121,0.66
121,101,0.66
101,122,0.62
122,101,0.62
101,123,0.62
123,101,0.62
101,124,0.61
124,101,0.61
101,125,0.74
125,101,0.74
101,126,0.60
126,101,0.60
102,103,1.00
103,102,1.00
102,104,0.85
104,102,0.85
102,105,0.61
105,102,0.61
102,112,0.63
112,102,0.63
102,113,0.90
113,102,0.90
102,114,0.77
114,102,0.77
102,115,0.67
115,102,0.67
102,121,0.65
121,102,0.65
103,104,1.00
104,103,1.00
103,105,0.77
105,103,0.77
103,106,0.66
106,103,0.66
103,107,0.59
107,103,0.59
103,112,0.64
112,103,0.64
103,113,0.84
113,103,0.84
103,114,0.98
114,103,0.98
103,115,0.96
115,103,0.96
103,116,0.66
116,103,0.66
103,119,0.61
119,103,0.61
103,120,0.60
120,103,0.60
103,121,0.73
121,103,0.73
104,105,1.00
105,104,1.00
104,106,0.73
106,104,0.73
104,107,0.66
107,104,0.66
104,112,0.64
112,104,0.64
104,113,0.82
113,104,0.82
104,114,0.92
114,104,0.92
104,115,0.78
115,104,0.78
104,116,0.60
116,104,0.60
105,106,1.00
106,105,1.00
105,107,0.79
107,105,0.79
105,108,0.65
108,105,0.65
105,111,0.58
111,105,0.58
105,112,0.58
112,105,0.58
105,113,0.65
113,105,0.65
105,114,0.83
114,105,0.83
105,115,0.78
115,105,0.78
105,116,0.68
116,105,0.68
106,107,1.00
107,106,1.00
106,108,0.77
108,106,0.77
106,109,0.59
109,106,0.59
106,110,0.60
110,106,0.60
106,111,0.66
111,106,0.66
106,112,0.61
112,106,0.61
106,113,0.61
113,106,0.61
106,114,0.83
114,106,0.83
106,115,0.83
115,106,0.83
106,116,0.86
116,106,0.86
106,117,0.64
117,106,0.64
107,108,1.00
108,107,1.00
107,109,0.80
109,107,0.80
107,110,0.83
110,107,0.83
107,111,0.91
111,107,0.91
107,112,0.74
112,107,0.74
107,113,0.66
113,107,0.66
107,114,0.82
114,107,0.82
107,115,0.68
115,107,0.68
107,116,0.68
116,107,0.68
108,109,1.00
109,108,1.00
108,110,0.82
110,108,0.82
108,111,0.73
111,108,0.73
108,112,0.58
112,108,0.58
108,114,0.59
114,108,0.59
109,110,1.00
110,109,1.00
109,111,0.78
111,109,0.78
109,112,0.59
112,109,0.59
110,111,1.00
111,110,1.00
110,112,0.79
112,110,0.79
110,113,0.62
113,110,0.62
110,114,0.62
114,110,0.62
111,112,1.00
112,111,1.00
111,113,0.72
113,111,0.72
111,114,0.76
114,111,0.76
111,115,0.60
115,111,0.60
112,113,1.00
113,112,1.00
112,114,0.88
114,112,0.88
112,115,0.64
115,112,0.64
113,114,1.00
114,113,1.00
113,115,0.71
115,113,0.71
113,121,0.58
121,113,0.58
114,115,1.00
115,114,1.00
114,116,0.74
116,114,0.74
114,119,0.58
119,114,0.58
114,121,0.63
121,114,0.63
115,116,1.00
116,115,1.00
115,117,0.70
117,115,0.70
115,118,0.68
118,115,0.68
115,119,0.79
119,115,0.79
115,120,0.67
120,115,0.67
115,121,0.74
121,115,0.74
116,117,1.00
117,116,1.00
116,118,0.81
118,116,0.81
116,119,0.81
119,116,0.81
116,120,0.61
120,116,0.61
116,121,0.61
121,116,0.61
117,118,1.00
118,117,1.00
117,119,0.81
119,117,0.81
117,120,0.58
120,117,0.58
118,119,1.00
119,118,1.00
118,120,0.73
120,118,0.73
118,121,0.59
121,118,0.59
119,120,1.00
120,119,1.00
119,121,0.81
121,119,0.81
119,122,0.63
122,119,0.63
120,121,1.00
121,120,1.00
120,122,0.85
122,120,0.85
120,123,0.73
123,120,0.73
121,122,1.00
122,121,1.00
121,123,0.77
123,121,0.77
121,124,0.59
124,121,0.59
122,123,1.00
123,122,1.00
122,124,0.75
124,122,0.75
122,125,0.63
125,122,0.63
123,124,1.00
124,123,1.00
123,125,0.77
125,123,0.77
123,126,0.57
126,123,0.57
124,125,1.00
125,124,1.00
124,126,0.75
126,124,0.75
125,126,1.00
126,125,1.00
125,127,0.74
127,125,0.74
126,127,1.00
127,126,1.00
126,128,0.74
128,126,0.74
126,129,0.60
129,126,0.60
126,130,0.63
130,126,0.63
127,128,1.00
128,127,1.00
127,129,0.82
129,127,0.82
127,130,0.89
130,127,0.89
127,131,0.67
131,127,0.67
127,132,0.58
132,127,0.58
127,133,0.57
133,127,0.57
128,129,1.00
129,128,1.00
128,130,0.82
130,128,0.82
128,131,0.65
131,128,0.65
128,132,0.64
132,128,0.64
128,133,0.68
133,128,0.68
129,130,1.00
130,129,1.00
129,131,0.76
131,129,0.76
129,132,0.73
132,129,0.73
129,133,0.87
133,129,0.87
129,134,0.66
134,129,0.66
130,131,1.00
131,130,1.00
130,132,0.77
132,130,0.77
130,133,0.75
133,130,0.75
130,134,0.59
134,130,0.59
131,132,1.00
132,131,1.00
131,133,0.80
133,131,0.80
131,134,0.62
134,131,0.62
131,135,0.58
135,131,0.58
132,133,1.00
133,132,1.00
132,134,0.76
134,132,0.76
132,135,0.65
135,132,0.65
132,136,0.59
136,132,0.59
132,137,0.62
137,132,0.62
133,134,1.00
134,133,1.00
133,135,0.74
135,133,0.74
133,136,0.65
136,133,0.65
133,137,0.70
137,133,0.70
134,135,1.00
135,134,1.00
134,136,0.87
136,134,0.87
134,137,0.88
137,134,0.88
134,138,0.66
138,134,0.66
134,139,0.63
139,134,0.63
134,140,0.70
140,134,0.70
135,136,1.00
136,135,1.00
135,137,0.77
137,135,0.77
135,138,0.60
138,135,0.60
135,139,0.63
139,135,0.63
135,140,0.68
140,135,0.68
135,142,0.64
142,135,0.64
136,137,1.00
137,136,1.00
136,138,0.75
138,136,0.75
136,139,0.80
139,136,0.80
136,140,0.75
140,136,0.75
136,141,0.61
141,136,0.61
136,142,0.67
142,136,0.67
137,138,1.00
138,137,1.00
137,139,0.83
139,137,0.83
137,140,0.74
140,137,0.74
138,139,1.00
139,138,1.00
138,140,0.81
140,138,0.81
138,141,0.62
141,138,0.62
139,140,1.00
140,139,1.00
139,141,0.83
141,139,0.83
139,142,0.74
142,139,0.74
139,143,0.61
143,139,0.61
140,141,1.00
141,140,1.00
140,142,0.82
142,140,0.82
140,143,0.62
143,140,0.62
141,142,1.00
142,141,1.00
141,143,0.82
143,141,0.82
141,144,0.61
144,141,0.61
142,143,1.00
143,142,1.00
142,144,0.75
144,142,0.75
142,145,0.58
145,142,0.58
142,147,0.58
147,142,0.58
143,144,1.00
144,143,1.00
143,145,0.78
145,143,0.78
143,146,0.72
146,143,0.72
143,147,0.74
147,143,0.74
144,145,1.00
145,144,1.00
144,146,0.76
146,144,0.76
144,147,0.66
147,144,0.66
145,146,1.00
146,145,1.00
145,147,0.72
147,145,0.72
146,147,1.00
147,146,1.00
146,148,0.71
148,146,0.71
147,148,1.00
148,147,1.00
147,149,0.73
149,147,0.73
147,150,0.60
150,147,0.60
148,149,1.00
149,148,1.00
148,150,0.75
150,148,0.75
148,151,0.59
151,148,0.59
148,158,0.58
158,148,0.58
148,159,0.58
159,148,0.58
148,160,0.72
160,148,0.72
148,161,0.58
161,148,0.58
149,150,1.00
150,149,1.00
149,151,0.81
151,149,0.81
149,152,0.69
152,149,0.69
149,157,0.61
157,149,0.61
149,158,0.72
158,149,0.72
149,159,0.65
159,149,0.65
149,160,0.74
160,149,0.74
150,151,1.00
151,150,1.00
150,152,0.71
152,150,0.71
150,153,0.57
153,150,0.57
150,156,0.62
156,150,0.62
150,157,0.79
157,150,0.79
150,158,0.89
158,150,0.89
150,159,0.76
159,150,0.76
150,160,0.83
160,150,0.83
150,161,0.60
161,150,0.60
151,152,1.00
152,151,1.00
151,153,0.79
153,151,0.79
151,154,0.67
154,151,0.67
151,155,0.63
155,151,0.63
151,156,0.81
156,151,0.81
151,157,0.94
157,151,0.94
151,158,0.89
158,151,0.89
151,159,0.65
159,151,0.65
151,160,0.62
160,151,0.62
152,153,1.00
153,152,1.00
152,154,0.72
154,152,0.72
152,155,0.66
155,152,0.66
152,156,0.85
156,152,0.85
152,157,0.77
157,152,0.77
152,158,0.76
158,152,0.76
153,154,1.00
154,153,1.00
153,155,0.80
155,153,0.80
153,156,0.86
156,153,0.86
153,157,0.68
157,153,0.68
153,158,0.60
158,153,0.60
154,155,1.00
155,154,1.00
154,156,0.82
156,154,0.82
154,157,0.66
157,154,0.66
155,156,1.00
156,155,1.00
155,157,0.74
157,155,0.74
155,158,0.57
158,155,0.57
156,157,1.00
157,156,1.00
156,158,0.79
158,156,0.79
156,159,0.58
159,156,0.58
157,158,1.00
158,157,1.00
157,159,0.73
159,157,0.73
157,160,0.62
160,157,0.62
158,159,1.00
159,158,1.00
158,160,0.79
160,158,0.79
158,161,0.60
161,158,0.60
158,163,0.59
163,158,0.59
159,160,1.00
160,159,1.00
159,161,0.79
161,159,0.79
159,162,0.74
162,159,0.74
159,163,0.80
163,159,0.80
159,164,0.62
164,159,0.62
160,161,1.00
161,160,1.00
160,162,0.78
162,160,0.78
160,163,0.71
163,160,0.71
161,162,1.00
162,161,1.00
161,163,0.75
163,161,0.75
161,164,0.57
164,161,0.57
162,163,1.00
163,162,1.00
162,164,0.76
164,162,0.76
162,165,0.60
165,162,0.60
162,166,0.66
166,162,0.66
163,164,1.00
164,163,1.00
163,165,0.76
165,163,0.76
163,166,0.83
166,163,0.83
163,167,0.63
167,163,0.63
164,165,1.00
165,164,1.00
164,166,0.85
166,164,0.85
164,167,0.62
167,164,0.62
165,166,1.00
166,165,1.00
165,167,0.75
167,165,0.75
165,168,0.61
168,165,0.61
166,167,1.00
167,166,1.00
166,168,0.70
168,166,0.70
167,168,1.00
168,167,1.00
167,169,0.72
169,167,0.72
168,169,1.00
169,168,1.00
