2,3,1.00
3,2,1.00
2,4,0.75
4,2,0.75
2,5,0.58
5,2,0.58
3,4,1.00
4,3,1.00
3,5,0.75
5,3,0.75
3,6,0.57
6,3,0.57
4,5,1.00
5,4,1.00
4,6,0.76
6,4,0.76
5,6,1.00
6,5,1.00
5,7,0.72
7,5,0.72
5,8,0.58
8,5,0.58
6,7,1.00
7,6,1.00
6,8,0.73
8,6,0.73
6,9,0.60
9,6,0.60
7,8,1.00
8,7,1.00
7,9,0.83
9,7,0.83
7,10,0.63
10,7,0.63
7,15,0.61
15,7,0.61
7,17,0.61
17,7,0.61
8,9,1.00
9,8,1.00
8,10,0.81
10,8,0.81
8,11,0.62
11,8,0.62
8,14,0.64
14,8,0.64
8,15,0.67
15,8,0.67
8,16,0.65
16,8,0.65
8,17,0.78
17,8,0.78
8,18,0.64
18,8,0.64
8,19,0.60
19,8,0.60
8,42,0.59
42,8,0.59
8,73,0.59
73,8,0.59
8,74,0.61
74,8,0.61
9,10,1.00
10,9,1.00
9,11,0.81
11,9,0.81
9,12,0.63
12,9,0.63
9,13,0.67
13,9,0.67
9,14,0.82
14,9,0.82
9,15,0.77
15,9,0.77
9,16,0.66
16,9,0.66
9,17,0.67
17,9,0.67
9,33,0.67
33,9,0.67
9,34,0.60
34,9,0.60
9,35,0.63
35,9,0.63
9,41,0.63
41,9,0.63
9,42,0.66
42,9,0.66
9,74,0.61
74,9,0.61
9,75,0.60
75,9,0.60
10,11,1.00
11,10,1.00
10,12,0.70
12,10,0.70
10,13,0.64
13,10,0.64
10,14,0.74
14,10,0.74
10,15,0.62
15,10,0.62
10,16,0.58
16,10,0.58
10,17,0.61
17,10,0.61
10,33,0.57
33,10,0.57
10,35,0.62
35,10,0.62
10,40,0.62
40,10,0.62
10,41,0.87
41,10,0.87
10,42,0.94
42,10,0.94
10,43,0.68
43,10,0.68
10,44,0.62
44,10,0.62
10,74,0.66
74,10,0.66
10,75,0.71
75,10,0.71
10,76,0.62
76,10,0.62
11,12,1.00
12,11,1.00
11,13,0.83
13,11,0.83
11,14,0.89
14,11,0.89
11,15,0.65
15,11,0.65
11,16,0.60
16,11,0.60
11,33,0.62
33,11,0.62
11,34,0.58
34,11,0.58
11,35,0.63
35,11,0.63
11,40,0.65
40,11,0.65
11,41,0.91
41,11,0.91
11,42,0.97
42,11,0.97
11,43,0.67
43,11,0.67
11,74,0.69
74,11,0.69
11,75,0.86
75,11,0.86
11,76,0.72
76,11,0.72
11,77,0.65
77,11,0.65
12,13,1.00
13,12,1.00
12,14,0.81
14,12,0.81
12,15,0.59
15,12,0.59
12,33,0.67
33,12,0.67
12,34,0.64
34,12,0.64
12,35,0.67
35,12,0.67
12,36,0.57
36,12,0.57
12,39,0.59
39,12,0.59
12,40,0.63
40,12,0.63
12,41,0.76
41,12,0.76
12,42,0.70
42,12,0.70
12,75,0.69
75,12,0.69
12,76,0.62
76,12,0.62
12,77,0.61
77,12,0.61
13,14,1.00
14,13,1.00
13,15,0.73
15,13,0.73
13,16,0.59
16,13,0.59
13,32,0.63
32,13,0.63
13,33,0.89
33,13,0.89
13,34,0.72
34,13,0.72
13,35,0.65
35,13,0.65
13,41,0.59
41,13,0.59
13,42,0.58
42,13,0.58
13,75,0.62
75,13,0.62
14,15,1.00
15,14,1.00
14,16,0.80
16,14,0.80
14,17,0.64
17,14,0.64
14,26,0.69
26,14,0.69
14,27,0.57
27,14,0.57
14,28,0.58
28,14,0.58
14,32,0.59
32,14,0.59
14,33,0.77
33,14,0.77
14,34,0.61
34,14,0.61
14,35,0.57
35,14,0.57
14,41,0.58
41,14,0.58
14,42,0.63
42,14,0.63
14,73,0.61
73,14,0.61
14,74,0.67
74,14,0.67
14,75,0.72
75,14,0.72
15,16,1.00
16,15,1.00
15,17,0.75
17,15,0.75
15,24,0.61
24,15,0.61
15,25,0.69
25,15,0.69
15,26,0.95
26,15,0.95
15,27,0.77
27,15,0.77
15,28,0.75
28,15,0.75
15,29,0.58
29,15,0.58
15,32,0.59
32,15,0.59
15,33,0.69
33,15,0.69
15,73,0.65
73,15,0.65
15,74,0.64
74,15,0.64
15,75,0.60
75,15,0.60
16,17,1.00
17,16,1.00
16,18,0.70
18,16,0.70
16,23,0.66
23,16,0.66
16,24,0.79
24,16,0.79
16,25,0.88
25,16,0.88
16,26,1.00
26,16,1.00
16,27,0.72
27,16,0.72
16,28,0.62
28,16,0.62
16,72,0.67
72,16,0.67
16,73,0.94
73,16,0.94
16,74,0.79
74,16,0.79
16,75,0.66
75,16,0.66
17,18,1.00
18,17,1.00
17,19,0.73
19,17,0.73
17,22,0.62
22,17,0.62
17,23,0.77
23,17,0.77
17,24,0.86
24,17,0.86
17,25,0.74
25,17,0.74
17,26,0.72
26,17,0.72
17,27,0.59
27,17,0.59
17,70,0.57
70,17,0.57
17,72,0.70
72,17,0.70
17,73,1.00
73,17,1.00
17,74,0.82
74,17,0.82
17,75,0.62
75,17,0.62
18,19,1.00
19,18,1.00
18,20,0.75
20,18,0.75
18,21,0.79
21,18,0.79
18,22,0.84
22,18,0.84
18,23,0.92
23,18,0.92
18,24,0.81
24,18,0.81
18,25,0.63
25,18,0.63
18,69,0.64
69,18,0.64
18,70,0.73
70,18,0.73
18,71,0.64
71,18,0.64
18,72,0.74
72,18,0.74
18,73,0.90
73,18,0.90
18,74,0.71
74,18,0.71
19,20,1.00
20,19,1.00
19,21,0.84
21,19,0.84
19,22,0.83
22,19,0.83
19,23,0.73
23,19,0.73
19,24,0.67
24,19,0.67
19,49,0.63
49,19,0.63
19,69,0.60
69,19,0.60
19,70,0.64
70,19,0.64
19,73,0.63
73,19,0.63
20,21,1.00
21,20,1.00
20,22,0.81
22,20,0.81
20,23,0.62
23,20,0.62
20,48,0.62
48,20,0.62
20,49,0.82
49,20,0.82
20,50,0.68
50,20,0.68
20,69,0.65
69,20,0.65
20,70,0.68
70,20,0.68
21,22,1.00
22,21,1.00
21,23,0.73
23,21,0.73
21,46,0.59
46,21,0.59
21,49,0.74
49,21,0.74
21,50,0.74
50,21,0.74
21,51,0.59
51,21,0.59
21,66,0.60
66,21,0.60
21,68,0.65
68,21,0.65
21,69,0.95
69,21,0.95
21,70,0.93
70,21,0.93
21,71,0.67
71,21,0.67
21,72,0.63
72,21,0.63
21,73,0.59
73,21,0.59
22,23,1.00
23,22,1.00
22,24,0.72
24,22,0.72
22,68,0.65
68,22,0.65
22,69,0.85
69,22,0.85
22,70,0.74
70,22,0.74
22,71,0.62
71,22,0.62
22,72,0.66
72,22,0.66
22,73,0.63
73,22,0.63
23,24,1.00
24,23,1.00
23,25,0.76
25,23,0.76
23,26,0.59
26,23,0.59
23,68,0.60
68,23,0.60
23,69,0.70
69,23,0.70
23,70,0.67
70,23,0.67
23,71,0.64
71,23,0.64
23,72,0.80
72,23,0.80
23,73,0.82
73,23,0.82
23,74,0.59
74,23,0.59
24,25,1.00
25,24,1.00
24,26,0.75
26,24,0.75
24,27,0.67
27,24,0.67
24,72,0.65
72,24,0.65
24,73,0.78
73,24,0.78
24,74,0.58
74,24,0.58
25,26,1.00
26,25,1.00
25,27,0.82
27,25,0.82
25,28,0.61
28,25,0.61
25,72,0.63
72,25,0.63
25,73,0.75
73,25,0.75
25,74,0.57
74,25,0.57
26,27,1.00
27,26,1.00
26,28,0.76
28,26,0.76
26,73,0.68
73,26,0.68
26,74,0.58
74,26,0.58
27,28,1.00
28,27,1.00
27,29,0.72
29,27,0.72
28,29,1.00
29,28,1.00
28,30,0.71
30,28,0.71
28,31,0.70
31,28,0.70
28,32,0.62
32,28,0.62
28,33,0.58
33,28,0.58
29,30,1.00
30,29,1.00
29,31,0.82
31,29,0.82
29,32,0.65
32,29,0.65
30,31,1.00
31,30,1.00
30,32,0.72
32,30,0.72
31,32,1.00
32,31,1.00
31,33,0.71
33,31,0.71
31,34,0.61
34,31,0.61
32,33,1.00
33,32,1.00
32,34,0.84
34,32,0.84
32,35,0.62
35,32,0.62
33,34,1.00
34,33,1.00
33,35,0.75
35,33,0.75
34,35,1.00
35,34,1.00
34,36,0.72
36,34,0.72
34,37,0.61
37,34,0.61
35,36,1.00
36,35,1.00
35,37,0.74
37,35,0.74
35,38,0.60
38,35,0.60
35,39,0.64
39,35,0.64
35,41,0.61
41,35,0.61
36,37,1.00
37,36,1.00
36,38,0.76
38,36,0.76
36,39,0.80
39,36,0.80
36,40,0.61
40,36,0.61
36,41,0.60
41,36,0.60
37,38,1.00
38,37,1.00
37,39,0.82
39,37,0.82
37,40,0.61
40,37,0.61
38,39,1.00
39,38,1.00
38,40,0.74
40,38,0.74
38,41,0.60
41,38,0.60
38,85,0.58
85,38,0.58
39,40,1.00
40,39,1.00
39,41,0.77
41,39,0.77
40,41,1.00
41,40,1.00
40,42,0.72
42,40,0.72
40,43,0.62
43,40,0.62
40,76,0.59
76,40,0.59
40,77,0.73
77,40,0.73
40,78,0.64
78,40,0.64
40,79,0.64
79,40,0.64
41,42,1.00
42,41,1.00
41,43,0.74
43,41,0.74
41,44,0.58
44,41,0.58
41,75,0.66
75,41,0.66
41,76,0.69
76,41,0.69
41,77,0.75
77,41,0.75
41,78,0.58
78,41,0.58
42,43,1.00
43,42,1.00
42,44,0.75
44,42,0.75
42,45,0.59
45,42,0.59
42,74,0.72
74,42,0.72
42,75,0.89
75,42,0.89
42,76,0.92
76,42,0.92
42,77,0.81
77,42,0.81
42,78,0.58
78,42,0.58
43,44,1.00
44,43,1.00
43,45,0.80
45,43,0.80
43,46,0.62
46,43,0.62
43,54,0.61
54,43,0.61
43,55,0.66
55,43,0.66
43,56,0.59
56,43,0.59
43,74,0.69
74,43,0.69
43,75,0.78
75,43,0.78
43,76,0.97
76,43,0.97
43,77,0.83
77,43,0.83
43,78,0.62
78,43,0.62
44,45,1.00
45,44,1.00
44,46,0.84
46,44,0.84
44,47,0.69
47,44,0.69
44,50,0.58
50,44,0.58
44,53,0.63
53,44,0.63
44,54,0.66
54,44,0.66
44,55,0.63
55,44,0.63
44,62,0.60
62,44,0.60
44,63,0.59
63,44,0.59
44,70,0.59
70,44,0.59
44,74,0.68
74,44,0.68
44,75,0.65
75,44,0.65
44,76,0.70
76,44,0.70
44,77,0.60
77,44,0.60
45,46,1.00
46,45,1.00
45,47,0.78
47,45,0.78
45,48,0.58
48,45,0.58
45,50,0.62
50,45,0.62
45,52,0.63
52,45,0.63
45,53,0.86
53,45,0.86
45,54,0.94
54,45,0.94
45,55,0.79
55,45,0.79
45,56,0.63
56,45,0.63
45,62,0.66
62,45,0.66
45,63,0.75
63,45,0.75
45,70,0.57
70,45,0.57
45,76,0.62
76,45,0.62
46,47,1.00
47,46,1.00
46,48,0.73
48,46,0.73
46,49,0.74
49,46,0.74
46,50,0.90
50,46,0.90
46,51,0.72
51,46,0.72
46,52,0.75
52,46,0.75
46,53,0.94
53,46,0.94
46,54,0.77
54,46,0.77
46,55,0.63
55,46,0.63
46,62,0.68
62,46,0.68
46,63,0.75
63,46,0.75
46,66,0.63
66,46,0.63
46,70,0.71
70,46,0.71
46,71,0.60
71,46,0.60
47,48,1.00
48,47,1.00
47,49,0.82
49,47,0.82
47,50,0.84
50,47,0.84
47,51,0.70
51,47,0.70
47,52,0.67
52,47,0.67
47,53,0.79
53,47,0.79
47,54,0.63
54,47,0.63
47,63,0.58
63,47,0.58
48,49,1.00
49,48,1.00
48,50,0.79
50,48,0.79
48,51,0.64
51,48,0.64
48,53,0.59
53,48,0.59
49,50,1.00
50,49,1.00
49,51,0.73
51,49,0.73
49,52,0.59
52,49,0.59
49,53,0.58
53,49,0.58
49,69,0.58
69,49,0.58
49,70,0.66
70,49,0.66
50,51,1.00
51,50,1.00
50,52,0.78
52,50,0.78
50,53,0.73
53,50,0.73
50,62,0.59
62,50,0.59
50,63,0.62
63,50,0.62
50,66,0.68
66,50,0.68
50,69,0.66
69,50,0.66
50,70,0.80
70,50,0.80
50,71,0.60
71,50,0.60
51,52,1.00
52,51,1.00
51,53,0.76
53,51,0.76
51,63,0.64
63,51,0.64
51,64,0.59
64,51,0.59
51,65,0.59
65,51,0.59
51,66,0.71
66,51,0.71
51,69,0.59
69,51,0.59
51,70,0.65
70,51,0.65
52,53,1.00
53,52,1.00
52,54,0.72
54,52,0.72
52,55,0.58
55,52,0.58
52,62,0.66
62,52,0.66
52,63,0.85
63,52,0.85
52,64,0.77
64,52,0.77
52,65,0.68
65,52,0.68
52,66,0.73
66,52,0.73
52,70,0.59
70,52,0.59
53,54,1.00
54,53,1.00
53,55,0.71
55,53,0.71
53,56,0.60
56,53,0.60
53,62,0.69
62,53,0.69
53,63,0.95
63,53,0.95
53,64,0.72
64,53,0.72
53,65,0.60
65,53,0.60
53,66,0.64
66,53,0.64
53,70,0.58
70,53,0.58
54,55,1.00
55,54,1.00
54,56,0.73
56,54,0.73
54,57,0.65
57,54,0.65
54,61,0.58
61,54,0.58
54,62,0.72
62,54,0.72
54,63,0.98
63,54,0.98
54,64,0.72
64,54,0.72
54,65,0.57
65,54,0.57
55,56,1.00
56,55,1.00
55,57,0.81
57,55,0.81
55,58,0.61
58,55,0.61
55,59,0.60
59,55,0.60
55,60,0.62
60,55,0.62
55,61,0.66
61,55,0.66
55,62,0.77
62,55,0.77
55,63,0.89
63,55,0.89
55,64,0.69
64,55,0.69
55,65,0.58
65,55,0.58
55,76,0.65
76,55,0.65
55,77,0.60
77,55,0.60
55,78,0.58
78,55,0.58
56,57,1.00
57,56,1.00
56,58,0.78
58,56,0.78
56,59,0.81
59,56,0.81
56,60,0.88
60,56,0.88
56,61,0.88
61,56,0.88
56,62,0.93
62,56,0.93
56,63,0.84
63,56,0.84
56,64,0.73
64,56,0.73
56,65,0.67
65,56,0.67
56,66,0.60
66,56,0.60
56,71,0.60
71,56,0.60
56,76,0.65
76,56,0.65
57,58,1.00
58,57,1.00
57,59,0.80
59,57,0.80
57,60,0.80
60,57,0.80
57,61,0.90
61,57,0.90
57,62,0.76
62,57,0.76
57,63,0.77
63,57,0.77
57,64,0.84
64,57,0.84
57,65,0.71
65,57,0.71
57,66,0.57
66,57,0.57
58,59,1.00
59,58,1.00
58,60,0.84
60,58,0.84
58,61,0.78
61,58,0.78
58,62,0.62
62,58,0.62
58,63,0.57
63,58,0.57
58,64,0.63
64,58,0.63
58,65,0.61
65,58,0.61
58,166,0.58
166,58,0.58
59,60,1.00
60,59,1.00
59,61,0.74
61,59,0.74
59,62,0.62
62,59,0.62
59,166,0.69
166,59,0.69
60,61,1.00
61,60,1.00
60,62,0.81
62,60,0.81
60,63,0.62
63,60,0.62
60,64,0.62
64,60,0.62
60,65,0.69
65,60,0.69
60,66,0.61
66,60,0.61
60,67,0.60
67,60,0.60
60,71,0.66
71,60,0.66
60,72,0.58
72,60,0.58
60,166,0.75
166,60,0.75
60,167,0.67
167,60,0.67
61,62,1.00
62,61,1.00
61,63,0.79
63,61,0.79
61,64,0.86
64,61,0.86
61,65,1.00
65,61,1.00
61,66,0.79
66,61,0.79
61,67,0.72
67,61,0.72
61,70,0.58
70,61,0.58
61,71,0.71
71,61,0.71
61,166,0.60
166,61,0.60
61,167,0.57
167,61,0.57
62,63,1.00
63,62,1.00
62,64,0.84
64,62,0.84
62,65,0.89
65,62,0.89
62,66,0.89
66,62,0.89
62,67,0.70
67,62,0.70
62,69,0.58
69,62,0.58
62,70,0.72
70,62,0.72
62,71,0.85
71,62,0.85
62,72,0.64
72,62,0.64
62,74,0.57
74,62,0.57
63,64,1.00
64,63,1.00
63,65,0.81
65,63,0.81
63,66,0.78
66,63,0.78
63,67,0.59
67,63,0.59
63,70,0.61
70,63,0.61
63,71,0.63
71,63,0.63
64,65,1.00
65,64,1.00
64,66,0.77
66,64,0.77
64,67,0.61
67,64,0.61
65,66,1.00
66,65,1.00
65,67,0.86
67,65,0.86
65,68,0.62
68,65,0.62
65,69,0.57
69,65,0.57
65,70,0.61
70,65,0.61
65,71,0.69
71,65,0.69
66,67,1.00
67,66,1.00
66,68,0.76
68,66,0.76
66,69,0.77
69,66,0.77
66,70,0.83
70,66,0.83
66,71,0.86
71,66,0.86
66,72,0.61
72,66,0.61
67,68,1.00
68,67,1.00
67,69,0.81
69,67,0.81
67,70,0.73
70,67,0.73
67,71,0.83
71,67,0.83
67,72,0.63
72,67,0.63
67,168,0.62
168,67,0.62
68,69,1.00
69,68,1.00
68,70,0.74
70,68,0.74
68,71,0.78
71,68,0.78
68,72,0.67
72,68,0.67
68,168,0.66
168,68,0.66
68,169,0.60
169,68,0.60
69,70,1.00
70,69,1.00
69,71,0.84
71,69,0.84
69,72,0.72
72,69,0.72
69,73,0.58
73,69,0.58
70,71,1.00
71,70,1.00
70,72,0.79
72,70,0.79
70,73,0.66
73,70,0.66
70,74,0.61
74,70,0.61
71,72,1.00
72,71,1.00
71,73,0.72
73,71,0.72
71,74,0.67
74,71,0.67
71,167,0.60
167,71,0.60
71,168,0.60
168,71,0.60
72,73,1.00
73,72,1.00
72,74,0.81
74,72,0.81
72,75,0.61
75,72,0.61
72,167,0.62
167,72,0.62
72,168,0.63
168,72,0.63
72,169,0.58
169,72,0.58
73,74,1.00
74,73,1.00
73,75,0.70
75,73,0.70
74,75,1.00
75,74,1.00
74,76,0.74
76,74,0.74
75,76,1.00
76,75,1.00
75,77,0.70
77,75,0.70
76,77,1.00
77,76,1.00
76,78,0.71
78,76,0.71
77,78,1.00
78,77,1.00
77,79,0.73
79,77,0.73
77,80,0.58
80,77,0.58
78,79,1.00
79,78,1.00
78,80,0.74
80,78,0.74
79,80,1.00
80,79,1.00
79,81,0.71
81,79,0.71
79,82,0.57
82,79,0.57
79,83,0.62
83,79,0.62
80,81,1.00
81,80,1.00
80,82,0.79
82,80,0.79
80,83,0.83
83,80,0.83
80,84,0.69
84,80,0.69
81,82,1.00
82,81,1.00
81,83,0.82
83,81,0.82
81,84,0.64
84,81,0.64
82,83,1.00
83,82,1.00
82,84,0.78
84,82,0.78
82,85,0.66
85,82,0.66
83,84,1.00
84,83,1.00
83,85,0.71
85,83,0.71
83,86,0.57
86,83,0.57
83,87,0.58
87,83,0.58
83,97,0.58
97,83,0.58
84,85,1.00
85,84,1.00
84,86,0.76
86,84,0.76
84,87,0.72
87,84,0.72
85,86,1.00
86,85,1.00
85,87,0.77
87,85,0.77
85,88,0.60
88,85,0.60
85,89,0.59
89,85,0.59
86,87,1.00
87,86,1.00
86,88,0.78
88,86,0.78
86,89,0.79
89,86,0.79
86,90,0.59
90,86,0.59
86,96,0.59
96,86,0.59
86,140,0.59
140,86,0.59
87,88,1.00
88,87,1.00
87,89,0.80
89,87,0.80
87,90,0.59
90,87,0.59
87,94,0.58
94,87,0.58
87,95,0.61
95,87,0.61
87,96,0.74
96,87,0.74
87,97,0.62
97,87,0.62
87,99,0.59
99,87,0.59
87,103,0.58
103,87,0.58
87,110,0.58
110,87,0.58
87,111,0.68
111,87,0.68
87,112,0.70
112,87,0.70
87,113,0.59
113,87,0.59
88,89,1.00
89,88,1.00
88,90,0.72
90,88,0.72
88,91,0.64
91,88,0.64
88,92,0.67
92,88,0.67
88,93,0.59
93,88,0.59
88,94,0.68
94,88,0.68
88,95,0.71
95,88,0.71
88,96,0.79
96,88,0.79
88,97,0.61
97,88,0.61
88,109,0.59
109,88,0.59
88,110,0.70
110,88,0.70
88,111,0.87
111,88,0.87
88,112,0.77
112,88,0.77
88,113,0.60
113,88,0.60
88,126,0.61
126,88,0.61
88,127,0.60
127,88,0.60
89,90,1.00
90,89,1.00
89,91,0.79
91,89,0.79
89,92,0.78
92,89,0.78
89,93,0.61
93,89,0.61
89,94,0.64
94,89,0.64
89,95,0.59
95,89,0.59
89,96,0.59
96,89,0.59
89,110,0.60
110,89,0.60
89,111,0.65
111,89,0.65
89,126,0.63
126,89,0.63
89,127,0.67
127,89,0.67
89,128,0.65
128,89,0.65
89,129,0.66
129,89,0.66
90,91,1.00
91,90,1.00
90,92,0.79
92,90,0.79
90,93,0.58
93,90,0.58
90,110,0.57
110,90,0.57
90,111,0.58
111,90,0.58
90,126,0.73
126,90,0.73
90,127,0.83
127,90,0.83
90,128,0.89
128,90,0.89
90,129,0.81
129,90,0.81
90,130,0.58
130,90,0.58
91,92,1.00
92,91,1.00
91,93,0.70
93,91,0.70
91,94,0.60
94,91,0.60
91,125,0.61
125,91,0.61
91,126,0.79
126,91,0.79
91,127,0.75
127,91,0.75
91,128,0.73
128,91,0.73
91,129,0.61
129,91,0.61
92,93,1.00
93,92,1.00
92,94,0.81
94,92,0.81
92,95,0.63
95,92,0.63
92,126,0.62
126,92,0.62
93,94,1.00
94,93,1.00
93,95,0.73
95,93,0.73
94,95,1.00
95,94,1.00
94,96,0.73
96,94,0.73
94,111,0.58
111,94,0.58
95,96,1.00
96,95,1.00
95,97,0.72
97,95,0.72
95,98,0.58
98,95,0.58
95,111,0.70
111,95,0.70
95,112,0.73
112,95,0.73
96,97,1.00
97,96,1.00
96,98,0.75
98,96,0.75
96,99,0.63
99,96,0.63
96,111,0.75
111,96,0.75
96,112,0.93
112,96,0.93
96,113,0.66
113,96,0.66
97,98,1.00
98,97,1.00
97,99,0.79
99,97,0.79
97,100,0.58
100,97,0.58
97,111,0.64
111,97,0.64
97,112,0.89
112,97,0.89
97,113,0.74
113,97,0.74
97,114,0.64
114,97,0.64
97,115,0.59
115,97,0.59
98,99,1.00
99,98,1.00
98,100,0.76
100,98,0.76
98,101,0.59
101,98,0.59
98,108,0.59
108,98,0.59
98,111,0.65
111,98,0.65
98,112,0.92
112,98,0.92
98,113,1.00
113,98,1.00
98,114,0.89
114,98,0.89
98,115,0.75
115,98,0.75
98,116,0.58
116,98,0.58
99,100,1.00
100,99,1.00
99,101,0.79
101,99,0.79
99,102,0.62
102,99,0.62
99,103,0.64
103,99,0.64
99,108,0.59
108,99,0.59
99,109,0.59
109,99,0.59
99,111,0.59
111,99,0.59
99,112,0.77
112,99,0.77
99,113,0.95
113,99,0.95
99,114,0.77
114,99,0.77
99,115,0.60
115,99,0.60
100,101,1.00
101,100,1.00
100,102,0.71
102,100,0.71
100,103,0.72
103,100,0.72
100,108,0.70
108,100,0.70
100,109,0.64
109,100,0.64
100,112,0.63
112,100,0.63
100,113,0.88
113,100,0.88
100,114,0.83
114,100,0.83
100,115,0.61
115,100,0.61
101,102,1.00
102,101,1.00
101,103,0.84
103,101,0.84
101,104,0.61
104,101,0.61
101,108,0.63
108,101,0.63
101,109,0.63
109,101,0.63
101,113,0.70
113,101,0.70
101,114,0.61
114,101,0.61
102,103,1.00
103,102,1.00
102,104,0.75
104,102,0.75
102,105,0.57
105,102,0.57
102,108,0.59
108,102,0.59
102,109,0.65
109,102,0.65
102,113,0.60
113,102,0.60
102,148,0.63
148,102,0.63
103,104,1.00
104,103,1.00
103,105,0.76
105,103,0.76
103,106,0.60
106,103,0.60
103,107,0.59
107,103,0.59
103,108,0.75
108,103,0.75
103,109,0.93
109,103,0.93
103,110,0.70
110,103,0.70
103,111,0.61
111,103,0.61
103,112,0.61
112,103,0.61
103,113,0.72
113,103,0.72
103,114,0.58
114,103,0.58
103,146,0.62
146,103,0.62
103,147,0.64
147,103,0.64
103,148,0.68
148,103,0.68
104,105,1.00
105,104,1.00
104,106,0.72
106,104,0.72
104,107,0.61
107,104,0.61
104,108,0.70
108,104,0.70
104,109,0.92
109,104,0.92
104,110,0.74
110,104,0.74
104,111,0.58
111,104,0.58
104,113,0.58
113,104,0.58
104,141,0.57
141,104,0.57
104,142,0.61
142,104,0.61
104,143,0.72
143,104,0.72
104,144,0.59
144,104,0.59
104,145,0.68
145,104,0.68
104,146,0.89
146,104,0.89
104,147,0.86
147,104,0.86
104,148,0.82
148,104,0.82
104,149,0.60
149,104,0.60
105,106,1.00
106,105,1.00
105,107,0.77
107,105,0.77
105,108,0.77
108,105,0.77
105,109,1.00
109,105,1.00
105,110,0.90
110,105,0.90
105,111,0.63
111,105,0.63
105,113,0.57
113,105,0.57
105,125,0.59
125,105,0.59
105,126,0.60
126,105,0.60
105,127,0.65
127,105,0.65
105,143,0.67
143,105,0.67
105,144,0.61
144,105,0.61
105,145,0.80
145,105,0.80
105,146,0.87
146,105,0.87
105,147,0.92
147,105,0.92
105,148,0.71
148,105,0.71
106,107,1.00
107,106,1.00
106,108,0.80
108,106,0.80
106,109,0.83
109,106,0.83
106,110,0.75
110,106,0.75
106,121,0.57
121,106,0.57
106,125,0.60
125,106,0.60
106,145,0.70
145,106,0.70
106,146,0.69
146,106,0.69
106,147,0.85
147,106,0.85
106,148,0.65
148,106,0.65
107,108,1.00
108,107,1.00
107,109,0.82
109,107,0.82
107,110,0.70
110,107,0.70
107,113,0.60
113,107,0.60
107,114,0.63
114,107,0.63
107,116,0.65
116,107,0.65
107,121,0.65
121,107,0.65
107,122,0.58
122,107,0.58
107,147,0.65
147,107,0.65
108,109,1.00
109,108,1.00
108,110,0.76
110,108,0.76
108,111,0.65
111,108,0.65
108,112,0.63
112,108,0.63
108,113,0.81
113,108,0.81
108,114,0.80
114,108,0.80
108,115,0.62
115,108,0.62
108,116,0.66
116,108,0.66
108,147,0.62
147,108,0.62
108,148,0.59
148,108,0.59
109,110,1.00
110,109,1.00
109,111,0.77
111,109,0.77
109,112,0.68
112,109,0.68
109,113,0.79
113,109,0.79
109,114,0.66
114,109,0.66
109,125,0.58
125,109,0.58
109,145,0.58
145,109,0.58
109,146,0.64
146,109,0.64
109,147,0.69
147,109,0.69
109,148,0.63
148,109,0.63
110,111,1.00
111,110,1.00
110,112,0.73
112,110,0.73
110,113,0.70
113,110,0.70
110,114,0.59
114,110,0.59
110,122,0.60
122,110,0.60
110,125,0.76
125,110,0.76
110,126,0.75
126,110,0.75
110,127,0.71
127,110,0.71
110,145,0.60
145,110,0.60
110,146,0.59
146,110,0.59
110,147,0.59
147,110,0.59
111,112,1.00
112,111,1.00
111,113,0.79
113,111,0.79
111,114,0.63
114,111,0.63
111,122,0.58
122,111,0.58
111,125,0.69
125,111,0.69
111,126,0.68
126,111,0.68
111,127,0.61
127,111,0.61
112,113,1.00
113,112,1.00
112,114,0.75
114,112,0.75
112,115,0.63
115,112,0.63
113,114,1.00
114,113,1.00
113,115,0.72
115,113,0.72
113,116,0.62
116,113,0.62
114,115,1.00
115,114,1.00
114,116,0.82
116,114,0.82
114,117,0.62
117,114,0.62
115,116,1.00
116,115,1.00
115,117,0.83
117,115,0.83
115,118,0.64
118,115,0.64
116,117,1.00
117,116,1.00
116,118,0.86
118,116,0.86
116,119,0.63
119,116,0.63
116,120,0.58
120,116,0.58
116,121,0.63
121,116,0.63
117,118,1.00
118,117,1.00
117,119,0.71
119,117,0.71
117,120,0.59
120,117,0.59
117,121,0.58
121,117,0.58
118,119,1.00
119,118,1.00
118,120,0.77
120,118,0.77
118,121,0.72
121,118,0.72
119,120,1.00
120,119,1.00
119,121,0.78
121,119,0.78
119,122,0.61
122,119,0.61
120,121,1.00
121,120,1.00
120,122,0.82
122,120,0.82
120,123,0.70
123,120,0.70
121,122,1.00
122,121,1.00
121,123,0.76
123,121,0.76
121,124,0.60
124,121,0.60
121,125,0.65
125,121,0.65
122,123,1.00
123,122,1.00
122,124,0.81
124,122,0.81
122,125,0.89
125,122,0.89
122,126,0.62
126,122,0.62
123,124,1.00
124,123,1.00
123,125,0.81
125,123,0.81
123,126,0.61
126,123,0.61
124,125,1.00
125,124,1.00
124,126,0.81
126,124,0.81
124,127,0.60
127,124,0.60
125,126,1.00
126,125,1.00
125,127,0.71
127,125,0.71
126,127,1.00
127,126,1.00
126,128,0.72
128,126,0.72
126,145,0.58
145,126,0.58
127,128,1.00
128,127,1.00
127,129,0.72
129,127,0.72
127,143,0.71
143,127,0.71
127,144,0.69
144,127,0.69
127,145,0.70
145,127,0.70
127,146,0.60
146,127,0.60
128,129,1.00
129,128,1.00
128,130,0.73
130,128,0.73
128,131,0.66
131,128,0.66
128,134,0.64
134,128,0.64
128,142,0.60
142,128,0.60
128,143,0.72
143,128,0.72
128,144,0.70
144,128,0.70
128,145,0.62
145,128,0.62
129,130,1.00
130,129,1.00
129,131,0.84
131,129,0.84
129,132,0.61
132,129,0.61
129,133,0.58
133,129,0.58
129,134,0.72
134,129,0.72
129,135,0.58
135,129,0.58
129,136,0.62
136,129,0.62
129,139,0.58
139,129,0.58
129,140,0.70
140,129,0.70
129,141,0.61
141,129,0.61
129,142,0.70
142,129,0.70
129,143,0.72
143,129,0.72
129,144,0.64
144,129,0.64
130,131,1.00
131,130,1.00
130,132,0.72
132,130,0.72
130,133,0.68
133,130,0.68
130,134,0.94
134,130,0.94
130,135,0.80
135,130,0.80
130,136,0.88
136,130,0.88
130,137,0.64
137,130,0.64
130,138,0.60
138,130,0.60
130,139,0.68
139,130,0.68
130,140,0.75
140,130,0.75
130,141,0.68
141,130,0.68
130,142,0.81
142,130,0.81
130,143,0.72
143,130,0.72
130,144,0.66
144,130,0.66
131,132,1.00
132,131,1.00
131,133,0.80
133,131,0.80
131,134,0.91
134,131,0.91
131,135,0.76
135,131,0.76
131,136,0.72
136,131,0.72
131,137,0.58
137,131,0.58
131,139,0.58
139,131,0.58
131,140,0.59
140,131,0.59
131,142,0.58
142,131,0.58
132,133,1.00
133,132,1.00
132,134,0.85
134,132,0.85
132,135,0.75
135,132,0.75
132,136,0.63
136,132,0.63
133,134,1.00
134,133,1.00
133,135,0.80
135,133,0.80
133,136,0.61
136,133,0.61
134,135,1.00
135,134,1.00
134,136,0.79
136,134,0.79
134,137,0.58
137,134,0.58
134,142,0.65
142,134,0.65
134,143,0.63
143,134,0.63
134,144,0.69
144,134,0.69
135,136,1.00
136,135,1.00
135,137,0.74
137,135,0.74
135,138,0.60
138,135,0.60
135,142,0.64
142,135,0.64
135,144,0.58
144,135,0.58
136,137,1.00
137,136,1.00
136,138,0.82
138,136,0.82
136,139,0.77
139,136,0.77
136,140,0.69
140,136,0.69
136,141,0.70
141,136,0.70
136,142,0.77
142,136,0.77
136,143,0.60
143,136,0.60
137,138,1.00
138,137,1.00
137,139,0.82
139,137,0.82
137,140,0.63
140,137,0.63
137,141,0.63
141,137,0.63
137,142,0.61
142,137,0.61
138,139,1.00
139,138,1.00
138,140,0.75
140,138,0.75
138,141,0.78
141,138,0.78
138,142,0.66
142,138,0.66
139,140,1.00
140,139,1.00
139,141,0.82
141,139,0.82
139,142,0.67
142,139,0.67
140,141,1.00
141,140,1.00
140,142,0.79
142,140,0.79
140,143,0.63
143,140,0.63
141,142,1.00
142,141,1.00
141,143,0.72
143,141,0.72
142,143,1.00
143,142,1.00
142,144,0.74
144,142,0.74
142,145,0.61
145,142,0.61
142,146,0.69
146,142,0.69
143,144,1.00
144,143,1.00
143,145,0.84
145,143,0.84
143,146,0.91
146,143,0.91
143,147,0.64
147,143,0.64
144,145,1.00
145,144,1.00
144,146,0.84
146,144,0.84
144,147,0.62
147,144,0.62
145,146,1.00
146,145,1.00
145,147,0.80
147,145,0.80
145,148,0.61
148,145,0.61
146,147,1.00
147,146,1.00
146,148,0.80
148,146,0.80
146,149,0.66
149,146,0.66
147,148,1.00
148,147,1.00
147,149,0.77
149,147,0.77
147,150,0.58
150,147,0.58
148,149,1.00
149,148,1.00
148,150,0.75
150,148,0.75
149,150,1.00
150,149,1.00
149,151,0.72
151,149,0.72
149,152,0.67
152,149,0.67
150,151,1.00
151,150,1.00
150,152,0.80
152,150,0.80
150,153,0.58
153,150,0.58
150,157,0.61
157,150,0.61
151,152,1.00
152,151,1.00
151,153,0.72
153,151,0.72
151,154,0.67
154,151,0.67
151,155,0.71
155,151,0.71
151,156,0.71
156,151,0.71
151,157,0.80
157,151,0.80
151,158,0.62
158,151,0.62
152,153,1.00
153,152,1.00
152,154,0.79
154,152,0.79
152,155,0.70
155,152,0.70
152,156,0.65
156,152,0.65
152,157,0.64
157,152,0.64
153,154,1.00
154,153,1.00
153,155,0.73
155,153,0.73
153,156,0.66
156,153,0.66
153,157,0.57
157,153,0.57
154,155,1.00
155,154,1.00
154,156,0.83
156,154,0.83
154,157,0.63
157,154,0.63
155,156,1.00
156,155,1.00
155,157,0.75
157,155,0.75
156,157,1.00
157,156,1.00
156,158,0.71
158,156,0.71
157,158,1.00
158,157,1.00
157,159,0.73
159,157,0.73
157,160,0.58
160,157,0.58
158,159,1.00
159,158,1.00
158,160,0.79
160,158,0.79
158,161,0.66
161,158,0.66
159,160,1.00
160,159,1.00
159,161,0.71
161,159,0.71
159,162,0.59
162,159,0.59
159,163,0.61
163,159,0.61
160,161,1.00
161,160,1.00
160,162,0.81
162,160,0.81
160,163,0.80
163,160,0.80
160,164,0.58
164,160,0.58
161,162,1.00
162,161,1.00
161,163,0.76
163,161,0.76
161,164,0.57
164,161,0.57
161,165,0.57
165,161,0.57
162,163,1.00
163,162,1.00
162,164,0.76
164,162,0.76
162,165,0.75
165,162,0.75
163,164,1.00
164,163,1.00
163,165,0.81
165,163,0.81
163,166,0.59
166,163,0.59
164,165,1.00
165,164,1.00
164,166,0.75
166,164,0.75
164,167,0.57
167,164,0.57
165,166,1.00
166,165,1.00
165,167,0.77
167,165,0.77
165,168,0.60
168,165,0.60
166,167,1.00
167,166,1.00
166,168,0.71
168,166,0.71
167,168,1.00
168,167,1.00
167,169,0.72
169,167,0.72
168,169,1.00
169,168,1.00
