2,3,1.00
3,2,1.00
2,4,0.73
4,2,0.73
2,16,0.58
16,2,0.58
2,22,0.61
22,2,0.61
2,23,0.64
23,2,0.64
2,40,0.58
40,2,0.58
2,41,0.60
41,2,0.60
2,42,0.72
42,2,0.72
2,43,0.60
43,2,0.60
2,44,0.60
44,2,0.60
2,45,0.60
45,2,0.60
3,4,1.00
4,3,1.00
3,5,0.76
5,3,0.76
3,6,0.64
6,3,0.64
3,10,0.61
10,3,0.61
3,16,0.62
16,3,0.62
3,23,0.64
23,3,0.64
3,40,0.71
40,3,0.71
3,41,0.66
41,3,0.66
3,42,0.71
42,3,0.71
3,43,0.58
43,3,0.58
4,5,1.00
5,4,1.00
4,6,0.82
6,4,0.82
4,7,0.62
7,4,0.62
4,9,0.60
9,4,0.60
4,10,0.62
10,4,0.62
4,16,0.63
16,4,0.63
4,23,0.68
23,4,0.68
4,40,0.61
40,4,0.61
5,6,1.00
6,5,1.00
5,7,0.76
7,5,0.76
5,8,0.61
8,5,0.61
5,9,0.61
9,5,0.61
5,31,0.63
31,5,0.63
5,32,0.58
32,5,0.58
5,38,0.61
38,5,0.61
5,39,0.58
39,5,0.58
5,40,0.64
40,5,0.64
6,7,1.00
7,6,1.00
6,8,0.77
8,6,0.77
6,9,0.82
9,6,0.82
6,10,0.67
10,6,0.67
6,31,0.65
31,6,0.65
6,32,0.60
32,6,0.60
7,8,1.00
8,7,1.00
7,9,0.84
9,7,0.84
7,10,0.64
10,7,0.64
7,36,0.58
36,7,0.58
7,38,0.62
38,7,0.62
8,9,1.00
9,8,1.00
8,10,0.77
10,8,0.77
8,11,0.60
11,8,0.60
8,70,0.58
70,8,0.58
9,10,1.00
10,9,1.00
9,11,0.80
11,9,0.80
9,12,0.60
12,9,0.60
9,15,0.64
15,9,0.64
9,16,0.64
16,9,0.64
10,11,1.00
11,10,1.00
10,12,0.70
12,10,0.70
10,13,0.58
13,10,0.58
10,14,0.65
14,10,0.65
10,15,0.91
15,10,0.91
10,16,0.81
16,10,0.81
10,17,0.60
17,10,0.60
11,12,1.00
12,11,1.00
11,13,0.75
13,11,0.75
11,14,0.77
14,11,0.77
11,15,0.96
15,11,0.96
11,16,0.83
16,11,0.83
11,17,0.67
17,11,0.67
11,18,0.57
18,11,0.57
12,13,1.00
13,12,1.00
12,14,0.83
14,12,0.83
12,15,0.79
15,12,0.79
12,16,0.65
16,12,0.65
12,17,0.61
17,12,0.61
13,14,1.00
14,13,1.00
13,15,0.76
15,13,0.76
13,16,0.60
16,13,0.60
13,17,0.63
17,13,0.63
14,15,1.00
15,14,1.00
14,16,0.76
16,14,0.76
14,17,0.80
17,14,0.80
14,18,0.64
18,14,0.64
14,22,0.59
22,14,0.59
15,16,1.00
16,15,1.00
15,17,0.82
17,15,0.82
15,18,0.62
18,15,0.62
15,22,0.63
22,15,0.63
15,23,0.62
23,15,0.62
16,17,1.00
17,16,1.00
16,18,0.74
18,16,0.74
16,21,0.63
21,16,0.63
16,22,0.80
22,16,0.80
16,23,0.86
23,16,0.86
16,24,0.68
24,16,0.68
17,18,1.00
18,17,1.00
17,19,0.76
19,17,0.76
17,20,0.73
20,17,0.73
17,21,0.83
21,17,0.83
17,22,0.94
22,17,0.94
17,23,0.81
23,17,0.81
17,24,0.71
24,17,0.71
18,19,1.00
19,18,1.00
18,20,0.81
20,18,0.81
18,21,0.86
21,18,0.86
18,22,0.76
22,18,0.76
18,23,0.69
23,18,0.69
18,24,0.74
24,18,0.74
18,25,0.58
25,18,0.58
18,26,0.58
26,18,0.58
19,20,1.00
20,19,1.00
19,21,0.82
21,19,0.82
19,22,0.64
22,19,0.64
19,24,0.59
24,19,0.59
20,21,1.00
21,20,1.00
20,22,0.73
22,20,0.73
20,24,0.58
24,20,0.58
21,22,1.00
22,21,1.00
21,23,0.76
23,21,0.76
21,24,0.79
24,21,0.79
21,25,0.58
25,21,0.58
22,23,1.00
23,22,1.00
22,24,0.81
24,22,0.81
22,25,0.59
25,22,0.59
23,24,1.00
24,23,1.00
23,25,0.74
25,23,0.74
23,26,0.64
26,23,0.64
24,25,1.00
25,24,1.00
24,26,0.80
26,24,0.80
24,27,0.59
27,24,0.59
25,26,1.00
26,25,1.00
25,27,0.74
27,25,0.74
25,28,0.60
28,25,0.60
25,29,0.66
29,25,0.66
26,27,1.00
27,26,1.00
26,28,0.73
28,26,0.73
26,29,0.78
29,26,0.78
26,30,0.58
30,26,0.58
27,28,1.00
28,27,1.00
27,29,0.86
29,27,0.86
27,30,0.61
30,27,0.61
28,29,1.00
29,28,1.00
28,30,0.74
30,28,0.74
29,30,1.00
30,29,1.00
29,31,0.73
31,29,0.73
30,31,1.00
31,30,1.00
30,32,0.72
32,30,0.72
30,33,0.59
33,30,0.59
31,32,1.00
32,31,1.00
31,33,0.73
33,31,0.73
32,33,1.00
33,32,1.00
32,34,0.73
34,32,0.73
32,35,0.67
35,32,0.67
32,36,0.61
36,32,0.61
33,34,1.00
34,33,1.00
33,35,0.78
35,33,0.78
33,36,0.62
36,33,0.62
34,35,1.00
35,34,1.00
34,36,0.70
36,34,0.70
35,36,1.00
36,35,1.00
35,37,0.71
37,35,0.71
35,38,0.61
38,35,0.61
36,37,1.00
37,36,1.00
36,38,0.82
38,36,0.82
36,39,0.59
39,36,0.59
37,38,1.00
38,37,1.00
37,39,0.71
39,37,0.71
38,39,1.00
39,38,1.00
38,40,0.73
40,38,0.73
39,40,1.00
40,39,1.00
39,41,0.76
41,39,0.76
39,42,0.60
42,39,0.60
39,43,0.58
43,39,0.58
40,41,1.00
41,40,1.00
40,42,0.83
42,40,0.83
40,43,0.73
43,40,0.73
41,42,1.00
42,41,1.00
41,43,0.76
43,41,0.76
42,43,1.00
43,42,1.00
42,44,0.76
44,42,0.76
42,45,0.65
45,42,0.65
43,44,1.00
44,43,1.00
43,45,0.71
45,43,0.71
44,45,1.00
45,44,1.00
44,46,0.72
46,44,0.72
45,46,1.00
46,45,1.00
45,47,0.71
47,45,0.71
45,48,0.61
48,45,0.61
46,47,1.00
47,46,1.00
46,48,0.78
48,46,0.78
46,49,0.64
49,46,0.64
46,50,0.60
50,46,0.60
47,48,1.00
48,47,1.00
47,49,0.71
49,47,0.71
47,50,0.59
50,47,0.59
48,49,1.00
49,48,1.00
48,50,0.75
50,48,0.75
49,50,1.00
50,49,1.00
49,51,0.72
51,49,0.72
50,51,1.00
51,50,1.00
50,52,0.73
52,50,0.73
51,52,1.00
52,51,1.00
51,53,0.74
53,51,0.74
51,54,0.58
54,51,0.58
52,53,1.00
53,52,1.00
52,54,0.76
54,52,0.76
52,55,0.69
55,52,0.69
53,54,1.00
54,53,1.00
53,55,0.75
55,53,0.75
54,55,1.00
55,54,1.00
54,56,0.73
56,54,0.73
54,57,0.69
57,54,0.69
54,61,0.67
61,54,0.67
54,62,0.64
62,54,0.64
55,56,1.00
56,55,1.00
55,57,0.79
57,55,0.79
55,58,0.61
58,55,0.61
55,61,0.58
61,55,0.58
56,57,1.00
57,56,1.00
56,58,0.76
58,56,0.76
56,59,0.59
59,56,0.59
57,58,1.00
58,57,1.00
57,59,0.81
59,57,0.81
57,60,0.69
60,57,0.69
57,61,0.72
61,57,0.72
58,59,1.00
59,58,1.00
58,60,0.72
60,58,0.72
58,61,0.67
61,58,0.67
59,60,1.00
60,59,1.00
59,61,0.78
61,59,0.78
60,61,1.00
61,60,1.00
60,62,0.72
62,60,0.72
60,63,0.63
63,60,0.63
61,62,1.00
62,61,1.00
61,63,0.76
63,61,0.76
62,63,1.00
63,62,1.00
62,64,0.74
64,62,0.74
63,64,1.00
64,63,1.00
63,65,0.72
65,63,0.72
63,66,0.58
66,63,0.58
63,67,0.57
67,63,0.57
64,65,1.00
65,64,1.00
64,66,0.75
66,64,0.75
64,67,0.67
67,64,0.67
65,66,1.00
66,65,1.00
65,67,0.76
67,65,0.76
65,68,0.57
68,65,0.57
66,67,1.00
67,66,1.00
66,68,0.75
68,66,0.75
66,69,0.68
69,66,0.68
66,70,0.64
70,66,0.64
66,71,0.67
71,66,0.67
67,68,1.00
68,67,1.00
67,69,0.78
69,67,0.78
67,70,0.67
70,67,0.67
67,71,0.65
71,67,0.65
68,69,1.00
69,68,1.00
68,70,0.86
70,68,0.86
68,71,0.75
71,68,0.75
68,72,0.57
72,68,0.57
69,70,1.00
70,69,1.00
69,71,0.72
71,69,0.72
70,71,1.00
71,70,1.00
70,72,0.75
72,70,0.75
70,73,0.58
73,70,0.58
71,72,1.00
72,71,1.00
71,73,0.75
73,71,0.75
71,74,0.60
74,71,0.60
71,75,0.63
75,71,0.63
72,73,1.00
73,72,1.00
72,74,0.77
74,72,0.77
72,75,0.81
75,72,0.81
72,76,0.62
76,72,0.62
73,74,1.00
74,73,1.00
73,75,0.81
75,73,0.81
73,76,0.59
76,73,0.59
74,75,1.00
75,74,1.00
74,76,0.71
76,74,0.71
75,76,1.00
76,75,1.00
75,77,0.70
77,75,0.70
76,77,1.00
77,76,1.00
76,78,0.75
78,76,0.75
77,78,1.00
78,77,1.00
77,79,0.70
79,77,0.70
78,79,1.00
79,78,1.00
78,80,0.70
80,78,0.70
78,81,0.58
81,78,0.58
79,80,1.00
80,79,1.00
79,81,0.76
81,79,0.76
79,82,0.57
82,79,0.57
80,81,1.00
81,80,1.00
80,82,0.72
82,80,0.72
81,82,1.00
82,81,1.00
81,83,0.71
83,81,0.71
82,83,1.00
83,82,1.00
82,84,0.74
84,82,0.74
83,84,1.00
84,83,1.00
83,85,0.71
85,83,0.71
83,100,0.62
100,83,0.62
83,101,0.75
101,83,0.75
83,102,0.59
102,83,0.59
84,85,1.00
85,84,1.00
84,86,0.71
86,84,0.71
84,87,0.62
87,84,0.62
84,100,0.66
100,84,0.66
84,101,0.91
101,84,0.91
84,102,0.76
102,84,0.76
84,103,0.67
103,84,0.67
85,86,1.00
86,85,1.00
85,87,0.77
87,85,0.77
85,88,0.64
88,85,0.64
85,89,0.67
89,85,0.67
85,90,0.59
90,85,0.59
85,98,0.59
98,85,0.59
85,100,0.60
100,85,0.60
85,101,0.84
101,85,0.84
85,102,0.88
102,85,0.88
85,103,0.71
103,85,0.71
86,87,1.00
87,86,1.00
86,88,0.79
88,86,0.79
86,89,0.90
89,86,0.90
86,90,0.80
90,86,0.80
86,91,0.63
91,86,0.63
86,95,0.59
95,86,0.59
86,97,0.60
97,86,0.60
86,98,0.58
98,86,0.58
86,101,0.66
101,86,0.66
86,102,0.84
102,86,0.84
86,103,0.74
103,86,0.74
86,104,0.65
104,86,0.65
86,108,0.67
108,86,0.67
86,109,0.60
109,86,0.60
86,110,0.60
110,86,0.60
87,88,1.00
88,87,1.00
87,89,0.85
89,87,0.85
87,90,0.74
90,87,0.74
87,91,0.66
91,87,0.66
87,92,0.62
92,87,0.62
87,95,0.75
95,87,0.75
87,96,0.73
96,87,0.73
87,97,0.76
97,87,0.76
87,98,0.65
98,87,0.65
87,101,0.65
101,87,0.65
87,102,0.92
102,87,0.92
87,103,0.98
103,87,0.98
87,104,0.96
104,87,0.96
87,105,0.67
105,87,0.67
87,107,0.66
107,87,0.66
87,108,0.91
108,87,0.91
87,109,0.70
109,87,0.70
87,110,0.71
110,87,0.71
88,89,1.00
89,88,1.00
88,90,0.75
90,88,0.75
88,91,0.67
91,88,0.67
88,92,0.61
92,88,0.61
88,94,0.65
94,88,0.65
88,95,0.94
95,88,0.94
88,96,0.94
96,88,0.94
88,97,0.87
97,88,0.87
88,98,0.76
98,88,0.76
88,101,0.60
101,88,0.60
88,102,0.85
102,88,0.85
88,103,0.80
103,88,0.80
88,104,0.86
104,88,0.86
88,105,0.70
105,88,0.70
88,106,0.60
106,88,0.60
88,107,0.66
107,88,0.66
88,108,0.81
108,88,0.81
88,109,0.60
109,88,0.60
89,90,1.00
90,89,1.00
89,91,0.75
91,89,0.75
89,92,0.59
92,89,0.59
89,94,0.58
94,89,0.58
89,95,0.73
95,89,0.73
89,96,0.66
96,89,0.66
89,97,0.62
97,89,0.62
89,98,0.61
98,89,0.61
89,102,0.72
102,89,0.72
89,103,0.62
103,89,0.62
89,104,0.63
104,89,0.63
89,108,0.68
108,89,0.68
90,91,1.00
91,90,1.00
90,92,0.71
92,90,0.71
90,94,0.59
94,90,0.59
90,95,0.67
95,90,0.67
90,108,0.70
108,90,0.70
90,109,0.64
109,90,0.64
91,92,1.00
92,91,1.00
91,93,0.75
93,91,0.75
91,94,0.72
94,91,0.72
91,95,0.74
95,91,0.74
91,104,0.57
104,91,0.57
91,107,0.67
107,91,0.67
91,108,0.78
108,91,0.78
91,109,0.76
109,91,0.76
91,110,0.58
110,91,0.58
92,93,1.00
93,92,1.00
92,94,0.78
94,92,0.78
92,95,0.75
95,92,0.75
92,104,0.61
104,92,0.61
92,106,0.62
106,92,0.62
92,107,0.85
107,92,0.85
92,108,0.90
108,92,0.90
92,109,0.99
109,92,0.99
92,110,0.67
110,92,0.67
92,111,0.62
111,92,0.62
93,94,1.00
94,93,1.00
93,95,0.78
95,93,0.78
93,96,0.58
96,93,0.58
93,104,0.58
104,93,0.58
93,105,0.61
105,93,0.61
93,106,0.75
106,93,0.75
93,107,0.96
107,93,0.96
93,108,0.76
108,93,0.76
93,109,0.74
109,93,0.74
94,95,1.00
95,94,1.00
94,96,0.72
96,94,0.72
94,104,0.62
104,94,0.62
94,105,0.67
105,94,0.67
94,106,0.81
106,94,0.81
94,107,0.88
107,94,0.88
94,108,0.74
108,94,0.74
94,109,0.61
109,94,0.61
95,96,1.00
96,95,1.00
95,97,0.71
97,95,0.71
95,98,0.58
98,95,0.58
95,102,0.59
102,95,0.59
95,103,0.63
103,95,0.63
95,104,0.82
104,95,0.82
95,105,0.81
105,95,0.81
95,106,0.81
106,95,0.81
95,107,0.91
107,95,0.91
95,108,0.92
108,95,0.92
95,109,0.66
109,95,0.66
96,97,1.00
97,96,1.00
96,98,0.74
98,96,0.74
96,102,0.67
102,96,0.67
96,103,0.72
103,96,0.72
96,104,0.90
104,96,0.90
96,105,0.96
105,96,0.96
96,106,0.78
106,96,0.78
96,107,0.73
107,96,0.73
96,108,0.74
108,96,0.74
97,98,1.00
98,97,1.00
97,99,0.71
99,97,0.71
97,100,0.68
100,97,0.68
97,101,0.67
101,97,0.67
97,102,0.87
102,97,0.87
97,103,0.92
103,97,0.92
97,104,0.90
104,97,0.90
97,105,0.81
105,97,0.81
97,106,0.61
106,97,0.61
97,107,0.59
107,97,0.59
97,108,0.64
108,97,0.64
98,99,1.00
99,98,1.00
98,100,0.79
100,98,0.79
98,101,0.77
101,98,0.77
98,102,0.89
102,98,0.89
98,103,0.74
103,98,0.74
98,104,0.65
104,98,0.65
98,105,0.59
105,98,0.59
99,100,1.00
100,99,1.00
99,101,0.84
101,99,0.84
99,102,0.75
102,99,0.75
99,103,0.61
103,99,0.61
100,101,1.00
101,100,1.00
100,102,0.78
102,100,0.78
100,103,0.68
103,100,0.68
101,102,1.00
102,101,1.00
101,103,0.76
103,101,0.76
102,103,1.00
103,102,1.00
102,104,0.75
104,102,0.75
102,105,0.58
105,102,0.58
102,108,0.61
108,102,0.61
103,104,1.00
104,103,1.00
103,105,0.72
105,103,0.72
103,107,0.59
107,103,0.59
103,108,0.72
108,103,0.72
103,109,0.57
109,103,0.57
103,110,0.64
110,103,0.64
104,105,1.00
105,104,1.00
104,106,0.74
106,104,0.74
104,107,0.81
107,104,0.81
104,108,0.96
108,104,0.96
104,109,0.69
109,104,0.69
104,110,0.71
110,104,0.71
104,111,0.63
111,104,0.63
104,112,0.67
112,104,0.67
104,113,0.58
113,104,0.58
104,114,0.63
114,104,0.63
105,106,1.00
106,105,1.00
105,107,0.87
107,105,0.87
105,108,0.78
108,105,0.78
105,109,0.60
109,105,0.60
105,110,0.59
110,105,0.59
105,111,0.58
111,105,0.58
105,112,0.66
112,105,0.66
105,113,0.65
113,105,0.65
105,114,0.80
114,105,0.80
105,115,0.61
115,105,0.61
105,116,0.63
116,105,0.63
106,107,1.00
107,106,1.00
106,108,0.74
108,106,0.74
106,109,0.60
109,106,0.60
106,111,0.57
111,106,0.57
106,112,0.62
112,106,0.62
106,113,0.67
113,106,0.67
106,114,0.79
114,106,0.79
106,115,0.64
115,106,0.64
106,116,0.60
116,106,0.60
107,108,1.00
108,107,1.00
107,109,0.83
109,107,0.83
107,110,0.68
110,107,0.68
107,111,0.69
111,107,0.69
107,112,0.66
112,107,0.66
107,113,0.66
113,107,0.66
107,114,0.67
114,107,0.67
108,109,1.00
109,108,1.00
108,110,0.84
110,108,0.84
108,111,0.71
111,108,0.71
108,112,0.64
112,108,0.64
109,110,1.00
110,109,1.00
109,111,0.84
111,109,0.84
109,112,0.65
112,109,0.65
110,111,1.00
111,110,1.00
110,112,0.78
112,110,0.78
110,113,0.60
113,110,0.60
111,112,1.00
112,111,1.00
111,113,0.76
113,111,0.76
111,114,0.61
114,111,0.61
111,120,0.58
120,111,0.58
111,132,0.61
132,111,0.61
111,133,0.66
133,111,0.66
112,113,1.00
113,112,1.00
112,114,0.79
114,112,0.79
112,115,0.60
115,112,0.60
112,119,0.59
119,112,0.59
112,120,0.80
120,112,0.80
112,121,0.70
121,112,0.70
112,133,0.65
133,112,0.65
113,114,1.00
114,113,1.00
113,115,0.77
115,113,0.77
113,116,0.62
116,113,0.62
113,118,0.59
118,113,0.59
113,119,0.66
119,113,0.66
113,120,0.93
120,113,0.93
113,121,0.99
121,113,0.99
113,122,0.68
122,113,0.68
113,123,0.57
123,113,0.57
113,132,0.61
132,113,0.61
113,133,0.77
133,113,0.77
113,134,0.61
134,113,0.61
113,135,0.61
135,113,0.61
113,136,0.59
136,113,0.59
114,115,1.00
115,114,1.00
114,116,0.84
116,114,0.84
114,117,0.65
117,114,0.65
114,118,0.67
118,114,0.67
114,119,0.70
119,114,0.70
114,120,0.85
120,114,0.85
114,121,0.89
121,114,0.89
114,122,0.67
122,114,0.67
114,123,0.57
123,114,0.57
114,133,0.59
133,114,0.59
114,136,0.59
136,114,0.59
115,116,1.00
116,115,1.00
115,117,0.78
117,115,0.78
115,118,0.87
118,115,0.87
115,119,0.75
119,115,0.75
115,120,0.79
120,115,0.79
115,121,0.95
121,115,0.95
115,122,0.82
122,115,0.82
115,123,0.73
123,115,0.73
115,124,0.57
124,115,0.57
115,135,0.61
135,115,0.61
115,136,0.67
136,115,0.67
115,137,0.64
137,115,0.64
115,138,0.61
138,115,0.61
116,117,1.00
117,116,1.00
116,118,0.83
118,116,0.83
116,119,0.71
119,116,0.71
116,120,0.67
120,116,0.67
116,121,0.68
121,116,0.68
116,122,0.65
122,116,0.65
116,123,0.58
123,116,0.58
117,118,1.00
118,117,1.00
117,119,0.80
119,117,0.80
117,120,0.64
120,117,0.64
117,121,0.61
121,117,0.61
117,122,0.68
122,117,0.68
117,123,0.58
123,117,0.58
118,119,1.00
119,118,1.00
118,120,0.77
120,118,0.77
118,121,0.78
121,118,0.78
118,122,1.00
122,118,1.00
118,123,0.77
123,118,0.77
118,124,0.70
124,118,0.70
119,120,1.00
120,119,1.00
119,121,0.81
121,119,0.81
119,122,0.92
122,119,0.92
119,123,0.64
123,119,0.64
119,124,0.58
124,119,0.58
120,121,1.00
121,120,1.00
120,122,0.86
122,120,0.86
120,123,0.63
123,120,0.63
120,133,0.58
133,120,0.58
121,122,1.00
122,121,1.00
121,123,0.80
123,121,0.80
121,124,0.60
124,121,0.60
121,128,0.58
128,121,0.58
121,129,0.60
129,121,0.60
121,133,0.69
133,121,0.69
121,134,0.63
134,121,0.63
121,135,0.71
135,121,0.71
121,136,0.66
136,121,0.66
121,137,0.58
137,121,0.58
122,123,1.00
123,122,1.00
122,124,0.79
124,122,0.79
122,125,0.58
125,122,0.58
122,127,0.64
127,122,0.64
122,128,0.61
128,122,0.61
122,129,0.59
129,122,0.59
122,135,0.63
135,122,0.63
122,136,0.59
136,122,0.59
123,124,1.00
124,123,1.00
123,125,0.71
125,123,0.71
123,126,0.66
126,123,0.66
123,127,0.81
127,123,0.81
123,128,0.77
128,123,0.77
123,129,0.65
129,123,0.65
123,135,0.74
135,123,0.74
123,136,0.69
136,123,0.69
123,137,0.72
137,123,0.72
123,138,0.58
138,123,0.58
124,125,1.00
125,124,1.00
124,126,0.79
126,124,0.79
124,127,0.88
127,124,0.88
124,128,0.68
128,124,0.68
124,137,0.59
137,124,0.59
125,126,1.00
126,125,1.00
125,127,0.85
127,125,0.85
125,128,0.63
128,125,0.63
126,127,1.00
127,126,1.00
126,128,0.76
128,126,0.76
126,129,0.57
129,126,0.57
127,128,1.00
128,127,1.00
127,129,0.75
129,127,0.75
127,135,0.62
135,127,0.62
128,129,1.00
129,128,1.00
128,130,0.75
130,128,0.75
128,131,0.58
131,128,0.58
128,134,0.67
134,128,0.67
128,135,0.81
135,128,0.81
128,136,0.63
136,128,0.63
128,137,0.59
137,128,0.59
129,130,1.00
130,129,1.00
129,131,0.78
131,129,0.78
129,132,0.66
132,129,0.66
129,133,0.67
133,129,0.67
129,134,0.80
134,129,0.80
129,135,0.81
135,129,0.81
129,136,0.59
136,129,0.59
130,131,1.00
131,130,1.00
130,132,0.74
132,130,0.74
130,133,0.69
133,130,0.69
130,134,0.88
134,130,0.88
130,135,0.73
135,130,0.73
131,132,1.00
132,131,1.00
131,133,0.77
133,131,0.77
131,134,0.80
134,131,0.80
131,135,0.61
135,131,0.61
132,133,1.00
133,132,1.00
132,134,0.81
134,132,0.81
132,135,0.61
135,132,0.61
133,134,1.00
134,133,1.00
133,135,0.76
135,133,0.76
133,136,0.62
136,133,0.62
134,135,1.00
135,134,1.00
134,136,0.74
136,134,0.74
135,136,1.00
136,135,1.00
135,137,0.74
137,135,0.74
136,137,1.00
137,136,1.00
136,138,0.73
138,136,0.73
136,139,0.61
139,136,0.61
136,140,0.60
140,136,0.60
137,138,1.00
138,137,1.00
137,139,0.84
139,137,0.84
137,140,0.73
140,137,0.73
137,141,0.60
141,137,0.60
138,139,1.00
139,138,1.00
138,140,0.79
140,138,0.79
138,141,0.60
141,138,0.60
138,163,0.61
163,138,0.61
138,164,0.58
164,138,0.58
139,140,1.00
140,139,1.00
139,141,0.77
141,139,0.77
139,142,0.59
142,139,0.59
139,162,0.58
162,139,0.58
139,163,0.66
163,139,0.66
140,141,1.00
141,140,1.00
140,142,0.72
142,140,0.72
140,143,0.61
143,140,0.61
140,161,0.72
161,140,0.72
140,162,0.80
162,140,0.80
140,163,0.91
163,140,0.91
140,164,0.68
164,140,0.68
141,142,1.00
142,141,1.00
141,143,0.73
143,141,0.73
141,160,0.67
160,141,0.67
141,161,0.93
161,141,0.93
141,162,0.82
162,141,0.82
141,163,0.75
163,141,0.75
142,143,1.00
143,142,1.00
142,144,0.76
144,142,0.76
142,145,0.65
145,142,0.65
142,159,0.69
159,142,0.69
142,160,0.84
160,142,0.84
142,161,1.00
161,142,1.00
142,162,0.78
162,142,0.78
142,163,0.62
163,142,0.62
143,144,1.00
144,143,1.00
143,145,0.71
145,143,0.71
143,146,0.60
146,143,0.60
143,147,0.58
147,143,0.58
143,148,0.58
148,143,0.58
143,159,0.67
159,143,0.67
143,160,0.84
160,143,0.84
143,161,0.89
161,143,0.89
143,162,0.78
162,143,0.78
143,163,0.59
163,143,0.59
144,145,1.00
145,144,1.00
144,146,0.81
146,144,0.81
144,147,0.70
147,144,0.70
144,148,0.66
148,144,0.66
144,149,0.57
149,144,0.57
144,158,0.67
158,144,0.67
144,159,0.78
159,144,0.78
144,160,0.83
160,144,0.83
144,161,0.69
161,144,0.69
144,162,0.59
162,144,0.59
145,146,1.00
146,145,1.00
145,147,0.78
147,145,0.78
145,148,0.75
148,145,0.75
145,149,0.58
149,145,0.58
145,157,0.63
157,145,0.63
145,158,0.90
158,145,0.90
145,159,0.98
159,145,0.98
145,160,0.79
160,145,0.79
145,161,0.61
161,145,0.61
146,147,1.00
147,146,1.00
146,148,0.77
148,146,0.77
146,149,0.60
149,146,0.60
146,157,0.65
157,146,0.65
146,158,0.91
158,146,0.91
146,159,0.77
159,146,0.77
146,160,0.67
160,146,0.67
147,148,1.00
148,147,1.00
147,149,0.80
149,147,0.80
147,150,0.58
150,147,0.58
147,151,0.59
151,147,0.59
147,157,0.72
157,147,0.72
147,158,0.91
158,147,0.91
147,159,0.76
159,147,0.76
147,160,0.73
160,147,0.73
148,149,1.00
149,148,1.00
148,150,0.75
150,148,0.75
148,151,0.82
151,148,0.82
148,152,0.68
152,148,0.68
148,153,0.69
153,148,0.69
148,156,0.64
156,148,0.64
148,157,0.92
157,148,0.92
148,158,1.00
158,148,1.00
148,159,0.96
159,148,0.96
148,160,0.88
160,148,0.88
148,161,0.63
161,148,0.63
149,150,1.00
150,149,1.00
149,151,0.85
151,149,0.85
149,152,0.63
152,149,0.63
149,153,0.57
153,149,0.57
149,157,0.68
157,149,0.68
149,158,0.69
158,149,0.69
149,159,0.71
159,149,0.71
149,160,0.81
160,149,0.81
149,161,0.65
161,149,0.65
149,162,0.59
162,149,0.59
150,151,1.00
151,150,1.00
150,152,0.71
152,150,0.71
150,153,0.58
153,150,0.58
150,157,0.61
157,150,0.61
150,159,0.61
159,150,0.61
150,160,0.70
160,150,0.70
150,161,0.64
161,150,0.64
150,162,0.59
162,150,0.59
151,152,1.00
152,151,1.00
151,153,0.77
153,151,0.77
151,154,0.58
154,151,0.58
151,156,0.58
156,151,0.58
151,157,0.75
157,151,0.75
151,158,0.67
158,151,0.67
151,159,0.74
159,151,0.74
151,160,0.74
160,151,0.74
151,161,0.63
161,151,0.63
152,153,1.00
153,152,1.00
152,154,0.76
154,152,0.76
152,155,0.64
155,152,0.64
152,156,0.68
156,152,0.68
152,157,0.80
157,152,0.80
152,158,0.63
158,152,0.63
152,159,0.64
159,152,0.64
152,160,0.58
160,152,0.58
153,154,1.00
154,153,1.00
153,155,0.78
155,153,0.78
153,156,0.86
156,153,0.86
153,157,0.98
157,153,0.98
153,158,0.75
158,153,0.75
153,159,0.71
159,153,0.71
153,160,0.57
160,153,0.57
154,155,1.00
155,154,1.00
154,156,0.84
156,154,0.84
154,157,0.73
157,154,0.73
154,158,0.59
158,154,0.59
155,156,1.00
156,155,1.00
155,157,0.72
157,155,0.72
156,157,1.00
157,156,1.00
156,158,0.73
158,156,0.73
156,159,0.58
159,156,0.58
157,158,1.00
158,157,1.00
157,159,0.79
159,157,0.79
157,160,0.62
160,157,0.62
158,159,1.00
159,158,1.00
158,160,0.74
160,158,0.74
159,160,1.00
160,159,1.00
159,161,0.71
161,159,0.71
160,161,1.00
161,160,1.00
160,162,0.74
162,160,0.74
161,162,1.00
162,161,1.00
161,163,0.73
163,161,0.73
162,163,1.00
163,162,1.00
162,164,0.73
164,162,0.73
162,165,0.58
165,162,0.58
163,164,1.00
164,163,1.00
163,165,0.75
165,163,0.75
163,166,0.60
166,163,0.60
164,165,1.00
165,164,1.00
164,166,0.80
166,164,0.80
164,167,0.60
167,164,0.60
165,166,1.00
166,165,1.00
165,167,0.75
167,165,0.75
165,168,0.59
168,165,0.59
166,167,1.00
167,166,1.00
166,168,0.75
168,166,0.75
166,169,0.63
169,166,0.63
167,168,1.00
168,167,1.00
167,169,0.72
169,167,0.72
168,169,1.00
169,168,1.00
