2,3,1.00
3,2,1.00
2,4,0.81
4,2,0.81
2,5,0.63
5,2,0.63
3,4,1.00
4,3,1.00
3,5,0.76
5,3,0.76
4,5,1.00
5,4,1.00
4,6,0.75
6,4,0.75
4,7,0.64
7,4,0.64
5,6,1.00
6,5,1.00
5,7,0.79
7,5,0.79
5,8,0.60
8,5,0.60
5,11,0.62
11,5,0.62
5,26,0.62
26,5,0.62
5,27,0.73
27,5,0.73
5,28,0.64
28,5,0.64
5,29,0.65
29,5,0.65
5,39,0.60
39,5,0.60
6,7,1.00
7,6,1.00
6,8,0.77
8,6,0.77
6,9,0.67
9,6,0.67
6,10,0.75
10,6,0.75
6,11,0.88
11,6,0.88
6,12,0.62
12,6,0.62
6,13,0.58
13,6,0.58
6,14,0.68
14,6,0.68
6,25,0.59
25,6,0.59
6,26,0.69
26,6,0.69
6,27,0.70
27,6,0.70
6,28,0.61
28,6,0.61
6,39,0.59
39,6,0.59
7,8,1.00
8,7,1.00
7,9,0.71
9,7,0.71
7,10,0.70
10,7,0.70
7,11,0.75
11,7,0.75
7,12,0.57
12,7,0.57
7,13,0.60
13,7,0.60
7,14,0.77
14,7,0.77
7,15,0.62
15,7,0.62
7,24,0.58
24,7,0.58
7,25,0.81
25,7,0.81
7,26,0.88
26,7,0.88
7,27,0.81
27,7,0.81
7,28,0.62
28,7,0.62
7,38,0.57
38,7,0.57
7,39,0.77
39,7,0.77
7,40,0.66
40,7,0.66
8,9,1.00
9,8,1.00
8,10,0.82
10,8,0.82
8,11,0.72
11,8,0.72
8,12,0.59
12,8,0.59
8,13,0.66
13,8,0.66
8,14,0.80
14,8,0.80
8,15,0.60
15,8,0.60
8,25,0.73
25,8,0.73
8,26,0.68
26,8,0.68
8,27,0.59
27,8,0.59
8,39,0.66
39,8,0.66
8,40,0.67
40,8,0.67
8,41,0.61
41,8,0.61
9,10,1.00
10,9,1.00
9,11,0.71
11,9,0.71
9,12,0.61
12,9,0.61
9,13,0.67
13,9,0.67
9,14,0.68
14,9,0.68
10,11,1.00
11,10,1.00
10,12,0.84
12,10,0.84
10,13,0.82
13,10,0.82
10,14,0.77
14,10,0.77
11,12,1.00
12,11,1.00
11,13,0.83
13,11,0.83
11,14,0.88
14,11,0.88
11,15,0.67
15,11,0.67
11,26,0.62
26,11,0.62
12,13,1.00
13,12,1.00
12,14,0.82
14,12,0.82
12,15,0.68
15,12,0.68
13,14,1.00
14,13,1.00
13,15,0.79
15,13,0.79
13,16,0.58
16,13,0.58
14,15,1.00
15,14,1.00
14,16,0.72
16,14,0.72
14,25,0.69
25,14,0.69
14,26,0.76
26,14,0.76
14,27,0.59
27,14,0.59
15,16,1.00
16,15,1.00
15,17,0.72
17,15,0.72
15,18,0.59
18,15,0.59
15,19,0.67
19,15,0.67
15,20,0.66
20,15,0.66
15,21,0.64
21,15,0.64
15,22,0.67
22,15,0.67
15,25,0.67
25,15,0.67
15,26,0.77
26,15,0.77
15,27,0.57
27,15,0.57
16,17,1.00
17,16,1.00
16,18,0.74
18,16,0.74
16,19,0.81
19,16,0.81
16,20,0.90
20,16,0.90
16,21,0.76
21,16,0.76
16,22,0.68
22,16,0.68
16,25,0.63
25,16,0.63
16,26,0.79
26,16,0.79
16,27,0.63
27,16,0.63
16,28,0.68
28,16,0.68
17,18,1.00
18,17,1.00
17,19,0.85
19,17,0.85
17,20,0.87
20,17,0.87
17,21,0.64
21,17,0.64
17,26,0.59
26,17,0.59
17,28,0.61
28,17,0.61
18,19,1.00
19,18,1.00
18,20,0.85
20,18,0.85
18,21,0.62
21,18,0.62
18,95,0.58
95,18,0.58
18,96,0.60
96,18,0.60
18,97,0.72
97,18,0.72
18,98,0.60
98,18,0.60
18,99,0.58
99,18,0.58
19,20,1.00
20,19,1.00
19,21,0.81
21,19,0.81
19,22,0.67
22,19,0.67
19,97,0.58
97,19,0.58
20,21,1.00
21,20,1.00
20,22,0.72
22,20,0.72
20,23,0.59
23,20,0.59
20,26,0.60
26,20,0.60
20,28,0.58
28,20,0.58
20,151,0.59
151,20,0.59
21,22,1.00
22,21,1.00
21,23,0.81
23,21,0.81
21,24,0.67
24,21,0.67
21,25,0.60
25,21,0.60
21,26,0.62
26,21,0.62
21,36,0.60
36,21,0.60
21,151,0.70
151,21,0.70
21,152,0.65
152,21,0.65
21,153,0.73
153,21,0.73
21,154,0.59
154,21,0.59
22,23,1.00
23,22,1.00
22,24,0.79
24,22,0.79
22,25,0.68
25,22,0.68
22,26,0.63
26,22,0.63
22,151,0.61
151,22,0.61
22,152,0.63
152,22,0.63
22,153,0.70
153,22,0.70
23,24,1.00
24,23,1.00
23,25,0.71
25,23,0.71
23,26,0.60
26,23,0.60
23,36,0.61
36,23,0.61
23,151,0.61
151,23,0.61
23,152,0.71
152,23,0.71
23,153,0.87
153,23,0.87
23,154,0.64
154,23,0.64
23,166,0.62
166,23,0.62
23,167,0.63
167,23,0.63
24,25,1.00
25,24,1.00
24,26,0.75
26,24,0.75
24,27,0.63
27,24,0.63
24,36,0.71
36,24,0.71
24,37,0.66
37,24,0.66
24,38,0.66
38,24,0.66
24,39,0.68
39,24,0.68
24,40,0.63
40,24,0.63
24,153,0.68
153,24,0.68
24,154,0.57
154,24,0.57
25,26,1.00
26,25,1.00
25,27,0.77
27,25,0.77
25,28,0.60
28,25,0.60
25,36,0.67
36,25,0.67
25,37,0.66
37,25,0.66
25,38,0.67
38,25,0.67
25,39,0.82
39,25,0.82
25,40,0.72
40,25,0.72
26,27,1.00
27,26,1.00
26,28,0.81
28,26,0.81
26,29,0.60
29,26,0.60
26,36,0.71
36,26,0.71
26,37,0.65
37,26,0.65
26,38,0.59
38,26,0.59
26,39,0.71
39,26,0.71
26,40,0.58
40,26,0.58
27,28,1.00
28,27,1.00
27,29,0.78
29,27,0.78
27,34,0.60
34,27,0.60
27,35,0.66
35,27,0.66
27,36,0.81
36,27,0.81
27,37,0.80
37,27,0.80
27,38,0.67
38,27,0.67
27,39,0.76
39,27,0.76
28,29,1.00
29,28,1.00
28,30,0.70
30,28,0.70
28,31,0.63
31,28,0.63
28,34,0.73
34,28,0.73
28,35,0.71
35,28,0.71
28,36,0.74
36,28,0.74
28,37,0.64
37,28,0.64
29,30,1.00
30,29,1.00
29,31,0.77
31,29,0.77
29,32,0.62
32,29,0.62
29,33,0.60
33,29,0.60
29,34,0.77
34,29,0.77
29,35,0.66
35,29,0.66
29,36,0.62
36,29,0.62
29,37,0.59
37,29,0.59
30,31,1.00
31,30,1.00
30,32,0.75
32,30,0.75
30,33,0.64
33,30,0.64
30,34,0.73
34,30,0.73
30,35,0.57
35,30,0.57
31,32,1.00
32,31,1.00
31,33,0.75
33,31,0.75
31,34,0.76
34,31,0.76
32,33,1.00
33,32,1.00
32,34,0.81
34,32,0.81
32,35,0.58
35,32,0.58
33,34,1.00
34,33,1.00
33,35,0.73
35,33,0.73
34,35,1.00
35,34,1.00
34,36,0.71
36,34,0.71
34,37,0.60
37,34,0.60
35,36,1.00
36,35,1.00
35,37,0.77
37,35,0.77
35,154,0.60
154,35,0.60
36,37,1.00
37,36,1.00
36,38,0.71
38,36,0.71
36,39,0.64
39,36,0.64
36,153,0.61
153,36,0.61
36,154,0.63
154,36,0.63
37,38,1.00
38,37,1.00
37,39,0.80
39,37,0.80
37,40,0.60
40,37,0.60
38,39,1.00
39,38,1.00
38,40,0.78
40,38,0.78
38,41,0.60
41,38,0.60
39,40,1.00
40,39,1.00
39,41,0.71
41,39,0.71
40,41,1.00
41,40,1.00
40,42,0.69
42,40,0.69
41,42,1.00
42,41,1.00
41,43,0.74
43,41,0.74
41,44,0.57
44,41,0.57
42,43,1.00
43,42,1.00
42,44,0.72
44,42,0.72
43,44,1.00
44,43,1.00
43,45,0.77
45,43,0.77
43,46,0.58
46,43,0.58
43,67,0.57
67,43,0.57
44,45,1.00
45,44,1.00
44,46,0.72
46,44,0.72
44,47,0.58
47,44,0.58
44,67,0.69
67,44,0.69
44,68,0.58
68,44,0.58
45,46,1.00
46,45,1.00
45,47,0.78
47,45,0.78
45,48,0.58
48,45,0.58
45,67,0.57
67,45,0.57
46,47,1.00
47,46,1.00
46,48,0.75
48,46,0.75
46,49,0.64
49,46,0.64
46,55,0.59
55,46,0.59
47,48,1.00
48,47,1.00
47,49,0.72
49,47,0.72
47,53,0.57
53,47,0.57
47,54,0.62
54,47,0.62
47,55,0.61
55,47,0.61
48,49,1.00
49,48,1.00
48,50,0.73
50,48,0.73
48,51,0.62
51,48,0.62
48,52,0.60
52,48,0.60
48,53,0.63
53,48,0.63
48,54,0.64
54,48,0.64
48,55,0.68
55,48,0.68
49,50,1.00
50,49,1.00
49,51,0.80
51,49,0.80
49,52,0.67
52,49,0.67
49,53,0.65
53,49,0.65
49,54,0.68
54,49,0.68
49,55,0.85
55,49,0.85
49,56,0.66
56,49,0.66
49,57,0.62
57,49,0.62
50,51,1.00
51,50,1.00
50,52,0.76
52,50,0.76
50,53,0.63
53,50,0.63
50,54,0.62
54,50,0.62
50,55,0.77
55,50,0.77
50,56,0.66
56,50,0.66
50,57,0.61
57,50,0.61
51,52,1.00
52,51,1.00
51,53,0.77
53,51,0.77
51,54,0.73
54,51,0.73
51,55,0.87
55,51,0.87
51,56,0.75
56,51,0.75
51,57,0.62
57,51,0.62
52,53,1.00
53,52,1.00
52,54,0.77
54,52,0.77
52,55,0.74
55,52,0.74
52,56,0.60
56,52,0.60
53,54,1.00
54,53,1.00
53,55,0.78
55,53,0.78
53,56,0.60
56,53,0.60
54,55,1.00
55,54,1.00
54,56,0.74
56,54,0.74
55,56,1.00
56,55,1.00
55,57,0.75
57,55,0.75
55,58,0.58
58,55,0.58
56,57,1.00
57,56,1.00
56,58,0.75
58,56,0.75
56,59,0.58
59,56,0.58
57,58,1.00
58,57,1.00
57,59,0.76
59,57,0.76
57,60,0.67
60,57,0.67
57,61,0.66
61,57,0.66
58,59,1.00
59,58,1.00
58,60,0.74
60,58,0.74
58,61,0.66
61,58,0.66
59,60,1.00
60,59,1.00
59,61,0.80
61,59,0.80
59,62,0.60
62,59,0.60
60,61,1.00
61,60,1.00
60,62,0.78
62,60,0.78
60,63,0.60
63,60,0.60
60,74,0.65
74,60,0.65
61,62,1.00
62,61,1.00
61,63,0.78
63,61,0.78
61,64,0.60
64,61,0.60
61,73,0.69
73,61,0.69
61,74,0.83
74,61,0.83
61,75,0.66
75,61,0.66
61,76,0.61
76,61,0.61
62,63,1.00
63,62,1.00
62,64,0.75
64,62,0.75
62,70,0.69
70,62,0.69
62,71,0.65
71,62,0.65
62,72,0.71
72,62,0.71
62,73,0.89
73,62,0.89
62,74,0.87
74,62,0.87
62,75,0.62
75,62,0.62
63,64,1.00
64,63,1.00
63,65,0.72
65,63,0.72
63,66,0.62
66,63,0.62
63,67,0.62
67,63,0.62
63,68,0.70
68,63,0.70
63,69,0.66
69,63,0.66
63,70,0.81
70,63,0.81
63,71,0.68
71,63,0.68
63,72,0.68
72,63,0.68
63,73,0.89
73,63,0.89
63,74,0.74
74,63,0.74
64,65,1.00
65,64,1.00
64,66,0.75
66,64,0.75
64,67,0.66
67,64,0.66
64,68,0.68
68,64,0.68
64,69,0.64
69,64,0.64
64,70,0.84
70,64,0.84
64,71,0.77
71,64,0.77
64,72,0.76
72,64,0.76
64,73,0.97
73,64,0.97
64,74,0.70
74,64,0.70
64,75,0.57
75,64,0.57
65,66,1.00
66,65,1.00
65,67,0.73
67,65,0.73
65,68,0.66
68,65,0.66
65,69,0.58
69,65,0.58
65,70,0.68
70,65,0.68
65,71,0.62
71,65,0.62
65,72,0.60
72,65,0.60
65,73,0.69
73,65,0.69
66,67,1.00
67,66,1.00
66,68,0.78
68,66,0.78
66,69,0.62
69,66,0.62
66,70,0.64
70,66,0.64
67,68,1.00
68,67,1.00
67,69,0.69
69,67,0.69
67,70,0.64
70,67,0.64
68,69,1.00
69,68,1.00
68,70,0.82
70,68,0.82
68,71,0.60
71,68,0.60
69,70,1.00
70,69,1.00
69,71,0.71
71,69,0.71
70,71,1.00
71,70,1.00
70,72,0.75
72,70,0.75
70,73,0.73
73,70,0.73
71,72,1.00
72,71,1.00
71,73,0.79
73,71,0.79
71,74,0.59
74,71,0.59
72,73,1.00
73,72,1.00
72,74,0.75
74,72,0.75
72,75,0.59
75,72,0.59
73,74,1.00
74,73,1.00
73,75,0.73
75,73,0.73
74,75,1.00
75,74,1.00
74,76,0.73
76,74,0.73
75,76,1.00
76,75,1.00
75,77,0.75
77,75,0.75
76,77,1.00
77,76,1.00
76,78,0.73
78,76,0.73
77,78,1.00
78,77,1.00
77,79,0.75
79,77,0.75
78,79,1.00
79,78,1.00
78,80,0.71
80,78,0.71
78,81,0.60
81,78,0.60
78,90,0.58
90,78,0.58
79,80,1.00
80,79,1.00
79,81,0.76
81,79,0.76
79,82,0.66
82,79,0.66
79,89,0.58
89,79,0.58
80,81,1.00
81,80,1.00
80,82,0.78
82,80,0.78
80,83,0.62
83,80,0.62
80,84,0.60
84,80,0.60
80,87,0.57
87,80,0.57
80,88,0.67
88,80,0.67
80,89,0.69
89,80,0.69
80,90,0.60
90,80,0.60
80,93,0.65
93,80,0.65
80,94,0.63
94,80,0.63
81,82,1.00
82,81,1.00
81,83,0.85
83,81,0.85
81,84,0.76
84,81,0.76
81,85,0.63
85,81,0.63
81,86,0.59
86,81,0.59
81,87,0.67
87,81,0.67
81,88,0.77
88,81,0.77
81,89,0.66
89,81,0.66
82,83,1.00
83,82,1.00
82,84,0.79
84,82,0.79
82,85,0.59
85,82,0.59
82,88,0.57
88,82,0.57
83,84,1.00
84,83,1.00
83,85,0.75
85,83,0.75
83,86,0.59
86,83,0.59
83,87,0.60
87,83,0.60
83,88,0.59
88,83,0.59
84,85,1.00
85,84,1.00
84,86,0.77
86,84,0.77
84,87,0.70
87,84,0.70
84,88,0.62
88,84,0.62
85,86,1.00
86,85,1.00
85,87,0.84
87,85,0.84
85,88,0.65
88,85,0.65
86,87,1.00
87,86,1.00
86,88,0.70
88,86,0.70
86,89,0.61
89,86,0.61
87,88,1.00
88,87,1.00
87,89,0.77
89,87,0.77
87,90,0.60
90,87,0.60
87,93,0.62
93,87,0.62
88,89,1.00
89,88,1.00
88,90,0.78
90,88,0.78
88,91,0.60
91,88,0.60
88,92,0.58
92,88,0.58
88,93,0.68
93,88,0.68
89,90,1.00
90,89,1.00
89,91,0.79
91,89,0.79
89,92,0.81
92,89,0.81
89,93,0.98
93,89,0.98
89,94,0.69
94,89,0.69
90,91,1.00
91,90,1.00
90,92,0.84
92,90,0.84
90,93,0.77
93,90,0.77
90,94,0.59
94,90,0.59
91,92,1.00
92,91,1.00
91,93,0.77
93,91,0.77
91,94,0.60
94,91,0.60
92,93,1.00
93,92,1.00
92,94,0.82
94,92,0.82
92,95,0.71
95,92,0.71
93,94,1.00
94,93,1.00
93,95,0.71
95,93,0.71
94,95,1.00
95,94,1.00
94,96,0.75
96,94,0.75
95,96,1.00
96,95,1.00
95,97,0.75
97,95,0.75
96,97,1.00
97,96,1.00
96,98,0.72
98,96,0.72
96,99,0.64
99,96,0.64
96,104,0.67
104,96,0.67
96,105,0.65
105,96,0.65
97,98,1.00
98,97,1.00
97,99,0.85
99,97,0.85
97,100,0.65
100,97,0.65
97,103,0.62
103,97,0.62
97,104,0.80
104,97,0.80
97,105,0.66
105,97,0.66
98,99,1.00
99,98,1.00
98,100,0.73
100,98,0.73
98,101,0.63
101,98,0.63
98,102,0.64
102,98,0.64
98,103,0.86
103,98,0.86
98,104,1.00
104,98,1.00
98,105,0.75
105,98,0.75
99,100,1.00
100,99,1.00
99,101,0.74
101,99,0.74
99,102,0.64
102,99,0.64
99,103,0.79
103,99,0.79
99,104,1.00
104,99,1.00
99,105,0.68
105,99,0.68
99,146,0.63
146,99,0.63
99,147,0.68
147,99,0.68
100,101,1.00
101,100,1.00
100,102,0.73
102,100,0.73
100,103,0.75
103,100,0.75
100,104,0.95
104,100,0.95
100,105,0.71
105,100,0.71
100,106,0.65
106,100,0.65
100,107,0.65
107,100,0.65
100,108,0.67
108,100,0.67
100,145,0.65
145,100,0.65
100,146,0.74
146,100,0.74
100,147,0.70
147,100,0.70
101,102,1.00
102,101,1.00
101,103,0.82
103,101,0.82
101,104,0.88
104,101,0.88
101,105,0.79
105,101,0.79
101,106,0.78
106,101,0.78
101,107,0.78
107,101,0.78
101,108,0.83
108,101,0.83
101,109,0.71
109,101,0.71
101,144,0.70
144,101,0.70
101,145,0.73
145,101,0.73
101,146,0.71
146,101,0.71
101,147,0.60
147,101,0.60
102,103,1.00
103,102,1.00
102,104,0.85
104,102,0.85
102,105,0.87
105,102,0.87
102,106,0.79
106,102,0.79
102,107,0.67
107,102,0.67
102,108,0.66
108,102,0.66
102,109,0.61
109,102,0.61
102,133,0.57
133,102,0.57
102,143,0.59
143,102,0.59
102,144,0.69
144,102,0.69
102,145,0.69
145,102,0.69
102,146,0.60
146,102,0.60
103,104,1.00
104,103,1.00
103,105,0.84
105,103,0.84
103,106,0.65
106,103,0.65
103,144,0.58
144,103,0.58
103,145,0.65
145,103,0.65
103,146,0.59
146,103,0.59
104,105,1.00
105,104,1.00
104,106,0.75
106,104,0.75
104,107,0.63
107,104,0.63
104,108,0.58
108,104,0.58
104,146,0.57
146,104,0.57
105,106,1.00
106,105,1.00
105,107,0.72
107,105,0.72
105,108,0.60
108,105,0.60
106,107,1.00
107,106,1.00
106,108,0.74
108,106,0.74
106,109,0.58
109,106,0.58
107,108,1.00
108,107,1.00
107,109,0.71
109,107,0.71
107,110,0.67
110,107,0.67
107,133,0.58
133,107,0.58
108,109,1.00
109,108,1.00
108,110,0.83
110,108,0.83
108,111,0.62
111,108,0.62
108,133,0.67
133,108,0.67
108,134,0.65
134,108,0.65
108,135,0.59
135,108,0.59
108,144,0.60
144,108,0.60
109,110,1.00
110,109,1.00
109,111,0.73
111,109,0.73
109,112,0.63
112,109,0.63
109,132,0.61
132,109,0.61
109,133,0.84
133,109,0.84
109,134,0.92
134,109,0.92
109,135,0.82
135,109,0.82
109,136,0.59
136,109,0.59
109,144,0.72
144,109,0.72
109,145,0.60
145,109,0.60
110,111,1.00
111,110,1.00
110,112,0.77
112,110,0.77
110,113,0.58
113,110,0.58
110,132,0.63
132,110,0.63
110,133,0.89
133,110,0.89
110,134,0.94
134,110,0.94
110,135,0.69
135,110,0.69
111,112,1.00
112,111,1.00
111,113,0.74
113,111,0.74
111,130,0.65
130,111,0.65
111,131,0.69
131,111,0.69
111,132,0.73
132,111,0.73
111,133,0.95
133,111,0.95
111,134,0.90
134,111,0.90
111,135,0.63
135,111,0.63
112,113,1.00
113,112,1.00
112,114,0.72
114,112,0.72
112,115,0.59
115,112,0.59
112,130,0.75
130,112,0.75
112,131,0.91
131,112,0.91
112,132,0.87
132,112,0.87
112,133,0.97
133,112,0.97
112,134,0.72
134,112,0.72
112,140,0.59
140,112,0.59
113,114,1.00
114,113,1.00
113,115,0.77
115,113,0.77
113,116,0.60
116,113,0.60
113,129,0.66
129,113,0.66
113,130,0.88
130,113,0.88
113,131,0.93
131,113,0.93
113,132,0.71
132,113,0.71
113,133,0.67
133,113,0.67
114,115,1.00
115,114,1.00
114,116,0.74
116,114,0.74
114,129,0.65
129,114,0.65
114,130,0.80
130,114,0.80
114,131,0.83
131,114,0.83
114,132,0.62
132,114,0.62
115,116,1.00
116,115,1.00
115,117,0.72
117,115,0.72
115,118,0.62
118,115,0.62
115,130,0.58
130,115,0.58
115,131,0.60
131,115,0.60
116,117,1.00
117,116,1.00
116,118,0.78
118,116,0.78
116,119,0.66
119,116,0.66
117,118,1.00
118,117,1.00
117,119,0.80
119,117,0.80
117,120,0.62
120,117,0.62
118,119,1.00
119,118,1.00
118,120,0.84
120,118,0.84
118,121,0.61
121,118,0.61
119,120,1.00
120,119,1.00
119,121,0.77
121,119,0.77
119,122,0.60
122,119,0.60
120,121,1.00
121,120,1.00
120,122,0.82
122,120,0.82
120,123,0.75
123,120,0.75
120,124,0.65
124,120,0.65
120,125,0.58
125,120,0.58
121,122,1.00
122,121,1.00
121,123,0.75
123,121,0.75
121,124,0.62
124,121,0.62
121,125,0.59
125,121,0.59
122,123,1.00
123,122,1.00
122,124,0.73
124,122,0.73
122,125,0.63
125,122,0.63
123,124,1.00
124,123,1.00
123,125,0.74
125,123,0.74
124,125,1.00
125,124,1.00
124,126,0.72
126,124,0.72
125,126,1.00
126,125,1.00
125,127,0.73
127,125,0.73
126,127,1.00
127,126,1.00
126,128,0.70
128,126,0.70
126,129,0.63
129,126,0.63
127,128,1.00
128,127,1.00
127,129,0.83
129,127,0.83
127,130,0.65
130,127,0.65
128,129,1.00
129,128,1.00
128,130,0.73
130,128,0.73
129,130,1.00
130,129,1.00
129,131,0.70
131,129,0.70
130,131,1.00
131,130,1.00
130,132,0.72
132,130,0.72
130,133,0.61
133,130,0.61
130,140,0.66
140,130,0.66
131,132,1.00
132,131,1.00
131,133,0.76
133,131,0.76
131,134,0.60
134,131,0.60
131,139,0.58
139,131,0.58
131,140,0.76
140,131,0.76
131,141,0.61
141,131,0.61
131,142,0.65
142,131,0.65
132,133,1.00
133,132,1.00
132,134,0.75
134,132,0.75
132,135,0.66
135,132,0.66
132,136,0.65
136,132,0.65
132,139,0.65
139,132,0.65
132,140,0.87
140,132,0.87
132,141,0.73
141,132,0.73
132,142,0.88
142,132,0.88
132,143,0.66
143,132,0.66
132,144,0.61
144,132,0.61
133,134,1.00
134,133,1.00
133,135,0.77
135,133,0.77
133,136,0.65
136,133,0.65
133,140,0.66
140,133,0.66
133,142,0.70
142,133,0.70
133,143,0.63
143,133,0.63
133,144,0.67
144,133,0.67
134,135,1.00
135,134,1.00
134,136,0.78
136,134,0.78
134,137,0.57
137,134,0.57
134,139,0.59
139,134,0.59
134,140,0.62
140,134,0.62
134,142,0.62
142,134,0.62
134,143,0.60
143,134,0.60
134,144,0.66
144,134,0.66
135,136,1.00
136,135,1.00
135,137,0.72
137,135,0.72
135,138,0.58
138,135,0.58
135,139,0.62
139,135,0.62
135,140,0.61
140,135,0.61
135,142,0.67
142,135,0.67
135,143,0.71
143,135,0.71
135,144,0.81
144,135,0.81
135,145,0.61
145,135,0.61
136,137,1.00
137,136,1.00
136,138,0.80
138,136,0.80
136,139,0.83
139,136,0.83
136,140,0.73
140,136,0.73
136,141,0.66
141,136,0.66
136,142,0.71
142,136,0.71
136,143,0.72
143,136,0.72
136,144,0.68
144,136,0.68
137,138,1.00
138,137,1.00
137,139,0.83
139,137,0.83
137,140,0.70
140,137,0.70
137,141,0.72
141,137,0.72
137,142,0.71
142,137,0.71
137,143,0.74
143,137,0.74
137,144,0.62
144,137,0.62
138,139,1.00
139,138,1.00
138,140,0.71
140,138,0.71
138,141,0.69
141,138,0.69
138,142,0.60
142,138,0.60
139,140,1.00
140,139,1.00
139,141,0.79
141,139,0.79
139,142,0.68
142,139,0.68
139,143,0.58
143,139,0.58
140,141,1.00
141,140,1.00
140,142,0.87
142,140,0.87
140,143,0.64
143,140,0.64
141,142,1.00
142,141,1.00
141,143,0.75
143,141,0.75
142,143,1.00
143,142,1.00
142,144,0.74
144,142,0.74
143,144,1.00
144,143,1.00
143,145,0.75
145,143,0.75
144,145,1.00
145,144,1.00
144,146,0.73
146,144,0.73
145,146,1.00
146,145,1.00
145,147,0.73
147,145,0.73
146,147,1.00
147,146,1.00
146,148,0.74
148,146,0.74
147,148,1.00
148,147,1.00
147,149,0.74
149,147,0.74
147,150,0.59
150,147,0.59
147,159,0.59
159,147,0.59
148,149,1.00
149,148,1.00
148,150,0.75
150,148,0.75
148,151,0.58
151,148,0.58
148,157,0.59
157,148,0.59
148,158,0.62
158,148,0.62
148,159,0.71
159,148,0.71
148,160,0.62
160,148,0.62
149,150,1.00
150,149,1.00
149,151,0.75
151,149,0.75
149,152,0.58
152,149,0.58
149,156,0.60
156,149,0.60
149,157,0.81
157,149,0.81
149,158,0.81
158,149,0.81
149,159,0.83
159,149,0.83
149,160,0.70
160,149,0.70
149,161,0.67
161,149,0.67
149,162,0.58
162,149,0.58
150,151,1.00
151,150,1.00
150,152,0.76
152,150,0.76
150,153,0.59
153,150,0.59
150,156,0.60
156,150,0.60
150,157,0.78
157,150,0.78
150,158,0.66
158,150,0.66
150,159,0.62
159,150,0.62
150,160,0.59
160,150,0.59
150,161,0.63
161,150,0.63
150,162,0.61
162,150,0.61
151,152,1.00
152,151,1.00
151,153,0.80
153,151,0.80
151,154,0.67
154,151,0.67
151,155,0.63
155,151,0.63
151,156,0.70
156,151,0.70
151,157,0.82
157,151,0.82
151,158,0.61
158,151,0.61
151,167,0.58
167,151,0.58
152,153,1.00
153,152,1.00
152,154,0.78
154,152,0.78
152,155,0.65
155,152,0.65
152,156,0.64
156,152,0.64
152,157,0.69
157,152,0.69
152,163,0.60
163,152,0.60
152,165,0.61
165,152,0.61
152,166,0.76
166,152,0.76
152,167,0.81
167,152,0.81
152,168,0.67
168,152,0.67
152,169,0.58
169,152,0.58
153,154,1.00
154,153,1.00
153,155,0.72
155,153,0.72
153,156,0.63
156,153,0.63
153,157,0.60
157,153,0.60
153,166,0.66
166,153,0.66
153,167,0.77
167,153,0.77
153,168,0.65
168,153,0.65
154,155,1.00
155,154,1.00
154,156,0.74
156,154,0.74
154,157,0.63
157,154,0.63
154,167,0.71
167,154,0.71
154,168,0.69
168,154,0.69
155,156,1.00
156,155,1.00
155,157,0.73
157,155,0.73
155,158,0.58
158,155,0.58
155,167,0.57
167,155,0.57
155,168,0.62
168,155,0.62
156,157,1.00
157,156,1.00
156,158,0.75
158,156,0.75
157,158,1.00
158,157,1.00
157,159,0.72
159,157,0.72
157,160,0.61
160,157,0.61
157,161,0.67
161,157,0.67
158,159,1.00
159,158,1.00
158,160,0.77
160,158,0.77
158,161,0.78
161,158,0.78
158,162,0.58
162,158,0.58
159,160,1.00
160,159,1.00
159,161,0.79
161,159,0.79
159,162,0.59
162,159,0.59
160,161,1.00
161,160,1.00
160,162,0.74
162,160,0.74
161,162,1.00
162,161,1.00
161,163,0.74
163,161,0.74
161,169,0.59
169,161,0.59
162,163,1.00
163,162,1.00
162,164,0.71
164,162,0.71
162,165,0.60
165,162,0.60
162,169,0.62
169,162,0.62
163,164,1.00
164,163,1.00
163,165,0.83
165,163,0.83
163,166,0.69
166,163,0.69
163,167,0.64
167,163,0.64
163,168,0.64
168,163,0.64
163,169,0.78
169,163,0.78
164,165,1.00
165,164,1.00
164,166,0.73
166,164,0.73
164,167,0.63
167,164,0.63
164,168,0.60
168,164,0.60
164,169,0.68
169,164,0.68
165,166,1.00
166,165,1.00
165,167,0.85
167,165,0.85
165,168,0.75
168,165,0.75
165,169,0.75
169,165,0.75
166,167,1.00
167,166,1.00
166,168,0.72
168,166,0.72
166,169,0.63
169,166,0.63
167,168,1.00
168,167,1.00
167,169,0.74
169,167,0.74
168,169,1.00
169,168,1.00
