2,3,1.00
3,2,1.00
2,4,0.76
4,2,0.76
2,5,0.65
5,2,0.65
3,4,1.00
4,3,1.00
3,5,0.76
5,3,0.76
3,6,0.63
6,3,0.63
4,5,1.00
5,4,1.00
4,6,0.80
6,4,0.80
4,7,0.59
7,4,0.59
5,6,1.00
6,5,1.00
5,7,0.74
7,5,0.74
5,8,0.61
8,5,0.61
6,7,1.00
7,6,1.00
6,8,0.80
8,6,0.80
6,9,0.60
9,6,0.60
7,8,1.00
8,7,1.00
7,9,0.74
9,7,0.74
7,10,0.57
10,7,0.57
8,9,1.00
9,8,1.00
8,10,0.76
10,8,0.76
8,11,0.59
11,8,0.59
9,10,1.00
10,9,1.00
9,11,0.70
11,9,0.70
10,11,1.00
11,10,1.00
10,12,0.71
12,10,0.71
11,12,1.00
12,11,1.00
11,13,0.73
13,11,0.73
11,14,0.60
14,11,0.60
12,13,1.00
13,12,1.00
12,14,0.77
14,12,0.77
12,15,0.59
15,12,0.59
13,14,1.00
14,13,1.00
13,15,0.78
15,13,0.78
13,16,0.58
16,13,0.58
14,15,1.00
15,14,1.00
14,16,0.71
16,14,0.71
15,16,1.00
16,15,1.00
15,17,0.71
17,15,0.71
16,17,1.00
17,16,1.00
16,18,0.76
18,16,0.76
16,19,0.62
19,16,0.62
17,18,1.00
18,17,1.00
17,19,0.71
19,17,0.71
18,19,1.00
19,18,1.00
18,20,0.73
20,18,0.73
18,21,0.74
21,18,0.74
19,20,1.00
20,19,1.00
19,21,0.81
21,19,0.81
19,22,0.62
22,19,0.62
19,23,0.61
23,19,0.61
20,21,1.00
21,20,1.00
20,22,0.82
22,20,0.82
20,23,0.87
23,20,0.87
20,24,0.62
24,20,0.62
20,42,0.60
42,20,0.60
21,22,1.00
22,21,1.00
21,23,0.80
23,21,0.80
21,24,0.58
24,21,0.58
21,42,0.62
42,21,0.62
21,43,0.63
43,21,0.63
22,23,1.00
23,22,1.00
22,24,0.75
24,22,0.75
22,25,0.57
25,22,0.57
22,41,0.66
41,22,0.66
22,42,0.87
42,22,0.87
22,43,0.85
43,22,0.85
22,44,0.64
44,22,0.64
23,24,1.00
24,23,1.00
23,25,0.78
25,23,0.78
23,26,0.61
26,23,0.61
23,40,0.70
40,23,0.70
23,41,0.78
41,23,0.78
23,42,0.87
42,23,0.87
23,43,0.69
43,23,0.69
24,25,1.00
25,24,1.00
24,26,0.74
26,24,0.74
24,27,0.60
27,24,0.60
24,40,0.77
40,24,0.77
24,41,0.90
41,24,0.90
24,42,0.90
42,24,0.90
24,43,0.64
43,24,0.64
25,26,1.00
26,25,1.00
25,27,0.77
27,25,0.77
25,28,0.62
28,25,0.62
25,39,0.62
39,25,0.62
25,40,0.85
40,25,0.85
25,41,0.78
41,25,0.78
25,42,0.66
42,25,0.66
26,27,1.00
27,26,1.00
26,28,0.77
28,26,0.77
26,29,0.58
29,26,0.58
26,38,0.67
38,26,0.67
26,39,0.79
39,26,0.79
26,40,0.98
40,26,0.98
26,41,0.77
41,26,0.77
26,42,0.58
42,26,0.58
27,28,1.00
28,27,1.00
27,29,0.76
29,27,0.76
27,33,0.58
33,27,0.58
27,38,0.61
38,27,0.61
27,39,0.63
39,27,0.63
27,40,0.68
40,27,0.68
27,41,0.61
41,27,0.61
28,29,1.00
29,28,1.00
28,30,0.74
30,28,0.74
28,31,0.59
31,28,0.59
28,32,0.60
32,28,0.60
28,33,0.62
33,28,0.62
29,30,1.00
30,29,1.00
29,31,0.77
31,29,0.77
29,32,0.71
32,29,0.71
29,33,0.64
33,29,0.64
30,31,1.00
31,30,1.00
30,32,0.78
32,30,0.78
30,33,0.64
33,30,0.64
31,32,1.00
32,31,1.00
31,33,0.70
33,31,0.70
32,33,1.00
33,32,1.00
32,34,0.72
34,32,0.72
32,35,0.58
35,32,0.58
33,34,1.00
34,33,1.00
33,35,0.81
35,33,0.81
33,36,0.65
36,33,0.65
33,38,0.59
38,33,0.59
34,35,1.00
35,34,1.00
34,36,0.71
36,34,0.71
34,37,0.61
37,34,0.61
34,38,0.59
38,34,0.59
35,36,1.00
36,35,1.00
35,37,0.88
37,35,0.88
35,38,0.77
38,35,0.77
36,37,1.00
37,36,1.00
36,38,0.81
38,36,0.81
36,39,0.58
39,36,0.58
37,38,1.00
38,37,1.00
37,39,0.72
39,37,0.72
38,39,1.00
39,38,1.00
38,40,0.69
40,38,0.69
39,40,1.00
40,39,1.00
39,41,0.74
41,39,0.74
40,41,1.00
41,40,1.00
40,42,0.71
42,40,0.71
41,42,1.00
42,41,1.00
41,43,0.73
43,41,0.73
41,44,0.60
44,41,0.60
42,43,1.00
43,42,1.00
42,44,0.79
44,42,0.79
42,45,0.67
45,42,0.67
43,44,1.00
44,43,1.00
43,45,0.71
45,43,0.71
44,45,1.00
45,44,1.00
44,46,0.70
46,44,0.70
45,46,1.00
46,45,1.00
45,47,0.78
47,45,0.78
46,47,1.00
47,46,1.00
46,48,0.73
48,46,0.73
46,49,0.57
49,46,0.57
47,48,1.00
48,47,1.00
47,49,0.78
49,47,0.78
47,50,0.61
50,47,0.61
47,51,0.60
51,47,0.60
47,52,0.68
52,47,0.68
47,53,0.65
53,47,0.65
47,54,0.60
54,47,0.60
48,49,1.00
49,48,1.00
48,50,0.81
50,48,0.81
48,51,0.85
51,48,0.85
48,52,0.94
52,48,0.94
48,53,0.80
53,48,0.80
48,54,0.66
54,48,0.66
49,50,1.00
50,49,1.00
49,51,0.84
51,49,0.84
49,52,0.77
52,49,0.77
49,53,0.74
53,49,0.74
50,51,1.00
51,50,1.00
50,52,0.74
52,50,0.74
50,53,0.65
53,50,0.65
51,52,1.00
52,51,1.00
51,53,0.78
53,51,0.78
51,54,0.62
54,51,0.62
52,53,1.00
53,52,1.00
52,54,0.84
54,52,0.84
52,55,0.60
55,52,0.60
53,54,1.00
54,53,1.00
53,55,0.71
55,53,0.71
53,78,0.60
78,53,0.60
53,79,0.60
79,53,0.60
54,55,1.00
55,54,1.00
54,56,0.72
56,54,0.72
54,57,0.61
57,54,0.61
54,78,0.69
78,54,0.69
54,79,0.62
79,54,0.62
55,56,1.00
56,55,1.00
55,57,0.77
57,55,0.77
55,58,0.57
58,55,0.57
55,75,0.63
75,55,0.63
55,76,0.65
76,55,0.65
55,77,0.60
77,55,0.60
55,78,0.71
78,55,0.71
56,57,1.00
57,56,1.00
56,58,0.74
58,56,0.74
56,74,0.59
74,56,0.59
56,75,0.62
75,56,0.62
56,76,0.59
76,56,0.59
57,58,1.00
58,57,1.00
57,59,0.71
59,57,0.71
57,60,0.58
60,57,0.58
57,61,0.59
61,57,0.59
57,73,0.61
73,57,0.61
57,74,0.80
74,57,0.80
57,75,0.77
75,57,0.77
57,76,0.64
76,57,0.64
58,59,1.00
59,58,1.00
58,60,0.74
60,58,0.74
58,61,0.67
61,58,0.67
58,73,0.63
73,58,0.63
58,74,0.80
74,58,0.80
58,75,0.65
75,58,0.65
59,60,1.00
60,59,1.00
59,61,0.77
61,59,0.77
59,73,0.70
73,59,0.70
59,74,0.79
74,59,0.79
59,75,0.59
75,59,0.59
60,61,1.00
61,60,1.00
60,62,0.70
62,60,0.70
60,63,0.60
63,60,0.60
60,69,0.60
69,60,0.60
60,70,0.71
70,60,0.71
60,71,0.59
71,60,0.59
60,72,0.64
72,60,0.64
60,73,0.77
73,60,0.77
60,74,0.79
74,60,0.79
61,62,1.00
62,61,1.00
61,63,0.74
63,61,0.74
61,64,0.64
64,61,0.64
61,69,0.61
69,61,0.61
61,70,0.77
70,61,0.77
61,71,0.67
71,61,0.67
61,72,0.70
72,61,0.70
61,73,0.76
73,61,0.76
61,74,0.87
74,61,0.87
61,75,0.64
75,61,0.64
62,63,1.00
63,62,1.00
62,64,0.77
64,62,0.77
62,65,0.60
65,62,0.60
62,69,0.65
69,62,0.65
62,70,0.79
70,62,0.79
62,71,0.71
71,62,0.71
62,72,0.65
72,62,0.65
62,73,0.61
73,62,0.61
62,74,0.66
74,62,0.66
63,64,1.00
64,63,1.00
63,65,0.76
65,63,0.76
63,66,0.73
66,63,0.73
63,67,0.61
67,63,0.61
63,68,0.63
68,63,0.63
63,69,0.72
69,63,0.72
63,70,0.73
70,63,0.73
63,71,0.61
71,63,0.61
64,65,1.00
65,64,1.00
64,66,0.78
66,64,0.78
64,67,0.59
67,64,0.59
65,66,1.00
66,65,1.00
65,67,0.71
67,65,0.71
65,68,0.58
68,65,0.58
66,67,1.00
67,66,1.00
66,68,0.77
68,66,0.77
66,69,0.66
69,66,0.66
67,68,1.00
68,67,1.00
67,69,0.72
69,67,0.72
67,70,0.58
70,67,0.58
68,69,1.00
69,68,1.00
68,70,0.72
70,68,0.72
69,70,1.00
70,69,1.00
69,71,0.71
71,69,0.71
69,72,0.58
72,69,0.58
70,71,1.00
71,70,1.00
70,72,0.79
72,70,0.79
70,73,0.67
73,70,0.67
70,74,0.60
74,70,0.60
71,72,1.00
72,71,1.00
71,73,0.72
73,71,0.72
71,74,0.61
74,71,0.61
72,73,1.00
73,72,1.00
72,74,0.77
74,72,0.77
72,75,0.69
75,72,0.69
72,76,0.61
76,72,0.61
73,74,1.00
74,73,1.00
73,75,0.81
75,73,0.81
73,76,0.69
76,73,0.69
74,75,1.00
75,74,1.00
74,76,0.72
76,74,0.72
75,76,1.00
76,75,1.00
75,77,0.72
77,75,0.72
75,78,0.61
78,75,0.61
76,77,1.00
77,76,1.00
76,78,0.77
78,76,0.77
76,79,0.57
79,76,0.57
76,80,0.58
80,76,0.58
77,78,1.00
78,77,1.00
77,79,0.74
79,77,0.74
77,80,0.77
80,77,0.77
77,81,0.74
81,77,0.74
77,82,0.58
82,77,0.58
78,79,1.00
79,78,1.00
78,80,0.83
80,78,0.83
78,81,0.69
81,78,0.69
78,82,0.58
82,78,0.58
79,80,1.00
80,79,1.00
79,81,0.77
81,79,0.77
79,82,0.65
82,79,0.65
79,105,0.58
105,79,0.58
80,81,1.00
81,80,1.00
80,82,0.73
82,80,0.73
80,105,0.64
105,80,0.64
81,82,1.00
82,81,1.00
81,83,0.78
83,81,0.78
81,84,0.58
84,81,0.58
81,105,0.64
105,81,0.64
82,83,1.00
83,82,1.00
82,84,0.74
84,82,0.74
82,85,0.59
85,82,0.59
82,86,0.58
86,82,0.58
82,87,0.60
87,82,0.60
82,104,0.58
104,82,0.58
82,105,0.66
105,82,0.66
83,84,1.00
84,83,1.00
83,85,0.82
85,83,0.82
83,86,0.74
86,83,0.74
83,87,0.68
87,83,0.68
83,136,0.66
136,83,0.66
83,137,0.57
137,83,0.57
84,85,1.00
85,84,1.00
84,86,0.82
86,84,0.82
84,87,0.71
87,84,0.71
84,88,0.59
88,84,0.59
84,136,0.60
136,84,0.60
85,86,1.00
86,85,1.00
85,87,0.71
87,85,0.71
85,88,0.58
88,85,0.58
85,135,0.58
135,85,0.58
85,136,0.70
136,85,0.70
86,87,1.00
87,86,1.00
86,88,0.75
88,86,0.75
86,89,0.63
89,86,0.63
86,135,0.64
135,86,0.64
86,136,0.87
136,86,0.87
86,137,0.71
137,86,0.71
86,138,0.62
138,86,0.62
87,88,1.00
88,87,1.00
87,89,0.75
89,87,0.75
87,90,0.66
90,87,0.66
87,104,0.58
104,87,0.58
87,135,0.57
135,87,0.57
87,136,0.79
136,87,0.79
87,137,0.81
137,87,0.81
87,138,0.81
138,87,0.81
87,139,0.63
139,87,0.63
88,89,1.00
89,88,1.00
88,90,0.77
90,88,0.77
88,91,0.59
91,88,0.59
88,136,0.58
136,88,0.58
88,137,0.62
137,88,0.62
88,138,0.72
138,88,0.72
88,139,0.62
139,88,0.62
89,90,1.00
90,89,1.00
89,91,0.79
91,89,0.79
89,92,0.59
92,89,0.59
89,138,0.63
138,89,0.63
89,139,0.61
139,89,0.61
90,91,1.00
91,90,1.00
90,92,0.79
92,90,0.79
90,93,0.58
93,90,0.58
90,138,0.67
138,90,0.67
90,139,0.75
139,90,0.75
90,140,0.67
140,90,0.67
91,92,1.00
92,91,1.00
91,93,0.72
93,91,0.72
91,95,0.58
95,91,0.58
91,139,0.58
139,91,0.58
92,93,1.00
93,92,1.00
92,94,0.72
94,92,0.72
92,95,0.79
95,92,0.79
92,96,0.64
96,92,0.64
92,97,0.58
97,92,0.58
92,139,0.58
139,92,0.58
92,140,0.59
140,92,0.59
93,94,1.00
94,93,1.00
93,95,0.90
95,93,0.90
93,96,0.65
96,93,0.65
94,95,1.00
95,94,1.00
94,96,0.71
96,94,0.71
95,96,1.00
96,95,1.00
95,97,0.71
97,95,0.71
96,97,1.00
97,96,1.00
96,98,0.70
98,96,0.70
96,139,0.58
139,96,0.58
96,140,0.60
140,96,0.60
97,98,1.00
98,97,1.00
97,99,0.70
99,97,0.70
97,137,0.57
137,97,0.57
97,138,0.58
138,97,0.58
97,139,0.73
139,97,0.73
97,140,0.69
140,97,0.69
98,99,1.00
99,98,1.00
98,100,0.72
100,98,0.72
98,101,0.64
101,98,0.64
98,102,0.64
102,98,0.64
98,131,0.65
131,98,0.65
98,132,0.69
132,98,0.69
98,134,0.58
134,98,0.58
98,137,0.62
137,98,0.62
98,138,0.59
138,98,0.59
98,139,0.67
139,98,0.67
98,140,0.61
140,98,0.61
99,100,1.00
100,99,1.00
99,101,0.79
101,99,0.79
99,102,0.76
102,99,0.76
99,106,0.63
106,99,0.63
99,107,0.62
107,99,0.62
99,130,0.68
130,99,0.68
99,131,0.81
131,99,0.81
99,132,0.88
132,99,0.88
99,133,0.73
133,99,0.73
99,134,0.76
134,99,0.76
99,135,0.65
135,99,0.65
99,136,0.61
136,99,0.61
99,137,0.72
137,99,0.72
99,138,0.62
138,99,0.62
99,139,0.63
139,99,0.63
100,101,1.00
101,100,1.00
100,102,0.77
102,100,0.77
100,103,0.57
103,100,0.57
100,106,0.71
106,100,0.71
100,107,0.77
107,100,0.77
100,108,0.61
108,100,0.61
100,127,0.59
127,100,0.59
100,128,0.60
128,100,0.60
100,129,0.67
129,100,0.67
100,130,0.99
130,100,0.99
100,131,1.00
131,100,1.00
100,132,0.86
132,100,0.86
100,133,0.74
133,100,0.74
100,134,0.71
134,100,0.71
100,137,0.61
137,100,0.61
101,102,1.00
102,101,1.00
101,103,0.73
103,101,0.73
101,104,0.61
104,101,0.61
101,105,0.59
105,101,0.59
101,106,0.78
106,101,0.78
101,107,0.99
107,101,0.99
101,108,0.82
108,101,0.82
101,109,0.69
109,101,0.69
101,110,0.58
110,101,0.58
101,127,0.63
127,101,0.63
101,128,0.57
128,101,0.57
101,129,0.61
129,101,0.61
101,130,0.81
130,101,0.81
101,131,0.71
131,101,0.71
101,132,0.60
132,101,0.60
101,134,0.58
134,101,0.58
101,137,0.61
137,101,0.61
101,138,0.60
138,101,0.60
101,141,0.58
141,101,0.58
101,143,0.57
143,101,0.57
102,103,1.00
103,102,1.00
102,104,0.77
104,102,0.77
102,105,0.67
105,102,0.67
102,106,0.84
106,102,0.84
102,107,0.87
107,102,0.87
102,108,0.91
108,102,0.91
102,109,0.67
109,102,0.67
102,130,0.60
130,102,0.60
102,134,0.59
134,102,0.59
102,137,0.76
137,102,0.76
102,138,0.81
138,102,0.81
102,139,0.72
139,102,0.72
102,140,0.62
140,102,0.62
102,141,0.71
141,102,0.71
102,142,0.57
142,102,0.57
102,143,0.60
143,102,0.60
103,104,1.00
104,103,1.00
103,105,0.73
105,103,0.73
103,106,0.76
106,103,0.76
103,107,0.75
107,103,0.75
103,108,1.00
108,103,1.00
103,109,0.71
109,103,0.71
103,137,0.68
137,103,0.68
103,138,0.83
138,103,0.83
103,139,0.68
139,103,0.68
103,140,0.60
140,103,0.60
103,141,0.74
141,103,0.74
103,142,0.60
142,103,0.60
103,143,0.63
143,103,0.63
104,105,1.00
105,104,1.00
104,106,0.84
106,104,0.84
104,107,0.73
107,104,0.73
104,108,0.91
108,104,0.91
104,109,0.66
109,104,0.66
104,137,0.65
137,104,0.65
104,138,0.71
138,104,0.71
105,106,1.00
106,105,1.00
105,107,0.78
107,105,0.78
105,108,0.78
108,105,0.78
105,109,0.61
109,105,0.61
105,137,0.61
137,105,0.61
105,138,0.58
138,105,0.58
106,107,1.00
107,106,1.00
106,108,0.84
108,106,0.84
106,109,0.62
109,106,0.62
106,130,0.62
130,106,0.62
106,133,0.59
133,106,0.59
106,134,0.69
134,106,0.69
106,136,0.60
136,106,0.60
106,137,0.71
137,106,0.71
106,138,0.63
138,106,0.63
107,108,1.00
108,107,1.00
107,109,0.80
109,107,0.80
107,110,0.61
110,107,0.61
107,127,0.58
127,107,0.58
107,129,0.60
129,107,0.60
107,130,0.73
130,107,0.73
107,131,0.59
131,107,0.59
107,137,0.58
137,107,0.58
108,109,1.00
109,108,1.00
108,110,0.70
110,108,0.70
108,138,0.61
138,108,0.61
108,141,0.59
141,108,0.59
108,143,0.61
143,108,0.61
109,110,1.00
110,109,1.00
109,111,0.72
111,109,0.72
109,143,0.64
143,109,0.64
109,144,0.59
144,109,0.59
109,145,0.65
145,109,0.65
109,146,0.61
146,109,0.61
110,111,1.00
111,110,1.00
110,112,0.74
112,110,0.74
110,125,0.62
125,110,0.62
110,127,0.58
127,110,0.58
110,143,0.67
143,110,0.67
110,144,0.71
144,110,0.71
110,145,0.84
145,110,0.84
110,146,0.85
146,110,0.85
110,147,0.61
147,110,0.61
111,112,1.00
112,111,1.00
111,113,0.72
113,111,0.72
111,114,0.63
114,111,0.63
111,115,0.58
115,111,0.58
111,120,0.61
120,111,0.61
111,121,0.63
121,111,0.63
111,125,0.61
125,111,0.61
111,143,0.58
143,111,0.58
111,144,0.68
144,111,0.68
111,145,0.74
145,111,0.74
111,146,0.91
146,111,0.91
111,147,0.69
147,111,0.69
111,148,0.61
148,111,0.61
112,113,1.00
113,112,1.00
112,114,0.79
114,112,0.79
112,115,0.64
115,112,0.64
112,120,0.60
120,112,0.60
112,121,0.70
121,112,0.70
112,122,0.60
122,112,0.60
112,143,0.58
143,112,0.58
112,144,0.75
144,112,0.75
112,145,0.74
145,112,0.74
112,146,0.89
146,112,0.89
112,147,0.83
147,112,0.83
112,148,0.75
148,112,0.75
112,149,0.57
149,112,0.57
113,114,1.00
114,113,1.00
113,115,0.76
115,113,0.76
113,120,0.68
120,113,0.68
113,121,0.91
121,113,0.91
113,122,0.72
122,113,0.72
113,123,0.58
123,113,0.58
113,144,0.58
144,113,0.58
113,145,0.58
145,113,0.58
113,146,0.71
146,113,0.71
113,147,0.81
147,113,0.81
113,148,0.96
148,113,0.96
113,149,0.69
149,113,0.69
113,150,0.62
150,113,0.62
113,152,0.57
152,113,0.57
114,115,1.00
115,114,1.00
114,116,0.71
116,114,0.71
114,120,0.66
120,114,0.66
114,121,0.78
121,114,0.78
114,122,0.59
122,114,0.59
114,147,0.58
147,114,0.58
114,148,0.67
148,114,0.67
115,116,1.00
116,115,1.00
115,117,0.76
117,115,0.76
115,118,0.66
118,115,0.66
115,119,0.68
119,115,0.68
115,120,0.81
120,115,0.81
115,121,0.80
121,115,0.80
115,122,0.58
122,115,0.58
115,148,0.58
148,115,0.58
116,117,1.00
117,116,1.00
116,118,0.76
118,116,0.76
116,119,0.66
119,116,0.66
116,120,0.67
120,116,0.67
116,121,0.61
121,116,0.61
117,118,1.00
118,117,1.00
117,119,0.75
119,117,0.75
117,120,0.65
120,117,0.65
118,119,1.00
119,118,1.00
118,120,0.73
120,118,0.73
118,121,0.58
121,118,0.58
119,120,1.00
120,119,1.00
119,121,0.71
121,119,0.71
119,122,0.61
122,119,0.61
120,121,1.00
121,120,1.00
120,122,0.76
122,120,0.76
120,123,0.64
123,120,0.64
120,148,0.63
148,120,0.63
121,122,1.00
122,121,1.00
121,123,0.72
123,121,0.72
121,124,0.58
124,121,0.58
121,146,0.61
146,121,0.61
121,147,0.68
147,121,0.68
121,148,0.88
148,121,0.88
121,149,0.65
149,121,0.65
121,150,0.58
150,121,0.58
122,123,1.00
123,122,1.00
122,124,0.73
124,122,0.73
122,125,0.59
125,122,0.59
122,146,0.61
146,122,0.61
122,147,0.72
147,122,0.72
122,148,0.96
148,122,0.96
122,149,0.76
149,122,0.76
122,150,0.62
150,122,0.62
123,124,1.00
124,123,1.00
123,125,0.72
125,123,0.72
123,146,0.61
146,123,0.61
123,147,0.68
147,123,0.68
123,148,0.75
148,123,0.75
123,149,0.65
149,123,0.65
124,125,1.00
125,124,1.00
124,126,0.74
126,124,0.74
124,146,0.69
146,124,0.69
124,147,0.71
147,124,0.71
124,148,0.65
148,124,0.65
124,149,0.58
149,124,0.58
125,126,1.00
126,125,1.00
125,127,0.75
127,125,0.75
125,128,0.58
128,125,0.58
125,145,0.62
145,125,0.62
125,146,0.76
146,125,0.76
125,147,0.65
147,125,0.65
126,127,1.00
127,126,1.00
126,128,0.79
128,126,0.79
126,129,0.65
129,126,0.65
126,146,0.60
146,126,0.60
127,128,1.00
128,127,1.00
127,129,0.82
129,127,0.82
127,130,0.73
130,127,0.73
127,131,0.59
131,127,0.59
127,145,0.59
145,127,0.59
127,146,0.58
146,127,0.58
128,129,1.00
129,128,1.00
128,130,0.80
130,128,0.80
128,131,0.68
131,128,0.68
129,130,1.00
130,129,1.00
129,131,0.74
131,129,0.74
130,131,1.00
131,130,1.00
130,132,0.72
132,130,0.72
130,133,0.66
133,130,0.66
130,134,0.58
134,130,0.58
131,132,1.00
132,131,1.00
131,133,0.77
133,131,0.77
131,134,0.63
134,131,0.63
132,133,1.00
133,132,1.00
132,134,0.77
134,132,0.77
132,135,0.63
135,132,0.63
133,134,1.00
134,133,1.00
133,135,0.74
135,133,0.74
133,136,0.59
136,133,0.59
133,137,0.57
137,133,0.57
134,135,1.00
135,134,1.00
134,136,0.82
136,134,0.82
134,137,0.76
137,134,0.76
135,136,1.00
136,135,1.00
135,137,0.76
137,135,0.76
136,137,1.00
137,136,1.00
136,138,0.70
138,136,0.70
136,139,0.59
139,136,0.59
137,138,1.00
138,137,1.00
137,139,0.76
139,137,0.76
138,139,1.00
139,138,1.00
138,140,0.71
140,138,0.71
138,141,0.72
141,138,0.72
139,140,1.00
140,139,1.00
139,141,0.85
141,139,0.85
139,142,0.61
142,139,0.61
140,141,1.00
141,140,1.00
140,142,0.75
142,140,0.75
140,143,0.59
143,140,0.59
141,142,1.00
142,141,1.00
141,143,0.78
143,141,0.78
142,143,1.00
143,142,1.00
142,144,0.72
144,142,0.72
142,145,0.58
145,142,0.58
143,144,1.00
144,143,1.00
143,145,0.79
145,143,0.79
143,146,0.59
146,143,0.59
144,145,1.00
145,144,1.00
144,146,0.75
146,144,0.75
144,147,0.67
147,144,0.67
145,146,1.00
146,145,1.00
145,147,0.78
147,145,0.78
145,148,0.58
148,145,0.58
146,147,1.00
147,146,1.00
146,148,0.73
148,146,0.73
146,149,0.58
149,146,0.58
147,148,1.00
148,147,1.00
147,149,0.81
149,147,0.81
147,150,0.60
150,147,0.60
147,151,0.57
151,147,0.57
147,152,0.60
152,147,0.60
148,149,1.00
149,148,1.00
148,150,0.75
150,148,0.75
148,151,0.63
151,148,0.63
148,152,0.61
152,148,0.61
149,150,1.00
150,149,1.00
149,151,0.85
151,149,0.85
149,152,0.71
152,149,0.71
150,151,1.00
151,150,1.00
150,152,0.76
152,150,0.76
151,152,1.00
152,151,1.00
151,153,0.74
153,151,0.74
151,154,0.57
154,151,0.57
152,153,1.00
153,152,1.00
152,154,0.76
154,152,0.76
152,155,0.61
155,152,0.61
153,154,1.00
154,153,1.00
153,155,0.80
155,153,0.80
153,156,0.61
156,153,0.61
154,155,1.00
155,154,1.00
154,156,0.76
156,154,0.76
155,156,1.00
156,155,1.00
155,157,0.71
157,155,0.71
156,157,1.00
157,156,1.00
156,158,0.73
158,156,0.73
157,158,1.00
158,157,1.00
157,159,0.70
159,157,0.70
157,160,0.67
160,157,0.67
158,159,1.00
159,158,1.00
158,160,0.80
160,158,0.80
158,161,0.60
161,158,0.60
159,160,1.00
160,159,1.00
159,161,0.77
161,159,0.77
160,161,1.00
161,160,1.00
160,162,0.72
162,160,0.72
161,162,1.00
162,161,1.00
161,163,0.73
163,161,0.73
162,163,1.00
163,162,1.00
162,164,0.73
164,162,0.73
162,167,0.63
167,162,0.63
162,168,0.61
168,162,0.61
162,169,0.62
169,162,0.62
163,164,1.00
164,163,1.00
163,165,0.75
165,163,0.75
163,166,0.64
166,163,0.64
163,167,0.71
167,163,0.71
163,168,0.64
168,163,0.64
163,169,0.57
169,163,0.57
164,165,1.00
165,164,1.00
164,166,0.84
166,164,0.84
164,167,0.85
167,164,0.85
164,168,0.65
168,164,0.65
165,166,1.00
166,165,1.00
165,167,0.78
167,165,0.78
165,168,0.62
168,165,0.62
166,167,1.00
167,166,1.00
166,168,0.73
168,166,0.73
166,169,0.57
169,166,0.57
167,168,1.00
168,167,1.00
167,169,0.78
169,167,0.78
168,169,1.00
169,168,1.00
