2,3,1.00
3,2,1.00
2,4,0.77
4,2,0.77
2,5,0.57
5,2,0.57
3,4,1.00
4,3,1.00
3,5,0.75
5,3,0.75
4,5,1.00
5,4,1.00
4,6,0.73
6,4,0.73
5,6,1.00
6,5,1.00
5,7,0.74
7,5,0.74
5,8,0.60
8,5,0.60
6,7,1.00
7,6,1.00
6,8,0.82
8,6,0.82
6,9,0.60
9,6,0.60
7,8,1.00
8,7,1.00
7,9,0.71
9,7,0.71
8,9,1.00
9,8,1.00
8,10,0.73
10,8,0.73
8,11,0.76
11,8,0.76
8,12,0.59
12,8,0.59
9,10,1.00
10,9,1.00
9,11,0.82
11,9,0.82
9,12,0.62
12,9,0.62
9,13,0.58
13,9,0.58
9,14,0.59
14,9,0.59
10,11,1.00
11,10,1.00
10,12,0.75
12,10,0.75
10,13,0.72
13,10,0.72
10,14,0.73
14,10,0.73
11,12,1.00
12,11,1.00
11,13,0.77
13,11,0.77
11,14,0.65
14,11,0.65
12,13,1.00
13,12,1.00
12,14,0.71
14,12,0.71
12,15,0.58
15,12,0.58
13,14,1.00
14,13,1.00
13,15,0.77
15,13,0.77
14,15,1.00
15,14,1.00
14,16,0.74
16,14,0.74
14,17,0.59
17,14,0.59
15,16,1.00
16,15,1.00
15,17,0.79
17,15,0.79
15,18,0.60
18,15,0.60
16,17,1.00
17,16,1.00
16,18,0.77
18,16,0.77
16,19,0.58
19,16,0.58
17,18,1.00
18,17,1.00
17,19,0.74
19,17,0.74
18,19,1.00
19,18,1.00
18,20,0.73
20,18,0.73
18,21,0.70
21,18,0.70
18,22,0.59
22,18,0.59
18,42,0.60
42,18,0.60
19,20,1.00
20,19,1.00
19,21,0.80
21,19,0.80
19,22,0.64
22,19,0.64
19,23,0.66
23,19,0.66
19,40,0.63
40,19,0.63
19,42,0.63
42,19,0.63
20,21,1.00
21,20,1.00
20,22,0.77
22,20,0.77
20,23,0.83
23,20,0.83
20,24,0.74
24,20,0.74
20,25,0.64
25,20,0.64
20,40,0.62
40,20,0.62
20,41,0.59
41,20,0.59
20,42,0.66
42,20,0.66
20,45,0.57
45,20,0.57
21,22,1.00
22,21,1.00
21,23,0.84
23,21,0.84
21,24,0.69
24,21,0.69
21,41,0.58
41,21,0.58
21,42,0.72
42,21,0.72
21,43,0.60
43,21,0.60
21,44,0.64
44,21,0.64
21,45,0.74
45,21,0.74
21,46,0.60
46,21,0.60
22,23,1.00
23,22,1.00
22,24,0.73
24,22,0.73
22,40,0.61
40,22,0.61
22,41,0.71
41,22,0.71
22,42,0.95
42,22,0.95
22,43,0.83
43,22,0.83
22,44,0.90
44,22,0.90
22,45,0.93
45,22,0.93
22,46,0.66
46,22,0.66
22,47,0.57
47,22,0.57
23,24,1.00
24,23,1.00
23,25,0.78
25,23,0.78
23,26,0.58
26,23,0.58
23,38,0.58
38,23,0.58
23,39,0.61
39,23,0.61
23,40,0.74
40,23,0.74
23,41,0.84
41,23,0.84
23,42,0.90
42,23,0.90
23,43,0.74
43,23,0.74
23,44,0.72
44,23,0.72
23,45,0.71
45,23,0.71
23,46,0.57
46,23,0.57
24,25,1.00
25,24,1.00
24,26,0.75
26,24,0.75
24,27,0.58
27,24,0.58
24,38,0.60
38,24,0.60
24,40,0.61
40,24,0.61
24,41,0.64
41,24,0.64
24,42,0.63
42,24,0.63
24,44,0.58
44,24,0.58
24,45,0.63
45,24,0.63
25,26,1.00
26,25,1.00
25,27,0.73
27,25,0.73
25,28,0.63
28,25,0.63
25,35,0.61
35,25,0.61
25,36,0.58
36,25,0.58
25,37,0.59
37,25,0.59
25,38,0.82
38,25,0.82
25,39,0.68
39,25,0.68
25,40,0.66
40,25,0.66
25,41,0.63
41,25,0.63
26,27,1.00
27,26,1.00
26,28,0.76
28,26,0.76
26,29,0.61
29,26,0.61
26,34,0.62
34,26,0.62
26,35,0.74
35,26,0.74
26,36,0.63
36,26,0.63
26,37,0.57
37,26,0.57
26,38,0.71
38,26,0.71
27,28,1.00
28,27,1.00
27,29,0.79
29,27,0.79
27,30,0.62
30,27,0.62
27,34,0.65
34,27,0.65
27,35,0.74
35,27,0.74
27,36,0.62
36,27,0.62
27,38,0.63
38,27,0.63
28,29,1.00
29,28,1.00
28,30,0.73
30,28,0.73
28,34,0.71
34,28,0.71
28,35,0.85
35,28,0.85
28,36,0.80
36,28,0.80
28,37,0.67
37,28,0.67
28,38,0.69
38,28,0.69
29,30,1.00
30,29,1.00
29,31,0.73
31,29,0.73
29,32,0.60
32,29,0.60
29,33,0.60
33,29,0.60
29,34,0.81
34,29,0.81
29,35,0.80
35,29,0.80
29,36,0.69
36,29,0.69
30,31,1.00
31,30,1.00
30,32,0.78
32,30,0.78
30,33,0.79
33,30,0.79
30,34,1.00
34,30,1.00
30,35,0.80
35,30,0.80
30,36,0.66
36,30,0.66
31,32,1.00
32,31,1.00
31,33,0.83
33,31,0.83
31,34,0.84
34,31,0.84
31,35,0.62
35,31,0.62
31,68,0.65
68,31,0.65
32,33,1.00
33,32,1.00
32,34,0.84
34,32,0.84
32,35,0.61
35,32,0.61
32,65,0.57
65,32,0.57
32,66,0.59
66,32,0.59
32,67,0.63
67,32,0.63
32,68,0.82
68,32,0.82
32,69,0.69
69,32,0.69
32,70,0.59
70,32,0.59
33,34,1.00
34,33,1.00
33,35,0.72
35,33,0.72
33,68,0.61
68,33,0.61
34,35,1.00
35,34,1.00
34,36,0.72
36,34,0.72
35,36,1.00
36,35,1.00
35,37,0.70
37,35,0.70
35,38,0.68
38,35,0.68
36,37,1.00
37,36,1.00
36,38,0.81
38,36,0.81
36,39,0.61
39,36,0.61
37,38,1.00
38,37,1.00
37,39,0.81
39,37,0.81
37,40,0.59
40,37,0.59
38,39,1.00
39,38,1.00
38,40,0.74
40,38,0.74
38,41,0.63
41,38,0.63
39,40,1.00
40,39,1.00
39,41,0.78
41,39,0.78
39,42,0.59
42,39,0.59
40,41,1.00
41,40,1.00
40,42,0.80
42,40,0.80
40,43,0.61
43,40,0.61
41,42,1.00
42,41,1.00
41,43,0.83
43,41,0.83
41,44,0.63
44,41,0.63
42,43,1.00
43,42,1.00
42,44,0.77
44,42,0.77
42,45,0.64
45,42,0.64
43,44,1.00
44,43,1.00
43,45,0.70
45,43,0.70
44,45,1.00
45,44,1.00
44,46,0.71
46,44,0.71
44,47,0.59
47,44,0.59
45,46,1.00
46,45,1.00
45,47,0.80
47,45,0.80
45,48,0.59
48,45,0.59
46,47,1.00
47,46,1.00
46,48,0.71
48,46,0.71
46,49,0.63
49,46,0.63
47,48,1.00
48,47,1.00
47,49,0.80
49,47,0.80
47,50,0.66
50,47,0.66
47,51,0.58
51,47,0.58
48,49,1.00
49,48,1.00
48,50,0.71
50,48,0.71
48,51,0.60
51,48,0.60
49,50,1.00
50,49,1.00
49,51,0.81
51,49,0.81
49,52,0.65
52,49,0.65
50,51,1.00
51,50,1.00
50,52,0.71
52,50,0.71
50,53,0.57
53,50,0.57
51,52,1.00
52,51,1.00
51,53,0.79
53,51,0.79
51,54,0.62
54,51,0.62
52,53,1.00
53,52,1.00
52,54,0.77
54,52,0.77
52,55,0.63
55,52,0.63
52,56,0.59
56,52,0.59
53,54,1.00
54,53,1.00
53,55,0.76
55,53,0.76
53,56,0.66
56,53,0.66
54,55,1.00
55,54,1.00
54,56,0.73
56,54,0.73
55,56,1.00
56,55,1.00
55,57,0.75
57,55,0.75
55,58,0.60
58,55,0.60
55,78,0.62
78,55,0.62
56,57,1.00
57,56,1.00
56,58,0.77
58,56,0.77
56,74,0.61
74,56,0.61
57,58,1.00
58,57,1.00
57,59,0.70
59,57,0.70
57,60,0.68
60,57,0.68
57,61,0.65
61,57,0.65
57,73,0.70
73,57,0.70
57,74,0.84
74,57,0.84
57,75,0.63
75,57,0.63
57,76,0.58
76,57,0.58
58,59,1.00
59,58,1.00
58,60,0.84
60,58,0.84
58,61,0.75
61,58,0.75
58,70,0.57
70,58,0.57
58,73,0.60
73,58,0.60
58,74,0.74
74,58,0.74
59,60,1.00
60,59,1.00
59,61,0.79
61,59,0.79
59,70,0.64
70,59,0.64
59,74,0.62
74,59,0.62
60,61,1.00
61,60,1.00
60,62,0.72
62,60,0.72
60,63,0.59
63,60,0.59
60,64,0.61
64,60,0.61
60,65,0.61
65,60,0.61
60,66,0.70
66,60,0.70
60,67,0.57
67,60,0.57
60,68,0.58
68,60,0.58
60,69,0.65
69,60,0.65
60,70,0.85
70,60,0.85
60,71,0.70
71,60,0.70
60,72,0.67
72,60,0.67
60,73,0.67
73,60,0.67
60,74,0.75
74,60,0.75
61,62,1.00
62,61,1.00
61,63,0.77
63,61,0.77
61,64,0.71
64,61,0.71
61,65,0.64
65,61,0.64
61,66,0.67
66,61,0.67
61,70,0.67
70,61,0.67
61,71,0.65
71,61,0.65
61,72,0.67
72,61,0.67
61,73,0.67
73,61,0.67
61,74,0.84
74,61,0.84
61,75,0.67
75,61,0.67
62,63,1.00
63,62,1.00
62,64,0.77
64,62,0.77
62,65,0.65
65,62,0.65
62,66,0.69
66,62,0.69
62,70,0.60
70,62,0.60
62,71,0.66
71,62,0.66
62,72,0.72
72,62,0.72
62,73,0.66
73,62,0.66
62,74,0.78
74,62,0.78
62,75,0.75
75,62,0.75
62,76,0.58
76,62,0.58
63,64,1.00
64,63,1.00
63,65,0.75
65,63,0.75
63,66,0.68
66,63,0.68
63,71,0.57
71,63,0.57
63,72,0.57
72,63,0.57
63,74,0.57
74,63,0.57
64,65,1.00
65,64,1.00
64,66,0.76
66,64,0.76
65,66,1.00
66,65,1.00
65,67,0.74
67,65,0.74
65,68,0.63
68,65,0.63
65,70,0.63
70,65,0.63
65,71,0.65
71,65,0.65
66,67,1.00
67,66,1.00
66,68,0.79
68,66,0.79
66,69,0.68
69,66,0.68
66,70,0.85
70,66,0.85
66,71,0.94
71,66,0.94
66,72,0.69
72,66,0.69
67,68,1.00
68,67,1.00
67,69,0.77
69,67,0.77
67,70,0.82
70,67,0.82
67,71,0.91
71,67,0.91
67,72,0.64
72,67,0.64
68,69,1.00
69,68,1.00
68,70,0.85
70,68,0.85
68,71,0.74
71,68,0.74
69,70,1.00
70,69,1.00
69,71,0.75
71,69,0.75
69,72,0.59
72,69,0.59
70,71,1.00
71,70,1.00
70,72,0.78
72,70,0.78
70,73,0.67
73,70,0.67
70,74,0.61
74,70,0.61
71,72,1.00
72,71,1.00
71,73,0.72
73,71,0.72
71,74,0.62
74,71,0.62
72,73,1.00
73,72,1.00
72,74,0.78
74,72,0.78
72,75,0.73
75,72,0.73
72,76,0.72
76,72,0.72
73,74,1.00
74,73,1.00
73,75,0.87
75,73,0.87
73,76,0.92
76,73,0.92
73,77,0.70
77,73,0.70
73,78,0.62
78,73,0.62
74,75,1.00
75,74,1.00
74,76,0.80
76,74,0.80
74,77,0.63
77,74,0.63
75,76,1.00
76,75,1.00
75,77,0.71
77,75,0.71
76,77,1.00
77,76,1.00
76,78,0.72
78,76,0.72
76,79,0.58
79,76,0.58
76,80,0.59
80,76,0.59
77,78,1.00
78,77,1.00
77,79,0.80
79,77,0.80
77,80,0.81
80,77,0.81
77,81,0.71
81,77,0.71
77,82,0.60
82,77,0.60
78,79,1.00
79,78,1.00
78,80,0.85
80,78,0.85
78,81,0.64
81,78,0.64
79,80,1.00
80,79,1.00
79,81,0.77
81,79,0.77
79,82,0.58
82,79,0.58
80,81,1.00
81,80,1.00
80,82,0.78
82,80,0.78
80,83,0.60
83,80,0.60
81,82,1.00
82,81,1.00
81,83,0.80
83,81,0.80
81,84,0.67
84,81,0.67
82,83,1.00
83,82,1.00
82,84,0.70
84,82,0.70
82,85,0.57
85,82,0.57
82,86,0.62
86,82,0.62
82,135,0.59
135,82,0.59
83,84,1.00
84,83,1.00
83,85,0.78
85,83,0.78
83,86,0.84
86,83,0.84
83,87,0.60
87,83,0.60
83,135,0.60
135,83,0.60
83,136,0.63
136,83,0.63
84,85,1.00
85,84,1.00
84,86,0.82
86,84,0.82
84,87,0.62
87,84,0.62
84,88,0.57
88,84,0.57
85,86,1.00
86,85,1.00
85,87,0.79
87,85,0.79
85,88,0.65
88,85,0.65
85,136,0.58
136,85,0.58
86,87,1.00
87,86,1.00
86,88,0.77
88,86,0.77
86,89,0.58
89,86,0.58
86,135,0.67
135,86,0.67
86,136,0.81
136,86,0.81
86,137,0.64
137,86,0.64
87,88,1.00
88,87,1.00
87,89,0.75
89,87,0.75
87,90,0.67
90,87,0.67
87,91,0.58
91,87,0.58
87,135,0.59
135,87,0.59
87,136,0.75
136,87,0.75
87,137,0.66
137,87,0.66
87,138,0.63
138,87,0.63
87,139,0.59
139,87,0.59
88,89,1.00
89,88,1.00
88,90,0.78
90,88,0.78
88,91,0.61
91,88,0.61
88,136,0.65
136,88,0.65
88,137,0.66
137,88,0.66
88,138,0.70
138,88,0.70
88,139,0.62
139,88,0.62
89,90,1.00
90,89,1.00
89,91,0.74
91,89,0.74
89,138,0.64
138,89,0.64
89,139,0.60
139,89,0.60
90,91,1.00
91,90,1.00
90,92,0.77
92,90,0.77
90,93,0.57
93,90,0.57
90,138,0.67
138,90,0.67
90,139,0.72
139,90,0.72
90,140,0.63
140,90,0.63
91,92,1.00
92,91,1.00
91,93,0.73
93,91,0.73
91,95,0.57
95,91,0.57
91,139,0.59
139,91,0.59
92,93,1.00
93,92,1.00
92,94,0.74
94,92,0.74
92,95,0.76
95,92,0.76
92,96,0.62
96,92,0.62
92,139,0.59
139,92,0.59
92,140,0.60
140,92,0.60
93,94,1.00
94,93,1.00
93,95,0.86
95,93,0.86
93,96,0.65
96,93,0.65
94,95,1.00
95,94,1.00
94,96,0.70
96,94,0.70
95,96,1.00
96,95,1.00
95,97,0.72
97,95,0.72
95,140,0.61
140,95,0.61
96,97,1.00
97,96,1.00
96,98,0.71
98,96,0.71
96,139,0.61
139,96,0.61
96,140,0.64
140,96,0.64
97,98,1.00
98,97,1.00
97,99,0.75
99,97,0.75
97,139,0.77
139,97,0.77
97,140,0.76
140,97,0.76
97,141,0.62
141,97,0.62
98,99,1.00
99,98,1.00
98,100,0.75
100,98,0.75
98,101,0.65
101,98,0.65
98,102,0.67
102,98,0.67
98,133,0.63
133,98,0.63
98,139,0.68
139,98,0.68
98,140,0.68
140,98,0.68
98,141,0.62
141,98,0.62
98,142,0.61
142,98,0.61
99,100,1.00
100,99,1.00
99,101,0.81
101,99,0.81
99,102,0.78
102,99,0.78
99,105,0.61
105,99,0.61
99,106,0.63
106,99,0.63
99,130,0.60
130,99,0.60
99,131,0.64
131,99,0.64
99,132,0.67
132,99,0.67
99,133,0.89
133,99,0.89
99,134,0.72
134,99,0.72
99,135,0.59
135,99,0.59
99,136,0.60
136,99,0.60
99,137,0.65
137,99,0.65
99,139,0.64
139,99,0.64
99,140,0.58
140,99,0.58
100,101,1.00
101,100,1.00
100,102,0.75
102,100,0.75
100,103,0.58
103,100,0.58
100,105,0.58
105,100,0.58
100,106,0.68
106,100,0.68
100,107,0.65
107,100,0.65
100,127,0.58
127,100,0.58
100,128,0.62
128,100,0.62
100,129,0.61
129,100,0.61
100,130,0.83
130,100,0.83
100,131,0.83
131,100,0.83
100,132,0.77
132,100,0.77
100,133,0.90
133,100,0.90
100,134,0.67
134,100,0.67
101,102,1.00
102,101,1.00
101,103,0.79
103,101,0.79
101,104,0.64
104,101,0.64
101,105,0.68
105,101,0.68
101,106,0.82
106,101,0.82
101,107,0.88
107,101,0.88
101,108,0.68
108,101,0.68
101,127,0.66
127,101,0.66
101,128,0.62
128,101,0.62
101,129,0.58
129,101,0.58
101,130,0.75
130,101,0.75
101,131,0.64
131,101,0.64
101,132,0.60
132,101,0.60
101,133,0.73
133,101,0.73
101,134,0.64
134,101,0.64
101,137,0.59
137,101,0.59
101,142,0.64
142,101,0.64
101,143,0.65
143,101,0.65
102,103,1.00
103,102,1.00
102,104,0.81
104,102,0.81
102,105,0.85
105,102,0.85
102,106,0.83
106,102,0.83
102,107,0.82
107,102,0.82
102,108,0.60
108,102,0.60
102,133,0.65
133,102,0.65
102,134,0.65
134,102,0.65
102,136,0.59
136,102,0.59
102,137,0.76
137,102,0.76
102,138,0.72
138,102,0.72
102,139,0.68
139,102,0.68
102,140,0.63
140,102,0.63
102,141,0.64
141,102,0.64
102,142,0.71
142,102,0.71
102,143,0.72
143,102,0.72
103,104,1.00
104,103,1.00
103,105,0.79
105,103,0.79
103,106,0.78
106,103,0.78
103,107,0.92
107,103,0.92
103,108,0.67
108,103,0.67
103,137,0.65
137,103,0.65
103,138,0.66
138,103,0.66
103,141,0.59
141,103,0.59
103,142,0.68
142,103,0.68
103,143,0.83
143,103,0.83
103,144,0.64
144,103,0.64
103,145,0.58
145,103,0.58
104,105,1.00
105,104,1.00
104,106,0.82
106,104,0.82
104,107,0.81
107,104,0.81
104,108,0.61
108,104,0.61
104,134,0.58
134,104,0.58
104,136,0.58
136,104,0.58
104,137,0.73
137,104,0.73
104,138,0.70
138,104,0.70
104,143,0.60
143,104,0.60
105,106,1.00
106,105,1.00
105,107,0.77
107,105,0.77
105,108,0.57
108,105,0.57
105,133,0.65
133,105,0.65
105,134,0.80
134,105,0.80
105,135,0.67
135,105,0.67
105,136,0.77
136,105,0.77
105,137,0.95
137,105,0.95
105,138,0.73
138,105,0.73
105,139,0.60
139,105,0.60
106,107,1.00
107,106,1.00
106,108,0.73
108,106,0.73
106,130,0.61
130,106,0.61
106,132,0.59
132,106,0.59
106,133,0.73
133,106,0.73
106,134,0.82
134,106,0.82
106,135,0.61
135,106,0.61
106,136,0.61
136,106,0.61
106,137,0.69
137,106,0.69
107,108,1.00
108,107,1.00
107,109,0.70
109,107,0.70
107,110,0.63
110,107,0.63
107,127,0.61
127,107,0.61
107,130,0.63
130,107,0.63
107,133,0.59
133,107,0.59
107,134,0.59
134,107,0.59
107,143,0.62
143,107,0.62
108,109,1.00
109,108,1.00
108,110,0.78
110,108,0.78
108,111,0.60
111,108,0.60
108,126,0.60
126,108,0.60
108,127,0.68
127,108,0.68
108,130,0.63
130,108,0.63
108,145,0.59
145,108,0.59
109,110,1.00
110,109,1.00
109,111,0.78
111,109,0.78
109,112,0.58
112,109,0.58
109,125,0.65
125,109,0.65
109,126,0.61
126,109,0.61
109,127,0.61
127,109,0.61
109,145,0.60
145,109,0.60
109,146,0.58
146,109,0.58
110,111,1.00
111,110,1.00
110,112,0.78
112,110,0.78
110,113,0.57
113,110,0.57
110,115,0.59
115,110,0.59
110,125,0.66
125,110,0.66
110,126,0.57
126,110,0.57
110,145,0.72
145,110,0.72
110,146,0.78
146,110,0.78
110,147,0.62
147,110,0.62
110,148,0.59
148,110,0.59
111,112,1.00
112,111,1.00
111,113,0.71
113,111,0.71
111,114,0.68
114,111,0.68
111,115,0.76
115,111,0.76
111,116,0.57
116,111,0.57
111,124,0.61
124,111,0.61
111,125,0.76
125,111,0.76
111,126,0.59
126,111,0.59
111,145,0.69
145,111,0.69
111,146,0.82
146,111,0.82
111,147,0.74
147,111,0.74
111,148,0.78
148,111,0.78
112,113,1.00
113,112,1.00
112,114,0.83
114,112,0.83
112,115,0.79
115,112,0.79
112,116,0.57
116,112,0.57
112,125,0.60
125,112,0.60
112,145,0.65
145,112,0.65
112,146,0.91
146,112,0.91
112,147,0.91
147,112,0.91
112,148,0.95
148,112,0.95
112,149,0.66
149,112,0.66
113,114,1.00
114,113,1.00
113,115,0.85
115,113,0.85
113,116,0.64
116,113,0.64
113,146,0.67
146,113,0.67
113,147,0.77
147,113,0.77
113,148,0.97
148,113,0.97
113,149,0.75
149,113,0.75
113,150,0.70
150,113,0.70
113,151,0.60
151,113,0.60
113,152,0.62
152,113,0.62
114,115,1.00
115,114,1.00
114,116,0.77
116,114,0.77
114,117,0.59
117,114,0.59
114,147,0.58
147,114,0.58
114,148,0.70
148,114,0.70
115,116,1.00
116,115,1.00
115,117,0.79
117,115,0.79
115,118,0.59
118,115,0.59
115,147,0.58
147,115,0.58
115,148,0.73
148,115,0.73
115,149,0.58
149,115,0.58
116,117,1.00
117,116,1.00
116,118,0.70
118,116,0.70
116,148,0.58
148,116,0.58
117,118,1.00
118,117,1.00
117,119,0.73
119,117,0.73
118,119,1.00
119,118,1.00
118,120,0.73
120,118,0.73
118,121,0.63
121,118,0.63
118,123,0.58
123,118,0.58
119,120,1.00
120,119,1.00
119,121,0.75
121,119,0.75
119,122,0.64
122,119,0.64
119,123,0.64
123,119,0.64
119,124,0.60
124,119,0.60
120,121,1.00
121,120,1.00
120,122,0.77
122,120,0.77
120,123,0.65
123,120,0.65
121,122,1.00
122,121,1.00
121,123,0.77
123,121,0.77
121,124,0.60
124,121,0.60
122,123,1.00
123,122,1.00
122,124,0.74
124,122,0.74
122,125,0.58
125,122,0.58
123,124,1.00
124,123,1.00
123,125,0.78
125,123,0.78
123,126,0.62
126,123,0.62
123,148,0.63
148,123,0.63
123,149,0.61
149,123,0.61
124,125,1.00
125,124,1.00
124,126,0.79
126,124,0.79
124,127,0.57
127,124,0.57
125,126,1.00
126,125,1.00
125,127,0.72
127,125,0.72
125,145,0.67
145,125,0.67
125,146,0.62
146,125,0.62
125,147,0.62
147,125,0.62
125,148,0.62
148,125,0.62
126,127,1.00
127,126,1.00
126,128,0.78
128,126,0.78
126,129,0.65
129,126,0.65
126,145,0.64
145,126,0.64
127,128,1.00
128,127,1.00
127,129,0.77
129,127,0.77
127,130,0.71
130,127,0.71
127,144,0.59
144,127,0.59
127,145,0.66
145,127,0.66
128,129,1.00
129,128,1.00
128,130,0.83
130,128,0.83
128,131,0.64
131,128,0.64
129,130,1.00
130,129,1.00
129,131,0.76
131,129,0.76
129,132,0.57
132,129,0.57
130,131,1.00
131,130,1.00
130,132,0.75
132,130,0.75
130,133,0.68
133,130,0.68
131,132,1.00
132,131,1.00
131,133,0.78
133,131,0.78
131,134,0.58
134,131,0.58
132,133,1.00
133,132,1.00
132,134,0.73
134,132,0.73
132,135,0.59
135,132,0.59
133,134,1.00
134,133,1.00
133,135,0.73
135,133,0.73
133,136,0.62
136,133,0.62
133,137,0.61
137,133,0.61
134,135,1.00
135,134,1.00
134,136,0.83
136,134,0.83
134,137,0.74
137,134,0.74
135,136,1.00
136,135,1.00
135,137,0.73
137,135,0.73
136,137,1.00
137,136,1.00
136,138,0.71
138,136,0.71
136,139,0.65
139,136,0.65
137,138,1.00
138,137,1.00
137,139,0.81
139,137,0.81
137,140,0.61
140,137,0.61
138,139,1.00
139,138,1.00
138,140,0.76
140,138,0.76
138,141,0.63
141,138,0.63
139,140,1.00
140,139,1.00
139,141,0.72
141,139,0.72
139,142,0.59
142,139,0.59
140,141,1.00
141,140,1.00
140,142,0.71
142,140,0.71
140,143,0.58
143,140,0.58
141,142,1.00
142,141,1.00
141,143,0.73
143,141,0.73
142,143,1.00
143,142,1.00
142,144,0.76
144,142,0.76
143,144,1.00
144,143,1.00
143,145,0.73
145,143,0.73
143,146,0.59
146,143,0.59
144,145,1.00
145,144,1.00
144,146,0.73
146,144,0.73
144,147,0.60
147,144,0.60
145,146,1.00
146,145,1.00
145,147,0.76
147,145,0.76
145,148,0.59
148,145,0.59
146,147,1.00
147,146,1.00
146,148,0.75
148,146,0.75
146,149,0.60
149,146,0.60
146,152,0.57
152,146,0.57
147,148,1.00
148,147,1.00
147,149,0.82
149,147,0.82
147,150,0.65
150,147,0.65
147,151,0.67
151,147,0.67
147,152,0.69
152,147,0.69
148,149,1.00
149,148,1.00
148,150,0.74
150,148,0.74
148,151,0.65
151,148,0.65
148,152,0.62
152,148,0.62
149,150,1.00
150,149,1.00
149,151,0.84
151,149,0.84
149,152,0.69
152,149,0.69
150,151,1.00
151,150,1.00
150,152,0.78
152,150,0.78
150,153,0.58
153,150,0.58
151,152,1.00
152,151,1.00
151,153,0.75
153,151,0.75
151,154,0.77
154,151,0.77
151,155,0.58
155,151,0.58
152,153,1.00
153,152,1.00
152,154,0.82
154,152,0.82
152,155,0.59
155,152,0.59
153,154,1.00
154,153,1.00
153,155,0.74
155,153,0.74
153,156,0.61
156,153,0.61
154,155,1.00
155,154,1.00
154,156,0.81
156,154,0.81
154,157,0.62
157,154,0.62
155,156,1.00
156,155,1.00
155,157,0.71
157,155,0.71
156,157,1.00
157,156,1.00
156,158,0.73
158,156,0.73
157,158,1.00
158,157,1.00
157,159,0.72
159,157,0.72
158,159,1.00
159,158,1.00
158,160,0.75
160,158,0.75
159,160,1.00
160,159,1.00
159,161,0.73
161,159,0.73
159,162,0.60
162,159,0.60
160,161,1.00
161,160,1.00
160,162,0.75
162,160,0.75
160,163,0.63
163,160,0.63
161,162,1.00
162,161,1.00
161,163,0.79
163,161,0.79
161,164,0.58
164,161,0.58
162,163,1.00
163,162,1.00
162,164,0.73
164,162,0.73
162,165,0.58
165,162,0.58
163,164,1.00
164,163,1.00
163,165,0.78
165,163,0.78
163,166,0.60
166,163,0.60
163,167,0.67
167,163,0.67
164,165,1.00
165,164,1.00
164,166,0.81
166,164,0.81
164,167,0.97
167,164,0.97
164,168,0.71
168,164,0.71
165,166,1.00
166,165,1.00
165,167,0.88
167,165,0.88
165,168,0.64
168,165,0.64
166,167,1.00
167,166,1.00
166,168,0.78
168,166,0.78
166,169,0.58
169,166,0.58
167,168,1.00
168,167,1.00
167,169,0.72
169,167,0.72
168,169,1.00
169,168,1.00
