2,3,1.00
3,2,1.00
2,4,0.74
4,2,0.74
3,4,1.00
4,3,1.00
3,5,0.72
5,3,0.72
4,5,1.00
5,4,1.00
4,6,0.71
6,4,0.71
5,6,1.00
6,5,1.00
5,7,0.73
7,5,0.73
6,7,1.00
7,6,1.00
6,8,0.76
8,6,0.76
7,8,1.00
8,7,1.00
7,9,0.72
9,7,0.72
7,10,0.60
10,7,0.60
7,11,0.57
11,7,0.57
8,9,1.00
9,8,1.00
8,10,0.78
10,8,0.78
8,11,0.72
11,8,0.72
9,10,1.00
10,9,1.00
9,11,0.76
11,9,0.76
9,12,0.61
12,9,0.61
9,13,0.59
13,9,0.59
9,15,0.59
15,9,0.59
10,11,1.00
11,10,1.00
10,12,0.76
12,10,0.76
10,13,0.72
13,10,0.72
10,14,0.74
14,10,0.74
10,15,0.82
15,10,0.82
10,16,0.61
16,10,0.61
11,12,1.00
12,11,1.00
11,13,0.77
13,11,0.77
11,14,0.73
14,11,0.73
11,15,0.82
15,11,0.82
11,16,0.61
16,11,0.61
12,13,1.00
13,12,1.00
12,14,0.82
14,12,0.82
12,15,0.77
15,12,0.77
12,16,0.58
16,12,0.58
13,14,1.00
14,13,1.00
13,15,0.74
15,13,0.74
14,15,1.00
15,14,1.00
14,16,0.76
16,14,0.76
15,16,1.00
16,15,1.00
15,17,0.71
17,15,0.71
16,17,1.00
17,16,1.00
16,18,0.75
18,16,0.75
16,19,0.61
19,16,0.61
17,18,1.00
18,17,1.00
17,19,0.81
19,17,0.81
17,20,0.60
20,17,0.60
18,19,1.00
19,18,1.00
18,20,0.75
20,18,0.75
18,21,0.68
21,18,0.68
18,22,0.60
22,18,0.60
19,20,1.00
20,19,1.00
19,21,0.76
21,19,0.76
19,22,0.63
22,19,0.63
19,23,0.64
23,19,0.64
19,24,0.58
24,19,0.58
19,42,0.58
42,19,0.58
20,21,1.00
21,20,1.00
20,22,0.81
22,20,0.81
20,23,0.88
23,20,0.88
20,24,0.79
24,20,0.79
20,25,0.70
25,20,0.70
20,40,0.63
40,20,0.63
20,41,0.60
41,20,0.60
20,42,0.68
42,20,0.68
20,45,0.64
45,20,0.64
21,22,1.00
22,21,1.00
21,23,0.85
23,21,0.85
21,24,0.73
24,21,0.73
21,25,0.59
25,21,0.59
21,42,0.69
42,21,0.69
21,43,0.61
43,21,0.61
21,44,0.70
44,21,0.70
21,45,0.87
45,21,0.87
21,46,0.71
46,21,0.71
21,47,0.63
47,21,0.63
22,23,1.00
23,22,1.00
22,24,0.72
24,22,0.72
22,40,0.59
40,22,0.59
22,41,0.68
41,22,0.68
22,42,0.94
42,22,0.94
22,43,0.86
43,22,0.86
22,44,0.98
44,22,0.98
22,45,0.99
45,22,0.99
22,46,0.69
46,22,0.69
22,47,0.57
47,22,0.57
23,24,1.00
24,23,1.00
23,25,0.77
25,23,0.77
23,26,0.61
26,23,0.61
23,40,0.76
40,23,0.76
23,41,0.81
41,23,0.81
23,42,0.93
42,23,0.93
23,43,0.76
43,23,0.76
23,44,0.72
44,23,0.72
23,45,0.72
45,23,0.72
23,46,0.57
46,23,0.57
24,25,1.00
25,24,1.00
24,26,0.77
26,24,0.77
24,27,0.59
27,24,0.59
24,40,0.65
40,24,0.65
24,41,0.63
41,24,0.63
24,42,0.64
42,24,0.64
24,43,0.58
43,24,0.58
24,44,0.58
44,24,0.58
24,45,0.62
45,24,0.62
25,26,1.00
26,25,1.00
25,27,0.75
27,25,0.75
25,28,0.61
28,25,0.61
25,38,0.61
38,25,0.61
25,39,0.60
39,25,0.60
25,40,0.70
40,25,0.70
25,41,0.59
41,25,0.59
26,27,1.00
27,26,1.00
26,28,0.79
28,26,0.79
26,29,0.63
29,26,0.63
26,35,0.68
35,26,0.68
26,36,0.62
36,26,0.62
26,37,0.61
37,26,0.61
26,38,0.67
38,26,0.67
26,39,0.58
39,26,0.58
26,40,0.61
40,26,0.61
27,28,1.00
28,27,1.00
27,29,0.81
29,27,0.81
27,30,0.59
30,27,0.59
27,35,0.71
35,27,0.71
27,36,0.64
36,27,0.64
27,37,0.57
37,27,0.57
28,29,1.00
29,28,1.00
28,30,0.70
30,28,0.70
28,34,0.65
34,28,0.65
28,35,0.88
35,28,0.88
28,36,0.85
36,28,0.85
28,37,0.70
37,28,0.70
28,38,0.62
38,28,0.62
29,30,1.00
30,29,1.00
29,31,0.71
31,29,0.71
29,32,0.62
32,29,0.62
29,33,0.62
33,29,0.62
29,34,0.78
34,29,0.78
29,35,0.90
35,29,0.90
29,36,0.74
36,29,0.74
29,37,0.57
37,29,0.57
30,31,1.00
31,30,1.00
30,32,0.80
32,30,0.80
30,33,0.76
33,30,0.76
30,34,0.92
34,30,0.92
30,35,0.80
35,30,0.80
30,36,0.66
36,30,0.66
31,32,1.00
32,31,1.00
31,33,0.77
33,31,0.77
31,34,0.74
34,31,0.74
31,35,0.60
35,31,0.60
32,33,1.00
33,32,1.00
32,34,0.78
34,32,0.78
32,35,0.60
35,32,0.60
32,68,0.58
68,32,0.58
32,69,0.75
69,32,0.75
32,70,0.58
70,32,0.58
33,34,1.00
34,33,1.00
33,35,0.71
35,33,0.71
33,69,0.68
69,33,0.68
34,35,1.00
35,34,1.00
34,36,0.75
36,34,0.75
35,36,1.00
36,35,1.00
35,37,0.71
37,35,0.71
35,38,0.65
38,35,0.65
36,37,1.00
37,36,1.00
36,38,0.77
38,36,0.77
37,38,1.00
38,37,1.00
37,39,0.72
39,37,0.72
37,40,0.57
40,37,0.57
38,39,1.00
39,38,1.00
38,40,0.75
40,38,0.75
38,41,0.61
41,38,0.61
39,40,1.00
40,39,1.00
39,41,0.76
41,39,0.76
39,42,0.57
42,39,0.57
40,41,1.00
41,40,1.00
40,42,0.76
42,40,0.76
40,43,0.59
43,40,0.59
41,42,1.00
42,41,1.00
41,43,0.79
43,41,0.79
41,44,0.60
44,41,0.60
42,43,1.00
43,42,1.00
42,44,0.79
44,42,0.79
42,45,0.66
45,42,0.66
43,44,1.00
44,43,1.00
43,45,0.72
45,43,0.72
44,45,1.00
45,44,1.00
44,46,0.72
46,44,0.72
44,47,0.57
47,44,0.57
45,46,1.00
46,45,1.00
45,47,0.76
47,45,0.76
45,48,0.57
48,45,0.57
46,47,1.00
47,46,1.00
46,48,0.72
48,46,0.72
46,49,0.69
49,46,0.69
47,48,1.00
48,47,1.00
47,49,0.82
49,47,0.82
47,50,0.63
50,47,0.63
48,49,1.00
49,48,1.00
48,50,0.77
50,48,0.77
49,50,1.00
50,49,1.00
49,51,0.72
51,49,0.72
49,52,0.60
52,49,0.60
49,53,0.59
53,49,0.59
50,51,1.00
51,50,1.00
50,52,0.72
52,50,0.72
50,53,0.62
53,50,0.62
51,52,1.00
52,51,1.00
51,53,0.74
53,51,0.74
51,54,0.58
54,51,0.58
52,53,1.00
53,52,1.00
52,54,0.79
54,52,0.79
52,55,0.58
55,52,0.58
53,54,1.00
54,53,1.00
53,55,0.76
55,53,0.76
53,56,0.67
56,53,0.67
54,55,1.00
55,54,1.00
54,56,0.73
56,54,0.73
55,56,1.00
56,55,1.00
55,57,0.72
57,55,0.72
55,58,0.60
58,55,0.60
55,78,0.61
78,55,0.61
56,57,1.00
57,56,1.00
56,58,0.76
58,56,0.76
56,59,0.58
59,56,0.58
56,74,0.59
74,56,0.59
57,58,1.00
58,57,1.00
57,59,0.70
59,57,0.70
57,60,0.60
60,57,0.60
57,61,0.62
61,57,0.62
57,73,0.67
73,57,0.67
57,74,0.82
74,57,0.82
57,75,0.67
75,57,0.67
57,76,0.61
76,57,0.61
58,59,1.00
59,58,1.00
58,60,0.77
60,58,0.77
58,61,0.72
61,58,0.72
58,73,0.66
73,58,0.66
58,74,0.75
74,58,0.75
59,60,1.00
60,59,1.00
59,61,0.77
61,59,0.77
59,70,0.59
70,59,0.59
59,73,0.67
73,59,0.67
59,74,0.68
74,59,0.68
60,61,1.00
61,60,1.00
60,62,0.73
62,60,0.73
60,63,0.63
63,60,0.63
60,69,0.63
69,60,0.63
60,70,0.76
70,60,0.76
60,71,0.63
71,60,0.63
60,72,0.63
72,60,0.63
60,73,0.73
73,60,0.73
60,74,0.71
74,60,0.71
61,62,1.00
62,61,1.00
61,63,0.79
63,61,0.79
61,64,0.59
64,61,0.59
61,70,0.67
70,61,0.67
61,71,0.63
71,61,0.63
61,72,0.65
72,61,0.65
61,73,0.73
73,61,0.73
61,74,0.83
74,61,0.83
61,75,0.63
75,61,0.63
62,63,1.00
63,62,1.00
62,64,0.77
64,62,0.77
62,65,0.66
65,62,0.66
62,66,0.64
66,62,0.64
62,70,0.67
70,62,0.67
62,71,0.71
71,62,0.71
62,72,0.70
72,62,0.70
62,73,0.68
73,62,0.68
62,74,0.75
74,62,0.75
62,75,0.65
75,62,0.65
63,64,1.00
64,63,1.00
63,65,0.73
65,63,0.73
63,66,0.63
66,63,0.63
63,70,0.61
70,63,0.61
63,71,0.61
71,63,0.61
64,65,1.00
65,64,1.00
64,66,0.73
66,64,0.73
64,68,0.57
68,64,0.57
64,70,0.58
70,64,0.58
64,71,0.62
71,64,0.62
65,66,1.00
66,65,1.00
65,67,0.72
67,65,0.72
65,68,0.67
68,65,0.67
65,70,0.63
70,65,0.63
65,71,0.71
71,65,0.71
66,67,1.00
67,66,1.00
66,68,0.79
68,66,0.79
66,69,0.66
69,66,0.66
66,70,0.78
70,66,0.78
66,71,0.99
71,66,0.99
66,72,0.70
72,66,0.70
67,68,1.00
68,67,1.00
67,69,0.78
69,67,0.78
67,70,0.81
70,67,0.81
67,71,0.87
71,67,0.87
67,72,0.62
72,67,0.62
68,69,1.00
69,68,1.00
68,70,0.83
70,68,0.83
68,71,0.71
71,68,0.71
69,70,1.00
70,69,1.00
69,71,0.71
71,69,0.71
70,71,1.00
71,70,1.00
70,72,0.76
72,70,0.76
70,73,0.68
73,70,0.68
71,72,1.00
72,71,1.00
71,73,0.73
73,71,0.73
71,74,0.60
74,71,0.60
72,73,1.00
73,72,1.00
72,74,0.76
74,72,0.76
72,75,0.71
75,72,0.71
72,76,0.77
76,72,0.77
72,77,0.58
77,72,0.58
73,74,1.00
74,73,1.00
73,75,0.81
75,73,0.81
73,76,0.87
76,73,0.87
73,77,0.65
77,73,0.65
73,78,0.59
78,73,0.59
74,75,1.00
75,74,1.00
74,76,0.83
76,74,0.83
74,77,0.63
77,74,0.63
75,76,1.00
76,75,1.00
75,77,0.73
77,75,0.73
75,78,0.58
78,75,0.58
76,77,1.00
77,76,1.00
76,78,0.74
78,76,0.74
76,79,0.60
79,76,0.60
76,80,0.62
80,76,0.62
76,81,0.59
81,76,0.59
77,78,1.00
78,77,1.00
77,79,0.84
79,77,0.84
77,80,0.86
80,77,0.86
77,81,0.74
81,77,0.74
77,82,0.60
82,77,0.60
78,79,1.00
79,78,1.00
78,80,0.85
80,78,0.85
78,81,0.63
81,78,0.63
79,80,1.00
80,79,1.00
79,81,0.71
81,79,0.71
80,81,1.00
81,80,1.00
80,82,0.73
82,80,0.73
80,83,0.60
83,80,0.60
81,82,1.00
82,81,1.00
81,83,0.82
83,81,0.82
81,84,0.72
84,81,0.72
82,83,1.00
83,82,1.00
82,84,0.72
84,82,0.72
82,134,0.58
134,82,0.58
82,135,0.68
135,82,0.68
82,136,0.58
136,82,0.58
83,84,1.00
84,83,1.00
83,85,0.72
85,83,0.72
83,86,0.75
86,83,0.75
83,87,0.61
87,83,0.61
83,134,0.61
134,83,0.61
83,135,0.71
135,83,0.71
83,136,0.70
136,83,0.70
84,85,1.00
85,84,1.00
84,86,0.83
86,84,0.83
84,87,0.63
87,84,0.63
84,136,0.59
136,84,0.59
85,86,1.00
86,85,1.00
85,87,0.72
87,85,0.72
85,88,0.61
88,85,0.61
86,87,1.00
87,86,1.00
86,88,0.72
88,86,0.72
86,135,0.59
135,86,0.59
86,136,0.73
136,86,0.73
86,137,0.58
137,86,0.58
87,88,1.00
88,87,1.00
87,89,0.71
89,87,0.71
87,90,0.69
90,87,0.69
87,135,0.59
135,87,0.59
87,136,0.81
136,87,0.81
87,137,0.70
137,87,0.70
87,138,0.71
138,87,0.71
87,139,0.61
139,87,0.61
88,89,1.00
89,88,1.00
88,90,0.83
90,88,0.83
88,91,0.61
91,88,0.61
88,136,0.63
136,88,0.63
88,137,0.63
137,88,0.63
88,138,0.73
138,88,0.73
88,139,0.61
139,88,0.61
89,90,1.00
90,89,1.00
89,91,0.77
91,89,0.77
89,92,0.61
92,89,0.61
89,138,0.62
138,89,0.62
89,139,0.57
139,89,0.57
90,91,1.00
91,90,1.00
90,92,0.82
92,90,0.82
90,93,0.62
93,90,0.62
90,138,0.69
138,90,0.69
90,139,0.70
139,90,0.70
90,140,0.62
140,90,0.62
91,92,1.00
92,91,1.00
91,93,0.73
93,91,0.73
92,93,1.00
93,92,1.00
92,94,0.71
94,92,0.71
92,95,0.70
95,92,0.70
92,139,0.62
139,92,0.62
92,140,0.61
140,92,0.61
93,94,1.00
94,93,1.00
93,95,0.81
95,93,0.81
93,96,0.59
96,93,0.59
93,139,0.57
139,93,0.57
94,95,1.00
95,94,1.00
94,96,0.71
96,94,0.71
94,97,0.58
97,94,0.58
95,96,1.00
96,95,1.00
95,97,0.76
97,95,0.76
95,139,0.65
139,95,0.65
95,140,0.68
140,95,0.68
96,97,1.00
97,96,1.00
96,98,0.70
98,96,0.70
96,139,0.65
139,96,0.65
96,140,0.71
140,96,0.71
97,98,1.00
98,97,1.00
97,99,0.72
99,97,0.72
97,102,0.57
102,97,0.57
97,138,0.62
138,97,0.62
97,139,0.81
139,97,0.81
97,140,0.85
140,97,0.85
97,141,0.64
141,97,0.64
98,99,1.00
99,98,1.00
98,100,0.72
100,98,0.72
98,101,0.67
101,98,0.67
98,102,0.65
102,98,0.65
98,131,0.61
131,98,0.61
98,133,0.60
133,98,0.60
98,137,0.62
137,98,0.62
98,138,0.61
138,98,0.61
98,139,0.71
139,98,0.71
98,140,0.71
140,98,0.71
98,141,0.60
141,98,0.60
99,100,1.00
100,99,1.00
99,101,0.79
101,99,0.79
99,102,0.73
102,99,0.73
99,106,0.60
106,99,0.60
99,107,0.61
107,99,0.61
99,130,0.67
130,99,0.67
99,131,0.78
131,99,0.78
99,132,0.74
132,99,0.74
99,133,0.84
133,99,0.84
99,134,0.69
134,99,0.69
99,135,0.60
135,99,0.60
99,136,0.59
136,99,0.59
99,137,0.74
137,99,0.74
99,138,0.64
138,99,0.64
99,139,0.66
139,99,0.66
99,140,0.60
140,99,0.60
100,101,1.00
101,100,1.00
100,102,0.77
102,100,0.77
100,103,0.59
103,100,0.59
100,106,0.71
106,100,0.71
100,107,0.82
107,100,0.82
100,108,0.62
108,100,0.62
100,127,0.61
127,100,0.61
100,128,0.64
128,100,0.64
100,129,0.66
129,100,0.66
100,130,0.95
130,100,0.95
100,131,0.96
131,100,0.96
100,132,0.86
132,100,0.86
100,133,1.00
133,100,1.00
100,134,0.73
134,100,0.73
100,135,0.58
135,100,0.58
100,137,0.66
137,100,0.66
101,102,1.00
102,101,1.00
101,103,0.78
103,101,0.78
101,104,0.67
104,101,0.67
101,105,0.60
105,101,0.60
101,106,0.79
106,101,0.79
101,107,0.96
107,101,0.96
101,108,0.80
108,101,0.80
101,109,0.58
109,101,0.58
101,127,0.70
127,101,0.70
101,128,0.64
128,101,0.64
101,129,0.61
129,101,0.61
101,130,0.79
130,101,0.79
101,131,0.68
131,101,0.68
101,132,0.62
132,101,0.62
101,133,0.78
133,101,0.78
101,134,0.65
134,101,0.65
101,137,0.63
137,101,0.63
101,138,0.60
138,101,0.60
101,141,0.60
141,101,0.60
101,142,0.65
142,101,0.65
101,143,0.60
143,101,0.60
102,103,1.00
103,102,1.00
102,104,0.74
104,102,0.74
102,105,0.68
105,102,0.68
102,106,0.88
106,102,0.88
102,107,0.81
107,102,0.81
102,108,0.72
108,102,0.72
102,130,0.58
130,102,0.58
102,133,0.70
133,102,0.70
102,134,0.69
134,102,0.69
102,137,0.77
137,102,0.77
102,138,0.80
138,102,0.80
102,139,0.66
139,102,0.66
102,140,0.68
140,102,0.68
102,141,0.75
141,102,0.75
102,142,0.72
142,102,0.72
102,143,0.64
143,102,0.64
103,104,1.00
104,103,1.00
103,105,0.82
105,103,0.82
103,106,0.87
106,103,0.87
103,107,0.77
107,103,0.77
103,108,0.83
108,103,0.83
103,109,0.67
109,103,0.67
103,134,0.58
134,103,0.58
103,137,0.62
137,103,0.62
103,138,0.67
138,103,0.67
103,140,0.57
140,103,0.57
103,141,0.69
141,103,0.69
103,142,0.70
142,103,0.70
103,143,0.73
143,103,0.73
104,105,1.00
105,104,1.00
104,106,0.86
106,104,0.86
104,107,0.82
107,104,0.82
104,108,1.00
108,104,1.00
104,109,0.91
109,104,0.91
104,110,0.67
110,104,0.67
104,143,0.62
143,104,0.62
105,106,1.00
106,105,1.00
105,107,0.77
107,105,0.77
105,108,0.76
108,105,0.76
105,109,0.69
109,105,0.69
105,133,0.58
133,105,0.58
105,134,0.64
134,105,0.64
105,137,0.58
137,105,0.58
106,107,1.00
107,106,1.00
106,108,0.80
108,106,0.80
106,109,0.63
109,106,0.63
106,130,0.58
130,106,0.58
106,132,0.57
132,106,0.57
106,133,0.79
133,106,0.79
106,134,0.86
134,106,0.86
106,135,0.62
135,106,0.62
106,136,0.61
136,106,0.61
106,137,0.74
137,106,0.74
106,138,0.65
138,106,0.65
107,108,1.00
108,107,1.00
107,109,0.71
109,107,0.71
107,127,0.63
127,107,0.63
107,129,0.59
129,107,0.59
107,130,0.75
130,107,0.75
107,131,0.62
131,107,0.62
107,132,0.62
132,107,0.62
107,133,0.81
133,107,0.81
107,134,0.71
134,107,0.71
107,137,0.60
137,107,0.60
108,109,1.00
109,108,1.00
108,110,0.72
110,108,0.72
108,111,0.58
111,108,0.58
108,126,0.58
126,108,0.58
108,127,0.67
127,108,0.67
108,130,0.61
130,108,0.61
108,133,0.58
133,108,0.58
108,143,0.61
143,108,0.61
108,145,0.60
145,108,0.60
109,110,1.00
110,109,1.00
109,111,0.72
111,109,0.72
109,125,0.58
125,109,0.58
109,127,0.57
127,109,0.57
109,145,0.63
145,109,0.63
109,146,0.58
146,109,0.58
110,111,1.00
111,110,1.00
110,112,0.76
112,110,0.76
110,113,0.59
113,110,0.59
110,114,0.62
114,110,0.62
110,115,0.62
115,110,0.62
110,125,0.65
125,110,0.65
110,144,0.58
144,110,0.58
110,145,0.73
145,110,0.73
110,146,0.76
146,110,0.76
110,147,0.59
147,110,0.59
111,112,1.00
112,111,1.00
111,113,0.72
113,111,0.72
111,114,0.72
114,111,0.72
111,115,0.73
115,111,0.73
111,116,0.58
116,111,0.58
111,123,0.62
123,111,0.62
111,124,0.66
124,111,0.66
111,125,0.79
125,111,0.79
111,126,0.60
126,111,0.60
111,145,0.72
145,111,0.72
111,146,0.82
146,111,0.82
111,147,0.71
147,111,0.71
111,148,0.68
148,111,0.68
112,113,1.00
113,112,1.00
112,114,0.84
114,112,0.84
112,115,0.70
115,112,0.70
112,123,0.59
123,112,0.59
112,124,0.58
124,112,0.58
112,125,0.65
125,112,0.65
112,145,0.69
145,112,0.69
112,146,0.94
146,112,0.94
112,147,0.96
147,112,0.96
112,148,0.95
148,112,0.95
112,149,0.66
149,112,0.66
113,114,1.00
114,113,1.00
113,115,0.73
115,113,0.73
113,146,0.68
146,113,0.68
113,147,0.80
147,113,0.80
113,148,1.00
148,113,1.00
113,149,0.75
149,113,0.75
113,150,0.65
150,113,0.65
114,115,1.00
115,114,1.00
114,116,0.71
116,114,0.71
114,117,0.58
117,114,0.58
114,146,0.58
146,114,0.58
114,147,0.60
147,114,0.60
114,148,0.70
148,114,0.70
115,116,1.00
116,115,1.00
115,117,0.79
117,115,0.79
115,118,0.63
118,115,0.63
115,123,0.59
123,115,0.59
115,148,0.58
148,115,0.58
116,117,1.00
117,116,1.00
116,118,0.73
118,116,0.73
117,118,1.00
118,117,1.00
117,119,0.71
119,117,0.71
117,120,0.60
120,117,0.60
118,119,1.00
119,118,1.00
118,120,0.76
120,118,0.76
118,121,0.63
121,118,0.63
119,120,1.00
120,119,1.00
119,121,0.84
121,119,0.84
119,122,0.65
122,119,0.65
120,121,1.00
121,120,1.00
120,122,0.75
122,120,0.75
120,123,0.60
123,120,0.60
121,122,1.00
122,121,1.00
121,123,0.71
123,121,0.71
122,123,1.00
123,122,1.00
122,124,0.71
124,122,0.71
123,124,1.00
124,123,1.00
123,125,0.73
125,123,0.73
123,126,0.58
126,123,0.58
123,148,0.60
148,123,0.60
124,125,1.00
125,124,1.00
124,126,0.81
126,124,0.81
124,127,0.59
127,124,0.59
125,126,1.00
126,125,1.00
125,127,0.74
127,125,0.74
125,128,0.58
128,125,0.58
125,145,0.69
145,125,0.69
125,146,0.63
146,125,0.63
125,147,0.60
147,125,0.60
125,148,0.57
148,125,0.57
126,127,1.00
127,126,1.00
126,128,0.79
128,126,0.79
126,129,0.66
129,126,0.66
126,130,0.57
130,126,0.57
126,145,0.60
145,126,0.60
127,128,1.00
128,127,1.00
127,129,0.78
129,127,0.78
127,130,0.72
130,127,0.72
127,145,0.59
145,127,0.59
128,129,1.00
129,128,1.00
128,130,0.82
130,128,0.82
128,131,0.66
131,128,0.66
129,130,1.00
130,129,1.00
129,131,0.77
131,129,0.77
129,132,0.59
132,129,0.59
130,131,1.00
131,130,1.00
130,132,0.78
132,130,0.78
130,133,0.77
133,130,0.77
131,132,1.00
132,131,1.00
131,133,0.82
133,131,0.82
131,134,0.59
134,131,0.59
132,133,1.00
133,132,1.00
132,134,0.73
134,132,0.73
132,135,0.66
135,132,0.66
132,137,0.58
137,132,0.58
133,134,1.00
134,133,1.00
133,135,0.75
135,133,0.75
133,136,0.64
136,133,0.64
133,137,0.74
137,133,0.74
133,138,0.58
138,133,0.58
134,135,1.00
135,134,1.00
134,136,0.86
136,134,0.86
134,137,0.94
137,134,0.94
134,138,0.66
138,134,0.66
135,136,1.00
136,135,1.00
135,137,0.82
137,135,0.82
135,138,0.59
138,135,0.59
136,137,1.00
137,136,1.00
136,138,0.74
138,136,0.74
136,139,0.63
139,136,0.63
137,138,1.00
138,137,1.00
137,139,0.79
139,137,0.79
137,140,0.62
140,137,0.62
138,139,1.00
139,138,1.00
138,140,0.82
140,138,0.82
138,141,0.72
141,138,0.72
138,142,0.57
142,138,0.57
139,140,1.00
140,139,1.00
139,141,0.73
141,139,0.73
140,141,1.00
141,140,1.00
140,142,0.72
142,140,0.72
141,142,1.00
142,141,1.00
141,143,0.73
143,141,0.73
142,143,1.00
143,142,1.00
142,144,0.70
144,142,0.70
143,144,1.00
144,143,1.00
143,145,0.74
145,143,0.74
144,145,1.00
145,144,1.00
144,146,0.74
146,144,0.74
144,147,0.58
147,144,0.58
145,146,1.00
146,145,1.00
145,147,0.73
147,145,0.73
146,147,1.00
147,146,1.00
146,148,0.73
148,146,0.73
146,149,0.58
149,146,0.58
147,148,1.00
148,147,1.00
147,149,0.81
149,147,0.81
147,150,0.66
150,147,0.66
147,151,0.71
151,147,0.71
147,152,0.63
152,147,0.63
148,149,1.00
149,148,1.00
148,150,0.74
150,148,0.74
148,151,0.68
151,148,0.68
149,150,1.00
150,149,1.00
149,151,0.86
151,149,0.86
149,152,0.63
152,149,0.63
150,151,1.00
151,150,1.00
150,152,0.73
152,150,0.73
151,152,1.00
152,151,1.00
151,153,0.74
153,151,0.74
151,154,0.75
154,151,0.75
152,153,1.00
153,152,1.00
152,154,0.81
154,152,0.81
152,155,0.60
155,152,0.60
153,154,1.00
154,153,1.00
153,155,0.77
155,153,0.77
153,156,0.62
156,153,0.62
154,155,1.00
155,154,1.00
154,156,0.82
156,154,0.82
154,157,0.62
157,154,0.62
154,158,0.58
158,154,0.58
155,156,1.00
156,155,1.00
155,157,0.74
157,155,0.74
155,158,0.61
158,155,0.61
156,157,1.00
157,156,1.00
156,158,0.76
158,156,0.76
157,158,1.00
158,157,1.00
157,159,0.72
159,157,0.72
157,160,0.61
160,157,0.61
158,159,1.00
159,158,1.00
158,160,0.80
160,158,0.80
158,161,0.59
161,158,0.59
159,160,1.00
160,159,1.00
159,161,0.74
161,159,0.74
160,161,1.00
161,160,1.00
160,162,0.73
162,160,0.73
160,163,0.60
163,160,0.60
161,162,1.00
162,161,1.00
161,163,0.79
163,161,0.79
161,164,0.59
164,161,0.59
162,163,1.00
163,162,1.00
162,164,0.78
164,162,0.78
162,165,0.60
165,162,0.60
163,164,1.00
164,163,1.00
163,165,0.72
165,163,0.72
164,165,1.00
165,164,1.00
164,166,0.75
166,164,0.75
164,167,0.61
167,164,0.61
165,166,1.00
166,165,1.00
165,167,0.76
167,165,0.76
165,168,0.59
168,165,0.59
166,167,1.00
167,166,1.00
166,168,0.80
168,166,0.80
166,169,0.60
169,166,0.60
167,168,1.00
168,167,1.00
167,169,0.70
169,167,0.70
168,169,1.00
169,168,1.00
