2,3,1.00
3,2,1.00
2,4,0.77
4,2,0.77
2,5,0.58
5,2,0.58
3,4,1.00
4,3,1.00
3,5,0.77
5,3,0.77
3,6,0.58
6,3,0.58
4,5,1.00
5,4,1.00
4,6,0.78
6,4,0.78
5,6,1.00
6,5,1.00
5,7,0.70
7,5,0.70
5,8,0.59
8,5,0.59
6,7,1.00
7,6,1.00
6,8,0.81
8,6,0.81
6,9,0.59
9,6,0.59
6,17,0.61
17,6,0.61
6,18,0.67
18,6,0.67
6,19,0.59
19,6,0.59
7,8,1.00
8,7,1.00
7,9,0.76
9,7,0.76
7,10,0.58
10,7,0.58
7,16,0.62
16,7,0.62
7,17,0.86
17,7,0.86
7,18,0.90
18,7,0.90
7,19,0.70
19,7,0.70
8,9,1.00
9,8,1.00
8,10,0.74
10,8,0.74
8,11,0.60
11,8,0.60
8,16,0.66
16,8,0.66
8,17,0.85
17,8,0.85
8,18,0.74
18,8,0.74
8,19,0.67
19,8,0.67
8,20,0.59
20,8,0.59
9,10,1.00
10,9,1.00
9,11,0.84
11,9,0.84
9,12,0.61
12,9,0.61
9,14,0.61
14,9,0.61
9,15,0.70
15,9,0.70
9,16,0.81
16,9,0.81
9,17,0.95
17,9,0.95
9,18,0.69
18,9,0.69
9,19,0.62
19,9,0.62
9,20,0.61
20,9,0.61
10,11,1.00
11,10,1.00
10,12,0.78
12,10,0.78
10,13,0.66
13,10,0.66
10,14,0.82
14,10,0.82
10,15,0.83
15,10,0.83
10,16,0.86
16,10,0.86
10,17,0.77
17,10,0.77
10,18,0.59
18,10,0.59
10,19,0.60
19,10,0.60
10,20,0.66
20,10,0.66
11,12,1.00
12,11,1.00
11,13,0.78
13,11,0.78
11,14,0.84
14,11,0.84
11,15,0.99
15,11,0.99
11,16,0.80
16,11,0.80
11,17,0.70
17,11,0.70
12,13,1.00
13,12,1.00
12,14,0.85
14,12,0.85
12,15,0.80
15,12,0.80
12,16,0.62
16,12,0.62
13,14,1.00
14,13,1.00
13,15,0.83
15,13,0.83
13,16,0.61
16,13,0.61
14,15,1.00
15,14,1.00
14,16,0.81
16,14,0.81
14,17,0.60
17,14,0.60
14,20,0.65
20,14,0.65
15,16,1.00
16,15,1.00
15,17,0.74
17,15,0.74
15,18,0.58
18,15,0.58
15,20,0.63
20,15,0.63
16,17,1.00
17,16,1.00
16,18,0.78
18,16,0.78
16,19,0.77
19,16,0.77
16,20,0.82
20,16,0.82
16,21,0.64
21,16,0.64
17,18,1.00
18,17,1.00
17,19,0.79
19,17,0.79
17,20,0.69
20,17,0.69
18,19,1.00
19,18,1.00
18,20,0.72
20,18,0.72
18,21,0.60
21,18,0.60
19,20,1.00
20,19,1.00
19,21,0.79
21,19,0.79
19,22,0.62
22,19,0.62
19,23,0.62
23,19,0.62
20,21,1.00
21,20,1.00
20,22,0.70
22,20,0.70
20,23,0.62
23,20,0.62
21,22,1.00
22,21,1.00
21,23,0.78
23,21,0.78
21,24,0.59
24,21,0.59
22,23,1.00
23,22,1.00
22,24,0.77
24,22,0.77
23,24,1.00
24,23,1.00
23,25,0.74
25,23,0.74
24,25,1.00
25,24,1.00
24,26,0.75
26,24,0.75
24,27,0.63
27,24,0.63
25,26,1.00
26,25,1.00
25,27,0.74
27,25,0.74
25,28,0.61
28,25,0.61
26,27,1.00
27,26,1.00
26,28,0.81
28,26,0.81
26,29,0.69
29,26,0.69
27,28,1.00
28,27,1.00
27,29,0.72
29,27,0.72
27,30,0.57
30,27,0.57
27,48,0.68
48,27,0.68
27,49,0.60
49,27,0.60
28,29,1.00
29,28,1.00
28,30,0.77
30,28,0.77
28,31,0.61
31,28,0.61
28,32,0.62
32,28,0.62
28,48,0.76
48,28,0.76
28,49,0.73
49,28,0.73
28,50,0.65
50,28,0.65
29,30,1.00
30,29,1.00
29,31,0.78
31,29,0.78
29,32,0.79
32,29,0.79
29,33,0.63
33,29,0.63
29,48,0.62
48,29,0.62
29,49,0.63
49,29,0.63
30,31,1.00
31,30,1.00
30,32,0.78
32,30,0.78
30,33,0.59
33,30,0.59
30,49,0.62
49,30,0.62
30,50,0.59
50,30,0.59
30,88,0.57
88,30,0.57
30,89,0.58
89,30,0.58
31,32,1.00
32,31,1.00
31,33,0.71
33,31,0.71
31,34,0.60
34,31,0.60
31,49,0.58
49,31,0.58
31,76,0.57
76,31,0.57
31,77,0.73
77,31,0.73
31,78,0.69
78,31,0.69
31,79,0.71
79,31,0.71
32,33,1.00
33,32,1.00
32,34,0.83
34,32,0.83
32,35,0.66
35,32,0.66
32,36,0.66
36,32,0.66
32,49,0.60
49,32,0.60
32,74,0.63
74,32,0.63
32,75,0.58
75,32,0.58
32,76,0.63
76,32,0.63
32,77,0.77
77,32,0.77
32,78,0.63
78,32,0.63
32,79,0.59
79,32,0.59
33,34,1.00
34,33,1.00
33,35,0.84
35,33,0.84
33,36,0.90
36,33,0.90
33,37,0.65
37,33,0.65
33,48,0.60
48,33,0.60
33,49,0.61
49,33,0.61
33,73,0.58
73,33,0.58
33,74,0.77
74,33,0.77
33,75,0.70
75,33,0.70
33,76,0.70
76,33,0.70
33,77,0.73
77,33,0.73
34,35,1.00
35,34,1.00
34,36,0.81
36,34,0.81
34,37,0.59
37,34,0.59
34,74,0.59
74,34,0.59
34,75,0.60
75,34,0.60
34,76,0.63
76,34,0.63
34,77,0.67
77,34,0.67
35,36,1.00
36,35,1.00
35,37,0.74
37,35,0.74
35,38,0.57
38,35,0.57
36,37,1.00
37,36,1.00
36,38,0.74
38,36,0.74
36,39,0.63
39,36,0.63
36,47,0.58
47,36,0.58
36,48,0.65
48,36,0.65
36,49,0.58
49,36,0.58
36,74,0.67
74,36,0.67
36,75,0.60
75,36,0.60
37,38,1.00
38,37,1.00
37,39,0.79
39,37,0.79
37,40,0.60
40,37,0.60
37,46,0.60
46,37,0.60
37,47,0.69
47,37,0.69
37,48,0.71
48,37,0.71
37,74,0.58
74,37,0.58
38,39,1.00
39,38,1.00
38,40,0.75
40,38,0.75
38,46,0.59
46,38,0.59
38,47,0.67
47,38,0.67
38,48,0.60
48,38,0.60
39,40,1.00
40,39,1.00
39,41,0.75
41,39,0.75
39,42,0.58
42,39,0.58
39,43,0.63
43,39,0.63
39,44,0.63
44,39,0.63
39,45,0.58
45,39,0.58
39,46,0.68
46,39,0.68
39,47,0.84
47,39,0.84
39,48,0.67
48,39,0.67
39,49,0.58
49,39,0.58
39,68,0.59
68,39,0.59
39,72,0.58
72,39,0.58
39,73,0.63
73,39,0.63
39,74,0.58
74,39,0.58
40,41,1.00
41,40,1.00
40,42,0.78
42,40,0.78
40,43,0.88
43,40,0.88
40,44,0.78
44,40,0.78
40,45,0.64
45,40,0.64
40,46,0.67
46,40,0.67
40,47,0.73
47,40,0.73
41,42,1.00
42,41,1.00
41,43,0.85
43,41,0.85
41,44,0.68
44,41,0.68
41,45,0.59
45,41,0.59
41,47,0.61
47,41,0.61
42,43,1.00
43,42,1.00
42,44,0.75
44,42,0.75
42,45,0.62
45,42,0.62
43,44,1.00
44,43,1.00
43,45,0.71
45,43,0.71
43,46,0.63
46,43,0.63
43,47,0.59
47,43,0.59
44,45,1.00
45,44,1.00
44,46,0.86
46,44,0.86
44,47,0.70
47,44,0.70
45,46,1.00
46,45,1.00
45,47,0.79
47,45,0.79
45,48,0.60
48,45,0.60
46,47,1.00
47,46,1.00
46,48,0.76
48,46,0.76
46,49,0.59
49,46,0.59
47,48,1.00
48,47,1.00
47,49,0.76
49,47,0.76
47,50,0.62
50,47,0.62
47,72,0.62
72,47,0.62
47,73,0.58
73,47,0.58
48,49,1.00
49,48,1.00
48,50,0.73
50,48,0.73
48,72,0.63
72,48,0.63
48,73,0.60
73,48,0.60
48,74,0.59
74,48,0.59
49,50,1.00
50,49,1.00
49,51,0.73
51,49,0.73
49,71,0.59
71,49,0.59
49,72,0.80
72,49,0.80
49,73,0.70
73,49,0.70
49,74,0.67
74,49,0.67
50,51,1.00
51,50,1.00
50,52,0.72
52,50,0.72
50,53,0.60
53,50,0.60
50,54,0.63
54,50,0.63
50,71,0.60
71,50,0.60
50,72,0.76
72,50,0.76
50,73,0.59
73,50,0.59
51,52,1.00
52,51,1.00
51,53,0.81
53,51,0.81
51,54,0.85
54,51,0.85
51,55,0.73
55,51,0.73
51,56,0.67
56,51,0.67
51,71,0.69
71,51,0.69
51,72,0.79
72,51,0.79
51,73,0.58
73,51,0.58
51,87,0.59
87,51,0.59
52,53,1.00
53,52,1.00
52,54,0.82
54,52,0.82
52,55,0.68
55,52,0.68
52,56,0.63
56,52,0.63
52,71,0.65
71,52,0.65
52,72,0.64
72,52,0.64
53,54,1.00
54,53,1.00
53,55,0.74
55,53,0.74
53,56,0.60
56,53,0.60
53,87,0.62
87,53,0.62
54,55,1.00
55,54,1.00
54,56,0.71
56,54,0.71
54,85,0.60
85,54,0.60
54,86,0.68
86,54,0.68
54,87,0.81
87,54,0.81
54,88,0.60
88,54,0.60
55,56,1.00
56,55,1.00
55,57,0.73
57,55,0.73
55,70,0.61
70,55,0.61
55,71,0.64
71,55,0.64
55,72,0.61
72,55,0.61
55,85,0.63
85,55,0.63
55,86,0.63
86,55,0.63
55,87,0.68
87,55,0.68
56,57,1.00
57,56,1.00
56,58,0.71
58,56,0.71
56,69,0.62
69,56,0.62
56,70,0.87
70,56,0.87
56,71,0.84
71,56,0.84
56,72,0.71
72,56,0.71
56,73,0.62
73,56,0.62
57,58,1.00
58,57,1.00
57,59,0.73
59,57,0.73
57,68,0.59
68,57,0.59
57,69,0.72
69,57,0.72
57,70,0.92
70,57,0.92
57,71,0.72
71,57,0.72
57,72,0.65
72,57,0.65
57,73,0.65
73,57,0.65
58,59,1.00
59,58,1.00
58,60,0.71
60,58,0.71
58,66,0.72
66,58,0.72
58,67,0.69
67,58,0.69
58,68,0.71
68,58,0.71
58,69,0.85
69,58,0.85
58,70,0.86
70,58,0.86
58,71,0.65
71,58,0.65
58,72,0.61
72,58,0.61
58,73,0.71
73,58,0.71
58,74,0.66
74,58,0.66
58,75,0.67
75,58,0.67
58,76,0.58
76,58,0.58
59,60,1.00
60,59,1.00
59,61,0.72
61,59,0.72
59,62,0.67
62,59,0.67
59,65,0.64
65,59,0.64
59,66,0.93
66,59,0.93
59,67,0.79
67,59,0.79
59,68,0.85
68,59,0.85
59,69,1.00
69,59,1.00
59,70,0.79
70,59,0.79
59,71,0.60
71,59,0.60
59,73,0.67
73,59,0.67
59,74,0.61
74,59,0.61
59,75,0.64
75,59,0.64
60,61,1.00
61,60,1.00
60,62,0.77
62,60,0.77
60,63,0.62
63,60,0.62
60,64,0.68
64,60,0.68
60,65,0.69
65,60,0.69
60,66,0.93
66,60,0.93
60,67,0.68
67,60,0.68
60,68,0.69
68,60,0.69
60,69,0.77
69,60,0.77
60,70,0.60
70,60,0.60
61,62,1.00
62,61,1.00
61,63,0.82
63,61,0.82
61,64,0.82
64,61,0.82
61,65,0.73
65,61,0.73
61,66,0.84
66,61,0.84
61,67,0.63
67,61,0.63
61,68,0.63
68,61,0.63
61,69,0.63
69,61,0.63
62,63,1.00
63,62,1.00
62,64,0.84
64,62,0.84
62,65,0.85
65,62,0.85
62,66,0.88
66,62,0.88
62,67,0.75
67,62,0.75
62,68,0.71
68,62,0.71
62,69,0.62
69,62,0.62
63,64,1.00
64,63,1.00
63,65,0.84
65,63,0.84
63,66,0.70
66,63,0.70
63,67,0.60
67,63,0.60
64,65,1.00
65,64,1.00
64,66,0.79
66,64,0.79
64,67,0.62
67,64,0.62
65,66,1.00
66,65,1.00
65,67,0.83
67,65,0.83
65,68,0.64
68,65,0.64
65,74,0.58
74,65,0.58
65,75,0.72
75,65,0.72
65,76,0.59
76,65,0.59
66,67,1.00
67,66,1.00
66,68,0.82
68,66,0.82
66,69,0.74
69,66,0.74
66,70,0.57
70,66,0.57
66,73,0.62
73,66,0.62
66,74,0.64
74,66,0.64
66,75,0.75
75,66,0.75
66,76,0.59
76,66,0.59
67,68,1.00
68,67,1.00
67,69,0.75
69,67,0.75
67,70,0.60
70,67,0.60
67,72,0.59
72,67,0.59
67,73,0.82
73,67,0.82
67,74,0.85
74,67,0.85
67,75,0.90
75,67,0.90
67,76,0.63
76,67,0.63
68,69,1.00
69,68,1.00
68,70,0.75
70,68,0.75
68,71,0.68
71,68,0.68
68,72,0.67
72,68,0.67
68,73,0.88
73,68,0.88
68,74,0.72
74,68,0.72
68,75,0.66
75,68,0.66
69,70,1.00
70,69,1.00
69,71,0.76
71,69,0.76
69,72,0.65
72,69,0.65
69,73,0.75
73,69,0.75
69,74,0.60
74,69,0.60
69,75,0.57
75,69,0.57
70,71,1.00
71,70,1.00
70,72,0.75
72,70,0.75
70,73,0.75
73,70,0.75
70,74,0.58
74,70,0.58
71,72,1.00
72,71,1.00
71,73,0.80
73,71,0.80
71,74,0.59
74,71,0.59
72,73,1.00
73,72,1.00
72,74,0.72
74,72,0.72
73,74,1.00
74,73,1.00
73,75,0.73
75,73,0.73
73,76,0.57
76,73,0.57
74,75,1.00
75,74,1.00
74,76,0.76
76,74,0.76
74,77,0.65
77,74,0.65
75,76,1.00
76,75,1.00
75,77,0.72
77,75,0.72
76,77,1.00
77,76,1.00
76,78,0.72
78,76,0.72
77,78,1.00
78,77,1.00
77,79,0.72
79,77,0.72
77,80,0.61
80,77,0.61
78,79,1.00
79,78,1.00
78,80,0.85
80,78,0.85
78,81,0.60
81,78,0.60
79,80,1.00
80,79,1.00
79,81,0.73
81,79,0.73
80,81,1.00
81,80,1.00
80,82,0.77
82,80,0.77
80,83,0.66
83,80,0.66
81,82,1.00
82,81,1.00
81,83,0.81
83,81,0.81
81,84,0.68
84,81,0.68
81,89,0.58
89,81,0.58
82,83,1.00
83,82,1.00
82,84,0.72
84,82,0.72
82,85,0.57
85,82,0.57
83,84,1.00
84,83,1.00
83,85,0.79
85,83,0.79
83,86,0.59
86,83,0.59
83,88,0.59
88,83,0.59
84,85,1.00
85,84,1.00
84,86,0.78
86,84,0.78
84,87,0.69
87,84,0.69
84,88,0.73
88,84,0.73
84,89,0.64
89,84,0.64
84,90,0.68
90,84,0.68
85,86,1.00
86,85,1.00
85,87,0.81
87,85,0.81
85,88,0.71
88,85,0.71
85,90,0.58
90,85,0.58
86,87,1.00
87,86,1.00
86,88,0.77
88,86,0.77
86,89,0.59
89,86,0.59
86,90,0.62
90,86,0.62
87,88,1.00
88,87,1.00
87,89,0.69
89,87,0.69
87,90,0.65
90,87,0.65
88,89,1.00
89,88,1.00
88,90,0.83
90,88,0.83
88,91,0.64
91,88,0.64
88,92,0.63
92,88,0.63
89,90,1.00
90,89,1.00
89,91,0.73
91,89,0.73
89,92,0.74
92,89,0.74
90,91,1.00
91,90,1.00
90,92,0.83
92,90,0.83
90,93,0.60
93,90,0.60
90,94,0.58
94,90,0.58
90,96,0.58
96,90,0.58
91,92,1.00
92,91,1.00
91,93,0.75
93,91,0.75
91,94,0.71
94,91,0.71
91,95,0.69
95,91,0.69
91,96,0.69
96,91,0.69
91,97,0.58
97,91,0.58
92,93,1.00
93,92,1.00
92,94,0.81
94,92,0.81
92,95,0.67
95,92,0.67
92,96,0.59
96,92,0.59
93,94,1.00
94,93,1.00
93,95,0.75
95,93,0.75
93,96,0.59
96,93,0.59
94,95,1.00
95,94,1.00
94,96,0.74
96,94,0.74
94,97,0.59
97,94,0.59
95,96,1.00
96,95,1.00
95,97,0.81
97,95,0.81
95,98,0.65
98,95,0.65
95,99,0.64
99,95,0.64
95,111,0.57
111,95,0.57
96,97,1.00
97,96,1.00
96,98,0.71
98,96,0.71
96,99,0.61
99,96,0.61
96,111,0.67
111,96,0.67
97,98,1.00
98,97,1.00
97,99,0.77
99,97,0.77
97,106,0.62
106,97,0.62
97,111,0.65
111,97,0.65
97,112,0.59
112,97,0.59
97,113,0.60
113,97,0.60
98,99,1.00
99,98,1.00
98,100,0.75
100,98,0.75
98,101,0.64
101,98,0.64
98,104,0.62
104,98,0.62
98,105,0.76
105,98,0.76
98,106,0.76
106,98,0.76
98,107,0.65
107,98,0.65
98,108,0.60
108,98,0.60
98,111,0.65
111,98,0.65
98,112,0.68
112,98,0.68
98,113,0.70
113,98,0.70
99,100,1.00
100,99,1.00
99,101,0.80
101,99,0.80
99,102,0.59
102,99,0.59
99,104,0.61
104,99,0.61
99,105,0.68
105,99,0.68
99,106,0.60
106,99,0.60
99,112,0.61
112,99,0.61
99,113,0.72
113,99,0.72
99,114,0.61
114,99,0.61
100,101,1.00
101,100,1.00
100,102,0.73
102,100,0.73
100,103,0.62
103,100,0.62
100,104,0.66
104,100,0.66
100,105,0.70
105,100,0.70
100,113,0.63
113,100,0.63
100,114,0.59
114,100,0.59
101,102,1.00
102,101,1.00
101,103,0.79
103,101,0.79
101,104,0.75
104,101,0.75
101,105,0.66
105,101,0.66
101,112,0.58
112,101,0.58
101,113,0.73
113,101,0.73
101,114,0.77
114,101,0.77
101,115,0.65
115,101,0.65
101,116,0.64
116,101,0.64
102,103,1.00
103,102,1.00
102,104,0.76
104,102,0.76
102,105,0.61
105,102,0.61
102,113,0.61
113,102,0.61
102,114,0.70
114,102,0.70
102,115,0.58
115,102,0.58
102,116,0.63
116,102,0.63
103,104,1.00
104,103,1.00
103,105,0.70
105,103,0.70
103,108,0.58
108,103,0.58
103,112,0.59
112,103,0.59
103,113,0.64
113,103,0.64
103,114,0.70
114,103,0.70
104,105,1.00
105,104,1.00
104,106,0.71
106,104,0.71
104,107,0.68
107,104,0.68
104,108,0.72
108,104,0.72
104,112,0.68
112,104,0.68
104,113,0.68
113,104,0.68
104,114,0.63
114,104,0.63
105,106,1.00
106,105,1.00
105,107,0.81
107,105,0.81
105,108,0.72
108,105,0.72
105,112,0.65
112,105,0.65
105,113,0.62
113,105,0.62
106,107,1.00
107,106,1.00
106,108,0.73
108,106,0.73
106,109,0.61
109,106,0.61
106,112,0.61
112,106,0.61
107,108,1.00
108,107,1.00
107,109,0.85
109,107,0.85
107,110,0.65
110,107,0.65
107,111,0.62
111,107,0.62
107,112,0.71
112,107,0.71
108,109,1.00
109,108,1.00
108,110,0.76
110,108,0.76
108,111,0.74
111,108,0.74
108,112,0.95
112,108,0.95
108,113,0.67
113,108,0.67
109,110,1.00
110,109,1.00
109,111,0.78
111,109,0.78
109,112,0.80
112,109,0.80
109,113,0.57
113,109,0.57
110,111,1.00
111,110,1.00
110,112,0.81
112,110,0.81
110,113,0.60
113,110,0.60
111,112,1.00
112,111,1.00
111,113,0.81
113,111,0.81
111,114,0.60
114,111,0.60
112,113,1.00
113,112,1.00
112,114,0.73
114,112,0.73
113,114,1.00
114,113,1.00
113,115,0.76
115,113,0.76
113,116,0.59
116,113,0.59
114,115,1.00
115,114,1.00
114,116,0.79
116,114,0.79
114,117,0.58
117,114,0.58
115,116,1.00
116,115,1.00
115,117,0.75
117,115,0.75
115,118,0.60
118,115,0.60
116,117,1.00
117,116,1.00
116,118,0.83
118,116,0.83
116,119,0.62
119,116,0.62
116,121,0.57
121,116,0.57
117,118,1.00
118,117,1.00
117,119,0.83
119,117,0.83
117,120,0.73
120,117,0.73
117,121,0.70
121,117,0.70
118,119,1.00
119,118,1.00
118,120,0.77
120,118,0.77
118,121,0.71
121,118,0.71
119,120,1.00
120,119,1.00
119,121,0.75
121,119,0.75
120,121,1.00
121,120,1.00
120,122,0.73
122,120,0.73
120,123,0.63
123,120,0.63
121,122,1.00
122,121,1.00
121,123,0.74
123,121,0.74
121,124,0.58
124,121,0.58
122,123,1.00
123,122,1.00
122,124,0.73
124,122,0.73
122,125,0.62
125,122,0.62
123,124,1.00
124,123,1.00
123,125,0.72
125,123,0.72
124,125,1.00
125,124,1.00
124,126,0.76
126,124,0.76
124,127,0.58
127,124,0.58
125,126,1.00
126,125,1.00
125,127,0.78
127,125,0.78
125,128,0.59
128,125,0.59
126,127,1.00
127,126,1.00
126,128,0.79
128,126,0.79
126,129,0.62
129,126,0.62
127,128,1.00
128,127,1.00
127,129,0.70
129,127,0.70
127,169,0.60
169,127,0.60
128,129,1.00
129,128,1.00
128,130,0.75
130,128,0.75
128,168,0.62
168,128,0.62
128,169,0.70
169,128,0.70
129,130,1.00
130,129,1.00
129,131,0.74
131,129,0.74
129,132,0.76
132,129,0.76
129,133,0.58
133,129,0.58
129,166,0.65
166,129,0.65
129,167,0.58
167,129,0.58
129,168,0.68
168,129,0.68
129,169,0.70
169,129,0.70
130,131,1.00
131,130,1.00
130,132,0.85
132,130,0.85
130,133,0.67
133,130,0.67
130,165,0.65
165,130,0.65
130,166,0.79
166,130,0.79
130,167,0.65
167,130,0.65
130,168,0.68
168,130,0.68
130,169,0.73
169,130,0.73
131,132,1.00
132,131,1.00
131,133,0.83
133,131,0.83
131,134,0.67
134,131,0.67
131,135,0.70
135,131,0.70
131,136,0.66
136,131,0.66
131,137,0.58
137,131,0.58
131,163,0.60
163,131,0.60
131,164,0.67
164,131,0.67
131,165,0.94
165,131,0.94
131,166,1.00
166,131,1.00
131,167,0.70
167,131,0.70
131,168,0.64
168,131,0.64
131,169,0.62
169,131,0.62
132,133,1.00
133,132,1.00
132,134,0.81
134,132,0.81
132,135,0.89
135,132,0.89
132,136,0.71
136,132,0.71
132,137,0.59
137,132,0.59
132,164,0.57
164,132,0.57
132,165,0.77
165,132,0.77
132,166,0.75
166,132,0.75
133,134,1.00
134,133,1.00
133,135,0.83
135,133,0.83
133,136,0.65
136,133,0.65
133,163,0.61
163,133,0.61
133,164,0.58
164,133,0.58
133,165,0.72
165,133,0.72
133,166,0.62
166,133,0.62
134,135,1.00
135,134,1.00
134,136,0.79
136,134,0.79
134,137,0.58
137,134,0.58
134,146,0.57
146,134,0.57
134,147,0.69
147,134,0.69
134,148,0.61
148,134,0.61
134,163,0.71
163,134,0.71
134,164,0.60
164,134,0.60
134,165,0.71
165,134,0.71
135,136,1.00
136,135,1.00
135,137,0.74
137,135,0.74
135,145,0.59
145,135,0.59
135,146,0.59
146,135,0.59
135,147,0.66
147,135,0.66
135,163,0.65
163,135,0.65
135,164,0.59
164,135,0.59
135,165,0.74
165,135,0.74
135,166,0.62
166,135,0.62
136,137,1.00
137,136,1.00
136,138,0.77
138,136,0.77
136,139,0.60
139,136,0.60
136,144,0.58
144,136,0.58
136,145,0.70
145,136,0.70
136,146,0.62
146,136,0.62
136,147,0.62
147,136,0.62
136,161,0.58
161,136,0.58
136,162,0.72
162,136,0.72
136,163,0.78
163,136,0.78
136,164,0.72
164,136,0.72
136,165,0.86
165,136,0.86
136,166,0.68
166,136,0.68
137,138,1.00
138,137,1.00
137,139,0.82
139,137,0.82
137,140,0.59
140,137,0.59
137,143,0.65
143,137,0.65
137,144,0.60
144,137,0.60
137,145,0.66
145,137,0.66
137,162,0.63
162,137,0.63
137,163,0.62
163,137,0.62
137,164,0.64
164,137,0.64
137,165,0.72
165,137,0.72
137,166,0.66
166,137,0.66
137,167,0.61
167,137,0.61
138,139,1.00
139,138,1.00
138,140,0.71
140,138,0.71
138,141,0.63
141,138,0.63
138,142,0.68
142,138,0.68
138,143,0.82
143,138,0.82
138,144,0.68
144,138,0.68
138,145,0.66
145,138,0.66
138,162,0.69
162,138,0.69
138,163,0.60
163,138,0.60
138,164,0.63
164,138,0.63
138,165,0.63
165,138,0.63
138,166,0.57
166,138,0.57
139,140,1.00
140,139,1.00
139,141,0.75
141,139,0.75
139,142,0.70
142,139,0.70
139,143,0.74
143,139,0.74
139,144,0.57
144,139,0.57
140,141,1.00
141,140,1.00
140,142,0.77
142,140,0.77
140,143,0.68
143,140,0.68
141,142,1.00
142,141,1.00
141,143,0.74
143,141,0.74
142,143,1.00
143,142,1.00
142,144,0.72
144,142,0.72
143,144,1.00
144,143,1.00
143,145,0.75
145,143,0.75
143,162,0.59
162,143,0.59
144,145,1.00
145,144,1.00
144,146,0.71
146,144,0.71
144,161,0.62
161,144,0.62
144,162,0.63
162,144,0.63
145,146,1.00
146,145,1.00
145,147,0.72
147,145,0.72
145,149,0.57
149,145,0.57
145,161,0.64
161,145,0.64
145,162,0.66
162,145,0.66
146,147,1.00
147,146,1.00
146,148,0.72
148,146,0.72
146,149,0.77
149,146,0.77
146,161,0.61
161,146,0.61
146,162,0.58
162,146,0.58
147,148,1.00
148,147,1.00
147,149,0.88
149,147,0.88
147,150,0.63
150,147,0.63
148,149,1.00
149,148,1.00
148,150,0.78
150,148,0.78
148,151,0.66
151,148,0.66
149,150,1.00
150,149,1.00
149,151,0.72
151,149,0.72
149,153,0.63
153,149,0.63
150,151,1.00
151,150,1.00
150,152,0.73
152,150,0.73
150,153,0.83
153,150,0.83
150,154,0.61
154,150,0.61
151,152,1.00
152,151,1.00
151,153,0.90
153,151,0.90
151,154,0.64
154,151,0.64
152,153,1.00
153,152,1.00
152,154,0.78
154,152,0.78
152,155,0.57
155,152,0.57
153,154,1.00
154,153,1.00
153,155,0.74
155,153,0.74
153,156,0.65
156,153,0.65
153,157,0.58
157,153,0.58
154,155,1.00
155,154,1.00
154,156,0.77
156,154,0.77
154,157,0.68
157,154,0.68
155,156,1.00
156,155,1.00
155,157,0.76
157,155,0.76
155,158,0.59
158,155,0.59
155,160,0.59
160,155,0.59
156,157,1.00
157,156,1.00
156,158,0.80
158,156,0.80
156,159,0.68
159,156,0.68
156,160,0.78
160,156,0.78
156,161,0.58
161,156,0.58
157,158,1.00
158,157,1.00
157,159,0.71
159,157,0.71
157,160,0.73
160,157,0.73
158,159,0.99
159,158,0.99
158,160,0.82
160,158,0.82
158,161,0.60
161,158,0.60
159,160,1.00
160,159,1.00
159,161,0.78
161,159,0.78
159,162,0.66
162,159,0.66
159,163,0.58
163,159,0.58
160,161,1.00
161,160,1.00
160,162,0.72
162,160,0.72
160,163,0.63
163,160,0.63
161,162,1.00
162,161,1.00
161,163,0.80
163,161,0.80
161,164,0.61
164,161,0.61
162,163,1.00
163,162,1.00
162,164,0.81
164,162,0.81
162,165,0.66
165,162,0.66
163,164,1.00
164,163,1.00
163,165,0.85
165,163,0.85
163,166,0.60
166,163,0.60
164,165,1.00
165,164,1.00
164,166,0.76
166,164,0.76
164,167,0.62
167,164,0.62
165,166,1.00
166,165,1.00
165,167,0.71
167,165,0.71
165,168,0.58
168,165,0.58
166,167,1.00
167,166,1.00
166,168,0.79
168,166,0.79
166,169,0.69
169,166,0.69
167,168,1.00
168,167,1.00
167,169,0.80
169,167,0.80
168,169,1.00
169,168,1.00
