2,3,1.00
3,2,1.00
2,4,0.73
4,2,0.73
2,5,0.62
5,2,0.62
3,4,1.00
4,3,1.00
3,5,0.75
5,3,0.75
3,6,0.64
6,3,0.64
4,5,1.00
5,4,1.00
4,6,0.76
6,4,0.76
4,7,0.59
7,4,0.59
5,6,1.00
6,5,1.00
5,7,0.76
7,5,0.76
5,8,0.62
8,5,0.62
5,13,0.62
13,5,0.62
5,14,0.59
14,5,0.59
6,7,1.00
7,6,1.00
6,8,0.78
8,6,0.78
6,9,0.60
9,6,0.60
6,13,0.63
13,6,0.63
6,14,0.61
14,6,0.61
7,8,1.00
8,7,1.00
7,9,0.76
9,7,0.76
7,10,0.59
10,7,0.59
7,11,0.66
11,7,0.66
7,12,0.65
12,7,0.65
7,13,0.75
13,7,0.75
7,14,0.78
14,7,0.78
7,15,0.58
15,7,0.58
8,9,1.00
9,8,1.00
8,10,0.80
10,8,0.80
8,11,0.92
11,8,0.92
8,12,0.79
12,8,0.79
8,13,0.76
13,8,0.76
8,14,0.70
14,8,0.70
9,10,1.00
10,9,1.00
9,11,0.86
11,9,0.86
9,12,0.66
12,9,0.66
9,13,0.60
13,9,0.60
9,14,0.60
14,9,0.60
10,11,1.00
11,10,1.00
10,12,0.70
12,10,0.70
10,13,0.58
13,10,0.58
11,12,1.00
12,11,1.00
11,13,0.75
13,11,0.75
11,14,0.63
14,11,0.63
12,13,1.00
13,12,1.00
12,14,0.73
14,12,0.73
12,15,0.61
15,12,0.61
13,14,1.00
14,13,1.00
13,15,0.81
15,13,0.81
13,16,0.61
16,13,0.61
14,15,1.00
15,14,1.00
14,16,0.77
16,14,0.77
14,17,0.58
17,14,0.58
14,25,0.62
25,14,0.62
14,26,0.58
26,14,0.58
15,16,1.00
16,15,1.00
15,17,0.76
17,15,0.76
15,18,0.58
18,15,0.58
15,25,0.68
25,15,0.68
15,26,0.66
26,15,0.66
16,17,1.00
17,16,1.00
16,18,0.77
18,16,0.77
16,19,0.58
19,16,0.58
16,23,0.65
23,16,0.65
16,24,0.68
24,16,0.68
16,25,0.82
25,16,0.82
16,26,0.70
26,16,0.70
17,18,1.00
18,17,1.00
17,19,0.77
19,17,0.77
17,20,0.59
20,17,0.59
17,23,0.70
23,17,0.70
17,24,0.63
24,17,0.63
17,25,0.67
25,17,0.67
17,26,0.61
26,17,0.61
18,19,1.00
19,18,1.00
18,20,0.80
20,18,0.80
18,21,0.68
21,18,0.68
18,22,0.73
22,18,0.73
18,23,0.86
23,18,0.86
18,24,0.68
24,18,0.68
18,25,0.62
25,18,0.62
19,20,1.00
20,19,1.00
19,21,0.74
21,19,0.74
19,22,0.69
22,19,0.69
19,23,0.70
23,19,0.70
20,21,1.00
21,20,1.00
20,22,0.77
22,20,0.77
20,23,0.66
23,20,0.66
21,22,1.00
22,21,1.00
21,23,0.72
23,21,0.72
22,23,1.00
23,22,1.00
22,24,0.72
24,22,0.72
23,24,1.00
24,23,1.00
23,25,0.74
25,23,0.74
23,26,0.62
26,23,0.62
24,25,1.00
25,24,1.00
24,26,0.77
26,24,0.77
24,27,0.63
27,24,0.63
25,26,1.00
26,25,1.00
25,27,0.75
27,25,0.75
25,28,0.59
28,25,0.59
26,27,1.00
27,26,1.00
26,28,0.73
28,26,0.73
27,28,1.00
28,27,1.00
27,29,0.74
29,27,0.74
28,29,1.00
29,28,1.00
28,30,0.72
30,28,0.72
28,31,0.58
31,28,0.58
29,30,1.00
30,29,1.00
29,31,0.80
31,29,0.80
29,32,0.65
32,29,0.65
29,60,0.61
60,29,0.61
30,31,1.00
31,30,1.00
30,32,0.73
32,30,0.73
30,53,0.62
53,30,0.62
30,59,0.58
59,30,0.58
30,60,0.70
60,30,0.70
31,32,1.00
32,31,1.00
31,33,0.72
33,31,0.72
31,34,0.68
34,31,0.68
31,53,0.69
53,31,0.69
32,33,1.00
33,32,1.00
32,34,0.78
34,32,0.78
32,35,0.59
35,32,0.59
33,34,1.00
34,33,1.00
33,35,0.72
35,33,0.72
33,36,0.58
36,33,0.58
34,35,1.00
35,34,1.00
34,36,0.76
36,34,0.76
34,52,0.59
52,34,0.59
34,53,0.59
53,34,0.59
35,36,1.00
36,35,1.00
35,37,0.74
37,35,0.74
35,52,0.62
52,35,0.62
36,37,1.00
37,36,1.00
36,38,0.72
38,36,0.72
36,39,0.61
39,36,0.61
36,51,0.63
51,36,0.63
36,52,0.82
52,36,0.82
36,53,0.67
53,36,0.67
37,38,1.00
38,37,1.00
37,39,0.83
39,37,0.83
37,40,0.67
40,37,0.67
37,51,0.60
51,37,0.60
37,52,0.72
52,37,0.72
38,39,1.00
39,38,1.00
38,40,0.74
40,38,0.74
38,51,0.58
51,38,0.58
38,52,0.67
52,38,0.67
38,76,0.62
76,38,0.62
38,77,0.60
77,38,0.60
38,101,0.59
101,38,0.59
38,102,0.63
102,38,0.63
38,103,0.69
103,38,0.69
38,104,0.67
104,38,0.67
39,40,1.00
40,39,1.00
39,41,0.72
41,39,0.72
39,51,0.58
51,39,0.58
39,52,0.59
52,39,0.59
39,77,0.59
77,39,0.59
39,99,0.57
99,39,0.57
39,100,0.58
100,39,0.58
39,101,0.69
101,39,0.69
39,102,0.80
102,39,0.80
39,103,0.95
103,39,0.95
39,104,0.78
104,39,0.78
39,105,0.62
105,39,0.62
40,41,1.00
41,40,1.00
40,42,0.73
42,40,0.73
40,50,0.58
50,40,0.58
40,51,0.67
51,40,0.67
40,52,0.61
52,40,0.61
40,77,0.68
77,40,0.68
40,99,0.59
99,40,0.59
40,100,0.66
100,40,0.66
40,101,0.90
101,40,0.90
40,102,0.90
102,40,0.90
40,103,0.86
103,40,0.86
40,104,0.65
104,40,0.65
40,115,0.60
115,40,0.60
41,42,1.00
42,41,1.00
41,43,0.73
43,41,0.73
41,47,0.58
47,41,0.58
41,51,0.58
51,41,0.58
41,77,0.59
77,41,0.59
41,100,0.62
100,41,0.62
41,101,0.88
101,41,0.88
41,102,0.84
102,41,0.84
41,103,0.76
103,41,0.76
41,114,0.64
114,41,0.64
41,115,0.73
115,41,0.73
42,43,1.00
43,42,1.00
42,44,0.73
44,42,0.73
42,45,0.60
45,42,0.60
42,46,0.64
46,42,0.64
42,47,0.74
47,42,0.74
42,48,0.66
48,42,0.66
42,77,0.57
77,42,0.57
42,79,0.64
79,42,0.64
42,100,0.64
100,42,0.64
42,101,0.86
101,42,0.86
42,102,0.72
102,42,0.72
42,103,0.60
103,42,0.60
42,115,0.71
115,42,0.71
42,116,0.59
116,42,0.59
42,117,0.61
117,42,0.61
43,44,1.00
44,43,1.00
43,45,0.83
45,43,0.83
43,46,0.87
46,43,0.87
43,47,0.89
47,43,0.89
43,48,0.67
48,43,0.67
43,79,0.59
79,43,0.59
43,101,0.62
101,43,0.62
43,115,0.58
115,43,0.58
44,45,1.00
45,44,1.00
44,46,0.79
46,44,0.79
44,47,0.70
47,44,0.70
44,117,0.61
117,44,0.61
45,46,1.00
46,45,1.00
45,47,0.76
47,45,0.76
46,47,1.00
47,46,1.00
46,48,0.71
48,46,0.71
46,49,0.61
49,46,0.61
47,48,1.00
48,47,1.00
47,49,0.75
49,47,0.75
47,50,0.65
50,47,0.65
47,78,0.58
78,47,0.58
47,79,0.72
79,47,0.72
47,80,0.57
80,47,0.57
47,101,0.59
101,47,0.59
48,49,1.00
49,48,1.00
48,50,0.83
50,48,0.83
48,51,0.66
51,48,0.66
48,55,0.69
55,48,0.69
48,56,0.59
56,48,0.59
48,77,0.67
77,48,0.67
48,78,0.72
78,48,0.72
48,79,0.85
79,48,0.85
48,80,0.61
80,48,0.61
48,100,0.59
100,48,0.59
48,101,0.63
101,48,0.63
49,50,1.00
50,49,1.00
49,51,0.71
51,49,0.71
49,54,0.68
54,49,0.68
49,55,0.82
55,49,0.82
49,56,0.66
56,49,0.66
49,77,0.61
77,49,0.61
49,78,0.60
78,49,0.60
49,79,0.63
79,49,0.63
50,51,1.00
51,50,1.00
50,52,0.70
52,50,0.70
50,53,0.62
53,50,0.62
50,54,0.80
54,50,0.80
50,55,0.84
55,50,0.84
50,56,0.61
56,50,0.61
50,76,0.58
76,50,0.58
50,77,0.69
77,50,0.69
50,78,0.60
78,50,0.60
50,79,0.58
79,50,0.58
50,101,0.58
101,50,0.58
51,52,1.00
52,51,1.00
51,53,0.78
53,51,0.78
51,54,0.89
54,51,0.89
51,55,0.83
55,51,0.83
51,56,0.59
56,51,0.59
51,74,0.58
74,51,0.58
51,75,0.67
75,51,0.67
51,76,0.75
76,51,0.75
51,77,0.85
77,51,0.85
51,78,0.64
78,51,0.64
51,100,0.58
100,51,0.58
51,101,0.63
101,51,0.63
52,53,1.00
53,52,1.00
52,54,0.84
54,52,0.84
52,55,0.68
55,52,0.68
52,69,0.58
69,52,0.58
52,75,0.69
75,52,0.69
52,76,0.79
76,52,0.79
52,77,0.73
77,52,0.73
53,54,1.00
54,53,1.00
53,55,0.73
55,53,0.73
53,56,0.59
56,53,0.59
53,57,0.63
57,53,0.63
53,60,0.61
60,53,0.61
53,70,0.58
70,53,0.58
53,74,0.57
74,53,0.57
53,75,0.76
75,53,0.76
53,76,0.70
76,53,0.70
53,77,0.61
77,53,0.61
54,55,1.00
55,54,1.00
54,56,0.72
56,54,0.72
54,57,0.74
57,54,0.74
54,58,0.57
58,54,0.57
54,74,0.61
74,54,0.61
54,75,0.73
75,54,0.73
54,76,0.66
76,54,0.66
54,77,0.64
77,54,0.64
55,56,1.00
56,55,1.00
55,57,0.83
57,55,0.83
55,58,0.60
58,55,0.60
55,70,0.57
70,55,0.57
55,73,0.61
73,55,0.61
55,74,0.76
74,55,0.76
55,75,0.78
75,55,0.78
55,76,0.69
76,55,0.69
55,77,0.73
77,55,0.73
55,78,0.67
78,55,0.67
55,79,0.59
79,55,0.59
56,57,1.00
57,56,1.00
56,58,0.74
58,56,0.74
56,59,0.58
59,56,0.58
56,70,0.61
70,56,0.61
56,72,0.60
72,56,0.60
56,73,0.81
73,56,0.81
56,74,0.91
74,56,0.91
56,75,0.76
75,56,0.76
56,76,0.61
76,56,0.61
56,77,0.61
77,56,0.61
56,78,0.64
78,56,0.64
57,58,1.00
58,57,1.00
57,59,0.74
59,57,0.74
57,60,0.61
60,57,0.61
57,70,0.59
70,57,0.59
57,73,0.70
73,57,0.70
57,74,0.73
74,57,0.73
57,75,0.72
75,57,0.72
58,59,1.00
59,58,1.00
58,60,0.71
60,58,0.71
58,61,0.61
61,58,0.61
58,62,0.58
62,58,0.58
58,70,0.59
70,58,0.59
58,73,0.69
73,58,0.69
58,74,0.65
74,58,0.65
58,75,0.64
75,58,0.64
59,60,1.00
60,59,1.00
59,61,0.79
61,59,0.79
59,62,0.69
62,59,0.69
59,70,0.62
70,59,0.62
59,73,0.59
73,59,0.59
59,74,0.58
74,59,0.58
59,75,0.63
75,59,0.63
60,61,1.00
61,60,1.00
60,62,0.72
62,60,0.72
60,63,0.57
63,60,0.57
60,70,0.66
70,60,0.66
60,75,0.65
75,60,0.65
61,62,1.00
62,61,1.00
61,63,0.75
63,61,0.75
61,64,0.63
64,61,0.63
61,65,0.64
65,61,0.64
61,69,0.63
69,61,0.63
61,70,0.79
70,61,0.79
61,71,0.62
71,61,0.62
61,75,0.66
75,61,0.66
62,63,1.00
63,62,1.00
62,64,0.73
64,62,0.73
62,65,0.65
65,62,0.65
62,69,0.61
69,62,0.61
62,70,0.78
70,62,0.78
62,71,0.71
71,62,0.71
62,72,0.62
72,62,0.62
62,73,0.60
73,62,0.60
62,74,0.57
74,62,0.57
62,75,0.60
75,62,0.60
63,64,1.00
64,63,1.00
63,65,0.75
65,63,0.75
63,68,0.65
68,63,0.65
63,69,0.70
69,63,0.70
63,70,0.87
70,63,0.87
63,71,0.98
71,63,0.98
63,72,0.77
72,63,0.77
63,73,0.65
73,63,0.65
63,74,0.63
74,63,0.63
63,75,0.61
75,63,0.61
64,65,1.00
65,64,1.00
64,66,0.75
66,64,0.75
64,67,0.75
67,64,0.75
64,68,0.87
68,64,0.87
64,69,0.81
69,64,0.81
64,70,0.81
70,64,0.81
64,71,0.95
71,64,0.95
64,72,0.67
72,64,0.67
64,74,0.58
74,64,0.58
64,75,0.58
75,64,0.58
65,66,1.00
66,65,1.00
65,67,0.82
67,65,0.82
65,68,0.87
68,65,0.87
65,69,0.86
69,65,0.86
65,70,0.74
70,65,0.74
65,71,0.71
71,65,0.71
65,75,0.57
75,65,0.57
65,76,0.59
76,65,0.59
66,67,1.00
67,66,1.00
66,68,0.81
68,66,0.81
66,69,0.70
69,66,0.70
67,68,1.00
68,67,1.00
67,69,0.71
69,67,0.71
67,71,0.61
71,67,0.61
67,97,0.65
97,67,0.65
67,98,0.71
98,67,0.71
67,99,0.63
99,67,0.63
68,69,1.00
69,68,1.00
68,70,0.75
70,68,0.75
68,71,0.81
71,68,0.81
68,72,0.60
72,68,0.60
68,74,0.60
74,68,0.60
68,75,0.62
75,68,0.62
68,76,0.71
76,68,0.71
68,77,0.61
77,68,0.61
68,78,0.59
78,68,0.59
68,97,0.58
97,68,0.58
68,98,0.70
98,68,0.70
68,99,0.70
99,68,0.70
68,100,0.62
100,68,0.62
69,70,1.00
70,69,1.00
69,71,0.85
71,69,0.85
69,72,0.62
72,69,0.62
69,73,0.58
73,69,0.58
69,74,0.72
74,69,0.72
69,75,0.85
75,69,0.85
69,76,0.96
76,69,0.96
69,77,0.70
77,69,0.70
69,78,0.62
78,69,0.62
69,99,0.60
99,69,0.60
69,100,0.60
100,69,0.60
70,71,1.00
71,70,1.00
70,72,0.76
72,70,0.76
70,73,0.74
73,70,0.74
70,74,0.88
74,70,0.88
70,75,1.00
75,70,1.00
70,76,0.81
76,70,0.81
70,77,0.62
77,70,0.62
70,78,0.59
78,70,0.59
71,72,1.00
72,71,1.00
71,73,0.78
73,71,0.78
71,74,0.81
74,71,0.81
71,75,0.72
75,71,0.72
71,76,0.66
76,71,0.66
71,78,0.60
78,71,0.60
71,136,0.59
136,71,0.59
72,73,1.00
73,72,1.00
72,74,0.83
74,72,0.83
72,75,0.64
75,72,0.64
72,78,0.59
78,72,0.59
72,126,0.57
126,72,0.57
72,135,0.59
135,72,0.59
72,136,0.77
136,72,0.77
72,137,0.69
137,72,0.69
73,74,1.00
74,73,1.00
73,75,0.72
75,73,0.72
73,76,0.58
76,73,0.58
73,78,0.60
78,73,0.60
73,136,0.63
136,73,0.63
73,137,0.63
137,73,0.63
74,75,1.00
75,74,1.00
74,76,0.79
76,74,0.79
74,77,0.72
77,74,0.72
74,78,0.77
78,74,0.77
74,79,0.60
79,74,0.60
75,76,1.00
76,75,1.00
75,77,0.76
77,75,0.76
75,78,0.67
78,75,0.67
76,77,1.00
77,76,1.00
76,78,0.77
78,76,0.77
76,99,0.61
99,76,0.61
76,100,0.69
100,76,0.69
76,101,0.62
101,76,0.62
77,78,1.00
78,77,1.00
77,79,0.73
79,77,0.73
77,80,0.59
80,77,0.59
77,99,0.67
99,77,0.67
77,100,0.89
100,77,0.89
77,101,0.82
101,77,0.82
77,102,0.63
102,77,0.63
78,79,1.00
79,78,1.00
78,80,0.81
80,78,0.81
78,81,0.65
81,78,0.65
78,99,0.68
99,78,0.68
78,100,0.95
100,78,0.95
78,101,0.76
101,78,0.76
78,102,0.58
102,78,0.58
78,124,0.58
124,78,0.58
79,80,1.00
80,79,1.00
79,81,0.74
81,79,0.74
79,99,0.58
99,79,0.58
79,100,0.79
100,79,0.79
79,101,0.72
101,79,0.72
79,124,0.71
124,79,0.71
79,125,0.63
125,79,0.63
80,81,1.00
81,80,1.00
80,82,0.71
82,80,0.71
80,99,0.59
99,80,0.59
80,100,0.73
100,80,0.73
80,101,0.61
101,80,0.61
80,122,0.61
122,80,0.61
80,123,0.66
123,80,0.66
80,124,0.94
124,80,0.94
80,125,0.88
125,80,0.88
80,126,0.75
126,80,0.75
81,82,1.00
82,81,1.00
81,83,0.72
83,81,0.72
81,84,0.67
84,81,0.67
81,85,0.62
85,81,0.62
81,98,0.60
98,81,0.60
81,99,0.63
99,81,0.63
81,100,0.71
100,81,0.71
81,101,0.60
101,81,0.60
81,118,0.62
118,81,0.62
81,120,0.59
120,81,0.59
81,122,0.59
122,81,0.59
81,123,0.61
123,81,0.61
81,124,0.77
124,81,0.77
81,125,0.87
125,81,0.87
81,126,0.74
126,81,0.74
82,83,1.00
83,82,1.00
82,84,0.85
84,82,0.85
82,85,0.67
85,82,0.67
82,98,0.60
98,82,0.60
82,118,0.64
118,82,0.64
82,119,0.59
119,82,0.59
82,120,0.61
120,82,0.61
82,124,0.64
124,82,0.64
82,125,0.81
125,82,0.81
82,126,0.74
126,82,0.74
82,127,0.59
127,82,0.59
83,84,1.00
84,83,1.00
83,85,0.71
85,83,0.71
83,117,0.58
117,83,0.58
83,118,0.74
118,83,0.74
83,119,0.69
119,83,0.69
83,120,0.67
120,83,0.67
83,125,0.61
125,83,0.61
84,85,1.00
85,84,1.00
84,86,0.71
86,84,0.71
84,91,0.57
91,84,0.57
84,95,0.60
95,84,0.60
84,96,0.73
96,84,0.73
84,97,0.59
97,84,0.59
84,98,0.60
98,84,0.60
84,116,0.59
116,84,0.59
84,117,0.61
117,84,0.61
84,118,0.69
118,84,0.69
84,119,0.58
119,84,0.58
85,86,1.00
86,85,1.00
85,87,0.71
87,85,0.71
85,88,0.70
88,85,0.70
85,89,0.58
89,85,0.58
85,91,0.66
91,85,0.66
85,92,0.67
92,85,0.67
85,93,0.62
93,85,0.62
85,94,0.61
94,85,0.61
85,95,0.67
95,85,0.67
85,96,0.79
96,85,0.79
85,97,0.67
97,85,0.67
85,98,0.64
98,85,0.64
85,99,0.64
99,85,0.64
85,102,0.62
102,85,0.62
85,115,0.62
115,85,0.62
85,116,0.72
116,85,0.72
85,117,0.66
117,85,0.66
85,118,0.65
118,85,0.65
86,87,1.00
87,86,1.00
86,88,0.84
88,86,0.84
86,89,0.66
89,86,0.66
86,90,0.60
90,86,0.60
86,91,0.74
91,86,0.74
86,92,0.84
92,86,0.84
86,93,0.86
93,86,0.86
86,94,0.81
94,86,0.81
86,95,0.81
95,86,0.81
86,96,0.82
96,86,0.82
86,97,0.72
97,86,0.72
86,98,0.61
98,86,0.61
86,99,0.61
99,86,0.61
86,102,0.63
102,86,0.63
86,103,0.59
103,86,0.59
86,104,0.67
104,86,0.67
86,105,0.62
105,86,0.62
86,106,0.62
106,86,0.62
86,110,0.57
110,86,0.57
86,115,0.62
115,86,0.62
86,116,0.67
116,86,0.67
87,88,1.00
88,87,1.00
87,89,0.77
89,87,0.77
87,90,0.65
90,87,0.65
87,91,0.72
91,87,0.72
87,92,0.81
92,87,0.81
87,93,0.98
93,87,0.98
87,94,0.81
94,87,0.81
87,95,0.68
95,87,0.68
87,96,0.62
96,87,0.62
87,97,0.60
97,87,0.60
87,102,0.63
102,87,0.63
87,103,0.68
103,87,0.68
87,104,0.79
104,87,0.79
87,105,0.83
105,87,0.83
87,106,0.85
106,87,0.85
87,107,0.63
107,87,0.63
87,110,0.69
110,87,0.69
87,111,0.58
111,87,0.58
87,114,0.63
114,87,0.63
87,115,0.65
115,87,0.65
87,116,0.65
116,87,0.65
88,89,1.00
89,88,1.00
88,90,0.74
90,88,0.74
88,91,0.72
91,88,0.72
88,92,0.67
92,88,0.67
88,93,0.68
93,88,0.68
88,94,0.59
94,88,0.59
88,102,0.68
102,88,0.68
88,103,0.72
103,88,0.72
88,104,0.70
104,88,0.70
88,105,0.70
105,88,0.70
88,106,0.66
106,88,0.66
88,110,0.66
110,88,0.66
88,111,0.63
111,88,0.63
88,112,0.63
112,88,0.63
88,113,0.75
113,88,0.75
88,114,0.87
114,88,0.87
88,115,0.93
115,88,0.93
88,116,0.89
116,88,0.89
88,117,0.63
117,88,0.63
89,90,1.00
90,89,1.00
89,91,0.80
91,89,0.80
89,92,0.66
92,89,0.66
89,93,0.62
93,89,0.62
89,105,0.59
105,89,0.59
89,106,0.60
106,89,0.60
89,109,0.61
109,89,0.61
89,110,0.83
110,89,0.83
89,111,0.88
111,89,0.88
89,112,0.88
112,89,0.88
89,113,0.96
113,89,0.96
89,114,0.84
114,89,0.84
89,115,0.76
115,89,0.76
89,116,0.82
116,89,0.82
89,117,0.59
117,89,0.59
90,91,1.00
91,90,1.00
90,92,0.72
92,90,0.72
90,93,0.61
93,90,0.61
90,109,0.64
109,90,0.64
90,110,0.91
110,90,0.91
90,111,0.94
111,90,0.94
90,112,0.82
112,90,0.82
90,113,0.74
113,90,0.74
90,114,0.61
114,90,0.61
90,115,0.59
115,90,0.59
90,116,0.70
116,90,0.70
91,92,1.00
92,91,1.00
91,93,0.72
93,91,0.72
91,95,0.59
95,91,0.59
91,109,0.58
109,91,0.58
91,110,0.78
110,91,0.78
91,111,0.67
111,91,0.67
91,112,0.59
112,91,0.59
91,113,0.57
113,91,0.57
91,116,0.67
116,91,0.67
92,93,1.00
93,92,1.00
92,94,0.74
94,92,0.74
92,95,0.79
95,92,0.79
92,96,0.64
96,92,0.64
92,106,0.62
106,92,0.62
92,109,0.59
109,92,0.59
92,110,0.74
110,92,0.74
92,111,0.58
111,92,0.58
93,94,1.00
94,93,1.00
93,95,0.85
95,93,0.85
93,96,0.66
96,93,0.66
93,97,0.60
97,93,0.60
93,104,0.61
104,93,0.61
93,105,0.67
105,93,0.67
93,106,0.83
106,93,0.83
93,107,0.65
107,93,0.65
93,108,0.63
108,93,0.63
93,109,0.60
109,93,0.60
93,110,0.70
110,93,0.70
94,95,1.00
95,94,1.00
94,96,0.79
96,94,0.79
94,97,0.77
97,94,0.77
94,98,0.57
98,94,0.57
94,104,0.65
104,94,0.65
94,105,0.65
105,94,0.65
94,106,0.72
106,94,0.72
95,96,1.00
96,95,1.00
95,97,0.78
97,95,0.78
95,98,0.59
98,95,0.59
96,97,1.00
97,96,1.00
96,98,0.78
98,96,0.78
96,99,0.63
99,96,0.63
97,98,1.00
98,97,1.00
97,99,0.79
99,97,0.79
97,104,0.60
104,97,0.60
98,99,1.00
99,98,1.00
98,100,0.71
100,98,0.71
98,102,0.59
102,98,0.59
99,100,1.00
100,99,1.00
99,101,0.77
101,99,0.77
99,102,0.79
102,99,0.79
99,103,0.61
103,99,0.61
99,104,0.64
104,99,0.64
100,101,1.00
101,100,1.00
100,102,0.80
102,100,0.80
100,103,0.59
103,100,0.59
101,102,1.00
102,101,1.00
101,103,0.71
103,101,0.71
101,104,0.60
104,101,0.60
101,115,0.63
115,101,0.63
102,103,1.00
103,102,1.00
102,104,0.82
104,102,0.82
102,105,0.61
105,102,0.61
102,114,0.62
114,102,0.62
102,115,0.75
115,102,0.75
102,116,0.60
116,102,0.60
103,104,1.00
104,103,1.00
103,105,0.79
105,103,0.79
103,106,0.59
106,103,0.59
103,114,0.69
114,103,0.69
103,115,0.72
115,103,0.72
104,105,1.00
105,104,1.00
104,106,0.72
106,104,0.72
104,114,0.58
114,104,0.58
104,115,0.60
115,104,0.60
105,106,1.00
106,105,1.00
105,107,0.74
107,105,0.74
105,114,0.60
114,105,0.60
106,107,1.00
107,106,1.00
106,108,0.75
108,106,0.75
106,109,0.63
109,106,0.63
106,110,0.67
110,106,0.67
107,108,1.00
108,107,1.00
107,109,0.74
109,107,0.74
107,110,0.69
110,107,0.69
107,111,0.57
111,107,0.57
108,109,1.00
109,108,1.00
108,110,0.77
110,108,0.77
108,111,0.62
111,108,0.62
109,110,1.00
110,109,1.00
109,111,0.81
111,109,0.81
109,112,0.59
112,109,0.59
110,111,1.00
111,110,1.00
110,112,0.71
112,110,0.71
110,113,0.61
113,110,0.61
111,112,1.00
112,111,1.00
111,113,0.75
113,111,0.75
111,114,0.60
114,111,0.60
112,113,1.00
113,112,1.00
112,114,0.71
114,112,0.71
112,115,0.58
115,112,0.58
112,116,0.60
116,112,0.60
113,114,1.00
114,113,1.00
113,115,0.78
115,113,0.78
113,116,0.75
116,113,0.75
113,117,0.58
117,113,0.58
114,115,1.00
115,114,1.00
114,116,0.77
116,114,0.77
114,117,0.59
117,114,0.59
115,116,1.00
116,115,1.00
115,117,0.77
117,115,0.77
115,118,0.57
118,115,0.57
116,117,1.00
117,116,1.00
116,118,0.72
118,116,0.72
117,118,1.00
118,117,1.00
117,119,0.71
119,117,0.71
118,119,1.00
119,118,1.00
118,120,0.74
120,118,0.74
119,120,1.00
120,119,1.00
119,121,0.71
121,119,0.71
120,121,1.00
121,120,1.00
120,122,0.72
122,120,0.72
120,123,0.62
123,120,0.62
120,124,0.57
124,120,0.57
121,122,1.00
122,121,1.00
121,123,0.78
123,121,0.78
121,124,0.65
124,121,0.65
121,125,0.58
125,121,0.58
122,123,1.00
123,122,1.00
122,124,0.84
124,122,0.84
122,125,0.65
125,122,0.65
123,124,1.00
124,123,1.00
123,125,0.83
125,123,0.83
123,126,0.61
126,123,0.61
123,138,0.58
138,123,0.58
124,125,1.00
125,124,1.00
124,126,0.72
126,124,0.72
124,127,0.59
127,124,0.59
124,138,0.58
138,124,0.58
125,126,1.00
126,125,1.00
125,127,0.76
127,125,0.76
125,138,0.59
138,125,0.59
126,127,1.00
127,126,1.00
126,128,0.72
128,126,0.72
126,129,0.58
129,126,0.58
126,135,0.58
135,126,0.58
126,137,0.60
137,126,0.60
126,138,0.61
138,126,0.61
127,128,1.00
128,127,1.00
127,129,0.80
129,127,0.80
127,130,0.58
130,127,0.58
127,134,0.66
134,127,0.66
127,135,0.73
135,127,0.73
127,136,0.63
136,127,0.63
127,137,0.65
137,127,0.65
127,138,0.69
138,127,0.69
128,129,1.00
129,128,1.00
128,130,0.70
130,128,0.70
128,131,0.66
131,128,0.66
128,132,0.66
132,128,0.66
128,133,0.62
133,128,0.62
128,134,0.80
134,128,0.80
128,135,1.00
135,128,1.00
128,136,0.77
136,128,0.77
128,137,0.70
137,128,0.70
128,138,0.69
138,128,0.69
129,130,1.00
130,129,1.00
129,131,0.80
131,129,0.80
129,132,0.67
132,129,0.67
129,133,0.61
133,129,0.61
129,134,0.78
134,129,0.78
129,135,0.86
135,129,0.86
129,136,0.62
136,129,0.62
129,137,0.59
137,129,0.59
129,138,0.63
138,129,0.63
129,139,0.59
139,129,0.59
130,131,1.00
131,130,1.00
130,132,0.71
132,130,0.71
130,133,0.63
133,130,0.63
130,134,0.74
134,130,0.74
130,135,0.71
135,130,0.71
130,138,0.57
138,130,0.57
130,139,0.60
139,130,0.60
130,140,0.60
140,130,0.60
130,142,0.57
142,130,0.57
131,132,1.00
132,131,1.00
131,133,0.85
133,131,0.85
131,134,0.87
134,131,0.87
131,135,0.81
135,131,0.81
131,136,0.62
136,131,0.62
131,137,0.58
137,131,0.58
131,138,0.60
138,131,0.60
131,139,0.66
139,131,0.66
131,140,0.60
140,131,0.60
131,142,0.57
142,131,0.57
132,133,1.00
133,132,1.00
132,134,0.84
134,132,0.84
132,135,0.90
135,132,0.90
132,136,0.75
136,132,0.75
132,137,0.62
137,132,0.62
132,138,0.58
138,132,0.58
132,139,0.60
139,132,0.60
133,134,1.00
134,133,1.00
133,135,0.85
135,133,0.85
133,136,0.83
136,133,0.83
133,137,0.77
137,133,0.77
133,138,0.71
138,133,0.71
133,139,0.76
139,133,0.76
133,140,0.59
140,133,0.59
134,135,1.00
135,134,1.00
134,136,0.85
136,134,0.85
134,137,0.90
137,134,0.90
134,138,0.96
138,134,0.96
134,139,0.92
139,134,0.92
134,140,0.70
140,134,0.70
134,141,0.60
141,134,0.60
135,136,1.00
136,135,1.00
135,137,0.81
137,135,0.81
135,138,0.74
138,135,0.74
135,139,0.65
139,135,0.65
136,137,1.00
137,136,1.00
136,138,0.72
138,136,0.72
136,139,0.61
139,136,0.61
137,138,1.00
138,137,1.00
137,139,0.76
139,137,0.76
137,140,0.57
140,137,0.57
138,139,1.00
139,138,1.00
138,140,0.75
140,138,0.75
138,141,0.60
141,138,0.60
139,140,1.00
140,139,1.00
139,141,0.84
141,139,0.84
139,142,0.67
142,139,0.67
140,141,1.00
141,140,1.00
140,142,0.86
142,140,0.86
140,143,0.61
143,140,0.61
141,142,1.00
142,141,1.00
141,143,0.75
143,141,0.75
141,144,0.58
144,141,0.58
142,143,1.00
143,142,1.00
142,144,0.77
144,142,0.77
142,145,0.64
145,142,0.64
142,146,0.64
146,142,0.64
143,144,1.00
144,143,1.00
143,145,0.81
145,143,0.81
143,146,0.85
146,143,0.85
143,147,0.62
147,143,0.62
144,145,1.00
145,144,1.00
144,146,0.82
146,144,0.82
144,147,0.63
147,144,0.63
145,146,1.00
146,145,1.00
145,147,0.76
147,145,0.76
146,147,1.00
147,146,1.00
146,148,0.71
148,146,0.71
146,149,0.58
149,146,0.58
147,148,1.00
148,147,1.00
147,149,0.78
149,147,0.78
147,150,0.69
150,147,0.69
148,149,1.00
149,148,1.00
148,150,0.74
150,148,0.74
149,150,1.00
150,149,1.00
149,151,0.73
151,149,0.73
149,152,0.60
152,149,0.60
150,151,1.00
151,150,1.00
150,152,0.80
152,150,0.80
150,153,0.60
153,150,0.60
151,152,1.00
152,151,1.00
151,153,0.71
153,151,0.71
152,153,1.00
153,152,1.00
152,154,0.72
154,152,0.72
152,155,0.61
155,152,0.61
153,154,1.00
154,153,1.00
153,155,0.76
155,153,0.76
153,156,0.58
156,153,0.58
154,155,1.00
155,154,1.00
154,156,0.76
156,154,0.76
154,157,0.57
157,154,0.57
155,156,1.00
156,155,1.00
155,157,0.76
157,155,0.76
155,158,0.59
158,155,0.59
156,157,1.00
157,156,1.00
156,158,0.81
158,156,0.81
156,159,0.59
159,156,0.59
157,158,1.00
158,157,1.00
157,159,0.71
159,157,0.71
158,159,1.00
159,158,1.00
158,160,0.74
160,158,0.74
158,161,0.58
161,158,0.58
159,160,1.00
160,159,1.00
159,161,0.77
161,159,0.77
159,162,0.61
162,159,0.61
160,161,1.00
161,160,1.00
160,162,0.83
162,160,0.83
160,163,0.70
163,160,0.70
161,162,1.00
162,161,1.00
161,163,0.76
163,161,0.76
162,163,1.00
163,162,1.00
162,164,0.73
164,162,0.73
163,164,1.00
164,163,1.00
163,165,0.78
165,163,0.78
163,166,0.68
166,163,0.68
163,167,0.68
167,163,0.68
163,168,0.59
168,163,0.59
164,165,1.00
165,164,1.00
164,166,0.72
166,164,0.72
164,167,0.63
167,164,0.63
165,166,1.00
166,165,1.00
165,167,0.74
167,165,0.74
165,168,0.64
168,165,0.64
166,167,1.00
167,166,1.00
166,168,0.81
168,166,0.81
166,169,0.70
169,166,0.70
167,168,1.00
168,167,1.00
167,169,0.74
169,167,0.74
168,169,1.00
169,168,1.00
