2,3,1.00
3,2,1.00
2,4,0.76
4,2,0.76
2,5,0.59
5,2,0.59
3,4,1.00
4,3,1.00
3,5,0.78
5,3,0.78
3,6,0.59
6,3,0.59
3,29,0.59
29,3,0.59
4,5,1.00
5,4,1.00
4,6,0.77
6,4,0.77
4,28,0.59
28,4,0.59
4,29,0.60
29,4,0.60
5,6,1.00
6,5,1.00
5,7,0.75
7,5,0.75
5,8,0.59
8,5,0.59
5,28,0.76
28,5,0.76
5,29,0.74
29,5,0.74
6,7,1.00
7,6,1.00
6,8,0.77
8,6,0.77
6,9,0.60
9,6,0.60
6,28,0.68
28,6,0.68
6,29,0.59
29,6,0.59
7,8,1.00
8,7,1.00
7,9,0.80
9,7,0.80
7,10,0.60
10,7,0.60
7,13,0.65
13,7,0.65
7,14,0.60
14,7,0.60
7,26,0.57
26,7,0.57
7,27,0.59
27,7,0.59
7,28,0.70
28,7,0.70
7,29,0.57
29,7,0.57
8,9,1.00
9,8,1.00
8,10,0.73
10,8,0.73
8,11,0.61
11,8,0.61
8,12,0.67
12,8,0.67
8,13,0.94
13,8,0.94
8,14,0.75
14,8,0.75
8,26,0.58
26,8,0.58
8,28,0.61
28,8,0.61
9,10,1.00
10,9,1.00
9,11,0.76
11,9,0.76
9,12,0.72
12,9,0.72
9,13,0.92
13,9,0.92
9,14,0.77
14,9,0.77
9,15,0.62
15,9,0.62
10,11,1.00
11,10,1.00
10,12,0.79
12,10,0.79
10,13,0.79
13,10,0.79
10,14,0.65
14,10,0.65
10,15,0.57
15,10,0.57
11,12,1.00
12,11,1.00
11,13,0.80
13,11,0.80
11,14,0.67
14,11,0.67
11,15,0.62
15,11,0.62
12,13,1.00
13,12,1.00
12,14,0.77
14,12,0.77
12,15,0.65
15,12,0.65
13,14,1.00
14,13,1.00
13,15,0.71
15,13,0.71
14,15,1.00
15,14,1.00
14,16,0.74
16,14,0.74
14,17,0.58
17,14,0.58
14,25,0.61
25,14,0.61
14,26,0.69
26,14,0.69
15,16,1.00
16,15,1.00
15,17,0.76
17,15,0.76
15,25,0.60
25,15,0.60
15,26,0.62
26,15,0.62
16,17,1.00
17,16,1.00
16,18,0.74
18,16,0.74
16,23,0.70
23,16,0.70
16,24,0.67
24,16,0.67
16,25,0.72
25,16,0.72
16,26,0.64
26,16,0.64
17,18,1.00
18,17,1.00
17,19,0.75
19,17,0.75
17,20,0.60
20,17,0.60
17,22,0.59
22,17,0.59
17,23,0.75
23,17,0.75
17,24,0.65
24,17,0.65
17,25,0.61
25,17,0.61
18,19,1.00
19,18,1.00
18,20,0.83
20,18,0.83
18,21,0.71
21,18,0.71
18,22,0.78
22,18,0.78
18,23,0.91
23,18,0.91
18,24,0.70
24,18,0.70
18,25,0.58
25,18,0.58
19,20,1.00
20,19,1.00
19,21,0.76
21,19,0.76
19,22,0.69
22,19,0.69
19,23,0.67
23,19,0.67
20,21,1.00
21,20,1.00
20,22,0.78
22,20,0.78
20,23,0.66
23,20,0.66
21,22,1.00
22,21,1.00
21,23,0.71
23,21,0.71
21,24,0.59
24,21,0.59
22,23,1.00
23,22,1.00
22,24,0.76
24,22,0.76
22,25,0.57
25,22,0.57
23,24,1.00
24,23,1.00
23,25,0.76
25,23,0.76
23,26,0.57
26,23,0.57
24,25,1.00
25,24,1.00
24,26,0.74
26,24,0.74
24,27,0.58
27,24,0.58
25,26,1.00
26,25,1.00
25,27,0.72
27,25,0.72
25,28,0.60
28,25,0.60
26,27,1.00
27,26,1.00
26,28,0.74
28,26,0.74
26,29,0.59
29,26,0.59
27,28,1.00
28,27,1.00
27,29,0.77
29,27,0.77
27,30,0.66
30,27,0.66
28,29,1.00
29,28,1.00
28,30,0.73
30,28,0.73
28,31,0.57
31,28,0.57
29,30,1.00
30,29,1.00
29,31,0.75
31,29,0.75
29,32,0.59
32,29,0.59
30,31,1.00
31,30,1.00
30,32,0.75
32,30,0.75
31,32,1.00
32,31,1.00
31,33,0.70
33,31,0.70
32,33,1.00
33,32,1.00
32,34,0.77
34,32,0.77
32,35,0.68
35,32,0.68
33,34,1.00
34,33,1.00
33,35,0.74
35,33,0.74
34,35,1.00
35,34,1.00
34,36,0.73
36,34,0.73
35,36,1.00
36,35,1.00
35,37,0.72
37,35,0.72
36,37,1.00
37,36,1.00
36,38,0.76
38,36,0.76
36,39,0.57
39,36,0.57
36,52,0.57
52,36,0.57
37,38,1.00
38,37,1.00
37,39,0.76
39,37,0.76
37,51,0.61
51,37,0.61
37,52,0.73
52,37,0.73
37,53,0.59
53,37,0.59
38,39,1.00
39,38,1.00
38,40,0.72
40,38,0.72
38,41,0.57
41,38,0.57
38,51,0.57
51,38,0.57
38,52,0.60
52,38,0.60
38,103,0.62
103,38,0.62
38,104,0.60
104,38,0.60
39,40,1.00
40,39,1.00
39,41,0.75
41,39,0.75
39,42,0.59
42,39,0.59
39,43,0.58
43,39,0.58
39,51,0.67
51,39,0.67
39,52,0.62
52,39,0.62
39,101,0.58
101,39,0.58
39,102,0.59
102,39,0.59
39,103,0.78
103,39,0.78
39,104,0.67
104,39,0.67
40,41,1.00
41,40,1.00
40,42,0.77
42,40,0.77
40,43,0.69
43,40,0.69
40,101,0.57
101,40,0.57
40,102,0.60
102,40,0.60
40,103,0.81
103,40,0.81
40,104,0.70
104,40,0.70
41,42,1.00
42,41,1.00
41,43,0.79
43,41,0.79
41,44,0.60
44,41,0.60
41,101,0.64
101,41,0.64
41,102,0.72
102,41,0.72
41,103,0.95
103,41,0.95
41,104,0.82
104,41,0.82
41,105,0.63
105,41,0.63
41,106,0.60
106,41,0.60
42,43,1.00
43,42,1.00
42,44,0.80
44,42,0.80
42,45,0.66
45,42,0.66
42,46,0.59
46,42,0.59
42,101,0.61
101,42,0.61
42,102,0.63
102,42,0.63
42,103,0.70
103,42,0.70
42,104,0.60
104,42,0.60
43,44,1.00
44,43,1.00
43,45,0.78
45,43,0.78
43,46,0.73
46,43,0.73
43,47,0.76
47,43,0.76
43,48,0.60
48,43,0.60
43,101,0.75
101,43,0.75
43,102,0.67
102,43,0.67
43,103,0.68
103,43,0.68
44,45,1.00
45,44,1.00
44,46,0.77
46,44,0.77
44,47,0.75
47,44,0.75
44,101,0.59
101,44,0.59
45,46,1.00
46,45,1.00
45,47,0.78
47,45,0.78
46,47,1.00
47,46,1.00
46,48,0.69
48,46,0.69
46,49,0.66
49,46,0.66
46,50,0.61
50,46,0.61
47,48,1.00
48,47,1.00
47,49,0.82
49,47,0.82
47,50,0.71
50,47,0.71
47,51,0.61
51,47,0.61
47,78,0.62
78,47,0.62
47,79,0.72
79,47,0.72
47,101,0.61
101,47,0.61
48,49,1.00
49,48,1.00
48,50,0.77
50,48,0.77
48,51,0.65
51,48,0.65
48,55,0.69
55,48,0.69
48,56,0.64
56,48,0.64
48,77,0.66
77,48,0.66
48,78,0.78
78,48,0.78
48,79,0.91
79,48,0.91
48,80,0.66
80,48,0.66
48,100,0.59
100,48,0.59
48,101,0.61
101,48,0.61
48,123,0.58
123,48,0.58
49,50,1.00
50,49,1.00
49,51,0.73
51,49,0.73
49,54,0.67
54,49,0.67
49,55,0.81
55,49,0.81
49,56,0.66
56,49,0.66
49,77,0.61
77,49,0.61
49,78,0.64
78,49,0.64
49,79,0.65
79,49,0.65
50,51,1.00
51,50,1.00
50,52,0.72
52,50,0.72
50,53,0.64
53,50,0.64
50,54,0.81
54,50,0.81
50,55,0.83
55,50,0.83
50,56,0.62
56,50,0.62
50,76,0.59
76,50,0.59
50,77,0.67
77,50,0.67
50,78,0.61
78,50,0.61
51,52,1.00
52,51,1.00
51,53,0.75
53,51,0.75
51,54,0.81
54,51,0.81
51,55,0.80
55,51,0.80
51,56,0.61
56,51,0.61
51,69,0.58
69,51,0.58
51,74,0.58
74,51,0.58
51,75,0.65
75,51,0.65
51,76,0.78
76,51,0.78
51,77,0.85
77,51,0.85
51,78,0.66
78,51,0.66
51,100,0.58
100,51,0.58
51,101,0.65
101,51,0.65
52,53,1.00
53,52,1.00
52,54,0.85
54,52,0.85
52,55,0.72
55,52,0.72
52,56,0.58
56,52,0.58
52,69,0.63
69,52,0.63
52,70,0.61
70,52,0.61
52,74,0.59
74,52,0.59
52,75,0.75
75,52,0.75
52,76,0.89
76,52,0.89
52,77,0.75
77,52,0.75
53,54,1.00
54,53,1.00
53,55,0.76
55,53,0.76
53,56,0.62
56,53,0.62
53,57,0.59
57,53,0.59
53,70,0.61
70,53,0.61
53,74,0.60
74,53,0.60
53,75,0.81
75,53,0.81
53,76,0.76
76,53,0.76
53,77,0.62
77,53,0.62
54,55,1.00
55,54,1.00
54,56,0.71
56,54,0.71
54,57,0.64
57,54,0.64
54,74,0.60
74,54,0.60
54,75,0.72
75,54,0.72
54,76,0.67
76,54,0.67
54,77,0.62
77,54,0.62
55,56,1.00
56,55,1.00
55,57,0.77
57,55,0.77
55,73,0.61
73,55,0.61
55,74,0.75
74,55,0.75
55,75,0.78
75,55,0.78
55,76,0.70
76,55,0.70
55,77,0.73
77,55,0.73
55,78,0.69
78,55,0.69
55,79,0.59
79,55,0.59
56,57,1.00
57,56,1.00
56,58,0.71
58,56,0.71
56,70,0.58
70,56,0.58
56,71,0.58
71,56,0.58
56,72,0.61
72,56,0.61
56,73,0.83
73,56,0.83
56,74,0.94
74,56,0.94
56,75,0.80
75,56,0.80
56,76,0.66
76,56,0.66
56,77,0.68
77,56,0.68
56,78,0.73
78,56,0.73
56,79,0.62
79,56,0.62
56,137,0.65
137,56,0.65
57,58,1.00
58,57,1.00
57,59,0.73
59,57,0.73
57,60,0.66
60,57,0.66
57,72,0.62
72,57,0.62
57,73,0.86
73,57,0.86
57,74,0.79
74,57,0.79
57,75,0.73
75,57,0.73
57,136,0.60
136,57,0.60
57,137,0.73
137,57,0.73
57,138,0.61
138,57,0.61
58,59,1.00
59,58,1.00
58,60,0.75
60,58,0.75
58,61,0.59
61,58,0.59
58,72,0.67
72,58,0.67
58,73,0.87
73,58,0.87
58,74,0.67
74,58,0.67
58,75,0.61
75,58,0.61
58,133,0.68
133,58,0.68
58,134,0.64
134,58,0.64
58,136,0.71
136,58,0.71
58,137,0.88
137,58,0.88
58,138,0.69
138,58,0.69
58,139,0.62
139,58,0.62
59,60,1.00
60,59,1.00
59,61,0.74
61,59,0.74
59,62,0.62
62,59,0.62
59,72,0.58
72,59,0.58
59,73,0.66
73,59,0.66
59,133,0.66
133,59,0.66
59,136,0.60
136,59,0.60
59,137,0.65
137,59,0.65
60,61,1.00
61,60,1.00
60,62,0.73
62,60,0.73
60,73,0.58
73,60,0.58
60,75,0.58
75,60,0.58
61,62,1.00
62,61,1.00
61,63,0.73
63,61,0.73
62,63,1.00
63,62,1.00
62,64,0.72
64,62,0.72
62,70,0.62
70,62,0.62
62,71,0.61
71,62,0.61
62,72,0.57
72,62,0.57
63,64,1.00
64,63,1.00
63,65,0.76
65,63,0.76
63,66,0.59
66,63,0.59
63,70,0.69
70,63,0.69
63,71,0.63
71,63,0.63
64,65,1.00
65,64,1.00
64,66,0.80
66,64,0.80
64,67,0.69
67,64,0.69
64,68,0.71
68,64,0.71
64,69,0.67
69,64,0.67
64,70,0.83
70,64,0.83
64,71,0.73
71,64,0.73
64,75,0.59
75,64,0.59
64,76,0.57
76,64,0.57
65,66,1.00
66,65,1.00
65,67,0.74
67,65,0.74
65,68,0.64
68,65,0.64
65,69,0.61
69,65,0.61
65,70,0.68
70,65,0.68
66,67,1.00
67,66,1.00
66,68,0.76
68,66,0.76
66,69,0.74
69,66,0.74
66,70,0.71
70,66,0.71
66,71,0.58
71,66,0.58
66,76,0.62
76,66,0.62
67,68,1.00
68,67,1.00
67,69,0.81
69,67,0.81
67,70,0.68
70,67,0.68
67,71,0.62
71,67,0.62
67,76,0.61
76,67,0.61
68,69,1.00
69,68,1.00
68,70,0.82
70,68,0.82
68,71,0.83
71,68,0.83
68,72,0.61
72,68,0.61
68,74,0.61
74,68,0.61
68,75,0.60
75,68,0.60
68,76,0.67
76,68,0.67
68,77,0.61
77,68,0.61
68,99,0.58
99,68,0.58
68,100,0.63
100,68,0.63
69,70,1.00
70,69,1.00
69,71,0.84
71,69,0.84
69,72,0.62
72,69,0.62
69,73,0.58
73,69,0.58
69,74,0.75
74,69,0.75
69,75,0.79
75,69,0.79
69,76,1.00
76,69,1.00
69,77,0.83
77,69,0.83
69,78,0.68
78,69,0.68
69,99,0.59
99,69,0.59
69,100,0.72
100,69,0.72
69,101,0.61
101,69,0.61
70,71,1.00
71,70,1.00
70,72,0.71
72,70,0.71
70,73,0.65
73,70,0.65
70,74,0.81
74,70,0.81
70,75,0.96
75,70,0.96
70,76,0.90
76,70,0.90
70,77,0.67
77,70,0.67
70,78,0.58
78,70,0.58
71,72,1.00
72,71,1.00
71,73,0.78
73,71,0.78
71,74,0.85
74,71,0.85
71,75,0.77
75,71,0.77
71,76,0.69
76,71,0.69
71,77,0.61
77,71,0.61
71,78,0.59
78,71,0.59
71,136,0.63
136,71,0.63
72,73,1.00
73,72,1.00
72,74,0.84
74,72,0.84
72,75,0.66
75,72,0.66
72,133,0.61
133,72,0.61
72,135,0.65
135,72,0.65
72,136,0.90
136,72,0.90
72,137,0.72
137,72,0.72
73,74,1.00
74,73,1.00
73,75,0.73
75,73,0.73
73,76,0.59
76,73,0.59
73,78,0.62
78,73,0.62
73,133,0.62
133,73,0.62
73,134,0.61
134,73,0.61
73,135,0.64
135,73,0.64
73,136,0.87
136,73,0.87
73,137,0.91
137,73,0.91
73,138,0.65
138,73,0.65
74,75,1.00
75,74,1.00
74,76,0.81
76,74,0.81
74,77,0.78
77,74,0.78
74,78,0.80
78,74,0.80
74,79,0.60
79,74,0.60
74,100,0.61
100,74,0.61
74,136,0.62
136,74,0.62
74,137,0.64
137,74,0.64
75,76,1.00
76,75,1.00
75,77,0.77
77,75,0.77
75,78,0.66
78,75,0.66
76,77,1.00
77,76,1.00
76,78,0.72
78,76,0.72
76,100,0.67
100,76,0.67
76,101,0.63
101,76,0.63
77,78,1.00
78,77,1.00
77,79,0.71
79,77,0.71
77,99,0.62
99,77,0.62
77,100,0.88
100,77,0.88
77,101,0.82
101,77,0.82
77,102,0.63
102,77,0.63
78,79,1.00
79,78,1.00
78,80,0.76
80,78,0.76
78,81,0.59
81,78,0.59
78,99,0.67
99,78,0.67
78,100,0.93
100,78,0.93
78,101,0.75
101,78,0.75
78,126,0.58
126,78,0.58
79,80,1.00
80,79,1.00
79,81,0.73
81,79,0.73
79,98,0.58
98,79,0.58
79,99,0.64
99,79,0.64
79,100,0.77
100,79,0.77
79,101,0.69
101,79,0.69
79,123,0.65
123,79,0.65
79,124,0.68
124,79,0.68
79,125,0.61
125,79,0.61
79,126,0.64
126,79,0.64
80,81,1.00
81,80,1.00
80,82,0.70
82,80,0.70
80,98,0.61
98,80,0.61
80,99,0.62
99,80,0.62
80,100,0.66
100,80,0.66
80,122,0.62
122,80,0.62
80,123,0.74
123,80,0.74
80,124,0.87
124,80,0.87
80,125,0.85
125,80,0.85
80,126,0.89
126,80,0.89
80,127,0.64
127,80,0.64
81,82,1.00
82,81,1.00
81,83,0.72
83,81,0.72
81,84,0.60
84,81,0.60
81,97,0.58
97,81,0.58
81,98,0.70
98,81,0.70
81,99,0.63
99,81,0.63
81,100,0.59
100,81,0.59
81,121,0.67
121,81,0.67
81,122,0.71
122,81,0.71
81,123,0.72
123,81,0.72
81,124,0.79
124,81,0.79
81,125,0.92
125,81,0.92
81,126,0.88
126,81,0.88
81,127,0.62
127,81,0.62
82,83,1.00
83,82,1.00
82,84,0.82
84,82,0.82
82,85,0.61
85,82,0.61
82,87,0.59
87,82,0.59
82,96,0.66
96,82,0.66
82,97,0.62
97,82,0.62
82,98,0.66
98,82,0.66
82,121,0.72
121,82,0.72
82,122,0.65
122,82,0.65
82,123,0.59
123,82,0.59
82,124,0.64
124,82,0.64
82,125,0.82
125,82,0.82
82,126,0.77
126,82,0.77
82,127,0.61
127,82,0.61
83,84,1.00
84,83,1.00
83,85,0.73
85,83,0.73
83,86,0.62
86,83,0.62
83,87,0.62
87,83,0.62
83,96,0.64
96,83,0.64
83,116,0.57
116,83,0.57
83,117,0.72
117,83,0.72
83,118,0.65
118,83,0.65
83,119,0.69
119,83,0.69
83,120,0.67
120,83,0.67
83,121,0.82
121,83,0.82
83,122,0.67
122,83,0.67
83,125,0.65
125,83,0.65
83,126,0.57
126,83,0.57
84,85,1.00
85,84,1.00
84,86,0.76
86,84,0.76
84,87,0.66
87,84,0.66
84,91,0.58
91,84,0.58
84,92,0.61
92,84,0.61
84,95,0.70
95,84,0.70
84,96,0.81
96,84,0.81
84,97,0.63
97,84,0.63
84,117,0.62
117,84,0.62
84,118,0.57
118,84,0.57
84,119,0.58
119,84,0.58
84,121,0.59
121,84,0.59
85,86,1.00
86,85,1.00
85,87,0.73
87,85,0.73
85,88,0.63
88,85,0.63
85,89,0.59
89,85,0.59
85,90,0.58
90,85,0.58
85,91,0.78
91,85,0.78
85,92,0.82
92,85,0.82
85,93,0.64
93,85,0.64
85,94,0.58
94,85,0.58
85,95,0.75
95,85,0.75
85,96,0.79
96,85,0.79
85,97,0.62
97,85,0.62
85,110,0.58
110,85,0.58
85,116,0.59
116,85,0.59
85,117,0.62
117,85,0.62
86,87,1.00
87,86,1.00
86,88,0.78
88,86,0.78
86,89,0.76
89,86,0.76
86,90,0.74
90,86,0.74
86,91,0.97
91,86,0.97
86,92,0.88
92,86,0.88
86,93,0.74
93,86,0.74
86,94,0.64
94,86,0.64
86,95,0.74
95,86,0.74
86,96,0.87
96,86,0.87
86,97,0.76
97,86,0.76
86,98,0.61
98,86,0.61
86,109,0.65
109,86,0.65
86,110,0.80
110,86,0.80
86,111,0.62
111,86,0.62
86,115,0.57
115,86,0.57
86,116,0.60
116,86,0.60
86,117,0.57
117,86,0.57
87,88,1.00
88,87,1.00
87,89,0.82
89,87,0.82
87,90,0.68
90,87,0.68
87,91,0.73
91,87,0.73
87,92,0.63
92,87,0.63
87,93,0.59
93,87,0.59
87,95,0.59
95,87,0.59
87,96,0.76
96,87,0.76
87,97,0.83
97,87,0.83
87,98,0.76
98,87,0.76
87,108,0.61
108,87,0.61
87,109,0.85
109,87,0.85
87,110,0.91
110,87,0.91
87,111,0.66
111,87,0.66
87,113,0.59
113,87,0.59
87,114,0.62
114,87,0.62
87,115,0.68
115,87,0.68
87,116,0.65
116,87,0.65
87,117,0.60
117,87,0.60
88,89,1.00
89,88,1.00
88,90,0.70
90,88,0.70
88,91,0.69
91,88,0.69
88,97,0.60
97,88,0.60
88,98,0.59
98,88,0.59
88,108,0.60
108,88,0.60
88,109,0.79
109,88,0.79
88,110,0.80
110,88,0.80
88,111,0.69
111,88,0.69
88,112,0.65
112,88,0.65
88,113,0.77
113,88,0.77
88,114,0.86
114,88,0.86
88,115,0.97
115,88,0.97
88,116,0.82
116,88,0.82
88,117,0.66
117,88,0.66
89,90,1.00
90,89,1.00
89,91,0.83
91,89,0.83
89,92,0.60
92,89,0.60
89,108,0.63
108,89,0.63
89,109,0.76
109,89,0.76
89,110,0.92
110,89,0.92
89,111,0.93
111,89,0.93
89,112,0.91
112,89,0.91
89,113,0.97
113,89,0.97
89,114,0.81
114,89,0.81
89,115,0.75
115,89,0.75
89,116,0.66
116,89,0.66
90,91,1.00
91,90,1.00
90,92,0.72
92,90,0.72
90,93,0.65
93,90,0.65
90,109,0.64
109,90,0.64
90,110,0.87
110,90,0.87
90,111,0.96
111,90,0.96
90,112,0.87
112,90,0.87
90,113,0.75
113,90,0.75
90,114,0.60
114,90,0.60
91,92,1.00
92,91,1.00
91,93,0.77
93,91,0.77
91,94,0.59
94,91,0.59
91,95,0.62
95,91,0.62
91,96,0.62
96,91,0.62
91,109,0.58
109,91,0.58
91,110,0.76
110,91,0.76
91,111,0.68
111,91,0.68
91,112,0.63
112,91,0.63
91,113,0.61
113,91,0.61
92,93,1.00
93,92,1.00
92,94,0.74
94,92,0.74
92,95,0.79
95,92,0.79
92,96,0.69
96,92,0.69
92,97,0.58
97,92,0.58
92,110,0.63
110,92,0.63
93,94,1.00
94,93,1.00
93,95,0.86
95,93,0.86
93,96,0.71
96,93,0.71
93,97,0.62
97,93,0.62
93,110,0.65
110,93,0.65
94,95,1.00
95,94,1.00
94,96,0.77
96,94,0.77
94,97,0.66
97,94,0.66
95,96,1.00
96,95,1.00
95,97,0.71
97,95,0.71
96,97,1.00
97,96,1.00
96,98,0.73
98,96,0.73
96,99,0.57
99,96,0.57
96,110,0.63
110,96,0.63
97,98,1.00
98,97,1.00
97,99,0.75
99,97,0.75
97,109,0.70
109,97,0.70
97,110,0.71
110,97,0.71
98,99,1.00
99,98,1.00
98,100,0.72
100,98,0.72
98,101,0.64
101,98,0.64
98,102,0.61
102,98,0.61
98,109,0.70
109,98,0.70
98,110,0.62
110,98,0.62
99,100,1.00
100,99,1.00
99,101,0.81
101,99,0.81
99,102,0.74
102,99,0.74
99,109,0.59
109,99,0.59
100,101,1.00
101,100,1.00
100,102,0.76
102,100,0.76
100,103,0.59
103,100,0.59
101,102,1.00
102,101,1.00
101,103,0.79
103,101,0.79
101,104,0.58
104,101,0.58
102,103,1.00
103,102,1.00
102,104,0.75
104,102,0.75
102,105,0.77
105,102,0.77
102,106,0.64
106,102,0.64
102,107,0.63
107,102,0.63
102,108,0.58
108,102,0.58
103,104,1.00
104,103,1.00
103,105,0.80
105,103,0.80
103,106,0.65
106,103,0.65
103,107,0.58
107,103,0.58
104,105,1.00
105,104,1.00
104,106,0.81
106,104,0.81
104,107,0.62
107,104,0.62
105,106,1.00
106,105,1.00
105,107,0.78
107,105,0.78
105,108,0.59
108,105,0.59
106,107,1.00
107,106,1.00
106,108,0.71
108,106,0.71
107,108,1.00
108,107,1.00
107,109,0.72
109,107,0.72
107,110,0.61
110,107,0.61
107,111,0.60
111,107,0.60
108,109,1.00
109,108,1.00
108,110,0.80
110,108,0.80
108,111,0.79
111,108,0.79
108,112,0.62
112,108,0.62
109,110,1.00
110,109,1.00
109,111,0.81
111,109,0.81
109,112,0.63
112,109,0.63
109,113,0.61
113,109,0.61
109,114,0.64
114,109,0.64
109,115,0.59
115,109,0.59
110,111,1.00
111,110,1.00
110,112,0.71
112,110,0.71
110,113,0.65
113,110,0.65
110,114,0.61
114,110,0.61
111,112,1.00
112,111,1.00
111,113,0.77
113,111,0.77
111,114,0.64
114,111,0.64
112,113,1.00
113,112,1.00
112,114,0.72
114,112,0.72
112,115,0.58
115,112,0.58
113,114,1.00
114,113,1.00
113,115,0.76
115,113,0.76
113,116,0.63
116,113,0.63
114,115,1.00
115,114,1.00
114,116,0.71
116,114,0.71
115,116,1.00
116,115,1.00
115,117,0.73
117,115,0.73
116,117,1.00
117,116,1.00
116,118,0.74
118,116,0.74
117,118,1.00
118,117,1.00
117,119,0.75
119,117,0.75
117,120,0.70
120,117,0.70
117,121,0.68
121,117,0.68
117,122,0.64
122,117,0.64
118,119,1.00
119,118,1.00
118,120,0.80
120,118,0.80
118,121,0.67
121,118,0.67
118,122,0.57
122,118,0.57
119,120,1.00
120,119,1.00
119,121,0.76
121,119,0.76
119,122,0.59
122,119,0.59
120,121,1.00
121,120,1.00
120,122,0.75
122,120,0.75
120,123,0.57
123,120,0.57
121,122,1.00
122,121,1.00
121,123,0.74
123,121,0.74
121,124,0.69
124,121,0.69
121,125,0.72
125,121,0.72
122,123,1.00
123,122,1.00
122,124,0.77
124,122,0.77
122,125,0.69
125,122,0.69
123,124,1.00
124,123,1.00
123,125,0.74
125,123,0.74
123,126,0.58
126,123,0.58
124,125,1.00
125,124,1.00
124,126,0.75
126,124,0.75
124,127,0.62
127,124,0.62
125,126,1.00
126,125,1.00
125,127,0.79
127,125,0.79
125,128,0.58
128,125,0.58
126,127,1.00
127,126,1.00
126,128,0.71
128,126,0.71
127,128,1.00
128,127,1.00
127,129,0.74
129,127,0.74
127,135,0.66
135,127,0.66
127,136,0.58
136,127,0.58
128,129,1.00
129,128,1.00
128,130,0.72
130,128,0.72
128,131,0.60
131,128,0.60
128,132,0.61
132,128,0.61
128,134,0.69
134,128,0.69
128,135,0.94
135,128,0.94
128,136,0.73
136,128,0.73
128,137,0.66
137,128,0.66
128,138,0.65
138,128,0.65
129,130,1.00
130,129,1.00
129,131,0.73
131,129,0.73
129,132,0.64
132,129,0.64
129,133,0.60
133,129,0.60
129,134,0.79
134,129,0.79
129,135,0.93
135,129,0.93
129,136,0.66
136,129,0.66
129,137,0.64
137,129,0.64
129,138,0.71
138,129,0.71
130,131,1.00
131,130,1.00
130,132,0.75
132,130,0.75
130,133,0.66
133,130,0.66
130,134,0.82
134,130,0.82
130,135,0.84
135,130,0.84
130,136,0.61
136,130,0.61
130,137,0.58
137,130,0.58
130,138,0.64
138,130,0.64
131,132,1.00
132,131,1.00
131,133,0.82
133,131,0.82
131,134,0.86
134,131,0.86
131,135,0.81
135,131,0.81
131,136,0.64
136,131,0.64
131,137,0.58
137,131,0.58
131,138,0.60
138,131,0.60
132,133,1.00
133,132,1.00
132,134,0.84
134,132,0.84
132,135,0.88
135,132,0.88
132,136,0.79
136,132,0.79
132,137,0.63
137,132,0.63
132,138,0.58
138,132,0.58
133,134,1.00
134,133,1.00
133,135,0.84
135,133,0.84
133,136,0.88
136,133,0.88
133,137,0.79
137,133,0.79
133,138,0.70
138,133,0.70
134,135,1.00
135,134,1.00
134,136,0.87
136,134,0.87
134,137,0.91
137,134,0.91
134,138,0.95
138,134,0.95
134,139,0.70
139,134,0.70
134,140,0.58
140,134,0.58
135,136,1.00
136,135,1.00
135,137,0.83
137,135,0.83
135,138,0.76
138,135,0.76
136,137,1.00
137,136,1.00
136,138,0.73
138,136,0.73
137,138,1.00
138,137,1.00
137,139,0.72
139,137,0.72
137,140,0.58
140,137,0.58
138,139,1.00
139,138,1.00
138,140,0.79
140,138,0.79
138,141,0.57
141,138,0.57
139,140,1.00
140,139,1.00
139,141,0.71
141,139,0.71
139,142,0.67
142,139,0.67
140,141,1.00
141,140,1.00
140,142,0.80
142,140,0.80
140,143,0.59
143,140,0.59
141,142,1.00
142,141,1.00
141,143,0.75
143,141,0.75
142,143,1.00
143,142,1.00
142,144,0.74
144,142,0.74
142,145,0.59
145,142,0.59
143,144,1.00
144,143,1.00
143,145,0.82
145,143,0.82
143,146,0.72
146,143,0.72
143,147,0.58
147,143,0.58
144,145,1.00
145,144,1.00
144,146,0.71
146,144,0.71
144,147,0.59
147,144,0.59
145,146,1.00
146,145,1.00
145,147,0.80
147,145,0.80
145,148,0.58
148,145,0.58
146,147,1.00
147,146,1.00
146,148,0.73
148,146,0.73
146,149,0.59
149,146,0.59
147,148,1.00
148,147,1.00
147,149,0.74
149,147,0.74
148,149,1.00
149,148,1.00
148,150,0.73
150,148,0.73
148,151,0.58
151,148,0.58
149,150,1.00
150,149,1.00
149,151,0.80
151,149,0.80
149,152,0.59
152,149,0.59
150,151,1.00
151,150,1.00
150,152,0.73
152,150,0.73
151,152,1.00
152,151,1.00
151,153,0.74
153,151,0.74
151,154,0.61
154,151,0.61
152,153,1.00
153,152,1.00
152,154,0.81
154,152,0.81
152,155,0.61
155,152,0.61
153,154,1.00
154,153,1.00
153,155,0.77
155,153,0.77
153,156,0.71
156,153,0.71
154,155,1.00
155,154,1.00
154,156,0.83
156,154,0.83
154,157,0.60
157,154,0.60
155,156,1.00
156,155,1.00
155,157,0.71
157,155,0.71
155,158,0.61
158,155,0.61
156,157,1.00
157,156,1.00
156,158,0.79
158,156,0.79
156,159,0.57
159,156,0.57
157,158,1.00
158,157,1.00
157,159,0.73
159,157,0.73
158,159,1.00
159,158,1.00
158,160,0.75
160,158,0.75
158,161,0.58
161,158,0.58
159,160,1.00
160,159,1.00
159,161,0.74
161,159,0.74
159,162,0.58
162,159,0.58
160,161,1.00
161,160,1.00
160,162,0.79
162,160,0.79
160,163,0.74
163,160,0.74
160,164,0.64
164,160,0.64
160,165,0.58
165,160,0.58
161,162,1.00
162,161,1.00
161,163,0.75
163,161,0.75
161,164,0.61
164,161,0.61
162,163,1.00
163,162,1.00
162,164,0.77
164,162,0.77
162,165,0.59
165,162,0.59
163,164,1.00
164,163,1.00
163,165,0.76
165,163,0.76
163,166,0.66
166,163,0.66
164,165,1.00
165,164,1.00
164,166,0.72
166,164,0.72
165,166,1.00
166,165,1.00
165,167,0.73
167,165,0.73
165,168,0.67
168,165,0.67
165,169,0.66
169,165,0.66
166,167,1.00
167,166,1.00
166,168,0.89
168,166,0.89
166,169,0.75
169,166,0.75
167,168,1.00
168,167,1.00
167,169,0.71
169,167,0.71
168,169,1.00
169,168,1.00
