2,3,1.00
3,2,1.00
2,4,0.71
4,2,0.71
2,5,0.62
5,2,0.62
3,4,1.00
4,3,1.00
3,5,0.79
5,3,0.79
3,6,0.58
6,3,0.58
4,5,1.00
5,4,1.00
4,6,0.74
6,4,0.74
5,6,1.00
6,5,1.00
5,7,0.72
7,5,0.72
5,8,0.57
8,5,0.57
6,7,1.00
7,6,1.00
6,8,0.73
8,6,0.73
6,34,0.69
34,6,0.69
6,35,0.65
35,6,0.65
7,8,1.00
8,7,1.00
7,9,0.74
9,7,0.74
7,33,0.63
33,7,0.63
7,34,0.79
34,7,0.79
7,35,0.65
35,7,0.65
8,9,1.00
9,8,1.00
8,10,0.71
10,8,0.71
8,32,0.69
32,8,0.69
8,33,0.81
33,8,0.81
8,34,0.97
34,8,0.97
8,35,0.73
35,8,0.73
9,10,1.00
10,9,1.00
9,11,0.72
11,9,0.72
9,30,0.68
30,9,0.68
9,31,0.69
31,9,0.69
9,32,0.87
32,9,0.87
9,33,0.88
33,9,0.88
9,34,0.79
34,9,0.79
9,35,0.59
35,9,0.59
10,11,1.00
11,10,1.00
10,12,0.77
12,10,0.77
10,28,0.63
28,10,0.63
10,29,0.67
29,10,0.67
10,30,0.81
30,10,0.81
10,31,0.89
31,10,0.89
10,32,0.99
32,10,0.99
10,33,0.75
33,10,0.75
10,34,0.62
34,10,0.62
11,12,1.00
12,11,1.00
11,13,0.74
13,11,0.74
11,27,0.64
27,11,0.64
11,28,0.91
28,11,0.91
11,29,0.92
29,11,0.92
11,30,0.93
30,11,0.93
11,31,0.85
31,11,0.85
11,32,0.73
32,11,0.73
12,13,1.00
13,12,1.00
12,14,0.73
14,12,0.73
12,15,0.58
15,12,0.58
12,26,0.60
26,12,0.60
12,27,0.65
27,12,0.65
12,28,0.90
28,12,0.90
12,29,0.86
29,12,0.86
12,30,0.78
30,12,0.78
12,31,0.81
31,12,0.81
12,32,0.65
32,12,0.65
13,14,1.00
14,13,1.00
13,15,0.79
15,13,0.79
13,16,0.59
16,13,0.59
13,26,0.69
26,13,0.69
13,27,0.76
27,13,0.76
13,28,0.92
28,13,0.92
13,29,0.75
29,13,0.75
13,30,0.60
30,13,0.60
13,31,0.59
31,13,0.59
14,15,1.00
15,14,1.00
14,16,0.73
16,14,0.73
14,17,0.59
17,14,0.59
14,26,0.61
26,14,0.61
14,27,0.61
27,14,0.61
14,28,0.65
28,14,0.65
14,29,0.57
29,14,0.57
15,16,1.00
16,15,1.00
15,17,0.74
17,15,0.74
15,18,0.62
18,15,0.62
15,19,0.59
19,15,0.59
15,24,0.63
24,15,0.63
15,25,0.59
25,15,0.59
15,26,0.65
26,15,0.65
15,27,0.64
27,15,0.64
15,28,0.60
28,15,0.60
16,17,1.00
17,16,1.00
16,18,0.83
18,16,0.83
16,19,0.72
19,16,0.72
16,23,0.61
23,16,0.61
16,24,0.72
24,16,0.72
16,25,0.61
25,16,0.61
16,26,0.60
26,16,0.60
17,18,1.00
18,17,1.00
17,19,0.72
19,17,0.72
17,22,0.64
22,17,0.64
17,23,0.80
23,17,0.80
17,24,0.90
24,17,0.90
17,25,0.74
25,17,0.74
17,26,0.65
26,17,0.65
18,19,1.00
19,18,1.00
18,20,0.74
20,18,0.74
18,21,0.78
21,18,0.78
18,22,0.86
22,18,0.86
18,23,0.95
23,18,0.95
18,24,0.90
24,18,0.90
18,25,0.65
25,18,0.65
19,20,1.00
20,19,1.00
19,21,0.84
21,19,0.84
19,22,0.83
22,19,0.83
19,23,0.75
23,19,0.75
19,24,0.75
24,19,0.75
20,21,1.00
21,20,1.00
20,22,0.84
22,20,0.84
20,23,0.64
23,20,0.64
20,24,0.59
24,20,0.59
21,22,1.00
22,21,1.00
21,23,0.73
23,21,0.73
21,24,0.59
24,21,0.59
22,23,1.00
23,22,1.00
22,24,0.76
24,22,0.76
22,25,0.58
25,22,0.58
23,24,1.00
24,23,1.00
23,25,0.76
25,23,0.76
24,25,1.00
25,24,1.00
24,26,0.75
26,24,0.75
24,27,0.62
27,24,0.62
25,26,1.00
26,25,1.00
25,27,0.74
27,25,0.74
25,28,0.58
28,25,0.58
26,27,1.00
27,26,1.00
26,28,0.79
28,26,0.79
26,29,0.77
29,26,0.77
27,28,1.00
28,27,1.00
27,29,0.78
29,27,0.78
27,30,0.58
30,27,0.58
28,29,1.00
29,28,1.00
28,30,0.73
30,28,0.73
28,31,0.62
31,28,0.62
29,30,1.00
30,29,1.00
29,31,0.76
31,29,0.76
29,32,0.59
32,29,0.59
30,31,1.00
31,30,1.00
30,32,0.77
32,30,0.77
30,33,0.62
33,30,0.62
31,32,1.00
32,31,1.00
31,33,0.71
33,31,0.71
32,33,1.00
33,32,1.00
32,34,0.72
34,32,0.72
32,35,0.59
35,32,0.59
33,34,1.00
34,33,1.00
33,35,0.74
35,33,0.74
33,36,0.62
36,33,0.62
33,86,0.60
86,33,0.60
34,35,1.00
35,34,1.00
34,36,0.73
36,34,0.73
35,36,1.00
36,35,1.00
35,37,0.73
37,35,0.73
36,37,1.00
37,36,1.00
36,38,0.75
38,36,0.75
37,38,1.00
38,37,1.00
37,39,0.72
39,37,0.72
38,39,1.00
39,38,1.00
38,40,0.71
40,38,0.71
38,41,0.60
41,38,0.60
39,40,1.00
40,39,1.00
39,41,0.76
41,39,0.76
39,42,0.60
42,39,0.60
40,41,1.00
41,40,1.00
40,42,0.75
42,40,0.75
40,43,0.64
43,40,0.64
41,42,1.00
42,41,1.00
41,43,0.84
43,41,0.84
41,44,0.62
44,41,0.62
42,43,1.00
43,42,1.00
42,44,0.82
44,42,0.82
42,45,0.64
45,42,0.64
42,46,0.61
46,42,0.61
43,44,1.00
44,43,1.00
43,45,0.72
45,43,0.72
43,46,0.62
46,43,0.62
44,45,1.00
45,44,1.00
44,46,0.86
46,44,0.86
44,47,0.66
47,44,0.66
44,50,0.58
50,44,0.58
45,46,1.00
46,45,1.00
45,47,0.86
47,45,0.86
45,48,0.63
48,45,0.63
46,47,1.00
47,46,1.00
46,48,0.81
48,46,0.81
46,49,0.71
49,46,0.71
46,50,0.73
50,46,0.73
46,51,0.58
51,46,0.58
47,48,1.00
48,47,1.00
47,49,0.73
49,47,0.73
47,50,0.64
50,47,0.64
48,49,1.00
49,48,1.00
48,50,0.75
50,48,0.75
48,51,0.64
51,48,0.64
49,50,1.00
50,49,1.00
49,51,0.82
51,49,0.82
49,52,0.63
52,49,0.63
49,157,0.64
157,49,0.64
49,158,0.66
158,49,0.66
49,159,0.61
159,49,0.61
50,51,1.00
51,50,1.00
50,52,0.82
52,50,0.82
50,53,0.69
53,50,0.69
50,121,0.64
121,50,0.64
50,122,0.67
122,50,0.67
50,123,0.60
123,50,0.60
50,157,0.58
157,50,0.58
50,158,0.60
158,50,0.60
51,52,1.00
52,51,1.00
51,53,0.81
53,51,0.81
51,54,0.62
54,51,0.62
51,121,0.65
121,51,0.65
51,122,0.65
122,51,0.65
51,123,0.65
123,51,0.65
51,124,0.65
124,51,0.65
51,152,0.58
152,51,0.58
51,153,0.62
153,51,0.62
51,154,0.58
154,51,0.58
51,157,0.60
157,51,0.60
52,53,1.00
53,52,1.00
52,54,0.70
54,52,0.70
52,55,0.59
55,52,0.59
52,120,0.66
120,52,0.66
52,121,0.90
121,52,0.90
52,122,0.84
122,52,0.84
52,123,0.82
123,52,0.82
52,124,0.91
124,52,0.91
52,125,0.66
125,52,0.66
52,151,0.68
151,52,0.68
52,152,0.70
152,52,0.70
52,153,0.71
153,52,0.71
52,154,0.59
154,52,0.59
53,54,1.00
54,53,1.00
53,55,0.75
55,53,0.75
53,56,0.58
56,53,0.58
53,57,0.65
57,53,0.65
53,120,0.71
120,53,0.71
53,121,0.85
121,53,0.85
53,122,0.66
122,53,0.66
53,123,0.62
123,53,0.62
53,124,0.75
124,53,0.75
53,125,0.61
125,53,0.61
53,151,0.68
151,53,0.68
53,152,0.62
152,53,0.62
54,55,1.00
55,54,1.00
54,56,0.76
56,54,0.76
54,57,0.84
57,54,0.84
54,58,0.62
58,54,0.62
54,64,0.61
64,54,0.61
54,120,0.61
120,54,0.61
54,121,0.63
121,54,0.63
54,124,0.60
124,54,0.60
54,151,0.65
151,54,0.65
55,56,1.00
56,55,1.00
55,57,0.86
57,55,0.86
55,58,0.61
58,55,0.61
55,64,0.65
64,55,0.65
55,65,0.59
65,55,0.59
55,68,0.66
68,55,0.66
55,69,0.66
69,55,0.66
55,70,0.63
70,55,0.63
55,120,0.57
120,55,0.57
55,124,0.59
124,55,0.59
55,150,0.58
150,55,0.58
55,151,0.75
151,55,0.75
55,152,0.59
152,55,0.59
56,57,1.00
57,56,1.00
56,58,0.75
58,56,0.75
56,61,0.59
61,56,0.59
56,63,0.68
63,56,0.68
56,64,0.90
64,56,0.90
56,65,0.77
65,56,0.77
56,66,0.74
66,56,0.74
56,67,0.67
67,56,0.67
56,68,0.78
68,56,0.78
56,69,0.66
69,56,0.66
56,70,0.57
70,56,0.57
56,151,0.60
151,56,0.60
57,58,1.00
58,57,1.00
57,59,0.72
59,57,0.72
57,60,0.65
60,57,0.65
57,61,0.65
61,57,0.65
57,62,0.60
62,57,0.60
57,63,0.68
63,57,0.68
57,64,0.92
64,57,0.92
57,65,0.67
65,57,0.67
57,66,0.62
66,57,0.62
58,59,1.00
59,58,1.00
58,60,0.81
60,58,0.81
58,61,0.83
61,58,0.83
58,62,0.79
62,58,0.79
58,63,0.82
63,58,0.82
58,64,1.00
64,58,1.00
58,65,0.70
65,58,0.70
58,66,0.63
66,58,0.63
59,60,1.00
60,59,1.00
59,61,0.85
61,59,0.85
59,62,0.75
62,59,0.75
59,63,0.65
63,59,0.65
59,64,0.74
64,59,0.74
60,61,1.00
61,60,1.00
60,62,0.72
62,60,0.72
60,63,0.60
63,60,0.60
60,64,0.72
64,60,0.72
60,65,0.60
65,60,0.60
61,62,1.00
62,61,1.00
61,63,0.78
63,61,0.78
61,64,0.88
64,61,0.88
61,65,0.78
65,61,0.78
61,66,0.62
66,61,0.62
62,63,1.00
63,62,1.00
62,64,0.85
64,62,0.85
62,65,0.76
65,62,0.76
62,66,0.70
66,62,0.70
63,64,1.00
64,63,1.00
63,65,0.89
65,63,0.89
63,66,0.97
66,63,0.97
63,67,0.66
67,63,0.66
63,68,0.58
68,63,0.58
64,65,1.00
65,64,1.00
64,66,0.85
66,64,0.85
64,67,0.64
67,64,0.64
64,68,0.63
68,64,0.63
65,66,1.00
66,65,1.00
65,67,0.78
67,65,0.78
65,68,0.74
68,65,0.74
66,67,1.00
67,66,1.00
66,68,0.78
68,66,0.78
67,68,1.00
68,67,1.00
67,69,0.69
69,67,0.69
68,69,1.00
69,68,1.00
68,70,0.71
70,68,0.71
68,71,0.66
71,68,0.66
69,70,1.00
70,69,1.00
69,71,0.80
71,69,0.80
69,72,0.61
72,69,0.61
70,71,1.00
71,70,1.00
70,72,0.83
72,70,0.83
70,73,0.62
73,70,0.62
70,116,0.60
116,70,0.60
71,72,1.00
72,71,1.00
71,73,0.72
73,71,0.72
71,74,0.70
74,71,0.70
72,73,1.00
73,72,1.00
72,74,0.82
74,72,0.82
72,75,0.59
75,72,0.59
73,74,1.00
74,73,1.00
73,75,0.74
75,73,0.74
74,75,1.00
75,74,1.00
74,76,0.74
76,74,0.74
74,77,0.62
77,74,0.62
75,76,1.00
76,75,1.00
75,77,0.87
77,75,0.87
75,78,0.62
78,75,0.62
75,88,0.59
88,75,0.59
76,77,1.00
77,76,1.00
76,78,0.79
78,76,0.79
76,79,0.66
79,76,0.66
76,80,0.59
80,76,0.59
77,78,1.00
78,77,1.00
77,79,0.78
79,77,0.78
77,80,0.66
80,77,0.66
78,79,1.00
79,78,1.00
78,80,0.71
80,78,0.71
79,80,1.00
80,79,1.00
79,81,0.72
81,79,0.72
79,82,0.60
82,79,0.60
79,83,0.57
83,79,0.57
80,81,1.00
81,80,1.00
80,82,0.82
82,80,0.82
80,83,0.72
83,80,0.72
80,88,0.61
88,80,0.61
80,89,0.65
89,80,0.65
81,82,1.00
82,81,1.00
81,83,0.73
83,81,0.73
81,84,0.58
84,81,0.58
81,89,0.60
89,81,0.60
82,83,1.00
83,82,1.00
82,84,0.80
84,82,0.80
82,85,0.65
85,82,0.65
82,88,0.60
88,82,0.60
82,89,0.73
89,82,0.73
82,90,0.59
90,82,0.59
82,91,0.61
91,82,0.61
83,84,1.00
84,83,1.00
83,85,0.75
85,83,0.75
83,86,0.58
86,83,0.58
83,88,0.62
88,83,0.62
83,89,0.84
89,83,0.84
83,90,0.74
90,83,0.74
83,91,0.85
91,83,0.85
83,92,0.74
92,83,0.74
83,93,0.59
93,83,0.59
84,85,1.00
85,84,1.00
84,86,0.72
86,84,0.72
84,87,0.62
87,84,0.62
84,88,0.62
88,84,0.62
84,89,0.85
89,84,0.85
84,90,0.80
90,84,0.80
84,91,0.90
91,84,0.90
84,92,0.66
92,84,0.66
84,93,0.59
93,84,0.59
85,86,1.00
86,85,1.00
85,87,0.84
87,85,0.84
85,88,0.76
88,85,0.76
85,89,1.00
89,85,1.00
85,90,0.92
90,85,0.92
85,91,0.78
91,85,0.78
85,92,0.57
92,85,0.57
86,87,1.00
87,86,1.00
86,88,0.73
88,86,0.73
86,89,0.76
89,86,0.76
86,90,0.67
90,86,0.67
87,88,1.00
88,87,1.00
87,89,0.84
89,87,0.84
87,90,0.67
90,87,0.67
88,89,1.00
89,88,1.00
88,90,0.74
90,88,0.74
88,91,0.58
91,88,0.58
89,90,1.00
90,89,1.00
89,91,0.79
91,89,0.79
89,92,0.62
92,89,0.62
90,91,1.00
91,90,1.00
90,92,0.74
92,90,0.74
90,93,0.62
93,90,0.62
91,92,1.00
92,91,1.00
91,93,0.84
93,91,0.84
91,94,0.60
94,91,0.60
92,93,1.00
93,92,1.00
92,94,0.77
94,92,0.77
93,94,1.00
94,93,1.00
93,95,0.71
95,93,0.71
93,96,0.58
96,93,0.58
94,95,1.00
95,94,1.00
94,96,0.80
96,94,0.80
94,97,0.71
97,94,0.71
95,96,1.00
96,95,1.00
95,97,0.73
97,95,0.73
96,97,1.00
97,96,1.00
96,98,0.75
98,96,0.75
96,99,0.62
99,96,0.62
97,98,1.00
98,97,1.00
97,99,0.78
99,97,0.78
97,100,0.61
100,97,0.61
98,99,1.00
99,98,1.00
98,100,0.80
100,98,0.80
98,101,0.63
101,98,0.63
99,100,1.00
100,99,1.00
99,101,0.76
101,99,0.76
99,102,0.66
102,99,0.66
100,101,1.00
101,100,1.00
100,102,0.73
102,100,0.73
101,102,1.00
102,101,1.00
101,103,0.73
103,101,0.73
101,104,0.62
104,101,0.62
102,103,1.00
103,102,1.00
102,104,0.76
104,102,0.76
102,105,0.59
105,102,0.59
103,104,1.00
104,103,1.00
103,105,0.71
105,103,0.71
103,106,0.59
106,103,0.59
104,105,1.00
105,104,1.00
104,106,0.74
106,104,0.74
104,107,0.60
107,104,0.60
104,111,0.59
111,104,0.59
105,106,1.00
106,105,1.00
105,107,0.80
107,105,0.80
105,108,0.61
108,105,0.61
105,109,0.63
109,105,0.63
105,110,0.68
110,105,0.68
105,111,0.67
111,105,0.67
106,107,1.00
107,106,1.00
106,108,0.79
108,106,0.79
106,109,0.83
109,106,0.83
106,110,0.96
110,106,0.96
106,111,0.92
111,106,0.92
106,112,0.64
112,106,0.64
107,108,1.00
108,107,1.00
107,109,0.83
109,107,0.83
107,110,0.77
110,107,0.77
107,111,0.74
111,107,0.74
107,115,0.63
115,107,0.63
107,116,0.58
116,107,0.58
107,117,0.58
117,107,0.58
107,147,0.60
147,107,0.60
108,109,1.00
109,108,1.00
108,110,0.79
110,108,0.79
108,111,0.68
111,108,0.68
108,112,0.57
112,108,0.57
108,115,0.69
115,108,0.69
108,116,0.64
116,108,0.64
108,117,0.64
117,108,0.64
109,110,1.00
110,109,1.00
109,111,0.72
111,109,0.72
109,112,0.60
112,109,0.60
109,115,0.57
115,109,0.57
110,111,1.00
111,110,1.00
110,112,0.79
112,110,0.79
110,113,0.59
113,110,0.59
110,115,0.59
115,110,0.59
111,112,1.00
112,111,1.00
111,113,0.76
113,111,0.76
111,114,0.67
114,111,0.67
111,115,0.66
115,111,0.66
112,113,1.00
113,112,1.00
112,114,0.78
114,112,0.78
112,115,0.67
115,112,0.67
113,114,1.00
114,113,1.00
113,115,0.71
115,113,0.71
114,115,1.00
115,114,1.00
114,116,0.70
116,114,0.70
115,116,1.00
116,115,1.00
115,117,0.73
117,115,0.73
115,118,0.59
118,115,0.59
116,117,1.00
117,116,1.00
116,118,0.82
118,116,0.82
116,119,0.65
119,116,0.65
116,129,0.59
129,116,0.59
117,118,1.00
118,117,1.00
117,119,0.88
119,117,0.88
117,120,0.63
120,117,0.63
117,125,0.61
125,117,0.61
117,126,0.62
126,117,0.62
117,127,0.71
127,117,0.71
117,128,0.70
128,117,0.70
117,129,0.65
129,117,0.65
117,147,0.62
147,117,0.62
117,150,0.58
150,117,0.58
118,119,1.00
119,118,1.00
118,120,0.79
120,118,0.79
118,121,0.58
121,118,0.58
118,125,0.62
125,118,0.62
118,126,0.64
126,118,0.64
118,127,0.77
127,118,0.77
118,128,0.68
128,118,0.68
118,129,0.69
129,118,0.69
118,130,0.59
130,118,0.59
119,120,1.00
120,119,1.00
119,121,0.72
121,119,0.72
119,122,0.59
122,119,0.59
119,124,0.66
124,119,0.66
119,125,0.88
125,119,0.88
119,126,0.83
126,119,0.83
119,127,0.87
127,119,0.87
119,128,0.67
128,119,0.67
119,129,0.60
129,119,0.60
119,147,0.59
147,119,0.59
119,150,0.67
150,119,0.67
119,151,0.68
151,119,0.68
120,121,1.00
121,120,1.00
120,122,0.73
122,120,0.73
120,123,0.62
123,120,0.62
120,124,0.74
124,120,0.74
120,125,0.84
125,120,0.84
120,126,0.75
126,120,0.75
120,127,0.76
127,120,0.76
120,138,0.67
138,120,0.67
120,150,0.58
150,120,0.58
120,151,0.66
151,120,0.66
121,122,1.00
122,121,1.00
121,123,0.78
123,121,0.78
121,124,0.88
124,121,0.88
121,125,0.81
125,121,0.81
121,126,0.69
126,121,0.69
121,127,0.63
127,121,0.63
121,138,0.67
138,121,0.67
121,151,0.66
151,121,0.66
121,152,0.60
152,121,0.60
121,153,0.58
153,121,0.58
122,123,1.00
123,122,1.00
122,124,0.85
124,122,0.85
122,125,0.75
125,122,0.75
122,126,0.69
126,122,0.69
122,127,0.60
127,122,0.60
122,138,0.65
138,122,0.65
122,151,0.58
151,122,0.58
122,152,0.59
152,122,0.59
122,153,0.64
153,122,0.64
123,124,1.00
124,123,1.00
123,125,0.81
125,123,0.81
123,126,0.69
126,123,0.69
123,150,0.58
150,123,0.58
123,151,0.65
151,123,0.65
123,152,0.74
152,123,0.74
123,153,0.89
153,123,0.89
123,154,0.65
154,123,0.65
123,155,0.57
155,123,0.57
123,156,0.68
156,123,0.68
123,157,0.61
157,123,0.61
123,158,0.58
158,123,0.58
124,125,1.00
125,124,1.00
124,126,0.71
126,124,0.71
124,149,0.64
149,124,0.64
124,150,0.73
150,124,0.73
124,151,0.92
151,124,0.92
124,152,0.95
152,124,0.95
124,153,0.87
153,124,0.87
124,154,0.63
154,124,0.63
125,126,1.00
126,125,1.00
125,127,0.75
127,125,0.75
125,128,0.58
128,125,0.58
125,147,0.64
147,125,0.64
125,148,0.60
148,125,0.60
125,149,0.73
149,125,0.73
125,150,0.83
150,125,0.83
125,151,0.85
151,125,0.85
125,152,0.75
152,125,0.75
125,153,0.66
153,125,0.66
126,127,1.00
127,126,1.00
126,128,0.75
128,126,0.75
126,129,0.58
129,126,0.58
126,138,0.57
138,126,0.57
126,142,0.59
142,126,0.59
126,144,0.60
144,126,0.60
126,145,0.62
145,126,0.62
126,146,0.68
146,126,0.68
126,147,0.70
147,126,0.70
126,148,0.60
148,126,0.60
126,149,0.64
149,126,0.64
126,150,0.65
150,126,0.65
126,151,0.61
151,126,0.61
127,128,1.00
128,127,1.00
127,129,0.79
129,127,0.79
127,130,0.67
130,127,0.67
127,138,0.64
138,127,0.64
127,139,0.62
139,127,0.62
127,140,0.61
140,127,0.61
127,141,0.58
141,127,0.58
127,142,0.73
142,127,0.73
127,143,0.66
143,127,0.66
127,144,0.67
144,127,0.67
127,145,0.61
145,127,0.61
127,146,0.60
146,127,0.60
127,147,0.61
147,127,0.61
128,129,1.00
129,128,1.00
128,130,0.73
130,128,0.73
128,131,0.58
131,128,0.58
128,140,0.58
140,128,0.58
128,141,0.62
141,128,0.62
128,142,0.85
142,128,0.85
128,143,0.88
143,128,0.88
128,144,0.93
144,128,0.93
128,145,0.73
145,128,0.73
128,146,0.64
146,128,0.64
128,147,0.63
147,128,0.63
129,130,1.00
130,129,1.00
129,131,0.72
131,129,0.72
129,139,0.61
139,129,0.61
129,140,0.62
140,129,0.62
129,141,0.66
141,129,0.66
129,142,0.84
142,129,0.84
129,143,0.78
143,129,0.78
129,144,0.71
144,129,0.71
130,131,1.00
131,130,1.00
130,132,0.72
132,130,0.72
130,138,0.60
138,130,0.60
130,139,0.77
139,130,0.77
130,140,0.76
140,130,0.76
130,141,0.78
141,130,0.78
130,142,0.82
142,130,0.82
130,143,0.66
143,130,0.66
131,132,1.00
132,131,1.00
131,133,0.73
133,131,0.73
131,139,0.73
139,131,0.73
131,140,0.83
140,131,0.83
131,141,0.96
141,131,0.96
131,142,0.78
142,131,0.78
131,143,0.62
143,131,0.62
132,133,1.00
133,132,1.00
132,134,0.73
134,132,0.73
132,135,0.68
135,132,0.68
132,136,0.67
136,132,0.67
132,139,0.75
139,132,0.75
132,140,0.93
140,132,0.93
132,141,0.94
141,132,0.94
132,142,0.66
142,132,0.66
133,134,1.00
134,133,1.00
133,135,0.78
135,133,0.78
133,136,0.69
136,133,0.69
133,139,0.63
139,133,0.63
133,140,0.68
140,133,0.68
133,141,0.65
141,133,0.65
134,135,1.00
135,134,1.00
134,136,0.77
136,134,0.77
134,139,0.57
139,134,0.57
134,140,0.59
140,134,0.59
135,136,1.00
136,135,1.00
135,137,0.71
137,135,0.71
135,139,0.63
139,135,0.63
135,140,0.64
140,135,0.64
136,137,1.00
137,136,1.00
136,138,0.74
138,136,0.74
136,139,0.82
139,136,0.82
136,140,0.72
140,136,0.72
137,138,1.00
138,137,1.00
137,139,0.87
139,137,0.87
137,140,0.71
140,137,0.71
138,139,1.00
139,138,1.00
138,140,0.78
140,138,0.78
138,141,0.58
141,138,0.58
139,140,1.00
140,139,1.00
139,141,0.71
141,139,0.71
139,142,0.65
142,139,0.65
140,141,1.00
141,140,1.00
140,142,0.80
142,140,0.80
140,143,0.58
143,140,0.58
141,142,1.00
142,141,1.00
141,143,0.72
143,141,0.72
142,143,1.00
143,142,1.00
142,144,0.73
144,142,0.73
142,145,0.62
145,142,0.62
143,144,1.00
144,143,1.00
143,145,0.78
145,143,0.78
143,146,0.59
146,143,0.59
144,145,1.00
145,144,1.00
144,146,0.75
146,144,0.75
144,147,0.65
147,144,0.65
145,146,1.00
146,145,1.00
145,147,0.73
147,145,0.73
145,148,0.59
148,145,0.59
146,147,1.00
147,146,1.00
146,148,0.83
148,146,0.83
146,149,0.64
149,146,0.64
147,148,1.00
148,147,1.00
147,149,0.80
149,147,0.80
147,150,0.69
150,147,0.69
148,149,1.00
149,148,1.00
148,150,0.72
150,148,0.72
149,150,1.00
150,149,1.00
149,151,0.73
151,149,0.73
149,152,0.74
152,149,0.74
149,153,0.63
153,149,0.63
150,151,1.00
151,150,1.00
150,152,0.83
152,150,0.83
150,153,0.62
153,150,0.62
151,152,1.00
152,151,1.00
151,153,0.70
153,151,0.70
152,153,1.00
153,152,1.00
152,154,0.78
154,152,0.78
152,155,0.57
155,152,0.57
153,154,1.00
154,153,1.00
153,155,0.75
155,153,0.75
153,156,0.77
156,153,0.77
153,157,0.61
157,153,0.61
154,155,1.00
155,154,1.00
154,156,0.81
156,154,0.81
154,157,0.63
157,154,0.63
155,156,1.00
156,155,1.00
155,157,0.76
157,155,0.76
156,157,1.00
157,156,1.00
156,158,0.73
158,156,0.73
157,158,1.00
158,157,1.00
157,159,0.70
159,157,0.70
158,159,1.00
159,158,1.00
158,160,0.73
160,158,0.73
159,160,1.00
160,159,1.00
159,161,0.76
161,159,0.76
159,162,0.59
162,159,0.59
160,161,1.00
161,160,1.00
160,162,0.80
162,160,0.80
160,163,0.61
163,160,0.61
161,162,1.00
162,161,1.00
161,163,0.76
163,161,0.76
162,163,1.00
163,162,1.00
162,164,0.73
164,162,0.73
162,165,0.58
165,162,0.58
163,164,1.00
164,163,1.00
163,165,0.79
165,163,0.79
163,166,0.69
166,163,0.69
163,167,0.59
167,163,0.59
164,165,1.00
165,164,1.00
164,166,0.73
166,164,0.73
164,167,0.59
167,164,0.59
165,166,1.00
166,165,1.00
165,167,0.73
167,165,0.73
165,168,0.60
168,165,0.60
165,169,0.65
169,165,0.65
166,167,1.00
167,166,1.00
166,168,0.73
168,166,0.73
166,169,0.74
169,166,0.74
167,168,1.00
168,167,1.00
167,169,0.82
169,167,0.82
168,169,1.00
169,168,1.00
