2,3,1.00
3,2,1.00
2,4,0.75
4,2,0.75
2,5,0.59
5,2,0.59
2,32,0.59
32,2,0.59
2,33,0.66
33,2,0.66
2,34,0.69
34,2,0.69
3,4,1.00
4,3,1.00
3,5,0.78
5,3,0.78
3,6,0.60
6,3,0.60
3,32,0.65
32,3,0.65
3,33,0.66
33,3,0.66
3,34,0.60
34,3,0.60
4,5,1.00
5,4,1.00
4,6,0.80
6,4,0.80
4,7,0.60
7,4,0.60
4,8,0.61
8,4,0.61
4,9,0.74
9,4,0.74
4,10,0.60
10,4,0.60
4,31,0.63
31,4,0.63
4,32,0.82
32,4,0.82
4,33,0.71
33,4,0.71
4,34,0.62
34,4,0.62
5,6,1.00
6,5,1.00
5,7,0.72
7,5,0.72
5,8,0.65
8,5,0.65
5,9,0.70
9,5,0.70
5,10,0.57
10,5,0.57
5,32,0.62
32,5,0.62
6,7,1.00
7,6,1.00
6,8,0.85
8,6,0.85
6,9,0.78
9,6,0.78
6,10,0.59
10,6,0.59
6,30,0.58
30,6,0.58
6,31,0.60
31,6,0.60
6,32,0.62
32,6,0.62
7,8,1.00
8,7,1.00
7,9,0.75
9,7,0.75
7,10,0.59
10,7,0.59
7,30,0.61
30,7,0.61
7,31,0.57
31,7,0.57
8,9,1.00
9,8,1.00
8,10,0.75
10,8,0.75
8,11,0.62
11,8,0.62
8,12,0.61
12,8,0.61
8,29,0.71
29,8,0.71
8,30,0.85
30,8,0.85
8,31,0.74
31,8,0.74
8,32,0.63
32,8,0.63
9,10,1.00
10,9,1.00
9,11,0.73
11,9,0.73
9,12,0.72
12,9,0.72
9,29,0.68
29,9,0.68
9,30,0.96
30,9,0.96
9,31,0.94
31,9,0.94
9,32,0.86
32,9,0.86
9,33,0.62
33,9,0.62
10,11,1.00
11,10,1.00
10,12,0.82
12,10,0.82
10,13,0.59
13,10,0.59
10,28,0.62
28,10,0.62
10,29,0.70
29,10,0.70
10,30,0.90
30,10,0.90
10,31,0.77
31,10,0.77
10,32,0.72
32,10,0.72
11,12,1.00
12,11,1.00
11,13,0.75
13,11,0.75
11,27,0.59
27,11,0.59
11,28,0.81
28,11,0.81
11,29,0.81
29,11,0.81
11,30,0.88
30,11,0.88
11,31,0.68
31,11,0.68
11,32,0.59
32,11,0.59
12,13,1.00
13,12,1.00
12,14,0.70
14,12,0.70
12,28,0.77
28,12,0.77
12,29,0.90
29,12,0.90
12,30,1.00
30,12,1.00
12,31,0.83
31,12,0.83
12,32,0.65
32,12,0.65
13,14,1.00
14,13,1.00
13,15,0.75
15,13,0.75
13,26,0.60
26,13,0.60
13,27,0.61
27,13,0.61
13,28,0.80
28,13,0.80
13,29,0.83
29,13,0.83
13,30,0.74
30,13,0.74
13,31,0.64
31,13,0.64
14,15,1.00
15,14,1.00
14,16,0.72
16,14,0.72
14,17,0.59
17,14,0.59
14,26,0.64
26,14,0.64
14,27,0.57
27,14,0.57
14,28,0.67
28,14,0.67
14,29,0.70
29,14,0.70
14,30,0.60
30,14,0.60
15,16,1.00
16,15,1.00
15,17,0.78
17,15,0.78
15,18,0.58
18,15,0.58
15,26,0.68
26,15,0.68
15,27,0.60
27,15,0.60
15,28,0.63
28,15,0.63
15,29,0.59
29,15,0.59
16,17,1.00
17,16,1.00
16,18,0.73
18,16,0.73
16,23,0.57
23,16,0.57
16,24,0.60
24,16,0.60
16,25,0.60
25,16,0.60
16,26,0.65
26,16,0.65
17,18,1.00
18,17,1.00
17,19,0.72
19,17,0.72
17,21,0.61
21,17,0.61
17,22,0.63
22,17,0.63
17,23,0.72
23,17,0.72
17,24,0.79
24,17,0.79
17,25,0.73
25,17,0.73
17,26,0.74
26,17,0.74
17,27,0.62
27,17,0.62
18,19,1.00
19,18,1.00
18,20,0.77
20,18,0.77
18,21,0.85
21,18,0.85
18,22,0.85
22,18,0.85
18,23,0.84
23,18,0.84
18,24,0.80
24,18,0.80
18,25,0.63
25,18,0.63
18,26,0.58
26,18,0.58
19,20,1.00
20,19,1.00
19,21,0.86
21,19,0.86
19,22,0.86
22,19,0.86
19,23,0.77
23,19,0.77
19,24,0.75
24,19,0.75
20,21,1.00
21,20,1.00
20,22,0.83
22,20,0.83
20,23,0.64
23,20,0.64
20,24,0.57
24,20,0.57
21,22,1.00
22,21,1.00
21,23,0.72
23,21,0.72
21,24,0.59
24,21,0.59
22,23,1.00
23,22,1.00
22,24,0.73
24,22,0.73
23,24,1.00
24,23,1.00
23,25,0.73
25,23,0.73
24,25,1.00
25,24,1.00
24,26,0.74
26,24,0.74
24,27,0.61
27,24,0.61
25,26,1.00
26,25,1.00
25,27,0.74
27,25,0.74
25,28,0.58
28,25,0.58
26,27,1.00
27,26,1.00
26,28,0.81
28,26,0.81
26,29,0.73
29,26,0.73
27,28,1.00
28,27,1.00
27,29,0.76
29,27,0.76
28,29,1.00
29,28,1.00
28,30,0.73
30,28,0.73
29,30,1.00
30,29,1.00
29,31,0.71
31,29,0.71
30,31,1.00
31,30,1.00
30,32,0.72
32,30,0.72
31,32,1.00
32,31,1.00
31,33,0.71
33,31,0.71
31,34,0.61
34,31,0.61
32,33,1.00
33,32,1.00
32,34,0.77
34,32,0.77
32,35,0.60
35,32,0.60
33,34,1.00
34,33,1.00
33,35,0.73
35,33,0.73
34,35,1.00
35,34,1.00
34,36,0.73
36,34,0.73
35,36,1.00
36,35,1.00
35,37,0.73
37,35,0.73
36,37,1.00
37,36,1.00
36,38,0.73
38,36,0.73
36,134,0.59
134,36,0.59
36,135,0.59
135,36,0.59
36,136,0.75
136,36,0.75
36,137,0.69
137,36,0.69
36,138,0.57
138,36,0.57
37,38,1.00
38,37,1.00
37,39,0.71
39,37,0.71
37,40,0.62
40,37,0.62
37,43,0.57
43,37,0.57
37,136,0.70
136,37,0.70
37,137,0.78
137,37,0.78
37,138,0.64
138,37,0.64
38,39,1.00
39,38,1.00
38,40,0.78
40,38,0.78
38,43,0.59
43,38,0.59
38,136,0.69
136,38,0.69
38,137,0.84
137,38,0.84
38,138,0.65
138,38,0.65
39,40,1.00
40,39,1.00
39,41,0.72
41,39,0.72
39,42,0.64
42,39,0.64
39,43,0.66
43,39,0.66
39,136,0.58
136,39,0.58
39,137,0.75
137,39,0.75
39,138,0.64
138,39,0.64
40,41,1.00
41,40,1.00
40,42,0.83
42,40,0.83
40,43,0.79
43,40,0.79
40,44,0.61
44,40,0.61
41,42,1.00
42,41,1.00
41,43,0.75
43,41,0.75
41,44,0.61
44,41,0.61
42,43,1.00
43,42,1.00
42,44,0.82
44,42,0.82
42,45,0.71
45,42,0.71
42,46,0.57
46,42,0.57
43,44,1.00
44,43,1.00
43,45,0.71
45,43,0.71
43,46,0.59
46,43,0.59
44,45,1.00
45,44,1.00
44,46,0.81
46,44,0.81
44,47,0.63
47,44,0.63
45,46,1.00
46,45,1.00
45,47,0.84
47,45,0.84
45,48,0.64
48,45,0.64
45,120,0.57
120,45,0.57
46,47,1.00
47,46,1.00
46,48,0.79
48,46,0.79
46,49,0.66
49,46,0.66
46,118,0.58
118,46,0.58
46,119,0.58
119,46,0.58
46,120,0.73
120,46,0.73
46,121,0.68
121,46,0.68
46,122,0.59
122,46,0.59
47,48,1.00
48,47,1.00
47,49,0.84
49,47,0.84
47,50,0.62
50,47,0.62
47,120,0.63
120,47,0.63
47,121,0.69
121,47,0.69
47,122,0.63
122,47,0.63
47,160,0.63
160,47,0.63
48,49,1.00
49,48,1.00
48,50,0.76
50,48,0.76
48,51,0.76
51,48,0.76
48,52,0.73
52,48,0.73
48,120,0.73
120,48,0.73
48,121,0.93
121,48,0.93
48,122,0.80
122,48,0.80
48,123,0.62
123,48,0.62
48,124,0.63
124,48,0.63
48,159,0.58
159,48,0.58
48,160,0.64
160,48,0.64
49,50,1.00
50,49,1.00
49,51,0.81
51,49,0.81
49,52,0.66
52,49,0.66
49,120,0.61
120,49,0.61
49,121,0.80
121,49,0.80
49,122,0.92
122,49,0.92
49,123,0.69
123,49,0.69
49,124,0.61
124,49,0.61
49,158,0.69
158,49,0.69
49,159,0.79
159,49,0.79
49,160,0.90
160,49,0.90
49,161,0.65
161,49,0.65
50,51,1.00
51,50,1.00
50,52,0.73
52,50,0.73
50,53,0.57
53,50,0.57
50,121,0.66
121,50,0.66
50,122,0.81
122,50,0.81
50,123,0.74
123,50,0.74
50,124,0.61
124,50,0.61
50,153,0.58
153,50,0.58
50,156,0.58
156,50,0.58
50,157,0.73
157,50,0.73
50,158,0.93
158,50,0.93
50,159,0.95
159,50,0.95
50,160,0.81
160,50,0.81
50,161,0.60
161,50,0.60
51,52,1.00
52,51,1.00
51,53,0.74
53,51,0.74
51,121,0.75
121,51,0.75
51,122,0.84
122,51,0.84
51,123,0.90
123,51,0.90
51,124,0.80
124,51,0.80
51,125,0.60
125,51,0.60
51,151,0.61
151,51,0.61
51,152,0.68
152,51,0.68
51,153,0.74
153,51,0.74
51,154,0.59
154,51,0.59
51,155,0.58
155,51,0.58
51,156,0.65
156,51,0.65
51,157,0.72
157,51,0.72
51,158,0.79
158,51,0.79
51,159,0.68
159,51,0.68
51,160,0.61
160,51,0.61
52,53,1.00
53,52,1.00
52,54,0.74
54,52,0.74
52,55,0.63
55,52,0.63
52,121,0.70
121,52,0.70
52,122,0.66
122,52,0.66
52,123,0.68
123,52,0.68
52,124,0.73
124,52,0.73
52,151,0.67
151,52,0.67
52,152,0.69
152,52,0.69
52,153,0.65
153,52,0.65
52,157,0.57
157,52,0.57
52,158,0.58
158,52,0.58
53,54,1.00
54,53,1.00
53,55,0.72
55,53,0.72
53,68,0.65
68,53,0.65
53,124,0.62
124,53,0.62
53,151,0.63
151,53,0.63
53,152,0.68
152,53,0.68
53,153,0.61
153,53,0.61
54,55,1.00
55,54,1.00
54,56,0.74
56,54,0.74
54,57,0.76
57,54,0.76
54,58,0.59
58,54,0.59
54,67,0.69
67,54,0.69
54,68,0.83
68,54,0.83
54,69,0.66
69,54,0.66
54,151,0.66
151,54,0.66
54,152,0.67
152,54,0.67
55,56,1.00
56,55,1.00
55,57,0.82
57,55,0.82
55,58,0.59
58,55,0.59
55,66,0.64
66,55,0.64
55,67,0.76
67,55,0.76
55,68,0.98
68,55,0.98
55,69,0.83
69,55,0.83
55,70,0.70
70,55,0.70
55,151,0.72
151,55,0.72
55,152,0.63
152,55,0.63
56,57,1.00
57,56,1.00
56,58,0.71
58,56,0.71
56,59,0.60
59,56,0.60
56,65,0.60
65,56,0.60
56,66,0.81
66,56,0.81
56,67,0.89
67,56,0.89
56,68,0.90
68,56,0.90
56,69,0.75
69,56,0.75
56,70,0.79
70,56,0.79
56,71,0.64
71,56,0.64
57,58,1.00
58,57,1.00
57,59,0.73
59,57,0.73
57,65,0.61
65,57,0.61
57,66,0.72
66,57,0.72
57,67,0.92
67,57,0.92
57,68,0.77
68,57,0.77
57,69,0.59
69,57,0.59
57,70,0.60
70,57,0.60
58,59,1.00
59,58,1.00
58,60,0.76
60,58,0.76
58,61,0.72
61,58,0.72
58,65,0.65
65,58,0.65
58,66,0.69
66,58,0.69
58,67,0.82
67,58,0.82
58,68,0.62
68,58,0.62
59,60,1.00
60,59,1.00
59,61,0.80
61,59,0.80
59,62,0.60
62,59,0.60
59,64,0.57
64,59,0.57
59,65,0.72
65,59,0.72
59,66,0.69
66,59,0.69
59,67,0.70
67,59,0.70
60,61,1.00
61,60,1.00
60,62,0.71
62,60,0.71
60,63,0.60
63,60,0.60
60,64,0.58
64,60,0.58
60,65,0.65
65,60,0.65
60,67,0.58
67,60,0.58
61,62,1.00
62,61,1.00
61,63,0.75
63,61,0.75
61,64,0.63
64,61,0.63
61,65,0.69
65,61,0.69
61,67,0.62
67,61,0.62
62,63,1.00
63,62,1.00
62,64,0.71
64,62,0.71
62,65,0.68
65,62,0.68
63,64,1.00
64,63,1.00
63,65,0.83
65,63,0.83
63,66,0.61
66,63,0.61
63,67,0.62
67,63,0.62
64,65,1.00
65,64,1.00
64,66,0.71
66,64,0.71
64,67,0.62
67,64,0.62
64,71,0.64
71,64,0.64
65,66,1.00
66,65,1.00
65,67,0.85
67,65,0.85
65,68,0.64
68,65,0.64
65,70,0.65
70,65,0.65
65,71,0.76
71,65,0.76
65,72,0.61
72,65,0.61
66,67,1.00
67,66,1.00
66,68,0.81
68,66,0.81
66,69,0.70
69,66,0.70
66,70,0.88
70,66,0.88
66,71,0.95
71,66,0.95
66,72,0.72
72,66,0.72
67,68,1.00
68,67,1.00
67,69,0.71
69,67,0.71
67,70,0.75
70,67,0.75
67,71,0.68
71,67,0.68
68,69,1.00
69,68,1.00
68,70,0.85
70,68,0.85
68,71,0.66
71,68,0.66
69,70,1.00
70,69,1.00
69,71,0.71
71,69,0.71
70,71,1.00
71,70,1.00
70,72,0.75
72,70,0.75
70,73,0.62
73,70,0.62
70,74,0.59
74,70,0.59
71,72,1.00
72,71,1.00
71,73,0.71
73,71,0.71
71,74,0.60
74,71,0.60
72,73,1.00
73,72,1.00
72,74,0.74
74,72,0.74
72,75,0.59
75,72,0.59
73,74,1.00
74,73,1.00
73,75,0.72
75,73,0.72
73,76,0.64
76,73,0.64
74,75,1.00
75,74,1.00
74,76,0.82
76,74,0.82
74,77,0.60
77,74,0.60
75,76,1.00
76,75,1.00
75,77,0.75
77,75,0.75
75,78,0.60
78,75,0.60
76,77,1.00
77,76,1.00
76,78,0.82
78,76,0.82
76,79,0.63
79,76,0.63
77,78,1.00
78,77,1.00
77,79,0.78
79,77,0.78
77,80,0.65
80,77,0.65
77,90,0.64
90,77,0.64
77,91,0.62
91,77,0.62
77,92,0.59
92,77,0.59
78,79,1.00
79,78,1.00
78,80,0.78
80,78,0.78
78,81,0.61
81,78,0.61
79,80,1.00
80,79,1.00
79,81,0.71
81,79,0.71
80,81,1.00
81,80,1.00
80,82,0.78
82,80,0.78
80,83,0.65
83,80,0.65
80,84,0.61
84,80,0.61
81,82,1.00
82,81,1.00
81,83,0.70
83,81,0.70
81,84,0.60
84,81,0.60
82,83,1.00
83,82,1.00
82,84,0.76
84,82,0.76
83,84,1.00
84,83,1.00
83,85,0.76
85,83,0.76
83,86,0.67
86,83,0.67
83,87,0.71
87,83,0.71
83,88,0.57
88,83,0.57
84,85,1.00
85,84,1.00
84,86,0.75
86,84,0.75
84,87,0.67
87,84,0.67
85,86,1.00
86,85,1.00
85,87,0.75
87,85,0.75
85,88,0.61
88,85,0.61
85,89,0.60
89,85,0.60
86,87,1.00
87,86,1.00
86,88,0.83
88,86,0.83
86,89,0.74
89,86,0.74
87,88,1.00
88,87,1.00
87,89,0.75
89,87,0.75
88,89,1.00
89,88,1.00
88,90,0.75
90,88,0.75
88,91,0.66
91,88,0.66
88,92,0.66
92,88,0.66
88,93,0.61
93,88,0.61
89,90,1.00
90,89,1.00
89,91,0.75
91,89,0.75
89,92,0.68
92,89,0.68
90,91,1.00
91,90,1.00
90,92,0.76
92,90,0.76
90,93,0.58
93,90,0.58
91,92,1.00
92,91,1.00
91,93,0.72
93,91,0.72
92,93,1.00
93,92,1.00
92,94,0.70
94,92,0.70
92,95,0.58
95,92,0.58
93,94,1.00
94,93,1.00
93,95,0.78
95,93,0.78
93,96,0.65
96,93,0.65
94,95,1.00
95,94,1.00
94,96,0.77
96,94,0.77
94,97,0.65
97,94,0.65
95,96,1.00
96,95,1.00
95,97,0.71
97,95,0.71
96,97,1.00
97,96,1.00
96,98,0.73
98,96,0.73
96,99,0.63
99,96,0.63
97,98,1.00
98,97,1.00
97,99,0.84
99,97,0.84
97,100,0.60
100,97,0.60
98,99,1.00
99,98,1.00
98,100,0.74
100,98,0.74
98,101,0.67
101,98,0.67
98,113,0.62
113,98,0.62
98,114,0.65
114,98,0.65
99,100,1.00
100,99,1.00
99,101,0.78
101,99,0.78
99,102,0.66
102,99,0.66
100,101,1.00
101,100,1.00
100,102,0.77
102,100,0.77
100,103,0.59
103,100,0.59
101,102,1.00
102,101,1.00
101,103,0.79
103,101,0.79
101,104,0.64
104,101,0.64
101,105,0.62
105,101,0.62
102,103,1.00
103,102,1.00
102,104,0.70
104,102,0.70
102,105,0.60
105,102,0.60
103,104,1.00
104,103,1.00
103,105,0.75
105,103,0.75
104,105,1.00
105,104,1.00
104,106,0.70
106,104,0.70
104,107,0.62
107,104,0.62
105,106,1.00
106,105,1.00
105,107,0.79
107,105,0.79
105,108,0.61
108,105,0.61
105,112,0.68
112,105,0.68
105,113,0.60
113,105,0.60
106,107,1.00
107,106,1.00
106,108,0.79
108,106,0.79
106,109,0.69
109,106,0.69
106,110,0.72
110,106,0.72
106,111,0.75
111,106,0.75
106,112,0.87
112,106,0.87
106,113,0.66
113,106,0.66
107,108,1.00
108,107,1.00
107,109,0.78
109,107,0.78
107,110,0.70
110,107,0.70
107,111,0.65
111,107,0.65
107,112,0.65
112,107,0.65
108,109,1.00
109,108,1.00
108,110,0.77
110,108,0.77
108,111,0.71
111,108,0.71
108,112,0.62
112,108,0.62
109,110,1.00
110,109,1.00
109,111,0.79
111,109,0.79
109,112,0.63
112,109,0.63
109,148,0.60
148,109,0.60
110,111,1.00
111,110,1.00
110,112,0.79
112,110,0.79
110,113,0.58
113,110,0.58
111,112,1.00
112,111,1.00
111,113,0.74
113,111,0.74
111,114,0.64
114,111,0.64
111,115,0.67
115,111,0.67
111,147,0.58
147,111,0.58
112,113,1.00
113,112,1.00
112,114,0.72
114,112,0.72
112,115,0.65
115,112,0.65
113,114,1.00
114,113,1.00
113,115,0.77
115,113,0.77
113,116,0.62
116,113,0.62
114,115,1.00
115,114,1.00
114,116,0.79
116,114,0.79
114,117,0.58
117,114,0.58
115,116,1.00
116,115,1.00
115,117,0.75
117,115,0.75
115,118,0.57
118,115,0.57
115,128,0.64
128,115,0.64
115,129,0.68
129,115,0.68
115,144,0.64
144,115,0.64
116,117,1.00
117,116,1.00
116,118,0.72
118,116,0.72
116,119,0.61
119,116,0.61
116,128,0.63
128,116,0.63
116,129,0.74
129,116,0.74
116,130,0.57
130,116,0.57
117,118,1.00
118,117,1.00
117,119,0.86
119,117,0.86
117,120,0.69
120,117,0.69
117,125,0.61
125,117,0.61
117,126,0.61
126,117,0.61
117,127,0.68
127,117,0.68
117,128,0.67
128,117,0.67
117,129,0.74
129,117,0.74
117,130,0.58
130,117,0.58
118,119,1.00
119,118,1.00
118,120,0.81
120,118,0.81
118,121,0.60
121,118,0.60
118,125,0.63
125,118,0.63
118,126,0.65
126,118,0.65
118,127,0.77
127,118,0.77
118,128,0.67
128,118,0.67
118,129,0.74
129,118,0.74
118,130,0.64
130,118,0.64
119,120,1.00
120,119,1.00
119,121,0.77
121,119,0.77
119,122,0.64
122,119,0.64
119,124,0.66
124,119,0.66
119,125,0.91
125,119,0.91
119,126,0.89
126,119,0.89
119,127,0.87
127,119,0.87
119,128,0.67
128,119,0.67
119,129,0.63
129,119,0.63
119,150,0.64
150,119,0.64
119,151,0.61
151,119,0.61
120,121,1.00
121,120,1.00
120,122,0.72
122,120,0.72
120,123,0.59
123,120,0.59
120,124,0.69
124,120,0.69
120,125,0.81
125,120,0.81
120,126,0.69
126,120,0.69
120,127,0.63
127,120,0.63
120,150,0.59
150,120,0.59
120,151,0.64
151,120,0.64
121,122,1.00
122,121,1.00
121,123,0.78
123,121,0.78
121,124,0.88
124,121,0.88
121,125,0.85
125,121,0.85
121,126,0.67
126,121,0.67
121,150,0.60
150,121,0.60
121,151,0.69
151,121,0.69
121,152,0.62
152,121,0.62
121,153,0.60
153,121,0.60
121,160,0.57
160,121,0.57
122,123,1.00
123,122,1.00
122,124,0.84
124,122,0.84
122,125,0.76
125,122,0.76
122,126,0.68
126,122,0.68
122,151,0.59
151,122,0.59
122,152,0.60
152,122,0.60
122,153,0.66
153,122,0.66
122,158,0.70
158,122,0.70
122,159,0.68
159,122,0.68
122,160,0.71
160,122,0.71
123,124,1.00
124,123,1.00
123,125,0.77
125,123,0.77
123,126,0.67
126,123,0.67
123,149,0.61
149,123,0.61
123,150,0.61
150,123,0.61
123,151,0.66
151,123,0.66
123,152,0.76
152,123,0.76
123,153,0.96
153,123,0.96
123,154,0.71
154,123,0.71
123,155,0.60
155,123,0.60
123,156,0.65
156,123,0.65
123,157,0.65
157,123,0.65
123,158,0.76
158,123,0.76
123,159,0.63
159,123,0.63
123,160,0.58
160,123,0.58
124,125,1.00
125,124,1.00
124,126,0.71
126,124,0.71
124,149,0.72
149,124,0.72
124,150,0.82
150,124,0.82
124,151,0.95
151,124,0.95
124,152,0.99
152,124,0.99
124,153,0.91
153,124,0.91
124,154,0.64
154,124,0.64
125,126,1.00
126,125,1.00
125,127,0.72
127,125,0.72
125,148,0.59
148,125,0.59
125,149,0.74
149,125,0.74
125,150,0.90
150,125,0.90
125,151,0.83
151,125,0.83
125,152,0.73
152,125,0.73
125,153,0.68
153,125,0.68
126,127,1.00
127,126,1.00
126,128,0.72
128,126,0.72
126,129,0.58
129,126,0.58
126,146,0.59
146,126,0.59
126,147,0.62
147,126,0.62
126,148,0.59
148,126,0.59
126,149,0.66
149,126,0.66
126,150,0.69
150,126,0.69
126,151,0.60
151,126,0.60
126,153,0.57
153,126,0.57
127,128,1.00
128,127,1.00
127,129,0.78
129,127,0.78
127,130,0.67
130,127,0.67
127,141,0.59
141,127,0.59
127,142,0.77
142,127,0.77
127,143,0.68
143,127,0.68
127,144,0.65
144,127,0.65
127,146,0.58
146,127,0.58
128,129,1.00
129,128,1.00
128,130,0.77
130,128,0.77
128,131,0.59
131,128,0.59
128,141,0.65
141,128,0.65
128,142,0.91
142,128,0.91
128,143,0.93
143,128,0.93
128,144,0.92
144,128,0.92
128,145,0.69
145,128,0.69
128,146,0.64
146,128,0.64
128,147,0.60
147,128,0.60
129,130,1.00
130,129,1.00
129,131,0.70
131,129,0.70
129,140,0.61
140,129,0.61
129,141,0.68
141,129,0.68
129,142,0.84
142,129,0.84
129,143,0.79
143,129,0.79
129,144,0.74
144,129,0.74
130,131,1.00
131,130,1.00
130,132,0.71
132,130,0.71
130,139,0.73
139,130,0.73
130,140,0.83
140,130,0.83
130,141,0.92
141,130,0.92
130,142,0.94
142,130,0.94
130,143,0.73
143,130,0.73
130,144,0.61
144,130,0.61
131,132,1.00
132,131,1.00
131,133,0.72
133,131,0.72
131,134,0.63
134,131,0.63
131,139,0.73
139,131,0.73
131,140,0.88
140,131,0.88
131,141,1.00
141,131,1.00
131,142,0.78
142,131,0.78
131,143,0.64
143,131,0.64
132,133,1.00
133,132,1.00
132,134,0.78
134,132,0.78
132,135,0.66
135,132,0.66
132,136,0.59
136,132,0.59
132,139,0.71
139,132,0.71
132,140,0.91
140,132,0.91
132,141,0.96
141,132,0.96
132,142,0.66
142,132,0.66
133,134,1.00
134,133,1.00
133,135,0.75
135,133,0.75
133,136,0.61
136,133,0.61
133,139,0.59
139,133,0.59
133,140,0.67
140,133,0.67
133,141,0.65
141,133,0.65
134,135,1.00
135,134,1.00
134,136,0.81
136,134,0.81
134,137,0.60
137,134,0.60
134,139,0.64
139,134,0.64
134,140,0.64
140,134,0.64
135,136,1.00
136,135,1.00
135,137,0.71
137,135,0.71
135,138,0.59
138,135,0.59
135,139,0.66
139,135,0.66
135,140,0.63
140,135,0.63
136,137,1.00
137,136,1.00
136,138,0.75
138,136,0.75
136,139,0.78
139,136,0.78
136,140,0.64
140,136,0.64
137,138,1.00
138,137,1.00
137,139,0.81
139,137,0.81
137,140,0.62
140,137,0.62
138,139,1.00
139,138,1.00
138,140,0.71
140,138,0.71
139,140,1.00
140,139,1.00
139,141,0.71
141,139,0.71
139,142,0.60
142,139,0.60
140,141,1.00
141,140,1.00
140,142,0.76
142,140,0.76
141,142,1.00
142,141,1.00
141,143,0.74
143,141,0.74
142,143,1.00
143,142,1.00
142,144,0.72
144,142,0.72
142,145,0.59
145,142,0.59
143,144,1.00
144,143,1.00
143,145,0.79
145,143,0.79
143,146,0.63
146,143,0.63
144,145,1.00
145,144,1.00
144,146,0.76
146,144,0.76
144,147,0.65
147,144,0.65
145,146,1.00
146,145,1.00
145,147,0.73
147,145,0.73
146,147,1.00
147,146,1.00
146,148,0.71
148,146,0.71
146,149,0.57
149,146,0.57
147,148,1.00
148,147,1.00
147,149,0.74
149,147,0.74
147,150,0.64
150,147,0.64
148,149,1.00
149,148,1.00
148,150,0.74
150,148,0.74
148,152,0.58
152,148,0.58
149,150,1.00
150,149,1.00
149,151,0.74
151,149,0.74
149,152,0.81
152,149,0.81
149,153,0.73
153,149,0.73
149,154,0.64
154,149,0.64
150,151,1.00
151,150,1.00
150,152,0.85
152,150,0.85
150,153,0.67
153,150,0.67
151,152,1.00
152,151,1.00
151,153,0.71
153,151,0.71
152,153,1.00
153,152,1.00
152,154,0.73
154,152,0.73
152,155,0.66
155,152,0.66
152,156,0.58
156,152,0.58
153,154,1.00
154,153,1.00
153,155,0.81
155,153,0.81
153,156,0.75
156,153,0.75
153,157,0.64
157,153,0.64
153,158,0.63
158,153,0.63
154,155,1.00
155,154,1.00
154,156,0.86
156,154,0.86
154,157,0.64
157,154,0.64
154,158,0.59
158,154,0.59
155,156,1.00
156,155,1.00
155,157,0.69
157,155,0.69
156,157,1.00
157,156,1.00
156,158,0.74
158,156,0.74
157,158,1.00
158,157,1.00
157,159,0.71
159,157,0.71
158,159,1.00
159,158,1.00
158,160,0.71
160,158,0.71
159,160,1.00
160,159,1.00
159,161,0.76
161,159,0.76
160,161,1.00
161,160,1.00
160,162,0.73
162,160,0.73
161,162,1.00
162,161,1.00
161,163,0.72
163,161,0.72
162,163,1.00
163,162,1.00
162,164,0.71
164,162,0.71
162,165,0.59
165,162,0.59
162,166,0.58
166,162,0.58
163,164,1.00
164,163,1.00
163,165,0.81
165,163,0.81
163,166,0.76
166,163,0.76
164,165,1.00
165,164,1.00
164,166,0.75
166,164,0.75
164,167,0.58
167,164,0.58
165,166,1.00
166,165,1.00
165,167,0.76
167,165,0.76
165,168,0.58
168,165,0.58
166,167,1.00
167,166,1.00
166,168,0.74
168,166,0.74
166,169,0.68
169,166,0.68
167,168,1.00
168,167,1.00
167,169,0.78
169,167,0.78
168,169,1.00
169,168,1.00
