2,3,1.00
3,2,1.00
2,4,0.72
4,2,0.72
2,6,0.58
6,2,0.58
3,4,1.00
4,3,1.00
3,5,0.73
5,3,0.73
3,6,0.72
6,3,0.72
4,5,1.00
5,4,1.00
4,6,0.80
6,4,0.80
4,7,0.62
7,4,0.62
5,6,1.00
6,5,1.00
5,7,0.84
7,5,0.84
5,8,0.61
8,5,0.61
5,9,0.59
9,5,0.59
5,10,0.65
10,5,0.65
6,7,1.00
7,6,1.00
6,8,0.75
8,6,0.75
6,9,0.78
9,6,0.78
6,10,0.94
10,6,0.94
6,11,0.70
11,6,0.70
7,8,1.00
8,7,1.00
7,9,0.81
9,7,0.81
7,10,0.83
10,7,0.83
7,11,0.75
11,7,0.75
8,9,1.00
9,8,1.00
8,10,0.84
10,8,0.84
8,11,0.83
11,8,0.83
8,12,0.60
12,8,0.60
9,10,1.00
10,9,1.00
9,11,0.82
11,9,0.82
9,12,0.62
12,9,0.62
10,11,1.00
11,10,1.00
10,12,0.76
12,10,0.76
10,13,0.67
13,10,0.67
10,14,0.60
14,10,0.60
11,12,1.00
12,11,1.00
11,13,0.80
13,11,0.80
11,14,0.62
14,11,0.62
12,13,1.00
13,12,1.00
12,14,0.73
14,12,0.73
13,14,1.00
14,13,1.00
13,15,0.71
15,13,0.71
13,16,0.58
16,13,0.58
14,15,1.00
15,14,1.00
14,16,0.74
16,14,0.74
14,17,0.61
17,14,0.61
14,18,0.62
18,14,0.62
15,16,1.00
16,15,1.00
15,17,0.80
17,15,0.80
15,18,0.77
18,15,0.77
15,22,0.60
22,15,0.60
16,17,1.00
17,16,1.00
16,18,0.76
18,16,0.76
16,21,0.65
21,16,0.65
16,22,0.64
22,16,0.64
17,18,1.00
18,17,1.00
17,19,0.76
19,17,0.76
17,20,0.77
20,17,0.77
17,21,0.89
21,17,0.89
17,22,0.79
22,17,0.79
17,23,0.63
23,17,0.63
18,19,1.00
19,18,1.00
18,20,0.81
20,18,0.81
18,21,0.81
21,18,0.81
18,22,0.82
22,18,0.82
18,23,0.76
23,18,0.76
18,24,0.58
24,18,0.58
19,20,1.00
20,19,1.00
19,21,0.81
21,19,0.81
19,22,0.77
22,19,0.77
19,23,0.81
23,19,0.81
19,24,0.60
24,19,0.60
20,21,1.00
21,20,1.00
20,22,0.77
22,20,0.77
20,23,0.71
23,20,0.71
21,22,1.00
22,21,1.00
21,23,0.76
23,21,0.76
21,24,0.58
24,21,0.58
22,23,1.00
23,22,1.00
22,24,0.76
24,22,0.76
23,24,1.00
24,23,1.00
23,25,0.76
25,23,0.76
23,26,0.62
26,23,0.62
24,25,1.00
25,24,1.00
24,26,0.76
26,24,0.76
24,27,0.59
27,24,0.59
25,26,1.00
26,25,1.00
25,27,0.73
27,25,0.73
25,28,0.58
28,25,0.58
26,27,1.00
27,26,1.00
26,28,0.76
28,26,0.76
27,28,1.00
28,27,1.00
27,29,0.71
29,27,0.71
28,29,1.00
29,28,1.00
28,30,0.72
30,28,0.72
29,30,1.00
30,29,1.00
29,31,0.71
31,29,0.71
29,32,0.60
32,29,0.60
29,33,0.61
33,29,0.61
29,36,0.61
36,29,0.61
30,31,1.00
31,30,1.00
30,32,0.80
32,30,0.80
30,33,0.72
33,30,0.72
30,34,0.60
34,30,0.60
30,36,0.59
36,30,0.59
31,32,1.00
32,31,1.00
31,33,0.75
33,31,0.75
31,34,0.59
34,31,0.59
32,33,1.00
33,32,1.00
32,34,0.77
34,32,0.77
32,35,0.59
35,32,0.59
33,34,1.00
34,33,1.00
33,35,0.74
35,33,0.74
33,36,0.65
36,33,0.65
34,35,1.00
35,34,1.00
34,36,0.75
36,34,0.75
34,37,0.59
37,34,0.59
35,36,1.00
36,35,1.00
35,37,0.77
37,35,0.77
35,38,0.61
38,35,0.61
36,37,1.00
37,36,1.00
36,38,0.75
38,36,0.75
37,38,1.00
38,37,1.00
37,39,0.72
39,37,0.72
38,39,1.00
39,38,1.00
38,40,0.72
40,38,0.72
38,41,0.61
41,38,0.61
39,40,1.00
40,39,1.00
39,41,0.84
41,39,0.84
39,42,0.62
42,39,0.62
40,41,1.00
41,40,1.00
40,42,0.71
42,40,0.71
41,42,1.00
42,41,1.00
41,43,0.74
43,41,0.74
41,44,0.60
44,41,0.60
42,43,1.00
43,42,1.00
42,44,0.79
44,42,0.79
42,45,0.60
45,42,0.60
43,44,1.00
44,43,1.00
43,45,0.71
45,43,0.71
43,46,0.58
46,43,0.58
44,45,1.00
45,44,1.00
44,46,0.79
46,44,0.79
44,47,0.73
47,44,0.73
45,46,1.00
46,45,1.00
45,47,0.76
47,45,0.76
46,47,1.00
47,46,1.00
46,48,0.71
48,46,0.71
47,48,1.00
48,47,1.00
47,49,0.70
49,47,0.70
47,50,0.64
50,47,0.64
48,49,1.00
49,48,1.00
48,50,0.78
50,48,0.78
48,51,0.58
51,48,0.58
48,99,0.58
99,48,0.58
48,100,0.75
100,48,0.75
48,101,0.72
101,48,0.72
48,102,0.63
102,48,0.63
48,103,0.63
103,48,0.63
48,104,0.58
104,48,0.58
49,50,1.00
50,49,1.00
49,51,0.77
51,49,0.77
49,52,0.59
52,49,0.59
49,97,0.66
97,49,0.66
49,98,0.60
98,49,0.60
49,99,0.66
99,49,0.66
49,100,0.85
100,49,0.85
49,101,0.97
101,49,0.97
49,102,0.75
102,49,0.75
49,103,0.75
103,49,0.75
49,104,0.73
104,49,0.73
49,105,0.73
105,49,0.73
49,106,0.70
106,49,0.70
50,51,1.00
51,50,1.00
50,52,0.75
52,50,0.75
50,53,0.59
53,50,0.59
50,97,0.61
97,50,0.61
50,100,0.61
100,50,0.61
50,101,0.71
101,50,0.71
50,102,0.63
102,50,0.63
50,103,0.73
103,50,0.73
50,104,0.85
104,50,0.85
50,105,0.80
105,50,0.80
50,106,0.65
106,50,0.65
51,52,1.00
52,51,1.00
51,53,0.76
53,51,0.76
51,54,0.65
54,51,0.65
51,95,0.66
95,51,0.66
51,96,0.65
96,51,0.65
51,97,0.71
97,51,0.71
51,101,0.66
101,51,0.66
51,103,0.64
103,51,0.64
51,104,0.83
104,51,0.83
51,105,1.00
105,51,1.00
51,106,0.75
106,51,0.75
52,53,1.00
53,52,1.00
52,54,0.72
54,52,0.72
52,55,0.59
55,52,0.59
52,103,0.61
103,52,0.61
52,104,0.86
104,52,0.86
52,105,0.95
105,52,0.95
52,106,0.67
106,52,0.67
52,140,0.58
140,52,0.58
53,54,1.00
54,53,1.00
53,55,0.78
55,53,0.78
53,56,0.59
56,53,0.59
53,66,0.68
66,53,0.68
53,67,0.59
67,53,0.59
53,104,0.61
104,53,0.61
53,105,0.66
105,53,0.66
53,140,0.58
140,53,0.58
53,141,0.62
141,53,0.62
53,142,0.58
142,53,0.58
53,143,0.58
143,53,0.58
54,55,1.00
55,54,1.00
54,56,0.72
56,54,0.72
54,64,0.60
64,54,0.60
54,65,0.75
65,54,0.75
54,66,0.99
66,54,0.99
54,67,0.75
67,54,0.75
54,68,0.61
68,54,0.61
54,95,0.59
95,54,0.59
55,56,1.00
56,55,1.00
55,57,0.71
57,55,0.71
55,61,0.57
61,55,0.57
55,64,0.60
64,55,0.60
55,65,0.83
65,55,0.83
55,66,0.96
66,55,0.96
55,67,0.78
67,55,0.78
55,68,0.72
68,55,0.72
55,95,0.60
95,55,0.60
55,142,0.60
142,55,0.60
55,143,0.70
143,55,0.70
55,144,0.62
144,55,0.62
56,57,1.00
57,56,1.00
56,58,0.73
58,56,0.73
56,59,0.63
59,56,0.63
56,60,0.60
60,56,0.60
56,61,0.69
61,56,0.69
56,64,0.61
64,56,0.61
56,65,0.86
65,56,0.86
56,66,0.75
66,56,0.75
56,67,0.62
67,56,0.62
56,68,0.64
68,56,0.64
56,143,0.64
143,56,0.64
56,144,0.65
144,56,0.65
56,145,0.59
145,56,0.59
57,58,1.00
58,57,1.00
57,59,0.80
59,57,0.80
57,60,0.67
60,57,0.67
57,61,0.67
61,57,0.67
57,65,0.68
65,57,0.68
57,66,0.59
66,57,0.59
57,68,0.60
68,57,0.60
57,143,0.60
143,57,0.60
57,144,0.69
144,57,0.69
57,145,0.69
145,57,0.69
57,146,0.61
146,57,0.61
58,59,1.00
59,58,1.00
58,60,0.77
60,58,0.77
58,61,0.70
61,58,0.70
58,65,0.59
65,58,0.59
59,60,1.00
60,59,1.00
59,61,0.75
61,59,0.75
59,65,0.60
65,59,0.60
60,61,1.00
61,60,1.00
60,62,0.77
62,60,0.77
60,63,0.60
63,60,0.60
60,64,0.66
64,60,0.66
60,65,0.67
65,60,0.67
61,62,1.00
62,61,1.00
61,63,0.77
63,61,0.77
61,64,0.82
64,61,0.82
61,65,0.87
65,61,0.87
61,66,0.62
66,61,0.62
62,63,1.00
63,62,1.00
62,64,0.84
64,62,0.84
62,65,0.73
65,62,0.73
63,64,1.00
64,63,1.00
63,65,0.76
65,63,0.76
63,66,0.62
66,63,0.62
64,65,1.00
65,64,1.00
64,66,0.81
66,64,0.81
64,67,0.67
67,64,0.67
64,68,0.58
68,64,0.58
65,66,1.00
66,65,1.00
65,67,0.74
67,65,0.74
65,68,0.67
68,65,0.67
66,67,1.00
67,66,1.00
66,68,0.76
68,66,0.76
66,95,0.64
95,66,0.64
67,68,1.00
68,67,1.00
67,69,0.73
69,67,0.73
67,70,0.61
70,67,0.61
67,92,0.57
92,67,0.57
67,93,0.68
93,67,0.68
67,94,0.74
94,67,0.74
67,95,0.87
95,67,0.87
67,96,0.63
96,67,0.63
68,69,1.00
69,68,1.00
68,70,0.81
70,68,0.81
68,71,0.60
71,68,0.60
68,92,0.60
92,68,0.60
68,93,0.66
93,68,0.66
68,94,0.74
94,68,0.74
68,95,0.80
95,68,0.80
68,96,0.63
96,68,0.63
68,143,0.58
143,68,0.58
68,145,0.58
145,68,0.58
69,70,1.00
70,69,1.00
69,71,0.75
71,69,0.75
69,72,0.57
72,69,0.57
69,92,0.72
92,69,0.72
69,93,0.73
93,69,0.73
69,94,0.80
94,69,0.80
69,95,0.72
95,69,0.72
69,96,0.61
96,69,0.61
70,71,1.00
71,70,1.00
70,72,0.75
72,70,0.75
70,93,0.59
93,70,0.59
70,94,0.71
94,70,0.71
70,95,0.70
95,70,0.70
70,96,0.67
96,70,0.67
70,145,0.61
145,70,0.61
71,72,1.00
72,71,1.00
71,73,0.72
73,71,0.72
71,74,0.58
74,71,0.58
71,94,0.66
94,71,0.66
71,95,0.60
95,71,0.60
71,96,0.64
96,71,0.64
72,73,1.00
73,72,1.00
72,74,0.79
74,72,0.79
72,75,0.66
75,72,0.66
73,74,1.00
74,73,1.00
73,75,0.71
75,73,0.71
74,75,1.00
75,74,1.00
74,76,0.75
76,74,0.75
74,77,0.59
77,74,0.59
74,122,0.64
122,74,0.64
75,76,1.00
76,75,1.00
75,77,0.80
77,75,0.80
75,78,0.70
78,75,0.70
75,122,0.70
122,75,0.70
75,123,0.59
123,75,0.59
76,77,1.00
77,76,1.00
76,78,0.72
78,76,0.72
76,121,0.65
121,76,0.65
76,122,0.83
122,76,0.83
76,123,0.70
123,76,0.70
76,124,0.60
124,76,0.60
77,78,1.00
78,77,1.00
77,79,0.70
79,77,0.70
77,80,0.57
80,77,0.57
77,122,0.64
122,77,0.64
77,123,0.63
123,77,0.63
77,124,0.58
124,77,0.58
78,79,1.00
79,78,1.00
78,80,0.79
80,78,0.79
78,81,0.58
81,78,0.58
79,80,1.00
80,79,1.00
79,81,0.75
81,79,0.75
80,81,1.00
81,80,1.00
80,82,0.73
82,80,0.73
80,83,0.72
83,80,0.72
81,82,1.00
82,81,1.00
81,83,0.80
83,81,0.80
81,84,0.60
84,81,0.60
82,83,1.00
83,82,1.00
82,84,0.75
84,82,0.75
82,85,0.57
85,82,0.57
83,84,1.00
84,83,1.00
83,85,0.77
85,83,0.77
83,86,0.61
86,83,0.61
84,85,1.00
85,84,1.00
84,86,0.79
86,84,0.79
84,87,0.60
87,84,0.60
84,88,0.58
88,84,0.58
85,86,1.00
86,85,1.00
85,87,0.70
87,85,0.70
85,88,0.64
88,85,0.64
85,89,0.58
89,85,0.58
86,87,1.00
87,86,1.00
86,88,0.78
88,86,0.78
86,89,0.62
89,86,0.62
87,88,1.00
88,87,1.00
87,89,0.70
89,87,0.70
87,90,0.58
90,87,0.58
88,89,1.00
89,88,1.00
88,90,0.74
90,88,0.74
88,91,0.60
91,88,0.60
89,90,1.00
90,89,1.00
89,91,0.72
91,89,0.72
89,92,0.59
92,89,0.59
90,91,1.00
91,90,1.00
90,92,0.77
92,90,0.77
91,92,1.00
92,91,1.00
91,93,0.71
93,91,0.71
92,93,1.00
93,92,1.00
92,94,0.73
94,92,0.73
93,94,1.00
94,93,1.00
93,95,0.72
95,93,0.72
93,96,0.58
96,93,0.58
94,95,1.00
95,94,1.00
94,96,0.79
96,94,0.79
94,97,0.59
97,94,0.59
95,96,1.00
96,95,1.00
95,97,0.72
97,95,0.72
95,98,0.59
98,95,0.59
96,97,1.00
97,96,1.00
96,98,0.79
98,96,0.79
96,99,0.60
99,96,0.60
96,105,0.57
105,96,0.57
96,106,0.61
106,96,0.61
97,98,1.00
98,97,1.00
97,99,0.77
99,97,0.77
97,100,0.66
100,97,0.66
97,101,0.68
101,97,0.68
97,105,0.69
105,97,0.69
97,106,0.83
106,97,0.83
97,107,0.63
107,97,0.63
97,108,0.59
108,97,0.59
98,99,1.00
99,98,1.00
98,100,0.72
100,98,0.72
98,101,0.65
101,98,0.65
98,106,0.67
106,98,0.67
98,107,0.58
107,98,0.58
99,100,1.00
100,99,1.00
99,101,0.76
101,99,0.76
99,106,0.65
106,99,0.65
99,107,0.59
107,99,0.59
100,101,1.00
101,100,1.00
100,102,0.73
102,100,0.73
100,103,0.59
103,100,0.59
100,105,0.58
105,100,0.58
100,106,0.67
106,100,0.67
100,107,0.61
107,100,0.61
101,102,1.00
102,101,1.00
101,103,0.80
103,101,0.80
101,104,0.70
104,101,0.70
101,105,0.76
105,101,0.76
101,106,0.88
106,101,0.88
101,107,0.76
107,101,0.76
101,108,0.57
108,101,0.57
102,103,1.00
103,102,1.00
102,104,0.74
104,102,0.74
102,105,0.70
105,102,0.70
102,106,0.74
106,102,0.74
102,107,0.74
107,102,0.74
103,104,1.00
104,103,1.00
103,105,0.77
105,103,0.77
103,106,0.68
106,103,0.68
103,107,0.63
107,103,0.63
104,105,1.00
105,104,1.00
104,106,0.73
106,104,0.73
104,107,0.61
107,104,0.61
105,106,1.00
106,105,1.00
105,107,0.74
107,105,0.74
105,108,0.62
108,105,0.62
106,107,1.00
107,106,1.00
106,108,0.80
108,106,0.80
106,109,0.59
109,106,0.59
107,108,1.00
108,107,1.00
107,109,0.75
109,107,0.75
108,109,1.00
109,108,1.00
108,110,0.74
110,108,0.74
108,111,0.61
111,108,0.61
108,136,0.61
136,108,0.61
108,137,0.77
137,108,0.77
108,138,0.60
138,108,0.60
108,139,0.63
139,108,0.63
109,110,1.00
110,109,1.00
109,111,0.71
111,109,0.71
109,136,0.62
136,109,0.62
109,137,0.81
137,109,0.81
109,138,0.65
138,109,0.65
109,139,0.61
139,109,0.61
110,111,1.00
111,110,1.00
110,112,0.76
112,110,0.76
110,133,0.57
133,110,0.57
110,135,0.61
135,110,0.61
110,136,0.71
136,110,0.71
110,137,0.86
137,110,0.86
110,138,0.70
138,110,0.70
110,139,0.58
139,110,0.58
111,112,1.00
112,111,1.00
111,113,0.72
113,111,0.72
111,114,0.62
114,111,0.62
111,115,0.58
115,111,0.58
111,133,0.65
133,111,0.65
111,134,0.66
134,111,0.66
111,135,0.84
135,111,0.84
111,136,0.88
136,111,0.88
111,137,0.85
137,111,0.85
111,138,0.69
138,111,0.69
112,113,1.00
113,112,1.00
112,114,0.74
114,112,0.74
112,115,0.63
115,112,0.63
112,133,0.62
133,112,0.62
112,134,0.66
134,112,0.66
112,135,0.79
135,112,0.79
112,136,0.69
136,112,0.69
112,137,0.65
137,112,0.65
112,138,0.61
138,112,0.61
113,114,1.00
114,113,1.00
113,115,0.76
115,113,0.76
113,116,0.59
116,113,0.59
113,134,0.59
134,113,0.59
113,135,0.70
135,113,0.70
114,115,1.00
115,114,1.00
114,116,0.73
116,114,0.73
114,117,0.61
117,114,0.61
114,135,0.66
135,114,0.66
115,116,1.00
116,115,1.00
115,117,0.76
117,115,0.76
115,118,0.62
118,115,0.62
115,134,0.61
134,115,0.61
115,135,0.75
135,115,0.75
116,117,1.00
117,116,1.00
116,118,0.83
118,116,0.83
116,119,0.62
119,116,0.62
116,127,0.61
127,116,0.61
116,135,0.59
135,116,0.59
117,118,1.00
118,117,1.00
117,119,0.83
119,117,0.83
117,120,0.72
120,117,0.72
117,121,0.62
121,117,0.62
118,119,1.00
119,118,1.00
118,120,0.74
120,118,0.74
118,121,0.69
121,118,0.69
118,122,0.65
122,118,0.65
118,123,0.71
123,118,0.71
118,124,0.63
124,118,0.63
118,125,0.59
125,118,0.59
118,126,0.58
126,118,0.58
118,127,0.60
127,118,0.60
119,120,1.00
120,119,1.00
119,121,0.82
121,119,0.82
119,122,0.69
122,119,0.69
119,123,0.72
123,119,0.72
119,124,0.58
124,119,0.58
120,121,1.00
121,120,1.00
120,122,0.71
122,120,0.71
120,123,0.63
123,120,0.63
121,122,1.00
122,121,1.00
121,123,0.76
123,121,0.76
121,124,0.58
124,121,0.58
122,123,1.00
123,122,1.00
122,124,0.75
124,122,0.75
122,125,0.61
125,122,0.61
123,124,1.00
124,123,1.00
123,125,0.71
125,123,0.71
123,126,0.60
126,123,0.60
123,149,0.60
149,123,0.60
124,125,1.00
125,124,1.00
124,126,0.79
126,124,0.79
124,127,0.61
127,124,0.61
124,147,0.58
147,124,0.58
124,148,0.69
148,124,0.69
124,149,0.82
149,124,0.82
124,150,0.63
150,124,0.63
125,126,1.00
126,125,1.00
125,127,0.73
127,125,0.73
125,147,0.72
147,125,0.72
125,148,0.85
148,125,0.85
125,149,0.83
149,125,0.83
125,150,0.61
150,125,0.61
126,127,1.00
127,126,1.00
126,128,0.71
128,126,0.71
126,129,0.64
129,126,0.64
126,130,0.63
130,126,0.63
126,147,0.59
147,126,0.59
126,148,0.71
148,126,0.71
126,149,0.73
149,126,0.73
126,150,0.59
150,126,0.59
127,128,1.00
128,127,1.00
127,129,0.82
129,127,0.82
127,130,0.73
130,127,0.73
128,129,1.00
129,128,1.00
128,130,0.72
130,128,0.72
129,130,1.00
130,129,1.00
129,131,0.73
131,129,0.73
129,134,0.61
134,129,0.61
130,131,1.00
131,130,1.00
130,132,0.72
132,130,0.72
130,133,0.66
133,130,0.66
130,134,0.80
134,130,0.80
130,135,0.60
135,130,0.60
131,132,1.00
132,131,1.00
131,133,0.81
133,131,0.81
131,134,0.81
134,131,0.81
131,135,0.58
135,131,0.58
131,138,0.58
138,131,0.58
131,142,0.59
142,131,0.59
131,144,0.58
144,131,0.58
132,133,1.00
133,132,1.00
132,134,0.82
134,132,0.82
132,135,0.62
135,132,0.62
132,136,0.67
136,132,0.67
132,137,0.62
137,132,0.62
132,138,0.73
138,132,0.73
132,139,0.68
139,132,0.68
132,140,0.58
140,132,0.58
132,141,0.67
141,132,0.67
132,142,0.81
142,132,0.81
132,143,0.66
143,132,0.66
132,144,0.69
144,132,0.69
133,134,1.00
134,133,1.00
133,135,0.77
135,133,0.77
133,136,0.85
136,133,0.85
133,137,0.79
137,133,0.79
133,138,0.97
138,133,0.97
133,139,0.73
139,133,0.73
133,140,0.58
140,133,0.58
133,141,0.59
141,133,0.59
133,142,0.67
142,133,0.67
134,135,1.00
135,134,1.00
134,136,0.86
136,134,0.86
134,137,0.66
137,134,0.66
134,138,0.69
138,134,0.69
135,136,1.00
136,135,1.00
135,137,0.71
137,135,0.71
135,138,0.64
138,135,0.64
136,137,1.00
137,136,1.00
136,138,0.80
138,136,0.80
136,139,0.65
139,136,0.65
136,142,0.59
142,136,0.59
137,138,1.00
138,137,1.00
137,139,0.84
139,137,0.84
137,140,0.60
140,137,0.60
137,142,0.61
142,137,0.61
138,139,1.00
139,138,1.00
138,140,0.72
140,138,0.72
138,141,0.65
141,138,0.65
138,142,0.67
142,138,0.67
139,140,1.00
140,139,1.00
139,141,0.85
141,139,0.85
139,142,0.82
142,139,0.82
139,143,0.62
143,139,0.62
140,141,1.00
141,140,1.00
140,142,0.75
142,140,0.75
140,143,0.57
143,140,0.57
141,142,1.00
142,141,1.00
141,143,0.72
143,141,0.72
141,144,0.62
144,141,0.62
142,143,1.00
143,142,1.00
142,144,0.82
144,142,0.82
142,145,0.59
145,142,0.59
143,144,1.00
144,143,1.00
143,145,0.75
145,143,0.75
144,145,1.00
145,144,1.00
144,146,0.70
146,144,0.70
144,147,0.64
147,144,0.64
145,146,1.00
146,145,1.00
145,147,0.84
147,145,0.84
145,148,0.63
148,145,0.63
146,147,1.00
147,146,1.00
146,148,0.80
148,146,0.80
146,149,0.60
149,146,0.60
147,148,1.00
148,147,1.00
147,149,0.71
149,147,0.71
148,149,1.00
149,148,1.00
148,150,0.74
150,148,0.74
148,155,0.63
155,148,0.63
149,150,1.00
150,149,1.00
149,151,0.74
151,149,0.74
149,153,0.61
153,149,0.61
149,154,0.59
154,149,0.59
149,155,0.66
155,149,0.66
150,151,1.00
151,150,1.00
150,152,0.77
152,150,0.77
150,153,0.84
153,150,0.84
150,154,0.75
154,150,0.75
150,155,0.77
155,150,0.77
151,152,1.00
152,151,1.00
151,153,0.84
153,151,0.84
151,154,0.70
154,151,0.70
151,155,0.71
155,151,0.71
152,153,1.00
153,152,1.00
152,154,0.74
154,152,0.74
152,155,0.64
155,152,0.64
153,154,1.00
154,153,1.00
153,155,0.74
155,153,0.74
153,156,0.57
156,153,0.57
154,155,1.00
155,154,1.00
154,156,0.77
156,154,0.77
154,157,0.59
157,154,0.59
155,156,1.00
156,155,1.00
155,157,0.72
157,155,0.72
155,158,0.59
158,155,0.59
156,157,1.00
157,156,1.00
156,158,0.82
158,156,0.82
156,159,0.60
159,156,0.60
157,158,1.00
158,157,1.00
157,159,0.74
159,157,0.74
157,160,0.57
160,157,0.57
158,159,1.00
159,158,1.00
158,160,0.78
160,158,0.78
159,160,1.00
160,159,1.00
159,161,0.72
161,159,0.72
159,169,0.59
169,159,0.59
160,161,1.00
161,160,1.00
160,162,0.78
162,160,0.78
160,163,0.60
163,160,0.60
160,167,0.58
167,160,0.58
160,168,0.62
168,160,0.62
160,169,0.62
169,160,0.62
161,162,1.00
162,161,1.00
161,163,0.77
163,161,0.77
161,167,0.65
167,161,0.65
161,168,0.64
168,161,0.64
162,163,1.00
163,162,1.00
162,164,0.73
164,162,0.73
162,165,0.59
165,162,0.59
162,166,0.65
166,162,0.65
162,167,0.79
167,162,0.79
162,168,0.67
168,162,0.67
163,164,1.00
164,163,1.00
163,165,0.73
165,163,0.73
163,166,0.72
166,163,0.72
163,167,0.93
167,163,0.93
163,168,0.69
168,163,0.69
164,165,1.00
165,164,1.00
164,166,0.82
166,164,0.82
164,167,0.87
167,164,0.87
164,168,0.62
168,164,0.62
165,166,1.00
166,165,1.00
165,167,0.85
167,165,0.85
165,168,0.62
168,165,0.62
166,167,1.00
167,166,1.00
166,168,0.75
168,166,0.75
166,169,0.63
169,166,0.63
167,168,1.00
168,167,1.00
167,169,0.71
169,167,0.71
168,169,1.00
169,168,1.00
