2,MET,2.414,0.8095238095238095,3.08858,0.44929,0.11871,1,0.2,0,0.0,0.7111,0.6196,0.0,0.0988,1.11428502,2.17145941,3.11778506,3.90603767,-1.0932835331,-2.1319466974,-0.16823742981,-0.4790320731499999,2.0826965529999986,-3.180954613099998,0.3226549448999998,-0.7525620075000001
3,GLU,0.879,0.3222140762463343,2.54113,1.40681,0.4421900000000003,3,0.3,2,0.2,0.1111,0.4884,0.8112,0.9136,1.25165702,2.42804273,3.45911242,4.2848659,-1.0766739949000002,-2.0944484150000005,-0.1739526846399999,-0.4944707093,1.3359678220000009,-2.5307573100000007,0.2082498302,-0.5814756514999995
4,SER,1.093,0.502297794117647,1.65709,0.77754,0.3054600000000002,2,0.285714285714286,3,0.428571428571429,0.4111,0.1877,0.8514,0.5309,1.11258976,2.15829533,3.0748439700000003,3.8088265,-0.8671781479999998,-1.6861748602000002,-0.1405932869299999,-0.3993005719499999,1.0208454039999997,-1.78278156,0.1655751113,-0.4082651635000001
5,ASN,0.513,0.2098159509202454,2.0346100000000003,1.4526,0.4794,2,0.181818181818182,3,0.272727272727273,0.1111,0.3976,0.6747,0.8272,1.53088734,2.97602401,4.25524251,5.2991258000000006,-1.08887600186,-2.1296317591,-0.1591202632,-0.45456262648,1.0231317959999997,-2.1468149170000004,0.1463746592,-0.450647933
6,GLN,1.998,0.6949565217391305,2.99744,0.8018500000000001,0.0751499999999999,0,0.0,1,0.25,0.1111,0.5388,0.7952,0.6914,0.69408639,1.3389962,1.88942493,2.30748277,-0.8079796824000001,-1.5604092525400002,-0.14581339929,-0.4118438978199999,1.5281188079999994,-1.3698265133500005,0.2733017865,-0.3796106818
7,SER,1.209,0.5556066176470588,1.44375,0.80315,0.16385,0,0.0,0,0.0,0.4111,0.1877,0.8514,0.5309,0.83391619,1.6146742799999998,2.29306457,2.82744647,-0.7078676928000001,-1.3670396611000002,-0.12795616177,-0.36145838323,1.724681252,-1.609275210200001,0.3020921437,-0.4698962241600001
8,ASN,0.653,0.2670756646216769,2.01837,1.41315,0.3788499999999999,0,0.0,0,0.0,0.1111,0.3976,0.6747,0.8272,1.25133804,2.4254991,3.4505836600000004,4.26484725,-0.7223200406000001,-1.4112775297,-0.1079392159999999,-0.3081014719,0.7849146699999999,-1.115384,0.1308157941,-0.2525579936
9,ASN,1.561,0.6384458077709612,2.27823,0.83904,0.0449599999999998,0,0.0,0,0.0,0.1111,0.3976,0.6747,0.8272,0.8333712799999999,1.61040881,2.2790356000000003,2.7953368,-0.4593443614999999,-0.8898980704000001,-0.0787274422,-0.222811557,1.3722677439999995,-2.0764142974,0.2393371818,-0.5232646579999999
10,GLY,0.817,0.4518805309734512,0.88946,0.68519,0.3058100000000001,0,0.0,0,0.0,0.4556,0.0,1.0,0.5062,0.6944768699999999,1.34203841,1.89938063,2.33011564,-0.6099950510000002,-1.187294741,-0.0973091037499999,-0.276655787,0.901391866,-1.63558769,0.159611862,-0.4188529580000001
11,GLY,0.564,0.3119469026548672,0.75684,0.8465500000000001,0.3974500000000001,0,0.0,0,0.0,0.4556,0.0,1.0,0.5062,0.83327513,1.6096671,2.27663441,2.78995874,-0.8449566368,-1.6461283701000002,-0.13180728536,-0.3748584207,0.470933346,-0.7479667783999999,0.0782297164,-0.1999537201999999
12,SER,1.164,0.5349264705882352,1.40403,0.7992600000000001,0.2127400000000001,0,0.0,0,0.0,0.4111,0.1877,0.8514,0.5309,1.25212483,2.43167624,3.4709664600000005,4.31170476,-0.82607526193,-1.6124714033599998,-0.124421599783,-0.354522549025,0.589409955,-0.2969827601000002,0.0904361629,-0.07689972857
13,GLY,0.725,0.4009955752212389,1.00052,0.77928,0.3037200000000002,0,0.0,0,0.0,0.4556,0.0,1.0,0.5062,1.3923948000000002,2.71079413,3.88589798,4.857444479999999,-0.91178321226,-1.7696229985999996,-0.15168468245,-0.4299128502199998,0.7084337039999997,-0.314269507,0.100634934,-0.0689081091499999
14,ASN,0.648,0.2650306748466258,2.1932400000000003,1.39218,0.4048199999999997,2,0.153846153846154,1,0.0769230769230769,0.1111,0.3976,0.6747,0.8272,1.81042381,3.5263877800000003,5.05915877,6.33105149,-0.7415838435500002,-1.4365169534000002,-0.12738834286,-0.3605181990100001,1.1791050919999992,-1.101608996,0.1795114048,-0.26767541194
15,ALA,0.265,0.1215038972948188,1.02164,1.20638,0.7096199999999999,3,0.176470588235294,4,0.235294117647059,0.7,0.1645,0.249,0.3951,2.08820727,4.06309095,5.81835914,7.261284000000001,-0.7466896399999999,-1.4551816774999995,-0.1159104985499999,-0.32976720693,1.062544006,-0.9839541370000002,0.1521895817999999,-0.2179706622
16,ALA,0.18,0.0825309491059147,1.04565,1.24443,0.75657,5,0.294117647058824,2,0.117647058823529,0.7,0.1645,0.249,0.3951,1.66838422,3.23350277,4.599242060000001,5.683251070000001,-0.9044604853,-1.75828053387,-0.14668027455,-0.41641392819,1.2155716740000004,-1.14943084481,0.2093631872000001,-0.3338050651500001
17,LEU,1.675,0.6301730624529722,2.42443,0.87723,0.1057699999999999,1,0.1,2,0.2,0.9222,0.663,0.2811,0.0,1.25103917,2.42322284,3.44331811,4.24889395,-0.8099680209,-1.5688627571,-0.139501214994,-0.394828692,1.6865424600000003,-1.5996684462000006,0.2876084641999999,-0.4321463186999999
18,ASN,0.833,0.3406952965235174,2.1204400000000003,1.18494,0.4270599999999998,1,0.05,4,0.2,0.1111,0.3976,0.6747,0.8272,1.24983791,2.4138538300000003,3.4126206100000003,4.17899145,-1.0273567657,-1.9923083669,-0.17497000753,-0.4961084257000001,1.3735636429999991,-2.618231100799999,0.2290627082,-0.6072787674000001
19,ARG,1.562,0.4658514762898896,3.35111,1.29649,0.4945100000000002,2,0.117647058823529,4,0.235294117647059,0.0,0.7346,0.9398,0.6914,1.5298676100000002,2.9681077800000004,4.22943501,5.240758049999998,-0.8762601993,-1.7105036589999998,-0.13204249,-0.3763150859999999,1.417293559999999,-2.9082646950000006,0.1958700278999998,-0.5746608934999997
20,GLY,0.384,0.2123893805309734,0.4432399999999999,1.14959,0.27441,0,0.0,1,0.125,0.4556,0.0,1.0,0.5062,0.97363842,1.88942264,2.69335327,3.33885528,-1.0667729771,-2.073534765,-0.1743475909,-0.4951365853,2.1170796809999977,-3.949548328000001,0.3687748598,-1.028988233
21,GLY,0.741,0.4098451327433628,0.65132,0.98664,0.0803600000000002,0,0.0,0,0.0,0.4556,0.0,1.0,0.5062,0.13817221,0.26281917,0.36173955,0.42525035,-0.8286891363784211,-1.6116048187142102,-0.133564144383421,-0.3793074356828947,1.8081884448947363,-2.571268078273157,0.2913559061157895,-0.6412863950810526
22,ARG,2.267,0.6761109454220101,4.0533600000000005,0.71299,0.3730100000000003,0,0.0,0,0.0,0.0,0.7346,0.9398,0.6914,0.13817221,0.26281917,0.36173955,0.42525035,-0.8256870175284211,-1.6062646077892104,-0.132342677784421,-0.3759331689878947,1.9046567033947368,-2.7160051680831576,0.3046167835457895,-0.6683121159360527
23,TYR,0.676,0.1983568075117371,3.39335,1.7488199999999998,0.98318,0,0.0,1,0.111111111111111,0.3556,0.8063,0.502,0.1605,1.25264548,2.43567416,3.4838553299999995,4.340419809999999,-1.0023244232,-1.9557574010000005,-0.1528378621399999,-0.4355182776199999,1.6474644550000013,-3.068671146,0.2806457114000002,-0.7772023228799999
24,VAL,1.612,0.6620123203285421,1.69363,0.8023399999999999,0.02066,0,0.0,1,0.166666666666667,0.9667,0.4924,0.3655,0.1235,0.97372652,1.89019405,2.69616324,3.3461094100000004,-1.01210764516,-1.9703341556,-0.159716834474,-0.45384307685,1.608313448,-1.8433838570000003,0.2708401221000002,-0.5043498518999999
25,PRO,0.937,0.4201793721973094,1.72331,1.14459,0.1484099999999999,0,0.0,2,0.25,0.3222,0.3764,0.8594,0.3827,1.25247343,2.43439674,3.4798842700000003,4.332021859999999,-1.2479412359000004,-2.4359044905,-0.1889010935939999,-0.5384262800500002,0.7848582189999997,-0.8639757695999999,0.1306019820999999,-0.2297127561799999
26,PRO,1.088,0.4878923766816144,1.90484,1.00805,0.13395,0,0.0,1,0.25,0.3222,0.3764,0.8594,0.3827,0.8341838800000001,1.61676472,2.2999230500000003,2.8430915800000003,-0.6610597507999999,-1.2814216464000003,-0.1116534344099999,-0.3159810363000001,3.183732861,-2.5468588416,0.4824520981999997,-0.5992191993999997
27,HIS,1.418,0.5128390596745027,2.7696300000000003,1.28676,0.0602400000000002,0,0.0,1,0.333333333333333,0.1444,0.561,0.1124,0.679,0.8341142,1.6162205399999998,2.29813792,2.83902124,-0.84429117546,-1.6418777405,-0.13650519356,-0.3877364565,3.1449758080000003,-4.390488053,0.4750574254000002,-0.9994614974999996
28,LEU,1.915,0.7204665161775772,2.45236,0.8322499999999999,-0.08925,0,0.0,1,0.333333333333333,0.9222,0.663,0.2811,0.0,0.6947274799999998,1.34400303,1.90585177,2.3449562,-0.4436526537999999,-0.8530869927,-0.0849466371299999,-0.2391098968399999,4.976804027,-7.725376992399992,0.8777797445000011,-2.2137264608800007
29,ARG,1.685,0.5025350432448553,3.44791,1.5330800000000002,0.1349199999999999,0,0.0,2,0.5,0.0,0.7346,0.9398,0.6914,1.1129071,2.16079203,3.0831018,3.82786975,-0.6432391543,-1.260175543,-0.09048420363,-0.25885743827,2.675820153999998,-5.993445574,0.3836067274000002,-1.2689448529999994
30,GLY,0.937,0.5182522123893806,1.02564,0.67903,0.1919699999999999,0,0.0,1,0.333333333333333,0.4556,0.0,1.0,0.5062,0.6947218399999999,1.34396056,1.90571786,2.34466823,-0.657585899,-1.2770685519999998,-0.108214088,-0.3068569975999999,2.1151390180000003,-4.456507613999998,0.3815231936999999,-1.1952710450999997
31,GLY,0.66,0.3650442477876106,0.98978,0.80721,0.3407900000000001,1,0.2,1,0.2,0.4556,0.0,1.0,0.5062,0.8340032099999999,1.6153576,2.29532081,2.83263883,-0.47698461073,-0.92145354904,-0.08570540937,-0.24212987487,2.3979953420000006,-2.295460046279997,0.3615741642000002,-0.5882666098899999
32,ASP,1.619,0.6038791495710556,2.4016,0.77614,0.28586,1,0.142857142857143,1,0.142857142857143,0.1111,0.3239,0.8675,1.0,1.25279211,2.43688216,3.48802464,4.35054937,-0.7849142598000002,-1.5393241515999998,-0.10737795338,-0.3073730868,2.400298516000002,-3.642708574600001,0.3434472650000001,-0.7404681372999999
33,GLY,0.359,0.1985619469026548,0.93197,0.96825,0.48075,1,0.1,0,0.0,0.4556,0.0,1.0,0.5062,1.25135348,2.42568416,3.4514163,4.26743945,-0.8707223505999998,-1.7046218373000002,-0.12416215419,-0.3548938408,2.3990461260000027,-3.670471191999999,0.3532975000000006,-0.7864153017999999
34,GLY,0.592,0.327433628318584,0.84253,0.88038,0.3356200000000001,0,0.0,0,0.0,0.4556,0.0,1.0,0.5062,1.11338933,2.16456678,3.0955165,3.85628388,-0.4500244443,-0.8786459096999999,-0.0673221809699999,-0.19181777985,1.967877693,-0.8895646810999998,0.2765209601000002,-0.22202311305
35,ALA,1.113,0.5103163686382394,1.36986,0.6839299999999999,0.3840700000000001,0,0.0,0,0.0,0.7,0.1645,0.249,0.3951,0.69402417,1.33852391,1.88792242,2.30419866,-0.6997110448999999,-1.3532959625999998,-0.12413114188,-0.35116765128,1.214584163,-1.7737930569,0.2175690117,-0.4937063913
36,ALA,0.806,0.3695552498853737,0.96367,0.88711,0.48789,0,0.0,0,0.0,0.7,0.1645,0.249,0.3951,0.8328909900000001,1.60666268,2.2667611,2.76738532,-1.1911376030800005,-2.3032810561500003,-0.2123269950749999,-0.6006846954999999,1.921159973,-4.553069825999998,0.336595319,-1.188480688
37,ALA,1.271,0.58276020174232,1.42157,0.6513500000000001,0.25865,0,0.0,0,0.0,0.7,0.1645,0.249,0.3951,1.5320398300000002,2.98503166,4.28482148,5.3666831,-0.7807934663,-1.515347515199999,-0.1304695575799999,-0.3699115672,3.575804659000004,-2.834883003199999,0.5489317438999997,-0.7238377612
38,ALA,1.113,0.5103163686382394,1.32998,0.7891400000000001,0.27886,0,0.0,0,0.0,0.7,0.1645,0.249,0.3951,2.2295001,4.35019583,6.25949562,7.866810149999999,-0.8033255030999997,-1.5653846405,-0.12460483366,-0.35437636538,2.242317082000001,-3.2935983931,0.3247365073000003,-0.7258467835100003
39,ALA,0.187,0.0857404860155891,1.19845,1.29945,0.69455,4,0.121212121212121,0,0.0,0.7,0.1645,0.249,0.3951,1.80688824,3.4987778,4.96857827,6.12443071,-0.7404078295,-1.4334375340000003,-0.1297677717599999,-0.3675235401,2.117428977,-3.157719103000002,0.3690829792999997,-0.8064057064
40,SER,0.359,0.1649816176470588,1.27817,1.43849,0.3785100000000001,1,0.0833333333333333,0,0.0,0.4111,0.1877,0.8514,0.5309,1.53093716,2.97633069,4.2559712,5.29994753,-1.1233218033,-2.1859232456,-0.1799822642199999,-0.51163870847,2.3560282689999994,-3.650589555299998,0.3814548420999999,-0.8990756961999996
41,ALA,0.682,0.3127005960568547,1.29889,0.73563,0.7633700000000001,0,0.0,0,0.0,0.7,0.1645,0.249,0.3951,0.4169777099999999,0.8074941,1.14706156,1.41497525,-0.352807345,-0.6856275400000001,-0.0575547487,-0.163348617,0.7858014850000002,-1.908679271,0.1224547629,-0.4469929589999999
42,GLY,0.79,0.4369469026548672,0.65839,0.80876,0.2092399999999999,0,0.0,0,0.0,0.4556,0.0,1.0,0.5062,0.55517395,1.07049306,1.5093627100000002,1.84141896,-0.24538655,-0.475441079,-0.0420237913,-0.1189566755,1.295049216000001,-2.14502109,0.2137426295999999,-0.538425672
43,GLY,0.848,0.4690265486725663,0.8921399999999999,0.8039099999999999,0.1560900000000001,0,0.0,0,0.0,0.4556,0.0,1.0,0.5062,0.8341431599999999,1.6164488,2.29889418,2.8407694500000003,-0.1690666944,-0.3324329924999999,-0.0216847182,-0.0622348562,0.5510429300000002,-0.3887543209999999,0.0777866094,-0.0740799363
44,ASP,1.41,0.525923162998881,2.5148,0.90672,0.3642800000000001,0,0.0,0,0.0,0.1111,0.3239,0.8675,1.0,0.83366473,1.6127018199999998,2.28656417,2.81252856,-0.188584764,-0.368133547,-0.0289258769,-0.0825651988,0.547800916,-0.377637109,0.104236227,-0.0804059554
45,ASP,1.226,0.4572920552032823,2.23759,0.96969,0.48531,0,0.0,0,0.0,0.1111,0.3239,0.8675,1.0,0.8343172700000001,1.61780664,2.30334203,2.85089402,-0.441362514,-0.8578748909999999,-0.0716282749,-0.203268687,0.274346214,-0.7929048900000001,0.04798172,-0.2071586929999999
46,ARG,2.016,0.6012526096033403,3.57542,1.23648,0.1005200000000001,0,0.0,0,0.0,0.0,0.7346,0.9398,0.6914,0.83384417,1.6141123299999998,2.29122384,2.8232569400000003,-0.547863808,-1.066241124,-0.0868627537,-0.2467526305,0.3928577140000001,-1.001321716,0.061199171,-0.232171905
47,ARG,1.591,0.4745004473605725,3.68562,1.31305,0.4489500000000002,0,0.0,1,0.142857142857143,0.0,0.7346,0.9398,0.6914,0.97330319,1.88688224,2.68527758,3.3212152500000003,-0.4656076375,-0.9096121439999998,-0.0694777718,-0.1982460819999999,0.156817688,-0.31295647,0.027809376,-0.081266873
48,GLY,0.987,0.5459070796460177,0.95599,0.6779900000000001,0.1430099999999999,1,0.2,1,0.2,0.4556,0.0,1.0,0.5062,0.69461043,1.34309316,1.90288278,2.3382331,-0.3431066555,-0.6613131562,-0.06357193378,-0.17924506455,0.155910656,-0.212893706,0.034090068,-0.0684090159999999
49,GLY,0.618,0.3418141592920354,0.88771,0.8551600000000001,0.3348399999999998,1,0.142857142857143,1,0.142857142857143,0.4556,0.0,1.0,0.5062,0.973407,1.88769344,2.68793911,3.32728713,-0.4570940805999999,-0.8829855499999999,-0.08209651615,-0.2319046309,0.196266476,-0.12002988,0.032298823,-0.03541259
50,ALA,0.843,0.3865199449793672,1.28892,0.9013,0.4367000000000001,1,0.1,0,0.0,0.7,0.1645,0.249,0.3951,1.25222082,2.43241865,3.47337449,4.31711046,-0.4006986279,-0.78236338796,-0.059994890878,-0.17096408096,0.156582058,-0.3666044899999999,0.029102357,-0.1015350529999999
51,GLY,0.846,0.4679203539823008,0.96883,0.74689,0.21511,0,0.0,0,0.0,0.4556,0.0,1.0,0.5062,0.83306659,1.60801522,2.27113251,2.77715587,-0.3710270016999999,-0.7181502969999999,-0.0649154841,-0.1837079524,0.313453642,-0.889430633,0.0561327525,-0.233535686
52,GLY,0.902,0.4988938053097345,0.97896,0.69878,0.20722,0,0.0,0,0.0,0.4556,0.0,1.0,0.5062,0.8335084,1.61147838,2.282539,2.8033111,-0.3602003345,-0.7017258530000001,-0.0566405302,-0.1611894586,0.314314646,-0.6313691539999999,0.0497325955,-0.1422667576
53,GLY,0.918,0.5077433628318584,0.98788,0.7019399999999999,0.1880600000000001,0,0.0,0,0.0,0.4556,0.0,1.0,0.5062,0.97319791,1.8860608,2.68258543,3.31508379,-0.2568676947,-0.50351555,-0.0356060896,-0.1019016941999999,0.31486489,-0.37274968,0.0446699548999999,-0.0752072625
54,GLY,0.756,0.4181415929203539,0.87298,0.8809400000000001,0.17106,0,0.0,0,0.0,0.4556,0.0,1.0,0.5062,0.8334054000000001,1.61066076,2.27981166,2.79695152,-0.332291957,-0.6445977150000001,-0.0560845107,-0.15898252,0.4704248940000001,-0.4422780629999999,0.0825958911,-0.1121047779999999
55,TYR,1.834,0.5381455399061034,3.44837,1.5574599999999998,0.01654,0,0.0,0,0.0,0.3556,0.8063,0.502,0.1605,0.97358787,1.88909977,2.6925329600000003,3.33770459,-0.1666390686,-0.322931726,-0.02830105375,-0.0800830984,0.4718247419999999,0.035714489,0.0715744025999999,0.0070890604
56,ARG,1.928,0.5750074560095436,3.30235,1.39403,0.0309700000000001,0,0.0,0,0.0,0.0,0.7346,0.9398,0.6914,0.83580079,1.62930729,2.34079142,2.9354707,-0.2043651175,-0.394214217,-0.03718341067,-0.10483011457,0.393065074,-0.196737228,0.0591671737999999,-0.0681873126
57,ARG,1.622,0.483745899194751,4.24503,1.17453,0.55647,0,0.0,0,0.0,0.0,0.7346,0.9398,0.6914,0.27904134,0.54651687,0.7913653199999999,1.00351142,-0.4995697162999999,-0.976863872,-0.0733024618,-0.2093718947,2.1247019319999985,-4.920324365999998,0.3066763423999997,-1.0660506486999994
58,GLY,0.563,0.3113938053097345,0.94688,0.93936,0.3056400000000001,0,0.0,0,0.0,0.4556,0.0,1.0,0.5062,0.41708446,0.80832573,1.1497829,1.42116114,-0.30284742681,-0.5931105491299999,-0.0427878770679999,-0.12234382916,0.4722261519999999,-0.3931893525599998,0.0673242165999999,-0.081359714172
59,GLY,0.541,0.2992256637168142,0.69882,1.10283,0.1641699999999999,0,0.0,0,0.0,0.4556,0.0,1.0,0.5062,0.27780789,0.53697809,0.7603840900000001,0.93378515,-0.253749426,-0.495305926,-0.0379486175,-0.108047105,0.313885492,-0.57160103,0.051898385,-0.145669372
60,GLY,0.45,0.2488938053097345,0.8828400000000001,0.84632,0.5116800000000001,1,0.166666666666667,0,0.0,0.4556,0.0,1.0,0.5062,0.97462523,1.89710628,2.71848375,3.39594507,-1.1199490609000002,-2.1768490503999995,-0.18165812172,-0.5154851086200001,3.378551169,-2.3597453964000006,0.5311364186000007,-0.5928658496199993
61,ASN,0.829,0.3390593047034765,1.89938,1.19724,0.4187599999999998,4,0.25,0,0.0,0.1111,0.3976,0.6747,0.8272,1.66953996,3.24253528,4.62890085,5.75098377,-1.0119734328300003,-1.9720621253,-0.15738251248,-0.447802621,1.1009304040000003,-1.3534310625,0.1628750193,-0.338032434
62,SER,0.809,0.3717830882352941,1.30433,1.11871,0.2482899999999999,4,0.25,0,0.0,0.4111,0.1877,0.8514,0.5309,1.66938395,3.2413024,4.62480343,5.74147344,-0.9563371245,-1.8582787113000008,-0.15612131244,-0.4429729523400001,1.6106502370000002,-1.998283899,0.2529322233,-0.48071815619
63,GLY,0.244,0.1349557522123893,0.8024800000000001,0.91237,0.65163,3,0.111111111111111,0,0.0,0.4556,0.0,1.0,0.5062,2.0860521000000003,4.04638356,5.763962380000001,7.138463449999998,-0.586258204,-1.1471610804,-0.0844339433,-0.2412235021999999,1.6108207280000004,-2.4227303765999992,0.253488775,-0.5217535166
64,GLY,0.367,0.2029867256637168,0.68414,0.93341,0.5075900000000001,1,0.037037037037037,0,0.0,0.4556,0.0,1.0,0.5062,1.80738201,3.50274908,4.9819972,6.15622399,-0.8108916871999999,-1.5799891714,-0.12616492305,-0.3588376461199999,2.002887615999999,-2.805810266600001,0.3192360165000001,-0.6714793714099998
65,GLY,0.625,0.3456858407079646,1.02747,0.7208600000000001,0.46214,0,0.0,0,0.0,0.4556,0.0,1.0,0.5062,1.66910686,3.2390950600000004,4.61741103,5.72414904,-1.0213868505,-1.9900709593000003,-0.1602396009099999,-0.4561001059399999,2.4752470599999983,-4.178649025499999,0.3879079005000002,-0.9786427277
66,GLY,0.677,0.3744469026548673,0.96434,0.7447999999999999,0.3862000000000001,0,0.0,0,0.0,0.4556,0.0,1.0,0.5062,1.11206169,2.15419531,3.06147707,3.77859403,-1.1897091670000004,-2.3140130482,-0.19200289218,-0.5455170016499999,3.337438543999998,-4.5361891836,0.5401996661,-1.0986541176800002
67,GLY,0.922,0.5099557522123894,0.92866,0.6646799999999999,0.22132,0,0.0,0,0.0,0.4556,0.0,1.0,0.5062,0.97345766,1.88809079,2.68925189,3.33031105,-1.0930644100999998,-2.1268518672,-0.17477601653,-0.4966272359999999,3.340291392000002,-3.843099574300002,0.5146971933999996,-0.9159699455
68,GLY,0.678,0.375,0.96592,0.8054899999999999,0.3245099999999999,0,0.0,0,0.0,0.4556,0.0,1.0,0.5062,1.3896468,2.68940841,3.81598517,4.69871639,-1.0993990952,-2.1352496899000006,-0.18130843588,-0.5143261459999999,2.394059649000001,-3.2951562035000013,0.3953275380000001,-0.8007965002999999
69,GLY,0.351,0.1941371681415929,0.71055,0.98448,0.47252,3,0.09375,0,0.0,0.4556,0.0,1.0,0.5062,1.94669867,3.774327000000001,5.3718655,6.64379976,-0.8738685843999999,-1.7009294448000003,-0.13981652606,-0.3976370892999999,1.491921479,-2.6439118012,0.2433540691,-0.6266821744000002
70,TYR,0.731,0.2144953051643192,3.39534,1.85891,0.81809,4,0.181818181818182,0,0.0,0.3556,0.8063,0.502,0.1605,1.80761872,3.5045683100000007,4.987863440000001,6.16929108,-0.7070778259,-1.3661655212,-0.12646111787,-0.3572130031,1.609741875999999,-1.4819828940000008,0.2601984616,-0.3432687719999998
71,ASP,1.489,0.5553897799328609,2.41976,0.8362499999999999,0.35575,0,0.0,0,0.0,0.1111,0.3239,0.8675,1.0,1.53191517,2.98404423,4.28153173,5.35902312,-1.2235046719,-2.3789153883,-0.19763104123,-0.561052049,3.6568106080000033,-4.283132546399999,0.5441715043000004,-1.0269735640000002
72,ARG,0.971,0.2895914106770056,3.11317,1.84335,0.5386500000000001,0,0.0,0,0.0,0.0,0.7346,0.9398,0.6914,1.11281186,2.16007353,3.08083243,3.8229643699999993,-1.2620624861699996,-2.4613383098000003,-0.19340259897,-0.55063003592,3.064267087000001,-6.3524022882,0.4796293002999998,-1.4984727337999983
73,GLY,1.1,0.6084070796460177,1.06202,0.57946,0.12854,0,0.0,0,0.0,0.4556,0.0,1.0,0.5062,0.5549702400000001,1.06889004,1.50406024,1.82919062,-0.8536049699999999,-1.6489836059999998,-0.1536915642999999,-0.4342471229999999,2.703551589999999,-7.628784187,0.4844804527999998,-2.028362384
74,TYR,1.45,0.4254694835680751,3.77682,1.4030399999999998,0.5549600000000001,0,0.0,1,0.2,0.3556,0.8063,0.502,0.1605,0.69392115,1.33772108,1.88529377,2.2982185700000004,-0.73640111,-1.429593518,-0.1227414787,-0.3481766064,2.628812758000001,-5.747122281999999,0.4403570570000002,-1.4318034615999995
75,ASN,1.301,0.5321063394683027,2.31652,0.91392,0.2300799999999999,0,0.0,1,0.142857142857143,0.1111,0.3976,0.6747,0.8272,0.97373608,1.89026375,2.69637463,3.34654029,-0.6815409402,-1.3326357287,-0.0990966274,-0.2827845911,3.343787842000005,-6.624453117400003,0.4846215487000002,-1.4344450457800004
76,ASP,0.541,0.2017903767251025,2.00503,1.41686,0.7231400000000001,0,0.0,1,0.2,0.1111,0.3239,0.8675,1.0,0.69437837,1.34127927,1.89692591,2.32462683,-0.7553337510000001,-1.46319367,-0.1290149076,-0.3649528915,3.331317527999997,-6.976204606000001,0.5867591412000006,-1.8308560810000007
77,ASN,1.065,0.4355828220858895,2.155,1.08469,0.2953099999999999,0,0.0,0,0.0,0.1111,0.3976,0.6747,0.8272,0.83412692,1.6163159499999995,2.29843722,2.83966139,-0.889711558,-1.735322382,-0.1363361263999999,-0.3882504209999999,2.5910301879999955,-6.207471774000002,0.4219397507000002,-1.4786811304000005
78,ARG,1.881,0.5609901580674023,3.54292,1.43866,0.0333400000000001,0,0.0,0,0.0,0.0,0.7346,0.9398,0.6914,0.9737756,1.89058286,2.69745947,3.3491312,-0.9451524707,-1.8375271507,-0.15280120441,-0.43371279364,2.591835161000002,-5.898815019800001,0.4125366176999996,-1.4426362955599996
79,ASP,0.794,0.2961581499440507,2.09204,1.13037,0.7566299999999999,0,0.0,0,0.0,0.1111,0.3239,0.8675,1.0,1.2524094300000002,2.43390944,3.4783296599999995,4.328611550000001,-0.5486145973999998,-1.0671713544,-0.08794561655,-0.2497684886999999,2.472803450000001,-4.934196196800001,0.4034088129999997,-1.1747295989599995
80,ASP,0.929,0.3465124953375606,2.24381,1.08036,0.67164,0,0.0,2,0.133333333333333,0.1111,0.3239,0.8675,1.0,1.2502857300000003,2.41735583,3.4241277,4.2052973,-0.7660600985,-1.4902525083000002,-0.1232776559,-0.3503272689,1.8463179150000009,-4.3957872484,0.2914058485,-1.0271913848000005
81,ARG,1.21,0.3608708619147032,3.38308,1.59004,0.5529600000000003,0,0.0,2,0.133333333333333,0.0,0.7346,0.9398,0.6914,1.24995468,2.4148188,3.4159632,4.1871475600000005,-0.748119886,-1.4536578160000002,-0.1229074521,-0.34892848,1.846388107,-4.078807111000001,0.2920752813,-0.9239014795000002
82,ASP,1.421,0.5300261096605744,2.39184,0.8237300000000001,0.4362699999999999,0,0.0,1,0.1,0.1111,0.3239,0.8675,1.0,0.972084,1.87736547,2.65407122,3.25007848,-0.79617982,-1.545747692,-0.1333233412,-0.3784264697,2.0395168439999987,-3.6057761310000007,0.3496296859999998,-0.9052914569999996
83,ASN,1.217,0.4977505112474438,2.28168,0.9931500000000002,0.2348499999999995,0,0.0,1,0.111111111111111,0.1111,0.3976,0.6747,0.8272,0.97232939,1.8792914,2.66042266,3.26466787,-0.8264986601000001,-1.6022589657,-0.1408248607399999,-0.3989896432299999,2.040089453,-4.1252386281,0.3435936075999996,-1.0492373321899993
84,ARG,2.01,0.5994631673128541,3.6527,1.1085200000000002,0.2344800000000002,0,0.0,1,0.0909090909090909,0.0,0.7346,0.9398,0.6914,1.39112477,2.7008958299999994,3.85349541,4.78375175,-0.55512106975,-1.0768407773500002,-0.09389735488,-0.2662422561500001,2.5157861190000017,-3.9197357356000015,0.3818226019999999,-0.9407193139000002
85,GLY,0.473,0.2616150442477876,0.91466,0.94989,0.3851099999999999,0,0.0,2,0.111111111111111,0.4556,0.0,1.0,0.5062,1.38888664,2.6834719600000003,3.79650585,4.65426824,-0.50355001066,-0.974689512,-0.0878521307399999,-0.2485703152999999,2.8217181699999965,-3.093372502900002,0.4999180044999997,-0.8166961253199994
86,GLY,0.723,0.3998893805309734,0.98374,0.7774800000000002,0.3075199999999998,0,0.0,0,0.0,0.4556,0.0,1.0,0.5062,1.81026962,3.52519168,5.055263140000001,6.32225178,-0.4942534131,-0.9587543335000004,-0.0837437712899999,-0.23747748,3.535158242,-1.4470106719,0.5554826374000005,-0.41734766858
87,SER,0.987,0.4535845588235294,1.76502,0.92394,0.2650600000000001,0,0.0,0,0.0,0.4111,0.1877,0.8514,0.5309,1.39253429,2.71188165,3.88945882,4.86554548,-0.959445757,-1.853934828,-0.1708821066,-0.4825747284,2.8321856160000034,-6.853329362999998,0.4099655936000002,-1.4587902110000013
88,GLY,0.452,0.25,0.95345,0.9293,0.4267000000000001,1,0.0625,2,0.125,0.4556,0.0,1.0,0.5062,1.39072514,2.69775155,3.843095,4.75976439,-0.5415791147999998,-1.0502054593,-0.0925093313699999,-0.2623311460999999,3.258183306999996,-2.626135390999997,0.5299164072,-0.7155760146
89,GLY,0.707,0.3910398230088495,0.96777,0.7679299999999999,0.3330700000000001,1,0.0909090909090909,2,0.181818181818182,0.4556,0.0,1.0,0.5062,1.2519740300000002,2.43048163,3.46698589,4.302433959999999,-0.5292983910000001,-1.031379857,-0.08305890008,-0.2364559591999999,2.9474166020000023,-2.3771080069999995,0.4569801678999998,-0.5762034099000002
90,TYR,2.21,0.6484741784037559,4.32761,0.7844599999999999,0.41354,1,0.142857142857143,3,0.428571428571429,0.3556,0.8063,0.502,0.1605,0.69367531,1.33579084,1.87892533,2.28358119,-0.5461260917999999,-1.0521460984,-0.10245028323,-0.2889727048,2.545723823999998,-3.536487377100003,0.4658757405999996,-0.9598686480000004
91,GLY,0.777,0.4297566371681416,0.95923,0.70714,0.3238600000000001,1,0.125,2,0.25,0.4556,0.0,1.0,0.5062,0.8338089000000001,1.61382449,2.2902348100000003,2.82086228,-0.4391358845999999,-0.8473572099000002,-0.0806070019099999,-0.2276244016999999,2.591571396999999,-3.625232502399998,0.4183162790999999,-0.9179283990000005
92,ARG,1.165,0.3474500447360572,3.04637,1.79391,0.3940900000000003,1,0.0625,4,0.25,0.0,0.7346,0.9398,0.6914,1.25027513,2.41723547,3.42360262,4.20369858,-0.29624074549,-0.5777519081799999,-0.045697583375,-0.13018967048,3.3740165470000014,-2.5602235498799994,0.5713712877000005,-0.6092505194800001
93,ASP,1.332,0.4968295412159642,2.46084,0.8620000000000001,0.4869999999999999,0,0.0,2,0.25,0.1111,0.3239,0.8675,1.0,1.5316420199999998,2.9819245600000004,4.274625750000001,5.34341847,-0.5466076653,-1.0729468948999998,-0.0730195778599999,-0.20918005324,2.363173918000001,-3.350573938800002,0.3169053135999997,-0.6680868233399999
94,ARG,2.076,0.6191470325082016,3.70756,1.1208600000000002,0.1561399999999999,1,0.333333333333333,1,0.333333333333333,0.0,0.7346,0.9398,0.6914,1.25327695,2.4407093,3.50072737,4.3799791,-0.6709619212,-1.3033531766,-0.11015837146,-0.3124903948399999,2.240752501000001,-2.9339605379999965,0.3392602435999998,-0.7072198104000008
95,ASN,0.693,0.2834355828220858,2.0227,1.31662,0.4353799999999999,2,0.25,2,0.25,0.1111,0.3976,0.6747,0.8272,1.11229703,2.15600398,3.06730944,3.79158735,-0.7368203948000001,-1.4290805078999995,-0.1247097120599999,-0.3534793046,2.742536820000001,-4.989125402199998,0.4911185361999999,-1.3197083050000002
96,TYR,1.611,0.4727112676056338,3.99865,1.16999,0.6270099999999998,3,0.6,3,0.6,0.3556,0.8063,0.502,0.1605,1.11342685,2.16485763,3.09646373,3.85842291,-0.7779685354,-1.5190432857000002,-0.11585445354,-0.3300351741999999,3.656689469000002,-2.840928979200001,0.5510207092999989,-0.6292723947000002
97,GLU,1.603,0.5876099706744867,3.01386,0.93786,0.1871400000000002,2,0.333333333333333,2,0.333333333333333,0.1111,0.4884,0.8112,0.9136,0.69451786,1.34236711,1.90048984,2.33274122,-0.7893894547999999,-1.5244392464999998,-0.14207311355,-0.4011222703000001,5.083424515999989,-6.5909611605999965,0.9889088852000016,-1.8849975146000024
98,ASP,1.565,0.5837374114136515,2.50678,0.75757,0.3584300000000001,1,0.142857142857143,2,0.285714285714286,0.1111,0.3239,0.8675,1.0,1.2528182900000002,2.43708914,3.4887142799999995,4.35215475,-1.7619775674399998,-3.4443763208500005,-0.258991302391,-0.7392105203149999,5.621766140999994,-9.968003019000008,0.8496637216999997,-2.2883894421
99,ARG,1.213,0.3617655830599463,3.36294,1.6920299999999997,0.4479700000000004,1,0.1,2,0.2,0.0,0.7346,0.9398,0.6914,1.11228989,2.15596673,3.06725165,3.79165184,-1.4474471442,-2.816165656,-0.2329181418899999,-0.6620919612,5.339939587999995,-8.055012606999993,0.8619791422999995,-1.9547370431000008
100,GLY,0.571,0.3158185840707964,0.86374,0.77211,0.4648900000000001,0,0.0,0,0.0,0.4556,0.0,1.0,0.5062,1.25254808,2.43498899,3.48185991,4.33663076,-1.3195330481,-2.5665690373000003,-0.2110730316,-0.5992100172700001,3.060080638999999,-3.1631222901999965,0.5150297743999998,-0.9374344659000008
101,TYR,0.471,0.1382042253521126,2.90925,2.06257,0.8744299999999998,1,0.0454545454545455,0,0.0,0.3556,0.8063,0.502,0.1605,1.8089532600000005,3.51490433,5.021484330000001,6.24510854,-1.745571972427001,-3.408340624405,-0.2641453984437,-0.7535326484020002,1.4895648729999986,-0.6676768061000002,0.2618924242,-0.1706970842999998
102,ASN,0.66,0.2699386503067485,1.91876,1.35324,0.4317599999999997,1,0.0555555555555556,2,0.111111111111111,0.1111,0.3976,0.6747,0.8272,2.08851876,4.06553252,5.826401570000001,7.279730929999999,-1.74121430167,-3.3995675820400004,-0.2618953125679999,-0.7465644844240001,1.2991363499999995,-1.7731872009999992,0.1798968934,-0.3472464517999999
103,GLY,0.144,0.079646017699115,0.70378,0.97616,0.6878400000000001,1,0.05,0,0.0,0.4556,0.0,1.0,0.5062,1.94822402,3.78621822,5.410814449999999,6.732460120000001,-1.7116201224500005,-3.3245179629000003,-0.28286606274,-0.8027175797799998,1.765734485,-1.7516956704999995,0.2950633329000002,-0.4938229802600003
104,GLY,0.341,0.1886061946902655,0.8109099999999999,0.95732,0.5096800000000001,1,0.0434782608695652,0,0.0,0.4556,0.0,1.0,0.5062,2.22660946,4.32774962,6.18628643,7.7011211,-2.0017579561,-3.9060315112,-0.30435453407,-0.8671411940299995,1.6118956220000005,-3.129903220200001,0.2431607179999999,-0.6971438889300002
105,GLY,0.418,0.2311946902654867,0.8820699999999999,0.98531,0.4046900000000001,0,0.0,0,0.0,0.4556,0.0,1.0,0.5062,1.11160185,2.15055396,3.04935685,3.75041422,-1.4472698467999998,-2.8013214733000003,-0.25417348679,-0.7196100173000001,2.745426018000002,-3.773198232999999,0.4734587389999996,-0.9859493668999996
106,GLY,1.103,0.6100663716814159,1.04786,0.61131,0.09369,0,0.0,0,0.0,0.4556,0.0,1.0,0.5062,1.11347344,2.1652294,3.0977117,3.86135646,-1.5013220973000008,-2.932516557200001,-0.22386343825,-0.6384251920600003,2.986716624000002,-4.4349591571000015,0.4582406016000002,-1.0468710423000005
107,GLY,0.702,0.3882743362831858,0.97562,0.8225500000000001,0.28345,0,0.0,0,0.0,0.4556,0.0,1.0,0.5062,0.97338494,1.88752748,2.68741965,3.32617928,-1.01864445633,-1.97883906114,-0.166776006965,-0.4730150740700001,4.1130820179999965,-4.955054842649995,0.7410182702999996,-1.301588881299999
108,GLY,0.26,0.1438053097345132,0.80837,1.11531,0.43269,2,0.117647058823529,0,0.0,0.4556,0.0,1.0,0.5062,1.81013165,3.5240990199999995,5.051626799999999,6.313800840000001,-1.4404338286399998,-2.8211208819000007,-0.204281435076,-0.5843094655600001,4.840945017000007,-6.1158820445,0.6869007896000009,-1.2869130105749995
109,GLY,0.871,0.4817477876106194,0.95127,0.72048,0.21652,1,0.142857142857143,0,0.0,0.4556,0.0,1.0,0.5062,1.11340965,2.16472494,3.09603612,3.85747475,-1.012728552587,-1.97241240249,-0.1570531369795,-0.446057817558,6.092429000000003,-7.662602136480004,0.9191094472000008,-1.889031515852
110,ASN,1.942,0.7942740286298569,2.55672,0.73078,-0.2277800000000001,2,0.333333333333333,1,0.166666666666667,0.1111,0.3976,0.6747,0.8272,0.83408817,1.61599832,2.2973448,2.8370171,-0.82063545998,-1.5992774932000002,-0.1285535782299999,-0.36603672152,6.988454687999992,-7.592353783999995,1.1359756547999975,-1.7518321372000012
111,ARG,1.608,0.4795705338502833,3.35475,1.62889,0.1161100000000001,3,0.333333333333333,1,0.111111111111111,0.0,0.7346,0.9398,0.6914,0.97299003,1.88444069,2.67728223,3.3030229200000005,-1.2469084842500004,-2.4266920601800006,-0.199347281532,-0.56675088852,6.476589694999971,-10.34204056089999,1.066774201000001,-2.545716548060001
112,GLY,1.04,0.5752212389380531,1.02688,0.61619,0.15181,2,0.285714285714286,1,0.142857142857143,0.4556,0.0,1.0,0.5062,1.25347952,2.442292,3.5059219,4.391834739999999,-1.2266595937000002,-2.3901658793,-0.18894865563,-0.5369532856599998,5.695648151999985,-8.424692085800007,0.8919425096000001,-2.1675363901000013
113,TYR,0.78,0.2288732394366197,3.29556,1.90362,0.72438,2,0.181818181818182,2,0.181818181818182,0.3556,0.8063,0.502,0.1605,2.08922929,4.07107789,5.8445836700000005,7.321173419999999,-1.2008782509,-2.3479840962,-0.1764047276099999,-0.5037741930199999,2.5176382209999995,-3.626500298499998,0.3688167781000001,-0.79580612785
114,ASN,0.52,0.212678936605317,1.80827,1.3834300000000002,0.5415699999999997,1,0.0526315789473684,2,0.105263157894737,0.1111,0.3976,0.6747,0.8272,1.80815377,3.5086700500000005,5.00106436,6.198631969999999,-1.1559842271200005,-2.23599248138,-0.2043812743916,-0.5781439765359999,2.473101296000001,-3.563663969999999,0.4059423148000001,-0.8674328030999999
115,ASN,0.573,0.2343558282208589,2.0422,1.37876,0.4932399999999999,1,0.05,1,0.05,0.1111,0.3976,0.6747,0.8272,2.36648482,4.603701849999999,6.590548860000001,8.221666649999998,-1.34034866268,-2.602659369,-0.221690278675,-0.6287478504499999,2.3934809679999995,-4.100906846000001,0.4019972724000002,-1.0661437250999994
116,ASN,0.731,0.2989775051124744,1.98358,1.2851499999999998,0.4288500000000002,0,0.0,0,0.0,0.1111,0.3976,0.6747,0.8272,2.08816854,4.062841199999999,5.81771982,7.260374769999999,-1.9143836024000005,-3.7277660731000015,-0.30248422202,-0.8601628837600002,2.005546401,-3.503639475700002,0.2987278106999999,-0.76455509473
117,ARG,1.921,0.5729197733373098,3.77544,1.15832,0.2736800000000001,0,0.0,0,0.0,0.0,0.7346,0.9398,0.6914,1.5297799399999998,2.96737765,4.226879390000001,5.234434789999999,-1.83944376783,-3.5596312538,-0.323609502886,-0.91593002689,2.51098062,-2.0263992935999986,0.4226068031000001,-0.5682338660300005
118,GLY,0.412,0.2278761061946902,0.8853700000000001,0.89156,0.5044400000000001,0,0.0,0,0.0,0.4556,0.0,1.0,0.5062,1.2513408,2.42558169,3.4510663800000003,4.2665958,-1.56508337547,-3.03428571974,-0.2670558925479999,-0.7568272945799999,2.7053312809999985,-3.2433089893000027,0.468121885,-0.8853632280199998
119,GLY,0.367,0.2029867256637168,0.79782,1.00906,0.43194,0,0.0,0,0.0,0.4556,0.0,1.0,0.5062,1.25082251,2.42160113,3.43823004,4.23798748,-1.1452146666999996,-2.21916124,-0.19655868896,-0.55669080631,3.882862135999994,-6.288081000900004,0.6588191732999996,-1.6542755022999984
120,GLY,0.94,0.5199115044247787,1.05733,0.6722899999999999,0.1957100000000001,0,0.0,0,0.0,0.4556,0.0,1.0,0.5062,0.69584868,1.35265958,1.93391821,2.40796886,-1.0229221952,-1.9877496182,-0.16780179219,-0.4763675184,5.6926899499999895,-9.981341036999996,0.9251148313000006,-2.5582321423199965
121,GLY,0.849,0.4695796460176991,0.7754800000000001,0.76141,0.19759,1,0.5,0,0.0,0.4556,0.0,1.0,0.5062,0.4168962199999999,0.8068394699999999,1.14484799,1.40972215,-0.2993614074,-0.582859616,-0.04774924794,-0.135856694,1.414354338,-2.3867796750000005,0.2237522030999999,-0.5482544360999997
122,GLY,0.507,0.2804203539823008,1.0,0.7399200000000001,0.56108,2,0.5,0,0.0,0.4556,0.0,1.0,0.5062,0.55494626,1.06872484,1.50359641,1.8283729,-0.3438041952999999,-0.666095086,-0.0590770462,-0.1672787061,2.5519699689999973,-5.346942351999999,0.412477539,-1.2729066962
123,GLY,0.841,0.4651548672566371,1.01467,0.6593300000000001,0.30767,2,0.25,0,0.0,0.4556,0.0,1.0,0.5062,0.83372242,1.6131448699999995,2.28798998,2.81569525,-0.404530448,-0.788048706,-0.0638175487,-0.1816468939999999,3.1405504230000023,-7.098193126000002,0.5143621133,-1.6742684760000006
124,TYR,0.602,0.1766431924882629,3.73358,1.80021,1.00579,3,0.3,0,0.0,0.3556,0.8063,0.502,0.1605,0.97219838,1.87825213,2.6569565300000004,3.256588,-0.449802641,-0.8736395570000001,-0.0744821105,-0.211403567,2.195236486,-5.503698831999999,0.385408275,-1.4287674700000004
125,ASN,1.047,0.4282208588957055,2.5670800000000003,0.7761500000000001,0.6218499999999998,1,0.1,0,0.0,0.1111,0.3976,0.6747,0.8272,0.97243654,1.8801272,2.66316036,3.2708993,-0.440248276,-0.852131911,-0.0770308817,-0.2180095307,1.726230460000001,-3.381420956999997,0.2925175046999999,-0.862482438
126,ARG,1.562,0.4658514762898896,3.25864,1.39438,0.3966200000000002,0,0.0,0,0.0,0.0,0.7346,0.9398,0.6914,0.97188419,1.87582703,2.64909577,3.23894503,-0.4710885998999999,-0.913784211,-0.0796314092299999,-0.2257379852,2.155447876000001,-2.9991821330000006,0.3820475727999999,-0.7936483242000003
127,GLN,0.392,0.1363478260869565,2.20625,1.70419,0.77881,2,0.2,1,0.1,0.1111,0.5388,0.7952,0.6914,1.11157012,2.15037196,3.04898411,3.75024749,-1.049082215,-2.04473757,-0.1640654668,-0.4672289946,1.0218798050000002,-1.7928923729999997,0.1587432084999999,-0.4191291212
128,ASP,1.223,0.4561730697500932,2.31644,0.9962,0.4618,0,0.0,0,0.0,0.1111,0.3239,0.8675,1.0,0.97334759,1.88721294,2.68630626,3.32338772,-1.0334571874000005,-2.0070985844,-0.1708785377699999,-0.4848081310399999,1.0188292119999995,-1.828442638,0.1816204213999999,-0.510445879
129,ARG,2.075,0.6188487921264539,3.93444,0.89869,0.37931,0,0.0,0,0.0,0.0,0.7346,0.9398,0.6914,0.97325895,1.88652864,2.68408958,3.31841885,-0.90272329,-1.750955271,-0.1527071547999999,-0.4328766737,1.9974313159999988,-2.5209857160000007,0.3628609772000001,-0.6723963088
130,GLY,0.593,0.3279867256637168,0.82726,0.89904,0.3159600000000001,1,0.0909090909090909,0,0.0,0.4556,0.0,1.0,0.5062,1.39239153,2.7107691,3.88581714,4.85726473,-0.5556083458679999,-1.0849330956100005,-0.0829824416957,-0.236489956616,2.004443229,-0.3803908695,0.3072284067,-0.11820632712
131,ASP,0.706,0.2633345766505035,2.08183,1.3978699999999995,0.5771300000000006,0,0.0,1,0.0588235294117647,0.1111,0.3239,0.8675,1.0,1.11056615,2.14253989,3.0233181,3.69179168,-0.3869427351999999,-0.7456062926,-0.07229665946,-0.2039133397,1.5671463950000004,-2.9413456960000017,0.2823074880000001,-0.8129119005000006
132,GLY,0.567,0.3136061946902654,0.8973,0.78918,0.4518200000000001,0,0.0,1,0.0833333333333333,0.4556,0.0,1.0,0.5062,1.11228069,2.15589454,3.06701581,3.79111911,-0.411872793,-0.8048948369999999,-0.0612580205,-0.174886947,1.5730793939999994,-3.092903786000002,0.2347389795999999,-0.6697225020000002
133,GLY,0.844,0.4668141592920353,0.97791,0.6689200000000001,0.29508,0,0.0,1,0.111111111111111,0.4556,0.0,1.0,0.5062,0.97277616,1.88277299,2.67182011,3.29059276,-0.474751892,-0.925416575,-0.0733192509999999,-0.2086264484999999,1.608920247,-3.193670918999999,0.2659990102,-0.7500760284999998
134,SER,0.557,0.2559742647058823,1.43594,0.9702,0.6488000000000003,0,0.0,1,0.0714285714285714,0.4111,0.1877,0.8514,0.5309,1.1114260500000002,2.14927748,3.0454998000000004,3.74262725,-0.5445595360000001,-1.0649201460000002,-0.0796422344,-0.227458857,1.5736882640000007,-4.136188089999998,0.2288113536,-0.8850646419999999
135,SER,1.024,0.4705882352941176,1.20818,0.89941,0.2525900000000001,0,0.0,0,0.0,0.4111,0.1877,0.8514,0.5309,0.97276598,1.88267189,2.6714128800000005,3.28943053,-0.4705138024,-0.912975117,-0.0786729217999999,-0.222967675,1.6082908769999995,-2.921586269999999,0.2715473814000001,-0.7184402899999998
136,ASN,1.046,0.4278118609406953,2.22042,1.21813,0.1808699999999998,0,0.0,1,0.0714285714285714,0.1111,0.3976,0.6747,0.8272,1.25097763,2.42270617,3.44149754,4.24435891,-0.4652562759999999,-0.908317615,-0.0700129681,-0.19955864,2.0035909260000007,-4.057847569999999,0.3152577353999999,-0.9102070594999992
137,PHE,1.26,0.4052750080411708,3.09075,1.47281,0.37619,0,0.0,1,0.142857142857143,0.8111,0.783,0.0763,0.037,1.25280984,2.43706209,3.4887630700000005,4.35269105,-0.4552099543,-0.8900422781999999,-0.0662210310599999,-0.18895053082,4.837203444999994,-6.654450596399999,0.7115292551999988,-1.4820840667399993
138,SER,1.31,0.6020220588235294,1.58905,0.606,0.2600000000000001,0,0.0,1,0.2,0.4111,0.1877,0.8514,0.5309,0.5549702400000001,1.06889004,1.50406024,1.82919062,-0.740510288,-1.431633934,-0.1318407042,-0.3727507595,2.820289296000001,-6.435639559999999,0.5112777368999998,-1.7079316124999993
139,ARG,1.747,0.521025946913212,3.59467,1.2284,0.3776000000000001,0,0.0,1,0.2,0.0,0.7346,0.9398,0.6914,0.6941223599999999,1.3392779,1.89035083,2.30960047,-0.6577112053,-1.272728703,-0.11528809426,-0.3261444876999999,2.1928589439999984,-3.6854638280000014,0.4027511483000001,-1.1106234442999998
140,GLY,0.744,0.411504424778761,1.05074,0.7223700000000001,0.34163,0,0.0,0,0.0,0.4556,0.0,1.0,0.5062,0.97376357,1.89048184,2.69710224,3.34823635,-0.2937615077999999,-0.5734422828000001,-0.04376255872,-0.1245790568299999,2.240690745,-0.8332666094,0.3379594353999999,-0.21144468472
141,GLY,0.524,0.2898230088495575,0.87519,0.89225,0.39175,0,0.0,0,0.0,0.4556,0.0,1.0,0.5062,0.8337760399999999,1.61356999,2.2894066100000003,2.8189942,-0.8174983474999996,-1.589756056,-0.1321220555,-0.3752462318,1.1775150939999994,-1.548656704,0.1932050578000001,-0.3601156786000002
142,TYR,1.974,0.5792253521126761,4.2237,0.90755,0.52645,0,0.0,1,0.2,0.3556,0.8063,0.502,0.1605,0.97349104,1.88837902,2.69029399,3.33298491,-1.026724991,-2.006322935,-0.1508323627499999,-0.4300929353999999,1.5339040490000009,-2.983288819,0.2224119365999998,-0.6443414021999996
143,ASN,0.937,0.3832310838445808,2.26382,1.30232,0.2056799999999998,0,0.0,1,0.125,0.1111,0.3976,0.6747,0.8272,1.11234844,2.15641009,3.06865845,3.79471763,-0.8876827547000001,-1.7294348083999995,-0.14043958005,-0.3999495595999999,1.7684003049999988,-2.962402061400002,0.2765377700999998,-0.6992725507999998
144,ASN,0.974,0.3983640081799591,2.30265,1.17699,0.2940099999999999,0,0.0,1,0.2,0.1111,0.3976,0.6747,0.8272,1.25223476,2.43254814,3.47387252,4.31847129,-0.7542567388600001,-1.4745429685000002,-0.11079431335,-0.3162765104,2.005014068000001,-3.5436351806999995,0.3026273100000003,-0.7502433539400006
145,ARG,2.007,0.5985684461676111,3.29143,1.26386,0.0821400000000001,0,0.0,0,0.0,0.0,0.7346,0.9398,0.6914,1.11268066,2.15902108,3.07728261,3.81456772,-0.7684413756999999,-1.493898063,-0.12509682966,-0.3552666897000001,3.064706645000003,-4.090049117,0.4769176175,-0.9715587516
146,ASP,1.327,0.494964565460649,2.44564,0.92974,0.4242600000000001,0,0.0,0,0.0,0.1111,0.3239,0.8675,1.0,1.11278703,2.15984816,3.07998309,3.82068921,-0.7383338574000001,-1.4400581387000002,-0.11406594133,-0.3250649172999999,3.459446005,-4.612507058799999,0.5265013593,-1.0393217956
147,GLU,1.163,0.4263196480938416,2.70137,1.31913,0.2458700000000002,0,0.0,0,0.0,0.1111,0.4884,0.8112,0.9136,0.97375803,1.89034783,2.69635775,3.34561484,-0.9683182364999998,-1.886641143,-0.1525752147,-0.4344199965,3.378189331,-6.061610476000004,0.5374001356999999,-1.427580792599999
148,GLY,0.643,0.3556415929203539,0.55687,0.99347,0.17153,0,0.0,0,0.0,0.4556,0.0,1.0,0.5062,1.08496807,2.105834347,3.002848686,3.724631154,-0.7109267749569999,-1.3832729263987005,-0.1139458122746999,-0.3238297909803499,2.1505955172500006,-3.2487451195872006,0.3400926274149999,-0.7769883652970999
149,SER,1.005,0.4618566176470587,1.40475,0.91014,0.2608600000000003,0,0.0,0,0.0,0.4111,0.1877,0.8514,0.5309,1.252157,2.43186159,3.47135694,4.3119412,-0.6087339080999999,-1.1856578420999997,-0.09625330687,-0.2739415328,2.5945471540000016,-3.644064864899999,0.3945039016000002,-0.8227920696000003
150,ASP,0.91,0.3394255874673629,1.81459,1.2468300000000003,0.5241699999999996,0,0.0,0,0.0,0.1111,0.3239,0.8675,1.0,1.11202797,2.15394729,3.06071595,3.77701813,-0.6329572636,-1.2277787807000002,-0.10730241351,-0.3042864240300001,2.3161403340000013,-2.8821065418,0.3796605324999998,-0.7194243705599997
151,ASN,1.163,0.4756646216768916,2.18922,1.03985,0.2421499999999998,1,0.125,1,0.125,0.1111,0.3976,0.6747,0.8272,1.11267145,2.15892624,3.07689086,3.81342497,-0.6996801735799998,-1.3606254167740002,-0.114007382054,-0.3240436197969999,1.9245244820000016,-2.441995223644,0.3064347974000002,-0.5557860971219997
152,ARG,1.114,0.3322397852669251,3.17305,1.82324,0.4157599999999999,2,0.25,1,0.125,0.0,0.7346,0.9398,0.6914,1.25196674,2.43035453,3.46633862,4.30026838,-1.1421563974,-2.2272024490000004,-0.17708249679,-0.5045659285,1.6507342310000006,-2.913260768,0.2544875301999998,-0.6821176168000002
153,GLY,0.415,0.2295353982300884,0.96697,0.92546,0.46754,0,0.0,0,0.0,0.4556,0.0,1.0,0.5062,0.13966373,0.2743798,0.39937583,0.51022375,-0.3378245165,-0.6636814160000001,-0.0444259472,-0.1274151047999999,1.5759365200000006,-4.053635053000001,0.20724508,-0.7782262960000002
154,SER,0.606,0.2784926470588235,0.93701,1.54098,0.0290200000000002,0,0.0,0,0.0,0.4111,0.1877,0.8514,0.5309,1.5305044700000003,2.97294769,4.24485965,5.274563219999999,-0.469065957,-0.907688403,-0.08146767019,-0.2302665514999999,2.318053028,-3.8018456359,0.3607638998999999,-0.9042111616999998
155,GLY,0.348,0.1924778761061946,0.97803,0.89204,0.5679599999999999,0,0.0,0,0.0,0.4556,0.0,1.0,0.5062,1.9484773,3.78814475,5.416955300000001,6.745916530000001,-0.165639591,-0.3249646969999999,-0.02227773035,-0.0637559908,1.8490042659999983,-1.7381443941999994,0.2671362751999998,-0.3336928046999999
156,ARG,1.691,0.5043244855353415,3.68087,1.33972,0.3222800000000001,1,0.166666666666667,0,0.0,0.0,0.7346,0.9398,0.6914,1.67058903,3.25068331,4.65547705,5.811128910000001,-0.2206126665,-0.419089966,-0.04995961708,-0.13987993585,1.9661749940000013,-1.315009551,0.2950045955999999,-0.3314364619999999
157,SER,1.018,0.4678308823529411,1.11593,1.06701,0.0909900000000001,1,0.5,0,0.0,0.4111,0.1877,0.8514,0.5309,0.83338125,1.61048236,2.27926224,2.79580917,-0.996510326,-1.920653382,-0.1853598358,-0.5228236232000001,1.7199681789999983,-3.7273263290000016,0.3394263336000002,-1.1332720270000003
158,TYR,0.596,0.1748826291079812,3.19891,2.10904,0.70296,3,0.6,1,0.2,0.3556,0.8063,0.502,0.1605,1.2539902900000002,2.44618529,3.51837295,4.419261580000001,-1.2921153967,-2.529657143,-0.1839621911299999,-0.5258259636,1.4558126750000009,-1.7009946160000005,0.2096000947,-0.3563743336
159,ASN,0.392,0.1603271983640082,2.33814,1.16035,0.8926499999999999,0,0.0,0,0.0,0.1111,0.3976,0.6747,0.8272,1.11464698,2.17429915,3.1271495,3.92754762,-1.0970053036,-2.1490180628,-0.15417003792,-0.4409520862000001,3.1080128640000044,-4.5087788440000045,0.4506753381999995,-0.9958215055000004
160,ASN,1.222,0.4997955010224949,2.4926,0.87636,0.3466399999999998,0,0.0,0,0.0,0.1111,0.3976,0.6747,0.8272,0.69462176,1.34317782,1.90314701,2.33879467,-0.8650763887999999,-1.6785656124,-0.1444938406799999,-0.4094590636999999,2.7031880070000014,-2.952972695,0.4837219130999996,-0.8841349791999997
161,ASP,0.127,0.0473703841850055,1.87161,1.6636699999999998,0.8903300000000005,0,0.0,0,0.0,0.1111,0.3239,0.8675,1.0,1.53105336,2.9773081,4.25941282,5.30850725,-1.4809101006000005,-2.8877442544000007,-0.2282506839,-0.6499446263599998,1.5329917329999996,-0.6504971872,0.2331797479000001,-0.1755583208599999
162,ARG,1.665,0.4965702356099015,3.3539600000000003,1.4366499999999998,0.2513500000000004,0,0.0,1,0.0625,0.0,0.7346,0.9398,0.6914,2.08883847,4.06806081,5.834806680000001,7.29924416,-1.3934677761000007,-2.7252470558,-0.20093758144,-0.5732954801600001,1.1807560039999996,-1.3214366581999997,0.1653202281,-0.2777872915
163,ARG,0.688,0.2051893826424097,3.13835,2.06312,0.60188,0,0.0,0,0.0,0.0,0.7346,0.9398,0.6914,2.50666826,4.88202778,7.00248319,8.759350759999997,-1.5028119795000003,-2.935713551,-0.2246936320599999,-0.6411061204999999,1.180217114,-2.015078172,0.1724542263,-0.4262990375999998
164,ASP,0.553,0.206266318537859,2.1092,1.4632500000000004,0.6647499999999997,0,0.0,0,0.0,0.1111,0.3239,0.8675,1.0,1.9476210000000005,3.7816258400000007,5.39613941,6.700166089999999,-1.0218449193839996,-1.98990530486,-0.159821237264,-0.454133108724,2.6314422899999985,-1.969984086540001,0.4191950864000001,-0.5550678916259999
165,ASN,0.545,0.2229038854805726,2.20718,1.47635,0.4236499999999998,0,0.0,0,0.0,0.1111,0.3976,0.6747,0.8272,1.53050683,2.97293573,4.24471595,5.27391533,-0.8945733188000002,-1.7337677829999996,-0.1536756441599999,-0.4354537796,3.728460042000001,-6.328219490999999,0.6184504232999992,-1.6353675845000004
166,GLY,0.0,0.0,0.98937,0.8938499999999998,0.9141500000000002,2,0.222222222222222,0,0.0,0.4556,0.0,1.0,0.5062,0.97328503,1.88666021,2.68428571,3.31816462,-0.7084294898,-1.3793323135,-0.1121605859,-0.3189373212,0.9811003379999996,-2.313580322000001,0.1627998580000001,-0.5596465780000002
167,GLY,0.08,0.0442477876106194,1.05967,0.94092,0.78708,0,0.0,1,0.0714285714285714,0.4556,0.0,1.0,0.5062,1.2513998400000002,2.42592242,3.4517762700000008,4.26697738,-1.2777257213000004,-2.480814521700001,-0.21423176075,-0.60826066956,3.530638960999997,-7.068029170599999,0.6033060864000002,-1.81162992812
168,ASP,0.528,0.1969414397612831,2.08106,1.32254,0.83046,0,0.0,1,0.111111111111111,0.1111,0.3239,0.8675,1.0,1.11239107,2.15675485,3.0698301100000007,3.7975127,-1.0989038217,-2.1349506496999995,-0.1811529528099999,-0.5142613806600002,3.8112373479999975,-6.258655251499997,0.5967917836999992,-1.4370608911
169,GLY,0.958,0.5298672566371682,1.47932,0.70133,0.14867,0,0.0,0,0.0,0.4556,0.0,1.0,0.5062,1.25387598,2.44524636,3.5151307700000007,4.4113679900000005,-1.0237550074,-2.001564646,-0.1504357027799999,-0.4295316602,4.167041006999997,-6.182584477999993,0.6320989825999993,-1.3934514221000005
