2,MET,2.54,0.85177733065057,2.56365,0.48349,-0.0414899999999998,0,0.0,0,0.0,0.7111,0.6196,0.0,0.0988,0.27746852,0.5343151399999999,0.75160345,0.91362017,-0.4318307207,-0.8370422285,-0.0741019617,-0.2100130985,0.85972828,-1.5443133990000004,0.1712189088999999,-0.47594902
3,GLU,1.71,0.62683284457478,2.90086,0.8830199999999999,0.1349800000000003,0,0.0,0,0.0,0.1111,0.4884,0.8112,0.9136,0.5551927999999999,1.07063417,1.5098033400000002,1.8423555,-0.7326037400999998,-1.4196798381,-0.125327154,-0.3548566099999999,0.4312532460000001,-0.4878787905,0.0748521545,-0.1140483433
4,SER,0.943,0.4333639705882352,1.52304,0.9353,0.2977000000000001,0,0.0,0,0.0,0.4111,0.1877,0.8514,0.5309,1.3920046200000002,2.70776443,3.87601994,4.83510421,-0.7797647184000001,-1.5193542299,-0.12110909598,-0.3444369619,0.6689799940000001,-0.9785952174,0.0948860728,-0.2162113463
5,ASN,0.553,0.2261758691206544,1.87207,1.3919500000000005,0.5000499999999994,0,0.0,1,0.0625,0.1111,0.3976,0.6747,0.8272,1.39013957,2.69318382,3.82812712,4.72567649,-1.1000491924,-2.1417977273,-0.17454320564,-0.4964240059000001,0.510695119,-0.6249288785,0.0801256854999999,-0.1470392562
6,GLN,1.734,0.6031304347826086,2.8994,0.8655200000000001,0.2754799999999999,0,0.0,1,0.0714285714285714,0.1111,0.5388,0.7952,0.6914,1.11087028,2.14496154,3.0314170700000003,3.71072804,-0.9111913498,-1.7604082391000002,-0.1645099949099999,-0.4650685846999999,0.8622984080000001,-0.2267123462999999,0.1517406888,-0.0984371386
7,SER,1.148,0.5275735294117646,1.23346,0.79716,0.2308400000000002,0,0.0,1,0.0769230769230769,0.4111,0.1877,0.8514,0.5309,1.3907195100000005,2.69773887,3.84316144,4.7602477,-0.6974659947050001,-1.3631322774,-0.102733326935,-0.2931332034059999,0.8644501380000001,-0.94428186622,0.1347070719,-0.243869249057
8,ASN,0.782,0.3198364008179959,2.04166,1.31482,0.3481799999999997,0,0.0,0,0.0,0.1111,0.3976,0.6747,0.8272,1.1106491200000002,2.1431672200000005,3.02530412,3.696101450000001,-0.3649161215,-0.7084142541999999,-0.06150174083,-0.1746463627,1.9981458480000007,-1.5151825080999997,0.3609677740999998,-0.3809637343000001
9,ASN,1.714,0.7010224948875255,2.47604,0.71123,0.0197699999999998,0,0.0,0,0.0,0.1111,0.3976,0.6747,0.8272,0.6939226000000001,1.33770126,1.88512136,2.29749632,-0.7206163298000001,-1.3942727857,-0.1274335333,-0.3607143246,2.505557623999998,-5.193074236999999,0.4662462884000005,-1.474226527099999
10,GLY,0.712,0.3938053097345132,0.91832,0.72545,0.37055,0,0.0,0,0.0,0.4556,0.0,1.0,0.5062,0.69405079,1.33871898,1.8885178,2.30542072,-0.7161536463000001,-1.37867288,-0.1356188634999999,-0.3822732456,2.509766796,-3.400754928,0.4329315370000001,-0.9663889784000002
11,GLY,0.65,0.3595132743362831,0.8081999999999999,0.8014899999999999,0.35651,0,0.0,0,0.0,0.4556,0.0,1.0,0.5062,1.5312706900000004,2.97901324,4.26503302,5.321407639999999,-0.894824994,-1.755483855,-0.1216197326,-0.3482965843,0.6696290590000001,-1.27423737,0.0896093477999999,-0.2480830285
12,SER,0.673,0.3092830882352941,1.45806,0.96749,0.5355100000000002,0,0.0,1,0.0476190476190476,0.4111,0.1877,0.8514,0.5309,1.52849916,2.9574132000000004,4.1943158700000005,5.1605415400000005,-0.791397392,-1.5478317596,-0.115710784,-0.3305672043,0.5107061640000001,-0.3413786296,0.0803075643999999,-0.0773297265
13,GLY,0.207,0.1144911504424778,0.6332099999999999,1.0057699999999998,0.5952300000000001,0,0.0,1,0.0588235294117647,0.4556,0.0,1.0,0.5062,1.38880689,2.68285501,3.794501050000001,4.64975467,-1.1778980705400004,-2.2786545564,-0.20796858204,-0.5883562372500001,0.6670633519999999,-0.3082347908,0.1112538279999999,-0.06512961328
14,ASN,0.412,0.1685071574642127,1.91732,1.5296900000000002,0.5033099999999997,0,0.0,1,0.0769230769230769,0.1111,0.3976,0.6747,0.8272,2.088621,4.066326600000001,5.82899304,7.2856014,-1.0105963799299995,-1.96734299712,-0.1597349141159999,-0.4539407191099999,0.9053802140000003,-1.0400921657200002,0.1250767394,-0.20097580314
15,ALA,0.409,0.1875286565795506,0.96111,1.00086,0.7711399999999999,2,0.125,2,0.125,0.7,0.1645,0.249,0.3951,2.22798677,4.338405679999999,6.22091107,7.779090729999998,-0.8847067737,-1.723743969,-0.1381495945999999,-0.3930066398,0.8262726499999996,-1.7166808839999996,0.1198274868,-0.3550344264
16,ALA,0.848,0.3888124713434204,1.23833,0.83802,0.4949800000000002,2,0.181818181818182,1,0.0909090909090909,0.7,0.1645,0.249,0.3951,1.5307859,2.9752598600000004,4.25283298,5.293928559999999,-0.8286013681049998,-1.6087808259,-0.137636227115,-0.3904152930859999,1.4117079160000008,-1.415276267200001,0.2424777535,-0.3894098997999999
17,LEU,1.682,0.6328066215199398,2.51587,0.7855800000000001,0.1904199999999999,1,0.111111111111111,0,0.0,0.9222,0.663,0.2811,0.0,1.39123796,2.70176332,3.85628226,4.789927759999999,-0.8449930879999998,-1.641929745,-0.1376641561,-0.3905415839,1.1792689719999998,-1.8117806320000007,0.1780854108,-0.4083455659999998
18,ASN,0.762,0.3116564417177914,2.07083,1.18195,0.5010499999999998,5,0.208333333333333,4,0.166666666666667,0.1111,0.3976,0.6747,0.8272,1.5275004400000003,2.94963508,4.16887321,5.10273806,-1.0014304805,-1.947838148,-0.1619689836999999,-0.4603356814000001,0.82463466,-1.8704398800000004,0.1331392212,-0.4441925509999999
19,ARG,1.189,0.3546078138980018,2.88092,1.7116399999999998,0.4523600000000003,5,0.238095238095238,5,0.238095238095238,0.0,0.7346,0.9398,0.6914,1.3883641900000003,2.67934559,3.78281827,4.62260092,-0.914263285,-1.7771266271999997,-0.1501986512199999,-0.4268012122499999,1.176774944,-2.0578532480000007,0.200675736,-0.5028723216000001
20,GLY,0.956,0.5287610619469026,1.02532,0.64167,0.2103300000000001,3,0.25,3,0.25,0.4556,0.0,1.0,0.5062,1.11184156,2.15245291,3.0556803300000004,3.76512498,-0.8686498837999999,-1.6906280723,-0.1385711611,-0.3939051102000001,2.1180371379999974,-3.130934761,0.3623383997999999,-0.8148377035999997
21,GLY,0.601,0.3324115044247787,0.6429900000000001,0.91612,0.29088,3,0.25,4,0.333333333333333,0.4556,0.0,1.0,0.5062,1.25127245,2.42505551,3.44936851,4.26281435,-0.955623213,-1.8687496,-0.1389291905999999,-0.3965822053000001,1.8850479480000004,-3.970932946999999,0.3038309593999997,-0.9492522412
22,ARG,2.471,0.7369519832985386,3.63622,0.92112,-0.0391199999999999,4,0.307692307692308,4,0.307692307692308,0.0,0.7346,0.9398,0.6914,1.11186846,2.15269086,3.0565592500000003,3.76743386,-0.7575612072000001,-1.4704093604,-0.12588835378,-0.3568467646,3.0171640719999995,-3.992971505999997,0.5386598281000001,-1.1001553294000008
23,TYR,0.719,0.2109741784037558,2.9951100000000004,1.98966,0.6993400000000001,4,0.285714285714286,5,0.357142857142857,0.3556,0.8063,0.502,0.1605,1.66923318,3.24013761,4.621023110000001,5.73297415,-0.8337199597,-1.6290694345000003,-0.12337762573,-0.351945403,0.9420890609999996,-1.9828247750000003,0.1535326803,-0.501579301
24,VAL,1.037,0.4258726899383983,1.75567,1.03025,0.36775,0,0.0,3,0.333333333333333,0.9667,0.4924,0.3655,0.1235,1.39158645,2.70445526,3.8650107300000007,4.80951965,-0.55284492386,-1.0753505816800002,-0.08961681187,-0.25474389633,2.629319273999997,-0.9578205667199996,0.4351655324000003,-0.2468152579200001
25,PRO,0.686,0.3076233183856502,1.70062,1.26205,0.2819500000000001,0,0.0,2,0.4,0.3222,0.3764,0.8594,0.3827,1.11332691,2.16408859,3.09398166,3.85288792,-1.20612030514,-2.3505889289,-0.186484688653,-0.53040287652,1.533947108000001,-2.664142724,0.2256794275999998,-0.5885736007000001
26,PRO,1.535,0.6883408071748879,1.84466,0.69778,-0.0027799999999998,0,0.0,1,0.25,0.3222,0.3764,0.8594,0.3827,0.6945567,1.34266934,1.90147709,2.33497947,-1.1778939819799998,-2.2854423946,-0.19715800549,-0.5587515752200001,2.627141033999997,-6.192930303399995,0.4531796703999996,-1.65763147488
27,HIS,1.676,0.6061482820976491,3.07872,1.1191,-0.0300999999999997,0,0.0,1,0.2,0.1444,0.561,0.1124,0.679,0.83366091,1.61267414,2.28648048,2.81235986,-1.0828602857,-2.1069134965999994,-0.1742561462499999,-0.4953909178199999,3.337757061,-6.781448148000002,0.5359017708000003,-1.5974386641999994
28,LEU,1.716,0.6455981941309256,2.37916,0.84816,0.0938399999999999,0,0.0,0,0.0,0.9222,0.663,0.2811,0.0,0.97378054,1.89060879,2.69749936,3.34908105,-0.8005591550000001,-1.5577178440000004,-0.1273839969,-0.361787921,4.555765349000005,-9.271491466,0.7267567762999999,-2.233816076400004
29,ARG,1.494,0.4455711303310468,3.43375,1.4267199999999998,0.4322800000000004,0,0.0,1,0.0909090909090909,0.0,0.7346,0.9398,0.6914,0.9717939800000002,1.87511795,2.64675207,3.23354606,-0.6189259745,-1.1961648455000002,-0.111054177,-0.314001102,5.758315760999985,-10.39280248549999,1.0435078849999997,-2.7677805765000048
30,GLY,0.642,0.3550884955752212,0.77345,0.8406100000000001,0.3253899999999998,0,0.0,1,0.0769230769230769,0.4556,0.0,1.0,0.5062,1.25113055,2.42399551,3.4460495799999995,4.25572003,-0.6715014921,-1.3123367713,-0.09891505247,-0.2822008246,5.149405021999994,-7.088311925900013,0.7845359405999985,-1.6404598244000013
31,GLY,0.759,0.4198008849557522,0.93626,0.78619,0.2628099999999999,0,0.0,1,0.142857142857143,0.4556,0.0,1.0,0.5062,0.83410071,1.6160268099999997,2.29720705,2.8360054100000003,-0.584867974,-1.1364201050000002,-0.0961155231,-0.2728663582,5.804574067999979,-10.674826018000012,0.9936096580000008,-2.6235206495
32,ASP,1.44,0.5371130175307721,2.60647,0.6632199999999999,0.5777800000000002,0,0.0,0,0.0,0.1111,0.3239,0.8675,1.0,1.1823062835,2.294595575,3.271654264,4.057502798,-0.8008054362800001,-1.5569443733940005,-0.12990636940515,-0.3688851931997,3.442285280749997,-5.108623291801001,0.5659442168700001,-1.2728997706755003
33,GLY,0.645,0.3567477876106195,0.92704,0.745,0.418,0,0.0,0,0.0,0.4556,0.0,1.0,0.5062,0.9735031,1.88833649,2.68968638,3.3301740100000004,-0.4808839504,-0.9354702032,-0.0778464636699999,-0.22131777,3.965732857999997,-5.528578191100002,0.6477462152000009,-1.3153100897199987
34,GLY,0.236,0.1305309734513274,0.7158100000000001,1.02181,0.55019,0,0.0,1,0.0769230769230769,0.4556,0.0,1.0,0.5062,1.11047296,2.14190257,3.02153214,3.68864197,-0.5327776921999999,-1.0333619894,-0.0899519374399999,-0.2549152203499999,4.194584831999999,-6.4258979940000005,0.7292748925000011,-1.6845684696200005
35,ALA,1.055,0.4837230628152223,1.25697,0.8586800000000001,0.26732,0,0.0,0,0.0,0.7,0.1645,0.249,0.3951,1.2518446100000002,2.4294813,3.46374066,4.295144789999999,-0.57024621015,-1.1060621727,-0.09563808755,-0.2708648792999999,3.4163397909999955,-3.1382251264,0.5483786339000001,-0.8254268211000002
36,ALA,0.803,0.3681797340669417,1.34448,0.75464,0.6233600000000001,0,0.0,0,0.0,0.7,0.1645,0.249,0.3951,1.39161916,2.7047259,3.86594967,4.81181766,-1.1595394412000004,-2.2575239710000004,-0.18481285075,-0.5257502532300001,3.3029996450000003,-3.3832150510000023,0.4943243757000001,-0.79996437457
37,ALA,1.173,0.5378266850068776,1.31109,0.71804,0.28996,0,0.0,0,0.0,0.7,0.1645,0.249,0.3951,0.9738001,1.89076594,2.6980308300000004,3.35034269,-1.2066536162,-2.3399665756000005,-0.20392585999,-0.57769361846,4.785328657999997,-5.821274073200003,0.8097275100000004,-1.5106648428799985
38,ALA,0.986,0.4520861989912884,1.26232,0.89559,0.29941,0,0.0,0,0.0,0.7,0.1645,0.249,0.3951,1.53161143,2.9816875199999995,4.27385275,5.3416676700000005,-0.82619184797,-1.6065157653000002,-0.13261357149,-0.376325337514,3.026503688999999,-4.260895092599995,0.4592502342999998,-0.933315141800001
39,ALA,0.352,0.1613938560293443,1.2202,1.19073,0.6382700000000001,1,0.0526315789473684,0,0.0,0.7,0.1645,0.249,0.3951,2.22720031,4.332249620000001,6.20066162,7.73273327,-0.690119822,-1.3434901145999998,-0.1105021559699999,-0.3144174331,2.0805218349999985,-3.5628915330000006,0.3425600251,-0.8357265678999996
40,SER,0.617,0.283547794117647,1.4534,1.0883000000000005,0.4706999999999997,0,0.0,0,0.0,0.4111,0.1877,0.8514,0.5309,1.80974028,3.52110146,5.04199233,6.29243195,-1.0686137158000002,-2.0766403896,-0.17569763195,-0.4989596346099998,3.143694394000001,-4.539901668399999,0.4865940842,-1.096248974319999
41,ALA,0.926,0.4245758826226501,1.32696,0.74085,0.5141499999999999,1,0.166666666666667,0,0.0,0.7,0.1645,0.249,0.3951,1.11440883,2.17241687,3.12089374,3.91302817,-0.9937865445000004,-1.930547817,-0.16310591425,-0.46272136614,5.1430936989999925,-4.7329588188,0.8370666060000019,-1.301175054700001
42,GLY,0.763,0.4220132743362831,0.73617,0.7416400000000001,0.3033599999999998,0,0.0,1,1.0,0.4556,0.0,1.0,0.5062,0.4168864999999999,0.8067789699999999,1.14470478,1.40956632,-0.200440626,-0.388894707,-0.0337825338,-0.095800712,0.4314284040000001,-0.7790583689999999,0.0734325909999999,-0.197824322
43,GLY,0.968,0.5353982300884955,1.02422,0.5986400000000001,0.24136,0,0.0,1,0.5,0.4556,0.0,1.0,0.5062,0.55519445,1.0706574599999998,1.50991739,1.84273204,-0.241219084,-0.469251285,-0.0383242321999999,-0.1087681084999999,0.471137982,-1.1355034749999997,0.0757445666999999,-0.2749121340000001
44,ASP,1.093,0.4076837001118985,2.33873,0.98148,0.6065200000000001,0,0.0,1,0.25,0.1111,0.3239,0.8675,1.0,0.6939274099999999,1.33775079,1.88532602,2.29809299,-0.334483787,-0.65306449,-0.0507226115,-0.144704094,0.15686,-0.36483326,0.027475152,-0.093558352
45,ASP,1.34,0.4998135024244685,2.20721,0.8480700000000001,0.4929299999999998,0,0.0,0,0.0,0.1111,0.3239,0.8675,1.0,0.69442951,1.34167293,1.89819722,2.32746464,-0.36229748,-0.7004075200000001,-0.064661667,-0.182850064,0.155910656,-0.4358763,0.034090068,-0.140059882
46,ARG,2.307,0.6880405606919177,3.83626,1.05777,-0.0117699999999998,0,0.0,0,0.0,0.0,0.7346,0.9398,0.6914,0.83398598,1.61521807,2.29484466,2.83149544,-0.473536609,-0.916026093,-0.0832232529,-0.2353093427,1.7112277201176465,-2.5100211411176474,0.2782319966470589,-0.6280489629347058
47,ARG,2.222,0.6626901282433642,3.8139,0.98689,0.1441100000000001,0,0.0,1,0.142857142857143,0.0,0.7346,0.9398,0.6914,0.97326554,1.88657821,2.68424542,3.31875359,-0.2806032835,-0.5458331030000001,-0.0450814837999999,-0.1280541975,1.6624908343954243,-2.6406935207843136,0.2765266684415033,-0.6725273014585946
48,GLY,0.577,0.3191371681415929,0.7422799999999999,0.8250000000000001,0.406,1,0.125,1,0.125,0.4556,0.0,1.0,0.5062,0.83328318,1.60974196,2.2769209900000003,2.79073906,-0.3003576616,-0.5795114507,-0.05508019594,-0.15548691318,1.5678997999743711,-2.513380469963261,0.2573328674730823,-0.6378352440806999
49,GLY,0.982,0.5431415929203539,1.03158,0.66035,0.16565,1,0.142857142857143,1,0.142857142857143,0.4556,0.0,1.0,0.5062,0.6942278,1.34009801,1.89303142,2.3156841900000003,-0.5209749924999999,-1.0121834914,-0.08585229614,-0.2437342065,1.5658327867243715,-2.440607365333261,0.2579493882630824,-0.6231386008806999
50,ALA,1.006,0.4612563044475011,1.21927,0.8596699999999999,0.3153300000000001,2,0.333333333333333,0,0.0,0.7,0.1645,0.249,0.3951,0.8337439099999999,1.61334608,2.28876652,2.81782404,-0.397372146,-0.770715943,-0.0669235253,-0.189598045,0.078115806,-0.193735205,0.015974423,-0.057684194
51,GLY,0.809,0.4474557522123894,1.06114,0.71329,0.28571,2,0.285714285714286,0,0.0,0.4556,0.0,1.0,0.5062,0.9729068,1.88377058,2.67501273,3.2976270600000004,-0.2466386319999999,-0.482669536,-0.0355781738999999,-0.1016917139999999,0.07853118,-0.13192887,0.0128991045,-0.032100362
52,GLY,0.802,0.4435840707964602,0.92535,0.7681100000000001,0.2378899999999999,2,0.5,0,0.0,0.4556,0.0,1.0,0.5062,0.6946778,1.34361961,1.90461079,2.34217746,-0.2316668113,-0.447864948,-0.04069008482,-0.1148773439999999,0.313743082,-0.554694906,0.0532512825,-0.147305055
53,GLY,0.838,0.4634955752212389,0.90607,0.78685,0.18315,1,0.333333333333333,0,0.0,0.4556,0.0,1.0,0.5062,0.55514001,1.07023924,1.50856992,1.83973452,-0.1196298537,-0.2323176549999999,-0.02003883472,-0.0569210508,0.4315201360000001,-0.2463231169999999,0.072410355,-0.0623149087199999
54,GLY,0.935,0.5171460176991151,0.44919,0.55413,0.31887,1,0.5,0,0.0,0.4556,0.0,1.0,0.5062,0.41688493,0.8067550699999999,1.14458562,1.40916851,-0.130158006,-0.253515794,-0.0204751911,-0.0582376708,0.470692492,-0.2138697359999999,0.0802391136,-0.0594019654999999
55,TYR,2.091,0.6135563380281691,4.4148000000000005,0.79279,0.5242099999999997,1,1.0,1,1.0,0.3556,0.8063,0.502,0.1605,0.2774006599999999,0.53378517,0.74986435,0.90965158,-0.2277997709999999,-0.438045315,-0.0437200699,-0.123107334,2.582358504000002,-7.184956500000002,0.491309907,-2.022130524
56,ARG,2.627,0.7834774828511779,3.90479,0.79411,-0.0681099999999995,1,0.333333333333333,1,0.333333333333333,0.0,0.7346,0.9398,0.6914,0.55515583,1.07034626,1.5088620600000002,1.84021862,-0.3099106894,-0.6060042200000001,-0.04562948096,-0.1303610623,2.4384310799999995,-5.128443423999996,0.3635945443999998,-1.1124457144999995
57,ARG,2.052,0.611989263346257,3.83834,1.17086,0.1301400000000001,1,0.25,1,0.25,0.0,0.7346,0.9398,0.6914,0.554696,1.06674916,1.49703933,1.81318325,-0.373603795,-0.7203506390000001,-0.0694327628,-0.1959945169999999,2.425735701999999,-5.7353178850000015,0.4636284680000004,-1.6005744679999994
58,GLY,0.929,0.5138274336283186,0.90749,0.76077,0.11823,0,0.0,0,0.0,0.4556,0.0,1.0,0.5062,0.8342640200000001,1.61738642,2.30194773,2.8476651200000003,-0.8562348168,-1.6624856002,-0.14139144035,-0.4008451845,2.9880990039999955,-3.402326107600001,0.4450452916000001,-0.8515157526999996
59,GLY,0.528,0.2920353982300885,0.93215,0.8714200000000001,0.4085799999999999,0,0.0,0,0.0,0.4556,0.0,1.0,0.5062,1.11304917,2.16188825,3.08664977,3.83581382,-1.210711026,-2.360217783799999,-0.1869368011399999,-0.5319886636000001,2.985163423999999,-2.805432999999999,0.4715806501000004,-0.6393822778000006
60,GLY,0.405,0.224004424778761,0.81124,0.90825,0.49475,0,0.0,0,0.0,0.4556,0.0,1.0,0.5062,1.6712255900000004,3.2556463199999994,4.671729180000001,5.84810785,-1.6572911463399995,-3.2233236396,-0.267984075918,-0.76141184292,1.9681054580000013,-2.7943107139,0.2776416445,-0.5729593685000002
61,ASN,0.396,0.1619631901840491,2.20847,1.4913500000000002,0.5576499999999998,1,0.0833333333333333,0,0.0,0.1111,0.3976,0.6747,0.8272,1.6713074100000005,3.256312769999999,4.67401554,5.853633379999999,-1.414854843,-2.741061271000001,-0.24368295996,-0.6900396587,1.9635023859999992,-1.6510139210000014,0.3131610334999999,-0.4213571062999999
62,SER,0.821,0.377297794117647,1.45125,1.06081,0.2941900000000002,2,0.125,0,0.0,0.4111,0.1877,0.8514,0.5309,1.8090136100000005,3.5154604499999995,5.023598720000001,6.25081701,-0.8595596864900001,-1.66000711936,-0.154680041637,-0.4367433159339999,2.902201390000001,-4.094560132399999,0.4959390547,-1.06770599358
63,GLY,0.376,0.2079646017699115,0.8777200000000001,0.99966,0.4323399999999999,7,0.233333333333333,0,0.0,0.4556,0.0,1.0,0.5062,2.08743034,4.05699608,5.7982669200000005,7.21515744,-0.7380416834799999,-1.433960409,-0.1212321550219999,-0.34410381843,3.2176080680000005,-4.527524889000003,0.5395902112000002,-1.2082661835500004
64,GLY,0.337,0.1863938053097345,0.76069,0.94814,0.5228600000000001,5,0.2,0,0.0,0.4556,0.0,1.0,0.5062,1.38963398,2.68923896,3.815195960000001,4.6962117800000005,-0.7590205582,-1.4742148847000005,-0.12506185836,-0.3547556456,4.979938378000004,-5.625111955000001,0.8614381355000013,-1.4050383955000012
65,GLY,0.837,0.4629424778761061,0.90162,0.74065,0.23035,1,0.0625,0,0.0,0.4556,0.0,1.0,0.5062,1.53113249,2.97795995,4.261670420000001,5.314024829999999,-0.9597019406,-1.8763347568,-0.1399559736199999,-0.3993692400099999,5.037578796000004,-8.595139867200018,0.7116152679999994,-1.8172450265699995
66,GLY,0.927,0.5127212389380531,1.00907,0.6084499999999999,0.27255,1,0.0833333333333333,0,0.0,0.4556,0.0,1.0,0.5062,1.39179868,2.70613564,3.87060339,4.822521369999999,-0.9191208615,-1.795475198,-0.13654618616,-0.3893656523,5.700527356,-9.125665063,0.8563201310999994,-1.9750990533
67,GLY,0.85,0.4701327433628318,0.96158,0.71783,0.2401700000000001,1,0.05,0,0.0,0.4556,0.0,1.0,0.5062,1.6701354,3.2471102499999995,4.643646449999999,5.78380863,-0.9287825702,-1.8162995967,-0.13641686705,-0.3897421578,4.406557573999998,-7.903649716199995,0.6403553957000009,-1.6897087404000006
68,GLY,0.549,0.3036504424778761,0.74786,0.94893,0.3100699999999998,2,0.105263157894737,0,0.0,0.4556,0.0,1.0,0.5062,1.11083637,2.14464707,3.03022282,3.70751816,-0.7658074657599999,-1.4845492132600004,-0.130311299046,-0.3691103478899999,5.646114569000001,-6.541883536520002,0.9807275598999992,-1.6157490155799978
69,GLY,0.789,0.4363938053097345,0.9112,0.7693399999999999,0.2496600000000002,3,0.230769230769231,0,0.0,0.4556,0.0,1.0,0.5062,1.2518664900000005,2.42965634,3.4643295200000006,4.296532449999999,-0.7722851840999999,-1.5012739294999995,-0.1256178027,-0.35667690476,5.461741027,-5.3033045900000015,0.8499624524999994,-1.2973083657000002
70,TYR,1.13,0.3315727699530516,3.61062,1.67457,0.6034300000000001,5,0.357142857142857,0,0.0,0.3556,0.8063,0.502,0.1605,1.5305337800000005,2.97327097,4.24623897,5.27867432,-0.9526269278000002,-1.8531164425,-0.153195502056,-0.4352595526999999,4.248461041999997,-4.155842645199998,0.6183509736999994,-0.9227561515899996
71,ASP,1.326,0.494591570309586,2.21741,0.7700899999999999,0.58491,0,0.0,0,0.0,0.1111,0.3239,0.8675,1.0,0.97362249,1.88937029,2.69342113,3.33973252,-1.0707279987999998,-2.0728001262,-0.18553499281,-0.5247459331000001,4.511823021999999,-4.277260831,0.7543355567999996,-1.0933940849
72,ARG,1.41,0.4205189382642409,3.46236,1.59205,0.3509500000000003,0,0.0,0,0.0,0.0,0.7346,0.9398,0.6914,1.11311085,2.16239478,3.08840064,3.84008288,-0.99922830793,-1.9514188933500003,-0.149009260964,-0.4247463536900001,3.581451581999997,-4.1337898276,0.5055116764000003,-0.85994602556
73,GLY,0.998,0.5519911504424778,0.96487,0.6837099999999999,0.1262900000000001,0,0.0,0,0.0,0.4556,0.0,1.0,0.5062,0.69440146,1.34145205,1.8974659300000003,2.32577569,-0.6042984873,-1.1696734523,-0.10527672912,-0.2978140835,3.6094984180000025,-7.225233250299997,0.6036058079000011,-1.8237879311
74,TYR,1.69,0.4958920187793427,3.85346,1.27959,0.4384099999999999,0,0.0,1,0.166666666666667,0.3556,0.8063,0.502,0.1605,0.83371663,1.6131261,2.28802228,2.8160594100000003,-0.5217677855,-1.018681203,-0.0786305991,-0.2241906434,3.616840666000002,-5.013205144999997,0.5477534136000003,-1.1388688696
75,ASN,1.125,0.4601226993865031,2.20828,1.04282,0.2771799999999997,0,0.0,1,0.2,0.1111,0.3976,0.6747,0.8272,0.69411478,1.33920675,1.89007679,2.3088498900000003,-0.417888041,-0.8083304769999999,-0.0738092813,-0.208768716,4.148951531999997,-4.714646746,0.7781376529000005,-1.364667966599999
76,ASP,0.401,0.1495710555762775,1.97191,1.33382,0.9461800000000002,0,0.0,1,0.166666666666667,0.1111,0.3239,0.8675,1.0,1.11319567,2.16305182,3.0905379700000006,3.844901449999999,-0.8834050045000001,-1.7274029440000005,-0.1289576568,-0.3681394945999999,2.749769586000003,-4.611216011999998,0.4356247509999996,-1.1140606854
77,ASN,1.086,0.4441717791411043,2.30664,1.07272,0.2862799999999998,0,0.0,0,0.0,0.1111,0.3976,0.6747,0.8272,0.9737518,1.89039361,2.69682669,3.347650399999999,-1.3043668040999996,-2.5384728174,-0.20722399734,-0.5887286647000001,3.133992710999998,-5.2013344079999975,0.5601916479000006,-1.4493017412799998
78,ARG,1.683,0.5019385624813599,3.71788,1.4298100000000002,0.2401899999999999,0,0.0,0,0.0,0.0,0.7346,0.9398,0.6914,1.11337004,2.16440018,3.0949133,3.8547323,-1.6321516170000003,-3.1718898659999994,-0.2658284595,-0.7542917268999998,3.375625160999998,-4.733541972999998,0.5537182208,-1.1423696952999998
79,ASP,0.744,0.2775083923908989,2.09654,1.16494,0.77206,0,0.0,0,0.0,0.1111,0.3239,0.8675,1.0,1.25253508,2.43489659,3.48158772,4.33610289,-1.1290878836,-2.201971410500001,-0.1732570776699999,-0.4932991486400001,3.803900862999997,-6.795976019999994,0.6512232216999999,-1.6712906002000014
80,ASP,1.142,0.4259604625139873,2.4407300000000003,0.98182,0.5571800000000001,0,0.0,0,0.0,0.1111,0.3239,0.8675,1.0,1.11150364,2.14981532,3.04703174,3.74541084,-1.1705977975,-2.276354089,-0.1906822098,-0.5419394552999999,3.179893808999996,-6.851960317000001,0.5222908837000003,-1.7115890526000006
81,ARG,1.515,0.4518341783477482,3.31418,1.49358,0.3444200000000004,0,0.0,1,0.0526315789473684,0.0,0.7346,0.9398,0.6914,1.24900511,2.40741208,3.3916963900000003,4.13190053,-0.9086097256,-1.7546386407,-0.1647501818299999,-0.4655505261999999,3.296517783000004,-7.144460258999999,0.5476143922999993,-1.7395037693000002
82,ASP,1.552,0.5788884744498322,2.49974,0.75349,0.37551,0,0.0,0,0.0,0.1111,0.3239,0.8675,1.0,1.1115265,2.14999749,3.04764266,3.74684583,-0.8855212556000002,-1.7197810620000007,-0.1478386830999999,-0.4198560819,3.412459437999996,-6.760443661000007,0.5834477940999993,-1.6735169067999984
83,ASN,1.271,0.5198364008179959,2.36127,0.94064,0.2333599999999999,0,0.0,0,0.0,0.1111,0.3976,0.6747,0.8272,0.97255566,1.88104917,2.6661566000000003,3.27764675,-0.9187582448,-1.7785020475,-0.1598244338399999,-0.4521557369,3.295262682000003,-6.422510994999998,0.5578057228000001,-1.5375370764999998
84,ARG,1.817,0.5419027736355502,3.60458,1.1546800000000002,0.3813200000000001,0,0.0,1,0.0769230769230769,0.0,0.7346,0.9398,0.6914,1.80964444,3.52035745,5.03957085,6.28697138,-0.5094738259000001,-0.9899547478,-0.0831723170399999,-0.23598662105,4.209205757999999,-6.473729302000006,0.6120055843999999,-1.423079823800002
85,GLY,0.63,0.3484513274336283,0.8608899999999999,0.83103,0.3469699999999999,0,0.0,1,0.0476190476190476,0.4556,0.0,1.0,0.5062,1.94802868,3.78467248,5.40566816,6.72048582,-0.19580989426,-0.3822155804499999,-0.02963954906,-0.08448762171,3.967191725999992,-3.751216257999989,0.6280272849999988,-0.8570091076200004
86,GLY,0.133,0.0735619469026548,0.84828,1.03414,0.64086,0,0.0,1,0.0588235294117647,0.4556,0.0,1.0,0.5062,1.66886406,3.23723798,4.61145135,5.71096103,-0.2603226461,-0.505186295,-0.04321869286,-0.1224385055,3.8109596750000017,-3.7011593575,0.5949216824000001,-0.8763196038000007
87,SER,1.035,0.4756433823529411,1.45238,0.7407600000000001,0.4002400000000001,0,0.0,0,0.0,0.4111,0.1877,0.8514,0.5309,1.1128546300000002,2.16036515,3.08164029,3.8243473999999993,-0.54369769259,-1.0541025710499998,-0.092603291054,-0.262383282939,4.439222911000009,-3.657408197050003,0.6980987548999994,-0.9476173508250008
88,GLY,0.874,0.4834070796460177,0.90117,0.7185400000000001,0.2154599999999999,0,0.0,0,0.0,0.4556,0.0,1.0,0.5062,0.6941935600000001,1.33983209,1.89216351,2.31371768,-0.81530298,-1.5749508905,-0.14705241985,-0.4155664226,3.7265761559999984,-5.129441485499999,0.6330473646000002,-1.3563196209000004
89,GLY,0.438,0.2422566371681415,0.9121,0.97058,0.3994200000000001,0,0.0,2,0.153846153846154,0.4556,0.0,1.0,0.5062,0.97240755,1.87985459,2.66210626,3.2680053,-0.7098720552999999,-1.3798016039999998,-0.1173987745,-0.3337814635,4.080644056000004,-4.534685480999996,0.6908783329000018,-1.1027916091999994
90,TYR,2.429,0.7127347417840375,3.97214,0.86041,0.11859,0,0.0,2,0.166666666666667,0.3556,0.8063,0.502,0.1605,1.25181707,2.42927877,3.4631198,4.29386161,-0.7314452507999999,-1.4233256763,-0.1180369957799999,-0.3357690095999999,4.010562724000001,-4.6160771963,0.6031721697000001,-1.1317436594999994
91,GLY,0.783,0.433075221238938,0.8667900000000001,0.7331300000000001,0.2918699999999998,0,0.0,1,0.2,0.4556,0.0,1.0,0.5062,0.8340480800000001,1.6156916,2.29635876,2.8348275,-0.9855206138,-1.912640827,-0.1645285966999999,-0.4664156624000001,3.4939928600000014,-6.231696449799996,0.5664976838999993,-1.604932221399998
92,ARG,1.602,0.4777810915597972,3.4779500000000003,1.57076,0.1802400000000001,0,0.0,3,0.272727272727273,0.0,0.7346,0.9398,0.6914,1.25191846,2.43005801,3.46563124,4.299451449999999,-1.01334687751,-1.98037680612,-0.150736075866,-0.4303637428010001,4.716058990999995,-9.937172791819991,0.7285265315000018,-2.197131241645001
93,ASP,1.348,0.5027974636329728,2.24237,0.92238,0.41062,0,0.0,1,0.2,0.1111,0.3239,0.8675,1.0,1.11307703,2.16213284,3.08754836,3.83815969,-1.1848128364,-2.3070736792,-0.1860256891499999,-0.5286731048000001,4.397262533999989,-11.645179068399996,0.7100007613999982,-2.7857881426999973
94,ARG,1.868,0.5571130331046824,3.64751,1.27092,0.21408,0,0.0,0,0.0,0.0,0.7346,0.9398,0.6914,0.8342640499999999,1.6173861099999998,2.30194489,2.84765332,-1.1280784360999998,-2.1884706236,-0.18924468824,-0.5362378198300001,4.434244150000005,-7.303870151399999,0.7340161990999996,-1.857224044
95,ASN,1.127,0.4609406952965235,2.31262,1.14556,0.1724399999999999,0,0.0,1,0.142857142857143,0.1111,0.3976,0.6747,0.8272,1.25238373,2.43370592,3.4776507200000006,4.32702794,-1.3553077361,-2.64686631125,-0.20311927376,-0.57925017071,6.4085918199999865,-11.807763691479996,0.9616786500999972,-2.5662147523000045
96,TYR,1.277,0.374706572769953,3.4728,1.76506,0.3659400000000001,3,0.375,1,0.125,0.3556,0.8063,0.502,0.1605,1.25220489,2.43229812,3.47299452,4.316292150000001,-1.1673023562000002,-2.2706568401,-0.1881078886799999,-0.5345007848500001,7.930989473999983,-8.093307594000024,1.2825061320999989,-2.0426465475500004
97,GLU,1.283,0.4703079178885629,2.98236,1.1058500000000002,0.33915,1,0.125,1,0.125,0.1111,0.4884,0.8112,0.9136,1.39250039,2.71162779,3.8886657899999992,4.86386029,-1.6204534494,-3.168221278399999,-0.23656980626,-0.67511073004,4.483770930000003,-4.961551311499999,0.6544380658000013,-1.1562032133800004
98,ASP,1.301,0.48526669153301,2.57403,0.7061,0.6739000000000002,1,0.125,1,0.125,0.1111,0.3239,0.8675,1.0,1.39191346,2.7070127,3.87341427,4.82872944,-1.94938136663,-3.81414919764,-0.283056290567,-0.8090405834300002,4.681284922000001,-8.071161238959995,0.6873952562999999,-1.7333944139440016
99,ARG,1.129,0.3367133909931404,3.40557,1.6962000000000002,0.5278,1,0.0909090909090909,0,0.0,0.0,0.7346,0.9398,0.6914,1.25228469,2.43294396,3.47519138,4.32154285,-1.86068663825,-3.627845921199999,-0.2867212185999999,-0.8161853378799999,6.284017696999979,-8.252846126600005,0.9963197604999998,-1.9798929685900029
100,GLY,0.734,0.4059734513274336,0.96313,0.74581,0.3281900000000001,1,0.0833333333333333,0,0.0,0.4556,0.0,1.0,0.5062,1.5320668200000005,2.9852462500000003,4.28553833,5.3683572,-1.6080281603600002,-3.1383405517600007,-0.2427294546059999,-0.6914482753600002,4.5983283409999975,-5.008953424400004,0.7026664629999997,-1.166537843199999
101,TYR,0.433,0.1270539906103286,3.03356,2.09914,0.8758600000000003,4,0.19047619047619,0,0.0,0.3556,0.8063,0.502,0.1605,2.08830017,4.06380664,5.82067176,7.26645069,-1.7093018586600004,-3.335054565400001,-0.26181747196,-0.7462564104500001,3.931099999999999,-4.6620153661,0.5979668402000001,-1.0145469499400002
102,ASN,0.655,0.2678936605316974,1.93677,1.39942,0.3905799999999997,3,0.176470588235294,1,0.0588235294117647,0.1111,0.3976,0.6747,0.8272,2.22840153,4.341618140000001,6.23135467,7.802618129999999,-1.5107349510600003,-2.9461673332,-0.23130506976,-0.6584027205400002,4.562297203000001,-4.032687452000002,0.6696712047000005,-0.8868238099000008
103,GLY,0.159,0.0879424778761061,0.7173900000000001,0.98232,0.66668,1,0.0434782608695652,0,0.0,0.4556,0.0,1.0,0.5062,2.22741819,4.333897379999999,6.20588103,7.744068840000001,-2.0002845796,-3.8998521581,-0.309547441544,-0.8813589466999998,4.949572903,-7.250701486599994,0.7827921217999999,-1.718266280679999
104,GLY,0.271,0.1498893805309734,0.88347,0.9101,0.6268999999999999,0,0.0,0,0.0,0.4556,0.0,1.0,0.5062,1.80745454,3.5032764,4.98359474,6.159467810000001,-2.1566108716000003,-4.2036549966,-0.33551020825,-0.9551924484000002,5.6560199440000165,-9.202391411799995,0.898587512000001,-2.1287983445999985
105,GLY,0.672,0.3716814159292035,0.85698,0.73362,0.40238,0,0.0,0,0.0,0.4556,0.0,1.0,0.5062,1.25185409,2.42955104,3.4639549800000005,4.29558828,-1.6949790339600002,-3.2937536343,-0.2781403782699999,-0.7897041384500002,6.43900792899999,-9.870300441799998,1.0457747595000024,-2.405949752599998
106,GLY,0.737,0.4076327433628318,0.96616,0.75403,0.3169700000000002,0,0.0,0,0.0,0.4556,0.0,1.0,0.5062,1.11311684,2.16242703,3.08845498,3.840048550000001,-1.4439457379100005,-2.806608374710001,-0.2350308507479999,-0.6671681329700002,7.107046529999998,-8.979173905080007,1.141054772899999,-2.1782283057100047
107,GLY,0.373,0.2063053097345132,0.8969199999999999,0.94106,0.49394,0,0.0,1,0.0454545454545455,0.4556,0.0,1.0,0.5062,1.94910283,3.79306545,5.43322268,6.78340455,-1.9363309451,-3.783997851,-0.28798044825,-0.8221363248999998,7.000437851000005,-14.832640655999986,1.0418271252,-3.231142597799997
108,GLY,0.538,0.2975663716814159,0.95788,0.92563,0.34437,0,0.0,0,0.0,0.4556,0.0,1.0,0.5062,1.39164843,2.70492925,3.86652933,4.81287034,-1.5996733304999995,-3.1163161950000013,-0.25192734414,-0.7169698071299999,10.647474959999997,-16.509542687699998,1.6690627370999962,-3.8925630548400014
109,GLY,0.772,0.4269911504424779,0.9401,0.71828,0.31772,0,0.0,0,0.0,0.4556,0.0,1.0,0.5062,0.97361888,1.88935534,2.69341912,3.33987317,-1.6429661316999995,-3.200663457,-0.2572009258,-0.7316035521,8.330877350999996,-16.434774839000006,1.2861926725000026,-3.877786724699998
110,ASN,1.505,0.6155419222903885,2.41757,0.92429,0.01571,0,0.0,0,0.0,0.1111,0.3976,0.6747,0.8272,0.97397439,1.89213697,2.70256283,3.3607864,-1.609237318,-3.139384905900001,-0.2444423933999999,-0.6959404033500001,7.939743451999972,-15.627862722900028,1.2059822402000018,-3.464261881100005
111,ARG,1.093,0.3259767372502236,3.36046,1.73788,0.5221200000000001,3,0.214285714285714,0,0.0,0.0,0.7346,0.9398,0.6914,1.53111795,2.97781263,4.26106748,5.312281319999999,-1.3640111494000002,-2.6531493962899995,-0.220022595041,-0.6251737646650001,9.671138677999997,-12.724173724799996,1.4592972317,-2.971392407709996
112,GLY,0.284,0.1570796460176991,0.82991,0.97856,0.54544,3,0.2,0,0.0,0.4556,0.0,1.0,0.5062,1.9499656,3.79980891,5.45536703,6.83398159,-1.2719190495,-2.4739708022,-0.20351366261,-0.57776587477,9.349674237999965,-9.909632013599984,1.465543637699997,-2.489879959340001
113,TYR,0.73,0.2142018779342723,3.24529,1.97143,0.7065699999999999,1,0.0526315789473684,2,0.105263157894737,0.3556,0.8063,0.502,0.1605,2.6468963800000003,5.16084627,7.416530590000001,9.30337706,-1.2143065729000002,-2.3689709679,-0.1862205633039999,-0.53067891283,6.288046386999997,-9.871550115800009,0.9706154803000002,-2.3136355047499992
114,ASN,0.387,0.158282208588957,1.77446,1.42994,0.6280599999999998,1,0.0526315789473684,2,0.105263157894737,0.1111,0.3976,0.6747,0.8272,2.0873122900000003,4.05609445,5.7953798,7.20878868,-1.139529641,-2.2048720573,-0.2009448749399999,-0.5686987163599999,6.201811549999989,-7.377872403099991,1.0239348524000005,-1.88222123974
115,ASN,0.667,0.27280163599182,2.09536,1.20877,0.5692299999999999,0,0.0,1,0.0416666666666667,0.1111,0.3976,0.6747,0.8272,1.94730568,3.77905922,5.38736771,6.679093559999999,-1.5384851688799996,-2.983009848079999,-0.261944653365,-0.74236560162,6.124474480999998,-9.3436239476,1.0006845883999986,-2.2550342430299994
116,ASN,0.819,0.3349693251533742,2.04229,1.32974,0.2962599999999999,1,0.0555555555555556,0,0.0,0.1111,0.3976,0.6747,0.8272,1.94907335,3.79287953,5.432766150000001,6.78283168,-1.6993546084399995,-3.3144168665,-0.25997919244,-0.7402115738400001,5.6632668220000015,-7.630776867399997,0.8377842202999989,-1.6813682587799996
117,ARG,2.405,0.717268118103191,3.87812,0.8954000000000001,0.0526000000000003,0,0.0,0,0.0,0.0,0.7346,0.9398,0.6914,1.3906545900000002,2.69717755,3.84113036,4.75503162,-1.7193621137540012,-3.333483442489999,-0.293399126949,-0.8315330523050001,6.160137453999998,-7.390957788100002,1.0371244823999992,-1.8871771555000008
118,GLY,0.377,0.2085176991150442,0.8069299999999999,0.96153,0.46947,1,0.0588235294117647,0,0.0,0.4556,0.0,1.0,0.5062,1.52947384,2.9650582900000004,4.219507719999999,5.21833342,-1.5241887931999996,-2.9538709394,-0.26056253121,-0.73786838245,6.474404337999981,-8.600173636900005,1.0789021924999995,-2.254102264810003
119,GLY,0.411,0.2273230088495575,0.70011,0.99556,0.40144,2,0.133333333333333,0,0.0,0.4556,0.0,1.0,0.5062,1.53006797,2.96965049,4.234418659999999,5.251885939999999,-1.4543354843999994,-2.8332416569999994,-0.22752347244,-0.6472042489000002,7.462854886000009,-15.095080674999997,1.1843181937999976,-3.6788001757999993
120,GLY,0.874,0.4834070796460177,0.99621,0.6507499999999999,0.2832500000000001,1,0.1,0,0.0,0.4556,0.0,1.0,0.5062,1.11293693,2.16101309,3.08378543,3.82930163,-1.04369612235,-2.0369313099000004,-0.1582820401699999,-0.4510564046,7.426105554999986,-13.867347204999993,1.1575192395999958,-3.105010725500001
121,GLY,0.624,0.3451327433628318,0.8205,0.8469899999999999,0.3370100000000002,2,0.153846153846154,0,0.0,0.4556,0.0,1.0,0.5062,1.1124581400000002,2.15727663,3.0715366000000004,3.80139031,-0.99523334876,-1.9437793864,-0.1492985740829999,-0.4258893878099999,7.9420693109999805,-13.9395606902,1.1982336157000035,-3.0920809772
122,GLY,0.529,0.2925884955752212,0.8525100000000001,0.80671,0.4722899999999999,1,0.125,0,0.0,0.4556,0.0,1.0,0.5062,0.83475968,1.62115268,2.31395186,2.87398101,-1.0592590779999995,-2.0655151635,-0.1639772183499999,-0.4670944339,8.093897154000016,-15.87260193949998,1.2676794670000062,-3.5727744165
123,GLY,0.666,0.368362831858407,0.87566,0.6747000000000001,0.4672999999999998,0,0.0,0,0.0,0.4556,0.0,1.0,0.5062,0.5569731900000001,1.0843458,1.55414319,1.94155072,-0.42189294484,-0.8187890938000003,-0.071515638795,-0.20306154953,1.296336735,-2.090811758000001,0.2068864952999999,-0.5075301551500003
124,TYR,0.598,0.1754694835680751,3.87668,1.57497,1.23503,1,0.0666666666666667,0,0.0,0.3556,0.8063,0.502,0.1605,1.25290193,2.43764172,3.49019357,4.3545266,-1.09089645745,-2.1188354616,-0.1796376693205,-0.5096093739390001,8.162469311000027,-13.5927830927,1.3554288630000006,-3.490177419989003
125,ASN,1.115,0.4560327198364008,2.3596,1.13871,0.1912899999999997,0,0.0,0,0.0,0.1111,0.3976,0.6747,0.8272,1.1116409,2.15092158,3.05078366,3.75435159,-0.3383296886,-0.6649505377,-0.04397135497,-0.1261526347,0.4726189,-0.8300554910999999,0.0637835959999999,-0.1580795290999999
126,ARG,1.606,0.478974053086788,3.53355,1.77781,-0.0308099999999997,0,0.0,0,0.0,0.0,0.7346,0.9398,0.6914,1.11391567,2.16854729,3.10813519,3.88373034,-0.3906558321,-0.76468092996,-0.05631709465,-0.16105075442,0.4720309049999999,-0.92719897231,0.0697198621,-0.19488281133
127,GLN,0.207,0.072,2.10377,2.30558,0.3624200000000002,2,0.25,0,0.0,0.1111,0.5388,0.7952,0.6914,0.97471255,1.89773362,2.7203599,3.39967742,-1.0896841107999995,-2.1216133265000003,-0.17354126894,-0.4937220019500001,7.813995877,-10.502254054000003,1.2692578267000052,-2.564315167599999
128,ASP,0.821,0.3062290190227527,2.19585,1.1489,0.7111000000000001,0,0.0,0,0.0,0.1111,0.3239,0.8675,1.0,0.97372333,1.89010147,2.69563095,3.3442026200000003,-0.7801566078999999,-1.520252154,-0.1217400757599999,-0.3464328970999999,0.235096388,-0.5263171600000001,0.0421711,-0.1437480152
129,ARG,1.409,0.4202206978824933,3.39763,1.3508700000000002,0.5931299999999999,0,0.0,1,0.166666666666667,0.0,0.7346,0.9398,0.6914,0.97277065,1.88272231,2.6716258,3.29006118,-0.8120105396000001,-1.574225056,-0.13911867448,-0.3944060843999999,0.116932992,-0.132487401,0.025567551,-0.0425721025999999
130,GLY,0.787,0.435287610619469,0.86651,0.7294200000000001,0.2915799999999998,0,0.0,1,0.125,0.4556,0.0,1.0,0.5062,1.39224524,2.7096193,3.88201951,4.8485235,-0.3635421405,-0.7081852378000001,-0.05662490484,-0.1609685508599999,2.5115316628421054,-4.274237894542631,0.4011662528684216,-1.009246281740474
131,ASP,0.388,0.144722118612458,1.6804599999999998,1.5344700000000002,0.7585299999999999,0,0.0,2,0.133333333333333,0.1111,0.3239,0.8675,1.0,1.25038307,2.4180866300000003,3.4264244,4.21022785,-0.3895513173,-0.7516610507700001,-0.0711418186939999,-0.200794688754,2.1656541469921065,-3.623663377592631,0.3481576267884217,-0.8668571029654737
132,GLY,0.5,0.2765486725663716,0.82966,0.80449,0.50351,0,0.0,2,0.142857142857143,0.4556,0.0,1.0,0.5062,1.25133364,2.4254914499999995,3.45065387,4.26530197,-0.5567058770000002,-1.084343042,-0.0883472679999999,-0.2515308843,0.077955328,-0.017378774,0.017045034,-0.0055843116
133,GLY,0.385,0.2129424778761062,0.7773699999999999,0.83048,0.59252,0,0.0,1,0.0833333333333333,0.4556,0.0,1.0,0.5062,1.11161992,2.15079153,3.0504698,3.75397404,-0.5955295443999999,-1.1605181583,-0.09227963244,-0.26246390435,0.273792992,-0.676167682,0.053042703,-0.196335599
134,SER,1.045,0.4802389705882352,1.72003,0.72708,0.4039200000000003,0,0.0,1,0.125,0.4111,0.1877,0.8514,0.5309,0.8331616100000001,1.6087727799999998,2.2736728900000003,2.78311876,-0.5897631482,-1.1460738505,-0.09715508493,-0.2759733963699999,0.8224258229999999,-1.1138580444,0.151400415,-0.2791483478
135,SER,0.958,0.4402573529411764,1.46763,0.94428,0.2737200000000002,0,0.0,1,0.0909090909090909,0.4111,0.1877,0.8514,0.5309,0.97235684,1.87948011,2.66095235,3.26560219,-0.6421420809999999,-1.2471515139999998,-0.1063760736999999,-0.3018882415,0.274687254,-0.6498231099999998,0.0464824848999999,-0.166270505
136,ASN,0.735,0.3006134969325154,1.90645,1.3406,0.3693999999999999,0,0.0,1,0.0625,0.1111,0.3976,0.6747,0.8272,1.24978645,2.41346247,3.4113701900000004,4.176240249999999,-0.5633783290000001,-1.096088073,-0.0908993043999999,-0.258435371,0.274247179,-0.58712943,0.050084452,-0.156845925
137,PHE,1.189,0.3824380829848826,3.22167,1.5373199999999998,0.3826800000000001,1,0.166666666666667,1,0.166666666666667,0.8111,0.783,0.0763,0.037,1.25244971,2.43422203,3.4793477200000003,4.33091054,-0.120972963,-0.2358245504999999,-0.0184853154,-0.0525509061,0.8252946719999998,-0.5153215055000002,0.126967407,-0.1195273270999999
138,SER,1.208,0.5551470588235293,1.79053,0.63547,0.3325300000000002,1,0.25,1,0.25,0.4111,0.1877,0.8514,0.5309,0.83429138,1.61761214,2.30273154,2.84958636,-0.312453203,-0.6023219366,-0.05802243154,-0.163692613,0.8635809500000001,-0.6993623972,0.139301515,-0.209882564
139,ARG,2.068,0.6167611094542201,3.56185,1.19559,0.0894100000000002,1,0.5,1,0.5,0.0,0.7346,0.9398,0.6914,0.55488972,1.06827961,1.50212265,1.82497045,-0.5429664408,-1.0540064438,-0.09058066628,-0.2569321568,0.978869452,-1.7195584874000005,0.181050773,-0.4839489684
140,GLY,1.008,0.5575221238938053,1.12248,0.66072,0.13928,0,0.0,0,0.0,0.4556,0.0,1.0,0.5062,0.41709196,0.80838225,1.14996008,1.42153955,-0.469422666,-0.916118968,-0.0708163229,-0.201698184,1.2966948159999991,-2.950502802000001,0.2005364041999999,-0.686964485
141,GLY,0.836,0.4623893805309734,0.75629,0.7147299999999999,0.2572700000000002,0,0.0,0,0.0,0.4556,0.0,1.0,0.5062,0.2774348399999999,0.53405192,0.75073928,0.91164717,-0.381241886,-0.7377849329999999,-0.0670703900999999,-0.189833214,0.508555238,-0.855856866,0.097346718,-0.25722715
142,TYR,2.221,0.6517018779342724,4.01145,0.74923,0.4377699999999999,0,0.0,0,0.0,0.3556,0.8063,0.502,0.1605,0.55535913,1.07194507,1.51414728,1.85239785,-0.2424192646,-0.4647301856999999,-0.04816681433,-0.1352647498,0.8632966000000001,-0.6396373073999998,0.1431729958,-0.1843821437
143,ASN,0.739,0.3022494887525562,2.24933,1.16023,0.5457699999999999,0,0.0,1,0.25,0.1111,0.3976,0.6747,0.8272,1.11315497,2.16273535,3.08950499,3.842562220000001,-0.1446304891,-0.2841421,-0.0190108532,-0.0545244658,1.1032481020000002,-0.7910825239999999,0.1440496107999999,-0.1519568025999999
144,ASN,1.389,0.5680981595092025,2.544,0.69397,0.3620299999999998,0,0.0,1,0.333333333333333,0.1111,0.3976,0.6747,0.8272,0.6943777,1.3412629899999997,1.89683381,2.32429715,-0.254531884,-0.4903553247,-0.0474431014,-0.13371062,1.097010612,-0.7614907134000001,0.195833474,-0.2047633537999999
145,ARG,1.69,0.5040262451535937,3.3865800000000004,1.49076,0.1722400000000001,0,0.0,1,0.142857142857143,0.0,0.7346,0.9398,0.6914,0.97307751,1.88514235,2.67964933,3.3086232100000004,-0.533138655,-1.044273304,-0.0749743032,-0.214372736,1.1020483679999995,-2.595393418,0.155013678,-0.522056794
146,ASP,1.505,0.5613577023498694,2.54759,0.7477900000000001,0.4282100000000001,0,0.0,0,0.0,0.1111,0.3239,0.8675,1.0,0.83374557,1.6133172999999998,2.28852646,2.81682877,-0.608132664,-1.1865478049999998,-0.0932766424,-0.265887675,1.0998041839999997,-2.75152165,0.1752259428,-0.6144948339999999
147,GLU,1.295,0.4747067448680351,2.7818400000000003,1.12118,0.3118200000000002,0,0.0,0,0.0,0.1111,0.4884,0.8112,0.9136,0.97321322,1.88620198,2.68312519,3.31654995,-0.64504805926,-1.25636411968,-0.101421945294,-0.2884779137799999,1.571602970000001,-4.010793789320001,0.2449095257999998,-0.9387210071000004
148,GLY,0.668,0.3694690265486726,0.83461,0.89425,0.2457500000000001,0,0.0,0,0.0,0.4556,0.0,1.0,0.5062,0.97350476,1.88844394,2.69035791,3.3326708700000003,-0.6556116761,-1.2729727246000002,-0.10880220245,-0.30861456004,1.920688786,-3.902240077999997,0.3379159105,-0.99426818
149,SER,1.05,0.4825367647058823,1.49354,0.8439,0.2821000000000001,0,0.0,0,0.0,0.4111,0.1877,0.8514,0.5309,1.5314649300000005,2.9805317400000004,4.27002145,5.332808829999999,-0.5714339532999999,-1.1177248407,-0.0832279416599999,-0.2377599104999999,2.6362769649999995,-6.002013059000003,0.3799548636000001,-1.2654277509999996
150,ASP,1.051,0.392017903767251,2.20845,1.1160899999999998,0.5139100000000003,0,0.0,1,0.0909090909090909,0.1111,0.3239,0.8675,1.0,1.11188024,2.15277865,3.05683227,3.76800975,-0.7052475892999999,-1.3608736706000002,-0.1293164133,-0.3651787507999999,2.6256841170000005,-4.168453996999996,0.4684099726999998,-1.1065695747999993
151,ASN,1.484,0.6069529652351738,1.95509,0.9383200000000002,0.0226799999999997,1,0.125,1,0.125,0.1111,0.3976,0.6747,0.8272,1.25234836,2.4334422199999994,3.47683088,4.325298269999999,-0.7155712783999999,-1.390879533,-0.1159746029,-0.3290877853999999,3.89397916,-6.829728297000002,0.5639538824000001,-1.5085980111999977
152,ARG,1.349,0.4023262749776319,3.13341,1.78118,0.2228200000000004,3,0.214285714285714,1,0.0714285714285714,0.0,0.7346,0.9398,0.6914,1.39063907,2.69706731,3.84080985,4.754430579999999,-0.8024434602000002,-1.5700247383,-0.1157785843,-0.3307536792,4.833209017999988,-9.127720156400002,0.7539190441000007,-1.9970743391999992
153,GLY,0.184,0.1017699115044247,0.76417,1.00211,0.62189,2,0.105263157894737,1,0.0526315789473684,0.4556,0.0,1.0,0.5062,1.24912194,2.40828655,3.39443631,4.1377547,-0.734262641,-1.4258471,-0.12229960534,-0.3471327748,3.876745069000009,-7.775691390000003,0.715193594499999,-2.0013457738000007
154,SER,0.81,0.3722426470588235,1.40742,1.0553,0.3107000000000002,0,0.0,1,0.0714285714285714,0.4111,0.1877,0.8514,0.5309,1.25023955,2.41692793,3.4224901,4.20084478,-0.61459825043,-1.19378013603,-0.102479436477,-0.29108786626,3.2564131300000057,-5.829730310260001,0.5539459328,-1.4528042599320017
155,GLY,0.983,0.5436946902654867,1.02085,0.60631,0.21869,0,0.0,0,0.0,0.4556,0.0,1.0,0.5062,1.11304136,2.16184136,3.08654675,3.8357355699999993,-0.4366846256,-0.8471663384999999,-0.07361187947,-0.2086857952,3.4552091930000053,-5.609820754000003,0.561870728799999,-1.4397216013000007
156,ARG,1.554,0.4634655532359081,3.67718,1.3698,0.4292000000000002,1,0.111111111111111,0,0.0,0.0,0.7346,0.9398,0.6914,0.97219271,1.8782097,2.65682349,3.25630379,-0.6640626409000001,-1.2823887174999995,-0.1209053877799999,-0.3417639672499999,4.505208488,-9.13405798459999,0.8152672804999999,-2.449183152949997
157,SER,0.915,0.4204963235294117,1.56596,0.91922,0.3417800000000001,2,0.142857142857143,0,0.0,0.4111,0.1877,0.8514,0.5309,1.39055533,2.6964776299999995,3.8390937700000007,4.751178759999999,-0.9009304555,-1.7504390151999996,-0.1475154457699999,-0.4185757123299999,4.8682120649999865,-10.753591043000004,0.7877737765000006,-2.6183667670000004
158,TYR,0.723,0.2121478873239436,3.11476,2.21197,0.47303,4,0.285714285714286,0,0.0,0.3556,0.8063,0.502,0.1605,1.39128357,2.70209797,3.857306490000001,4.79203706,-1.1476628739,-2.2297468110000005,-0.18838348326,-0.5346196819999999,4.514556882000003,-8.75699179200001,0.7332603860000002,-2.2115602287999985
159,ASN,0.281,0.1149284253578732,1.828,1.56783,0.5961699999999996,2,0.125,0,0.0,0.1111,0.3976,0.6747,0.8272,1.25136779,2.4257585500000003,3.45153243,4.26731219,-1.3299633222999998,-2.5865413549000005,-0.2150802044299999,-0.6110398103999999,4.825027411000006,-7.183798369999996,0.8202289192000016,-1.8073656043000013
160,ASN,1.249,0.510838445807771,2.37628,0.97711,0.2188899999999997,1,0.125,0,0.0,0.1111,0.3976,0.6747,0.8272,1.39260288,2.71242796,3.89129067,4.869846639999999,-1.66754462756,-3.2596899295,-0.243409717104,-0.6942951522500003,4.361301996000002,-5.312215326499995,0.6733566993000002,-1.2500358803399994
161,ASP,0.294,0.1096605744125326,1.83253,1.59151,0.79549,1,0.0666666666666667,0,0.0,0.1111,0.3239,0.8675,1.0,1.6706462700000002,3.25112266,4.6568899,5.814263519999999,-2.23766843556,-4.3665739188,-0.340915704845,-0.97160447207,3.6972645600000007,-6.2327548828,0.5439759074,-1.3462366779000012
162,ARG,2.302,0.6865493587831792,3.84999,0.95163,0.0993700000000001,0,0.0,0,0.0,0.0,0.7346,0.9398,0.6914,1.67085079,3.25271976,4.66213004,5.8262187,-2.0691981019300005,-4.031771932400001,-0.322348116027,-0.9169340814739998,3.96748722,-6.808489754999998,0.6223542511000001,-1.5661029898000003
163,ARG,0.62,0.1849090366835669,3.06241,2.15755,0.57545,1,0.0526315789473684,0,0.0,0.0,0.7346,0.9398,0.6914,2.3673958,4.610856400000001,6.614156690000001,8.275925309999998,-1.6206856069599995,-3.1694136155699995,-0.2360960673699999,-0.6740710029900001,4.758297294,-7.29816668041999,0.7079277126000008,-1.5597850755400002
164,ASP,0.596,0.2223051100335695,2.07638,1.43592,0.6490799999999999,3,0.12,0,0.0,0.1111,0.3239,0.8675,1.0,1.66809884,3.23124713,4.59174518,5.665848899999999,-0.8113457827000004,-1.5650741258999996,-0.14862852374,-0.4193296829,8.269985004999995,-8.768021941099995,1.4600595376000012,-2.376328083100001
165,ASN,0.272,0.1112474437627812,1.8437,1.61916,0.5538400000000001,0,0.0,0,0.0,0.1111,0.3976,0.6747,0.8272,1.80888432,3.5144138499999995,5.0200318500000005,6.242265969999999,-0.8945925202999999,-1.7395334061,-0.14574761779,-0.41417605958,6.131152784000007,-7.7271495105999985,0.9462615042000018,-1.813960227900001
166,GLY,0.08,0.0442477876106194,0.48441,1.3118499999999995,0.4161500000000004,1,0.0555555555555556,0,0.0,0.4556,0.0,1.0,0.5062,1.39136341,2.70264703,3.85885585,4.7948079,-1.7139613857,-3.3358551997999992,-0.27404804481,-0.7791933304,5.422496221999992,-11.750333362399983,0.8471995887000007,-2.669680504499999
167,GLY,0.447,0.2472345132743363,0.84757,0.947,0.414,0,0.0,0,0.0,0.4556,0.0,1.0,0.5062,0.97246269,1.88029604,2.6635958200000003,3.27153548,-0.40744341,-0.7932840466,-0.0645147161,-0.18344151022,0.471218838,-0.8736138769999999,0.075884934,-0.196332549
168,ASP,1.157,0.4315553897799328,2.2385,0.94613,0.57787,0,0.0,0,0.0,0.1111,0.3239,0.8675,1.0,0.83319442,1.60908992,2.27491851,2.7865810799999995,-0.1294857876,-0.24804396,-0.02596124158,-0.0728657847,1.0575156119999998,-0.7564170994000001,0.1916743514000001,-0.2321390202
169,GLY,1.378,0.7621681415929202,1.61761,0.43691,-0.0069099999999998,0,0.0,0,0.0,0.4556,0.0,1.0,0.5062,0.69532629,1.34858551,1.92057114,2.37758133,-0.3867782176,-0.7498475376,-0.066160811,-0.1875397918,1.2949178609999998,-2.6030425618,0.2160961785,-0.6748159889799998
