2,MET,1.974,0.6619718309859154,2.39816,0.81841,0.1895900000000002,3,0.333333333333333,5,0.555555555555556,0.7111,0.6196,0.0,0.0988,1.25359941,2.4431026000000005,3.50815385,4.39562536,-0.26516011551,-0.51574482325,-0.0431153517189999,-0.122591652501,0.3268689653333333,-0.206738655,0.0553648935333332,-0.0629594553333333
3,GLU,1.604,0.5879765395894428,2.58224,0.8936700000000001,0.23033,3,0.25,4,0.333333333333333,0.1111,0.4884,0.8112,0.9136,1.3914949,2.7037495600000003,3.86272686,4.80440494,-0.3340715136,-0.6499391918,-0.05423825254,-0.15429079863,0.3268689653333333,-0.206738655,0.0553648935333332,-0.0629594553333333
4,SER,0.972,0.4466911764705882,1.65068,0.83959,0.3644100000000002,1,0.2,2,0.4,0.4111,0.1877,0.8514,0.5309,0.83389081,1.61448335,2.29246506,2.82616269,-0.46802185497,-0.9028186013,-0.0853044399,-0.24055924271,0.3268689653333333,-0.206738655,0.0553648935333332,-0.0629594553333333
5,ASN,1.745,0.7137014314928426,2.48109,0.7415900000000001,-0.0415900000000003,0,0.0,1,0.25,0.1111,0.3976,0.6747,0.8272,0.97376216,1.89047114,2.69706841,3.34816236,-0.2881242887999999,-0.5582556849999998,-0.0495417264,-0.1402978755499999,0.235318952,-0.024906888,0.0399683423999999,-0.0153867665999999
6,GLN,0.487,0.1693913043478261,2.34435,1.73541,0.65259,1,0.111111111111111,2,0.222222222222222,0.1111,0.5388,0.7952,0.6914,1.25130944,2.42529832,3.45000657,4.26378291,-0.1822107025,-0.3558512699000001,-0.0274554716299999,-0.07833961445,0.296878112,-0.190238859,0.0511081303142856,-0.0581535512857142
7,SER,1.352,0.6213235294117647,1.64949,0.7569300000000001,0.0670699999999999,0,0.0,0,0.0,0.4111,0.1877,0.8514,0.5309,0.8341057,1.6161569999999998,2.29793934,2.83859855,-0.3466686297999999,-0.6686944028000001,-0.0637196997,-0.1798264744599999,0.274035488,-0.275527116,0.051030199,-0.087239809
8,ASN,1.702,0.6961145194274029,2.5698700000000003,0.7571600000000002,-0.0141600000000002,0,0.0,0,0.0,0.1111,0.3976,0.6747,0.8272,0.6943119099999999,1.34076052,1.89522508,2.32075086,-0.5754823709000001,-1.104684944,-0.1130003049599999,-0.3177985382,0.4712524560000001,-0.319781961,0.0750961392,-0.0862517904
9,ASN,1.151,0.4707566462167689,2.24849,1.1966199999999998,0.09738,0,0.0,1,0.125,0.1111,0.3976,0.6747,0.8272,1.5315400600000002,2.9811272900000003,4.27200684,5.337434629999999,-0.2624665763,-0.51464899,-0.03607900787,-0.1032748606,3.676113774454551,-5.423981649963638,0.5837052799376636,-1.284254428262337
10,GLY,0.868,0.4800884955752212,0.90635,0.8052499999999999,0.1347500000000001,0,0.0,2,0.333333333333333,0.4556,0.0,1.0,0.5062,1.25310947,2.4393788,3.4962823200000006,4.36959176,-0.2253138151,-0.436412225,-0.0387316288499999,-0.1095919829,4.373490418111897,-6.065997958444128,0.6842834398886127,-1.4228398109483111
11,GLY,0.66,0.3650442477876106,0.99639,0.7722399999999999,0.3757600000000002,1,0.1,3,0.3,0.4556,0.0,1.0,0.5062,1.25231358,2.4331583299999995,3.47585622,4.3229411,-0.26293493765,-0.5061404487,-0.049736727906,-0.1401501876399999,4.9101704965044375,-6.611725088914521,0.763352193409373,-1.5499102332184238
12,SER,0.837,0.3846507352941176,1.33266,1.02363,0.3153700000000001,1,0.0909090909090909,4,0.363636363636364,0.4111,0.1877,0.8514,0.5309,1.25166894,2.42811413,3.4592719400000003,4.28500047,-0.38824820547,-0.7575131037,-0.05914387703,-0.1684825552899999,5.2038403086512375,-6.798477302096022,0.8084990490911742,-1.5940417871173398
13,GLY,0.315,0.1742256637168141,0.93125,0.94926,0.5437400000000001,3,0.1875,6,0.375,0.4556,0.0,1.0,0.5062,1.3903263,2.69464606,3.83294125,4.73671104,-0.2139619462,-0.4166763954999999,-0.0340015907099999,-0.0967726001,5.6027420809660535,-7.49843065563602,0.8696215149726557,-1.752187752215488
14,ASN,1.588,0.6494887525562373,2.61214,0.60839,0.2486099999999997,1,0.125,4,0.5,0.1111,0.3976,0.6747,0.8272,1.25278882,2.43687977,3.48810175,4.35098777,-0.5036532222000001,-0.9854589332,-0.07181130506,-0.2049402663,5.901654562159036,-8.047823453899179,0.918525476181428,-1.886822612644787
15,ALA,0.515,0.2361302154974782,1.21169,0.99719,0.6688099999999999,0,0.0,3,0.5,0.7,0.1645,0.249,0.3951,0.69367307,1.33578727,1.87896277,2.28381832,-0.524152262226,-1.01074045977,-0.097302524514,-0.274723882904,6.229071385692369,-8.659992307281177,0.9700679180697612,-2.03154388107992
16,ALA,0.895,0.4103622191655204,0.81768,0.8766800000000001,0.4093199999999999,0,0.0,1,0.333333333333333,0.7,0.1645,0.249,0.3951,0.55640901,1.08003366,1.5403114,1.91095086,-0.6026614317000001,-1.1772733266,-0.0904505037199999,-0.258147827285,0.116932992,-0.091240083,0.025567551,-0.029318127
17,LEU,0.868,0.326561324303988,2.29303,1.3382300000000005,0.4517699999999995,6,0.545454545454545,1,0.0909090909090909,0.9222,0.663,0.2811,0.0,1.3924205799999998,2.71091364,3.8860189900000006,4.85690508,-2.2486146424,-4.388657186000001,-0.3414032577699999,-0.9731780579,9.79608772099999,-22.24882081799998,1.4210351156000016,-4.808790481300008
18,ASN,0.87,0.3558282208588957,2.3982900000000003,0.814,0.7609999999999998,3,0.375,2,0.25,0.1111,0.3976,0.6747,0.8272,0.69395628,1.3379798200000002,1.88608933,2.29987018,-1.2757519807,-2.465646781,-0.22840950338,-0.6457158172000002,11.398117593999986,-17.161665505000027,2.071902560100002,-4.513369585399991
19,ARG,1.651,0.4923948702654339,3.5527,1.3881100000000002,0.31389,5,0.454545454545455,2,0.181818181818182,0.0,0.7346,0.9398,0.6914,1.53176978,2.9829236700000004,4.27790907,5.350925579999999,-1.19402301424,-2.3243867292,-0.188431150985,-0.5353919555000001,16.868021308000085,-18.731400954600005,2.518955361100011,-4.3394102338999945
20,GLY,0.249,0.1377212389380531,0.68771,1.05998,0.4990200000000002,8,0.347826086956522,2,0.0869565217391304,0.4556,0.0,1.0,0.5062,2.2278049500000003,4.33699293,6.216300899999999,7.768649039999999,-1.22558009812,-2.3939551099,-0.18334228372,-0.52304603612,12.74201014200006,-13.770193660210028,1.891221359300001,-3.0858644031799978
21,GLY,0.624,0.3451327433628318,0.98439,0.85018,0.3338200000000001,4,0.222222222222222,0,0.0,0.4556,0.0,1.0,0.5062,1.94956021,3.79663037,5.444894529999999,6.809955259999999,-1.1916920171000005,-2.322112374,-0.18630763274,-0.5302017537299999,12.423691594000005,-14.25190491550002,1.8703147427000149,-3.3288961450000025
22,ARG,2.132,0.6358484938860721,3.78437,1.02545,0.1955500000000001,3,0.230769230769231,1,0.0769230769230769,0.0,0.7346,0.9398,0.6914,1.53154727,2.98115775,4.27201634,5.33717654,-1.6052150503199996,-3.1200635733999995,-0.261686933754,-0.7429296302099999,9.90255730300003,-9.786512713000011,1.5308487399999962,-2.3001466495
23,TYR,0.925,0.2714201877934272,3.50614,1.69196,0.7910399999999997,7,0.466666666666667,1,0.0666666666666667,0.3556,0.8063,0.502,0.1605,1.80986183,3.52199608,5.04474028,6.29812865,-2.4893314623000014,-4.857232859300002,-0.37996294769,-1.08278694324,7.507100867000011,-12.805899018719986,1.1555692793999996,-2.909586827099999
24,VAL,0.805,0.3305954825462012,1.68689,1.39356,0.2364399999999999,1,0.1,0,0.0,0.9667,0.4924,0.3655,0.1235,1.25232889,2.43326871,3.47618704,4.32360063,-2.1212829492500003,-4.1285769211000005,-0.33775078961,-0.9599523275,6.006206108,-10.645201822000011,0.9845401565000028,-2.621021803489999
25,PRO,0.253,0.1134529147982062,1.56543,1.6508600000000002,0.3261399999999996,0,0.0,0,0.0,0.3222,0.3764,0.8594,0.3827,1.11391819,2.16857787,3.1082735500000003,3.88416293,-2.05035735457,-3.9952459453199993,-0.322054773284,-0.9169468451180002,6.875205436,-12.450115722639994,1.0862137313000002,-2.957384824036002
26,PRO,0.834,0.3739910313901345,1.55059,1.02136,0.3746399999999998,0,0.0,5,0.555555555555556,0.3222,0.3764,0.8594,0.3827,0.97347062,1.88810817,2.68902691,3.32894633,-0.7259919429999999,-1.4092595289999998,-0.12137169912,-0.3443270700999999,9.363593106500016,-13.194295521267003,1.455616859700003,-3.089378907990599
27,HIS,1.096,0.396383363471971,2.94948,1.23152,0.4374800000000001,0,0.0,9,0.5625,0.1444,0.561,0.1124,0.679,1.25032078,2.41768302,3.42538216,4.20870837,-0.3373299496,-0.6502288053999999,-0.06278778013,-0.1771648257999999,10.288259117950018,-14.504601065093706,1.5986217905700033,-3.3953849860896588
28,LEU,1.308,0.4920993227990971,2.5239,0.94046,0.4095399999999999,0,0.0,7,0.466666666666667,0.9222,0.663,0.2811,0.0,1.6697227499999998,3.24390322,4.63318031,5.76010573,-0.9541070857410529,-1.855118057574737,-0.1548380838161578,-0.4397750009430526,10.337476257645022,-13.730179089803078,1.6163804580670031,-3.2540444365686243
29,ARG,1.507,0.4494482552937667,3.15425,1.52389,0.3221100000000003,2,0.111111111111111,10,0.555555555555556,0.0,0.7346,0.9398,0.6914,1.66853065,3.23462917,4.602876059999999,5.69135199,-0.9606409057460528,-1.8690425218997369,-0.1541855603141578,-0.4381806685430526,10.38825474655411,-13.4982694835758,1.588250594367004,-3.132148322268625
30,GLY,0.769,0.4253318584070796,0.9455,0.70545,0.3335500000000001,2,0.25,4,0.5,0.4556,0.0,1.0,0.5062,0.97280689,1.88301611,2.67262798,3.29246547,-0.6773200323,-1.3076916936999998,-0.1226572090799999,-0.3463355608999999,9.857218085554104,-12.7907639459408,1.5117224212920035,-2.9677107166302927
31,GLY,0.61,0.3373893805309734,0.97457,0.71576,0.48224,2,0.4,3,0.6,0.4556,0.0,1.0,0.5062,0.69428051,1.34051536,1.89442003,2.31891167,-0.7767592466000001,-1.5027645976,-0.13710616873,-0.3879557941599999,9.70598841293872,-12.613314196070796,1.488606263268926,-2.9284222811333693
32,ASP,1.322,0.4930995897053338,1.87301,0.96078,0.39822,2,0.25,5,0.625,0.1111,0.3239,0.8675,1.0,1.1123639,2.15657938,3.0693842000000005,3.79689564,-0.401105253,-0.7773620531,-0.06868522917,-0.1945677006399999,9.530799358510146,-12.17165974753508,1.4712704712832108,-2.835978501590512
33,GLY,0.56,0.3097345132743363,1.02272,0.85898,0.38902,2,0.142857142857143,8,0.571428571428571,0.4556,0.0,1.0,0.5062,1.3905779100000002,2.69657939,3.8391710300000006,4.75057315,-0.2796583447,-0.5454947800000001,-0.0431748413,-0.1230596769999999,9.33090789777681,-12.247582610161745,1.4471285872965445,-2.8724101164705123
34,GLY,0.711,0.3932522123893805,0.93717,0.76005,0.3369499999999999,0,0.0,4,0.571428571428571,0.4556,0.0,1.0,0.5062,0.97334992,1.88723121,2.6863664600000003,3.323526,-0.5597531606399999,-1.0818769154,-0.099881367045,-0.28228434654,9.59826286296431,-12.104988588394871,1.4910262837090449,-2.8693139516367623
35,ALA,1.129,0.5176524530032095,1.33696,0.7161199999999999,0.3358800000000002,0,0.0,5,0.833333333333333,0.7,0.1645,0.249,0.3951,1.39267376,2.71299212,3.893179590000001,4.874273069999999,-0.2844814557,-0.5567561710000001,-0.04090256464,-0.1168990449,9.677314914670191,-12.07231850579487,1.499786496432574,-2.849763275719704
36,ALA,0.33,0.1513067400275103,1.0827,1.21988,0.6311199999999999,0,0.0,8,0.5,0.7,0.1645,0.249,0.3951,1.24999746,2.41505669,3.4164174700000007,4.18719652,-0.3066156511,-0.5970006113,-0.04918753853,-0.14004184404,9.705420969003525,-12.165081659979316,1.5064261488270183,-2.8792337053697032
37,ALA,0.546,0.2503438789546079,1.22269,0.96885,0.66615,0,0.0,12,0.75,0.7,0.1645,0.249,0.3951,1.52917351,2.962694,4.211690900000001,5.200328399999999,-0.082825473,-0.1612703107999999,-0.013174572004,-0.0374858316799999,9.609015041345623,-12.107537166902103,1.496925105321755,-2.8862696105912504
38,ALA,0.251,0.1150848234754699,1.03952,1.11336,0.8166400000000003,0,0.0,5,0.714285714285714,0.7,0.1645,0.249,0.3951,0.9742584,1.8942548,2.70917464,3.37485052,-0.54296019284,-1.0503173333999998,-0.095048607595,-0.2686320135399999,9.451601991848126,-11.833114254787418,1.4776152048832547,-2.833666887256768
39,ALA,0.523,0.2397982576799633,1.28346,1.00219,0.65581,5,0.454545454545455,0,0.0,0.7,0.1645,0.249,0.3951,1.2535292299999998,2.44254037,3.5062605,4.39115795,-1.4064283808,-2.7441360675000004,-0.2153590333399999,-0.6138291691999999,11.956680971999964,-14.610659836499972,1.7624740594000066,-3.172512328099995
40,SER,0.923,0.424172794117647,1.73504,0.8734399999999999,0.3795600000000002,3,0.272727272727273,0,0.0,0.4111,0.1877,0.8514,0.5309,1.2524916,2.43452151,3.48023272,4.332628870000001,-1.0786676429599995,-2.09877868034,-0.173143079365,-0.4920943204099999,10.495581376000002,-10.241334502979996,1.600617284200004,-2.366158966240003
41,ALA,0.872,0.3998165978908757,1.34117,0.864,0.4450000000000002,2,0.2,0,0.0,0.7,0.1645,0.249,0.3951,1.39222857,2.7094832,3.88155281,4.84739645,-0.8571820165499999,-1.6746551625999997,-0.12683201196,-0.36162881605,10.77602439800006,-11.46334691189998,1.5907113049999952,-2.575114741719997
42,GLY,0.778,0.4303097345132743,1.00986,0.73629,0.29371,1,0.111111111111111,2,0.222222222222222,0.4556,0.0,1.0,0.5062,0.83373549,1.6132521299999998,2.28836188,2.81660651,-0.6774932164,-1.3141822117000004,-0.1145459798399999,-0.32474106546,9.97104483199998,-8.068742635999977,1.6276136549000009,-2.0346832314000016
43,GLY,0.79,0.4369469026548672,0.91251,0.77912,0.2388799999999999,1,0.166666666666667,2,0.333333333333333,0.4556,0.0,1.0,0.5062,0.6943147299999999,1.34078142,1.89528903,2.32088212,-0.8626171746000001,-1.6703266322,-0.15007727115,-0.4249040892,6.904185392000002,-10.925355652400006,1.168720480200003,-2.8466208727000044
44,ASP,1.149,0.4285714285714285,2.24079,0.95986,0.57214,1,0.1,2,0.2,0.1111,0.3239,0.8675,1.0,1.11276399,2.1596530099999995,3.07928921,3.81893955,-0.8760253839000001,-1.6969876556499996,-0.15110095899,-0.4278127358599998,11.784780310000002,-10.524394670450002,1.857932422000008,-2.860048189759999
45,ASP,0.589,0.2196941439761283,2.12032,1.36253,0.7294700000000001,0,0.0,2,0.105263157894737,0.1111,0.3239,0.8675,1.0,1.80913268,3.5162554200000007,5.02574453,6.25429964,-1.3684756739,-2.6668259411999995,-0.21514116391,-0.6127269624199997,7.350090986999988,-10.089810417799988,1.1334637727999983,-2.2886603128999994
46,ARG,0.796,0.2373993438711601,3.00823,1.92732,0.6296800000000005,0,0.0,3,0.166666666666667,0.0,0.7346,0.9398,0.6914,1.80890676,3.51453931,5.02028354,6.242363989999999,-2.1525923934800004,-4.18102744088,-0.3562618744979999,-1.0111714155739997,7.381114413999991,-14.119852497960004,1.2057274743999966,-3.4878525577359967
47,ARG,1.977,0.5896212347151805,3.66058,1.07023,0.3057700000000001,0,0.0,7,0.388888888888889,0.0,0.7346,0.9398,0.6914,1.52860885,2.9583030800000003,4.19734747,5.16779693,-2.3944236777000003,-4.6323342591,-0.4218422479499999,-1.193388477,7.531880480999991,-12.10095015280002,1.275097033100002,-3.2230611072000004
48,GLY,0.244,0.1349557522123893,0.75285,0.99747,0.5665300000000001,1,0.0588235294117647,7,0.411764705882353,0.4556,0.0,1.0,0.5062,1.3897551600000002,2.69017317,3.81822046,4.70298725,-2.03351550933,-3.944706966000002,-0.344518639205,-0.97705439429,7.139998127999982,-9.01614282279999,1.2124237817999994,-2.3433305194000043
49,GLY,0.718,0.3971238938053097,0.96755,0.83354,0.2564600000000001,1,0.0666666666666667,7,0.466666666666667,0.4556,0.0,1.0,0.5062,1.66947649,3.24201363,4.6270963400000005,5.74658107,-1.2563413426999996,-2.45250619501,-0.189772560053,-0.5409295962700001,8.882968190000005,-4.906075426099999,1.352948208999995,-1.259836394811
50,ALA,0.773,0.3544245758826226,1.15875,0.93157,0.4764299999999999,3,0.3,7,0.7,0.7,0.1645,0.249,0.3951,1.25220408,2.43230442,3.4730591200000003,4.3165749,-0.9009204675,-1.7534128473999997,-0.14270735963,-0.4053820256000001,12.419758903999966,-11.100716049799988,1.896832049600008,-2.782020259720004
51,GLY,0.792,0.4380530973451327,0.87146,0.7690899999999999,0.24691,2,0.222222222222222,5,0.555555555555556,0.4556,0.0,1.0,0.5062,0.97348693,1.88832431,2.69003463,3.33214681,-1.1309199520000004,-2.2043180006,-0.1755366004299999,-0.4996179097999998,12.373204659999953,-18.31974658460002,1.9519563846000016,-4.290697922900004
52,GLY,1.042,0.5763274336283186,1.07526,0.5966999999999999,0.1693000000000001,1,0.0909090909090909,5,0.454545454545455,0.4556,0.0,1.0,0.5062,1.25276143,2.43665321,3.48731185,4.349040609999999,-1.4717428011600002,-2.8721911333,-0.22214036593,-0.6326713667299999,13.290118757000034,-26.048992215800062,1.9825549864000065,-5.8204791010899966
53,GLY,0.464,0.2566371681415929,0.9038,0.94122,0.4027800000000001,1,0.05,8,0.4,0.4556,0.0,1.0,0.5062,1.80918452,3.5167314900000006,5.027554720000001,6.25919392,-1.4817127974999995,-2.9006692623,-0.21119860682,-0.6036155467,11.719672923000038,-16.15497051290003,1.7362318898000035,-3.5530863626999984
54,GLY,0.561,0.310287610619469,0.8214199999999999,0.90704,0.3399599999999999,0,0.0,6,0.333333333333333,0.4556,0.0,1.0,0.5062,1.66944733,3.241787340000001,4.62635881,5.744910459999999,-1.5472799292000003,-3.0155948104,-0.2406103653999999,-0.6847785421599998,9.975132241,-10.95539121279999,1.5922230873000038,-2.70144155432
55,TYR,0.436,0.1279342723004695,3.03977,2.05118,0.92082,0,0.0,4,0.2,0.3556,0.8063,0.502,0.1605,1.94808655,3.78515792,5.40738312,6.724777809999999,-1.43325166017,-2.7799434564300003,-0.2419103915399999,-0.6855713427299999,8.95824485099998,-3.62442881363,1.398305054200002,-0.9187732350599992
56,ARG,1.302,0.3883089770354906,3.47738,1.5880800000000002,0.46292,0,0.0,5,0.263157894736842,0.0,0.7346,0.9398,0.6914,2.5066540900000005,4.8820356700000005,7.002916249999999,8.76158143,-1.6375928077160005,-3.1899183434600005,-0.2568225116315,-0.7304793731899999,6.177892535999984,-4.155076846400004,0.8800098956999981,-0.9356126321999996
57,ARG,1.524,0.4545183417834774,3.19067,1.5839599999999998,0.2450400000000003,0,0.0,6,0.260869565217391,0.0,0.7346,0.9398,0.6914,2.3667023700000005,4.60534633,6.595758540000001,8.232985099999999,-1.559608936490001,-3.03428187174,-0.250683789511,-0.7124266579759997,5.65958920599998,-0.1803789085000004,0.8649488696999998,-0.1678142874500001
58,GLY,0.519,0.2870575221238938,0.9446,0.8724599999999999,0.4165400000000002,0,0.0,4,0.117647058823529,0.4556,0.0,1.0,0.5062,2.36614739,4.601015579999999,6.581556340000001,8.200600620000001,-1.7028110458499996,-3.3085292785000013,-0.2795962804799999,-0.79361718725,5.1891233990000085,-3.541605514499998,0.7891800702000006,-0.829985693499999
59,GLY,0.197,0.1089601769911504,0.71248,0.95617,0.65483,0,0.0,2,0.0869565217391304,0.4556,0.0,1.0,0.5062,1.94864328,3.78949729,5.421591629999999,6.75710463,-1.7989631971900004,-3.5012626005,-0.2876474071899999,-0.8178863997800002,8.245715882000013,-8.122062676020011,1.3321419543999986,-2.0795789222999974
60,GLY,0.728,0.4026548672566371,0.8311700000000001,0.77963,0.30037,0,0.0,0,0.0,0.4556,0.0,1.0,0.5062,1.53107998,2.97748131,4.2598578,5.309142329999999,-1.6975726924300003,-3.2998553039300003,-0.276702937996,-0.7857073258220002,9.582376223999978,-13.621373151849989,1.538705589999997,-3.272998598630008
61,ASN,0.544,0.2224948875255624,2.07889,1.4654899999999995,0.4355100000000003,0,0.0,2,0.0740740740740741,0.1111,0.3976,0.6747,0.8272,2.22668536,4.328247630000001,6.18759834,7.703137079999999,-1.2553848481999998,-2.4423747711999995,-0.20219434439,-0.5747585985500001,10.090815655000029,-13.480638468999976,1.6443415071000018,-3.341628962500002
62,SER,0.828,0.3805147058823529,1.63145,1.03496,0.3130400000000002,3,0.166666666666667,1,0.0555555555555556,0.4111,0.1877,0.8514,0.5309,1.5301623400000002,2.9703459600000004,4.2365562400000005,5.25632015,-1.3456919564,-2.6101748501500004,-0.22778557665,-0.6457744265900001,11.265257096000033,-17.446048383000015,1.8562354487000008,-4.357725707620004
63,GLY,0.864,0.4778761061946902,0.86989,0.68534,0.2586600000000001,2,0.181818181818182,1,0.0909090909090909,0.4556,0.0,1.0,0.5062,1.39165837,2.7050551899999995,3.8671129,4.814726479999999,-1.8377976373,-3.5747404254000004,-0.2955839491799999,-0.8396732935,9.585370264999977,-14.420296872799993,1.4986478159999992,-3.524488587699997
64,GLY,0.523,0.2892699115044247,0.89287,0.77664,0.5083600000000001,1,0.0454545454545455,2,0.0909090909090909,0.4556,0.0,1.0,0.5062,1.80873829,3.5132380700000008,5.016062900000001,6.23288489,-2.1004023424,-4.076412787500001,-0.3522344987,-0.9990774801,8.368575887999999,-11.985647349000022,1.3142659011999998,-2.7690303730000023
65,GLY,0.199,0.1100663716814159,0.8573999999999999,1.04727,0.5617300000000001,2,0.05,2,0.05,0.4556,0.0,1.0,0.5062,2.6446821400000005,5.143677869999999,7.360628739999999,9.17715248,-1.4253290902000002,-2.778312876,-0.2199993731699999,-0.6259324873000001,7.024415929999998,-8.701931553299996,1.1591612503999993,-2.232467676200002
66,GLY,0.561,0.310287610619469,0.80964,0.8802400000000001,0.3667599999999997,3,0.115384615384615,0,0.0,0.4556,0.0,1.0,0.5062,2.36724195,4.6094917,6.60911631,8.26271183,-1.62524546451,-3.16051918583,-0.263274721108,-0.74786630518,6.396166712999993,-9.432673781279988,1.0697781361999985,-2.444027094686001
67,GLY,0.457,0.2527654867256637,0.8769199999999999,0.8531299999999999,0.49787,3,0.142857142857143,0,0.0,0.4556,0.0,1.0,0.5062,2.08904821,4.0696287600000005,5.83970632,7.309668739999999,-2.66130933075,-5.1703316506,-0.4370314165005,-1.2401347437890002,8.024705373000002,-13.820882638300002,1.1727673655999975,-2.971967744789006
68,GLY,0.429,0.2372787610619469,0.94881,0.96343,0.41557,5,0.294117647058824,0,0.0,0.4556,0.0,1.0,0.5062,2.5084208200000004,4.895780640000001,7.04783574,8.863521469999998,-2.6357562743100003,-5.150179694979999,-0.388921486164,-1.1091290416500004,8.370023365000021,-10.431068258399987,1.2932824085000043,-2.4872801730600007
69,GLY,0.501,0.2771017699115044,0.9923,0.97085,0.3361499999999999,5,0.238095238095238,0,0.0,0.4556,0.0,1.0,0.5062,1.9487156,3.79005725,5.423406160000001,6.76116937,-1.6081884121999996,-3.1189138996,-0.27289825667,-0.77357663161,13.624612231999969,-13.70817466799999,2.2137872595999912,-3.353029137299997
70,TYR,1.254,0.3679577464788732,3.60891,1.6636800000000005,0.4903199999999994,9,0.473684210526316,1,0.0526315789473684,0.3556,0.8063,0.502,0.1605,1.80942059,3.5185501600000006,5.033434789999999,6.272340159999999,-1.9709038892,-3.8355552371,-0.31507700254,-0.8956439054300002,11.898439998999994,-17.66225250199998,1.9121255471999965,-4.25172085104
71,ASP,0.917,0.3420365535248041,2.28117,1.25402,0.5099800000000001,4,0.285714285714286,0,0.0,0.1111,0.3239,0.8675,1.0,1.81033741,3.5257285299999994,5.05705144,6.326417559999999,-2.3968680087000003,-4.670436614899998,-0.3729974737899999,-1.06105896727,12.495390594999972,-21.549104617400094,1.9415154803000008,-5.224957978180004
72,ARG,1.365,0.4070981210855949,3.23883,1.57092,0.4170800000000001,6,0.375,0,0.0,0.0,0.7346,0.9398,0.6914,1.6704009,3.24919686,4.65054,5.799680990000001,-1.9810618459,-3.853540903600001,-0.31915517264,-0.9068033290999998,15.791275978000014,-24.184355462299955,2.499115856699984,-5.69447703410001
73,GLY,0.369,0.2040929203539823,0.72736,0.91856,0.52044,5,0.357142857142857,0,0.0,0.4556,0.0,1.0,0.5062,1.80995924,3.5227713,5.04733401,6.304201399999999,-1.7140704142000005,-3.340424093999999,-0.26644609116,-0.7581269060000003,14.111199238000015,-18.77494281820009,2.146369841200003,-4.456875071799994
74,TYR,0.701,0.2056924882629107,3.14456,1.98512,0.7218799999999999,5,0.5,0,0.0,0.3556,0.8063,0.502,0.1605,1.25162912,2.42780519,3.45826521,4.28272572,-0.9783951786400004,-1.8967851464000005,-0.1662199335259999,-0.4708216130700001,15.571954960000047,-11.511231708449998,2.6495208859999955,-3.251324516850007
75,ASN,1.291,0.5280163599182004,2.41398,0.91237,0.2416299999999999,1,0.142857142857143,0,0.0,0.1111,0.3976,0.6747,0.8272,1.25272399,2.43636234,3.48636375,4.346897670000001,-1.1868593567,-2.3168954850000003,-0.1792586116,-0.5109596541999999,15.21524703199995,-23.85513397,2.2913377568000097,-5.43087997809998
76,ASP,1.287,0.4800447594181275,2.09184,1.019,0.3750000000000002,1,0.5,0,0.0,0.1111,0.3239,0.8675,1.0,0.6947573300000001,1.34423843,1.90663167,2.34675783,-0.644892413,-1.251837491,-0.1072836433,-0.3041921103,8.31256395999999,-13.746592185999996,1.4327840000000014,-3.5497032030000035
77,ASN,1.069,0.4372188139059305,1.96948,1.23011,0.1458899999999998,0,0.0,0,0.0,0.1111,0.3976,0.6747,0.8272,0.83456012,1.61961867,2.30900446,2.8629576399999994,-1.0164735621,-1.9882576375,-0.1477694671199999,-0.4220965655,7.389557899999997,-15.106312935000004,1.134869123000002,-3.325651038300009
78,ARG,2.551,0.7608112138383537,3.81285,0.70027,0.1017300000000001,0,0.0,0,0.0,0.0,0.7346,0.9398,0.6914,1.739565269,3.3812106655000003,4.833371095,6.0167218065000005,-1.6696560430449998,-3.245748935011,-0.2717147290064,-0.7715551140948501,9.543408308899998,-12.204633925886505,1.5241835367599992,-2.9620649498105003
79,ASP,1.143,0.4263334576650504,2.15938,1.16454,0.3734600000000001,0,0.0,0,0.0,0.1111,0.3239,0.8675,1.0,0.8351476600000001,1.62421515,2.32411302,2.89751055,-1.154940666,-2.2536347365,-0.1746661073599999,-0.4973973574999999,6.127012262999999,-8.373760895499993,0.9659735590999984,-1.9314925850999969
80,ASP,0.988,0.3685192092502797,2.48824,1.10425,0.5887500000000001,0,0.0,0,0.0,0.1111,0.3239,0.8675,1.0,1.3919158,2.70704451,3.87356362,4.82920771,-1.834349907,-3.5731742525,-0.2893744182,-0.8235150206000003,7.0780580920000125,-6.128533504000002,1.0560522565,-1.293380622900001
81,ARG,1.198,0.3572919773337309,3.20195,1.5710399999999998,0.5839600000000005,0,0.0,1,0.0588235294117647,0.0,0.7346,0.9398,0.6914,1.52965752,2.96644683,4.22391382,5.227941649999999,-2.3951675909300016,-4.634500570039999,-0.420601453732,-1.1899274286939998,5.883890610999992,-6.362222216840005,0.9921271075999992,-1.802443357749999
82,ASP,0.582,0.217083177918687,2.20585,1.21848,0.8805200000000002,0,0.0,1,0.032258064516129,0.1111,0.3239,0.8675,1.0,2.50523456,4.87097694,6.966723429999999,8.679287299999999,-1.7489111417999996,-3.3896807234,-0.29934089667,-0.8479985090999997,4.481649458999994,-5.861731667500001,0.6796907823999999,-1.3202789284999985
83,ASN,0.801,0.3276073619631902,2.08436,1.2286799999999998,0.4153199999999999,0,0.0,0,0.0,0.1111,0.3976,0.6747,0.8272,2.36559456,4.59673349,6.5676284900000015,8.16919963,-1.7692705194999998,-3.4416826144999995,-0.2865258538999999,-0.8146071386700001,7.183544043999998,-7.676809681200018,1.1822254077,-1.7876911935800022
84,ARG,1.986,0.5923053981509095,3.52565,0.92031,0.4466900000000002,0,0.0,1,0.0476190476190476,0.0,0.7346,0.9398,0.6914,1.80810655,3.5083476100000004,5.00016751,6.19708002,-2.130158389999999,-4.119941559799998,-0.3758080622300001,-1.06264292402,7.495638066999969,-9.445991318199995,1.2441542928999991,-2.4305200004999987
85,GLY,0.32,0.1769911504424778,0.7238800000000001,1.01207,0.4759299999999999,1,0.0333333333333333,0,0.0,0.4556,0.0,1.0,0.5062,2.36531135,4.59454258,6.56051487,8.153201100000002,-1.71784755564,-3.3262259577,-0.3001183471500001,-0.8500024192370003,8.12150703600001,-8.084852482900008,1.3663838274999995,-2.172198253200005
86,GLY,0.191,0.1056415929203539,0.7381300000000001,1.02482,0.5921799999999999,2,0.0645161290322581,0,0.0,0.4556,0.0,1.0,0.5062,2.50483732,4.86788003,6.956578990000001,8.65619031,-1.6476692458999995,-3.189681321000001,-0.2872560477949999,-0.81298007766,6.950806699000012,-4.474025979099992,1.114598140600002,-1.1681616063200024
87,SER,0.366,0.1681985294117647,1.32434,1.25653,0.5534700000000001,3,0.115384615384615,4,0.153846153846154,0.4111,0.1877,0.8514,0.5309,2.3665268600000005,4.60395549,6.5911226,8.222183580000001,-1.48406281978,-2.8913298407000005,-0.232936140231,-0.662860839086,8.176949572,-6.406157100739994,1.2399857107000014,-1.5256277213299976
88,GLY,0.225,0.1244469026548672,0.71615,1.04491,0.53809,6,0.24,7,0.28,0.4556,0.0,1.0,0.5062,1.5280480800000005,2.9539613099999995,4.18322832,5.13596447,-1.3772736693999998,-2.67230092,-0.2316401143499999,-0.6567618432000001,6.588845075999986,-10.749424545999988,1.1277714908999985,-2.7836057453
89,GLY,0.711,0.3932522123893805,0.95673,0.6892299999999999,0.4077700000000001,4,0.4,3,0.3,0.4556,0.0,1.0,0.5062,1.25224827,2.43262227,3.47400582,4.31843764,-1.186203362,-2.3162878817,-0.1786023790449999,-0.50934572258,6.092315848000015,-10.6230594485,0.9365571643999993,-2.375656858799996
90,TYR,0.987,0.289612676056338,3.17675,1.59367,0.8273299999999999,2,0.4,4,0.8,0.3556,0.8063,0.502,0.1605,1.25416976,2.44758042,3.52292753,4.429583269999999,-1.34111305684,-2.62928591166,-0.185196194989,-0.5300846445549998,6.101992641999996,-10.379438115860005,0.8479441624000009,-2.116564357630002
91,GLY,0.512,0.2831858407079646,0.6402800000000001,0.90654,0.38946,0,0.0,0,0.0,0.4556,0.0,1.0,0.5062,0.27699354,0.53062144,0.73953955,0.8862676899999999,-1.453826153521,-2.8246123040068887,-0.2389322503654166,-0.6781696633731111,6.454655330888887,-8.040776718186002,1.0246394315611114,-1.959554663368278
92,ARG,2.691,0.80256486728303,3.96205,0.7476400000000001,-0.0856399999999997,0,0.0,0,0.0,0.0,0.7346,0.9398,0.6914,0.27634442,0.52563834,0.7234791,0.8505007,-1.3867276045752106,-2.6957722473532044,-0.2257551327049956,-0.6410831746955321,6.403439753362569,-7.786822891516526,1.0128052716295324,-1.8873950919614368
93,ASP,0.99,0.3692651995524058,2.31324,0.96619,0.7248100000000001,0,0.0,0,0.0,0.1111,0.3239,0.8675,1.0,0.27699354,0.53062144,0.73953955,0.8862676899999999,-1.3831551552652104,-2.6896637755182047,-0.2239490792379956,-0.6361157737030323,6.513538416312569,-7.755241216426528,1.0290907871395325,-1.8844319913714365
94,ARG,1.9,0.5666567253206084,3.79587,0.95734,0.4956600000000003,1,1.0,1,1.0,0.0,0.7346,0.9398,0.6914,0.6962936000000001,1.3561561299999998,1.94546692,2.43455129,-0.6265818865,-1.2197757677,-0.09907457075,-0.2815619864999999,5.974898675999995,-11.642970802800017,0.9037856084000014,-2.7364963383999994
95,ASN,0.6,0.2453987730061349,2.01033,1.32188,0.5231199999999998,4,0.5,4,0.5,0.1111,0.3976,0.6747,0.8272,0.9724103400000002,1.87989084,2.6622742,3.26853806,-1.0436537383400002,-2.0323488278,-0.1660263418649999,-0.47248899703,6.870741947999982,-12.727921867399983,1.1261393058000015,-3.061850688090005
96,TYR,1.665,0.488556338028169,3.76097,1.2532899999999998,0.4897100000000001,4,0.333333333333333,6,0.5,0.3556,0.8063,0.502,0.1605,1.11129756,2.14824759,3.0420285,3.73442151,-0.9603453851,-1.8531512192,-0.1764246155,-0.4983033426,6.899357991999991,-10.984614756100004,1.2110087410999972,-3.0307832222000006
97,GLU,1.2,0.439882697947214,2.96644,1.0235899999999998,0.5044100000000005,3,0.15,4,0.2,0.1111,0.4884,0.8112,0.9136,1.6692703,3.24048534,4.622357980000001,5.73660557,-1.3177300997,-2.5644972898,-0.2107506286399999,-0.5991285886599999,8.24829961199999,-13.401052367400004,1.3095071519999997,-3.206135535710005
98,ASP,1.124,0.4192465497948527,2.21073,1.11912,0.43788,1,0.1,3,0.3,0.1111,0.3239,0.8675,1.0,1.53127509,2.979043999999999,4.26512274,5.32157933,-1.65690930707,-3.227157195540002,-0.26002473792,-0.7394067101300001,6.093646479999994,-5.428295702760002,0.9161668068000014,-1.2581064406200002
99,ARG,1.551,0.462570832090665,3.44884,1.47612,0.3258800000000001,1,0.0833333333333333,2,0.166666666666667,0.0,0.7346,0.9398,0.6914,1.6710910499999998,3.25458453,4.66820559,5.8399463,-1.3697945177299995,-2.672636196439999,-0.2098007336170001,-0.5979646490299998,5.154789703000002,-5.182509045499999,0.7429913881999995,-1.1139470768500004
100,GLY,0.516,0.2853982300884956,0.85165,0.8358599999999999,0.4561400000000001,2,0.2,2,0.2,0.4556,0.0,1.0,0.5062,1.25281396,2.4370799,3.4887711400000003,4.35255404,-1.43106501456,-2.784382789319999,-0.2277706016079999,-0.6468272056650001,4.319611832000002,-2.692559354280004,0.6888082064000013,-0.7402924297449998
101,TYR,0.919,0.2696596244131455,3.34783,1.7809400000000002,0.7080599999999997,6,0.666666666666667,1,0.111111111111111,0.3556,0.8063,0.502,0.1605,1.67214636,3.26288194,4.69562672,5.90311296,-0.965113462588,-1.8781548858239991,-0.1528827865855,-0.4341609142989999,5.54531065900001,-2.610344474267999,0.8136644722999995,-0.6416241861040001
102,ASN,0.027,0.011042944785276,1.79238,1.6956099999999998,0.7223899999999999,4,0.210526315789474,1,0.0526315789473684,0.1111,0.3976,0.6747,0.8272,2.08900899,4.06933691,5.838799680000001,7.307757319999999,-1.12029516096,-2.186539493619999,-0.1702362181839999,-0.4852841438200001,4.910794637999992,-1.5370995101199991,0.7672780688999993,-0.4314115010200006
103,GLY,0.593,0.3279867256637168,0.6633100000000001,0.76824,0.44676,3,0.25,1,0.0833333333333333,0.4556,0.0,1.0,0.5062,1.6715043200000004,3.25783179,4.67893126,5.8646361,-1.677462155600001,-3.267511286700001,-0.2632198273299999,-0.7486504892499997,6.683622717999995,-5.230098165700001,1.0054010925999997,-1.2610169166999992
104,GLY,0.193,0.1067477876106194,0.56955,1.00669,0.6083099999999999,4,0.222222222222222,2,0.111111111111111,0.4556,0.0,1.0,0.5062,1.6697895,3.24442706,4.63490653,5.764065309999999,-1.3975578350999995,-2.7208481268,-0.2216803591649999,-0.6302943588499998,8.006260862000003,-6.847464168000007,1.3261631841999952,-1.6604721979999997
105,GLY,0.345,0.1908185840707964,0.8393,0.98588,0.4771200000000001,5,0.178571428571429,3,0.107142857142857,0.4556,0.0,1.0,0.5062,2.2264480000000004,4.326441190000001,6.181834210000001,7.690484639999998,-1.1593861122999998,-2.2612037267000007,-0.17813246464,-0.5073543608200001,6.997428781999994,-9.090854279599991,1.059970287999999,-2.05173577398
106,GLY,0.356,0.1969026548672566,0.65641,0.97579,0.4762099999999999,1,0.0344827586206897,1,0.0344827586206897,0.4556,0.0,1.0,0.5062,2.2257951799999995,4.3213090900000015,6.16487791,7.65143876,-1.5837372175000002,-3.0755921710000003,-0.2618154435599999,-0.7426843936100002,8.680465389999995,-9.812600243199988,1.3709608733999985,-2.314116222400004
107,GLY,0.033,0.0182522123893805,0.6215999999999999,1.11921,0.6557900000000001,0,0.0,0,0.0,0.4556,0.0,1.0,0.5062,2.92202442,5.67694353,8.1085759,10.08178944,-1.268013889,-2.4633114837,-0.2088276483399999,-0.5926919387,4.796214204000001,-10.2065418495,0.7240051814999998,-2.21215354535
108,GLY,0.344,0.1902654867256637,0.8621,0.97325,0.49075,0,0.0,0,0.0,0.4556,0.0,1.0,0.5062,2.2269059500000004,4.32991247,6.192857780000001,7.71451086,-1.5233592466099997,-2.96132654704,-0.2480724171709999,-0.7044290389660002,8.995429855999998,-7.311103193599998,1.424681721,-1.8562268442600005
109,GLY,0.691,0.3821902654867256,0.89249,0.7434200000000001,0.3735799999999999,0,0.0,0,0.0,0.4556,0.0,1.0,0.5062,1.25122478,2.4246476,3.4479058600000005,4.25909455,-2.0655868299,-3.996468911,-0.36378391049,-1.0292866002,8.163514881999989,-13.350471511000004,1.3537260288000033,-3.360570136100002
110,ASN,1.597,0.6531697341513293,2.4533,0.85548,-0.0074800000000001,0,0.0,0,0.0,0.1111,0.3976,0.6747,0.8272,1.53013694,2.97021527,4.23636258,5.256599509999999,-1.921028925102,-3.735082683754,-0.312372293707,-0.8873944806070001,8.95283520400001,-13.477334488055986,1.442535010599998,-3.279406553577996
111,ARG,0.65,0.1938562481359976,3.16073,2.07796,0.6250400000000003,2,0.1,1,0.05,0.0,0.7346,0.9398,0.6914,1.66877699,3.2365854100000004,4.609403820000001,5.70657372,-1.2074668849299997,-2.34626663613,-0.199095371407,-0.5654780674200001,12.051009019000055,-6.860341478839993,1.9774280744999928,-1.7343614221500023
112,GLY,0.737,0.4076327433628318,0.89276,0.7661100000000001,0.3048900000000001,3,0.272727272727273,2,0.181818181818182,0.4556,0.0,1.0,0.5062,1.11193624,2.15321413,3.0582515200000007,3.77121469,-1.32382216153,-2.5631042793,-0.22959482609,-0.6496582846399999,12.586366717000072,-13.470732435900002,2.179109376800004,-3.626440897040005
113,TYR,0.818,0.2400234741784037,3.01778,2.12735,0.46265,5,0.384615384615385,1,0.0769230769230769,0.3556,0.8063,0.502,0.1605,1.53060735,2.97387279,4.248308150000001,5.28368481,-1.1252275925300004,-2.19053811263,-0.178688053935,-0.5080876797099998,12.887965477999993,-13.023603076289987,2.003545974399996,-3.0854469428399964
114,ASN,1.361,0.5566462167689162,1.79275,1.21277,-0.12877,0,0.0,0,0.0,0.1111,0.3976,0.6747,0.8272,0.97472044,1.89784043,2.72085906,3.40125993,-1.3913417347,-2.7077748830000004,-0.22220915596,-0.6316192666000001,11.000326335000056,-15.900627706000012,1.7263300593000046,-3.7744340103000047
115,ASN,0.881,0.3603271983640082,2.40684,1.23276,0.3312399999999997,0,0.0,0,0.0,0.1111,0.3976,0.6747,0.8272,0.41780122,0.8138257,1.16749875,1.46057885,-0.808749545256,-1.57549058845,-0.127670486056,-0.363434736437,1.926097778,-3.2705141470499983,0.2958846455,-0.7475009662109999
116,ASN,0.752,0.3075664621676892,2.16754,1.77103,-0.0780300000000002,0,0.0,0,0.0,0.1111,0.3976,0.6747,0.8272,0.97515387,1.90119359,2.73175771,3.42581794,-1.11441446455,-2.17858812322,-0.163481284782,-0.4666163759549998,10.100985244000016,-13.652342180700003,1.5468031675,-3.0397183148600058
117,ARG,1.352,0.403220996122875,3.41234,1.74626,0.2547400000000004,0,0.0,1,0.25,0.0,0.7346,0.9398,0.6914,0.97660289,1.91246128,2.76855887,3.50926141,-1.7073953873000007,-3.3436926739,-0.2431431476499999,-0.6955265559999999,0.2358432499999999,-0.282706256,0.0365094842,-0.064359498
118,GLY,0.087,0.0481194690265486,0.80157,1.04077,0.6802300000000001,0,0.0,0,0.0,0.4556,0.0,1.0,0.5062,1.2513225300000002,2.42535245,3.45002289,4.26333521,-1.2049994908,-2.3423518656,-0.19777329565,-0.5619974824999999,8.951149025000023,-14.311400482000032,1.4692020997999986,-3.42273823546
119,GLY,0.511,0.2826327433628318,0.96163,0.8294499999999999,0.4675500000000002,0,0.0,0,0.0,0.4556,0.0,1.0,0.5062,1.25244978,2.4341526300000003,3.47888822,4.32916656,-1.4704105870200002,-2.8650162223299995,-0.229763309716,-0.6537959848399999,10.142157906000005,-16.821137333330036,1.5367062044999942,-3.7938577064399945
120,GLY,0.603,0.3335176991150442,0.81343,0.8672599999999999,0.3377400000000001,2,0.333333333333333,0,0.0,0.4556,0.0,1.0,0.5062,0.9742149,1.89390957,2.70802078,3.3721507,-1.9903414036,-3.8691077767,-0.32545812535,-0.92453841055,5.199000749222234,-6.453783064414781,0.8342039096111105,-1.5518581195666117
121,GLY,0.489,0.2704646017699115,0.8559399999999999,0.77832,0.5406799999999999,3,0.157894736842105,1,0.0526315789473684,0.4556,0.0,1.0,0.5062,1.5304889,2.9729149,4.245049379999999,5.27589418,-1.8911263975399992,-3.673727036440001,-0.3128188238399999,-0.8881675062700002,0.8638318850000001,-1.1963240430000002,0.1400839883,-0.2895873297899999
122,GLY,0.345,0.1908185840707964,0.74693,0.93316,0.5298400000000001,2,0.05,3,0.075,0.4556,0.0,1.0,0.5062,2.08596818,4.04562879,5.761150720000001,7.131032969999999,-1.6722226414,-3.2429069359,-0.28429951939,-0.8059866858299997,0.9016427699999998,-1.4077201536,0.1582425320999999,-0.37883184763
123,GLY,0.106,0.0586283185840707,0.5987899999999999,0.9542200000000004,0.7477799999999996,7,0.132075471698113,2,0.0377358490566038,0.4556,0.0,1.0,0.5062,2.78207406,5.40031747,7.701803909999999,9.55461264,-0.6538862529999999,-1.2563785520999995,-0.12811153665,-0.3609515990999999,0.274719241,-0.0700955199999999,0.0456930315,-0.0253640839
124,TYR,0.934,0.2740610328638498,3.81342,1.48154,0.9924599999999996,6,0.166666666666667,2,0.0555555555555556,0.3556,0.8063,0.502,0.1605,1.94541379,3.76437482,5.3394974,6.570826629999999,-1.7439096174,-3.358746138499999,-0.32756468732,-0.92345945959,2.9964968585906493,-4.240834161394467,0.4746864513532162,-0.9993161515877692
125,ASN,0.961,0.3930470347648261,2.30952,0.96934,0.51466,4,0.153846153846154,1,0.0384615384615385,0.1111,0.3976,0.6747,0.8272,2.0861502,4.047063230000001,5.7659001,7.14199765,-1.9083904976500004,-3.70282571997,-0.323162638575,-0.91695697603,0.549901441,-0.8892750830000001,0.0880676994999999,-0.2212133288
126,ARG,2.096,0.6251118401431554,3.71441,1.01776,0.2392400000000001,1,0.032258064516129,2,0.0645161290322581,0.0,0.7346,0.9398,0.6914,2.08632827,4.048417260000001,5.77021631,7.151458250000001,-1.5079454734199995,-2.91224164778,-0.273394250889,-0.7725869916759999,0.8224206540000002,-0.988082962,0.1506773234,-0.3000128983999999
127,GLN,0.1,0.0347826086956521,1.94497,1.87079,0.90421,7,0.155555555555556,1,0.0222222222222222,0.1111,0.5388,0.7952,0.6914,2.78270407,5.40514673,7.71733445,9.58908325,-0.8243381382200001,-1.5964063693600008,-0.14426053363,-0.40881112812,0.23542469,-0.1879634661,0.0399444227,-0.0488821408
128,ASP,1.082,0.4035807534502051,2.26463,0.9783,0.6207,1,0.0714285714285714,0,0.0,0.1111,0.3239,0.8675,1.0,2.22885239,4.345103129999999,6.24266594,7.82804384,-1.25213294277,-2.43453180645,-0.2030876655289999,-0.5767331613050002,3.070817926290641,-4.2499389929678655,0.4877509572282159,-1.032121884942469
129,ARG,1.671,0.4983596779003877,3.64125,1.23276,0.4492400000000001,3,0.2,0,0.0,0.0,0.7346,0.9398,0.6914,1.66993498,3.2455686,4.63867192,5.77271765,-1.1704562740000002,-2.2729763241,-0.19440145338,-0.5516798764599999,0.863850692,-0.0374417796,0.1396446854,-0.0233657007
130,GLY,0.226,0.125,0.78629,1.0710000000000002,0.5109999999999999,5,0.208333333333333,0,0.0,0.4556,0.0,1.0,0.5062,2.08769257,4.05908806,5.805284820000001,7.231641539999999,-1.6707440853000002,-3.266822683199999,-0.2443266892699999,-0.6975432511999999,0.235486157,-0.320452568,0.039262593,-0.0779242753
131,ASP,1.39,0.5184632599776202,2.34909,0.9078500000000002,0.38315,3,0.176470588235294,0,0.0,0.1111,0.3239,0.8675,1.0,1.6700703,3.24660206,4.64197978,5.78000678,-1.55047362886,-3.0138595134999995,-0.2537225033800001,-0.72072251429,1.374315115,-1.1598482929999996,0.2218712584000001,-0.2773521577
132,GLY,0.563,0.3113938053097345,0.93318,0.7602,0.4848000000000001,1,0.0625,0,0.0,0.4556,0.0,1.0,0.5062,1.67014127,3.2471649799999995,4.6438579,5.784388610000001,-1.90607011316,-3.7010020292,-0.31679850307,-0.8987883916,1.5312423579999996,-1.829466002,0.2479491917999999,-0.46869985478
133,GLY,0.174,0.0962389380530973,0.73041,1.02911,0.6048900000000001,2,0.0526315789473684,2,0.0526315789473684,0.4556,0.0,1.0,0.5062,2.50435743,4.8641079000000005,6.94412554,8.62755233,-1.2702684612,-2.4722362168,-0.20264238771,-0.57603629119,0.587509956,-0.8009223765000001,0.1076329115,-0.2163008141
134,SER,0.511,0.2348345588235294,1.48257,0.99006,0.67494,2,0.0645161290322581,1,0.032258064516129,0.4111,0.1877,0.8514,0.5309,2.22634689,4.325578310000001,6.17875203,7.68268488,-1.22427329955,-2.38428893436,-0.193529944001,-0.5505671811299999,1.1375350669999995,-0.9957456502,0.1943333676999999,-0.2650055974299999
135,SER,1.084,0.4981617647058823,1.42126,0.8655799999999999,0.2264200000000001,0,0.0,0,0.0,0.4111,0.1877,0.8514,0.5309,1.39154822,2.7041840500000003,3.8642155800000006,4.80799639,-1.8840200364,-3.6626679107,-0.30618533178,-0.8694577750599999,2.593741811999997,-3.851197053299999,0.4007477568999999,-0.91125710343
136,ASN,1.484,0.6069529652351738,2.01057,1.08897,-0.1279700000000001,0,0.0,0,0.0,0.1111,0.3976,0.6747,0.8272,0.8351711100000001,1.62437731,2.32457054,2.89832412,-1.6241768517600004,-3.1608802403,-0.259845426311,-0.7387341715220002,1.608360694999999,-2.6927365503999985,0.2709573165000001,-0.6827544421000001
137,PHE,1.519,0.4885815374718559,3.42926,1.21411,0.37589,0,0.0,1,1.0,0.8111,0.783,0.0763,0.037,0.55681697,1.08324248,1.55091939,1.93539825,-1.1975932611699998,-2.333766452906,-0.1858036801065999,-0.5285066767549998,8.916575035999987,-13.328572163717991,1.402429956399999,-3.3306700961650018
138,SER,1.123,0.5160845588235293,1.35586,0.8421299999999999,0.2108700000000002,0,0.0,1,0.166666666666667,0.4111,0.1877,0.8514,0.5309,1.11370096,2.1669992,3.10349165,3.87445909,-1.8007060765399998,-3.5090902476,-0.2792595527139999,-0.7942898082900001,11.630996417999944,-13.415781153799992,1.792682444200001,-3.357445814769999
139,ARG,1.308,0.3900984193259767,3.2986,1.67989,0.3651099999999998,1,0.142857142857143,2,0.285714285714286,0.0,0.7346,0.9398,0.6914,1.8109735,3.5307033500000005,5.073397410000001,6.36377797,-1.4017428332,-2.738004502899999,-0.2088140592299999,-0.5954204841499999,11.600575096000036,-6.667737565599992,1.719398448600001,-1.629866429750001
140,GLY,0.237,0.1310840707964601,0.722,1.13533,0.4356700000000002,4,0.2,1,0.05,0.4556,0.0,1.0,0.5062,1.6691687000000002,3.2395866400000006,4.6190524,5.727979039999999,-1.5801803530999998,-3.0660459209000006,-0.2665503528199999,-0.7560353299,10.518952735000004,-7.510204381300006,1.7357728068000031,-2.055753993499997
141,GLY,0.607,0.3357300884955752,0.94477,0.72967,0.47133,5,0.294117647058824,1,0.0588235294117647,0.4556,0.0,1.0,0.5062,1.81005277,3.52348906,5.04964501,6.30933842,-1.4160237110999998,-2.7614669382000008,-0.2177566241999999,-0.62006753868,13.747628273000002,-12.188393908299984,2.1783753773000103,-3.110134255949999
142,TYR,0.492,0.1443661971830986,3.18594,2.0945599999999995,0.8214400000000004,6,0.352941176470588,2,0.117647058823529,0.3556,0.8063,0.502,0.1605,1.9486163,3.78925912,5.420711170000001,6.75478911,-2.128576619200001,-4.154041095099998,-0.3237706036799999,-0.92281315997,13.63363430700001,-21.715554400999963,2.1382378989,-4.9617526781
143,ASN,1.502,0.614314928425358,2.47898,0.97386,-0.0308600000000001,0,0.0,1,0.166666666666667,0.1111,0.3976,0.6747,0.8272,1.6717675799999998,3.25991438,4.68585786,5.8807276,-1.7784684749000008,-3.465018627,-0.2765123753299999,-0.7862527801999997,14.511525806,-20.008422691,2.140808853399997,-4.487755816900011
144,ASN,1.26,0.5153374233128835,2.35422,0.9702499999999998,0.21475,0,0.0,1,0.0909090909090909,0.1111,0.3976,0.6747,0.8272,1.53196485,2.98442787,4.282775159999999,5.36181186,-1.6447664500999997,-3.206744247900001,-0.2534962783,-0.7215101241999999,13.717138527000069,-22.87824256320004,2.095755447600001,-5.319185572999997
145,ARG,1.303,0.3886072174172382,3.19904,1.65676,0.3932400000000002,0,0.0,0,0.0,0.0,0.7346,0.9398,0.6914,1.11306395,2.16203312,3.08723092,3.8374664199999993,-0.9134255602,-1.7735846785000002,-0.15156597869,-0.4299287008500001,11.000329732999964,-11.462248077599996,1.7143163592000004,-3.0574696182399994
146,ASP,1.547,0.577023498694517,2.65437,0.6339600000000001,0.50004,0,0.0,0,0.0,0.1111,0.3239,0.8675,1.0,0.83380402,1.6137767699999996,2.29004556,2.82032998,-0.8344496411999999,-1.6254100762,-0.13172674753,-0.3748623733,8.832967525999976,-11.794688339800016,1.4442497018000036,-2.8405546550999943
147,GLU,1.086,0.3980938416422287,2.5746300000000004,1.26943,0.37257,0,0.0,1,0.111111111111111,0.1111,0.4884,0.8112,0.9136,0.9725453200000002,1.88097119,2.66591079,3.2771173100000004,-0.960887747,-1.8676674666,-0.1576352023999999,-0.4478270344,9.032357319999962,-14.7967752596,1.4532365269000056,-3.5137310969000013
148,GLY,0.89,0.4922566371681416,0.91123,0.68024,0.23776,0,0.0,1,0.125,0.4556,0.0,1.0,0.5062,1.11271772,2.15932325,3.07831824,3.81706584,-0.69540735301,-1.3431221276999998,-0.1252970193159999,-0.3539132990199999,10.794849942000022,-13.804628196399996,1.7609494953000016,-3.665170078080001
149,SER,0.765,0.3515625,1.44029,1.04076,0.3702400000000001,0,0.0,1,0.0714285714285714,0.4111,0.1877,0.8514,0.5309,1.52982849,2.96778679,4.22832498,5.2380463,-0.5106592007,-0.9890283750000004,-0.0879718612399999,-0.2489433753,9.97577751,-8.75487006200002,1.5874842302000027,-2.210601754300002
150,ASP,0.491,0.1831406191719507,2.06702,1.31632,0.87368,0,0.0,1,0.0666666666666667,0.1111,0.3239,0.8675,1.0,1.80868085,3.51278607,5.014569460000001,6.229444959999999,-0.851994564815,-1.6633427256600002,-0.1277764157929999,-0.364079075818,11.200738252000008,-13.842857570879982,1.7171993799000025,-3.131411748339992
151,ASN,0.41,0.1676891615541922,2.06667,1.4767199999999998,0.5582799999999999,0,0.0,0,0.0,0.1111,0.3976,0.6747,0.8272,1.80833017,3.5100828700000006,5.00582245,6.20986504,-0.9063026928,-1.7578566892000005,-0.15439478653,-0.43795074223,9.775372120000007,-12.46661831880002,1.6015412733000007,-3.109347559600008
152,ARG,1.81,0.5398150909633164,3.7732,1.11581,0.4271900000000002,0,0.0,0,0.0,0.0,0.7346,0.9398,0.6914,1.81111017,3.5317919400000006,5.07704542,6.37233727,-1.0233538923499998,-1.9863414082000004,-0.16944563451,-0.4801590233299999,13.950211745000024,-12.8502534857,2.134832839600008,-3.0914520640199945
153,GLY,0.544,0.3008849557522124,1.0161,0.8727900000000001,0.3912099999999999,1,0.0666666666666667,0,0.0,0.4556,0.0,1.0,0.5062,2.22937159,4.34920342,6.256278680000001,7.85959303,-1.6206941731699995,-3.15985623533,-0.25031364567,-0.71264021715,15.417975965000002,-25.011609748399987,2.261215194100006,-5.454842377699984
154,SER,0.615,0.2826286764705882,1.6618700000000002,1.03822,0.5227800000000002,2,0.181818181818182,0,0.0,0.4111,0.1877,0.8514,0.5309,1.95024603,3.80200951,5.462622280000001,6.850641029999999,-1.4658731425000004,-2.854440625500001,-0.23103475828,-0.6568333710600001,12.603309757000057,-12.620150231099949,2.0292573915000065,-3.1796239189999964
155,GLY,0.286,0.1581858407079646,0.85039,1.06996,0.45204,5,0.454545454545455,0,0.0,0.4556,0.0,1.0,0.5062,1.67062019,3.25096773,4.65655369,5.814027659999999,-1.0777822154770005,-2.09030039761,-0.1813729278645,-0.513764624162,16.4740405259999,-16.176814898490015,2.4606930345999936,-3.65586305415801
156,ARG,1.117,0.3331345064121682,3.46707,1.5393499999999998,0.6966500000000004,3,0.428571428571429,0,0.0,0.0,0.7346,0.9398,0.6914,0.97487107,1.89903639,2.7248518400000004,3.41058111,-1.0384453499,-2.0127217619,-0.1769512232299999,-0.5010790528,11.391592187000066,-10.3105809322,1.794035669500001,-2.682068077399997
157,SER,0.901,0.4140625,1.5776400000000002,0.94026,0.3347400000000001,0,0.0,0,0.0,0.4111,0.1877,0.8514,0.5309,1.39399501,2.72322237,3.92644901,4.94927945,-1.1866533485199997,-2.3137424575,-0.1813853045109999,-0.5159767019200001,1.060417716,-0.5093652216999998,0.1681703642000001,-0.1611806883799999
158,TYR,0.267,0.0783450704225352,2.96977,2.23646,0.90454,9,0.409090909090909,1,0.0454545454545455,0.3556,0.8063,0.502,0.1605,2.2276302800000005,4.33558107,6.21150171,7.75718551,-1.24622610263,-2.434488385400001,-0.1873241504199999,-0.53473081272,0.078842692,0.061070442,0.009851136,0.011135729
159,ASN,1.046,0.4278118609406953,2.29412,0.99717,0.4018299999999998,3,0.25,1,0.0833333333333333,0.1111,0.3976,0.6747,0.8272,1.6700753300000002,3.24671643,4.642619300000001,5.782280979999999,-1.5811776304100005,-3.0876870497999995,-0.235007060396,-0.66955568917,0.5096500990000001,-0.5429365112000001,0.0889324089,-0.1568068586999999
160,ASN,0.851,0.3480572597137014,2.32999,1.19338,0.4006199999999997,2,0.166666666666667,1,0.0833333333333333,0.1111,0.3976,0.6747,0.8272,1.5305852999999998,2.97363884,4.24732475,5.28077998,-1.6177275375199998,-3.156416669100001,-0.24778240246,-0.70625665158,0.431887276,-0.280786382,0.0704743179,-0.07440151905
161,ASP,0.197,0.0734800447594181,1.8769,1.40712,1.07688,2,0.222222222222222,1,0.111111111111111,0.1111,0.3239,0.8675,1.0,1.53151867,2.9809708300000004,4.27153083,5.33646267,-1.3392901186899997,-2.61189547146,-0.2069446239779999,-0.5895823153699999,0.785009211,-0.3386650987,0.1286264708,-0.0940427487999999
162,ARG,1.395,0.4160453325380256,3.83673,1.37792,0.5800800000000002,0,0.0,0,0.0,0.0,0.7346,0.9398,0.6914,1.25308924,2.43910619,3.49499947,4.3654881,-1.5020842107,-2.9257657657,-0.2377203833099999,-0.6766027670999999,0.9018546320000002,-0.7967562327000001,0.1552158365,-0.2222708143999999
163,ARG,0.448,0.1336116910229645,2.93279,2.4792,0.4258000000000002,1,0.111111111111111,0,0.0,0.0,0.7346,0.9398,0.6914,1.53288822,2.9916260999999995,4.30635586,5.41550662,-1.7035680517499994,-3.337750791799999,-0.2378461431399999,-0.6801466141199999,8.301292432999999,-13.356924238400024,1.1939820931000007,-2.762175176530001
164,ASP,0.359,0.13390525923163,2.26061,1.60211,0.7198900000000001,0,0.0,0,0.0,0.1111,0.3239,0.8675,1.0,1.3926748100000002,2.7128928200000004,3.8924893,4.87159427,-1.5543912458000002,-3.0338461086,-0.2339129398800001,-0.6662569407,8.88528176900001,-13.989814778999982,1.3257264270000009,-3.1530792170999984
165,ASN,0.424,0.1734151329243353,1.96681,1.44052,0.5804799999999999,6,0.230769230769231,0,0.0,0.1111,0.3976,0.6747,0.8272,2.9251071900000007,5.7008743,8.186590970000001,10.25823269,-0.5979893715,-1.1561605113,-0.10673445448,-0.30190081079,4.156607639916665,-4.785553751042501,0.630842156333333,-1.1061484827240005
166,GLY,0.087,0.0481194690265486,0.72139,1.03124,0.6897600000000002,4,0.148148148148148,0,0.0,0.4556,0.0,1.0,0.5062,2.64503827,5.1463426,7.36897116,9.19496017,-0.98589754428,-1.9050411486800003,-0.177786656864,-0.502756664354,3.130154899409728,-3.836281988755209,0.4783545831444447,-0.893672268437833
167,GLY,0.42,0.2323008849557521,0.8729399999999999,0.9622699999999998,0.4257300000000003,2,0.142857142857143,0,0.0,0.4556,0.0,1.0,0.5062,1.80842894,3.5108473400000006,5.00830449,6.215443489999999,-1.84521270934,-3.574394402329999,-0.31928925922,-0.90432361719,2.4417017921105337,-3.296757076801476,0.3687144926148149,-0.7446392843576527
168,ASP,0.986,0.3677732189481537,2.2947800000000003,1.19867,0.4963300000000001,0,0.0,0,0.0,0.1111,0.3239,0.8675,1.0,0.97402408,1.89252034,2.7038040700000003,3.363565929999999,-1.84841200917,-3.60625450112,-0.2808046123810001,-0.7996360987000002,0.4726544330000001,-0.24199592262,0.0632673124999999,-0.04490279927
169,GLY,1.607,0.8888274336283185,1.7301,0.34892,-0.1479199999999999,0,0.0,0,0.0,0.4556,0.0,1.0,0.5062,0.41713225,0.80869494,1.15097928,1.42384392,-0.9839947305000002,-1.9171442325000003,-0.15369487915,-0.4372149829999999,0.5867687050000001,-0.9430752375,0.111130805,-0.2781265679
