2,MET,2.151,0.7213279678068409,2.82392,0.81691,0.0140900000000003,1,0.2,0,0.0,0.7111,0.6196,0.0,0.0988,0.9754716299999998,1.90373971,2.74032912,3.44603187,-1.6053341706800002,-3.132747193474001,-0.242973816454,-0.6921216629269998,27.445910479999764,-33.87041970037593,4.090181171700029,-7.584903924568027
3,GLU,0.639,0.2342375366568914,2.53103,1.52185,0.5671500000000005,0,0.0,0,0.0,0.1111,0.4884,0.8112,0.9136,1.53220554,2.98634086,4.2891705700000005,5.3767693,-2.11632786086,-4.14539405659,-0.2981468542409999,-0.852621103166,26.9200414210002,-42.02848737649997,3.798824728199972,-8.76444027659998
4,SER,0.837,0.3846507352941176,1.40806,0.99704,0.3419600000000001,0,0.0,0,0.0,0.4111,0.1877,0.8514,0.5309,1.5296433699999998,2.9663110500000003,4.22338184,5.22646273,-2.2104051170000005,-4.306592566400002,-0.3473955909599999,-0.98887964041,24.24250785599989,-36.99951741040008,3.793904682400016,-8.543005427929982
5,ASN,0.605,0.2474437627811861,2.1189400000000003,1.28289,0.5571099999999998,0,0.0,0,0.0,0.1111,0.3976,0.6747,0.8272,1.53024236,2.97099084,4.23874358,5.26153133,-2.1133088848,-4.121974887700001,-0.32623042185,-0.9297323836400004,24.8366213470002,-34.760352044499946,3.8513515456000222,-7.974779293489967
6,GLN,1.658,0.576695652173913,2.91301,0.8702099999999999,0.3467900000000001,0,0.0,0,0.0,0.1111,0.5388,0.7952,0.6914,1.1129965000000002,2.16150753,3.0855103399999995,3.83355277,-1.99439955,-3.8861963004,-0.3094134405299999,-0.8799313931999998,22.551951732000067,-30.78402725520004,3.5086693508000093,-7.274940542799966
7,SER,1.051,0.4829963235294117,1.6425200000000002,0.76813,0.3568700000000002,0,0.0,0,0.0,0.4111,0.1877,0.8514,0.5309,1.67079988,3.25238386,4.661243460000001,5.824858420000001,-2.2906536182000004,-4.469048466399999,-0.34692380014,-0.98766089524,22.718905263000018,-27.848779535199988,3.441630808200027,-6.402035146019993
8,ASN,0.551,0.2253578732106339,1.94491,1.48726,0.4067399999999996,0,0.0,0,0.0,0.1111,0.3976,0.6747,0.8272,2.22677751,4.32893295,6.189732749999999,7.7076615099999986,-2.5846272372400017,-5.0256696856800005,-0.4202404963366,-1.193943769906,23.57734866400005,-23.960696876495984,3.657399430300031,-5.566704914780024
9,ASN,0.354,0.1447852760736196,1.82902,1.60983,0.4811699999999996,2,0.0571428571428571,0,0.0,0.1111,0.3976,0.6747,0.8272,3.3429979,6.51546632,9.35684031,11.72581578,-3.11112142276,-6.072333472639998,-0.4700717441229999,-1.33950649615,20.17127592599987,-32.06814598498001,3.007702028600028,-7.2647711945600015
10,GLY,0.027,0.014933628318584,0.7413299999999999,1.06756,0.7134400000000001,2,0.0454545454545455,0,0.0,0.4556,0.0,1.0,0.5062,3.06195738,5.953302730000001,8.51402007,10.604556359999998,-3.63766305302,-7.061725754100001,-0.6084499440269999,-1.726433325235,15.65890569500002,-22.37872578998004,2.612961500599999,-5.530110142680002
11,GLY,0.33,0.1825221238938053,0.7824599999999999,0.96694,0.51106,3,0.0909090909090909,0,0.0,0.4556,0.0,1.0,0.5062,3.0637553799999995,5.967460520000001,8.560870260000002,10.71265331,-3.14153954433,-6.104798499080002,-0.5137818913670004,-1.4583184480739997,20.202485086000088,-17.984134848790017,3.07995240020002,-4.470357890798001
12,SER,0.027,0.0124080882352941,1.25441,1.39331,0.75569,0,0.0,0,0.0,0.4111,0.1877,0.8514,0.5309,2.9239434500000003,5.691855850000001,8.15724963,10.19206025,-2.757020985029999,-5.375895918400001,-0.4228840024949998,-1.2035087198999996,17.32707680499996,-12.158671845199985,2.693489202100019,-2.8844600407200005
13,GLY,0.08,0.0442477876106194,0.76087,1.01567,0.7123299999999999,0,0.0,0,0.0,0.4556,0.0,1.0,0.5062,3.06292482,5.96088027,8.53895699,10.661671220000002,-3.756220914740002,-7.317878103130002,-0.5882707718069999,-1.6736630896140003,15.830981158000018,-17.26942951249001,2.5041507066000053,-4.071199403684005
14,ASN,0.531,0.2171779141104294,2.06347,1.4426199999999998,0.4713799999999999,0,0.0,0,0.0,0.1111,0.3976,0.6747,0.8272,3.0637588300000003,5.967430569999999,8.56058054,10.71141035,-3.8028060949600007,-7.392989074900002,-0.61691216275,-1.7515678284799998,19.441245162999973,-16.347366372999982,3.0945992539000065,-4.104126250839999
15,ALA,0.363,0.1664374140302613,1.13901,1.14774,0.6702600000000001,1,0.0526315789473684,0,0.0,0.7,0.1645,0.249,0.3951,3.3452657,6.533142789999999,9.414722740000002,11.857520309999998,-4.051364291530001,-7.906572340900002,-0.6150730517199999,-1.7528307480999987,15.964577042999974,-13.353784391499971,2.384983749099991,-3.051284363049992
16,ALA,0.387,0.1774415405777166,1.16379,1.18741,0.60659,0,0.0,1,0.04,0.7,0.1645,0.249,0.3951,2.6448594400000003,5.144994780000001,7.36471886,9.18578043,-3.4898776852400006,-6.788622403500002,-0.5611663982899998,-1.5943135797500003,16.034740219999968,-17.649081665299967,2.4569223741999924,-4.143739601400004
17,LEU,0.83,0.3122648607975922,2.00318,1.36128,0.4667199999999998,0,0.0,2,0.105263157894737,0.9222,0.663,0.2811,0.0,2.22711988,4.3316225600000005,6.19860932,7.728068229999999,-2.6688370978339995,-5.188013733439999,-0.4350837700455001,-1.2356210242510002,18.07173021599999,-20.51556050548998,2.8327172345000298,-5.029133036630007
18,ASN,0.406,0.1660531697341513,1.86097,1.40822,0.6307799999999997,2,0.0909090909090909,1,0.0454545454545455,0.1111,0.3976,0.6747,0.8272,2.08681372,4.05226337,5.783025780000002,7.1812629,-2.8662342751,-5.582038370099999,-0.45257159329,-1.2874134867,18.396539124000054,-23.397769044500016,2.801939987400008,-5.392395189880007
19,ARG,1.775,0.5293766776021472,3.51573,1.21133,0.3666700000000003,1,0.0588235294117647,1,0.0588235294117647,0.0,0.7346,0.9398,0.6914,1.39059754,2.69677259,3.8399465999999993,4.752780469999999,-1.84645698754,-3.581969070415,-0.3126538165280002,-0.8867122411780006,26.60741754900009,-30.950119455215088,4.429534918800034,-7.927652914215999
20,GLY,0.76,0.4203539823008849,0.90103,0.74219,0.30581,1,0.111111111111111,0,0.0,0.4556,0.0,1.0,0.5062,1.11261591,2.15853978,3.07578939,3.81142561,-1.9070784566700003,-3.6996460006,-0.3211632605959998,-0.91039338477,28.95762614400034,-42.22248007919989,4.828218663900017,-11.13085330356993
21,GLY,0.303,0.1675884955752212,0.71946,0.9077,0.5973000000000002,3,0.1875,0,0.0,0.4556,0.0,1.0,0.5062,1.80950506,3.51923221,5.035750560000001,6.27786077,-2.34028109335,-4.557291485299999,-0.3702412504300001,-1.0531060008500002,28.644269599000346,-36.18585239860001,4.4696910788,-8.519503092669991
22,ARG,1.058,0.3155383238890545,3.17334,1.7465499999999998,0.5484500000000001,3,0.0967741935483871,0,0.0,0.0,0.7346,0.9398,0.6914,2.5053256900000003,4.871572690000001,6.968285550000001,8.681658249999998,-2.2726166488300006,-4.426700984900001,-0.3574067973099998,-1.0167321964599998,24.39925234600013,-35.63973616609995,3.815120131300023,-8.460473014720053
23,TYR,0.51,0.1496478873239436,2.79403,2.0693900000000003,0.8286099999999994,0,0.0,0,0.0,0.3556,0.8063,0.502,0.1605,3.06098387,5.94584419,8.490042290000003,10.5513609,-2.861445133174,-5.573563231240001,-0.449156626961,-1.2774896707669996,18.43058056799996,-30.039777062200034,2.846177623799989,-6.945465915500015
24,VAL,0.224,0.0919917864476386,1.5721,1.5785800000000003,0.6324199999999995,0,0.0,0,0.0,0.9667,0.4924,0.3655,0.1235,2.92370737,5.689963029999999,8.150871810000002,10.17700061,-1.8863167693,-3.669879709399999,-0.30322326907,-0.8617847227499997,19.50470559800024,-21.92776872179997,3.2392211803000004,-5.35762457319999
25,PRO,0.638,0.2860986547085202,1.76324,1.3154299999999997,0.2765700000000004,0,0.0,1,0.0526315789473684,0.3222,0.3764,0.8594,0.3827,2.3677734100000003,4.613713570000001,6.623218790000002,8.295651969999998,-2.6893821082000007,-5.243472047,-0.4160168938549998,-1.1845450784600005,18.394353065999983,-21.35203742039999,2.8293702730000048,-4.847985887579997
26,PRO,0.851,0.3816143497757847,1.70345,1.3650799999999998,0.0139200000000001,0,0.0,1,0.1,0.3222,0.3764,0.8594,0.3827,1.25200659,2.43074645,3.467893590000001,4.30462524,-2.5061250593870006,-4.870781171990002,-0.4106272765395001,-1.166149855088,17.037567945000035,-24.54670694285999,2.7830503411999885,-6.142850951943995
27,HIS,1.499,0.5421338155515371,3.07977,1.11026,0.15574,0,0.0,0,0.0,0.1444,0.561,0.1124,0.679,0.83422326,1.6170699899999998,2.30091662,2.84533388,-1.77543618939,-3.453930358219999,-0.283479336307,-0.8049807509,17.678281896000037,-32.166516443199946,2.761417187800002,-7.927909359000004
28,LEU,1.317,0.4954853273137697,2.42091,1.20113,0.1398699999999999,3,0.428571428571429,2,0.285714285714286,0.9222,0.663,0.2811,0.0,0.97320863,1.88612849,2.68275179,3.31529077,-1.1549844509999998,-2.255220126,-0.1733010088,-0.4940249260999999,11.905574054000036,-27.290500974999965,1.8512523243000043,-6.2548882897
29,ARG,2.204,0.6573218013719058,3.75647,1.00882,0.1401799999999999,2,0.4,2,0.4,0.0,0.7346,0.9398,0.6914,0.6939838,1.3381823899999998,1.88671076,2.30115599,-0.547371773,-1.060590605,-0.0944700046,-0.26764521,6.858099897999992,-17.82390723599998,1.220328276099998,-4.627246735999999
30,GLY,0.837,0.4629424778761061,1.04571,0.68308,0.28792,3,0.428571428571429,4,0.571428571428571,0.4556,0.0,1.0,0.5062,0.6939949,1.33829097,1.88714392,2.3023805900000003,-0.5298186460000001,-1.029326604,-0.0874958854,-0.2484452599999999,5.650179458999987,-15.964285943999997,0.949387821499998,-3.923884590000001
31,GLY,0.963,0.5326327433628318,1.04081,0.6601899999999999,0.1848100000000001,1,0.166666666666667,2,0.333333333333333,0.4556,0.0,1.0,0.5062,0.69396961,1.33807706,1.88638475,2.30047189,-0.443342203,-0.859901064,-0.0752797685,-0.213460349,5.648713781000012,-12.969019533999996,0.9619568899999998,-3.195593107999997
32,ASP,1.234,0.4602760164117866,2.2564,1.1025999999999998,0.3444000000000002,3,0.428571428571429,2,0.285714285714286,0.1111,0.3239,0.8675,1.0,0.97298938,1.88442357,2.67718273,3.3026622,-0.395335621,-0.772584934,-0.058248003,-0.1661555072999999,9.516134321999967,-11.704154335000018,1.418082129500002,-2.558223066099992
33,GLY,0.786,0.4347345132743362,1.00333,0.78876,0.23324,1,0.2,0,0.0,0.4556,0.0,1.0,0.5062,0.83380319,1.61378295,2.29010902,2.82060819,-0.7973046196,-1.5483892946,-0.13205601536,-0.3746841249000001,13.229749213000073,-21.992104033599936,2.1613294376000094,-5.285524501400006
34,GLY,0.934,0.5165929203539823,0.95967,0.77164,0.10236,1,0.166666666666667,0,0.0,0.4556,0.0,1.0,0.5062,0.8344458799999999,1.61881379,2.30665605,2.85848353,-1.25399899804,-2.439249369000001,-0.2005042940699999,-0.5692691097,17.451196795999877,-31.612527381000017,2.648393349300024,-7.403869751399992
35,ALA,1.019,0.4672168729940393,1.31517,0.8427899999999999,0.3192100000000002,0,0.0,0,0.0,0.7,0.1645,0.249,0.3951,1.25246782,2.43436856,3.47984565,4.33210007,-1.6199580826000002,-3.163201898400001,-0.2420952530599999,-0.6899382441800003,19.649677115000145,-31.983851633599944,3.0174961343999875,-7.439537735260031
36,ALA,0.666,0.3053645116918844,1.28285,0.88991,0.6250900000000001,0,0.0,0,0.0,0.7,0.1645,0.249,0.3951,1.6714352400000003,3.2572828,4.67709577,5.86034234,-1.8873808876,-3.6920788628,-0.2744908299899999,-0.7842031022999998,22.19590738600024,-27.16370054440003,3.170858750000011,-5.754439450599997
37,ALA,0.696,0.3191196698762035,1.24983,1.0387300000000002,0.4462699999999999,0,0.0,0,0.0,0.7,0.1645,0.249,0.3951,1.6702851000000003,3.24829961,4.64762088,5.793097780000001,-1.8110285920000009,-3.5323357785,-0.27992661444,-0.7978135810000001,21.82835778600022,-24.99012741380005,3.2468056113999864,-5.708054334799995
38,ALA,1.186,0.5437872535534158,1.37951,0.64851,0.3464900000000001,0,0.0,0,0.0,0.7,0.1645,0.249,0.3951,1.1134501099999998,2.16504382,3.09708978,3.85989825,-1.4567706743499995,-2.845227004799999,-0.2160475399999999,-0.6156754429999998,19.07381248500021,-24.857456924700006,2.7954513805000207,-5.335115893589991
39,ALA,0.925,0.4241173773498395,1.32118,0.7936900000000001,0.4623099999999999,0,0.0,0,0.0,0.7,0.1645,0.249,0.3951,0.8339685600000001,1.61508725,2.29443453,2.83061838,-0.7245191721299997,-1.4082403979999996,-0.11804088157,-0.3351119848599999,17.009982698000183,-11.774256860800005,2.660715802200025,-2.8343223728600013
40,SER,1.229,0.5647977941176471,1.51137,0.7362900000000001,0.2107099999999999,0,0.0,0,0.0,0.4111,0.1877,0.8514,0.5309,0.83388666,1.61442919,2.29221076,2.8253453600000005,-0.6203863072,-1.208246547,-0.0977144254,-0.2779024734,12.252039673000075,-18.71276301199996,1.9693910474999967,-4.423618938000011
41,ALA,1.222,0.5602934433745987,1.3268,0.7667400000000001,0.19226,0,0.0,0,0.0,0.7,0.1645,0.249,0.3951,0.69425911,1.34034326,1.89383784,2.31752895,-0.4519806799999999,-0.87287076,-0.081695911,-0.2307712198,4.426152243999996,-9.177590337000003,0.805189681999999,-2.540336865
42,GLY,0.73,0.4037610619469026,0.99522,0.83858,0.23942,0,0.0,0,0.0,0.4556,0.0,1.0,0.5062,0.6941304100000001,1.33932262,1.8904351400000003,2.30960108,-0.3936155565,-0.7645643632,-0.0654870024,-0.1859757160999999,3.293267797999998,-8.849444465199998,0.5762741257000005,-2.235466010199999
43,GLY,0.815,0.4507743362831858,0.94238,0.76883,0.2241700000000001,0,0.0,0,0.0,0.4556,0.0,1.0,0.5062,0.83375162,1.61338623,2.28883021,2.81776172,-0.49098839,-0.957835796,-0.0750547303999999,-0.2138100174999999,3.4204761799999988,-8.525543794,0.5166310022000004,-1.8557434695000008
44,ASP,1.318,0.4916076091010817,2.58081,0.82043,0.54257,0,0.0,0,0.0,0.1111,0.3239,0.8675,1.0,0.8342546000000001,1.6173157,2.30172669,2.84719372,-0.3208683747,-0.6245103079999998,-0.05058159105,-0.1436324104,2.0807450619999983,-2.7452008720000003,0.3366663345999999,-0.6707356100000001
45,ASP,0.836,0.3118239462886982,2.31105,1.1368799999999997,0.7081200000000005,0,0.0,0,0.0,0.1111,0.3239,0.8675,1.0,0.8333898299999999,1.61054488,2.27945172,2.7961938500000003,-0.3628912709999999,-0.705810787,-0.0590193369,-0.1677972262,1.1367821850000002,-1.287338395,0.2006163446,-0.3167703287999999
46,ARG,2.744,0.8183716075156576,4.0304,0.70475,-0.09575,0,0.0,0,0.0,0.0,0.7346,0.9398,0.6914,0.83430173,1.61769024,2.30297851,2.85012107,-0.5152209803,-0.9976000742,-0.0885758290399999,-0.2504490976,0.7862812500000003,-1.0560100134,0.1177954342,-0.2385140432
47,ARG,1.424,0.4246943036087086,3.47126,1.52797,0.4010300000000002,1,0.125,1,0.125,0.0,0.7346,0.9398,0.6914,1.11321433,2.16320107,3.09103967,3.84608385,-0.6330442605000001,-1.2357668225,-0.09574296564,-0.2729448268,0.66759632,-1.1523726230000002,0.1063647714,-0.2867520654
48,GLY,0.804,0.4446902654867257,0.93332,0.79169,0.21231,1,0.125,0,0.0,0.4556,0.0,1.0,0.5062,0.97313114,1.8855149,2.68070808,3.31053463,-0.7600673515,-1.480517993,-0.1199242185999999,-0.341256513,0.5105991879999999,-1.317837271,0.0812325855,-0.293853284
49,GLY,0.617,0.3412610619469026,0.92769,0.81031,0.3806900000000001,2,0.2,0,0.0,0.4556,0.0,1.0,0.5062,0.9722161,1.87845534,2.65784125,3.25926671,-0.552083092,-1.068245413,-0.0967968969999999,-0.273802036,0.353496507,-0.5959500879999999,0.0555918555,-0.137863081
50,ALA,0.803,0.3681797340669417,1.26475,0.6814800000000001,0.69652,1,0.142857142857143,0,0.0,0.7,0.1645,0.249,0.3951,0.83404389,1.61563617,2.2961017000000004,2.83401636,-0.681724829,-1.3212947159999997,-0.1162232613,-0.329124704,0.4317594360000001,-1.14461497,0.070395889,-0.277323825
51,GLY,0.915,0.5060840707964602,1.256,0.41837,0.47463,0,0.0,0,0.0,0.4556,0.0,1.0,0.5062,0.27783594,0.5371989699999999,0.76111538,0.9354741,-0.1777619091,-0.3448780736999999,-0.0294436256299999,-0.0833387687999999,0.8240006810000002,-1.4233258435000005,0.1355347869999999,-0.358547268
52,GLY,0.445,0.2461283185840708,1.03707,0.86657,0.49643,1,0.333333333333333,0,0.0,0.4556,0.0,1.0,0.5062,0.55669352,1.0822745699999998,1.54773028,1.92808131,-0.145246013,-0.284618763,-0.0203025587,-0.0580892917,1.3776189250000002,-1.098886573,0.194025369,-0.2249900192
53,GLY,0.443,0.2450221238938053,0.60988,1.07003,0.2949699999999999,3,0.333333333333333,2,0.222222222222222,0.4556,0.0,1.0,0.5062,0.97312254,1.88535342,2.67986141,3.3076455000000005,-0.3578792759999999,-0.69163409,-0.0640457426999999,-0.1810187076,0.8233324609999998,-1.587602115,0.1440341535,-0.4221764885999999
54,GLY,0.381,0.2107300884955752,0.89743,0.99591,0.4310900000000001,4,0.25,2,0.125,0.4556,0.0,1.0,0.5062,1.2500514,2.41561482,3.41870999,4.19382467,-0.187548206,-0.365841501,-0.0286592276,-0.0816170145,0.431828791,-0.631784328,0.0703477293999999,-0.150212039
55,TYR,1.069,0.3136737089201878,3.49175,1.77246,0.56654,4,0.363636363636364,2,0.181818181818182,0.3556,0.8063,0.502,0.1605,1.25167786,2.42816565,3.4593758200000004,4.28503804,-0.0443142051,-0.0868110075,-0.0062890253999999,-0.018000263,0.4324900699999999,-0.045918244,0.0658019641,-0.0079868505
56,ARG,2.351,0.701163137488816,3.74929,1.06083,-0.0588299999999997,2,0.333333333333333,2,0.333333333333333,0.0,0.7346,0.9398,0.6914,0.69419729,1.3398456,1.89215265,2.31352436,-0.3690575274,-0.707945192,-0.0730829272699999,-0.2054262486999999,0.665981794,-0.8508063995,0.1203986199,-0.2579831685
57,ARG,1.143,0.3408887563376081,3.39927,1.62917,0.58083,3,0.375,2,0.25,0.0,0.7346,0.9398,0.6914,0.69347894,1.33425336,1.87386823,2.27200708,-0.451770552,-0.876956552,-0.0764551857999999,-0.21715868,0.6668680950000003,-1.5119013679999995,0.1148286494999999,-0.3796988879999999
58,GLY,0.562,0.3108407079646018,0.67553,0.8512700000000001,0.3947299999999999,0,0.0,0,0.0,0.4556,0.0,1.0,0.5062,0.6959798800000001,1.3536966,1.93736378,2.41596349,-0.4999252183,-0.97963252,-0.0697795309399999,-0.1996297303999999,0.6690571809999999,-1.9227203970000004,0.0947506551999999,-0.3982912850000001
59,GLY,0.851,0.4706858407079646,1.00478,0.70427,0.2527300000000001,2,0.25,0,0.0,0.4556,0.0,1.0,0.5062,0.8351225999999999,1.6239767799999998,2.32318121,2.89492332,-0.7566110597999999,-1.4771376804,-0.11485204132,-0.3276099175499999,0.47185107,-0.094367979,0.0714098609,-0.0204124952
60,GLY,0.825,0.4563053097345132,0.94963,0.7446200000000001,0.23838,3,0.375,1,0.125,0.4556,0.0,1.0,0.5062,0.8339463,1.61488607,2.2936779300000003,2.82859395,-0.9012202988,-1.7503884339999998,-0.14907719455,-0.4230257004,0.8637949960000003,-0.7902616980000001,0.140235474,-0.1920008576
61,ASN,1.251,0.5116564417177915,2.43936,1.0014299999999998,0.1925700000000001,3,0.214285714285714,3,0.214285714285714,0.1111,0.3976,0.6747,0.8272,1.25142353,2.42618765,3.4529153900000007,4.2703902,-0.8101171399999999,-1.575206657,-0.1317281013,-0.3742406027,0.8631427920000001,-1.263148406,0.1461371549999999,-0.2934797718
62,SER,0.72,0.3308823529411764,1.4140199999999998,1.0592199999999998,0.3967800000000003,3,0.142857142857143,3,0.142857142857143,0.4111,0.1877,0.8514,0.5309,1.66861115,3.23534551,4.605521609999999,5.698279179999999,-0.328791081,-0.638267517,-0.0545921059,-0.1547914753,0.4715001339999999,-0.7971169250000002,0.073720422,-0.195577603
63,GLY,0.462,0.2555309734513274,0.79586,0.8916700000000001,0.45433,1,0.0555555555555556,0,0.0,0.4556,0.0,1.0,0.5062,1.3898540300000002,2.69093643,3.82069067,4.70851755,-0.4867872637,-0.9423309144999996,-0.08464125904,-0.239453202,0.7460068059999998,-1.4719130240000002,0.1207126835,-0.337665159
64,GLY,0.627,0.34679203539823,0.81743,0.8580399999999999,0.3229600000000001,0,0.0,0,0.0,0.4556,0.0,1.0,0.5062,1.25030051,2.41750902,3.42475401,4.20709712,-0.558379282,-1.088247914,-0.08694650845,-0.2474763762999999,0.6680587119999999,-1.2635364000000004,0.1030462244999999,-0.2948461544
65,GLY,0.983,0.5436946902654867,0.94713,0.6683899999999999,0.1566100000000001,0,0.0,0,0.0,0.4556,0.0,1.0,0.5062,0.97287061,1.88351303,2.67425661,3.2961766100000003,-0.737539054,-1.4380279369999998,-0.1131330639,-0.3219329395999999,0.941702156,-1.6668795959999996,0.1571691908,-0.4154136769999999
66,GLY,1.111,0.6144911504424778,0.99847,0.63216,0.06484,0,0.0,0,0.0,0.4556,0.0,1.0,0.5062,0.83385152,1.61415511,2.29131129,2.82329297,-0.5440975039,-1.0597430954,-0.08551051698,-0.2431913716,1.294003172,-1.5172217152,0.2237204478,-0.3893993654000001
67,GLY,0.506,0.2798672566371681,0.87505,0.84883,0.4531700000000001,1,0.0769230769230769,0,0.0,0.4556,0.0,1.0,0.5062,1.11154879,2.15017633,3.0482448900000003,3.74826729,-0.5677863448000001,-1.1062433771,-0.0891463110999999,-0.2537256868,0.7070232459999999,-0.8014718920999999,0.112369651,-0.1925394526
68,GLY,0.691,0.3821902654867256,0.992,0.7489300000000001,0.3680699999999999,2,0.105263157894737,0,0.0,0.4556,0.0,1.0,0.5062,1.25007144,2.41569301,3.4187003800000006,4.19299325,-0.4745227335999999,-0.920355017,-0.0804084712,-0.2279349461,0.6673660230000001,-1.084540528,0.1098190888,-0.2682958117
69,GLY,0.214,0.118362831858407,0.7543500000000001,1.03205,0.5619500000000002,5,0.208333333333333,3,0.125,0.4556,0.0,1.0,0.5062,1.52818793,2.95504601,4.18676315,5.14395772,-0.3482841704,-0.6735779943,-0.0618082896,-0.17483866526,0.7831948369999998,-1.838334628,0.1438882944,-0.4719797666
70,TYR,1.989,0.5836267605633804,4.19294,1.03154,0.3874599999999999,7,0.4375,3,0.1875,0.3556,0.8063,0.502,0.1605,1.5302272,2.97084098,4.23813768,5.25979814,-0.5658050413,-1.0951266626,-0.09866307146,-0.27910202593,0.4693642979999999,-1.3056551799999998,0.0902228205,-0.3756741529999999
71,ASP,1.128,0.4207385303991047,2.43492,0.92962,0.6233800000000002,3,0.2,3,0.2,0.1111,0.3239,0.8675,1.0,1.39115957,2.70110543,3.853962300000001,4.78413684,-0.6001731152,-1.1642308896,-0.1014075351499999,-0.28748901284,0.5493231160000001,-0.8236313579999999,0.0916678907999999,-0.1941663059999999
72,ARG,2.082,0.6209364747986876,3.42864,1.23853,0.0324700000000004,0,0.0,2,0.333333333333333,0.0,0.7346,0.9398,0.6914,0.97351304,1.88853143,2.69072493,3.33375503,-0.8910235604,-1.731962408,-0.14434117563,-0.4095901751,0.314491487,-0.79236281,0.0478623868,-0.1766775253999999
73,GLY,1.044,0.577433628318584,0.79774,0.72972,0.0342799999999999,0,0.0,1,0.25,0.4556,0.0,1.0,0.5062,0.55497024,1.06889004,1.50406024,1.82919062,-0.7886401230000002,-1.52752472,-0.1366843053,-0.387072782,0.3127725999999999,-0.932461804,0.0612045081,-0.2645487809999999
74,TYR,1.139,0.3342136150234742,3.31805,2.0566500000000003,0.2123499999999998,0,0.0,1,0.25,0.3556,0.8063,0.502,0.1605,0.6940939400000001,1.33905296,1.88960354,2.30786707,-0.6277952391000001,-1.218636632,-0.1047315757,-0.2970286822,0.313176219,-0.859115616,0.0584837825,-0.2381787225
75,ASN,1.264,0.5169734151329244,2.51451,0.90507,0.2759299999999998,0,0.0,0,0.0,0.1111,0.3976,0.6747,0.8272,0.97383635,1.89105963,2.69903151,3.3527409399999994,-0.475176085,-0.926340005,-0.072623404,-0.2064988679,0.6272951039999999,-1.1244019140000003,0.1089952685,-0.2977958227
76,ASP,1.055,0.3935098843715031,2.36039,1.03322,0.5927800000000001,1,0.2,0,0.0,0.1111,0.3239,0.8675,1.0,0.83379414,1.61370242,2.28981097,2.81982483,-0.5106738789999999,-0.987410116,-0.0908069465,-0.256777268,0.9382323450000004,-2.3052835980000004,0.1843714035000001,-0.6708231259999999
77,ASN,1.205,0.4928425357873211,2.40226,0.99834,0.2416599999999997,0,0.0,0,0.0,0.1111,0.3976,0.6747,0.8272,0.69442759,1.34165893,1.89815426,2.32737559,-0.510619871,-0.985513591,-0.0933041432,-0.2634946385,0.900778288,-2.5659413000000013,0.165539027,-0.6803978250000001
78,ARG,2.604,0.7766179540709812,4.05082,0.78742,-0.0384199999999999,0,0.0,0,0.0,0.0,0.7346,0.9398,0.6914,0.83443367,1.6187217,2.30636594,2.85785955,-0.5141747217999999,-1.005896778,-0.0740809182,-0.2115322441999999,0.905870446,-2.860911485,0.1216003700999999,-0.5570212820000001
79,ASP,0.722,0.2693024990675121,2.14083,1.202,0.7570000000000001,0,0.0,0,0.0,0.1111,0.3239,0.8675,1.0,0.5548345800000001,1.0678301099999998,1.50058207,1.82125398,-0.553409603,-1.065362362,-0.1045981203999999,-0.294755777,0.39136212,-1.0522402,0.0735991235,-0.285308079
80,ASP,1.156,0.4311823946288697,2.53675,0.7965,0.7285000000000001,0,0.0,1,0.2,0.1111,0.3239,0.8675,1.0,0.83377857,1.61358586,2.28944661,2.81904899,-0.250790016,-0.485823076,-0.0434217645,-0.122992448,0.352384456,-1.0784701,0.0650766065,-0.292529895
81,ARG,1.212,0.3614673426781986,3.32553,1.52752,0.61348,0,0.0,1,0.25,0.0,0.7346,0.9398,0.6914,0.8337920000000001,1.6137124799999998,2.28993825,2.82040486,-0.2215564,-0.43453271,-0.0302529323,-0.086610306,0.3541326199999999,-0.93784781,0.0508528915999999,-0.1979448609999999
82,ASP,1.776,0.6624393882879522,2.6078,0.63809,0.26691,0,0.0,1,0.25,0.1111,0.3239,0.8675,1.0,0.5547970600000001,1.06753889,1.49963177,1.81910212,-0.228731648,-0.4398241149999999,-0.04401851,-0.12397901,0.4693414740000001,-1.31032013,0.09084063,-0.36991773
83,ASN,0.38,0.1554192229038855,1.95743,1.6545800000000002,0.4104199999999998,0,0.0,1,0.25,0.1111,0.3976,0.6747,0.8272,0.55454038,1.06554297,1.49311426,1.80432909,-0.14489431,-0.281545536,-0.0240913014,-0.068477444,0.47086581,-0.7412070059999998,0.0798991662,-0.1801732199999999
84,ARG,2.513,0.7494780793319414,3.73506,0.6224000000000001,0.2176000000000002,0,0.0,0,0.0,0.0,0.7346,0.9398,0.6914,0.5568558,1.08354458,1.5519056100000002,1.93763258,-0.117662928,-0.2313137739999999,-0.0151766639,-0.043550137,0.472826016,-0.5798845359999999,0.0616618175999999,-0.1091484674999999
85,GLY,0.788,0.4358407079646018,0.77607,0.4992999999999999,0.5207000000000002,0,0.0,0,0.0,0.4556,0.0,1.0,0.5062,0.4169788999999999,0.80749181,1.1470126,1.41473484,-0.266140099,-0.520739674,-0.03861386,-0.1103661689999999,0.275225372,-0.679971198,0.0417709915,-0.1478418489999999
86,GLY,0.525,0.2903761061946903,0.89535,0.74497,0.5380299999999999,0,0.0,0,0.0,0.4556,0.0,1.0,0.5062,0.41550315,0.7960603799999999,1.1098216600000002,1.33084407,-0.242856366,-0.46862813,-0.0446150669999999,-0.1260098,0.273678518,-0.59347141,0.0536911305,-0.1683013039999999
87,SER,1.297,0.596047794117647,1.4946700000000002,0.7205199999999999,0.1584800000000003,0,0.0,1,0.2,0.4111,0.1877,0.8514,0.5309,0.6944806199999999,1.34206671,1.89946939,2.33030529,-0.0878044935,-0.1702081074,-0.01490266432,-0.0421961861,0.5890035239999999,-0.5106244158,0.0948624798,-0.1265885786999999
88,GLY,0.431,0.2383849557522123,0.8618899999999999,0.94025,0.4367499999999999,1,0.166666666666667,1,0.166666666666667,0.4556,0.0,1.0,0.5062,0.83363568,1.61247491,2.28581936,2.8108279900000004,-0.164226362,-0.320279472,-0.0251755042,-0.0716740823,0.392043426,-0.6548293040000001,0.068169041,-0.153321963
89,GLY,0.661,0.3655973451327434,0.98064,0.61114,0.53586,1,0.166666666666667,1,0.166666666666667,0.4556,0.0,1.0,0.5062,0.69423627,1.34016159,1.8932300900000003,2.31610727,-0.421923693,-0.8160740149999999,-0.074512601,-0.210719341,0.31432396,-0.820448,0.0495589264,-0.1897994979999999
90,TYR,1.017,0.2984154929577464,3.60307,1.81876,0.5722400000000001,1,0.2,1,0.2,0.3556,0.8063,0.502,0.1605,0.69416134,1.33957898,1.89132828,2.3117981800000003,-0.408777842,-0.7900521189999999,-0.0730616154,-0.2065122949999999,0.313051716,-0.8652091979999998,0.059216134,-0.2454670359999999
91,GLY,0.825,0.4563053097345132,0.91293,0.7893600000000001,0.19364,0,0.0,1,0.166666666666667,0.4556,0.0,1.0,0.5062,0.8337372599999999,1.6132677,2.28841901,2.81675409,-0.479978105,-0.937628627,-0.0715584773,-0.204118574,0.6294197399999999,-1.8475788900000003,0.0922100764,-0.3905620780000001
92,ARG,2.732,0.8147927229346854,3.91587,0.8734900000000001,-0.2524900000000001,0,0.0,1,0.2,0.0,0.7346,0.9398,0.6914,0.69445214,1.34184223,1.89872596,2.32858844,-0.380862954,-0.7358626189999999,-0.06837391123,-0.1931988222,0.6268135839999999,-1.972064,0.113108179,-0.5206425459999999
93,ASP,1.403,0.5233121969414397,2.46225,0.89553,0.38247,0,0.0,0,0.0,0.1111,0.3239,0.8675,1.0,0.6945590799999999,1.3426869499999998,1.9015311400000003,2.33509223,-0.6290256999999999,-1.2210901399999998,-0.104382674,-0.295930347,1.25675336,-3.7947577,0.1986203336000001,-0.8607860339999998
94,ARG,1.887,0.5627796003578884,3.78921,1.18481,0.2811900000000003,1,0.25,1,0.25,0.0,0.7346,0.9398,0.6914,0.83412505,1.61630168,2.29839191,2.8395625200000003,-0.5766361959999999,-1.124965566,-0.0879925087,-0.250647722,1.649761664000001,-4.7558554440000025,0.2606361775999998,-1.1023826519999995
95,ASN,1.305,0.5337423312883436,2.45337,0.93807,0.2019299999999999,2,0.666666666666667,1,0.333333333333333,0.1111,0.3976,0.6747,0.8272,0.69451546,1.34234965,1.90043605,2.33262945,-0.476781884,-0.923079116,-0.0822755363,-0.2326632165,2.8677774000000014,-7.274060526999993,0.4456664039999998,-1.6924290079999982
96,TYR,2.034,0.5968309859154929,4.03087,1.1076,0.2664000000000002,4,1.0,3,0.75,0.3556,0.8063,0.502,0.1605,0.83402398,1.61551218,2.295801,2.8336503,-0.537320847,-1.051236331,-0.0778614077,-0.222470314,3.9344614480000057,-9.43741629699999,0.5700633002000015,-1.9699242300000008
97,GLU,1.538,0.563782991202346,2.75143,0.98789,0.2021100000000001,3,0.75,2,0.5,0.1111,0.4884,0.8112,0.9136,0.69430908,1.34073874,1.89515424,2.32059067,-0.6335815739999999,-1.2295375109999995,-0.1058911867,-0.300193467,3.994097977999997,-10.496221964999975,0.7371442792000007,-2.759513128999999
98,ASP,1.601,0.5971652368519209,2.45419,0.71803,0.3619700000000001,2,0.5,2,0.5,0.1111,0.3239,0.8675,1.0,0.8342377000000001,1.61718841,2.30132646,2.84633564,-0.926339602,-1.803540492,-0.145835915,-0.4144274210000001,9.154036792999966,-25.158537357000032,1.4218569362999975,-5.763584070000021
99,ARG,1.858,0.5541306292872055,3.55845,1.30322,0.19178,1,0.2,1,0.2,0.0,0.7346,0.9398,0.6914,0.97347182,1.88821131,2.68968115,3.33139391,-1.097550541,-2.141266936,-0.16675697827,-0.4748601464999999,15.372163146000034,-28.71916892799996,2.3024597690000106,-6.431976016599976
100,GLY,0.533,0.2948008849557522,0.8557899999999999,0.87317,0.4018299999999999,3,0.375,0,0.0,0.4556,0.0,1.0,0.5062,0.97321761,1.88619471,2.68295446,3.31570824,-1.3950397680000002,-2.711116038000001,-0.2286897141,-0.649347499,18.65895991800007,-35.798821560999905,2.9530872430999686,-8.649379995100023
101,TYR,1.039,0.3048708920187793,3.40305,1.74335,0.6256499999999998,6,0.5,0,0.0,0.3556,0.8063,0.502,0.1605,1.25071568,2.42067226,3.4348656,4.22935568,-1.9474388646000005,-3.7770172777999993,-0.3315363941900001,-0.9402266614,19.36852021000019,-41.09642455670001,3.390871639499987,-10.578474199499984
102,ASN,0.656,0.2683026584867076,2.15088,1.2856799999999995,0.5033200000000002,7,0.4375,0,0.0,0.1111,0.3976,0.6747,0.8272,1.80936861,3.5181627799999995,5.032228370000001,6.269786399999999,-2.07267444457,-4.03181450034,-0.3337008756299999,-0.948148968911,28.361753971,-32.871075926220165,4.4720054285,-8.264786888546034
103,GLY,0.219,0.1211283185840707,0.74419,1.10522,0.4837799999999999,3,0.157894736842105,0,0.0,0.4556,0.0,1.0,0.5062,1.94823673,3.78638073,5.41156192,6.734815639999998,-2.6407854729000007,-5.142251954150003,-0.41711338293,-1.186130410055001,24.987416209000163,-26.723576815250023,3.896097484800016,-6.541298596645005
104,GLY,0.166,0.0918141592920354,0.79215,1.03179,0.6102100000000001,1,0.0344827586206897,0,0.0,0.4556,0.0,1.0,0.5062,2.22687376,4.32971806,6.1924155,7.714100129999999,-2.9889760398,-5.813021776239999,-0.4846202255619999,-1.3771438173399997,24.078043817000093,-24.131077067460083,3.8208410321000126,-6.159076072259986
105,GLY,0.364,0.2013274336283185,0.8421,0.94027,0.5037299999999999,2,0.0952380952380952,0,0.0,0.4556,0.0,1.0,0.5062,1.67062601,3.25097109,4.65641706,5.813260819999999,-2.465411186501322,-4.802105331469617,-0.3883527109310199,-1.1048639942636442,27.45909833400028,-30.952619480226417,4.321928142399962,-7.595391340232806
106,GLY,0.444,0.245575221238938,0.8675700000000001,0.92718,0.4368200000000001,1,0.0555555555555556,0,0.0,0.4556,0.0,1.0,0.5062,1.5306623300000002,2.97426349,4.249454940000001,5.28588748,-2.52443191763,-4.9276549016,-0.3827804650370001,-1.0913266298159996,27.70667392699996,-36.30942023459995,4.279038419699985,-8.369853378275993
107,GLY,0.819,0.4529867256637168,0.94089,0.7335600000000001,0.25544,1,0.0833333333333333,0,0.0,0.4556,0.0,1.0,0.5062,1.39263306,2.71267522,3.892143050000001,4.87191907,-2.1537213795700003,-4.216082411399999,-0.30700210414,-0.8773607390000002,27.5777739369998,-33.442313563899845,3.985764358700015,-7.313906181599973
108,GLY,0.902,0.4988938053097345,0.88693,0.73583,0.17017,0,0.0,0,0.0,0.4556,0.0,1.0,0.5062,1.11236398,2.15654082,3.06911826,3.79585989,-1.9214257638000003,-3.7272288680999983,-0.3249030255100001,-0.921165578,25.27261186300024,-35.29696212149993,4.207872262099982,-9.031905241199969
109,GLY,0.3,0.165929203539823,0.7927500000000001,0.95706,0.55094,2,0.0769230769230769,0,0.0,0.4556,0.0,1.0,0.5062,2.08670772,4.05149357,5.7806884,7.176492949999999,-3.0038231928000005,-5.8402763275,-0.4877751423599998,-1.3853251224799998,21.5551709730002,-24.10197597739996,3.4865810248000173,-6.218651951136019
110,ASN,0.269,0.1100204498977505,1.8381,1.6063,0.5696999999999997,5,0.178571428571429,0,0.0,0.1111,0.3976,0.6747,0.8272,2.22582656,4.32156142,6.1657348,7.653486979999999,-2.7880852282150004,-5.4113958790800005,-0.4668259152609997,-1.3241454818899998,22.06072485199994,-15.932601015800008,3.618997819099981,-4.167732256009997
111,ARG,0.942,0.2809424396063226,2.98149,1.95798,0.4530200000000004,6,0.2,0,0.0,0.0,0.7346,0.9398,0.6914,2.6455512000000003,5.15038298,7.38234871,9.225852689999998,-3.40822127792,-6.632779931140001,-0.5440805714703002,-1.5464825395700006,20.584666398000017,-26.90177636799996,3.236566280599995,-6.386523438079997
112,GLY,0.08,0.0442477876106194,0.7064499999999999,0.96904,0.75896,4,0.25,1,0.0625,0.4556,0.0,1.0,0.5062,2.6478777400000006,5.16852479,7.441772890000001,9.361114229999998,-3.081451552486,-6.022766906,-0.454317321868,-1.2965399275800005,23.35508754600012,-16.575229721899994,3.495646966000015,-3.76236313689
113,TYR,0.747,0.2191901408450704,3.26554,1.96431,0.69669,6,0.428571428571429,2,0.142857142857143,0.3556,0.8063,0.502,0.1605,1.80970563,3.52083934,5.04116634,6.29065574,-2.803040271540001,-5.445176604999999,-0.45947418591,-1.30337897919,19.92283581800009,-18.968901065700045,3.069153136899983,-4.76683836315999
114,ASN,0.635,0.2597137014314928,2.18748,1.27205,0.5379499999999999,4,0.363636363636364,1,0.0909090909090909,0.1111,0.3976,0.6747,0.8272,1.53087641,2.9759435200000004,4.25499506,5.29861164,-2.297038581170001,-4.465665908899998,-0.375339740044,-1.06642030073,23.571942403000023,-26.77107519769992,3.696209451099969,-6.56919372968999
115,ASN,1.362,0.5570552147239265,2.5138,0.84115,0.2418499999999998,2,0.4,1,0.2,0.1111,0.3976,0.6747,0.8272,0.97353452,1.88870221,2.69129683,3.33509532,-2.0208948653500007,-3.926275609100001,-0.3291871716099999,-0.9334910469299998,16.99335026600014,-33.93411768500008,2.800224159500008,-8.442670496019991
116,ASN,0.744,0.3042944785276074,2.0488,1.26601,0.4349899999999997,3,0.3,1,0.1,0.1111,0.3976,0.6747,0.8272,1.39176282,2.70585297,3.86966752,4.82036256,-1.5402562799,-3.0051657246000008,-0.235932735636,-0.67246775416,16.924713452000056,-29.61659021140009,2.731281325899993,-6.9853834962599874
117,ARG,2.333,0.6957948106173576,3.92613,0.85648,0.16352,0,0.0,0,0.0,0.0,0.7346,0.9398,0.6914,1.25248094,2.43445296,3.48005853,4.3323888,-1.4283721410000003,-2.7826807184999995,-0.2231905865999999,-0.6347754646,15.405864316000049,-32.30777990700002,2.371126686100026,-7.394985348100001
118,GLY,0.457,0.2527654867256637,0.99724,0.86149,0.48951,1,0.0625,0,0.0,0.4556,0.0,1.0,0.5062,1.5296893500000002,2.9666952599999994,4.22472856,5.22979804,-1.5042204862,-2.9317529435000003,-0.23364789299,-0.6649595359400001,12.213726185000011,-27.790565383999933,1.949733907799995,-6.5596918904000034
119,GLY,0.596,0.329646017699115,0.86496,0.86756,0.3444400000000002,0,0.0,0,0.0,0.4556,0.0,1.0,0.5062,1.5307653499999998,2.9750658100000003,4.2520786600000005,5.29184676,-1.2415589770000004,-2.416242808,-0.19765339269,-0.5616583818999998,10.371842038,-23.858580626999977,1.621590076200007,-5.4618651106999945
120,GLY,0.764,0.4225663716814159,0.86985,0.82812,0.21588,0,0.0,0,0.0,0.4556,0.0,1.0,0.5062,1.38950513,2.68827933,3.81219991,4.6898319,-1.1130966864,-2.1583844913,-0.18950679271,-0.53716543486,8.036400889000003,-13.841903381999996,1.4135783162999938,-3.572326604900001
121,GLY,0.353,0.1952433628318584,0.77596,1.01582,0.4391800000000001,2,0.0952380952380952,0,0.0,0.4556,0.0,1.0,0.5062,1.6682648,3.2326204400000003,4.59651547,5.677537730000001,-1.2593464067,-2.4597862049999994,-0.1882687737,-0.5370116127000001,8.069427417000021,-17.049348894000005,1.1262857855000006,-3.4940417410999984
122,GLY,0.693,0.3832964601769911,0.80254,0.76385,0.3511500000000002,2,0.166666666666667,0,0.0,0.4556,0.0,1.0,0.5062,1.39159136,2.70450309,3.86520063,4.8100551000000005,-1.2447206925000005,-2.4231822445,-0.1972801817599999,-0.5608282003,6.366850115999989,-15.549076632000018,0.9723469127000002,-3.5270160399999986
123,GLY,0.742,0.4103982300884956,0.945,0.6804500000000001,0.3855499999999999,4,0.333333333333333,0,0.0,0.4556,0.0,1.0,0.5062,1.25153304,2.427042,3.45571646,4.276772960000001,-1.0065318118000002,-1.9505019535,-0.17274769274,-0.4892998653999999,4.908534382000001,-9.174996913000012,0.7956013524000003,-2.115197685799999
124,TYR,1.119,0.3283450704225352,3.22989,1.7506000000000002,0.5383999999999995,9,0.692307692307692,3,0.230769230769231,0.3556,0.8063,0.502,0.1605,1.53006411,2.96954724,4.233825820000001,5.249754660000001,-0.54736824036,-1.06434070533,-0.08936680459,-0.25399570276,3.5720981450000004,-5.946103913000009,0.5908298845000001,-1.4134222614799996
125,ASN,1.137,0.4650306748466258,2.23099,0.95781,0.3501899999999998,4,0.8,2,0.4,0.1111,0.3976,0.6747,0.8272,1.11325427,2.16352435,3.09214069,3.84871982,-0.2763953087599999,-0.5331609064,-0.050837587893,-0.1434899780499999,3.380482794,-2.7317803143999986,0.5107287374000002,-0.71618959214
126,ARG,2.736,0.8159856844616761,3.93856,0.79052,-0.17352,2,0.666666666666667,1,0.333333333333333,0.0,0.7346,0.9398,0.6914,0.8342845099999999,1.61755063,2.30250125,2.84897311,-0.3869731218,-0.7464751114999999,-0.0712447080669999,-0.2011136771,2.5113149300000006,-3.0568564159999987,0.4159654772999999,-0.8350666212999999
127,GLN,0.832,0.289391304347826,2.46201,1.4730999999999996,0.5699000000000005,4,0.5,4,0.5,0.1111,0.5388,0.7952,0.6914,0.9722339,1.87851526,2.65777046,3.25829315,-0.3795747555,-0.7401924698000001,-0.0591493268199999,-0.1686141274,2.671332819999998,-3.126603200999999,0.4262083282999998,-0.7030794381000001
128,ASP,1.46,0.5445729205520328,2.19475,0.8213000000000001,0.3996999999999999,1,0.2,2,0.4,0.1111,0.3239,0.8675,1.0,0.97384226,1.89109306,2.69909598,3.35274838,-0.59796032348,-1.1685056749999998,-0.0885314970709999,-0.25261091334,2.6743397080000024,-4.772090622,0.3944805434999994,-1.0510746243000002
129,ARG,1.87,0.5577095138681778,3.80467,1.03052,0.45248,1,0.125,3,0.375,0.0,0.7346,0.9398,0.6914,0.97305842,1.88498847,2.67912673,3.3073763199999995,-0.7652375195300001,-1.4843597285,-0.128550183419,-0.364212008435,2.552485440999998,-6.288087805200007,0.4084709950000004,-1.4987391940000014
130,GLY,0.561,0.310287610619469,0.87111,0.8215300000000001,0.4254699999999998,5,0.277777777777778,5,0.277777777777778,0.4556,0.0,1.0,0.5062,1.5308505300000002,2.9756975200000007,4.25403528,5.295953079999999,-0.6344985598,-1.234084871,-0.1031359787,-0.2931956151,3.573856974000005,-6.598589084999998,0.5754317977,-1.5749207770000009
131,ASP,1.086,0.4050727340544573,2.15355,1.08553,0.5094699999999999,4,0.222222222222222,3,0.166666666666667,0.1111,0.3239,0.8675,1.0,1.67025138,3.2480365000000004,4.646758150000001,5.79113078,-0.6422834799,-1.2453787104299998,-0.1090734744199999,-0.3090514914999999,4.906420674999996,-8.470695206000004,0.8077937590000008,-2.1355541533
132,GLY,0.433,0.2394911504424778,0.82941,0.92394,0.45106,2,0.1,0,0.0,0.4556,0.0,1.0,0.5062,1.6691529900000002,3.23949451,4.61885174,5.72782771,-0.8574294276200001,-1.66556277925,-0.1409952724799999,-0.400007377486,7.18941920000002,-13.624859914500034,1.1272458120000006,-3.1893553635699976
133,GLY,0.548,0.3030973451327434,0.89491,0.97134,0.28866,0,0.0,0,0.0,0.4556,0.0,1.0,0.5062,1.52827886,2.95576407,4.18914623,5.149475230000001,-1.01193553982,-1.9593691418600008,-0.17594729626,-0.4980528608199999,9.140608694000012,-14.66887197206001,1.5484416660999976,-3.5772693813900087
134,SER,1.165,0.5353860294117647,1.73352,0.7693800000000001,0.24162,0,0.0,0,0.0,0.4111,0.1877,0.8514,0.5309,1.5312379,2.97874246,4.26409294,5.31910457,-1.1666631525,-2.2718384455,-0.1838360926,-0.5226811945000001,10.73629296399996,-14.84631608949996,1.5831227184000023,-3.204377844000012
135,SER,0.693,0.3184742647058823,1.55528,1.01862,0.46438,1,0.0526315789473684,0,0.0,0.4111,0.1877,0.8514,0.5309,1.6690467,3.238688380000001,4.616292260000001,5.72225508,-1.626728553,-3.176347306,-0.2444785587999999,-0.6970572916000001,12.694279783000074,-26.48998841300003,1.9498463222999989,-5.960392430000007
136,ASN,0.536,0.2192229038854806,2.16856,1.46857,0.4404299999999999,1,0.0666666666666667,0,0.0,0.1111,0.3976,0.6747,0.8272,1.39071653,2.6976593499999995,3.8427054900000006,4.75860921,-1.5620008892999997,-3.031525577400001,-0.2606361604599999,-0.7388825690600002,15.779476805000035,-23.964238487199943,2.603287328500022,-5.807253952500007
137,PHE,1.624,0.5223544548086202,3.72621,1.30019,0.1848099999999999,5,0.555555555555556,0,0.0,0.8111,0.783,0.0763,0.037,1.67114572,3.25503746,4.669784829999999,5.84383779,-1.6114056389,-3.138118397500001,-0.25440343331,-0.7236004167999998,20.159899348000035,-29.50990589299996,3.105018071000018,-7.048599812599994
138,SER,0.739,0.3396139705882353,1.4704,1.01229,0.4247100000000003,5,0.384615384615385,0,0.0,0.4111,0.1877,0.8514,0.5309,1.53049763,2.9729761800000003,4.245227450000001,5.276231650000001,-2.4470220107000005,-4.765556351499999,-0.3850084001799999,-1.0947833687700004,20.9650923460002,-39.83045648250015,3.403642059299989,-9.67544138907002
139,ARG,0.961,0.2866090068595287,3.49192,1.84617,0.5458300000000003,2,0.111111111111111,0,0.0,0.0,0.7346,0.9398,0.6914,1.8088155100000003,3.51383948,5.01803017,6.23735398,-2.4863861703700003,-4.8458090641,-0.3877731910199999,-1.103853168894,20.768771408000017,-23.57912281320008,3.3818582205000265,-5.704013352550008
140,GLY,0.067,0.0370575221238938,0.59434,1.12104,0.6199600000000001,2,0.0869565217391304,0,0.0,0.4556,0.0,1.0,0.5062,2.22763116,4.3356472,6.211920520000001,7.758757759999999,-3.0372082686200006,-5.924085228900003,-0.4645025171940002,-1.3226961740500005,17.1361338280001,-16.864637823299997,2.622422256000001,-4.085585885350004
141,GLY,0.377,0.2085176991150442,0.84451,1.01879,0.4122099999999999,1,0.0526315789473684,0,0.0,0.4556,0.0,1.0,0.5062,2.36764053,4.61268967,6.619906410000001,8.288240199999999,-3.1751427597140345,-6.17873062046927,-0.5079582876893692,-1.4437692026890712,15.25142483000004,-14.07366222470001,2.3337980111999914,-3.3856694900300006
142,TYR,1.256,0.3685446009389671,3.84588,1.62623,0.5257700000000001,4,0.266666666666667,2,0.133333333333333,0.3556,0.8063,0.502,0.1605,2.08949881,4.07316758,5.85138568,7.336525919999999,-2.41181480288,-4.6938324339,-0.3834217392999999,-1.0894291400899996,18.659322838000133,-17.35276449500001,2.932793580099977,-4.3217110178199984
143,ASN,0.745,0.3047034764826176,2.27654,1.38021,0.3197899999999998,1,0.0909090909090909,3,0.272727272727273,0.1111,0.3976,0.6747,0.8272,1.9505302,3.804224319999999,5.469874969999999,6.8671413900000005,-1.6621916150699998,-3.238879506180001,-0.258937883641,-0.7366303194220002,16.278509313999958,-8.960843934800007,2.4352501400999964,-2.125004650161999
144,ASN,0.627,0.256441717791411,2.03283,1.526,0.2919999999999998,0,0.0,2,0.2,0.1111,0.3976,0.6747,0.8272,1.67046598,3.2497342499999995,4.652402619999999,5.804235909999999,-1.46922118789,-2.86441087168,-0.226836795344,-0.6456722324549998,14.773924539000015,-18.81399894608,2.297220638500012,-4.615596099235996
145,ARG,1.474,0.439606322696093,3.54746,1.43885,0.4401500000000002,0,0.0,1,0.142857142857143,0.0,0.7346,0.9398,0.6914,0.97344818,1.88799947,2.68889008,3.32929303,-1.5926234060999995,-3.100075329099999,-0.2533339326059999,-0.7201411146599996,13.59983355399999,-22.894254067899983,2.0832540461000097,-5.26459170707999
146,ASP,1.072,0.3998508019395748,2.29798,1.06738,0.54162,0,0.0,1,0.125,0.1111,0.3239,0.8675,1.0,1.11225049,2.15566133,3.06625616,3.78940144,-0.7462502709000001,-1.4499391592999995,-0.1221769965,-0.3466901501,13.80856377500006,-20.56657443499987,2.331883465300006,-5.285546850099996
147,GLU,1.414,0.5183284457478006,2.79376,1.1655600000000002,0.1484400000000001,0,0.0,2,0.153846153846154,0.1111,0.4884,0.8112,0.9136,1.25175853,2.42882772,3.46166328,4.29061266,-1.0344416468700002,-2.0258189171,-0.14608529424,-0.4176336969399998,14.988509151999995,-18.756411872999944,2.180763472300004,-3.986404596399999
148,GLY,0.768,0.4247787610619469,0.99682,0.71228,0.32772,0,0.0,1,0.142857142857143,0.4556,0.0,1.0,0.5062,0.83404837,1.61571875,2.29653497,2.83549882,-0.5307960760999999,-1.0276979179,-0.09195272854,-0.2601705183,15.392115179999902,-16.469861341500017,2.466812739299983,-4.161616106900008
149,SER,1.082,0.4972426470588235,1.33331,0.79355,0.3004500000000001,0,0.0,1,0.142857142857143,0.4111,0.1877,0.8514,0.5309,0.97323536,1.88635231,2.68353878,3.31724836,-0.7338939296760002,-1.42467285608,-0.121626871124,-0.3447807414839999,17.314052257000135,-24.042792435960013,2.80471985010002,-6.081126288630974
150,ASP,0.435,0.1622528907124207,1.94291,1.49865,0.74735,0,0.0,3,0.176470588235294,0.1111,0.3239,0.8675,1.0,1.52973786,2.96703516,4.225708600000001,5.23162201,-0.9038129154,-1.7645386930000002,-0.1366466528699999,-0.3896672493,15.846526754999942,-22.814551406000035,2.377445068799996,-5.062045818200016
151,ASN,1.405,0.5746421267893661,2.43711,0.89543,0.1445699999999998,0,0.0,1,0.125,0.1111,0.3976,0.6747,0.8272,1.53184347,2.98348679,4.2797114700000005,5.35489608,-1.1033369339999997,-2.1503677183,-0.1711538780899999,-0.4869666911999999,17.33013180900009,-30.390404482000136,2.6706207899000054,-7.005671884700029
152,ARG,1.679,0.5007456009543692,3.4979700000000005,1.50367,0.1703300000000001,1,0.0833333333333333,2,0.166666666666667,0.0,0.7346,0.9398,0.6914,1.5309975,2.97687969,4.258034980000001,5.30545059,-1.5865301446999995,-3.0982971394000005,-0.23721280235,-0.6763008027000001,19.77843024500012,-28.07435519800008,2.9537087165000195,-6.107405759999999
153,GLY,0.319,0.1764380530973451,0.59307,0.99336,0.4956400000000001,2,0.285714285714286,0,0.0,0.4556,0.0,1.0,0.5062,1.11326363,2.16358,3.09226138,3.84880391,-1.3520395821,-2.6421856182,-0.1984833617199999,-0.5659966697999999,21.217996530999983,-21.91995948450011,3.279581685000006,-4.777144270899998
154,SER,1.338,0.6148897058823529,1.5321600000000002,0.7065,0.1315,1,0.2,0,0.0,0.4111,0.1877,0.8514,0.5309,0.97387049,1.89132653,2.69990761,3.35474117,-1.3129957274,-2.5684349361,-0.1895930371799999,-0.5413360263,18.04085588700005,-28.524394886699955,2.743676403799973,-6.224623136799995
155,GLY,0.704,0.3893805309734512,0.9812,0.77594,0.3280600000000001,1,0.2,0,0.0,0.4556,0.0,1.0,0.5062,0.83413872,1.6164040299999998,2.29871178,2.84024298,-1.1601900513999996,-2.2570723345,-0.1855581413999999,-0.52702070243,19.7864987200002,-24.702573861900028,3.2066995355999706,-5.884732414460018
156,ARG,2.34,0.6978824932895913,3.97984,0.95331,0.0596900000000003,1,0.142857142857143,0,0.0,0.0,0.7346,0.9398,0.6914,1.53240036,2.9878540300000003,4.29410385,5.387926350000001,-2.3493486708000004,-4.595594952499999,-0.3384116885799999,-0.96594879383,18.16288817699999,-27.6915571113,2.723474673400004,-6.414895914629991
157,SER,0.621,0.2853860294117646,1.52882,1.1807999999999998,0.3742000000000003,2,0.111111111111111,0,0.0,0.4111,0.1877,0.8514,0.5309,2.08939326,4.07235573,5.84876675,7.3306897,-3.129539074910001,-6.1050642049600015,-0.4793707130959998,-1.3657568857059998,18.12027316200001,-20.144035109080026,2.7652182742000115,-4.805625991562016
158,TYR,0.754,0.221244131455399,3.4018200000000003,1.7711799999999998,0.8828200000000002,1,0.04,0,0.0,0.3556,0.8063,0.502,0.1605,2.2268242000000003,4.329272990000001,6.19075645,7.709709299999999,-3.018991335220001,-5.8624717654000005,-0.5047483689499999,-1.4331904854299995,19.857595311000114,-18.97600058499996,3.312632842199976,-4.755553354230014
159,ASN,0.401,0.1640081799591002,1.96997,1.41592,0.6280799999999995,0,0.0,0,0.0,0.1111,0.3976,0.6747,0.8272,2.7850749,5.423709550000001,7.778404060000001,9.728910750000002,-3.844851849639999,-7.484572649360001,-0.6096729983400001,-1.73305368933,17.05265280200002,-27.031064925219987,2.6502708264999955,-6.336418499928
160,ASN,0.491,0.2008179959100204,1.93844,1.50698,0.4470199999999997,0,0.0,0,0.0,0.1111,0.3976,0.6747,0.8272,2.6473303200000005,5.16427081,7.427892399999999,9.32968841,-3.1619477945,-6.170220401100001,-0.4804037849000001,-1.3688565137399995,22.438041003000087,-26.41587057880005,3.4740884175,-6.181449890459995
161,ASP,1.399,0.5218202163371877,2.5423400000000003,0.8596300000000001,0.4223699999999999,0,0.0,0,0.0,0.1111,0.3239,0.8675,1.0,1.67149793,3.2577950600000003,4.67885843,5.86461618,-1.98481541849,-3.866259403,-0.3106059113619999,-0.883274325985,19.456465892000026,-20.56575683524004,2.9617076693999915,-4.735404989540003
162,ARG,1.199,0.3575902177154786,3.45777,1.66487,0.4891299999999998,0,0.0,0,0.0,0.0,0.7346,0.9398,0.6914,0.83408521,1.61599279,2.29738582,2.83729056,-1.4196212387999996,-2.7554355241,-0.23617562696,-0.66951292283,16.997153744000126,-16.43908553939996,2.7615081333999814,-4.105183207849988
163,ARG,2.263,0.6749179838950193,4.03571,0.8258099999999999,0.2641900000000003,0,0.0,0,0.0,0.0,0.7346,0.9398,0.6914,0.97398245,1.89219687,2.70274917,3.36118065,-1.7559341808000006,-3.4298180046000004,-0.26023520422,-0.7417308784999999,14.94133184400009,-18.871129625599973,2.220105299599989,-4.372235103080011
164,ASP,1.272,0.474449832152182,2.4759200000000003,0.99915,0.40985,0,0.0,0,0.0,0.1111,0.3239,0.8675,1.0,0.83409536,1.61605764,2.2975476,2.8375009500000004,-0.8239165755,-1.6042221529999998,-0.1302478078999999,-0.3703062882,8.669063418000023,-15.67141973399998,1.4674456840000012,-3.965250691399997
165,ASN,1.494,0.6110429447852761,2.45346,0.90296,0.0480399999999998,0,0.0,0,0.0,0.1111,0.3976,0.6747,0.8272,0.83391053,1.61463242,2.29293562,2.82717852,-0.7584955608,-1.4802435400000002,-0.1143541724,-0.3256650768,6.327498213999991,-13.906085182999975,0.9694411335000006,-3.2376150528
166,GLY,0.912,0.504424778761062,0.94535,0.70585,0.19015,1,0.2,1,0.2,0.4556,0.0,1.0,0.5062,0.6942230199999999,1.34006356,1.89292853,2.31547984,-0.249394153,-0.481340422,-0.045383126,-0.1281042013,4.504923326999994,-10.715148390999987,0.8130011364999978,-2.875114695499998
167,GLY,0.865,0.478429203539823,1.06197,0.64973,0.29327,1,0.166666666666667,1,0.166666666666667,0.4556,0.0,1.0,0.5062,0.69406403,1.33881789,1.88882731,2.30608067,-0.1823241057,-0.3556415493,-0.02813861403,-0.0802030315,4.518254218000007,-7.59368250649999,0.713305041799999,-1.718307236900004
168,ASP,1.335,0.4979485266691533,2.35817,0.8664000000000001,0.4796,1,0.333333333333333,1,0.333333333333333,0.1111,0.3239,0.8675,1.0,0.55488972,1.06827961,1.50212265,1.82497045,-0.201921947,-0.392320279,-0.0329484527,-0.093457763,2.98535084,-6.098895863000009,0.4698174540000002,-1.4131119330000013
169,GLY,1.431,0.7914823008849557,1.37121,0.36631,0.0106899999999999,0,0.0,0,0.0,0.4556,0.0,1.0,0.5062,0.41701308,0.80775856,1.14788753,1.41673043,-0.1621472119999999,-0.3150692439999999,-0.026605145,-0.075520585,2.355561335999998,-3.727474649000001,0.383493348,-0.8949351875000005
