2,MET,2.107,0.7065727699530516,2.9519,0.75395,0.1210499999999999,3,0.428571428571429,0,0.0,0.7111,0.6196,0.0,0.0988,0.97423618,1.89407454,2.70855967,3.37337659,-1.3855046701,-2.695921009700001,-0.222822135584,-0.6335457905199998,21.64091332999997,-23.55655361620004,3.468099931699967,-5.7096376904799815
3,GLU,0.765,0.2804252199413489,2.29486,1.45163,0.5113700000000001,2,0.181818181818182,0,0.0,0.1111,0.4884,0.8112,0.9136,1.25230583,2.43310367,3.4756956000000003,4.32263173,-1.3834894511,-2.6885049625,-0.22630062972,-0.6423579294399999,24.903231738999832,-24.32278502090008,3.947284785799973,-5.908027674799978
4,SER,0.56,0.2573529411764706,1.33116,1.0012599999999998,0.6147400000000003,2,0.133333333333333,0,0.0,0.4111,0.1877,0.8514,0.5309,1.81012432,3.52404776,5.0514761,6.31350994,-1.92638929,-3.7626562352,-0.28814444859,-0.82190773409,23.83823589200001,-28.39055983710003,3.489522388700013,-6.167859281880034
5,ASN,1.11,0.4539877300613497,2.32923,1.14464,0.1903599999999996,0,0.0,0,0.0,0.1111,0.3976,0.6747,0.8272,1.1127086000000002,2.15922739,3.07791694,3.81588431,-1.7116197142,-3.3373837981999994,-0.2639385906499999,-0.7514487180000002,19.887138663999984,-25.89300053390001,3.050918508499956,-5.988125060949989
6,GLN,1.768,0.6149565217391304,2.95109,0.8227799999999998,0.2842200000000001,0,0.0,0,0.0,0.1111,0.5388,0.7952,0.6914,0.8338976599999999,1.6145235999999998,2.29254959,2.82620884,-1.539744084986,-3.00116708723,-0.2390755217204999,-0.6804614366999998,14.814294507999971,-24.42052454741004,2.302062620699979,-5.67614823403501
7,SER,1.204,0.5533088235294117,1.49928,0.8747800000000001,0.09722,0,0.0,0,0.0,0.4111,0.1877,0.8514,0.5309,1.11310836,2.1623638,3.08825911,3.839637240000001,-1.8462666546,-3.5973914950999992,-0.2871082035199998,-0.81656266571,15.679346019999876,-21.421798085299983,2.411302730500009,-5.230878922450003
8,ASN,0.885,0.3619631901840491,2.08646,1.30497,0.2550299999999998,0,0.0,0,0.0,0.1111,0.3976,0.6747,0.8272,1.80932807,3.51780809,5.03093256,6.26642477,-2.2585044840499995,-4.3898289525,-0.3701160572499998,-1.0512977916600006,21.561851733000022,-23.48300223099993,3.4416421064000247,-5.790314085943989
9,ASN,0.4,0.16359918200409,1.80197,1.65058,0.39442,3,0.0833333333333333,0,0.0,0.1111,0.3976,0.6747,0.8272,2.92378557,5.690578609999999,8.15290319,10.1816674,-2.42536143855,-4.719594763600003,-0.3884234186600001,-1.10413010509,18.62408291200004,-27.59505019560009,2.8989796297000145,-6.621740930880027
10,GLY,0.091,0.0503318584070796,0.74065,1.05468,0.66232,3,0.0697674418604651,0,0.0,0.4556,0.0,1.0,0.5062,2.92241917,5.679933799999999,8.118062960000001,10.10243529,-3.123478742639999,-6.059720697339998,-0.5271545307150001,-1.4947745106650003,16.216591560999973,-21.621620713560063,2.633173110699995,-5.382683882420002
11,GLY,0.534,0.2953539823008849,0.89622,0.92164,0.35236,2,0.0555555555555556,0,0.0,0.4556,0.0,1.0,0.5062,2.92387386,5.691213390000001,8.15479831,10.18541467,-3.2026187749899995,-6.218443423439999,-0.5329993540939997,-1.5123579043299993,20.88098657000005,-23.19846753652,3.454483901499988,-5.902080988830019
12,SER,0.0,0.0,1.06984,1.3762499999999998,0.7997500000000004,0,0.0,0,0.0,0.4111,0.1877,0.8514,0.5309,3.0616943900000004,5.95132945,8.507827670000001,10.59129356,-3.0087042844500007,-5.853441237499998,-0.4819221138279999,-1.3691399305500005,17.91464216999997,-16.03178385330001,2.8059539334000143,-3.8701385783000046
13,GLY,0.091,0.0503318584070796,0.61433,1.01513,0.70187,0,0.0,0,0.0,0.4556,0.0,1.0,0.5062,3.0621552500000004,5.954955769999999,8.519810269999999,10.61887597,-2.7468888096,-5.354879555500002,-0.4257663511100001,-1.2121294998999996,16.26412119400003,-15.622457386699992,2.556494898599995,-3.8133960687400017
14,ASN,0.592,0.2421267893660531,2.05844,1.36521,0.4877899999999997,0,0.0,0,0.0,0.1111,0.3976,0.6747,0.8272,2.3659766200000005,4.599711210000001,6.57737807,8.19137823,-2.505281860274,-4.862599012865002,-0.419647440788,-1.190368637691,20.138107377999944,-15.291616911915003,3.290874014200033,-3.8046549056609935
15,ALA,0.673,0.3085740486015589,1.20638,1.00441,0.50359,0,0.0,0,0.0,0.7,0.1645,0.249,0.3951,2.508398180000001,4.895575139999999,7.047060119999999,8.861440089999999,-2.990674440640001,-5.826977395439998,-0.4672533169069998,-1.32930155365,18.16517540599995,-9.023922361149989,2.727384163800008,-2.1819508098900027
16,ALA,0.293,0.1343420449335167,1.26842,1.1341599999999998,0.7538400000000003,0,0.0,1,0.05,0.7,0.1645,0.249,0.3951,2.64543545,5.1494843800000005,7.379418599999999,9.21922456,-3.39693963191,-6.617511337429999,-0.5322322385370001,-1.5140553580699994,16.624934589000027,-22.401901800420003,2.547478318200007,-5.161248396400003
17,LEU,0.872,0.328066215199398,2.15221,1.27309,0.51291,0,0.0,2,0.117647058823529,0.9222,0.663,0.2811,0.0,1.9480202,3.78464564,5.405719100000001,6.721031829999999,-2.50864083864,-4.869176884000001,-0.41934257567,-1.18934088694,21.70367707400008,-20.55001643020008,3.5849742784000185,-5.416313071659987
18,ASN,0.901,0.3685071574642127,2.00267,1.12553,0.4184699999999999,3,0.166666666666667,1,0.0555555555555556,0.1111,0.3976,0.6747,0.8272,1.94758495,3.78130737,5.39497778,6.697172209999999,-2.6790262647400005,-5.218257832799998,-0.42049890618,-1.19600304975,17.700398866000068,-26.92543996479986,2.585575918200022,-5.895299482000008
19,ARG,1.768,0.5272889949299134,3.59826,1.09107,0.4939300000000002,2,0.133333333333333,1,0.0666666666666667,0.0,0.7346,0.9398,0.6914,1.39051957,2.6961563600000003,3.83789928,4.74803149,-1.616795306254,-3.134608549340001,-0.27728559405,-0.7862929424270001,23.13636064300004,-28.97606888374008,4.008635098500009,-7.550879231791984
20,GLY,0.454,0.2511061946902654,0.7685599999999999,0.8425099999999999,0.5114900000000002,4,0.363636363636364,0,0.0,0.4556,0.0,1.0,0.5062,1.11221362,2.15537285,3.0653099,3.7872440799999993,-1.7274369656,-3.3474865682,-0.296881580345,-0.8410341284500001,23.205549355000183,-34.84941359130003,4.076937682200006,-9.315339218630015
21,GLY,0.125,0.0691371681415929,0.58373,1.0967399999999998,0.5862600000000002,7,0.291666666666667,0,0.0,0.4556,0.0,1.0,0.5062,2.08798361,4.06136362,5.81276097,7.24872771,-2.3630416193899992,-4.613197761300001,-0.3560784560360001,-1.01495912336,20.72421634800004,-28.89388001859993,3.0791580999000105,-6.4571181734000005
22,ARG,0.807,0.2406799880703847,2.97421,1.814,0.7320000000000002,7,0.179487179487179,0,0.0,0.0,0.7346,0.9398,0.6914,2.5046141900000003,4.866027120000001,6.95013106,8.64036832,-1.99637207974,-3.89157877324,-0.310402127332,-0.8838083157440001,19.33460747000011,-29.33254918599996,2.9969867159000163,-6.785648415399985
23,TYR,0.577,0.1693075117370892,2.97376,2.00925,0.8217499999999998,2,0.0454545454545455,0,0.0,0.3556,0.8063,0.502,0.1605,2.92150657,5.672892010000001,8.095258320000001,10.05133267,-2.31412134284,-4.505778613600001,-0.366278996556,-1.0415871401599996,17.200309860999937,-26.6873655197,2.7655349450999966,-6.3000038944300085
24,VAL,0.5,0.2053388090349076,1.58218,1.45609,0.4789099999999999,0,0.0,1,0.0333333333333333,0.9667,0.4924,0.3655,0.1235,2.78470536,5.420783250000001,7.768668520000001,9.70629584,-2.1670610917,-4.222205846399998,-0.33799373547,-0.96144898886,20.77305372300019,-30.591651683199963,3.340917347900001,-7.266787617779991
25,PRO,0.69,0.3094170403587444,1.81955,1.1948,0.3451999999999999,0,0.0,1,0.0555555555555556,0.3222,0.3764,0.8594,0.3827,2.08873099,4.06716803,5.83169186,7.291568109999999,-2.994900543320001,-5.848362217,-0.4491657071140001,-1.2806898820000003,21.74966141900009,-29.74950683440008,3.214598013799988,-6.50027222064999
26,PRO,0.777,0.3484304932735426,1.69074,1.28063,0.1723699999999999,0,0.0,1,0.111111111111111,0.3222,0.3764,0.8594,0.3827,1.11242816,2.15702718,3.0706642200000003,3.79923465,-2.292005719850001,-4.455027807396001,-0.374905584111,-1.064755889546,14.250873933000037,-21.647783732200008,2.323849431700004,-5.194594581800012
27,HIS,1.459,0.5276672694394213,3.02958,1.1908199999999998,0.1151800000000002,0,0.0,2,0.285714285714286,0.1444,0.561,0.1124,0.679,1.11323176,2.16333167,3.09144841,3.84695455,-2.14227445857,-4.171258886449999,-0.3373328662099999,-0.9588257936600002,12.808591327000087,-21.64127118109997,1.9843760427999968,-5.391814443699985
28,LEU,1.38,0.5191873589164785,2.32864,1.1812999999999998,0.0967000000000002,1,0.0833333333333333,3,0.25,0.9222,0.663,0.2811,0.0,1.25111384,2.42380661,3.4452316300000003,4.25325153,-1.2609837968700002,-2.4539863698999995,-0.2018435001,-0.5738192591000001,8.049664006000011,-18.090390880800022,1.2979654602,-4.286193530599999
29,ARG,1.996,0.5952878019683865,3.67445,1.0795199999999998,0.2774800000000004,1,0.1,2,0.2,0.0,0.7346,0.9398,0.6914,1.25152463,2.42700731,3.45570886,4.277082399999999,-0.5814869684,-1.127894868,-0.0983136323999999,-0.2786910548,4.817478991,-13.707724105,0.8784981751999977,-3.6727336849999976
30,GLY,0.591,0.3268805309734513,0.85233,0.90471,0.31229,0,0.0,1,0.0714285714285714,0.4556,0.0,1.0,0.5062,1.11013304,2.13919863,3.01249303,3.66750958,-0.426842184,-0.827270682,-0.0733997639999999,-0.2080150588,4.777600955000006,-9.553920087000002,0.8811416830000003,-2.5119863819999995
31,GLY,0.953,0.5271017699115044,0.99868,0.6453,0.2097000000000001,0,0.0,0,0.0,0.4556,0.0,1.0,0.5062,0.97311898,1.88543673,2.68051025,3.31026394,-0.4825903911500001,-0.9404854272000002,-0.0751622199339999,-0.21390487934,4.955983145999998,-10.357591025600025,0.7293070188000006,-2.1914501667200046
32,ASP,1.541,0.5747855277881387,2.57938,0.69684,0.4431600000000001,0,0.0,0,0.0,0.1111,0.3239,0.8675,1.0,0.97339266,1.8875972,2.68768151,3.3268790800000003,-0.3434329521000001,-0.666449249,-0.0574112846199999,-0.1627468476,5.260210230999992,-7.602785247000007,0.8579022245000012,-1.8349674931000008
33,GLY,0.605,0.3346238938053097,0.83247,0.8872599999999999,0.3157400000000001,0,0.0,0,0.0,0.4556,0.0,1.0,0.5062,1.25144633,2.42637032,3.4535306300000004,4.27184292,-0.366954774,-0.714980819,-0.0571520231,-0.1625508643,4.517126057999999,-8.162187480999995,0.7152927366999997,-1.9687134304000016
34,GLY,0.133,0.0735619469026548,0.71655,1.08164,0.5933600000000001,1,0.05,1,0.05,0.4556,0.0,1.0,0.5062,1.38856728,2.6810298399999994,3.78867273,4.636949109999999,-0.3869731389999999,-0.755369209,-0.0583382884,-0.1662452294999999,4.552734744,-8.059810866,0.7533645842999995,-1.9605053235
35,ALA,0.809,0.3709307657038056,1.25922,0.94966,0.4223399999999999,1,0.0714285714285714,2,0.142857142857143,0.7,0.1645,0.249,0.3951,1.39059382,2.69670706,3.839603640000001,4.7516029500000005,-0.331868269,-0.645037517,-0.0542970756,-0.1541954694,4.560442431999999,-6.175523694999993,0.6925633350000007,-1.3729774836000002
36,ALA,1.057,0.4846400733608436,1.27416,0.78905,0.3349500000000001,0,0.0,0,0.0,0.7,0.1645,0.249,0.3951,1.11332557,2.16405517,3.09378903,3.852192649999999,-0.4437473515,-0.8559936908,-0.0812366745,-0.22918018275,4.592198192,-5.300680996000003,0.7533372873999984,-1.5308985674999989
37,ALA,1.076,0.4933516735442458,1.29793,0.8020699999999998,0.3029300000000001,0,0.0,0,0.0,0.7,0.1645,0.249,0.3951,0.83409231,1.61604547,2.29754932,2.83763402,-0.8682865757999999,-1.6864337830000002,-0.14339805354,-0.4068764505,3.302075764000002,-7.023019475999999,0.5003359307999998,-1.634875900799998
38,ALA,1.313,0.6020174232003668,1.31308,0.75771,0.1102900000000001,0,0.0,0,0.0,0.7,0.1645,0.249,0.3951,0.55497024,1.06889004,1.50406024,1.82919062,-0.8023365990000001,-1.5492935150000002,-0.1452586457,-0.4102611699999999,1.6061615439999994,-4.754481307999999,0.2899446860999999,-1.2675611429999998
39,ALA,1.14,0.5226960110041264,1.32459,0.7559100000000001,0.28509,0,0.0,0,0.0,0.7,0.1645,0.249,0.3951,0.6944580199999999,1.34189722,1.8989387,2.32917336,-0.597004525,-1.158731606,-0.1001802326,-0.284209345,0.9412518319999996,-2.319390404,0.1614789128,-0.596159507
40,SER,1.234,0.567095588235294,1.69977,0.77573,0.1662700000000001,0,0.0,0,0.0,0.4111,0.1877,0.8514,0.5309,0.69446319,1.3419361499999998,1.89906139,2.32943764,-0.2514009987,-0.4838225988,-0.0476509974999999,-0.1342312263499999,0.9401626680000004,-1.6130729373999997,0.1692682742,-0.4565974723000001
41,ALA,0.964,0.4419990829894543,1.25163,0.8440700000000001,0.37293,1,0.2,1,0.2,0.7,0.1645,0.249,0.3951,0.83372197,1.6131412099999998,2.28797792,2.81566713,-0.4566320279999999,-0.88987694,-0.0712104052,-0.202662825,0.5873466000000002,-1.7875368899999995,0.10842606,-0.4784881559999998
42,GLY,0.937,0.5182522123893806,0.94161,0.68025,0.1907499999999999,1,0.25,1,0.25,0.4556,0.0,1.0,0.5062,0.83420916,1.61696419,2.30058557,2.84462919,-0.513343391,-1.005067751,-0.0731416087,-0.2091117159999999,0.590191416,-1.7552689500000005,0.0850660547999999,-0.369954675
43,GLY,0.672,0.3716814159292035,0.87676,0.86537,0.2706300000000001,1,0.2,1,0.2,0.4556,0.0,1.0,0.5062,0.69439156,1.34137828,1.89723656,2.32529184,-0.5619661410000001,-1.085782029,-0.100323424,-0.283327186,0.6674393210000001,-2.02121642,0.1075257682,-0.4661001049999999
44,ASP,1.459,0.5441999254009698,2.51217,0.8328099999999999,0.38919,1,0.142857142857143,1,0.142857142857143,0.1111,0.3239,0.8675,1.0,0.97338792,1.8875257,2.6873253,3.3256911700000003,-0.21821735764,-0.42649524386,-0.032438576717,-0.09262757339,0.4710863079999999,-0.7835689739999999,0.0773301175,-0.1753373552
45,ASP,1.372,0.5117493472584856,2.46038,0.98221,0.3267899999999999,0,0.0,1,0.125,0.1111,0.3239,0.8675,1.0,0.97312291,1.88547865,2.68068788,3.31079245,-0.2555541513,-0.4985541746999999,-0.0393049851099999,-0.1120397,0.4726111999999999,-0.5760779339999997,0.0637794634,-0.1113190900699999
46,ARG,2.712,0.8088279152997316,4.001329999999999,0.68725,-0.04625,0,0.0,1,0.25,0.0,0.7346,0.9398,0.6914,0.5548009,1.06756689,1.4997179000000005,1.81928098,-0.509328133,-0.9799982780000002,-0.097002608,-0.273271072,0.39121762,-1.012428661,0.074861182,-0.2873304789999999
47,ARG,1.621,0.4834476588130032,3.18329,1.4097799999999998,0.3222200000000004,0,0.0,1,0.2,0.0,0.7346,0.9398,0.6914,0.83379175,1.61370009,2.28986038,2.82011126,-0.34581213,-0.67292221,-0.0556864856999999,-0.158376547,0.392785835,-1.10371697,0.0627766725,-0.260636348
48,GLY,0.664,0.3672566371681416,1.01703,0.76761,0.3763900000000001,0,0.0,2,0.285714285714286,0.4556,0.0,1.0,0.5062,0.83339784,1.61060461,2.27963738,2.79658522,-0.267595658,-0.5228856439999999,-0.0399917879,-0.11418385,0.39320807,-0.842415938,0.059433028,-0.184360623
49,GLY,0.858,0.4745575221238938,1.10484,0.55398,0.39602,0,0.0,1,0.333333333333333,0.4556,0.0,1.0,0.5062,0.4157066699999999,0.79765022,1.1150388,1.34274813,-0.2466049887999999,-0.4726346514,-0.04923941398,-0.13827698716,0.313164116,-0.4949196544000001,0.058204714,-0.15125223754
50,ALA,0.813,0.3727647867950481,0.79952,0.92436,0.4436400000000001,0,0.0,1,1.0,0.7,0.1645,0.249,0.3951,0.41679296,0.8060460899999999,1.14229214,1.40403702,-0.18761838751,-0.36501829327,-0.03039700229,-0.08645833641,0.314389832,-0.41053019054,0.048879856,-0.09999146682
51,GLY,0.379,0.2096238938053097,0.77777,0.83792,0.59108,7,0.411764705882353,0,0.0,0.4556,0.0,1.0,0.5062,1.53137211,2.97967963,4.26679511,5.32414101,-0.8175482025999998,-1.5959189070999995,-0.12389559679,-0.35326069766,3.8915319830000006,-5.445326558800001,0.5935022980999997,-1.21451186266
52,GLY,0.158,0.0873893805309734,0.7469899999999999,1.0219,0.6281000000000001,9,0.36,0,0.0,0.4556,0.0,1.0,0.5062,1.52835177,2.95630344,4.19080998,5.15294536,-0.9523145654000004,-1.8505098023,-0.1564529167,-0.4441909071,2.551751403999996,-3.6029844030000016,0.4188066401999997,-0.8711871572000001
53,GLY,0.48,0.2654867256637168,0.84316,0.88662,0.4413800000000001,6,0.333333333333333,0,0.0,0.4556,0.0,1.0,0.5062,1.6692280300000002,3.2400835100000003,4.6207986000000005,5.73231839,-0.5953763816999997,-1.1522445964,-0.10450133668,-0.2957740197999999,2.118897749000001,-1.9940000560000004,0.3563123687,-0.5487369222
54,GLY,0.547,0.3025442477876106,0.83284,0.8205,0.4405000000000001,4,0.285714285714286,1,0.0714285714285714,0.4556,0.0,1.0,0.5062,1.1112923600000002,2.1481853600000003,3.04175135,3.73357032,-1.08035958455,-2.09429931953,-0.184921109145,-0.524091434694,2.663122616000003,-4.188538701720002,0.4897550404,-1.1127262831280005
55,TYR,1.67,0.4900234741784037,3.5946100000000003,1.30627,0.4317299999999999,2,0.5,1,0.25,0.3556,0.8063,0.502,0.1605,1.11309951,2.16232512,3.0882377199999995,3.8399118,-1.1113512486,-2.1716070414,-0.16403576718,-0.4678707804,1.8067058159999976,-3.5084091126,0.2891469347999999,-0.851679006
56,ARG,2.25,0.6710408589322994,3.88738,0.8608099999999999,0.2421900000000003,1,0.166666666666667,1,0.166666666666667,0.0,0.7346,0.9398,0.6914,0.9729243,1.88390072,2.67541729,3.29848086,-0.7871143088999999,-1.5249879256,-0.13547212801,-0.3836274835,1.9598165149999984,-2.474762509,0.346087036,-0.6808202652400003
57,ARG,0.246,0.0733671339099314,2.70537,2.09039,1.01661,7,0.333333333333333,1,0.0476190476190476,0.0,0.7346,0.9398,0.6914,1.52912285,2.9622746400000004,4.21023533,5.19676529,-0.8316620287000001,-1.6196809340000002,-0.13175387287,-0.3748939343999999,0.8998810610000001,-0.5510714581,0.1706573507000001,-0.1789081135
58,GLY,0.536,0.2964601769911504,0.8691200000000001,0.8589699999999999,0.4130300000000001,2,0.117647058823529,0,0.0,0.4556,0.0,1.0,0.5062,1.94893569,3.79179131,5.4291500300000015,6.774442509999999,-0.6094842756000001,-1.1909999684,-0.09023289102,-0.25745827432,0.2358382839999999,-0.088381492,0.0359684792,-0.0273017527999999
59,GLY,1.051,0.5813053097345132,0.9872,0.63559,0.1214100000000001,1,0.0909090909090909,0,0.0,0.4556,0.0,1.0,0.5062,1.3921025400000002,2.70850583,3.87837031,4.840211569999999,-0.96189604917,-1.8708051086,-0.15408452304,-0.4373950313299999,1.02048063,-1.3781443180000004,0.1672445312,-0.3755324861999999
60,GLY,0.568,0.3141592920353982,0.8682,0.8804099999999999,0.3595900000000003,0,0.0,0,0.0,0.4556,0.0,1.0,0.5062,1.11226558,2.15578145,3.06666139,3.79036247,-1.092978861624,-2.1231174542500004,-0.1807553011319999,-0.513127709991,1.489905442,-1.62294137179,0.2583205924000001,-0.4378418811440001
61,ASN,1.496,0.6118609406952965,2.5328,0.79026,0.1587399999999998,0,0.0,1,0.1,0.1111,0.3976,0.6747,0.8272,1.11306872,2.16206764,3.08733499,3.83767562,-1.1001686672000002,-2.1362703125000007,-0.1828303559799999,-0.5187543430800002,1.412528785,-2.668374689000001,0.2351487379999999,-0.6789858162000003
62,SER,1.253,0.5758272058823528,1.64237,0.74722,0.1757800000000002,0,0.0,1,0.111111111111111,0.4111,0.1877,0.8514,0.5309,0.97308159,1.88514498,2.67955486,3.30809009,-1.4245177493999996,-2.7637949203,-0.23894246524,-0.67722154086,1.5296290459999993,-3.0372363480000004,0.2610003106,-0.7265704113000003
63,GLY,0.666,0.368362831858407,0.93272,0.7962600000000001,0.3457399999999998,4,0.235294117647059,2,0.117647058823529,0.4556,0.0,1.0,0.5062,1.81019486,3.52462178,5.05344212,6.318249069999999,-0.5277738767,-1.0352193075,-0.0718946698199999,-0.2058336764,1.730806915,-2.7677758690000003,0.2511363657999999,-0.5600697290000003
64,GLY,0.753,0.4164823008849557,0.9422,0.7383500000000002,0.31665,2,0.125,0,0.0,0.4556,0.0,1.0,0.5062,1.2513571,2.42565351,3.4511104,4.26611148,-0.48938774837,-0.9446998878,-0.08873644796,-0.25049367618,2.4312809759999987,-2.7178658466000014,0.4174363632000001,-0.7399723193999995
65,GLY,0.563,0.3113938053097345,0.90876,0.86076,0.3842400000000001,1,0.0625,0,0.0,0.4556,0.0,1.0,0.5062,1.25108283,2.42355874,3.4444014699999994,4.25130876,-0.523444678,-1.018771307,-0.0835251152,-0.237457646,2.041975367,-3.656839397999997,0.3271103082000001,-0.8703899870000001
66,GLY,0.733,0.4054203539823008,0.9023,0.78307,0.2919300000000001,0,0.0,0,0.0,0.4556,0.0,1.0,0.5062,0.97254019,1.88093224,2.6657877199999995,3.2768515000000003,-0.6439880536,-1.2535062334999998,-0.1022334585,-0.290564147,3.0214022399999947,-6.928486473999997,0.5045428399999999,-1.6993253528
67,GLY,0.815,0.4507743362831858,0.91463,0.74487,0.24813,1,0.111111111111111,0,0.0,0.4556,0.0,1.0,0.5062,0.97306173,1.88499731,2.67909648,3.30712483,-0.64049152324,-1.2511989745999998,-0.09500272268,-0.27089335183,3.0253447380000007,-7.015050662800002,0.4730321868000002,-1.596031401500001
68,GLY,0.605,0.3346238938053097,0.90586,0.8620300000000001,0.34097,3,0.25,0,0.0,0.4556,0.0,1.0,0.5062,1.11232244,2.15621662,3.06805719,3.79344887,-0.47740631389,-0.93463325538,-0.068113671425,-0.19471317418,2.5174222040000016,-4.919809918900003,0.3703986871999998,-1.0640395589000002
69,GLY,0.487,0.269358407079646,0.8261499999999999,0.9735200000000002,0.34748,4,0.25,0,0.0,0.4556,0.0,1.0,0.5062,1.1106261,2.14297935,3.0246622400000005,3.69456084,-0.4485700585999999,-0.8714018803,-0.0745300418399999,-0.21168662626,2.5100986300000017,-4.215640322599999,0.4330395078999995,-1.0729199109000005
70,TYR,1.946,0.5710093896713615,4.06804,1.03569,0.4263099999999999,5,0.5,1,0.1,0.3556,0.8063,0.502,0.1605,1.25212684,2.43168212,3.4709490900000004,4.311550899999999,-0.3186468253,-0.6180553192,-0.05421661225,-0.15376792733,1.804912264,-1.7207037065999995,0.3027980208999998,-0.4794670612999999
71,ASP,1.418,0.5289071242073853,2.46502,0.8991,0.3639000000000001,0,0.0,2,0.4,0.1111,0.3239,0.8675,1.0,1.11327941,2.16370922,3.0927068900000005,3.84988744,-0.759733946373,-1.46712668349,-0.137743486145,-0.389165527005,0.706306822,-0.72856626369,0.1171506372999999,-0.228493950715
72,ARG,1.922,0.5732180137190575,3.44114,1.23852,0.1924800000000002,1,0.2,2,0.4,0.0,0.7346,0.9398,0.6914,1.11361344,2.16632059,3.1012835900000004,3.86948135,-1.21151231211,-2.34999893273,-0.203953433566,-0.5779194381880001,0.5107938820000001,-0.193770884,0.07865223,-0.0733812073
73,GLY,0.523,0.2892699115044247,0.87711,0.81262,0.4723800000000001,1,0.166666666666667,1,0.166666666666667,0.4556,0.0,1.0,0.5062,1.1132056,2.16312479,3.09076011,3.8453551,-1.1819863246000002,-2.2966367296,-0.1935584426999999,-0.5492916938,0.512169844,-0.203341598,0.0674387124,-0.0405894131
74,TYR,0.851,0.249706572769953,3.29165,1.89704,0.6599599999999999,7,0.583333333333333,0,0.0,0.3556,0.8063,0.502,0.1605,1.39089207,2.69905815,3.84739182,4.7695963400000005,-1.203200933,-2.3451206950000003,-0.1872286894,-0.5329557899,1.4557591040000004,-2.421158185999999,0.2091985858,-0.523535558
75,ASN,1.309,0.5353783231083845,2.32945,0.9234,0.2125999999999999,3,0.25,0,0.0,0.1111,0.3976,0.6747,0.8272,1.11200161,2.15371966,3.05989538,3.7749225,-1.006294388,-1.9525064916,-0.1691778710099999,-0.4796856453599999,1.608674997999999,-3.1368986714000004,0.2700747159,-0.8040249822399999
76,ASP,1.383,0.5158522939201791,2.47833,0.84193,0.4560700000000001,3,0.214285714285714,0,0.0,0.1111,0.3239,0.8675,1.0,1.25063656,2.42014061,3.43341017,4.22690657,-0.9034103023,-1.7516152742,-0.15339663783,-0.4345863615999999,1.6088513460000011,-3.2316828518,0.2694630133000002,-0.8011352920000001
77,ASN,0.76,0.310838445807771,2.07174,1.31545,0.3695499999999998,1,0.125,0,0.0,0.1111,0.3976,0.6747,0.8272,1.11221762,2.15539909,3.06537996,3.78735664,-0.732572262,-1.4242367649999996,-0.1197242273,-0.3401812467,2.353509162999998,-5.224756060000001,0.4015906389000001,-1.296952006
78,ARG,2.79,0.8320906650760512,4.05237,0.69336,-0.1303599999999998,0,0.0,0,0.0,0.0,0.7346,0.9398,0.6914,0.97357067,1.88896029,2.69205697,3.33656187,-0.6970462620000001,-1.361226022,-0.1047800121,-0.2988367414999999,2.8298658610000005,-5.819195934000004,0.4339129015000001,-1.3186281866999996
79,ASP,0.706,0.2633345766505035,2.07402,1.28649,0.6885100000000002,0,0.0,0,0.0,0.1111,0.3239,0.8675,1.0,0.55508628,1.06981542,1.50716423,1.83648089,-0.6069048202999999,-1.176695229,-0.102668659,-0.29076159204,2.4319222919999994,-6.250915051900001,0.4113635356,-1.575683666300001
80,ASP,1.397,0.5210742260350616,2.10426,0.99815,0.28585,0,0.0,0,0.0,0.1111,0.3239,0.8675,1.0,0.4172201199999999,0.80938566,1.15326107,1.42909778,-0.5870056579999998,-1.146332334,-0.087505592,-0.249394463,2.122553942000002,-6.290504296000004,0.3218240523000003,-1.409967801000001
81,ARG,1.197,0.3569937369519833,3.3172300000000003,1.55435,0.6016500000000002,0,0.0,1,0.166666666666667,0.0,0.7346,0.9398,0.6914,0.83465732,1.62038101,2.3115167000000003,2.86872201,-0.7627933275,-1.480911953,-0.1277305893999999,-0.36255013,0.6283516100000002,-0.908785272,0.1012767675,-0.2305843319
82,ASP,1.477,0.5509138381201044,2.21712,0.7758200000000001,0.4281799999999999,0,0.0,1,0.25,0.1111,0.3239,0.8675,1.0,0.97358192,1.88906746,2.69247777,3.33773594,-0.6613989033000001,-1.2859643899000002,-0.10711170476,-0.3041470478999999,0.668150172,-1.4748621361000005,0.1027425476999999,-0.3416181227
83,ASN,0.591,0.2417177914110429,1.98345,1.41487,0.4391299999999998,1,0.0714285714285714,3,0.214285714285714,0.1111,0.3976,0.6747,0.8272,1.2506978800000002,2.4205456300000003,3.43449237,4.22863152,-0.3235755406,-0.6278766830000001,-0.0546486432,-0.1550543741,0.7457908499999999,-1.309105476,0.1232880606,-0.3350527131999999
84,ARG,2.521,0.751864002385923,4.02334,0.64732,0.1846800000000003,0,0.0,1,0.125,0.0,0.7346,0.9398,0.6914,1.1131395200000005,2.16259552,3.08897765,3.84114728,-0.1618727413,-0.3149671508,-0.02614920144,-0.0743660714,1.1793284169999998,-0.8156747280000001,0.1790179391999999,-0.19370277
85,GLY,0.529,0.2925884955752212,0.87861,0.86747,0.4115299999999999,0,0.0,1,0.125,0.4556,0.0,1.0,0.5062,0.9732041,1.88610581,2.68272159,3.31535828,-0.4100740817,-0.7977204929999998,-0.06644735493,-0.1889321118,1.1004539639999995,-1.127186917,0.17023212,-0.2720593815999999
86,GLY,0.876,0.4845132743362831,0.89999,0.7566999999999999,0.1753000000000001,0,0.0,0,0.0,0.4556,0.0,1.0,0.5062,0.83366927,1.61273885,2.2866893700000004,2.81282517,-0.5575090130000001,-1.0773077395,-0.09982470412,-0.2820957677,1.0584338489999994,-1.1568315652000003,0.1847703968000001,-0.3498599007400001
87,SER,1.008,0.463235294117647,1.5996100000000002,0.84265,0.3253500000000001,0,0.0,0,0.0,0.4111,0.1877,0.8514,0.5309,1.25254903,2.43497386,3.48173009,4.33608425,-0.3501772642,-0.6775954359999999,-0.0612760232999999,-0.1732915278,0.4327121249999999,-0.200346354,0.0637777559,-0.0472772016
88,GLY,0.14,0.077433628318584,0.61998,1.01328,0.6547200000000002,1,0.05,2,0.1,0.4556,0.0,1.0,0.5062,1.52963783,2.96623006,4.22298304,5.22514335,-0.1326730791299999,-0.259174089,-0.019992982865,-0.0570822279399999,0.432278158,-0.651816532,0.0676526946,-0.14347272702
89,GLY,0.233,0.1288716814159292,0.76749,0.96777,0.6072299999999999,1,0.05,3,0.15,0.4556,0.0,1.0,0.5062,1.52953808,2.96549799,4.220743720000001,5.22053229,-0.20141314,-0.39211397,-0.0319980574,-0.090982694,0.4315902919999999,-1.04441791,0.0723590188999999,-0.245074831
90,TYR,0.992,0.2910798122065727,3.61074,1.5667799999999996,0.8492200000000003,1,0.111111111111111,2,0.222222222222222,0.3556,0.8063,0.502,0.1605,1.25212656,2.431692,3.4710254000000003,4.311859989999999,-0.3855770109999999,-0.749288948,-0.0628509753,-0.178352911,0.4723006920000001,-1.5318942800000004,0.0664702937999999,-0.315422807
91,GLY,0.654,0.3617256637168141,0.8194199999999999,0.8388000000000001,0.3151999999999998,0,0.0,1,0.166666666666667,0.4556,0.0,1.0,0.5062,0.83380914,1.6138156099999998,2.2901671,2.82058925,-0.8018740993,-1.5527946687000005,-0.1392589673199999,-0.3942301995,0.4702365779999999,-1.325029399,0.0843707385,-0.34402493
92,ARG,1.481,0.4416940053683268,3.26474,1.50003,0.3719700000000001,0,0.0,1,0.125,0.0,0.7346,0.9398,0.6914,0.97289954,1.88370466,2.67476412,3.29695952,-1.008220759,-1.960872514,-0.1637942371,-0.4655610447000001,0.8226531919999999,-2.32638557,0.1487451360999999,-0.6170008580000002
93,ASP,1.24,0.4625139873181648,2.50998,0.92151,0.51949,0,0.0,1,0.25,0.1111,0.3239,0.8675,1.0,0.8339172300000001,1.61468055,2.29307966,2.82746441,-0.66835496352,-1.2968841332599998,-0.110995341346,-0.3143733629599999,1.5716468070000016,-4.325701359999999,0.2434876809,-0.960126281
94,ARG,2.194,0.6543393975544288,3.70702,0.96899,0.1900100000000002,0,0.0,1,0.25,0.0,0.7346,0.9398,0.6914,0.69434559,1.3410237399999998,1.89608925,2.32272386,-0.7077369189999998,-1.375135699,-0.116162024,-0.3297179905,2.9087070680000027,-9.435082049999991,0.4419824666000002,-2.0868146010000004
95,ASN,1.421,0.5811860940695297,2.39014,0.92754,0.0964599999999997,1,0.25,1,0.25,0.1111,0.3976,0.6747,0.8272,0.55459025,1.06592455,1.49433939,1.80704164,-0.515888218,-0.99658675,-0.0934800677,-0.264311978,3.249435239000003,-8.727065805000008,0.6054590932000009,-2.3088062670000005
96,TYR,2.021,0.5930164319248826,4.05764,1.15172,0.2352799999999999,2,0.5,2,0.5,0.3556,0.8063,0.502,0.1605,0.83394759,1.61491944,2.29386962,2.82928566,-0.8101819390000001,-1.5845880639999996,-0.1171066644,-0.334242386,6.447677266000008,-18.00417866100003,0.9662335836,-3.960823387000003
97,GLU,1.376,0.504398826979472,2.80671,1.16704,0.1849600000000002,3,0.75,1,0.25,0.1111,0.4884,0.8112,0.9136,0.83379629,1.61374396,2.2900347,2.82060424,-0.8334683780000002,-1.620813895,-0.1348413536999999,-0.383045816,9.423766431000011,-20.27576754600005,1.517249513799994,-4.83798379299999
98,ASP,1.742,0.649757553151809,2.61708,0.67155,0.2674500000000001,4,0.666666666666667,1,0.166666666666667,0.1111,0.3239,0.8675,1.0,0.69437297,1.3412277,1.89672346,2.32406219,-1.186969346,-2.2997075860000007,-0.2037134843,-0.5767308924000002,11.886546041000017,-27.89977826300001,2.0045329699999987,-6.912186338199993
99,ARG,1.39,0.4145541306292871,3.61939,1.46898,0.4940200000000003,3,0.3,0,0.0,0.0,0.7346,0.9398,0.6914,1.3920686900000003,2.70826658,3.8776747,4.8389006,-1.7095096901,-3.3462897870000003,-0.2437871737499999,-0.6966244077299999,19.70787279599997,-30.817233591999923,2.86705623040002,-6.589061200710014
100,GLY,0.326,0.1803097345132743,0.7965800000000001,0.92255,0.55945,6,0.375,0,0.0,0.4556,0.0,1.0,0.5062,1.3906154800000003,2.69688461,3.84021341,4.75307781,-1.6904446911000004,-3.2855858269999985,-0.27645386465,-0.7850244876,18.20335472499993,-26.96173754700003,3.084821016500004,-6.838217620599988
101,TYR,1.15,0.3374413145539905,3.51584,1.5897,0.6683000000000001,8,0.470588235294118,0,0.0,0.3556,0.8063,0.502,0.1605,1.66866336,3.23569898,4.60650083,5.6999696,-2.4396354175999995,-4.737523769200002,-0.404600658406,-1.1479870709999995,22.80371590800001,-34.93817347417994,3.7534902072999983,-8.831859709579975
102,ASN,0.14,0.0572597137014315,1.68535,1.57085,0.7341499999999996,8,0.296296296296296,0,0.0,0.1111,0.3976,0.6747,0.8272,2.506506480000001,4.880844130000001,6.998880410000001,8.751995699999998,-2.7302005350600003,-5.318548493159996,-0.426980200238,-1.2143393332500003,18.392323232000106,-19.540764786219988,2.829689461899992,-4.746121692860001
103,GLY,0.027,0.014933628318584,0.69538,1.09116,0.6898400000000002,4,0.137931034482759,0,0.0,0.4556,0.0,1.0,0.5062,2.9252151100000003,5.70184486,8.19021692,10.26785431,-2.535504841342,-4.941432257353999,-0.3942936436610001,-1.1220819463870002,20.048742255,-17.224486177501966,3.029183432100023,-4.163389212121003
104,GLY,0.46,0.2544247787610619,0.94392,0.84232,0.5056800000000001,1,0.0256410256410256,0,0.0,0.4556,0.0,1.0,0.5062,2.3658679900000004,4.59885162,6.574520770000001,8.18474809,-2.632759591250001,-5.110151065359998,-0.4397006614899999,-1.24697664982,20.6902470890002,-23.552976066100065,3.3580817929000024,-5.957646492019988
105,GLY,0.067,0.0370575221238938,0.6430500000000001,1.12324,0.6177600000000001,0,0.0,0,0.0,0.4556,0.0,1.0,0.5062,2.504534800000001,4.86552811,6.948901220000001,8.6387946,-2.5915795511,-5.038962230300001,-0.4199941915199999,-1.1927689813,19.588595413000093,-26.38531476060001,3.18597797580002,-6.782748447100015
106,GLY,0.694,0.3838495575221238,0.90876,0.8819399999999998,0.2320600000000002,0,0.0,0,0.0,0.4556,0.0,1.0,0.5062,2.0883598,4.06425654,5.822096220000001,7.269544999999999,-2.5902230636399994,-5.043164489300003,-0.411645458292,-1.1709168781000006,23.02051214600014,-36.616069841899865,3.640239062599996,-8.701237572600006
107,GLY,0.655,0.3622787610619469,0.91372,0.8126000000000001,0.3403999999999999,0,0.0,0,0.0,0.4556,0.0,1.0,0.5062,1.25122667,2.42464705,3.4478515100000005,4.25880952,-2.6517256657999995,-5.1506694375,-0.44051519576,-1.2508415443,23.62660884999999,-34.6008056017,3.930522164199999,-8.483474754479985
108,GLY,0.989,0.5470132743362832,1.0529000000000002,0.59304,0.22596,0,0.0,0,0.0,0.4556,0.0,1.0,0.5062,1.53144389,2.98034975,4.26936337,5.33111867,-3.1749073873000007,-6.194916503900002,-0.48354704323,-1.3776820057300008,20.98887357800006,-29.64490578749999,3.209449883399989,-6.977085448499993
109,GLY,0.374,0.206858407079646,0.73477,1.0024,0.4316000000000002,0,0.0,0,0.0,0.4556,0.0,1.0,0.5062,2.36702686,4.607917339999999,6.60432005,8.25290046,-3.755409287376002,-7.331401951879999,-0.5667802498690002,-1.6157907647839995,18.1291379849999,-21.352007612439987,2.6912609480999907,-4.8054176366140045
110,ASN,0.445,0.1820040899795501,2.04628,1.59671,0.4032899999999997,4,0.125,0,0.0,0.1111,0.3976,0.6747,0.8272,2.78491223,5.422397510000001,7.77396036,9.718353289999998,-3.34949921983,-6.521184671029999,-0.5307063665429999,-1.508996178907,16.192209920999932,-16.55039814516001,2.4950607838999987,-3.8824811040940057
111,ARG,1.556,0.4640620339994035,3.45167,1.41598,0.3810200000000001,7,0.21875,0,0.0,0.0,0.7346,0.9398,0.6914,2.5058867,4.8760249600000005,6.9831344600000005,8.71626631,-3.0475142624300005,-5.912773476900002,-0.5123370436900001,-1.4524642882900003,19.551768140000128,-21.889868862200057,3.182614983200004,-5.459524091759993
112,GLY,0.08,0.0442477876106194,0.76495,1.06726,0.6607399999999999,5,0.238095238095238,1,0.0476190476190476,0.4556,0.0,1.0,0.5062,2.64795721,5.1691509500000015,7.4438473200000015,9.36591008,-3.485956030119001,-6.810755925653001,-0.517178954434,-1.4752240498875,17.458355657000045,-15.174737054681,2.6084094549000003,-3.5326955485865024
113,TYR,0.847,0.2485328638497652,3.3056400000000004,1.91363,0.64737,4,0.285714285714286,2,0.142857142857143,0.3556,0.8063,0.502,0.1605,1.81083594,3.5296511299999995,5.07002396,6.35632807,-3.0391782970200008,-5.913546805600004,-0.4845374821400001,-1.3764377659999996,13.548955313000013,-10.8254020311,2.149050587900008,-2.813546340040001
114,ASN,0.573,0.2343558282208589,2.07356,1.4196,0.4523999999999999,3,0.1875,1,0.0625,0.1111,0.3976,0.6747,0.8272,2.0896705200000003,4.07453089,5.85593946,7.34716302,-3.0548509600000004,-5.952396628300002,-0.4783060459100001,-1.3613114735399992,16.594246402000007,-16.747429306799983,2.4672702377999967,-3.932976385809995
115,ASN,1.586,0.6486707566462169,2.5140100000000003,0.79634,0.0626599999999997,1,0.2,1,0.2,0.1111,0.3976,0.6747,0.8272,1.39261913,2.7125613899999994,3.89175218,4.87097345,-2.916104421350001,-5.6893295382,-0.4408972405599999,-1.2549845741800003,17.05171837500003,-21.90427865490001,2.6406410589999925,-5.350795229459987
116,ASN,0.658,0.269120654396728,2.29307,1.3042200000000002,0.4827799999999997,0,0.0,0,0.0,0.1111,0.3976,0.6747,0.8272,1.53199804,2.9847093799999995,4.28377872,5.3643482,-1.7057947271,-3.32443564664,-0.264387799651,-0.7521644636200001,18.389624559000133,-23.696925590799992,2.8507736623000106,-5.90726826303
117,ARG,2.369,0.7065314643602744,3.94789,0.78192,0.20208,0,0.0,0,0.0,0.0,0.7346,0.9398,0.6914,1.25209925,2.43146516,3.47023201,4.30989802,-1.39301689136,-2.7071796138,-0.22833628343,-0.6483343187500001,11.973556319999911,-19.187703586999984,1.9407386856999969,-5.026059323699994
118,GLY,0.957,0.5293141592920354,0.95244,0.69602,0.1549800000000001,0,0.0,0,0.0,0.4556,0.0,1.0,0.5062,1.53034007,2.97176353,4.24130737,5.267463750000001,-1.4793954162,-2.884651278,-0.22793338369,-0.6489531282400001,11.525743681999945,-20.25450497109994,1.6860332473,-4.278652595000006
119,GLY,0.286,0.1581858407079646,0.73617,0.9859,0.5361,0,0.0,0,0.0,0.4556,0.0,1.0,0.5062,1.3886957400000002,2.68202349,3.79189944,4.64420602,-1.0601785663,-2.0520447993000004,-0.1851601153599999,-0.523926186,10.276871506999992,-18.798039089500023,1.7401724367000058,-4.582055989799995
120,GLY,0.833,0.4607300884955752,0.984,0.6442199999999999,0.3307800000000002,0,0.0,0,0.0,0.4556,0.0,1.0,0.5062,1.25073986,2.42089639,3.43571669,4.2316427700000006,-1.0681479698999998,-2.0684590705999994,-0.18534036679,-0.52467327263,8.554787093000018,-14.512688791000016,1.4338927796000005,-3.534833522810004
121,GLY,0.445,0.2461283185840708,0.7004,0.93431,0.42869,4,0.2,0,0.0,0.4556,0.0,1.0,0.5062,1.52876655,2.95951475,4.20125238,5.176485169999999,-1.1090471135400002,-2.15131639803,-0.187756770355,-0.53238124305,7.885606206999991,-16.971996262200022,1.331530660099996,-4.259956297189997
122,GLY,0.73,0.4037610619469026,0.91397,0.7304799999999999,0.3475200000000001,3,0.3,0,0.0,0.4556,0.0,1.0,0.5062,1.3916446699999998,2.70491655,3.866546,4.81308802,-1.4097918774100002,-2.7458517098000006,-0.2224242285099999,-0.6327936742699998,7.663846066000025,-15.87770645780001,1.1814884817000006,-3.6168734194600014
123,GLY,0.81,0.4480088495575221,0.9316,0.64663,0.3513699999999999,4,0.571428571428571,0,0.0,0.4556,0.0,1.0,0.5062,0.97322439,1.88625768,2.68319675,3.31637187,-0.8230499215,-1.5870457633,-0.15209285119,-0.42912098603,5.764779759999998,-5.905091910000001,0.9900380571000016,-1.5352831419999988
124,TYR,0.531,0.1558098591549296,2.97808,2.05472,0.8222799999999997,10,0.625,4,0.25,0.3556,0.8063,0.502,0.1605,1.6690314800000003,3.23853247,4.61565342,5.720407220000001,-0.7391027285999999,-1.4452728760000002,-0.10847800043,-0.3098503914999999,5.152238849999992,-8.232660207000004,0.7652880409000018,-1.7433352356
125,ASN,1.498,0.612678936605317,2.3715,0.90494,0.0420599999999998,2,0.333333333333333,2,0.333333333333333,0.1111,0.3976,0.6747,0.8272,1.11269842,2.15916362,3.07776462,3.81571273,-0.2686567133599999,-0.51360463431,-0.0554535966566,-0.155506784073,4.357687519999995,-2.7230925329699978,0.7081158580000011,-0.8460399899029999
126,ARG,2.501,0.7458991947509692,3.94596,0.81045,0.0415500000000003,1,0.25,1,0.25,0.0,0.7346,0.9398,0.6914,0.97371176,1.89007154,2.69573632,3.34505838,-0.5064727949000001,-0.984340821,-0.0829215676399999,-0.23545770345,3.615173842,-4.741410797999997,0.5601119187999998,-1.1461987346
127,GLN,1.073,0.3732173913043478,2.47973,1.40814,0.3938600000000001,3,0.428571428571429,3,0.428571428571429,0.1111,0.5388,0.7952,0.6914,0.97224872,1.87863686,2.65818956,3.2593117200000004,-0.4252798726,-0.82849119584,-0.06736905216,-0.19185171521,3.6942655640000055,-2.6663303964,0.5732796254000009,-0.59294664541
128,ASP,1.238,0.4617679970160387,2.21852,0.95469,0.48831,1,0.25,1,0.25,0.1111,0.3239,0.8675,1.0,0.97375505,1.89041853,2.69690592,3.3478230899999994,-0.6868370361999999,-1.3417917188,-0.1019255167599999,-0.2906718867499999,3.696040873999991,-4.0425004877,0.5506055189999999,-0.9535084504500002
129,ARG,1.891,0.5639725618848792,3.57976,1.21334,0.2486600000000001,1,0.142857142857143,2,0.285714285714286,0.0,0.7346,0.9398,0.6914,1.11268031,2.15903124,3.0773608300000004,3.81488448,-0.8508011483,-1.6493635617,-0.14513305879,-0.4112236058999999,3.6908704139999937,-3.324459054000004,0.5983657035999995,-0.8183071120499991
130,GLY,0.5,0.2765486725663716,0.84666,0.8230099999999999,0.4849900000000001,7,0.411764705882353,4,0.235294117647059,0.4556,0.0,1.0,0.5062,1.66939482,3.24136101,4.624901020000001,5.741403249999999,-0.7079670480100002,-1.3742815691799997,-0.117734559663,-0.3338075016039999,5.146950569999985,-6.181584952400003,0.8017171661000012,-1.5585275847999978
131,ASP,0.832,0.3103319656844461,1.93506,1.16911,0.6798900000000001,5,0.263157894736842,2,0.105263157894737,0.1111,0.3239,0.8675,1.0,1.94922748,3.794031410000001,5.43636575,6.79049299,-0.6484461719,-1.2510185549999997,-0.1185833534699999,-0.3346019343,7.894215996000014,-10.491826906999991,1.2558832556999997,-2.6107526572000057
132,GLY,0.284,0.1570796460176991,0.6440600000000001,0.96357,0.56043,2,0.0740740740740741,0,0.0,0.4556,0.0,1.0,0.5062,2.08665679,4.051098210000001,5.779401650000001,7.173592109999999,-1.24652252386,-2.437596959,-0.1810913966749999,-0.516846994766,13.145696263000072,-25.91920982219997,1.848749865299992,-5.330098032069997
133,GLY,0.526,0.290929203539823,0.96055,0.9238199999999998,0.3581800000000003,2,0.0740740740740741,0,0.0,0.4556,0.0,1.0,0.5062,1.80689979,3.49903522,4.9699865,6.12934882,-1.007907668855,-1.96552185578,-0.1549440990609999,-0.44116204101,12.06097710799994,-22.53549345999997,1.891684061,-4.990229180419998
134,SER,0.961,0.4416360294117646,1.28316,0.91037,0.3046300000000003,0,0.0,0,0.0,0.4111,0.1877,0.8514,0.5309,1.67054688,3.2503339300000005,4.654257590000001,5.808120689999999,-1.2844115433099998,-2.49708390019,-0.207869261158,-0.5900789318799999,15.602916665000125,-31.23669316683008,2.394116555999998,-7.010661513870017
135,SER,1.109,0.5096507352941176,1.50596,0.8142699999999999,0.2527300000000002,1,0.142857142857143,0,0.0,0.4111,0.1877,0.8514,0.5309,1.25276483,2.43667723,3.48738338,4.3491816,-1.79055331506,-3.4759777411000004,-0.29754729205,-0.8437098721499998,18.64888504300006,-30.61813036920002,3.0143183888999854,-7.578289571079989
136,ASN,1.356,0.5546012269938652,2.42949,0.86644,0.2225599999999997,1,0.1,0,0.0,0.1111,0.3976,0.6747,0.8272,2.23023855,4.35599997,6.2786684600000005,7.910950909999999,-2.43873401357,-4.776295262570001,-0.3425088599799999,-0.9788968220800002,19.20436625600005,-33.87653248532015,2.7076530889000154,-7.265194860968008
137,PHE,0.94,0.3023480218719845,3.31931,1.66899,0.5000100000000001,4,0.222222222222222,0,0.0,0.8111,0.783,0.0763,0.037,1.9483326,3.78709464,5.41378784,6.7395428200000005,-2.39775471225,-4.6712942154500015,-0.374692056998,-1.06580063825,21.78002258400016,-29.392396485400067,3.2883534451999927,-6.759752507299995
138,SER,0.426,0.1957720588235293,1.26609,1.19986,0.5501400000000003,5,0.263157894736842,0,0.0,0.4111,0.1877,0.8514,0.5309,1.80879537,3.513709230000001,5.01769511,6.23686912,-2.9429592179700004,-5.730927547549999,-0.4653150029120001,-1.3234804696900004,21.599632470999868,-37.75644189239988,3.455928367399984,-9.061112567979976
139,ARG,0.594,0.177154786758127,3.10779,2.05797,0.7010300000000003,6,0.285714285714286,0,0.0,0.0,0.7346,0.9398,0.6914,2.08773859,4.05946387,5.80657783,7.23477696,-2.86838140105,-5.579838770509999,-0.4615832270979999,-1.3116269128500002,21.801607427000025,-22.686883035500035,3.4321463972999955,-5.674692649661021
140,GLY,0.0,0.0,0.55099,1.02723,0.78077,4,0.181818181818182,0,0.0,0.4556,0.0,1.0,0.5062,2.0877566900000004,4.05964944,5.80732947,7.236916829999999,-2.8546977681299994,-5.5447200862,-0.4701605562199999,-1.3337684943899994,21.28135213399997,-20.0777788105,3.4283384059999977,-5.14335009002
141,GLY,0.386,0.2134955752212389,0.76569,0.96288,0.4591200000000002,4,0.19047619047619,0,0.0,0.4556,0.0,1.0,0.5062,2.22855718,4.34281002,6.2351843800000015,7.81110614,-2.3710471197079994,-4.613078977154001,-0.3799906114806998,-1.0796834415880003,20.983287595000125,-22.216386891899926,3.258313080199993,-5.408330812200012
142,TYR,1.212,0.3556338028169014,3.5643900000000004,1.5955599999999996,0.6004400000000001,4,0.222222222222222,2,0.111111111111111,0.3556,0.8063,0.502,0.1605,1.9493891,3.79530734,5.44060202,6.80031124,-1.7248261549000004,-3.351370180700001,-0.28324653647,-0.8040273302000001,20.510944613000145,-13.677051864199967,3.1824980402999983,-3.4437207055399983
143,ASN,0.692,0.2830265848670756,2.23652,1.35926,0.39374,1,0.1,1,0.1,0.1111,0.3976,0.6747,0.8272,1.95045363,3.80361784,5.46785392,6.862434499999999,-1.4507008398000003,-2.82747901424,-0.22495849869,-0.6401001778700002,12.744353519000011,-6.483586980039996,1.8673210135000045,-1.435655159859996
144,ASN,0.406,0.1660531697341513,1.83186,1.4815699999999998,0.5574299999999999,0,0.0,2,0.2,0.1111,0.3976,0.6747,0.8272,1.6699724500000002,3.24586039,4.6396268,5.77488864,-1.4273599848,-2.7839955030000003,-0.2173899263599999,-0.6187352769,9.592571930000014,-14.368126988999997,1.4357419829000055,-3.392630494999995
145,ARG,2.015,0.6009543692215926,3.5091300000000003,1.24869,0.08931,0,0.0,2,0.285714285714286,0.0,0.7346,0.9398,0.6914,1.25286822,2.43748472,3.49003147,4.35521937,-1.3369331871,-2.6080534772000004,-0.2039866331099999,-0.58091905245,9.480259858000029,-15.542202127999968,1.382475831200002,-3.480128330000001
146,ASP,0.916,0.3416635583737411,2.14855,1.1932900000000002,0.5717099999999999,0,0.0,2,0.2,0.1111,0.3239,0.8675,1.0,0.97223776,1.87857243,2.6580518700000004,3.25922307,-0.725713573,-1.4106337860000004,-0.11810627297,-0.33530612907,9.372660414999991,-14.188406039000029,1.6073713247,-3.716131876950001
147,GLU,2.058,0.754398826979472,2.77159,0.65852,0.0114800000000003,0,0.0,1,0.111111111111111,0.1111,0.4884,0.8112,0.9136,0.83332415,1.6100338499999998,2.2777805,2.79239542,-0.5221048011,-1.0165582177,-0.0834803183,-0.2375900009,11.184623734,-11.430303036200018,1.868287351000004,-2.6603935029
148,GLY,0.799,0.4419247787610619,0.96313,0.71708,0.2919199999999998,0,0.0,2,0.285714285714286,0.4556,0.0,1.0,0.5062,0.97323639,1.88637381,2.68365661,3.31766287,-0.6577031787000001,-1.2806309368000002,-0.10392119957,-0.2954910785,12.730604968,-20.73239574980002,1.976387141500008,-4.678893294999999
149,SER,0.651,0.299172794117647,1.3184,1.15464,0.37036,0,0.0,3,0.214285714285714,0.4111,0.1877,0.8514,0.5309,1.2508211100000002,2.42150729,3.43764593,4.23582359,-0.9410103788,-1.8356235945,-0.1437050634,-0.40926038216,11.278092096000004,-23.666647551599898,1.7492795756999993,-5.414103190399998
150,ASP,0.805,0.3002610966057441,2.14144,1.1254,0.7505999999999999,1,0.0909090909090909,2,0.181818181818182,0.1111,0.3239,0.8675,1.0,1.5307482,2.9749263700000004,4.25160347,5.29070766,-1.0326904113999995,-2.0199164510000003,-0.15051118,-0.4299752935,12.709116016000005,-26.454126456000104,1.8329584920000004,-5.692744137800012
151,ASN,1.205,0.4928425357873211,2.30108,0.98838,0.2516199999999997,1,0.111111111111111,2,0.222222222222222,0.1111,0.3976,0.6747,0.8272,1.11241137,2.1568914,3.07020146,3.7981249,-1.13835220784,-2.207676908885,-0.1936562976864,-0.54905353036,12.721095994000024,-20.58333743304996,2.0742486570000027,-4.905012043738491
152,ARG,1.917,0.5717268118103191,3.67985,1.24178,0.19422,2,0.181818181818182,2,0.181818181818182,0.0,0.7346,0.9398,0.6914,1.39151625,2.70392191,3.8633114,4.805798299999999,-1.1614090523999998,-2.2639889229000003,-0.18100214594,-0.5155054963000002,14.82070219000004,-19.51211366750004,2.2584654488999987,-4.405630374099999
153,GLY,0.381,0.2107300884955752,0.7380200000000001,0.95744,0.4695600000000001,2,0.285714285714286,0,0.0,0.4556,0.0,1.0,0.5062,1.11319692,2.16304883,3.0904821,3.84463254,-1.2306113201,-2.4009517301,-0.1869490715899999,-0.5323672418,17.215286567999954,-22.07613633539989,2.631756940299994,-5.088456249299981
154,SER,1.336,0.6139705882352942,1.5192,0.6810900000000001,0.15891,0,0.0,0,0.0,0.4111,0.1877,0.8514,0.5309,0.8343799399999999,1.61829788,2.30496025,2.85460592,-1.1494685904000004,-2.242690122,-0.17394982661,-0.4952266717999999,13.052493519999942,-25.16359913600001,1.9550717471999977,-5.471143326600022
155,GLY,0.651,0.3600663716814159,0.94293,0.7838399999999999,0.3731600000000001,1,0.142857142857143,0,0.0,0.4556,0.0,1.0,0.5062,0.97353083,1.88865139,2.69105187,3.33429449,-1.2048067792,-2.355921374,-0.1764210593999999,-0.5037969204999999,14.189773050000053,-22.89062105499996,2.1668225152,-5.066342464000011
156,ARG,2.338,0.697286012526096,3.92521,0.85668,0.1583200000000001,0,0.0,0,0.0,0.0,0.7346,0.9398,0.6914,1.11295356,2.16115022,3.08426109,3.83046555,-1.2893817495000006,-2.5119290493000004,-0.2024780850299999,-0.5761648889999998,15.278352000000025,-25.33068180879997,2.431144235000012,-6.08786615099999
157,SER,1.112,0.5110294117647058,1.6631200000000002,0.79688,0.26712,1,0.1,0,0.0,0.4111,0.1877,0.8514,0.5309,1.3922353799999998,2.70954525,3.88178791,4.84803062,-1.9146525474,-3.7333579572,-0.2946542923199999,-0.8387956272,16.976581228000047,-22.96206907619999,2.619258570199984,-5.416690927039992
158,TYR,0.592,0.1737089201877934,3.29406,1.90847,0.9075299999999996,1,0.0555555555555556,0,0.0,0.3556,0.8063,0.502,0.1605,1.9482543100000005,3.78642689,5.41140147,6.733499360000001,-2.877772933099999,-5.603855084599998,-0.4577731477799999,-1.3027139991,19.213403619000005,-20.596971017800044,3.014645233600013,-4.849915205400025
159,ASN,0.979,0.4004089979550102,2.08456,1.2113900000000002,0.2546099999999995,0,0.0,0,0.0,0.1111,0.3976,0.6747,0.8272,2.08799987,4.0615486700000005,5.8135655900000005,7.251164169999998,-3.0721367618,-5.979650660399998,-0.4882858977799998,-1.3878868371100002,21.459167751,-29.01900763970004,3.2806403336999974,-6.885645137400004
160,ASN,0.265,0.1083844580777096,1.87112,1.62629,0.5537099999999997,0,0.0,0,0.0,0.1111,0.3976,0.6747,0.8272,1.80889524,3.51447143,5.0201360500000005,6.2422565,-2.7825187045,-5.422016313,-0.4355917242400002,-1.2399071927,23.215315168999968,-32.48084104899998,3.6823596015000057,-7.601462639200027
161,ASP,1.437,0.535994032077583,2.44309,0.80077,0.44323,0,0.0,0,0.0,0.1111,0.3239,0.8675,1.0,1.11295765,2.16116848,3.0842727400000003,3.83034289,-2.0195640634500003,-3.93175226587,-0.320341481702,-0.9107721917899996,23.106798591999954,-35.153478279699925,3.5756323856999788,-8.16804054126999
162,ARG,1.816,0.5416045332538025,3.64532,1.3070199999999998,0.2299800000000003,0,0.0,0,0.0,0.0,0.7346,0.9398,0.6914,0.97311048,1.88535905,2.68021764,3.30948086,-1.5997809392999995,-3.1156680273,-0.2543222275099999,-0.7239356147999999,20.346576914000085,-29.212186151400097,3.238764081500008,-6.85066796170001
163,ARG,2.082,0.6209364747986876,3.85712,1.1182,0.1528000000000002,0,0.0,0,0.0,0.0,0.7346,0.9398,0.6914,0.69457272,1.3427892,1.90185144,2.33577514,-0.979444048,-1.902075255,-0.1610011765,-0.4564495306,12.447867156000065,-26.072256812999942,1.9955573975000045,-6.287484317500002
164,ASP,1.139,0.4248414770607982,2.04214,0.8725400000000001,0.6694599999999999,0,0.0,1,0.25,0.1111,0.3239,0.8675,1.0,0.6943230800000001,1.34083166,1.89540177,2.32097848,-0.4093717638999999,-0.7955690489999999,-0.06735432104,-0.19130890874,5.294044894000005,-9.592222243000007,0.9147234085999978,-2.326998153560004
165,ASN,1.394,0.5701431492842536,2.3926,0.9439,0.1070999999999999,0,0.0,1,0.25,0.1111,0.3976,0.6747,0.8272,0.55490336,1.06836706,1.50234273,1.82526734,-0.390740658,-0.755833465,-0.0691180117,-0.195534929,2.548702303,-6.125765954000004,0.4429430201999997,-1.598007818000001
166,GLY,0.732,0.4048672566371681,0.94981,0.78809,0.2879100000000001,0,0.0,1,0.25,0.4556,0.0,1.0,0.5062,0.55483458,1.0678301099999998,1.50058207,1.82125398,-0.267537079,-0.51633291,-0.04894169,-0.138214219,2.0755289599999984,-5.523662354999998,0.3815241983,-1.4665310140000003
167,GLY,1.006,0.5564159292035398,0.96613,0.7408399999999999,0.0611600000000001,0,0.0,1,0.2,0.4556,0.0,1.0,0.5062,0.69435818,1.34110539,1.89629826,2.32301884,-0.169011892,-0.330180681,-0.0254087135,-0.072541694,2.555198867000002,-5.243308286000004,0.3929313478999994,-1.1664910620000002
168,ASP,1.542,0.5751585229392018,2.62522,0.6993699999999999,0.4396300000000001,0,0.0,0,0.0,0.1111,0.3239,0.8675,1.0,0.41564073,0.7971343099999999,1.113343,1.33887052,-0.255185508,-0.489394481,-0.0506002395,-0.142179632,1.561326231999999,-3.859119040000004,0.3246242149000002,-1.1946199779999989
169,GLY,1.469,0.8125,1.70043,0.4566599999999999,-0.1176599999999999,0,0.0,0,0.0,0.4556,0.0,1.0,0.5062,0.41695371,0.80729202,1.14634628,1.41318187,-0.5125523530000001,-0.999353815,-0.0794511989,-0.2262799489999999,2.556974983000003,-5.250519147000001,0.3749371678999996,-1.1294304810000009
