2,MET,2.149,0.7206572769953051,2.89496,0.5336,0.2994000000000002,0,0.0,0,0.0,0.7111,0.6196,0.0,0.0988,0.97565996,1.90521749,2.74520169,3.45721974,-0.4106322725,-0.8025543980000001,-0.06045927896,-0.1724918124,2.401422088000003,-2.3965409426,0.3320818631999999,-0.5119087650199996
3,GLU,1.524,0.5586510263929618,2.6668700000000003,1.05166,0.1523400000000001,1,0.5,1,0.5,0.1111,0.4884,0.8112,0.9136,0.5551765499999999,1.0705234099999998,1.50949825,1.84183987,-0.3469459121,-0.6718858273,-0.0594727585,-0.16818035826,1.3676863340000005,-0.9541288700999996,0.2728829200000001,-0.2810273171200002
4,SER,1.145,0.5261948529411764,1.57726,0.6861999999999999,0.3448000000000002,1,0.333333333333333,1,0.333333333333333,0.4111,0.1877,0.8514,0.5309,0.8343326099999999,1.61793197,2.3037735,2.85194068,-0.4012161145,-0.7828913245999999,-0.06051837979,-0.1722986311,1.2202614859999998,-0.3545501455000001,0.1697618118,-0.08562209975
5,ASN,1.169,0.478118609406953,2.38402,1.03307,0.2429299999999998,1,0.25,1,0.25,0.1111,0.3976,0.6747,0.8272,0.97364318,1.88954779,2.69406055,3.3413676100000003,-0.39533137574,-0.7715716175999999,-0.05953628248,-0.16957165203,1.1813172000000003,-0.0246501562,0.1612558595999999,0.0017857714999999
6,GLN,1.642,0.5711304347826086,2.86077,0.91774,0.3152600000000001,0,0.0,0,0.0,0.1111,0.5388,0.7952,0.6914,0.83420019,1.61689711,2.30037558,2.84418141,-0.428956796,-0.832718901,-0.0709271678,-0.2010236571,1.525835361999999,-1.0795103290000003,0.2888161157000001,-0.2969427550999999
7,SER,0.677,0.3111213235294117,1.55867,1.08226,0.4167400000000001,0,0.0,0,0.0,0.4111,0.1877,0.8514,0.5309,1.11328548,2.16375594,3.0928577499999994,3.85022338,-0.7200799713999999,-1.4045617763,-0.11000822127,-0.3132450289,1.6931900339999986,-3.1795519164999995,0.2323750786000002,-0.6372393712999999
8,ASN,1.664,0.6805725971370143,2.57494,0.7958999999999999,-0.0149,0,0.0,0,0.0,0.1111,0.3976,0.6747,0.8272,0.83390024,1.61455372,2.29268404,2.82662532,-0.482429761,-0.933381894,-0.0842972316,-0.2383036794999999,1.1758359159999996,-1.6646311559999998,0.205585717,-0.4608283314999998
9,ASN,1.296,0.5300613496932516,2.5227,0.9962100000000002,0.1527899999999996,0,0.0,0,0.0,0.1111,0.3976,0.6747,0.8272,0.8338159799999999,1.61387756,2.29040119,2.8212185100000005,-0.4010360019999999,-0.7802659359999999,-0.0641984964,-0.1824080135999999,1.0603297039999997,-2.226971856,0.1695570381999999,-0.5148281120000001
10,GLY,0.768,0.4247787610619469,0.93345,0.75446,0.28554,0,0.0,0,0.0,0.4556,0.0,1.0,0.5062,0.6940623300000001,1.33881667,1.88886543,2.30629829,-0.3816798199999999,-0.7448260889999999,-0.0577294406,-0.164437621,0.6687536800000001,-1.4821590299999996,0.0968149553999999,-0.320804195
11,GLY,0.644,0.3561946902654867,0.8826,0.8441500000000001,0.3198500000000001,0,0.0,0,0.0,0.4556,0.0,1.0,0.5062,0.55532545,1.07168185,1.51328311,1.85042485,-0.360957229,-0.7036920449999999,-0.0553985786999999,-0.157592522,0.902565027,-2.7370270550000013,0.1487254597,-0.6607435840000001
12,SER,1.223,0.5620404411764706,0.95288,1.08369,-0.1306899999999999,0,0.0,0,0.0,0.4111,0.1877,0.8514,0.5309,0.41654276,0.80408499,1.13583195,1.38921945,-0.254354847,-0.494967886,-0.041108666,-0.116957013,0.862307846,-1.609442135,0.152737269,-0.3883337114999999
13,GLY,0.779,0.430862831858407,0.9235,0.73061,0.2983899999999999,0,0.0,0,0.0,0.4556,0.0,1.0,0.5062,0.41677405,0.80590567,1.14185686,1.40312255,-0.266285279,-0.5205012179999999,-0.0391576397,-0.1117546637,1.1017226850000004,-1.807395264,0.1580545539999999,-0.3841996207999999
14,ASN,1.424,0.5824130879345604,2.00367,0.97812,0.0428799999999999,0,0.0,0,0.0,0.1111,0.3976,0.6747,0.8272,0.4156739299999999,0.79739407,1.11419634,1.3408208,-0.3832512569999999,-0.741441674,-0.0675361855,-0.19104074,1.0982303780000002,-2.7819419419999987,0.1880314653000001,-0.711117691
15,ALA,1.08,0.4951856946354883,1.30888,0.77163,0.3293699999999999,0,0.0,0,0.0,0.7,0.1645,0.249,0.3951,0.6941332800000001,1.33935847,1.89059998,2.31012108,-0.503576597,-0.97864949,-0.082407157,-0.2339389476999999,2.0788070009999986,-4.485194851,0.3540096739000002,-1.0776068295000008
16,ALA,0.936,0.4291609353507565,1.27575,0.73299,0.5120100000000001,0,0.0,0,0.0,0.7,0.1645,0.249,0.3951,1.11296578,2.16124244,3.08455146,3.83109042,-0.455737459,-0.8870679360000001,-0.0725660621,-0.2062879955,2.04193936,-4.882912687999996,0.3289695295999998,-1.1820926630000002
17,LEU,1.206,0.45372460496614,2.24981,1.0486799999999998,0.4033200000000001,0,0.0,1,0.0909090909090909,0.9222,0.663,0.2811,0.0,0.97138325,1.87194776,2.6364806,3.2105078,-0.540942241,-1.0466284519999998,-0.095019126,-0.268772183,1.4094669409999994,-2.4504472690000005,0.2616239898999999,-0.6462570120000002
18,ASN,1.384,0.5660531697341513,2.36054,0.8548200000000001,0.2061799999999998,0,0.0,2,0.153846153846154,0.1111,0.3976,0.6747,0.8272,1.11115471,2.14712806,3.03834478,3.72599055,-0.3861459907,-0.7530491600000002,-0.05951532423,-0.1695102124,0.5885345359999999,-0.8968146979999999,0.098535047,-0.2221372948
19,ARG,0.956,0.2851178049507903,3.3837900000000003,1.70638,0.6906200000000002,1,0.111111111111111,3,0.333333333333333,0.0,0.7346,0.9398,0.6914,1.11148982,2.14974435,3.04692619,3.7455592,-0.5686345324000002,-1.1112143309999998,-0.08402277694,-0.2397120622,0.2747020289999999,-0.320523891,0.0462212421999999,-0.0786461273
20,GLY,0.644,0.3561946902654867,0.8411,0.77087,0.3931300000000001,1,0.0909090909090909,3,0.272727272727273,0.4556,0.0,1.0,0.5062,0.97192827,1.8761747,2.65025129,3.2416303500000003,-0.510975619,-0.995785227,-0.0796517331,-0.226691996,0.588025452,-1.181628,0.102635948,-0.298996471
21,GLY,0.565,0.3124999999999999,0.80416,0.80492,0.4380800000000001,1,0.0833333333333333,3,0.25,0.4556,0.0,1.0,0.5062,0.9709436,1.86854837,2.62544383,3.18568495,-0.6614335922999998,-1.2820104280000002,-0.1130883829,-0.3203442745000001,0.5869392890000001,-1.269481562,0.1114177367,-0.3563661558
22,ARG,1.697,0.5061139278258276,3.42364,1.23003,0.4259700000000002,1,0.125,3,0.375,0.0,0.7346,0.9398,0.6914,1.11179613,2.15211675,3.05464307,3.76296096,-1.0356219719999995,-2.010807425,-0.1718343413,-0.4874022009999999,0.116932992,-0.316438376,0.025567551,-0.1016809599999999
23,TYR,1.814,0.5322769953051644,4.21408,1.02406,0.5699399999999999,1,0.125,1,0.125,0.3556,0.8063,0.502,0.1605,1.3918601700000002,2.70659219,3.87201888,4.82549621,-1.1118825462,-2.1598515944,-0.18302192083,-0.5192926174999999,0.077955328,-0.17743808,0.017045034,-0.05701608
24,VAL,0.337,0.1383983572895277,1.80239,1.4166800000000002,0.6813199999999997,1,0.0625,1,0.0625,0.9667,0.4924,0.3655,0.1235,1.52986341,2.96800893,4.22888058,5.23878518,-0.9011719967,-1.7529356292199998,-0.145471257896,-0.413393376508,0.5481481040000001,-1.063516726,0.101387234,-0.284045604
25,PRO,0.848,0.3802690582959641,1.61852,1.17561,0.20639,3,0.25,0,0.0,0.3222,0.3764,0.8594,0.3827,1.5300093099999998,2.9692075799999995,4.233015269999999,5.2488338,-0.952894892,-1.85087596,-0.156576404,-0.4441310634999999,0.8251189840000002,-2.168531116,0.127945079,-0.5016396939999999
26,PRO,0.847,0.3798206278026906,1.6828899999999998,1.07044,0.3125599999999999,6,0.352941176470588,0,0.0,0.3222,0.3764,0.8594,0.3827,1.52854791,2.9578650200000003,4.196036390000001,5.16518501,-0.4170996459,-0.80426825226,-0.076948710128,-0.21707396236,0.7054239240000002,-0.9758512748999998,0.1246166884999999,-0.2838361172
27,HIS,1.231,0.4452079566003616,2.71325,1.27202,0.2619800000000001,1,0.1,0,0.0,0.1444,0.561,0.1124,0.679,1.11142814,2.14922985,3.04512448,3.7411015,-0.6126658908000001,-1.1906988866,-0.10046902464,-0.2853104060999999,0.941314943,-1.7135761130000002,0.161065983,-0.432408863
28,LEU,1.363,0.5127915726109857,1.99009,1.13889,0.1561099999999999,0,0.0,0,0.0,0.9222,0.663,0.2811,0.0,0.6946178799999999,1.34309032,1.90266878,2.33712738,-0.6577125655799999,-1.27462656932,-0.1127250550839999,-0.3192886890420001,2.4714431519999995,-3.787927963599999,0.4184130720000006,-0.9893992261100008
29,ARG,1.613,0.4810617357590217,3.26038,1.53174,0.2082600000000001,0,0.0,2,0.25,0.0,0.7346,0.9398,0.6914,0.97362652,1.88933543,2.69308597,3.33830386,-0.7648426848799998,-1.4897438928000002,-0.120544622443,-0.34296020142,6.637257717999997,-11.315220422999989,1.063825935200003,-2.683507267919999
30,GLY,0.507,0.2804203539823008,0.8183400000000001,0.8640700000000001,0.43693,0,0.0,2,0.133333333333333,0.4556,0.0,1.0,0.5062,1.25072024,2.42079916,3.43558976,4.23193745,-0.5513806804,-1.065963639,-0.09860745655,-0.2789123228,6.5833981279999865,-11.287197343999985,1.1698891381,-3.0391101384999977
31,GLY,0.607,0.3357300884955752,0.97656,0.79083,0.41017,0,0.0,2,0.105263157894737,0.4556,0.0,1.0,0.5062,1.5284728200000002,2.9572684,4.19404991,5.1605731,-1.1418990230000003,-2.2348707024999994,-0.16172089953,-0.4616550892,5.622292521999985,-12.543685625499991,0.834661821699999,-2.816183644799999
32,ASP,1.414,0.5274151436031331,2.33399,0.8979,0.3691000000000001,0,0.0,2,0.2,0.1111,0.3239,0.8675,1.0,1.11152826,2.15002773,3.04779786,3.74737058,-0.678445048,-1.3142692964999998,-0.1174356737,-0.3326537407,6.429617277000005,-10.915271693,1.1239022516999997,-2.9089740403999937
33,GLY,0.881,0.4872787610619469,0.99125,0.65877,0.2682300000000001,0,0.0,1,0.2,0.4556,0.0,1.0,0.5062,0.8338607800000001,1.61424943,2.29169891,2.82441822,-0.7233626477,-1.4019833209999997,-0.1236869878999999,-0.3503578404,5.728752003999979,-7.352450754999991,0.9579837234000004,-1.9887148586999992
34,GLY,0.982,0.5431415929203539,0.97067,0.6400399999999999,0.1859600000000001,0,0.0,0,0.0,0.4556,0.0,1.0,0.5062,1.11250483,2.15766237,3.07287629,3.80467479,-0.9741332214,-1.8959022343,-0.1551560611,-0.44096338157,5.103360301000006,-2.4493971963999988,0.8323060435000013,-0.63473085926
35,ALA,0.464,0.2127464465841357,1.05516,1.1781899999999998,0.5388100000000002,1,0.0588235294117647,1,0.0588235294117647,0.7,0.1645,0.249,0.3951,1.66839718,3.23361098,4.59961642,5.68415646,-1.0761349890000005,-2.0973866234000003,-0.16891890038,-0.481174011,5.697013502999997,-9.02211727100002,0.8963651740000023,-2.023767312800001
36,ALA,0.292,0.1338835396607061,1.12959,1.19219,0.6968099999999999,0,0.0,0,0.0,0.7,0.1645,0.249,0.3951,1.94767123,3.78194415,5.396938520000001,6.701252139999999,-1.6948635932500002,-3.3056923821,-0.2598493115799999,-0.7400677659399998,8.687104883999988,-15.430083614099988,1.3215501050999956,-3.542962917320001
37,ALA,0.781,0.3580926180651077,1.11304,0.91572,0.4842799999999999,0,0.0,2,0.111111111111111,0.7,0.1645,0.249,0.3951,1.38929483,2.6867167500000004,3.80734924,4.67960953,-1.2223419985000004,-2.3814267284,-0.1910887812399999,-0.5435773732999999,5.617309073999988,-12.809259401400013,0.8861710140000014,-2.956935438200001
38,ALA,0.446,0.2044933516735442,1.3886600000000002,0.8352799999999999,0.8997200000000002,0,0.0,2,0.25,0.7,0.1645,0.249,0.3951,0.97387381,1.89124599,2.6992837100000004,3.35222643,-1.15540322417,-2.2510932886000004,-0.18143835984,-0.5163819655999999,6.091184112000001,-7.754439166399998,0.9429757042999968,-1.7685694077999985
39,ALA,0.841,0.385602934433746,1.4409999999999998,0.6197400000000002,0.7202599999999999,1,0.2,0,0.0,0.7,0.1645,0.249,0.3951,0.83411368,1.61615705,2.297731,2.83749403,-0.7885026367000001,-1.535387559,-0.1246369102699999,-0.35444243273,2.002538985,-4.214910352,0.3251404319999997,-0.9997237047000002
40,SER,0.367,0.1686580882352941,1.4594900000000002,1.09733,0.7116700000000002,3,0.3,0,0.0,0.4111,0.1877,0.8514,0.5309,1.11147617,2.149627,3.04650437,3.7444856,-0.35535179,-0.6883861334999999,-0.0613099879999999,-0.1736118465,1.881833285,-1.6138928324999993,0.3276821070000002,-0.4337935262
41,ALA,0.972,0.4456671251719394,1.24731,0.86854,0.3404600000000001,8,0.571428571428571,0,0.0,0.7,0.1645,0.249,0.3951,1.6697597299999998,3.2442284500000005,4.63436881,5.76318442,-0.3727048852,-0.72576152,-0.0587592692,-0.1670618315,0.706911905,-1.529324311,0.1131992687,-0.3676847059999998
42,GLY,0.165,0.0912610619469026,0.74631,1.04027,0.60273,7,0.333333333333333,0,0.0,0.4556,0.0,1.0,0.5062,1.66757722,3.22731684,4.579336860000001,5.63902107,-0.5286386593000001,-1.026355593,-0.0880187059499999,-0.2497067537999999,0.5496552799999999,-1.2481233619999998,0.0895359988,-0.294100369
43,GLY,0.667,0.3689159292035398,0.88042,0.72921,0.41179,4,0.307692307692308,0,0.0,0.4556,0.0,1.0,0.5062,1.25125335,2.42485663,3.44854361,4.26040319,-0.7990441646,-1.5475632389999998,-0.1388584431,-0.393277077,0.5494411660000001,-0.722462531,0.0924650066,-0.175066789
44,ASP,0.998,0.3722491607609101,2.18688,1.13212,0.55088,2,0.181818181818182,0,0.0,0.1111,0.3239,0.8675,1.0,1.25170697,2.4284086,3.46022971,4.28716115,-0.4540934486999999,-0.8857699722,-0.06986519517,-0.1990902152999999,0.5507501319999999,-0.1730810799,0.0806655531999999,-0.036651634
45,ASP,0.307,0.1145095113763521,1.88328,1.2195300000000002,1.15447,0,0.0,0,0.0,0.1111,0.3239,0.8675,1.0,1.25274526,2.4365197600000004,3.48684866,4.34790666,-0.276255694,-0.5396943882999999,-0.0411430069299999,-0.1173651189,0.7069101490000002,-0.154575469,0.1131089849,-0.049459314
46,ARG,2.43,0.7247241276468834,3.5189,1.05235,-0.1293499999999998,0,0.0,0,0.0,0.0,0.7346,0.9398,0.6914,0.6964944,1.35774604,1.95076154,2.44687272,-0.54966581656,-1.0648382134599998,-0.093670310571,-0.264949854554,1.4140616639999997,-1.84615510428,0.2203479168000001,-0.526608939932
47,ARG,1.828,0.5451834178347749,3.7437,1.09185,0.4331500000000001,1,0.5,1,0.5,0.0,0.7346,0.9398,0.6914,0.41646636,0.8034923999999999,1.13390201,1.38486062,-0.256630573,-0.499455679,-0.0412196626,-0.1172338447,4.7835070169999865,-6.621031590999996,0.8319173095000026,-1.5794586124000012
48,GLY,1.059,0.5857300884955752,1.06556,0.6128300000000001,0.13617,1,0.25,1,0.25,0.4556,0.0,1.0,0.5062,0.69482874,1.34480571,1.90852801,2.3511927,-0.8482606316300001,-1.66348315185,-0.1163589266749999,-0.3331272027799999,6.375705927999974,-9.940198675500003,0.9039094184,-2.114446095348
49,GLY,0.691,0.3821902654867256,0.92282,0.7987799999999999,0.31822,3,0.428571428571429,1,0.142857142857143,0.4556,0.0,1.0,0.5062,0.55457358,1.06580273,1.4939676000000002,1.80627937,-0.6029794077,-1.166050893,-0.1068819218999999,-0.3022311170999999,5.12566194399999,-8.993888768000003,0.971881125000002,-2.5001908013999987
50,ALA,0.932,0.427326914259514,1.23842,0.8930599999999999,0.3559400000000002,7,0.538461538461538,1,0.0769230769230769,0.7,0.1645,0.249,0.3951,1.2526826,2.4360289,3.48523416,4.34420979,-1.40516350805,-2.73649006767,-0.220031512037,-0.6253290241970001,8.332061126000012,-6.287352889440002,1.2724039427999982,-1.6291709548669966
51,GLY,0.42,0.2323008849557521,0.953,0.90096,0.4870400000000001,5,0.2,0,0.0,0.4556,0.0,1.0,0.5062,2.08853019,4.06557882,5.82640262,7.279267539999999,-2.3094309670600004,-4.502516973749999,-0.359200875281,-1.02319412971,5.542793957999995,-7.918859639799997,0.8499075826999994,-1.7989202521660022
52,GLY,0.793,0.4386061946902655,0.88633,0.73601,0.27899,4,0.153846153846154,0,0.0,0.4556,0.0,1.0,0.5062,1.94921166,3.79388773,5.43582456,6.78904277,-3.0825185508,-6.006218521599999,-0.4840314289799998,-1.3778714446600002,5.534270877000003,-9.886096478399988,0.9170320446000012,-2.511560792
53,GLY,0.245,0.1355088495575221,0.7961400000000001,1.05878,0.5042200000000001,1,0.0416666666666667,0,0.0,0.4556,0.0,1.0,0.5062,1.66873977,3.2363152799999995,4.608588599999999,5.704928989999999,-2.7361905931300003,-5.306265529199998,-0.4633603611199999,-1.3130911067099995,5.332785084999999,-6.305187207700006,0.9255625291999996,-1.722996062160001
54,GLY,0.699,0.3866150442477876,0.92529,0.7818800000000001,0.3271199999999998,2,0.117647058823529,0,0.0,0.4556,0.0,1.0,0.5062,1.6697798,3.24438107,4.63486049,5.76428232,-2.8134335774,-5.471454826,-0.45495932259,-1.2924686561,7.852220711999977,-12.044907797000002,1.2740717247999995,-2.994090366299999
55,TYR,0.974,0.2857981220657277,3.40532,1.69885,0.7351500000000002,2,0.142857142857143,0,0.0,0.3556,0.8063,0.502,0.1605,1.8094296,3.51869149,5.034143929999999,6.27470898,-2.367150736560001,-4.600959642000001,-0.38477449734,-1.0920734310399995,9.972429330999969,-17.2240044104,1.610020342300003,-4.327919434530004
56,ARG,1.599,0.4768863704145541,3.30405,1.47737,0.2766300000000001,0,0.0,0,0.0,0.0,0.7346,0.9398,0.6914,1.94904079,3.7925851,5.43165948,6.779875799999999,-2.14751962984,-4.17766985787,-0.3450307346959998,-0.98025420519,10.761595853999973,-14.468667461679988,1.713892934700002,-3.6099976373999967
57,ARG,1.219,0.3635550253504324,3.49088,1.6450700000000005,0.4889299999999998,0,0.0,0,0.0,0.0,0.7346,0.9398,0.6914,2.08717156,4.055032499999999,5.79202239,7.201515459999999,-2.45959372205,-4.7871748356,-0.3916999765199999,-1.1133839489799997,8.480250941999998,-10.120692471000002,1.3783758602999978,-2.456882698300002
58,GLY,0.549,0.3036504424778761,0.7738200000000001,0.92524,0.3337599999999999,1,0.0357142857142857,0,0.0,0.4556,0.0,1.0,0.5062,2.64581994,5.152465229999999,7.389118089999999,9.24109695,-2.5884210710400013,-5.04326121286,-0.4051468623400001,-1.1528417078099995,6.287477874000003,-6.322732453279999,0.9728723821000004,-1.5478612099700004
59,GLY,0.237,0.1310840707964601,0.69554,1.0708100000000005,0.5001899999999997,1,0.0227272727272727,0,0.0,0.4556,0.0,1.0,0.5062,2.78275584,5.40559636,7.718957809999999,9.59322578,-1.95573193543,-3.79702648844,-0.3257957933379999,-0.92429751867,6.044862754000016,-8.145021959999998,0.9918863995999986,-2.0797318912999985
60,GLY,0.154,0.0851769911504424,0.6856300000000001,0.9779399999999998,0.6760600000000003,5,0.1,1,0.02,0.4556,0.0,1.0,0.5062,2.2224937,4.29565497,6.08114649,7.461756149999999,-1.99345966142,-3.8635188385,-0.34096813672,-0.96577771781,9.101032144000005,-12.530765987399992,1.5429682256000057,-3.2049901051200016
61,ASN,1.221,0.4993865030674847,2.25697,1.06765,0.1563499999999997,5,0.161290322580645,0,0.0,0.1111,0.3976,0.6747,0.8272,1.94656031,3.773260440000001,5.36841695,6.63608944,-1.61683540552,-3.1431545418,-0.2642247924059999,-0.7506263813600003,12.439232671000036,-16.773842073600004,2.0861368769999977,-4.179979195320006
62,SER,0.511,0.2348345588235294,1.34786,1.16393,0.5010700000000001,2,0.0769230769230769,3,0.115384615384615,0.4111,0.1877,0.8514,0.5309,1.6680399599999998,3.23081363,4.5904128,5.66308411,-1.62358553188,-3.159600669699999,-0.259967569185,-0.7390719792900001,13.897935028000033,-19.07331717482,2.2706225348,-4.635652733670008
63,GLY,0.758,0.4192477876106195,0.93343,0.7073400000000001,0.3426599999999999,0,0.0,0,0.0,0.4556,0.0,1.0,0.5062,0.97315175,1.88570807,2.68145385,3.31258101,-1.2960167216700005,-2.51335312377,-0.22023004255,-0.6243030121,15.69336516199992,-20.21117521363998,2.632205253999971,-5.225851479126008
64,GLY,0.821,0.4540929203539822,0.9531,0.7034,0.2836000000000001,0,0.0,0,0.0,0.4556,0.0,1.0,0.5062,0.9738316500000002,1.89102447,2.69892184,3.3525086,-1.7799975349,-3.4625128950000006,-0.2844972565300001,-0.8077921337199998,12.960080837999907,-23.515400897000017,2.054526230500004,-5.589520245039998
65,GLY,0.311,0.1720132743362832,0.6856399999999999,0.8883200000000001,0.60868,0,0.0,1,0.0526315789473684,0.4556,0.0,1.0,0.5062,1.94815205,3.78566357,5.40901866,6.72843517,-2.2209722995,-4.332441268999999,-0.3406412807100001,-0.97047708742,12.342680095000016,-25.0202133905,1.8847020857999923,-5.687198399000004
66,GLY,0.053,0.0293141592920353,0.5442,0.98925,0.7657500000000002,1,0.0185185185185185,3,0.0555555555555556,0.4556,0.0,1.0,0.5062,2.36219363,4.57029916,6.481327190000002,7.97362568,-1.97890541924,-3.8436612595,-0.32730369009,-0.92895418547,10.049453623999968,-18.2395777712,1.6393122227000034,-4.397890581549999
67,GLY,0.265,0.1465707964601769,0.7464799999999999,0.9394899999999998,0.6035100000000003,0,0.0,0,0.0,0.4556,0.0,1.0,0.5062,2.7835005000000006,5.4114829900000005,7.738522960000001,9.63863913,-1.9475426959999995,-3.78142463645,-0.32182687668,-0.91250015994,9.232541843000009,-13.260483785500028,1.4407738014000004,-3.1844193352999968
68,GLY,0.781,0.4319690265486726,0.8524299999999999,0.7738800000000001,0.25312,1,0.0333333333333333,0,0.0,0.4556,0.0,1.0,0.5062,2.50637282,4.87974435,6.995076090000001,8.74271494,-3.050193523290001,-5.93431872797,-0.490862324906,-1.39521598268,9.159002026000014,-14.938532481199989,1.400852192900002,-3.354513830940002
69,GLY,0.494,0.2732300884955752,0.90212,0.8323200000000001,0.48168,0,0.0,0,0.0,0.4556,0.0,1.0,0.5062,2.08818376,4.06289265,5.817656200000001,7.259519039999999,-2.66245262116,-5.175246954,-0.4355891369810001,-1.237226392218,11.151999410000013,-14.833761013800007,1.7990433030999995,-3.552670498419998
70,TYR,1.248,0.3661971830985915,3.4715800000000003,1.63016,0.5298400000000001,0,0.0,2,0.0740740740740741,0.3556,0.8063,0.502,0.1605,2.5065809799999994,4.88142256,7.000766470000001,8.75626182,-1.8992013907400005,-3.6813319992,-0.3238401064499999,-0.91724629017,12.486125635000034,-13.784552885699997,2.023669468400005,-3.4409428101000032
71,ASP,0.301,0.1122715404699738,1.81792,1.57649,0.80351,0,0.0,1,0.0204081632653061,0.1111,0.3239,0.8675,1.0,2.7826191,5.40451615,7.715378610000001,9.58496467,-1.7590528928599996,-3.4234340432000003,-0.2822835211799999,-0.8028078488299998,7.310806754999984,-10.570557232300022,1.122163956299999,-2.366421289360001
72,ARG,1.202,0.3584849388607217,2.97812,1.66191,0.4890900000000002,1,0.0285714285714286,3,0.0857142857142857,0.0,0.7346,0.9398,0.6914,2.3657548800000003,4.59798343,6.571725930000001,8.17854002,-1.4727008385,-2.872957222000001,-0.2238589274299999,-0.63735461031,9.978497377000004,-9.971939634600025,1.5660374725000017,-2.3896213732
73,GLY,0.472,0.2610619469026548,0.85658,0.80923,0.5267700000000001,5,0.217391304347826,1,0.0434782608695652,0.4556,0.0,1.0,0.5062,1.8083260400000003,3.5100575000000007,5.00576059,6.20978699,-1.59799555693,-3.10424999384,-0.26383883096,-0.7489200869460001,12.44083368799999,-13.94702297180002,2.064534952700004,-3.5646214968500005
74,TYR,1.797,0.5272887323943662,3.98339,1.20189,0.4091100000000001,5,0.333333333333333,0,0.0,0.3556,0.8063,0.502,0.1605,1.67001237,3.246213540000001,4.64092854,5.77829755,-2.334333668,-4.543544341500001,-0.37111801875,-1.0548216664,13.431095067000088,-19.39810822399999,2.1396406670000063,-4.823860160870001
75,ASN,0.621,0.2539877300613497,1.89636,1.46916,0.3548399999999998,2,0.111111111111111,0,0.0,0.1111,0.3976,0.6747,0.8272,2.08776012,4.05960545,5.8069459000000005,7.235315619999999,-2.74775696252,-5.349655987629999,-0.4370266555320002,-1.2430482504250002,12.492740597000015,-17.812668975140035,1.972012456700001,-4.290942405069992
76,ASP,0.909,0.3390525923162999,2.32192,1.11228,0.6597200000000001,1,0.111111111111111,1,0.111111111111111,0.1111,0.3239,0.8675,1.0,1.67115601,3.25511585,4.6700345400000005,5.84438347,-2.9008014731700005,-5.650639692199999,-0.453987848476,-1.2910432246000003,12.021449909000028,-20.863957948750016,1.886591971800005,-4.984236776570001
77,ASN,0.166,0.0678936605316973,1.6269999999999998,1.6779900000000003,0.6010099999999996,2,0.111111111111111,2,0.111111111111111,0.1111,0.3976,0.6747,0.8272,1.6694600500000003,3.24185268,4.62645442,5.74476516,-2.293036599000001,-4.4608139212,-0.3712046983799999,-1.0554476578300005,10.322576874000008,-17.26034568590002,1.7124184522000017,-4.273543881350001
78,ARG,2.25,0.6710408589322994,3.8869,1.00979,0.0932100000000002,1,0.0769230769230769,1,0.0769230769230769,0.0,0.7346,0.9398,0.6914,1.39132364,2.70241327,3.85834826,4.794435,-1.7918125014,-3.4863379393,-0.28591320844,-0.8121742694999998,11.232838540000008,-17.65093410120004,1.7876627728000032,-4.261471092860004
79,ASP,0.794,0.2961581499440507,2.39473,1.21745,0.6695500000000001,1,0.0666666666666667,0,0.0,0.1111,0.3239,0.8675,1.0,1.66986559,3.24508971,4.6373179,5.77029387,-1.6521331506000003,-3.22444927244,-0.248933598284,-0.7090553982400001,9.709117004999989,-18.33990336008001,1.4681324451000026,-4.129116411679999
80,ASP,1.4,0.5221932114882506,2.40591,0.92622,0.3547800000000001,0,0.0,0,0.0,0.1111,0.3239,0.8675,1.0,1.25246334,2.43430953,3.47956874,4.331211140000001,-1.2305534262,-2.3940688751,-0.19782824729,-0.5622032057999999,10.169474109999962,-15.994901956500003,1.647056706299995,-4.014545219400014
81,ARG,2.031,0.6057262153295556,3.92758,1.0487499999999998,0.2732500000000002,0,0.0,0,0.0,0.0,0.7346,0.9398,0.6914,0.973529,1.8886368,2.69100289,3.33418001,-1.302350673338,-2.53372446141,-0.2086261783007,-0.5926830072860001,9.356242016999984,-19.061918911009915,1.4143969821000064,-4.274494229886
82,ASP,1.563,0.5829914211115255,2.18943,0.74637,0.3716300000000001,0,0.0,0,0.0,0.1111,0.3239,0.8675,1.0,1.25283906,2.43726545,3.48934375,4.35374831,-1.041424655,-2.0373330248,-0.15017078177,-0.42879931324,7.4302554520000035,-11.435717099100025,1.1114190388999994,-2.506541893720003
83,ASN,0.98,0.4008179959100205,2.28295,1.2546700000000002,0.2103299999999996,0,0.0,0,0.0,0.1111,0.3976,0.6747,0.8272,0.97252921,1.88083727,2.66544315,3.27596427,-1.0848964569,-2.1061345376,-0.18130799536,-0.5144605565,5.145577176000001,-12.609896716000003,0.8126053081999989,-2.961257645900005
84,ARG,2.742,0.8177751267521622,4.05942,0.69879,-0.0877899999999998,0,0.0,0,0.0,0.0,0.7346,0.9398,0.6914,0.69405024,1.33871666,1.88851703,2.30543978,-0.8778328527000001,-1.690691815,-0.1650416234599999,-0.4653126918999999,2.6628551699999954,-7.091577252999997,0.4884958972,-1.9471825342000004
85,GLY,0.625,0.3456858407079646,0.8687600000000001,0.8015299999999999,0.3814700000000002,2,0.166666666666667,1,0.0833333333333333,0.4556,0.0,1.0,0.5062,1.39221912,2.70941262,3.8813324,4.84692784,-0.3633932849,-0.7105705976000001,-0.05341419985,-0.1525733537,2.2018272340000005,-5.016844148800001,0.3331060002000003,-1.1000183285999998
86,GLY,0.18,0.0995575221238938,0.6635599999999999,1.01236,0.6156400000000002,4,0.210526315789474,2,0.105263157894737,0.4556,0.0,1.0,0.5062,1.3899738899999998,2.69187499,3.82378205,4.715607230000001,-0.3419996082000001,-0.6682627686000001,-0.0510634503999999,-0.1457781433,2.198539022000002,-3.0994550772000005,0.3618746758000002,-0.7128991956000003
87,SER,0.923,0.424172794117647,1.71083,0.81706,0.4359400000000001,3,0.25,2,0.166666666666667,0.4111,0.1877,0.8514,0.5309,1.25197606,2.43050947,3.46711946,4.30286969,-0.2746328372,-0.5365002877,-0.0406198970899999,-0.1157957987999999,2.5166316430000024,-1.9644859838000013,0.3767468399000001,-0.4180351102
88,GLY,0.613,0.3390486725663716,0.87355,0.7592800000000001,0.43572,2,0.285714285714286,1,0.142857142857143,0.4556,0.0,1.0,0.5062,0.83364765,1.61257601,2.28617699,2.8117247400000003,-0.3915037308,-0.7560902536,-0.07046447085,-0.1989726479,2.31285468,-3.4882047651999986,0.4044563146000001,-0.9858332479000004
89,GLY,0.832,0.4601769911504424,0.94125,0.6718,0.3042000000000001,1,0.2,0,0.0,0.4556,0.0,1.0,0.5062,0.97347408,1.88821539,2.68964716,3.3311707100000003,-0.663766286,-1.2968020939999998,-0.0993022813,-0.2834395007,2.005778758000001,-4.398706975000001,0.2975266885999998,-0.9948464417999996
90,TYR,0.69,0.2024647887323943,3.02139,1.92981,0.78819,4,0.307692307692308,2,0.153846153846154,0.3556,0.8063,0.502,0.1605,0.97185479,1.87555676,2.64807095,3.23618882,-0.5535693807000001,-1.0701386009999998,-0.0993065657,-0.2809595823,2.001293746,-3.0044887569999994,0.3377942617000001,-0.7781425706000005
91,GLY,0.724,0.4004424778761061,0.82729,0.8128799999999999,0.2711200000000001,0,0.0,2,0.2,0.4556,0.0,1.0,0.5062,1.25274484,2.43651629,3.48683737,4.34788218,-0.3619015339999999,-0.7080807900000001,-0.0525457552699999,-0.1501770754999999,2.242967348000002,-2.3121112607999983,0.321082675,-0.4789655474999998
92,ARG,1.557,0.4643602743811512,3.41154,1.4727400000000002,0.3232600000000001,0,0.0,2,0.25,0.0,0.7346,0.9398,0.6914,1.1127728,2.1597436,3.07966378,3.820032700000001,-0.5566093577000001,-1.085853374,-0.08545805723,-0.2435420318,2.280207252,-4.003146555000001,0.3446514538000002,-0.8749516618999998
93,ASP,1.42,0.5296531145095114,2.51926,0.7403500000000001,0.5206500000000001,0,0.0,0,0.0,0.1111,0.3239,0.8675,1.0,0.55493704,1.0686302799999998,1.5032069,1.82724034,-0.6244400149999999,-1.199342758,-0.1214921426,-0.3417388036,1.4095378239999998,-2.206791346,0.260306426,-0.6371173512000001
94,ARG,2.048,0.6107963018192663,3.76311,1.12505,0.17995,0,0.0,1,0.166666666666667,0.0,0.7346,0.9398,0.6914,0.97285279,1.88335621,2.67367886,3.29466384,-0.6617248984,-1.2902027925,-0.10309896036,-0.2937899426,2.713223408999999,-5.960839061999995,0.4077210461,-1.2613161777999982
95,ASN,1.405,0.5746421267893661,2.45027,0.82869,0.2113099999999997,0,0.0,0,0.0,0.1111,0.3976,0.6747,0.8272,0.83398978,1.61524596,2.2949302,2.83167201,-0.4799964242,-0.9333199905,-0.07738300682,-0.2196722889999999,2.4730237120000003,-5.999397465,0.4043562447000003,-1.454136664400001
96,TYR,1.636,0.4800469483568075,3.88058,1.17681,0.5951900000000001,0,0.0,2,0.333333333333333,0.3556,0.8063,0.502,0.1605,0.6941543,1.3395256,1.8911591,2.31143064,-0.508315465,-0.986007431,-0.0856282944,-0.242669965,2.786095882000005,-7.526847071999994,0.4616025016000011,-1.7543348029999997
97,GLU,1.148,0.4208211143695014,2.40025,1.01566,0.5643400000000003,0,0.0,2,0.285714285714286,0.1111,0.4884,0.8112,0.9136,0.83345443,1.61106424,2.28120701,2.8003555,-0.401613191,-0.7831633310000001,-0.0621763053,-0.1771461679,3.262367735999993,-7.946977338999999,0.5004669172,-1.8115508827000009
98,ASP,1.241,0.4628869824692279,2.35953,0.8153299999999999,0.6246700000000001,0,0.0,2,0.333333333333333,0.1111,0.3239,0.8675,1.0,0.83402632,1.6155301299999998,2.29585853,2.83377736,-0.303081984,-0.586484637,-0.0528654664599999,-0.1494735554,3.253234654000005,-6.520551254000005,0.5716020032000003,-1.7934624741000011
99,ARG,1.728,0.5153593796600059,3.67423,1.23883,0.3861700000000001,1,0.166666666666667,2,0.333333333333333,0.0,0.7346,0.9398,0.6914,0.83366934,1.61273826,2.2866845500000004,2.81280527,-0.8394923455,-1.6313171089999998,-0.1380993417,-0.392166598,7.067459356000002,-13.803175366999987,1.1482553407999954,-3.278214827
100,GLY,0.533,0.2948008849557522,0.96565,0.8458600000000001,0.4291399999999998,1,0.2,1,0.2,0.4556,0.0,1.0,0.5062,0.83411889,1.61625601,2.29824999,2.83926356,-1.1113507131,-2.1544873238000006,-0.18823084666,-0.5329706661,8.279471390000007,-12.90410687080001,1.373726518800001,-3.3639172344999966
101,TYR,1.213,0.3559272300469484,3.59648,1.58693,0.6080699999999999,3,0.6,1,0.2,0.3556,0.8063,0.502,0.1605,1.3924277800000002,2.71106318,3.88682149,4.859678649999999,-1.1205464736999995,-2.1835810276000007,-0.1732320607399999,-0.4925735190700001,9.00670859499999,-5.871981327599997,1.321666384999997,-1.441382082000001
102,ASN,1.213,0.4961145194274029,2.4626,0.90459,0.3274099999999997,2,0.25,0,0.0,0.1111,0.3976,0.6747,0.8272,1.39176195,2.7058241900000004,3.869496110000001,4.8197326,-0.64367162543,-1.249909281704,-0.1063431231689999,-0.3015769960469999,9.924021226000017,-6.271150520386013,1.6806148052999994,-1.715921177277998
103,GLY,0.158,0.0873893805309734,0.69639,1.09716,0.5528400000000002,3,0.15,0,0.0,0.4556,0.0,1.0,0.5062,1.9484798800000005,3.78826573,5.4177016600000005,6.74869186,-1.3237517661999998,-2.5843975753000006,-0.1979591376399999,-0.5639568311000002,10.936786739999956,-12.349770693900014,1.5859078605999977,-2.5854707044000023
104,GLY,0.618,0.3418141592920354,0.94421,0.85609,0.3339099999999999,0,0.0,0,0.0,0.4556,0.0,1.0,0.5062,1.8098813700000005,3.52215363,5.04527466,6.29940131,-1.3288174634400003,-2.59310274516,-0.20167586543,-0.5745874490900001,11.322344508000011,-15.866147428360032,1.7010832052000016,-3.494815719499997
105,GLY,0.976,0.5398230088495575,0.96509,0.74013,0.0918700000000001,0,0.0,0,0.0,0.4556,0.0,1.0,0.5062,1.39243146,2.71107807,3.88682288,4.85953508,-1.4911378854999997,-2.901785563,-0.236782397934,-0.6725755193099999,11.464345568000033,-17.680497785000007,1.855482923700005,-4.498385024790009
106,GLY,0.855,0.4728982300884956,1.01423,0.67021,0.2827900000000001,0,0.0,0,0.0,0.4556,0.0,1.0,0.5062,0.6943072299999999,1.3407249,1.89511185,2.32050371,-0.90730712692,-1.7446547519999998,-0.174500276937,-0.4914495760899999,7.604137019999984,-12.58901628751,1.3378494853999974,-3.455154356060003
107,GLY,0.903,0.4994469026548672,1.02712,0.68034,0.22466,1,0.125,0,0.0,0.4556,0.0,1.0,0.5062,1.1127407,2.15946665,3.07866078,3.81745441,-1.11038137483,-2.1693699391000005,-0.16643316322,-0.47513280695,9.205770260000008,-14.646001512399994,1.3455652471000084,-3.101554688800004
108,GLY,0.552,0.3053097345132743,0.95506,0.87367,0.38233,0,0.0,0,0.0,0.4556,0.0,1.0,0.5062,0.83336861,1.61040085,2.27905478,2.7955201100000004,-0.8112299196,-1.579708918,-0.1278711493,-0.3635980358,6.432655466999979,-10.106099969000006,1.0945349238000006,-2.453032119799998
109,GLY,0.945,0.5226769911504424,0.95447,0.7361099999999999,0.1268900000000001,0,0.0,0,0.0,0.4556,0.0,1.0,0.5062,0.8342845099999999,1.61755063,2.30250125,2.84897311,-0.6550349308000001,-1.2709246394000002,-0.10953699307,-0.3103835661,8.363672006999996,-15.419181060599996,1.343562648699996,-3.760573268200005
110,ASN,1.029,0.4208588957055215,2.32144,1.06304,0.3529599999999999,2,0.181818181818182,1,0.0909090909090909,0.1111,0.3976,0.6747,0.8272,1.11180305,2.15215597,3.0547185800000003,3.76297003,-0.9843613275,-1.9176038121,-0.15518974132,-0.4417010473,9.102419454999998,-16.751756195100015,1.5352447520000014,-3.994240508080003
111,ARG,1.465,0.4369221592603639,3.44634,1.51911,0.3688900000000001,6,0.352941176470588,1,0.0588235294117647,0.0,0.7346,0.9398,0.6914,1.39103297,2.7001258100000003,3.850780630000001,4.77697708,-1.1570466934,-2.2597484960000003,-0.17392606615,-0.4961883126,9.192801366,-17.376221200000046,1.4510160973000057,-3.961529021100009
112,GLY,0.14,0.077433628318584,0.56548,1.0428,0.6252000000000002,5,0.416666666666667,1,0.0833333333333333,0.4556,0.0,1.0,0.5062,1.25102851,2.42314721,3.4430933500000007,4.2484518,-1.5412976586,-2.9926746458,-0.25637085745,-0.72738883989,10.088877288,-17.182344656649992,1.651307915700002,-4.292849047800004
113,TYR,2.086,0.6120892018779343,4.18566,1.11807,0.2039300000000001,5,0.555555555555556,3,0.333333333333333,0.3556,0.8063,0.502,0.1605,1.1125767400000002,2.1581959,3.07452834,3.80814097,-1.2504350156999993,-2.4377409886000008,-0.19373402486,-0.5515810131000001,8.246562144000004,-15.715999070600006,1.3168984466000018,-3.720178320300001
114,ASN,1.112,0.4548057259713702,2.2269,1.18728,0.1457199999999998,3,0.428571428571429,2,0.285714285714286,0.1111,0.3976,0.6747,0.8272,0.97321241,1.88617148,2.68293841,3.31585705,-0.9307182342000004,-1.8052935407,-0.1572933518,-0.4458528310999999,8.202605762999978,-16.807135043100015,1.3577575281000034,-4.252357246650005
115,ASN,1.202,0.4916155419222904,2.2727,1.02817,0.2148299999999998,2,0.4,2,0.4,0.1111,0.3976,0.6747,0.8272,0.8340286699999999,1.61554756,2.29591206,2.83388811,-0.6376980211,-1.2314492920000002,-0.11496682967,-0.3246136061999999,4.152194586999996,-11.207515946999996,0.7519529096999987,-3.009224410600001
116,ASN,1.238,0.5063394683026585,2.41917,0.86888,0.3381199999999998,1,0.2,1,0.2,0.1111,0.3976,0.6747,0.8272,0.9728142400000002,1.8830591,2.6727172500000003,3.2925095,-0.5348615339,-1.0402325024,-0.0868838137699999,-0.2469504193,4.5550335179999895,-7.094721707799994,0.7403653743999988,-1.6683589828999985
117,ARG,1.635,0.4876230241574709,3.70191,1.3925200000000002,0.32548,0,0.0,0,0.0,0.0,0.7346,0.9398,0.6914,1.25318951,2.44002224,3.498457760000001,4.374753789999999,-0.57791668,-1.1241376674,-0.09286373575,-0.26376848548,3.574794617,-6.841345668000002,0.5590157102000006,-1.645736323099999
118,GLY,0.855,0.4728982300884956,0.98802,0.76408,0.1889200000000001,1,0.2,0,0.0,0.4556,0.0,1.0,0.5062,0.8340331299999999,1.61559218,2.2960933100000003,2.83440945,-0.5542450533000001,-1.067902568,-0.1034442456999999,-0.2916813733,2.707868316,-4.678663417,0.446918086,-1.2217349180999992
119,GLY,0.878,0.4856194690265487,0.98084,0.7129800000000002,0.2170199999999998,2,0.25,0,0.0,0.4556,0.0,1.0,0.5062,0.97341355,1.88772903,2.68800326,3.32727079,-0.7590742570600001,-1.4795420949,-0.1182868438899999,-0.3367740606499999,3.5348583420000046,-8.259487371000002,0.5636596660000001,-1.8827186488
120,GLY,1.017,0.5624999999999999,1.04912,0.66296,0.1280400000000001,0,0.0,0,0.0,0.4556,0.0,1.0,0.5062,0.69422211,1.3400556099999998,1.89289896,2.3154021,-0.6784942722,-1.3150645887,-0.11562284788,-0.32741625544,3.451067624,-8.768712964200002,0.592454304200001,-2.172629625399999
121,GLY,0.941,0.5204646017699115,1.00005,0.74337,0.1236300000000001,0,0.0,0,0.0,0.4556,0.0,1.0,0.5062,0.6942450099999999,1.3402374599999998,1.89350679,2.31682426,-0.580992113,-1.1265590600000002,-0.0991246953,-0.2810240803,2.3918121200000018,-5.391559685000001,0.4144748056000002,-1.4145821927000009
122,GLY,0.441,0.2439159292035398,0.90768,0.8753299999999999,0.49167,0,0.0,0,0.0,0.4556,0.0,1.0,0.5062,0.8336505099999999,1.61259713,2.2862431,2.8118653,-0.4636329833,-0.8993922854,-0.07801346493,-0.2210949585499999,2.3543274729999983,-4.2494936385999935,0.3921949490000002,-1.0968768392000006
123,GLY,0.635,0.351216814159292,0.92286,0.7673099999999999,0.4056900000000001,0,0.0,1,0.142857142857143,0.4556,0.0,1.0,0.5062,0.97273978,1.88246511,2.6707260400000004,3.28783719,-0.5149542364,-1.002599027,-0.0819224041,-0.23302257,3.335504554,-5.928776369999998,0.5578212160999998,-1.3933054697
124,TYR,1.623,0.4762323943661972,3.74369,1.30614,0.4788599999999998,2,0.285714285714286,2,0.285714285714286,0.3556,0.8063,0.502,0.1605,0.9728688,1.88349853,2.67420843,3.2960658100000004,-0.7885391289400001,-1.5383370196999997,-0.12018456995,-0.34231863147,2.514012692000002,-6.041807130799997,0.3981068931999997,-1.379632936300001
125,ASN,1.414,0.5783231083844581,2.44633,0.86048,0.1705199999999999,2,0.333333333333333,2,0.333333333333333,0.1111,0.3976,0.6747,0.8272,0.83389084,1.61448321,2.2924634800000003,2.82615584,-0.9003275884,-1.7571758000000002,-0.1358369706,-0.3869829881,2.4733973100000024,-6.092197609999993,0.4004550760000002,-1.408595072
126,ARG,2.2,0.656128839844915,3.90666,0.8577400000000001,0.2952599999999999,1,0.2,1,0.2,0.0,0.7346,0.9398,0.6914,0.83355779,1.6118571999999998,2.28375949,2.80602701,-0.9660662187,-1.878262115,-0.1573896169199999,-0.4471093139,2.509078715999999,-3.993125025000002,0.4377171949,-1.0507540865999998
127,GLN,0.728,0.2532173913043478,2.4911600000000003,1.60349,0.5435100000000002,2,0.25,2,0.25,0.1111,0.5388,0.7952,0.6914,1.25161203,2.4276643,3.4577769700000003,4.28153252,-0.6684161750000002,-1.2929150554,-0.1181767318799999,-0.3342915107699999,3.651545397999999,-2.19611336,0.5898948120000005,-0.6588245087999991
128,ASP,0.896,0.3342036553524804,2.2781800000000003,1.05499,0.73001,0,0.0,0,0.0,0.1111,0.3239,0.8675,1.0,1.80955159,3.51961128,5.0370509000000006,6.28100489,-0.8469968438400001,-1.6503348836999998,-0.13192428953,-0.3752626846199999,1.730744747999999,-3.2838424046000005,0.2537058169,-0.7302883168200001
129,ARG,1.091,0.3253802564867282,3.19685,1.7237000000000002,0.5383000000000002,2,0.105263157894737,0,0.0,0.0,0.7346,0.9398,0.6914,1.5293080600000002,2.96365881,4.2145657000000005,5.2060025,-0.8355103407999999,-1.6223431786000002,-0.13961831745,-0.39635610821,2.2726678340000013,-2.8552898305,0.4023042562000006,-0.6941426565499995
130,GLY,0.367,0.2029867256637168,0.67783,0.9443,0.4967,1,0.0714285714285714,0,0.0,0.4556,0.0,1.0,0.5062,1.8100569,3.52353629,5.04985087,6.30996221,-0.7944154253999998,-1.546854879,-0.1251942642799999,-0.3558914969,1.4947278210000017,-2.852195876000001,0.2178100848,-0.5836074757999996
131,ASP,1.011,0.3770980977247295,2.06993,1.16973,0.5002700000000002,0,0.0,0,0.0,0.1111,0.3239,0.8675,1.0,1.5310539,2.9773255400000003,4.259515,5.30887947,-0.4921827692299999,-0.9515378757,-0.08665791248,-0.24473586259,3.260660811999999,-2.962731229399998,0.5057081198000002,-0.8189718155999995
132,GLY,0.615,0.3401548672566371,0.93678,0.70598,0.48702,2,0.1,0,0.0,0.4556,0.0,1.0,0.5062,1.3905525,2.6963890100000003,3.83857622,4.7493091000000005,-0.5445064476999998,-1.0551050039999998,-0.0946445446499999,-0.2683988436999999,2.8239467320000027,-3.919556226999999,0.4854624983999994,-1.0188153726000002
133,GLY,0.414,0.2289823008849557,0.8326399999999999,0.8522000000000001,0.5418000000000001,0,0.0,0,0.0,0.4556,0.0,1.0,0.5062,0.97249777,1.88062261,2.66484499,3.2749235800000003,-0.5624147273,-1.0949194675999998,-0.0885607948999999,-0.25161722877,2.1226363059999995,-4.288826072000004,0.3216031325000001,-0.9788323711000004
134,SER,0.99,0.4549632352941176,1.38633,0.76762,0.4183800000000002,0,0.0,0,0.0,0.4111,0.1877,0.8514,0.5309,0.69354247,1.33475214,1.87551312,2.27578471,-0.5744022015,-1.11475248,-0.0971351026,-0.2757116765,1.9205295660000004,-3.3681084515000017,0.3412497523999999,-0.8320628083999999
135,SER,1.35,0.6204044117647058,1.33097,0.6576299999999999,0.1683700000000001,0,0.0,0,0.0,0.4111,0.1877,0.8514,0.5309,0.6943714599999999,1.34121784,1.8966967,2.324018,-0.6431032979999998,-1.255695184,-0.0972267342,-0.2773233095,1.92424599,-4.214025997,0.3097719859000001,-0.9567563411
136,ASN,0.392,0.1603271983640082,1.81476,1.59546,0.4575399999999998,0,0.0,0,0.0,0.1111,0.3976,0.6747,0.8272,0.83300379,1.60750174,2.269378,2.77295075,-0.6422816311,-1.2504685308999997,-0.10215683873,-0.2905880762,1.8458303210000016,-4.411813418,0.2962428270999999,-1.022613908
137,PHE,1.801,0.5792859440334512,3.57611,1.0417999999999998,0.2662000000000002,1,1.0,0,0.0,0.8111,0.783,0.0763,0.037,0.2775017199999999,0.5345749,0.7524567900000001,0.91557045,-0.106849165,-0.2051823099999999,-0.020825497,-0.058566038,2.288451752529412,-3.5107545281,0.373162110582353,-0.870017266562353
138,SER,0.901,0.4140625,1.17864,1.06042,0.2145800000000002,1,1.0,0,0.0,0.4111,0.1877,0.8514,0.5309,0.4153949799999999,0.7952183399999999,1.1070685,1.32459292,-0.7589472372636842,-1.475507363664737,-0.1233118707857894,-0.3501823781189473,2.2228662191405224,-3.5947418154944444,0.3638150972990195,-0.8891977454556863
139,ARG,2.344,0.6990754548165821,3.74031,1.13587,-0.1268699999999996,1,1.0,0,0.0,0.0,0.7346,0.9398,0.6914,0.4156739299999999,0.79739407,1.11419634,1.3408208,-0.7882688534366842,-1.5328407338797367,-0.1276178376762894,-0.3624798303679473,2.21042731503526,-3.624077331041813,0.3622326307253353,-0.8949862732020022
140,GLY,0.972,0.5376106194690266,0.98063,0.67336,0.1626400000000001,0,0.0,0,0.0,0.4556,0.0,1.0,0.5062,0.2772227699999999,0.5323991699999999,0.74532895,0.89934257,-0.106938983,-0.20586543,-0.020318758,-0.0572922239999999,2.17136120743526,-3.652171152916813,0.3543845838153353,-0.900871702534502
141,GLY,0.671,0.3711283185840708,0.74712,0.7097899999999999,0.4272100000000001,1,0.25,0,0.0,0.4556,0.0,1.0,0.5062,0.41716545,0.8089546999999999,1.15183262,1.4257942,-0.6341935471000001,-1.225537157,-0.11276592007,-0.3184517643,1.921904593000002,-3.8068791820000007,0.325975729,-1.0332339952
142,TYR,1.668,0.4894366197183099,3.88818,1.38327,0.35673,3,0.333333333333333,0,0.0,0.3556,0.8063,0.502,0.1605,1.2528826,2.43760308,3.490441730000001,4.356223089999999,-0.7114630654000001,-1.3885095212999998,-0.10795434197,-0.3076507405,3.0683883239999985,-4.342880809999996,0.4465164486000001,-0.9690289079900002
143,ASN,1.026,0.4196319018404908,2.2610200000000003,1.12315,0.2958499999999997,1,0.1,0,0.0,0.1111,0.3976,0.6747,0.8272,1.25180831,2.4291879900000004,3.4627431,4.29275926,-0.7884245998000001,-1.5355550244,-0.1243911137499999,-0.35385787994,3.453861076000001,-4.020580753999999,0.5746347731000004,-1.0280205948
144,ASN,1.497,0.6122699386503069,2.41455,0.81472,0.1332799999999997,0,0.0,0,0.0,0.1111,0.3976,0.6747,0.8272,1.11222022,2.15540727,3.06536378,3.7871856,-0.9974736498,-1.937213896,-0.1651717161,-0.4686933591,2.2757122999999977,-3.912509716999999,0.3832912991999997,-1.015389028500001
145,ARG,1.268,0.3781688040560692,3.35365,1.78468,0.3003199999999999,0,0.0,0,0.0,0.0,0.7346,0.9398,0.6914,1.25107923,2.42351385,3.444197410000001,4.2506703,-1.271963614,-2.4724895190000007,-0.2073988215,-0.5889600407999999,1.488093565,-3.905345021000002,0.2734074751000001,-1.061157732
146,ASP,1.4,0.5221932114882506,2.65572,0.69163,0.5893700000000002,0,0.0,0,0.0,0.1111,0.3239,0.8675,1.0,1.11319888,2.16306246,3.0905222400000003,3.84470975,-1.2644100695000002,-2.466150538199999,-0.19384320504,-0.55202457857,2.081114423,-2.9017979342,0.3361728168999996,-0.7070653347999998
147,GLU,1.904,0.6979472140762463,3.1252,0.7296400000000001,0.0943600000000002,0,0.0,0,0.0,0.1111,0.4884,0.8112,0.9136,0.9735822,1.88905769,2.69240294,3.33743266,-1.5730600050000003,-3.06644159653,-0.24329854996,-0.6924281946,1.5670699840000004,-2.4403306935000004,0.2800040520000001,-0.6814823634999999
148,GLY,0.471,0.2605088495575221,0.97017,0.90352,0.4334800000000002,0,0.0,0,0.0,0.4556,0.0,1.0,0.5062,0.97333071,1.88708557,2.6859051400000005,3.32252623,-1.0294071245399998,-1.9896834337,-0.18383882272,-0.5196550774600001,2.471005796999997,-3.707884533099999,0.4216485728999997,-1.0040731288800004
149,SER,0.641,0.2945772058823529,1.48102,1.12804,0.4069600000000002,0,0.0,0,0.0,0.4111,0.1877,0.8514,0.5309,1.52998111,2.96897331,4.23219744,5.24681528,-1.4334291673,-2.797002288,-0.21804362734,-0.6212117295999997,1.49440557,-3.841217199999999,0.2236389519999999,-0.8402703439999997
150,ASP,0.36,0.134278254382693,1.84596,1.48165,0.8393500000000003,0,0.0,0,0.0,0.1111,0.3239,0.8675,1.0,1.80969464,3.52069876,5.040513369999999,6.28857888,-1.0850673866,-2.1188194105,-0.1619365067999999,-0.4614885375999999,1.4913456819999993,-3.417166268,0.245343318,-0.8118512431999997
151,ASN,1.096,0.4482617586912066,2.0516300000000003,1.09241,0.2565899999999996,2,0.125,3,0.1875,0.1111,0.3976,0.6747,0.8272,1.52936098,2.9641646999999995,4.216539839999999,5.211463019999999,-0.7941081422,-1.5367665348,-0.1385774706599999,-0.3919155604000001,1.960421061,-3.4602459440000004,0.3399741206,-0.9500171107000008
152,ARG,1.945,0.5800775424992544,3.35656,1.35424,0.05376,3,0.1875,3,0.1875,0.0,0.7346,0.9398,0.6914,1.66928631,3.24054422,4.622328240000001,5.7358623,-0.429457011,-0.8382116098,-0.0649888925899999,-0.1852147022,1.7308999460000014,-3.732173476,0.2521001784,-0.8078375766000003
153,GLY,0.389,0.2151548672566371,0.7960299999999999,0.94203,0.47697,2,0.153846153846154,3,0.230769230769231,0.4556,0.0,1.0,0.5062,1.24977714,2.41345196,3.41154541,4.177274410000001,-0.3553289388,-0.6920369260999999,-0.05535122408,-0.1572680890999999,2.316917472999997,-2.8666533971999995,0.3689753923000001,-0.6281152259999997
154,SER,1.392,0.6397058823529411,1.67625,0.65757,0.1264300000000002,0,0.0,1,0.166666666666667,0.4111,0.1877,0.8514,0.5309,0.83350896,1.61148136,2.28254483,2.8033129,-0.6666630715999999,-1.2913374049999995,-0.11518653325,-0.3261409473,2.4318239739999994,-3.9966675453000007,0.4148959714000001,-1.0791656412000006
155,GLY,0.832,0.4601769911504424,1.01887,0.64562,0.3303800000000001,0,0.0,1,0.2,0.4556,0.0,1.0,0.5062,0.83383991,1.61408072,2.29112572,2.82305019,-0.8368839030000002,-1.633228746,-0.1272933293,-0.3628225859999999,2.434719265999999,-5.571498431000004,0.3914820349999999,-1.308039146
156,ARG,1.907,0.5687444079928422,3.43173,1.28016,0.1658400000000002,1,0.142857142857143,2,0.285714285714286,0.0,0.7346,0.9398,0.6914,0.97233791,1.87935466,2.6606181400000004,3.26507761,-0.7387851363000001,-1.4336401761,-0.1235218292399999,-0.35014134425,2.3138961760000005,-4.908089255000004,0.3961026639000001,-1.2436960006000006
157,SER,0.593,0.2725183823529411,1.38946,1.06712,0.5158800000000001,4,0.307692307692308,5,0.384615384615385,0.4111,0.1877,0.8514,0.5309,1.38893791,2.68392419,3.79816839,4.658607959999999,-0.6774689607,-1.3209265563,-0.1043028431,-0.2969217719,2.4751519160000006,-4.161844490200001,0.3856933811999999,-0.9391296552
158,TYR,1.229,0.3606220657276995,3.75444,1.42771,0.7512899999999998,4,0.307692307692308,5,0.384615384615385,0.3556,0.8063,0.502,0.1605,1.5302312500000002,2.9709036499999995,4.2384566,5.260875739999999,-0.5500218436000001,-1.067267834,-0.09211183006,-0.2611002772,1.9633460570000003,-3.043612095700001,0.3172074411999999,-0.7338880239000004
159,ASN,0.991,0.4053169734151329,2.20605,1.1264999999999998,0.3274999999999999,2,0.133333333333333,3,0.2,0.1111,0.3976,0.6747,0.8272,1.52963783,2.96629835,4.22343957,5.22689244,-0.97764238053,-1.8973454859,-0.16389329597,-0.46480377578,2.080336822000001,-3.783345416999999,0.3438008119,-0.9201453986000008
160,ASN,0.757,0.3096114519427403,2.04745,1.27338,0.4146199999999997,0,0.0,2,0.117647058823529,0.1111,0.3976,0.6747,0.8272,1.66973932,3.2440471300000007,4.633704580000001,5.7614635,-0.8870624604999998,-1.7322659957000002,-0.1332867496999999,-0.3801427434,2.043942440000001,-4.508876801999998,0.313654898,-1.0184203670000005
161,ASP,0.951,0.3547183886609474,2.14213,1.19445,0.53555,0,0.0,0,0.0,0.1111,0.3239,0.8675,1.0,1.1113601700000002,2.14873868,3.0436458700000006,3.73813006,-0.8285397139,-1.6037188163000002,-0.14480664093,-0.4097821830399999,2.193766124,-2.5666969540000006,0.3983628219999998,-0.7106920684
162,ARG,1.854,0.5529376677602147,3.77249,1.17941,0.31959,0,0.0,0,0.0,0.0,0.7346,0.9398,0.6914,1.11266827,2.15891573,3.0769061200000003,3.81361491,-0.7790991552999998,-1.5110319662999998,-0.13188969912,-0.3738113373,2.123562208,-3.344190465999997,0.3176613831999997,-0.7279193336000002
163,ARG,0.83,0.2475395168505815,3.1769,1.7642,0.7588000000000001,0,0.0,0,0.0,0.0,0.7346,0.9398,0.6914,1.6714268600000002,3.25725428,4.67713359,5.86083409,-0.4875519449,-0.9527843305,-0.0713550289759999,-0.20341371892,1.9264075019999989,-3.130539385,0.2898647625000001,-0.6640535742399999
164,ASP,1.404,0.5236851920925027,2.38784,0.95529,0.3217100000000001,0,0.0,1,0.2,0.1111,0.3239,0.8675,1.0,0.8340116900000001,1.61542077,2.29551705,2.83305187,-0.8428979303,-1.6273673243000002,-0.15209835624,-0.4293009998,1.7277622749999983,-2.799879024999999,0.2777954519,-0.7219903739000003
165,ASN,1.597,0.6531697341513293,2.49581,0.7329199999999999,0.1150799999999999,0,0.0,1,0.25,0.1111,0.3976,0.6747,0.8272,0.55493704,1.0686302799999998,1.5032069,1.82724034,-0.7463927900000001,-1.4438134319999998,-0.1319265258999999,-0.3732013879,0.6651570560000001,-1.7222469229999993,0.1262811146,-0.4759204800000001
166,GLY,0.804,0.4446902654867257,1.00284,0.7317,0.2723,0,0.0,1,0.2,0.4556,0.0,1.0,0.5062,0.8340514700000001,1.6157300699999997,2.29652601,2.83533579,-0.5020335749999999,-0.984105172,-0.0693874175,-0.1985438366999999,0.6682784640000001,-1.815469405,0.1018341345999999,-0.3959951289999999
167,GLY,0.856,0.4734513274336283,1.00916,0.78401,0.16799,0,0.0,0,0.0,0.4556,0.0,1.0,0.5062,0.6944351400000001,1.34171527,1.8983301,2.32774869,-0.152669708,-0.297812742,-0.023183507,-0.065987583,1.2170368919999994,-1.664373678,0.1967510996,-0.3877241450000001
168,ASP,1.759,0.6560984707198806,2.5766000000000004,0.7051799999999999,0.2168200000000002,0,0.0,0,0.0,0.1111,0.3239,0.8675,1.0,0.4156739299999999,0.79739407,1.11419634,1.3408208,-0.272447316,-0.525232396,-0.0504219103,-0.142214555,1.0166839240000003,-2.6840367040000004,0.1974906750000001,-0.7913922409999998
169,GLY,1.589,0.8788716814159292,1.31817,0.37656,-0.1575599999999999,0,0.0,0,0.0,0.4556,0.0,1.0,0.5062,0.41696662,0.80740013,1.14672665,1.41412852,-0.283384073,-0.554230475,-0.0414046573,-0.118274127,1.0220002640000003,-2.68551121,0.1572006679999999,-0.6046671170000004
