2,MET,2.043,0.6851106639839034,2.80338,0.8876900000000001,0.0513099999999999,1,0.2,0,0.0,0.7111,0.6196,0.0,0.0988,0.83499474,1.62298602,2.31995947,2.88766423,-0.856959578,-1.670524927,-0.13361942663,-0.3805771427,4.244193442,-8.252957995,0.6614351711999995,-1.8817175018
3,GLU,1.431,0.5245601173020528,2.82049,1.02395,0.2730500000000002,0,0.0,1,0.2,0.1111,0.4884,0.8112,0.9136,0.97364929,1.88959364,2.6942038100000003,3.34167188,-0.8105111887000002,-1.583952721,-0.1197420252,-0.34166747563,3.934546438,-8.712685378100003,0.5670573041000003,-1.812842762600001
4,SER,0.993,0.4563419117647058,1.66395,0.73927,0.4437300000000003,0,0.0,1,0.142857142857143,0.4111,0.1877,0.8514,0.5309,1.1131550900000002,2.16273361,3.08949008,3.84250021,-0.6835989107000001,-1.335316388,-0.10124177317,-0.2885872914,3.6211033520000018,-7.234942516999993,0.5065364510000001,-1.4662302810999992
5,ASN,0.806,0.3296523517382413,2.22855,1.20473,0.4342699999999997,0,0.0,1,0.142857142857143,0.1111,0.3976,0.6747,0.8272,1.11319101,2.16301555,3.09041867,3.84462893,-0.4348201346999999,-0.8512733549999999,-0.0619927870999999,-0.1772042693,3.931091852999997,-3.275810537000001,0.5927469482999991,-0.6514364542000003
6,GLN,1.637,0.5693913043478261,2.89827,1.04981,0.18819,0,0.0,0,0.0,0.1111,0.5388,0.7952,0.6914,0.8341067,1.6161640199999998,2.29796074,2.83864283,-0.5309903495,-1.0307360600000002,-0.0883677499,-0.2505772607,2.8290928360000005,-1.4429050059999993,0.4348003018000004,-0.3368793487999997
7,SER,0.958,0.4402573529411764,1.65257,0.8893899999999999,0.3286100000000003,0,0.0,0,0.0,0.4111,0.1877,0.8514,0.5309,0.97411648,1.8932551,2.70626217,3.3693205300000004,-0.5461191564999999,-1.0593384992,-0.09147524169,-0.25909216097,2.714331072,-1.7591107159999992,0.3895178609999997,-0.3953205550800001
8,ASN,1.067,0.43640081799591,2.3875800000000003,1.14714,0.2308599999999998,0,0.0,1,0.166666666666667,0.1111,0.3976,0.6747,0.8272,0.97325472,1.8864969,2.68398982,3.31820564,-0.49332578476,-0.95970028743,-0.078951191117,-0.2242346123299999,1.9229156149999984,-3.847610279999999,0.3176017005,-0.9511898412000002
9,ASN,1.382,0.5652351738241309,2.3852,0.99257,0.0704299999999999,0,0.0,1,0.142857142857143,0.1111,0.3976,0.6747,0.8272,0.83359927,1.61218932,2.28487854,2.8086706,-0.260433925,-0.502792758,-0.0472014426,-0.133267938,1.097081509,-2.3644435659999994,0.1962349325000001,-0.641892294
10,GLY,0.972,0.5376106194690266,0.97467,0.65311,0.1828900000000001,0,0.0,1,0.2,0.4556,0.0,1.0,0.5062,0.8338552400000001,1.6142061799999998,2.29155791,2.82410044,-0.133256697,-0.260462074,-0.0196338692,-0.0560382002,1.1013850360000004,-1.3538657869999997,0.1612683303999999,-0.2922712014
11,GLY,0.953,0.5271017699115044,0.93464,0.6896399999999999,0.1653600000000001,0,0.0,0,0.0,0.4556,0.0,1.0,0.5062,0.6942429299999999,1.34021043,1.89337979,2.31641619,-0.2133653539999999,-0.4150130219999999,-0.0343353887,-0.097529916,1.137983657,-2.3222428340000003,0.1893814981,-0.563315483
12,SER,0.898,0.4126838235294117,1.62963,0.9359,0.3421,0,0.0,0,0.0,0.4111,0.1877,0.8514,0.5309,0.69397058,1.33808406,1.88640593,2.30051499,-0.211545303,-0.413221622,-0.0318401287,-0.0908831284,1.1394629690000009,-2.216931064,0.1797626970999999,-0.4934350957999998
13,GLY,0.684,0.3783185840707965,0.97647,0.8067099999999999,0.3172900000000002,1,0.25,1,0.25,0.4556,0.0,1.0,0.5062,0.55687164,1.08367344,1.55234784,1.93870183,-0.0832266899,-0.1609815567,-0.01442022666,-0.04070586423,1.1795913649999996,-0.9362310059999996,0.1742362235,-0.2278969747499999
14,ASN,1.979,0.8094069529652352,2.49832,0.8405,-0.3745000000000003,0,0.0,0,0.0,0.1111,0.3976,0.6747,0.8272,0.27746852,0.5343151399999999,0.75160345,0.91362017,-0.277529423,-0.53524747,-0.051133829,-0.144286532,0.940220376,-2.5064031000000004,0.1696622684999999,-0.6723500430000001
15,ALA,1.162,0.5327831270059605,1.2610599999999998,0.92023,0.0987700000000001,0,0.0,0,0.0,0.7,0.1645,0.249,0.3951,0.55500298,1.06914619,1.5049027,1.83111795,-0.327231242,-0.635945825,-0.0538779234999999,-0.1530454949999999,0.9020257440000002,-2.5287417750000007,0.1551401633,-0.6275083699999998
16,ALA,0.926,0.4245758826226501,1.29804,0.8252200000000001,0.4297799999999998,0,0.0,0,0.0,0.7,0.1645,0.249,0.3951,0.69407439,1.33889496,1.8890654,2.3065783,-0.255135145,-0.493578949,-0.0450645915,-0.127507981,0.8622235680000001,-2.215802485,0.1529547556,-0.5886247200000002
17,LEU,1.319,0.4962377727614748,2.19846,1.0415800000000002,0.2974199999999998,0,0.0,1,0.2,0.9222,0.663,0.2811,0.0,0.69334602,1.3332756199999998,1.87086144,2.26575474,-0.354655871,-0.6863463190000001,-0.0621246855,-0.175763289,0.704551833,-1.2558346060000003,0.1315510079999999,-0.33315373
18,ASN,1.293,0.5288343558282209,2.70783,0.6754800000000001,0.4765199999999998,1,0.142857142857143,1,0.142857142857143,0.1111,0.3976,0.6747,0.8272,0.8338270799999999,1.61388066,2.2901306800000003,2.81975349,-0.4442802557999999,-0.8671585142999999,-0.06799602598,-0.1939743505,0.235535724,-0.2796322065999999,0.039202125,-0.0680958802
19,ARG,1.536,0.4580972263644497,4.16649,0.89494,0.9220600000000002,0,0.0,0,0.0,0.0,0.7346,0.9398,0.6914,0.13817221,0.26281917,0.36173955,0.42525035,-0.4469963041661578,-0.8677995755694737,-0.0744488516895789,-0.211182562844421,1.0357644161111106,-1.9917495654600008,0.1710431046611109,-0.4901972712338889
20,GLY,0.573,0.3169247787610619,0.4652,0.97611,0.25889,0,0.0,0,0.0,0.4556,0.0,1.0,0.5062,0.13817221,0.26281917,0.36173955,0.42525035,-0.4608033569161578,-0.8945121834794738,-0.0768988834340789,-0.218119538849421,1.299992862742689,-2.48329041954421,0.2164416523716372,-0.6172025184338885
21,GLY,0.408,0.2256637168141592,0.7808499999999999,0.8592500000000001,0.5407500000000001,1,0.166666666666667,1,0.166666666666667,0.4556,0.0,1.0,0.5062,0.69393715,1.3378181999999998,1.88551836,2.29844763,-0.72260294,-1.397901748,-0.1274936457999999,-0.360666601,0.233865984,-0.637322888,0.051135102,-0.204790602
22,ARG,1.837,0.547867581270504,3.37715,1.44838,0.0676200000000002,2,0.285714285714286,1,0.142857142857143,0.0,0.7346,0.9398,0.6914,0.97342551,1.88782967,2.68835803,3.32815555,-1.067377579057,-2.07339764702,-0.17582609329,-0.4989198715140001,1.7393468286926883,-3.38852118707421,0.2909849834166372,-0.8368031440738886
23,TYR,1.802,0.528755868544601,4.223450000000001,1.10707,0.4989299999999999,6,0.6,0,0.0,0.3556,0.8063,0.502,0.1605,1.25136852,2.42575195,3.4514653900000005,4.26701965,-0.962565172,-1.869710413,-0.1587091768,-0.4503428096999999,0.038977664,-0.062511064,0.008522517,-0.020086644
24,VAL,0.356,0.1462012320328542,1.48305,1.4508100000000002,0.62819,4,0.307692307692308,0,0.0,0.9667,0.4924,0.3655,0.1235,1.39007661,2.69270249,3.826585,4.72227289,-0.5402112751,-1.0491788025,-0.089281176246,-0.253312565,0.1957822,-0.489743136,0.03614202,-0.134012684
25,PRO,1.14,0.5112107623318385,1.7765799999999998,1.03558,0.0544200000000001,2,0.153846153846154,0,0.0,0.3222,0.3764,0.8594,0.3827,1.39048792,2.6959210199999992,3.837162240000001,4.7464505400000006,-0.5488829010000001,-1.066065927,-0.0906618557999999,-0.2572462042,0.19666333,-0.569066785,0.0290336764,-0.1232171059999999
26,PRO,1.122,0.5031390134529149,1.75015,1.02096,0.0870399999999997,2,0.1,0,0.0,0.3222,0.3764,0.8594,0.3827,1.5284916400000002,2.95744015,4.194690900000001,5.16226204,-0.306328833,-0.596806111,-0.0474862326,-0.1349797662999999,0.3138862639999999,-0.7340251139999999,0.0525295173999999,-0.1832041405999999
27,HIS,0.625,0.2260397830018083,2.70292,1.7740900000000002,0.3659099999999999,0,0.0,0,0.0,0.1444,0.561,0.1124,0.679,1.11134512,2.1485731,3.0429412800000004,3.73603391,-0.5549405732,-1.0765301588,-0.0938763985799999,-0.2661934635,1.0195804709999998,-1.6040310525999997,0.1768655403999999,-0.3933753022
28,LEU,1.414,0.5319789315274642,2.75971,0.72911,0.51489,0,0.0,0,0.0,0.9222,0.663,0.2811,0.0,0.6944865499999998,1.34208407,1.89943187,2.32993768,-0.6594346081000002,-1.2769248785000002,-0.1145899494459999,-0.324391374,1.5694426080000006,-2.4108957890800005,0.2637345953,-0.64021382826
29,ARG,1.596,0.475991649269311,3.7638,1.20579,0.5512100000000002,0,0.0,2,0.2,0.0,0.7346,0.9398,0.6914,0.97370675,1.88994074,2.69499863,3.34244264,-0.569925992,-1.11092814,-0.0889755422,-0.2534133445,5.775499187999988,-11.363767920000006,0.911418913399998,-2.6161067830000007
30,GLY,0.405,0.224004424778761,0.8133400000000001,0.92651,0.4764900000000001,1,0.0666666666666667,3,0.2,0.4556,0.0,1.0,0.5062,1.11130804,2.14833871,3.04235908,3.73527261,-0.5365749799999999,-1.0370449162,-0.09620207749,-0.2720074581,6.117421994999996,-11.703719793599983,1.0588073389999992,-3.054991990799992
31,GLY,0.473,0.2616150442477876,0.85643,0.8838499999999999,0.45115,4,0.19047619047619,5,0.238095238095238,0.4556,0.0,1.0,0.5062,1.3888652100000003,2.68332263,3.79608044,4.65350137,-0.6994257190000001,-1.366648797,-0.1027845467,-0.2930251945,4.9048088279999895,-11.050888301000004,0.8148566497999971,-2.566040429
32,ASP,1.378,0.5139873181648638,2.37533,0.8865,0.4165000000000002,3,0.272727272727273,3,0.272727272727273,0.1111,0.3239,0.8675,1.0,1.11173142,2.15159771,3.05289125,3.75881395,-0.5256186898,-1.0193664054,-0.0893467528,-0.2533079964,6.121639183999987,-10.729835670599988,1.0266597996000022,-2.6815587682000026
33,GLY,0.866,0.4789823008849557,0.92289,0.6838,0.2582000000000001,3,0.5,2,0.333333333333333,0.4556,0.0,1.0,0.5062,0.8337434400000001,1.61332737,2.28865306,2.81740555,-0.6535692160000002,-1.2672129219999997,-0.1111754821999999,-0.3150487871,5.964201093000009,-10.15852363,0.9956855649999996,-2.594450657800006
34,GLY,0.998,0.5519911504424778,0.9665,0.63788,0.17212,2,0.333333333333333,1,0.166666666666667,0.4556,0.0,1.0,0.5062,0.83375047,1.6133657499999998,2.28872127,2.8173842,-0.97740048478,-1.9002658104400003,-0.157821010173,-0.44793467443,4.793899539999986,-5.070243270399997,0.7394827171999975,-1.0377329328300002
35,ALA,0.437,0.2003668042182485,1.10862,1.14163,0.6023700000000001,4,0.222222222222222,4,0.222222222222222,0.7,0.1645,0.249,0.3951,1.5294271700000002,2.9646486600000004,4.218016090000001,5.21449097,-0.8881142151000002,-1.7347878581,-0.1329039713699999,-0.3791628621199999,5.857504732999984,-9.019083424400003,0.8882785538000029,-2.0366146701200014
36,ALA,0.372,0.170563961485557,1.27736,0.93492,0.8740800000000002,1,0.0526315789473684,2,0.105263157894737,0.7,0.1645,0.249,0.3951,1.66878172,3.23659838,4.609360290000001,5.70620704,-1.2268978227999998,-2.387128728,-0.19791539315,-0.5627748966,7.542911063999993,-13.58222082500001,1.192749000799997,-3.2767168181
37,ALA,0.81,0.3713892709766162,1.13895,0.89024,0.4807599999999999,1,0.0555555555555556,3,0.166666666666667,0.7,0.1645,0.249,0.3951,1.2501573,2.41640808,3.42120446,4.19919192,-1.3686395411000003,-2.6735418386000003,-0.20226732314,-0.5764996500899999,6.569695150000014,-13.685254336599996,0.9480385599999988,-2.887155000560002
38,ALA,0.372,0.170563961485557,1.10163,1.1413,0.6677000000000002,0,0.0,1,0.142857142857143,0.7,0.1645,0.249,0.3951,0.97439042,1.89528556,2.7125562600000004,3.38256457,-0.9099296674,-1.7796624720999998,-0.13189349159,-0.3765353562699999,4.916186726999991,-6.075251495799994,0.7190401733999995,-1.2040864041
39,ALA,0.927,0.4250343878954608,1.42335,0.75385,0.50015,1,0.2,0,0.0,0.7,0.1645,0.249,0.3951,0.69440015,1.34140339,1.89717831,2.32473399,-0.8190087530000001,-1.5840531620000005,-0.144619429,-0.4089320741,1.5675213,-3.5286910079999982,0.2791116518999999,-0.9380963759000004
40,SER,0.431,0.1980698529411764,1.09393,1.35563,0.3893700000000002,2,0.2,0,0.0,0.4111,0.1877,0.8514,0.5309,1.39105231,2.7003442799999995,3.851735890000001,4.779892259999999,-0.377155038,-0.7392235809999999,-0.0521972476,-0.1493242567,0.8264607230000003,-1.6871719660000006,0.1168012813,-0.348776476
41,ALA,0.713,0.3269142595139844,1.19244,0.87809,0.5899099999999999,5,0.384615384615385,0,0.0,0.7,0.1645,0.249,0.3951,1.3905507899999998,2.6964041100000005,3.83871935,4.749915700000001,-0.336806413,-0.654291694,-0.0554631569999999,-0.157396131,0.8240457539999999,-1.4811348299999996,0.1376316591,-0.367364327
42,GLY,0.285,0.1576327433628318,0.72863,1.01163,0.5113700000000001,5,0.25,0,0.0,0.4556,0.0,1.0,0.5062,1.24850187,2.40351593,3.3790237900000006,4.1033168,-0.5542571355,-1.071202873,-0.0993024327999999,-0.2807369009,0.312992262,-0.5608846430000001,0.059902373,-0.147924228
43,GLY,0.527,0.2914823008849557,0.82068,0.8567499999999999,0.4242500000000002,6,0.461538461538462,0,0.0,0.4556,0.0,1.0,0.5062,1.25126626,2.42498026,3.4490289700000005,4.261755399999999,-0.6088608593999999,-1.1850976496,-0.0971567909399999,-0.276250997,0.196560989,-0.2908443306,0.0297818209999999,-0.0676788862
44,ASP,0.814,0.3036180529653114,2.27816,0.9848,0.8822,4,0.444444444444444,0,0.0,0.1111,0.3239,0.8675,1.0,1.11364069,2.16642717,3.1012745500000003,3.86837327,-0.455301885002,-0.8896378232700001,-0.067734748586,-0.193313756587,0.313627872,-0.09438425354,0.054891048,-0.027168116774
45,ASP,0.459,0.1712047743379336,2.31544,1.15887,1.06313,0,0.0,0,0.0,0.1111,0.3239,0.8675,1.0,0.27733094,0.5332412099999999,0.74808211,0.90559372,-0.263041861,-0.50747835,-0.04845115,-0.136821126,3.444227222000004,-8.489522363999997,0.6485511915000013,-2.306361234999996
46,ARG,2.26,0.6740232627497762,3.55783,1.03056,0.0624400000000004,0,0.0,0,0.0,0.0,0.7346,0.9398,0.6914,0.5554189599999999,1.07241497,1.51569776,1.8559624,-0.264763081,-0.5159750479999999,-0.0407070788,-0.1157103449999999,4.951518156000012,-9.812231241999983,0.7568221805999992,-2.2926977090000005
47,ARG,1.804,0.5380256486728303,3.62665,1.35581,0.1931900000000002,0,0.0,1,0.333333333333333,0.0,0.7346,0.9398,0.6914,0.69418075,1.3397225199999998,1.8917712200000003,2.31272214,-0.47820885,-0.933968016,-0.0719379412,-0.2052415669999999,6.046485750000008,-12.074332440999996,0.9826008706000028,-2.722007565000003
48,GLY,0.938,0.5188053097345132,0.99499,0.6967700000000001,0.17323,2,0.4,1,0.2,0.4556,0.0,1.0,0.5062,0.6945239599999999,1.3424131899999998,1.90063463,2.33305214,-0.7075526759,-1.3772015548,-0.11228443526,-0.31910212296,6.91110970600001,-10.63333962800002,1.1086197871000023,-2.491299574200004
49,GLY,0.875,0.4839601769911504,0.92282,0.7947700000000001,0.1382299999999999,3,0.375,1,0.125,0.4556,0.0,1.0,0.5062,0.97376029,1.89045691,2.69702315,3.34806422,-1.2489430858,-2.435959495500001,-0.1909646367,-0.54368319116,7.965812586999983,-8.117644376999998,1.3208558678999989,-2.138489321300001
50,ALA,0.733,0.3360843649701971,1.2934899999999998,1.0079999999999998,0.4400000000000001,6,0.5,1,0.0833333333333333,0.7,0.1645,0.249,0.3951,1.3922319,2.70950757,3.88162757,4.84755078,-2.01608362873,-3.9324754378,-0.3074910460479999,-0.8753814320899999,12.227134736999965,-12.680469856400004,1.832701379699991,-2.936009335180004
51,GLY,0.475,0.2627212389380531,0.98713,0.87419,0.4588100000000001,8,0.296296296296296,0,0.0,0.4556,0.0,1.0,0.5062,2.2281110600000003,4.339315430000001,6.22368198,7.78475416,-2.96130208709,-5.7794063031,-0.4517841079459998,-1.2881739906099996,10.57741693499999,-16.716748327499992,1.593170168499996,-3.734083070359997
52,GLY,0.723,0.3998893805309734,0.96964,0.73114,0.3538599999999999,7,0.304347826086957,0,0.0,0.4556,0.0,1.0,0.5062,1.67000179,3.24604089,4.64004713,5.77531754,-2.815466637600001,-5.4753067819000005,-0.4573037779299996,-1.299511276100001,10.520977263999995,-16.305418962099996,1.7246462942000085,-4.100198709000005
53,GLY,0.408,0.2256637168141592,0.94868,0.90266,0.4973400000000001,6,0.230769230769231,0,0.0,0.4556,0.0,1.0,0.5062,2.08807176,4.06206011,5.815072540000001,7.254082860000001,-2.871885946590001,-5.59620587726,-0.4488396722749999,-1.27744103439,11.390664773999958,-15.616416948,1.810799739099998,-3.791526143490001
54,GLY,0.375,0.2074115044247787,0.77885,0.91325,0.51975,3,0.15,0,0.0,0.4556,0.0,1.0,0.5062,1.80942746,3.51863412,5.033812729999999,6.27351358,-2.7428814109999995,-5.3364507027,-0.4404126109440001,-1.2515673449400004,12.44477093299999,-17.534886451900007,2.0309538569000085,-4.353562053670006
55,TYR,1.135,0.3330399061032864,3.53962,1.62512,0.6478799999999998,3,0.1875,1,0.0625,0.3556,0.8063,0.502,0.1605,1.80887934,3.5143432400000005,5.01969995,6.241212909999999,-2.270870763659999,-4.401109403999999,-0.3894644682300001,-1.1033907697599998,16.952802163000047,-22.678586341600013,2.822216105700001,-5.861918682940012
56,ARG,1.017,0.3033104682373993,3.03481,1.77351,0.5624900000000004,2,0.08,0,0.0,0.0,0.7346,0.9398,0.6914,2.50591811,4.87628514,6.984041160000001,8.71849746,-2.855255843499999,-5.5657242188,-0.440371191615,-1.2529108752699998,13.35680792799994,-22.2855426861,2.093609337399996,-5.39717944118
57,ARG,1.221,0.3641515061139278,3.54863,1.37343,0.7585700000000002,3,0.09375,0,0.0,0.0,0.7346,0.9398,0.6914,2.78496586,5.422830040000001,7.77542319,9.721820759999998,-2.76917274369,-5.397121293590001,-0.4297392964510001,-1.2228968279499997,11.946402401999952,-14.622582373179986,1.8458057679000048,-3.486335896400002
58,GLY,0.158,0.0873893805309734,0.76378,1.03988,0.6101200000000002,7,0.189189189189189,0,0.0,0.4556,0.0,1.0,0.5062,2.64508666,5.14666189,7.36981173,9.19624156,-2.698464782099999,-5.2443139391,-0.44216224102,-1.2554903830700004,11.192278852000005,-15.717961105599992,1.8043044847999985,-3.7219352329799977
59,GLY,0.154,0.0851769911504424,0.72859,1.01892,0.6350800000000001,3,0.0652173913043478,0,0.0,0.4556,0.0,1.0,0.5062,3.3419212000000007,6.50707203,9.32934433,11.663220059999995,-2.2823435123,-4.447407289599998,-0.3550985513800001,-1.0101946999,9.354203833999984,-11.63373474879999,1.4300855668999992,-2.730820814999995
60,GLY,0.094,0.0519911504424778,0.63445,0.97852,0.73548,4,0.0833333333333333,1,0.0208333333333333,0.4556,0.0,1.0,0.5062,2.50203062,4.84605965,6.88533074,8.49470424,-2.281591109640001,-4.429621387399999,-0.3780923201899999,-1.0720964308500005,9.730490463000008,-12.861516933700024,1.6286223337999963,-3.291160997879999
61,ASN,1.066,0.4359918200408998,2.17649,1.1751200000000002,0.2038799999999996,2,0.0606060606060606,2,0.0606060606060606,0.1111,0.3976,0.6747,0.8272,2.22553123,4.31926903,6.158253180000001,7.63652906,-1.99155778532,-3.876411523830001,-0.3178102612569999,-0.90363764225,13.04304583499998,-19.010676890500008,2.0516950647,-4.663032048339995
62,SER,0.61,0.2803308823529411,1.3915799999999998,1.11677,0.4492300000000002,0,0.0,3,0.15,0.4111,0.1877,0.8514,0.5309,1.66853599,3.2347122300000004,4.60328674,5.6927036,-1.6408482911999998,-3.1922533952,-0.2626970663999999,-0.7462433940899998,16.252642531999985,-21.40013012180004,2.6502355717999984,-5.347900333299994
63,GLY,0.973,0.5381637168141593,0.93889,0.6645399999999999,0.1704600000000001,0,0.0,0,0.0,0.4556,0.0,1.0,0.5062,0.69390835,1.33759674,1.88480172,2.29683907,-1.516834952598,-2.93415990094,-0.268654531934,-0.7601741792799999,13.944037990000044,-27.64512644478004,2.5402282225999966,-7.358291154285018
64,GLY,0.692,0.3827433628318584,0.9838,0.72921,0.3867900000000001,1,0.166666666666667,0,0.0,0.4556,0.0,1.0,0.5062,0.97363367,1.88947797,2.69384628,3.34092452,-1.6602049691600005,-3.23012704454,-0.264834916549,-0.7522021247260001,15.166757823999957,-28.90121970755999,2.3515552094999874,-6.801792158164001
65,GLY,0.197,0.1089601769911504,0.66231,0.90985,0.7011499999999999,3,0.142857142857143,1,0.0476190476190476,0.4556,0.0,1.0,0.5062,1.80853549,3.511642720000001,5.010788679999999,6.220729029999999,-2.3156391413000006,-4.515939745900001,-0.3563896870300001,-1.0150004038,14.427211372000064,-29.743819442799964,2.1933015699999943,-6.724186976900004
66,GLY,0.08,0.0442477876106194,0.5898100000000001,0.96315,0.76485,4,0.0869565217391304,3,0.0652173913043478,0.4556,0.0,1.0,0.5062,2.22299849,4.29957729,6.09394275,7.4907168,-2.0226843734,-3.923512117700001,-0.3428694361200001,-0.9723000747,12.980814918000014,-21.445694113099947,2.236266524400003,-5.541115094599992
67,GLY,0.224,0.1238938053097345,0.73453,0.9529,0.6311000000000001,5,0.119047619047619,0,0.0,0.4556,0.0,1.0,0.5062,2.50338818,4.85659047,6.919635590000001,8.57221133,-2.0374427345600004,-3.942582742020001,-0.3579381416373,-1.012841102952,14.680020823999955,-16.85758504639999,2.411766035399989,-4.336392399999988
68,GLY,0.763,0.4220132743362831,0.90797,0.7021599999999999,0.34284,5,0.277777777777778,0,0.0,0.4556,0.0,1.0,0.5062,2.22867295,4.343729740000001,6.2382585,7.818295459999999,-3.055563653989999,-5.961636229429997,-0.4653682191800001,-1.3256512440700006,13.690874096999988,-22.82641838170001,1.9876167942000007,-4.916827699490009
69,GLY,0.53,0.2931415929203539,0.90793,0.68283,0.59517,8,0.32,0,0.0,0.4556,0.0,1.0,0.5062,2.3677262600000004,4.61334648,6.622020490000001,8.29294025,-2.897541950729999,-5.647000627819999,-0.4516555082270002,-1.2855931565200007,14.890774567000031,-22.60483410450002,2.3325246240999964,-5.0779863238
70,TYR,1.468,0.4307511737089202,3.50133,1.61953,0.32047,6,0.193548387096774,2,0.0645161290322581,0.3556,0.8063,0.502,0.1605,2.36652978,4.60401255,6.591432170000001,8.22326777,-2.2492812324200004,-4.369121510200001,-0.37052157577,-1.0512972161600005,16.214665318000073,-22.93445989240003,2.6423340270999844,-5.6145637040500045
71,ASP,0.348,0.1298023125699365,1.83837,1.54456,0.7884400000000003,6,0.13953488372093,1,0.0232558139534884,0.1111,0.3239,0.8675,1.0,2.9222376300000006,5.678572170000001,8.113789100000002,10.09327641,-2.305928641929999,-4.490908465749999,-0.36346889531,-1.0338045574849997,10.729365824999991,-15.911689322149988,1.6496860375999982,-3.6712426227649937
72,ARG,1.13,0.3370116313748881,3.18921,1.59373,0.6292700000000002,1,0.037037037037037,2,0.0740740740740741,0.0,0.7346,0.9398,0.6914,2.08665909,4.05103321,5.778911420000001,7.17163892,-1.59810170753,-3.10343898297,-0.265114662625,-0.7522883765500004,13.269042026000053,-12.884364344999996,2.165674703200004,-3.3726354084200034
73,GLY,0.809,0.4474557522123894,0.95487,0.7624799999999999,0.23652,3,0.176470588235294,1,0.0588235294117647,0.4556,0.0,1.0,0.5062,1.52984123,2.9678585300000004,4.2284663700000005,5.23808425,-2.1139933186000004,-4.108388444099999,-0.346293688,-0.9832770673600002,14.330670092999991,-20.507943848899977,2.327580335499999,-5.1010308195599965
74,TYR,2.044,0.5997652582159625,3.93319,1.21033,0.1536699999999999,3,0.230769230769231,0,0.0,0.3556,0.8063,0.502,0.1605,1.53055938,2.97346011,4.2468224,5.27989132,-2.278363997019999,-4.42694864584,-0.37489504043,-1.06442371427,15.50492128700004,-17.033283941370033,2.5440465972000013,-4.401829924279997
75,ASN,0.347,0.141922290388548,1.6749,1.50506,0.5929399999999998,2,0.111111111111111,0,0.0,0.1111,0.3976,0.6747,0.8272,2.08791156,4.0607946,5.81086983,7.24433582,-2.993227209499999,-5.829898362669999,-0.4727737120100001,-1.34524776709,14.811157571000017,-20.404823961010035,2.326964495400007,-4.737814788109997
76,ASP,1.016,0.3789630734800447,2.26837,1.04733,0.6176699999999999,0,0.0,0,0.0,0.1111,0.3239,0.8675,1.0,1.81082264,3.52951681,5.0694766300000005,6.35474844,-3.43200623934,-6.6942383271,-0.5242032213930002,-1.4925110597800002,15.957996000999996,-23.1869411809,2.4336437196000014,-5.50714750694
77,ASN,0.186,0.0760736196319018,1.75259,1.5821,0.6768999999999998,1,0.0555555555555556,0,0.0,0.1111,0.3976,0.6747,0.8272,1.8082573000000004,3.5094604199999995,5.0035945,6.20421094,-2.7831762437600003,-5.41401524228,-0.4504561484300001,-1.2806045338299996,14.60285854000008,-21.208805258599977,2.408430385400002,-5.185979145050002
78,ARG,2.323,0.6928124067998807,4.0103,0.90761,0.1223900000000002,0,0.0,0,0.0,0.0,0.7346,0.9398,0.6914,1.53112415,2.97785787,4.261205780000001,5.31256526,-2.4885329721,-4.848824903599998,-0.38747002819,-1.1021512358699996,15.170771159000038,-23.99164739050005,2.3251256902999984,-5.530591832540003
79,ASP,0.555,0.2070123088399851,2.00705,1.3822,0.7437999999999998,0,0.0,0,0.0,0.1111,0.3239,0.8675,1.0,1.66903663,3.23859401,4.615931980000001,5.72128111,-2.1773241796,-4.23634774262,-0.3494879134539999,-0.99333535009,12.992936813000023,-21.313165875639964,2.140491784699991,-5.300463097859986
80,ASP,1.046,0.3901529280119358,2.27478,1.10259,0.53241,0,0.0,0,0.0,0.1111,0.3239,0.8675,1.0,1.39140762,2.70307631,3.8605472,4.7995236,-2.0046706262,-3.90754283163,-0.3112936282359999,-0.8861107189400002,14.927833688000094,-29.09812667689002,2.3524184635999954,-6.8417710650799926
81,ARG,1.907,0.5687444079928422,3.62387,1.25608,0.1899200000000001,0,0.0,0,0.0,0.0,0.7346,0.9398,0.6914,1.25210421,2.43152824,3.4705248200000005,4.31083036,-1.8213980287,-3.5447307604,-0.29016126454,-0.8245916223599998,11.342711972000057,-21.683094003599965,1.8773711770999968,-5.246318939000018
82,ASP,1.186,0.4423722491607609,2.44508,0.76964,0.7253600000000001,0,0.0,0,0.0,0.1111,0.3239,0.8675,1.0,1.39199419,2.70765045,3.8755307,4.83363175,-1.2966282594999998,-2.5349429427999994,-0.1902769476199999,-0.54317210903,10.460351159999991,-15.397539082799964,1.5534082283000064,-3.3197436543100047
83,ASN,0.919,0.3758691206543967,2.23668,1.3170299999999997,0.2089700000000001,0,0.0,1,0.0714285714285714,0.1111,0.3976,0.6747,0.8272,1.1114482,2.14940596,3.0457706899999994,3.74278684,-1.1567047979,-2.2409742874,-0.1996476129199999,-0.5655229705,6.357735023000002,-14.227323070599995,1.0507218206999966,-3.581364467600001
84,ARG,2.715,0.8097226364449746,4.1151100000000005,0.66955,-0.0315499999999996,0,0.0,1,0.125,0.0,0.7346,0.9398,0.6914,0.83350042,1.6114187399999995,2.28235399,2.80292266,-0.8553741810999999,-1.6497258589999997,-0.15780580966,-0.4453870000999999,4.587273991999996,-10.020314117999998,0.7987375512999998,-2.676144315099997
85,GLY,0.687,0.3799778761061947,0.93243,0.8234299999999999,0.2975700000000001,1,0.125,1,0.125,0.4556,0.0,1.0,0.5062,1.3925032,2.71164964,3.88873742,4.8640236,-0.5502596829999999,-1.0749538015000002,-0.08175778517,-0.2331628055,3.8939155749999967,-7.683171899000003,0.5755183532000009,-1.6539250686000018
86,GLY,0.237,0.1310840707964601,0.64897,1.00421,0.5667900000000001,5,0.263157894736842,3,0.157894736842105,0.4556,0.0,1.0,0.5062,1.39002266,2.6922505,3.8249940800000006,4.718310649999999,-0.37240958503,-0.7265623949000001,-0.0571511507799999,-0.16288714676,4.08070683599999,-5.597576977599999,0.6857878155999989,-1.2966658977999983
87,SER,0.722,0.3318014705882353,1.46934,0.97456,0.4794400000000002,4,0.266666666666667,3,0.2,0.4111,0.1877,0.8514,0.5309,1.39066266,2.69725852,3.84146005,4.755983769999999,-0.5670511520299999,-1.10811788936,-0.083723880434,-0.23885088277,5.1498721480000045,-7.127089666389996,0.7823888622999999,-1.487118940619998
88,GLY,0.835,0.4618362831858407,0.93601,0.7414800000000001,0.2315199999999999,3,0.375,2,0.25,0.4556,0.0,1.0,0.5062,1.11308807,2.16221229,3.0877867,3.83863562,-0.3850425083,-0.744942668,-0.0673572482,-0.1904273625999999,4.357836629999996,-3.995527857000001,0.7053220132999996,-1.1461665312999998
89,GLY,0.843,0.4662610619469026,1.01679,0.6463800000000001,0.31862,1,0.2,0,0.0,0.4556,0.0,1.0,0.5062,0.8337603600000001,1.6134394,2.28895,2.81786534,-0.7813147763,-1.5159847980000003,-0.1315313607,-0.3729796804,3.450685866,-6.910427558999994,0.5971639265000004,-1.7486807830000002
90,TYR,0.902,0.2646713615023474,3.14315,1.92015,0.5858499999999998,4,0.307692307692308,3,0.230769230769231,0.3556,0.8063,0.502,0.1605,1.11171503,2.15147317,3.05249565,3.75795305,-0.5285410367,-1.0241374744000002,-0.09157040097,-0.2595751042999999,3.2189900709999995,-5.370637460000006,0.5323486470000004,-1.3666691542999991
91,GLY,0.484,0.2676991150442477,0.7608400000000001,0.8599,0.4641,0,0.0,3,0.375,0.4556,0.0,1.0,0.5062,1.25280264,2.4369805600000003,3.488407970000001,4.35161192,-0.5963265436500002,-1.1680579746600002,-0.08407529429,-0.2404511256499999,3.386138871000002,-6.10898997138,0.4638099746999994,-1.1983319887999997
92,ARG,1.833,0.5466746197435133,3.41041,1.38454,0.1354600000000001,0,0.0,3,0.375,0.0,0.7346,0.9398,0.6914,1.1128022000000002,2.15997503,3.0804285300000003,3.82179424,-0.644697988,-1.25446302393,-0.1035628857749999,-0.294411579666,3.142747767000001,-5.4549703740399975,0.4938368013000003,-1.2227243031499997
93,ASP,1.527,0.5695635956732562,2.2664500000000003,0.7228,0.4312000000000001,0,0.0,0,0.0,0.1111,0.3239,0.8675,1.0,1.1133894,2.16456653,3.09551419,3.85627425,-0.76022092922,-1.4834185944,-0.11433098802,-0.3254118981599999,4.012927085000006,-7.140516730499988,0.5772529531000007,-1.4695299314999977
94,ARG,1.773,0.5287801968386519,3.59431,1.14265,0.4373500000000003,0,0.0,1,0.142857142857143,0.0,0.7346,0.9398,0.6914,0.97213046,1.87772285,2.6552237100000005,3.25264593,-0.5630449276,-1.0950047284999995,-0.0919418344,-0.2614436919,4.515397353000009,-8.655954618,0.7360354521000007,-1.990068832400002
95,ASN,1.662,0.6797546012269938,2.52531,0.66183,0.1211699999999998,0,0.0,0,0.0,0.1111,0.3976,0.6747,0.8272,0.8341754800000001,1.61670097,2.2997214,2.84265619,-0.5957696670000001,-1.159228933,-0.09490858684,-0.2695841444,4.164439508000002,-10.947601144000018,0.6493278732999989,-2.538151672699997
96,TYR,1.713,0.5026408450704226,3.69701,1.18485,0.5101499999999999,0,0.0,2,0.333333333333333,0.3556,0.8063,0.502,0.1605,0.83349096,1.6113635,2.28223766,2.80285537,-0.4757423493999999,-0.924892333,-0.07704297279,-0.2187137399999999,4.238975594999989,-11.099099955999998,0.6937026182999986,-2.6026949266999995
97,GLU,1.128,0.4134897360703811,2.63268,1.11804,0.4819600000000004,0,0.0,2,0.25,0.1111,0.4884,0.8112,0.9136,0.97297525,1.88431767,2.67685195,3.30195894,-0.3518168728,-0.6858788320000001,-0.05470172446,-0.1558075852,4.008688427000005,-10.21081962800002,0.6201157008000007,-2.3404694851999985
98,ASP,1.379,0.5143603133159269,2.18143,0.78377,0.5182300000000001,0,0.0,2,0.333333333333333,0.1111,0.3239,0.8675,1.0,0.83408945,1.61602446,2.29748478,2.83750047,-0.37186729183,-0.7184966617999999,-0.06657399155,-0.1880682391699999,4.584626328999999,-9.531173244199994,0.814660224800002,-2.6125053948199963
99,ARG,1.901,0.566954965702356,3.76313,1.31046,0.1415400000000002,0,0.0,1,0.166666666666667,0.0,0.7346,0.9398,0.6914,0.83382081,1.6139274499999998,2.29060856,2.8218259800000003,-1.3761126309999998,-2.6811761460000003,-0.2157794909999999,-0.6140835472,9.862573476999971,-22.15155985299996,1.5354755071999957,-5.143644600900009
100,GLY,0.772,0.4269911504424779,0.99077,0.7892399999999999,0.2467600000000001,0,0.0,0,0.0,0.4556,0.0,1.0,0.5062,0.83416859,1.61663903,2.29948817,2.8420303,-1.6308827064999998,-3.1656304590000004,-0.27125321144,-0.7689969581999999,11.302875792999991,-19.799863802999983,1.864710056800012,-5.067930256900011
101,TYR,1.062,0.3116197183098592,3.26474,1.7313700000000003,0.6146299999999998,4,0.444444444444444,0,0.0,0.3556,0.8063,0.502,0.1605,1.53157777,2.9814095,4.27288942,5.33931353,-1.89943356204,-3.689779104300001,-0.3121925353899999,-0.8857443397999999,14.89924228400004,-13.487771098099987,2.255447798900006,-3.3483940346600027
102,ASN,1.434,0.5865030674846626,2.29935,0.93515,0.0758499999999998,2,0.181818181818182,0,0.0,0.1111,0.3976,0.6747,0.8272,2.22911764,4.34717704,6.2494778,7.84360754,-1.7306387260000002,-3.3850056052,-0.25197720493,-0.71971048832,16.35770552800005,-16.770412795600013,2.4458498036999967,-3.605890775240002
103,GLY,0.027,0.014933628318584,0.74941,1.08608,0.6949200000000002,4,0.125,0,0.0,0.4556,0.0,1.0,0.5062,2.2258310500000005,4.321575950000001,6.165706160000001,7.65318053,-2.0600445789,-4.0081781369,-0.3307821650800001,-0.94014893043,14.690309966000044,-19.9312688558,2.3359761922,-4.642760784500008
104,GLY,0.254,0.1404867256637168,0.78348,0.95791,0.59609,1,0.0434782608695652,0,0.0,0.4556,0.0,1.0,0.5062,2.08785813,4.06036839,5.809441850000001,7.24099062,-1.8084282317,-3.5190162216000003,-0.28896653944,-0.8211692334,17.037368707000102,-25.083410590000017,2.784558885300004,-6.081404291989985
105,GLY,0.249,0.1377212389380531,0.94694,1.04725,0.5117500000000001,0,0.0,0,0.0,0.4556,0.0,1.0,0.5062,1.6696247000000002,3.2431776600000006,4.63093963,5.755423029999999,-1.88281184831,-3.65998102394,-0.305705976499,-0.867801938826,14.656955703000015,-26.80081136839995,2.2669338867000066,-6.341272286369989
106,GLY,0.624,0.3451327433628318,1.0411700000000002,0.81865,0.3653500000000002,0,0.0,0,0.0,0.4556,0.0,1.0,0.5062,1.6710769899999998,3.25451612,4.668130120000001,5.840234080000001,-1.48849823537,-2.908517239499999,-0.21968584024,-0.6265595036499998,16.00364160000002,-22.900514996199988,2.382391964700008,-5.099175390450003
107,GLY,1.129,0.6244469026548672,0.99015,0.6451,0.0339,0,0.0,0,0.0,0.4556,0.0,1.0,0.5062,0.97404882,1.89271656,2.70445813,3.365091,-1.0810610481,-2.1082010905,-0.16504872056,-0.46965524644,11.24058022999996,-18.256722161599964,1.7131072505000071,-4.069298025700006
108,GLY,0.416,0.2300884955752212,0.94631,0.86121,0.5307900000000001,0,0.0,0,0.0,0.4556,0.0,1.0,0.5062,0.83341743,1.61077659,2.28026813,2.79822865,-1.0099060839,-1.9642176825,-0.1635794181999999,-0.4649009200999998,10.519292062000066,-16.11098649049998,1.7314984798000044,-3.8725929151
109,GLY,0.679,0.3755530973451327,0.8421500000000001,0.7631699999999999,0.3658300000000001,0,0.0,0,0.0,0.4556,0.0,1.0,0.5062,0.8340746800000001,1.61590218,2.2970593900000003,2.83645609,-0.9561717184999998,-1.859871724,-0.15374515548,-0.4367071535,9.543403241999997,-17.103197952799995,1.5204900625999966,-4.088638363500008
110,ASN,1.049,0.4290388548057259,2.3129,1.02997,0.3660299999999998,2,0.285714285714286,3,0.428571428571429,0.1111,0.3976,0.6747,0.8272,1.25228504,2.43293444,3.47511821,4.321246889999999,-1.02335635756,-2.00055512084,-0.1498936195849999,-0.4277391711199999,10.84822219200001,-17.757708270959977,1.6554694169000037,-3.9334099485300063
111,ARG,1.321,0.3939755442886966,3.38533,1.44142,0.5905800000000001,4,0.333333333333333,5,0.416666666666667,0.0,0.7346,0.9398,0.6914,1.39153183,2.70402352,3.86357588,4.806189359999999,-1.4600016121700006,-2.8543807861,-0.2141953711,-0.6114521215,12.104350416000033,-20.40101395939997,1.8631200591000008,-4.584791147500005
112,GLY,0.158,0.0873893805309734,0.7319599999999999,1.01975,0.6302500000000002,5,0.357142857142857,6,0.428571428571429,0.4556,0.0,1.0,0.5062,1.53110734,2.97777453,4.261099730000001,5.31283808,-2.3006896224,-4.491828288300002,-0.3449654116140001,-0.9830834792,13.48898665099997,-24.42241276768005,1.992145600300002,-5.486123760450004
113,TYR,1.854,0.5440140845070423,3.89121,1.1259899999999998,0.42801,5,0.5,5,0.5,0.3556,0.8063,0.502,0.1605,0.97296694,1.88423073,2.67648866,3.30088999,-1.3433527647,-2.6117240979000007,-0.21906450499,-0.6223226706799999,8.631136195000007,-14.96291467220002,1.4538026700999995,-3.6650624027400007
114,ASN,1.185,0.4846625766871166,2.28789,0.99898,0.2610199999999998,3,0.375,3,0.375,0.1111,0.3976,0.6747,0.8272,0.9730762,1.8851084,2.67945362,3.30791544,-1.3219830797000005,-2.5690440799999994,-0.2170748722399999,-0.6164284195999999,7.656524825999991,-14.363501093999988,1.2426286484999978,-3.543284631199998
115,ASN,0.97,0.3967280163599182,2.2107900000000003,1.12713,0.3478699999999999,3,0.5,3,0.5,0.1111,0.3976,0.6747,0.8272,0.97398931,1.89225885,2.7029835,3.36181088,-0.66433118454,-1.2819025539600002,-0.1208515294819999,-0.3409649514099999,6.02793402,-11.018221680299977,1.1226805530999973,-3.0127663161200005
116,ASN,1.179,0.4822085889570552,2.31558,1.0558599999999998,0.21014,3,0.375,3,0.375,0.1111,0.3976,0.6747,0.8272,1.53112108,2.97786131,4.2613131,5.31310714,-0.5474878512400001,-1.065510567,-0.0873523449399999,-0.2482986613,7.390448084000004,-9.266021461000005,1.1182228098999991,-2.0515435576
117,ARG,0.654,0.1950492096629883,3.0908999999999995,2.08577,0.6132300000000002,2,0.181818181818182,1,0.0909090909090909,0.0,0.7346,0.9398,0.6914,1.53036327,2.97191181,4.241682310000001,5.2679803,-0.503413438,-0.9725810007999998,-0.0895403507,-0.2527415898,5.731168435999988,-8.652178920499997,0.9310053877999996,-2.2106761551000007
118,GLY,0.697,0.385508849557522,0.99654,0.7569600000000001,0.3540400000000001,2,0.2,0,0.0,0.4556,0.0,1.0,0.5062,1.39153998,2.70409646,3.863847390000001,4.80690732,-0.556771569,-1.0789192600000002,-0.0957920316,-0.27137930905,6.755866815999992,-10.453989190000003,1.0771758243000011,-2.5321959101999982
119,GLY,0.598,0.3307522123893805,0.93609,0.8088900000000001,0.4011099999999998,2,0.222222222222222,0,0.0,0.4556,0.0,1.0,0.5062,0.83296832,1.6072619,2.26870954,2.77177674,-0.7183765082999999,-1.38871797324,-0.128499805516,-0.3634317404,5.920422087999995,-9.386717921980004,1.0330776449999988,-2.381300551460002
120,GLY,0.794,0.4391592920353982,0.99313,0.6543699999999999,0.3596300000000001,1,0.142857142857143,0,0.0,0.4556,0.0,1.0,0.5062,0.97378097,1.89061232,2.6975108700000003,3.34910683,-0.9524964003,-1.856429454,-0.1479661556399999,-0.4210848945,6.681632758000001,-8.40604981299999,1.020101046800001,-2.1653117441999994
121,GLY,0.825,0.4563053097345132,0.996,0.82453,0.1584700000000001,2,0.25,0,0.0,0.4556,0.0,1.0,0.5062,0.8334055,1.61067456,2.27990227,2.7972979,-0.7859897759,-1.5268554494000002,-0.13014697636,-0.3695274744,5.605093381999993,-8.59735344060001,0.9897440117999988,-2.180041554499999
122,GLY,0.629,0.3478982300884956,0.82274,0.8944300000000001,0.28457,4,0.5,0,0.0,0.4556,0.0,1.0,0.5062,0.97317953,1.88590111,2.6820037900000004,3.31357688,-0.7526031500999999,-1.4602313730000005,-0.1267371025999999,-0.3593600161,6.075496162000006,-11.42656599649998,1.0667213060999978,-2.9555076918000007
123,GLY,0.549,0.3036504424778761,0.93908,0.7921800000000001,0.4668199999999998,4,0.5,1,0.125,0.4556,0.0,1.0,0.5062,1.11283945,2.16027544,3.0814484400000004,3.82422713,-1.2624589963999997,-2.4666338409,-0.18541374635,-0.52846373006,9.168386028999995,-16.829931634899992,1.2988404517000025,-3.59710732298
124,TYR,2.011,0.5900821596244132,4.13725,1.07812,0.3188799999999998,5,0.555555555555556,3,0.333333333333333,0.3556,0.8063,0.502,0.1605,0.8332726700000002,1.60963561,2.27648836,2.78949432,-0.6637833879999999,-1.2885130819999997,-0.1113440887,-0.3159771599,5.016247623999999,-11.005267135000006,0.8911955816000003,-2.850636434499997
125,ASN,1.222,0.4997955010224949,2.365,0.95609,0.2669099999999998,3,0.428571428571429,3,0.428571428571429,0.1111,0.3976,0.6747,0.8272,0.6940835700000001,1.33897541,1.88936172,2.30735391,-0.6400809239999999,-1.242566001,-0.1068847077999999,-0.303218784,4.704016976000008,-8.376261193000001,0.8279937852000001,-2.0986659990000005
126,ARG,2.309,0.688637041455413,3.80503,0.88582,0.15818,1,0.25,1,0.25,0.0,0.7346,0.9398,0.6914,0.83378458,1.6136326299999997,2.28959814,2.81938792,-0.9540718733,-1.8541174637,-0.1560894202,-0.4431044040500001,4.710336003999993,-7.487010740800007,0.7750518840000006,-1.9083793566
127,GLN,1.082,0.3763478260869565,2.7179,1.5486,0.2443999999999999,3,0.375,2,0.25,0.1111,0.5388,0.7952,0.6914,1.25235677,2.43349111,3.4769317,4.32534523,-0.6098624957,-1.1826852876,-0.1035185501799999,-0.2934063455999998,4.832942017999997,-5.459110530999999,0.751189839399999,-1.346586867700002
128,ASP,1.019,0.3800820589332338,2.34856,1.06754,0.5944600000000002,1,0.111111111111111,0,0.0,0.1111,0.3239,0.8675,1.0,1.39137037,2.70278326,3.85958035,4.79730306,-1.1934394054,-2.316823058,-0.1974139335,-0.5595507831000002,3.767378116000003,-9.212434781000002,0.6233362532000002,-2.264978433999997
129,ARG,1.191,0.3552042946614971,3.1923000000000004,1.6116400000000002,0.5503599999999997,5,0.263157894736842,1,0.0526315789473684,0.0,0.7346,0.9398,0.6914,1.66840203,3.2336373,4.599666449999999,5.684164720000001,-1.2490845621000002,-2.4302224749000003,-0.201387222585,-0.57256251598,3.573960952999996,-7.744875457999994,0.5712866393999998,-1.804723226799998
130,GLY,0.433,0.2394911504424778,0.8267100000000001,0.95132,0.4236799999999999,2,0.111111111111111,0,0.0,0.4556,0.0,1.0,0.5062,1.67007545,3.24666295,4.64225274,5.7808571,-0.9281822146,-1.7999442493,-0.15710312922,-0.44513342731,2.945157875000001,-5.000531508,0.4745866896999998,-1.1082146464099996
131,ASP,0.861,0.3211488250652741,2.1874,1.24368,0.5763200000000002,3,0.157894736842105,1,0.0526315789473684,0.1111,0.3239,0.8675,1.0,1.80939113,3.51830318,5.03256497,6.27017349,-0.3383646281999999,-0.6509985510000001,-0.06467536996,-0.1822439356,2.9040547880000034,-2.4597387500000005,0.4843818008000003,-0.6832586622
132,GLY,0.373,0.2063053097345132,0.75546,0.89365,0.54135,2,0.0952380952380952,1,0.0476190476190476,0.4556,0.0,1.0,0.5062,1.80833361,3.51003879,5.00542992,6.20820718,-0.4538006533000001,-0.8849613753,-0.0704251038,-0.2006920179999999,3.2606557939999976,-3.585970722,0.5176583707999995,-0.8219202891000014
133,GLY,0.973,0.5381637168141593,0.95485,0.6980899999999999,0.1369100000000002,0,0.0,1,0.111111111111111,0.4556,0.0,1.0,0.5062,1.25229526,2.43302024,3.475421,4.32200508,-0.5510298872299999,-1.067701263,-0.0935711063799999,-0.26469202239,1.7313958919999997,-2.6130096630000006,0.2469089897999999,-0.5560928375000003
134,SER,1.204,0.5533088235294117,1.70247,0.7058,0.2662000000000002,0,0.0,1,0.142857142857143,0.4111,0.1877,0.8514,0.5309,0.97312398,1.88548487,2.68070191,3.31080604,-0.9256483032999998,-1.8023706747,-0.1469914966299999,-0.4181617280999999,1.7675845879999998,-3.3721121446999995,0.2800873085999999,-0.7611400921999997
135,SER,1.294,0.5946691176470588,1.49365,0.72522,0.1567800000000001,0,0.0,1,0.2,0.4111,0.1877,0.8514,0.5309,0.97309377,1.88523737,2.67984763,3.3087252099999995,-0.8305119430000002,-1.6190759739999996,-0.1293967704,-0.3685811275,2.511790243999998,-4.7492291200000025,0.4163436641999999,-1.1133401004
136,ASN,0.625,0.2556237218813906,2.00416,1.47058,0.3494199999999998,0,0.0,1,0.125,0.1111,0.3976,0.6747,0.8272,1.1112842400000005,2.14811925,3.0415287500000003,3.73304891,-0.6524469638999998,-1.2671643627999998,-0.10786173795,-0.3060799469,1.9245994720000013,-3.896902584900001,0.3067717814,-0.9003537366000005
137,PHE,1.502,0.4831135413316179,3.5506,1.30855,0.2984499999999999,0,0.0,0,0.0,0.8111,0.783,0.0763,0.037,1.2530168300000002,2.43865262,3.49388899,4.36409783,-0.25122617518,-0.4882755569000001,-0.04137882641,-0.11756702711,2.948053120999999,-2.4896495052000023,0.4479225423999999,-0.59539252702
138,SER,1.389,0.6383272058823529,1.32546,0.99473,-0.2077299999999998,0,0.0,0,0.0,0.4111,0.1877,0.8514,0.5309,1.2535782700000002,2.44292888,3.50755562,4.39417619,-0.6075931992,-1.1877190755999998,-0.0896688627699999,-0.25601631652,3.383446681000005,-4.9495286811,0.4916629751999994,-1.04645915388
139,ARG,2.005,0.5979719654041157,3.65633,1.304,0.0440000000000002,0,0.0,1,1.0,0.0,0.7346,0.9398,0.6914,1.2866415735,2.4971450465,3.5605232730000003,4.4156991585,-0.8759443904369999,-1.70310465115,-0.1423464447977499,-0.404326191706,2.7566533139,-4.690638965889999,0.4433301716849999,-1.1248438437255
140,GLY,0.825,0.4563053097345132,1.00061,0.7127399999999999,0.2702600000000001,1,0.25,0,0.0,0.4556,0.0,1.0,0.5062,0.83509636,1.62379302,2.32265355,2.89395218,-0.9219495181,-1.7984469754,-0.14185544247,-0.4042838663999999,3.416521873999998,-5.845368505199997,0.5505664466999993,-1.3895698612000014
141,GLY,0.87,0.4811946902654867,1.05017,0.64271,0.29529,1,0.142857142857143,0,0.0,0.4556,0.0,1.0,0.5062,1.11343156,2.16489306,3.09657491,3.85866102,-0.7618651402000001,-1.4777096083000003,-0.12795940539,-0.3624414534999999,3.179739090999998,-4.940567088800001,0.5156298643999995,-1.316964634399999
142,TYR,1.102,0.3233568075117371,3.68648,1.60878,0.69722,6,0.461538461538462,0,0.0,0.3556,0.8063,0.502,0.1605,1.5304967900000002,2.9729525500000005,4.245090900000001,5.27573955,-0.5573468744200001,-1.0873556561000002,-0.0857630111699999,-0.24450588056,2.754190010000001,-3.9243722562,0.3965089251000001,-0.832098602999999
143,ASN,1.013,0.4143149284253579,2.13345,1.19328,0.23872,5,0.3125,0,0.0,0.1111,0.3976,0.6747,0.8272,1.39012329,2.6930363299999995,3.8275726,4.72419323,-0.8472326147400001,-1.6429344248,-0.14480991413,-0.41069219959,2.745928205,-4.057102309999999,0.4665783692000002,-1.0524097934000003
144,ASN,1.266,0.5177914110429448,2.32271,0.89356,0.2854399999999998,3,0.3,0,0.0,0.1111,0.3976,0.6747,0.8272,1.3910290400000005,2.7001364699999995,3.85096039,4.77783432,-1.2677039944,-2.4673132235,-0.2019026003799999,-0.5738763425,2.907287026000001,-6.242786576999998,0.4554067121999994,-1.4615637260999996
145,ARG,1.372,0.4091858037578288,3.32844,1.7463,0.2347000000000001,1,0.0769230769230769,0,0.0,0.0,0.7346,0.9398,0.6914,1.2511323500000002,2.42393531,3.4456020800000005,4.25394212,-1.3961762257,-2.7131148089999995,-0.2291157204999999,-0.6505330833999997,3.100077043000002,-7.018569815999999,0.5144604276999998,-1.720264318000001
146,ASP,1.25,0.4662439388287952,2.29706,0.9373,0.4937,0,0.0,0,0.0,0.1111,0.3239,0.8675,1.0,0.97330052,1.88683806,2.6850502,3.32044324,-1.1880014509,-2.3099624205,-0.19281841286,-0.5476648911199999,2.9401188590000005,-3.4847051799999966,0.5133330380999997,-0.8995874867
147,GLU,1.329,0.4871700879765395,2.9789800000000004,1.02084,0.3781600000000003,0,0.0,0,0.0,0.1111,0.4884,0.8112,0.9136,0.97372187,1.89015904,2.69605378,3.3458775700000003,-1.3401520836,-2.605184012700001,-0.21766510724,-0.61793290924,2.627502331999997,-5.4155255827,0.4480036426000003,-1.4230575796000002
148,GLY,0.579,0.3202433628318584,0.86188,0.92486,0.3041400000000001,0,0.0,0,0.0,0.4556,0.0,1.0,0.5062,1.11271579,2.15927947,3.07807465,3.81620411,-1.217599156,-2.3664803210000005,-0.1987216225,-0.5641418426999999,2.388374615999997,-6.672794214,0.4416909560000001,-1.819598931
149,SER,0.494,0.2270220588235293,1.38434,1.24525,0.4367500000000002,0,0.0,0,0.0,0.4111,0.1877,0.8514,0.5309,1.38918933,2.68579217,3.80397442,4.67087408,-1.2329722206699998,-2.3951580142,-0.2038580332099999,-0.5787212997000001,2.1226278140000003,-5.349439651000002,0.3268142894000003,-1.1908666689999987
150,ASP,0.286,0.1066766132040283,1.92871,1.4800100000000005,0.9149899999999996,0,0.0,1,0.0625,0.1111,0.3239,0.8675,1.0,1.8091918300000005,3.5167749600000007,5.027648360000001,6.259255469999999,-0.971011419,-1.896368102,-0.1448451795999999,-0.4129115105000001,1.7280979529999985,-2.6918582940000007,0.2745752785000001,-0.6187861320000001
151,ASN,1.066,0.4359918200408998,2.12129,1.13127,0.2477299999999997,2,0.117647058823529,4,0.235294117647059,0.1111,0.3976,0.6747,0.8272,1.3893243000000002,2.68689528,3.80775952,4.68001455,-0.7983527475000002,-1.5401793614,-0.14655026485,-0.4136621126000001,1.921111264,-1.700405465,0.3337705145000003,-0.4910306941000003
152,ARG,1.984,0.5917089173874143,3.65488,1.18514,0.1838600000000001,3,0.176470588235294,4,0.235294117647059,0.0,0.7346,0.9398,0.6914,1.3898386900000002,2.69087864,3.82071165,4.70920264,-0.5595337338000002,-1.0854301742,-0.09498541008,-0.26943208088,2.665742119000002,-3.825731690000002,0.4682255827999996,-1.0197880319199997
153,GLY,0.43,0.2378318584070796,0.8470099999999999,0.87951,0.4984900000000001,2,0.153846153846154,2,0.153846153846154,0.4556,0.0,1.0,0.5062,1.39005588,2.69260767,3.82649918,4.72275955,-0.614038496,-1.205275366,-0.0823068183299999,-0.2358267697999999,2.676272898000001,-4.920350190000002,0.3791167674000001,-1.0073807742999996
154,SER,1.306,0.6001838235294118,1.53839,0.6619700000000001,0.20803,0,0.0,0,0.0,0.4111,0.1877,0.8514,0.5309,0.8334639,1.6111344799999998,2.28142496,2.80081391,-0.7323108106999999,-1.4178173435,-0.1268618810299999,-0.3588872204,3.179341812999995,-6.167700964500008,0.5221395393,-1.5481091193
155,GLY,1.066,0.5896017699115045,1.08398,0.58245,0.1595499999999999,0,0.0,0,0.0,0.4556,0.0,1.0,0.5062,0.83410476,1.6161498600000002,2.29791658,2.8385486,-0.8773812129999999,-1.713286102,-0.1316477025,-0.3753763502999999,3.185061154000004,-8.095083271,0.4745461939999997,-1.760426532600001
156,ARG,1.589,0.4739039665970772,3.47081,1.30521,0.4587900000000002,1,0.142857142857143,1,0.142857142857143,0.0,0.7346,0.9398,0.6914,0.97251689,1.8807462,2.6651624500000004,3.27537923,-0.7064185995,-1.3706998115000002,-0.11826693372,-0.3352129332,3.9654878199999977,-8.866508062200003,0.6421123051999996,-2.1217176600000003
157,SER,0.553,0.2541360294117647,1.39066,1.0371,0.5859000000000003,4,0.307692307692308,4,0.307692307692308,0.4111,0.1877,0.8514,0.5309,1.38896999,2.68417855,3.7990144,4.66057262,-0.7754496420000001,-1.515194557,-0.1145443834,-0.3266950185,2.6707461290000007,-6.428399454999996,0.4256730437,-1.5126287069999993
158,TYR,1.354,0.3973004694835681,3.7664,1.40892,0.6450799999999999,5,0.357142857142857,5,0.357142857142857,0.3556,0.8063,0.502,0.1605,1.52991892,2.9684842600000003,4.2305858700000005,5.24312552,-0.5523105609999999,-1.072315477,-0.0919205341,-0.2607679997,2.275209447999999,-3.997937569,0.3838909363,-1.0366330245000002
159,ASN,1.001,0.4094069529652351,2.17631,1.14145,0.3025499999999999,2,0.166666666666667,3,0.25,0.1111,0.3976,0.6747,0.8272,1.38978889,2.6904967399999995,3.8194831900000006,4.70647564,-0.8800769315999998,-1.7038131605999998,-0.1532060299,-0.43357688303,1.7262793969999992,-1.6745893120000004,0.2929086953000001,-0.4324520244999998
160,ASN,0.508,0.2077709611451942,2.01467,1.35225,0.5847499999999999,1,0.0625,3,0.1875,0.1111,0.3976,0.6747,0.8272,1.6692637,3.24035158,4.621644760000001,5.734150179999999,-0.982264113,-1.91649323,-0.150097715,-0.4277381554999999,1.6469533430000003,-2.7399384840000014,0.2840289864999999,-0.7071034805000002
161,ASP,1.029,0.3838120104438642,2.23735,0.96565,0.6863500000000001,0,0.0,0,0.0,0.1111,0.3239,0.8675,1.0,1.39076993,2.6981463100000003,3.84454372,4.76353594,-1.2666940544999998,-2.4639874230000003,-0.20296935102,-0.5764250648,1.7295074789999991,-2.231217073999999,0.2620439616999999,-0.4797733557000001
162,ARG,1.829,0.5454816582165225,3.39989,1.3566699999999998,0.1673300000000004,0,0.0,1,0.0909090909090909,0.0,0.7346,0.9398,0.6914,1.1119645,2.15341756,3.05885985,3.77242432,-1.2366975095999997,-2.3948067396,-0.2148645944,-0.6083153169999999,1.7250103159999983,-2.419736271,0.3031101959000001,-0.6154654105999998
163,ARG,1.599,0.4768863704145541,3.43229,1.38034,0.3736600000000003,0,0.0,1,0.1,0.0,0.7346,0.9398,0.6914,1.53172221,2.98252307,4.27649024,5.34736461,-0.7990191183,-1.5610611587999998,-0.11872463875,-0.3386665018000001,1.927907735,-3.684852478500001,0.2774638299,-0.7513785507000005
164,ASP,1.018,0.3797090637821708,2.46367,1.12063,0.54237,0,0.0,1,0.111111111111111,0.1111,0.3239,0.8675,1.0,0.97282655,1.88313526,2.67289771,3.2927081099999995,-0.5185919680000001,-0.997964365,-0.0983175903,-0.2769204425,1.840111857999998,-4.31870501,0.3403213815000001,-1.2014832480000008
165,ASN,1.783,0.7292433537832311,2.51885,0.71424,-0.05224,0,0.0,1,0.166666666666667,0.1111,0.3976,0.6747,0.8272,0.83355348,1.61182601,2.2836651,2.80583542,-0.302732658,-0.587348407,-0.0514131704,-0.145889515,1.1369073759999997,-2.3063431480000003,0.1997021829999999,-0.593302435
166,GLY,1.057,0.5846238938053097,1.10366,0.5709,0.1801000000000001,0,0.0,1,0.142857142857143,0.4556,0.0,1.0,0.5062,0.83393543,1.61480514,2.29342564,2.8280600600000003,-0.262564442,-0.51402534,-0.0376655451,-0.107712552,1.1409127999999995,-1.9232543190000009,0.1666087949999999,-0.410887204
167,GLY,0.413,0.228429203539823,0.86579,0.9944,0.4006,0,0.0,1,0.0833333333333333,0.4556,0.0,1.0,0.5062,0.83295177,1.60712381,2.26822633,2.77058202,-0.300541372,-0.5873703,-0.0448099961,-0.127974792,1.140207477,-2.2112017980000003,0.1733755954,-0.4881852149999999
168,ASP,1.647,0.6143230138008205,2.56989,0.7901299999999999,0.2438700000000001,0,0.0,1,0.125,0.1111,0.3239,0.8675,1.0,0.8339069400000001,1.6145804899999998,2.29268114,2.82633812,-0.355487554,-0.6965703000000001,-0.0499335602,-0.142901389,1.1411637919999995,-2.747902432999999,0.164154153,-0.571225372
169,GLY,1.345,0.7439159292035398,1.70355,0.37889,0.08411,0,0.0,0,0.0,0.4556,0.0,1.0,0.5062,0.69592707,1.35328048,1.93598627,2.41278183,-0.177540968,-0.3449865223,-0.0289044025299999,-0.0819896636999999,1.80683398,-2.563658998399999,0.2857125112000001,-0.6169821841999998
