2,MET,1.224,0.4104627766599597,2.60395,1.24793,0.5100700000000002,0,0.0,0,0.0,0.7111,0.6196,0.0,0.0988,1.6700502,3.2463890200000005,4.64109624,5.7774392,-1.59613991313,-3.1099339643,-0.24969926932,-0.7104908972,28.596591519999816,-34.121598813599924,4.531381790600004,-8.21717108999999
3,GLU,0.614,0.2250733137829911,2.49566,1.53638,0.5776200000000002,0,0.0,0,0.0,0.1111,0.4884,0.8112,0.9136,2.08869363,4.0668845,5.830788419999999,7.28958757,-2.39709286716,-4.670213661189998,-0.3765608578779999,-1.07172429333,31.627272524000205,-47.09187130087001,4.971799594200029,-11.131794382740027
4,SER,0.379,0.174172794117647,1.37349,1.18174,0.6152600000000001,0,0.0,0,0.0,0.4111,0.1877,0.8514,0.5309,1.80779366,3.505882,4.992002139999999,6.17822005,-2.383110631259999,-4.636064469429999,-0.382480921406,-1.0866309153420002,29.678405061999698,-47.169211703919785,4.852391849200009,-11.250150458707983
5,ASN,0.591,0.2417177914110429,2.00853,1.3434,0.5105999999999999,0,0.0,0,0.0,0.1111,0.3976,0.6747,0.8272,2.2270434,4.33104607,6.19678252,7.72408995,-3.083908590999998,-6.0239828826,-0.4604758215699999,-1.3134645501000002,27.09308271999987,-27.85505457050015,4.0441450794999545,-6.256452930500008
6,GLN,1.049,0.3648695652173913,2.52499,1.21284,0.6131600000000001,0,0.0,0,0.0,0.1111,0.5388,0.7952,0.6914,1.6693794,3.2412507999999995,4.6245791,5.74079617,-3.08986017373,-6.003474141499999,-0.50659756914,-1.4377284912000003,26.06324786499986,-23.95921384700004,4.255843444299972,-6.481038884239991
7,SER,0.478,0.2196691176470588,1.39194,1.18211,0.5158900000000002,0,0.0,0,0.0,0.4111,0.1877,0.8514,0.5309,2.22691187,4.33001132,6.19336459,7.716224929999999,-4.687912132200001,-9.128993360999996,-0.7412409584539997,-2.1083529216300008,33.81272781300011,-45.04212094360005,5.078192962100005,-10.03274059614
8,ASN,0.606,0.2478527607361963,2.08471,1.3857499999999998,0.4532500000000001,2,0.0952380952380952,0,0.0,0.1111,0.3976,0.6747,0.8272,2.36709974,4.608449,6.60593633,8.25619781,-4.533959154800002,-8.822685146840005,-0.7269050066600004,-2.06641749675,35.009990848000285,-47.09458509880014,5.45373928619999,-11.27013257723001
9,ASN,0.447,0.1828220858895705,2.13807,1.6481400000000002,0.3498599999999996,2,0.0512820512820513,1,0.0256410256410256,0.1111,0.3976,0.6747,0.8272,2.9230284700000007,5.684729320000001,8.133928749999999,10.139037150000002,-4.711710177329999,-9.16750602364,-0.7573477998370003,-2.152831783868001,33.230076632000056,-43.181674056959984,5.279935124500026,-10.737877590440013
10,GLY,0.173,0.0956858407079646,0.6883199999999999,1.07461,0.5603899999999999,1,0.0256410256410256,0,0.0,0.4556,0.0,1.0,0.5062,2.9238012000000007,5.690723539999999,8.15345698,10.18316954,-4.42287068907,-8.615918563640003,-0.6938948756900002,-1.9740382268100003,47.19815383600006,-60.78898676844999,7.597804486500077,-15.11011598529
11,GLY,0.274,0.1515486725663717,0.76803,1.03898,0.49502,0,0.0,0,0.0,0.4556,0.0,1.0,0.5062,2.64540104,5.149168079999999,7.37821203,9.21595054,-3.67337475517,-7.154218516820002,-0.5790856037250001,-1.647150557250001,43.77320261799982,-64.61472219639977,6.823827061100024,-15.162926729490074
12,SER,0.324,0.1488970588235294,1.25329,1.354,0.498,0,0.0,0,0.0,0.4111,0.1877,0.8514,0.5309,2.5057263400000003,4.87470088,6.9785461,8.70505813,-3.314849673200001,-6.454037061299997,-0.5260886824959998,-1.4962648221200003,42.60869499699956,-56.979344154899934,6.860974645600085,-14.06134855576004
13,GLY,0.391,0.2162610619469026,0.7821899999999999,1.01036,0.4066400000000001,0,0.0,0,0.0,0.4556,0.0,1.0,0.5062,2.3664661900000006,4.60352176,6.58983842,8.219679109999998,-3.0517710916,-5.946028539699999,-0.4760724605800001,-1.3542581306100006,42.84285275100024,-69.84010877250007,6.545010829099866,-16.256346238750066
14,ASN,0.334,0.1366053169734151,1.88391,1.4779399999999998,0.63306,0,0.0,0,0.0,0.1111,0.3976,0.6747,0.8272,2.5057938,4.87521951,6.980217919999999,8.708776590000001,-2.8671282919699994,-5.589161754060002,-0.445735287026,-1.2692254779100005,43.32550975900028,-68.53264190252018,6.558285455000046,-15.294418765630033
15,ALA,0.033,0.015130674002751,1.00131,1.3028300000000002,0.84517,3,0.111111111111111,0,0.0,0.7,0.1645,0.249,0.3951,2.36601145,4.599980609999999,6.57825471,8.19335968,-1.7310086353999998,-3.3662919969,-0.27955086705,-0.7939580826900002,32.20266231000018,-42.43001727030018,5.150702209800059,-10.47669248439993
16,ALA,0.686,0.3145346171480972,1.13313,0.86271,0.6322900000000001,1,0.0833333333333333,1,0.0833333333333333,0.7,0.1645,0.249,0.3951,1.94981539,3.79865388,5.45164247,6.82568375,-1.62812941842,-3.17474472047,-0.24995418069,-0.7114475486249999,29.95983855700018,-35.789963672900114,4.501727090599974,-7.953473314270987
17,LEU,0.736,0.2768999247554552,2.31442,1.39863,0.5233699999999999,1,0.1,1,0.1,0.9222,0.663,0.2811,0.0,1.95041438,3.80334807,5.4670993800000005,6.86111701,-1.6767012498999998,-3.271094878999999,-0.2559064705,-0.7289577629599999,27.378545545000176,-39.66812253979992,3.995363643099952,-8.832604356400076
18,ASN,1.456,0.5955010224948876,2.46338,0.83453,0.1544699999999998,0,0.0,1,0.25,0.1111,0.3976,0.6747,0.8272,0.69445516,1.34187621,1.89887416,2.3290398100000003,-1.2495617985000005,-2.415744764,-0.2213805478099999,-0.6255959251000001,12.236900665000126,-20.42387028439996,2.078743386900004,-5.408313902799998
19,ARG,2.474,0.7378467044437818,3.92573,0.91387,-0.0348699999999999,0,0.0,0,0.0,0.0,0.7346,0.9398,0.6914,0.69428716,1.34056414,1.89456913,2.3192179,-0.9824886737,-1.9089335185,-0.1615869592,-0.4587244801,10.16907330600002,-17.835244834600033,1.649220111000008,-4.2317676754
20,GLY,0.743,0.4109513274336283,0.95124,0.80009,0.26491,0,0.0,0,0.0,0.4556,0.0,1.0,0.5062,0.97395343,1.89196902,2.7019974,3.35945154,-0.7529358052599999,-1.4706203199,-0.1116835259899999,-0.31829465946,10.028939287999982,-15.583420092299969,1.4710653323000025,-3.5077142758700024
21,GLY,0.501,0.2771017699115044,0.84466,0.94049,0.3665099999999999,0,0.0,3,0.5,0.4556,0.0,1.0,0.5062,0.83331788,1.60999635,2.27769878,2.79233888,-0.468185245,-0.9079163,-0.0797220297,-0.2260322468999999,8.16876180799997,-10.359142393999978,1.3057551873999995,-2.5368103042000048
22,ARG,2.259,0.6737250223680286,3.60949,1.10146,-0.0074599999999998,0,0.0,3,0.75,0.0,0.7346,0.9398,0.6914,0.69438259,1.3413113899999998,1.89702813,2.32485071,-0.6436700578000001,-1.2499198740000002,-0.1068815786799999,-0.30328317544,7.499644456000005,-14.388090002000006,1.2074332854000034,-3.53601516804001
23,TYR,2.006,0.5886150234741784,4.084289999999999,1.11111,0.2908900000000001,0,0.0,4,1.0,0.3556,0.8063,0.502,0.1605,0.83387033,1.61431863,2.2919074200000003,2.82483714,-0.8180312797000001,-1.589598439,-0.13341143016,-0.3785410915,8.753336189000045,-18.633816250199963,1.4332341640000004,-4.498702151999999
24,VAL,0.912,0.3745379876796714,1.9718,1.16248,0.3605200000000002,0,0.0,7,0.875,0.9667,0.4924,0.3655,0.1235,1.39183144,2.70641372,3.8715949899999993,4.8250303500000005,-1.2189911417,-2.3870442359,-0.17211815931,-0.491934054,14.32094588099984,-26.41339949509989,2.053077148399995,-5.546069704500002
25,PRO,1.087,0.4874439461883408,1.86323,0.95759,0.1854099999999999,0,0.0,2,0.333333333333333,0.3222,0.3764,0.8594,0.3827,1.5324819100000002,2.98850797,4.29631133,5.39315447,-1.9949467062,-3.9030866446,-0.28519836595,-0.8139529553,15.50075091300004,-35.75491296,2.2298541347,-7.535429151599992
26,PRO,0.626,0.2807174887892377,1.80415,1.31287,0.2911300000000001,0,0.0,1,0.1,0.3222,0.3764,0.8594,0.3827,1.39146627,2.70354885,3.8621498,4.80334146,-1.7459564326999997,-3.4042130772,-0.2691108103699999,-0.7661200269499999,17.478344087999975,-29.36180294799996,2.763339995899982,-6.747737815899997
27,HIS,0.952,0.3443037974683544,2.77298,1.48534,0.32766,0,0.0,1,0.111111111111111,0.1444,0.561,0.1124,0.679,1.6714632900000004,3.25752475,4.67797108,5.86259225,-2.1314687736299995,-4.1573775882,-0.3257620944720001,-0.92752239456,21.94106104600016,-24.692645011400018,3.2664402747000123,-5.703548503589984
28,LEU,0.947,0.356282919488337,2.2446,1.35885,0.3521499999999999,0,0.0,0,0.0,0.9222,0.663,0.2811,0.0,1.81030438,3.52546032,5.0561345,6.324210710000001,-2.1371442958460003,-4.156076093479999,-0.344092333479,-0.9769671966999997,29.624840756999824,-29.19370324820002,4.603418696000017,-7.42191662571998
29,ARG,1.314,0.3918878616164629,3.30847,1.65153,0.3874700000000002,0,0.0,1,0.0666666666666667,0.0,0.7346,0.9398,0.6914,1.94855211,3.78880442,5.41938121,6.7522494900000005,-3.131029920840002,-6.09024689882,-0.5041408406160001,-1.4322219897699997,31.532687889999966,-49.320739711559895,4.753200320200013,-11.109267037439968
30,GLY,0.638,0.3528761061946903,0.91042,0.8542200000000001,0.3157799999999998,1,0.0434782608695652,0,0.0,0.4556,0.0,1.0,0.5062,2.22811838,4.33935868,6.223773779999999,7.78480801,-2.826050335352,-5.510719400131002,-0.4369681650508999,-1.2446003142006,31.52367740900014,-44.03639441520367,4.816225955699951,-9.941975379378793
31,GLY,0.356,0.1969026548672566,0.79964,0.85318,0.5988199999999999,0,0.0,0,0.0,0.4556,0.0,1.0,0.5062,2.3670820000000004,4.60832935,6.605611109999999,8.255664939999999,-2.5649915252000004,-4.9956198659,-0.4035924798100002,-1.1478938864000008,33.3401592650001,-54.024019593400055,5.014095076000007,-12.24450283970004
32,ASP,1.093,0.4076837001118985,2.26531,0.98284,0.60516,0,0.0,0,0.0,0.1111,0.3239,0.8675,1.0,1.9478624600000003,3.783464269999999,5.40202061,6.71313822,-2.8900591256499992,-5.6146759603200005,-0.4751366113570001,-1.3484854223839997,34.92073804600015,-55.24154704955946,5.5141508683999705,-13.36012802940199
33,GLY,0.307,0.1698008849557522,0.8423099999999999,0.9814500000000004,0.5195499999999997,0,0.0,0,0.0,0.4556,0.0,1.0,0.5062,2.08637101,4.04876149,5.77138185,7.154228410000001,-3.0423897811000007,-5.9125365979,-0.4994883730099999,-1.4184992702200003,34.158665398999645,-44.43371835610007,5.559219018300024,-10.924536546140056
34,GLY,0.064,0.0353982300884955,0.79548,1.09538,0.64862,0,0.0,0,0.0,0.4556,0.0,1.0,0.5062,2.64175008,5.12083176,7.285838759999999,9.007030399999998,-2.844793347255,-5.534710830599998,-0.4569602419439998,-1.2986335614400002,35.7301919649996,-56.801892603999896,5.772886854900001,-13.396906535219914
35,ALA,0.438,0.2008253094910591,1.22688,1.20389,0.5391100000000002,0,0.0,2,0.0666666666666667,0.7,0.1645,0.249,0.3951,3.20497,6.253822529999999,8.99911459,11.31019256,-3.475325147510001,-6.781472094899994,-0.5272715726869999,-1.5019606681600004,39.59367006699995,-58.69822526519989,5.93739993950002,-13.232759558599929
36,ALA,1.113,0.5103163686382394,1.39244,0.6560499999999999,0.4119500000000001,0,0.0,3,0.25,0.7,0.1645,0.249,0.3951,2.2298291700000004,4.352759039999999,6.26787923,7.88585497,-2.9863411029200013,-5.800866064399998,-0.491163655107,-1.3933841639,40.18665852999983,-47.26508512234982,6.324146008999968,-11.663797854799991
37,ALA,0.478,0.2191655204034846,1.19825,1.08786,0.61514,0,0.0,0,0.0,0.7,0.1645,0.249,0.3951,2.08905156,4.06970474,5.840130330000001,7.311175579999999,-3.833213476319999,-7.463740933130002,-0.6063866876730001,-1.7243687903060008,39.24062421200069,-40.14149371401998,6.198456782000047,-10.11598524562996
38,ALA,0.416,0.1907381934892251,0.9886,1.12822,0.6367800000000001,0,0.0,0,0.0,0.7,0.1645,0.249,0.3951,2.50649501,4.88076729,6.998666600000001,8.75162061,-4.118442130299998,-8.028090002129998,-0.63708258496,-1.81309647917,41.45502678100029,-39.61395757930009,6.417879232299992,-9.628449672819974
39,ALA,0.25,0.1146263182026593,1.05187,1.0664,0.8646,0,0.0,0,0.0,0.7,0.1645,0.249,0.3951,2.5058546,4.875717730000001,6.981935700000001,8.712954349999997,-3.9275560388000015,-7.6452208698,-0.6263713266800004,-1.781275499719999,33.05413199500028,-50.30697783879994,5.40275093600004,-12.44218259790999
40,SER,0.497,0.2284007352941176,1.41125,1.11927,0.5597300000000003,0,0.0,0,0.0,0.4111,0.1877,0.8514,0.5309,2.2273371,4.333269850000001,6.2038442,7.73948904,-3.61676555095,-7.047931673279997,-0.565480719693,-1.6095654615280004,34.02972763900043,-48.4204541832997,5.629633104900009,-12.17564175516802
41,ALA,0.839,0.3846859238881246,1.17452,0.91538,0.4266200000000001,0,0.0,0,0.0,0.7,0.1645,0.249,0.3951,1.94828304,3.78667347,5.41228787,6.73575756,-3.631971810999999,-7.07481670914,-0.5709005207030001,-1.6241539820800004,39.36011687199982,-45.14747280300018,6.25222359130011,-10.964638442029983
42,GLY,0.573,0.3169247787610619,0.94969,0.90576,0.3292400000000001,0,0.0,0,0.0,0.4556,0.0,1.0,0.5062,1.6710889000000002,3.25460207,4.66838695,5.84074275,-2.667657354680001,-5.209184787300002,-0.3993815326279998,-1.1385008276100002,39.33199050200042,-45.54873716649986,5.751899032300038,-10.27478804406
43,GLY,0.97,0.536504424778761,0.91336,0.78433,0.0536700000000001,0,0.0,1,0.166666666666667,0.4556,0.0,1.0,0.5062,0.97327789,1.88666876,2.68452146,3.31931944,-1.7349431453000006,-3.3790439038999995,-0.27359326861,-0.77826664054,22.720887162000142,-27.209577915799976,3.79450297959999,-6.932458712480006
44,ASP,0.969,0.361432301380082,2.50793,0.97021,0.7417900000000002,0,0.0,1,0.2,0.1111,0.3239,0.8675,1.0,0.9735221,1.88859766,2.69092738,3.33417136,-1.4710146375499995,-2.8687980680400003,-0.226706360363,-0.6457675688799999,20.877362706000035,-31.40121643200001,3.1351949942999715,-7.244637102499988
45,ASP,0.942,0.35136143230138,2.23606,1.00193,0.7370700000000001,0,0.0,2,0.4,0.1111,0.3239,0.8675,1.0,0.8339612900000001,1.6150211399999996,2.29418459,2.82994599,-1.1632609544,-2.2501331775999995,-0.20363425115,-0.5754702267000001,14.530948537999995,-31.574360913400003,2.3107486688999925,-7.546637544999985
46,ARG,1.078,0.3215031315240083,3.53524,1.6671300000000002,0.6078700000000001,1,0.1,3,0.3,0.0,0.7346,0.9398,0.6914,1.67113792,3.25496882,4.66953237,5.843176789999999,-0.4763604237,-0.9296430775,-0.0722761352999999,-0.2059601946,12.335458105999995,-23.096386018000008,1.9344873681000023,-5.335540812000012
47,ARG,1.606,0.478974053086788,3.47667,1.5513499999999998,0.1956500000000003,1,0.125,2,0.25,0.0,0.7346,0.9398,0.6914,1.53168053,2.98222175,4.275588920000001,5.34557925,-0.6930067624999998,-1.3537437306,-0.1026820079,-0.2927298930699999,8.769873265999975,-23.633697696999967,1.2938179416000046,-5.120298955999995
48,GLY,1.001,0.553650442477876,1.03711,0.63554,0.1714600000000001,1,0.111111111111111,5,0.555555555555556,0.4556,0.0,1.0,0.5062,1.25283546,2.43722843,3.4891893099999995,4.35329364,-0.4410735740000001,-0.8547987979999999,-0.0753285085,-0.2132936443,5.414981995000012,-10.908369367999992,0.9036918168999992,-2.707516147300001
49,GLY,0.531,0.2936946902654867,0.9662,0.88527,0.3917300000000001,2,0.166666666666667,8,0.666666666666667,0.4556,0.0,1.0,0.5062,1.11207297,2.15425005,3.06153959,3.77837813,-0.4276184402,-0.8330613636,-0.0676183692,-0.1925264982,4.635886670000003,-9.11360175779998,0.7344268194999997,-2.0736181538000005
50,ALA,1.355,0.6212746446584135,1.36093,0.7460600000000001,0.07994,2,0.25,5,0.625,0.7,0.1645,0.249,0.3951,1.11339905,2.164628,3.09566532,3.85646246,-0.4045804025,-0.7932649860000001,-0.05596457405,-0.1602445809,4.645077420999992,-7.561678229000002,0.6519509647,-1.5315381889999982
51,GLY,0.484,0.2676991150442477,0.8804500000000001,0.90544,0.41856,1,0.125,5,0.625,0.4556,0.0,1.0,0.5062,1.11305782,2.1619873,3.08708797,3.8371633,-0.3198451748000001,-0.6271004506,-0.0441052253999999,-0.1262473134899999,4.649097053000003,-6.234720668199995,0.6088306530000004,-1.2224921405299989
52,GLY,0.874,0.4834070796460177,0.97399,0.6418200000000001,0.29218,1,0.166666666666667,5,0.833333333333333,0.4556,0.0,1.0,0.5062,0.8338885899999999,1.6144426799999998,2.29224838,2.82541233,-0.22822858706,-0.4387164435,-0.04426600635,-0.12469163034,3.4898398599999987,-2.7742953400999983,0.6022847244000011,-0.7641573450400002
53,GLY,0.528,0.2920353982300885,0.8718300000000001,0.8736899999999999,0.4063100000000001,1,0.125,5,0.625,0.4556,0.0,1.0,0.5062,1.25259871,2.43537979,3.483126290000001,4.33946934,-0.2887681393,-0.5605503715000001,-0.04841490537,-0.1373837848,5.425796343000007,-5.975144395499992,0.8157538620000021,-1.4562647657999974
54,GLY,0.545,0.3014380530973451,0.8614400000000001,0.86109,0.4019099999999999,2,0.153846153846154,9,0.692307692307692,0.4556,0.0,1.0,0.5062,1.39164194,2.70487946,3.866370870000001,4.81252476,-0.399302097,-0.7728934159999999,-0.0696658172,-0.1971025635,4.943214653999987,-8.619256090999999,0.8349346576999996,-2.193362429500001
55,TYR,1.432,0.42018779342723,3.97813,1.3794099999999998,0.5965900000000002,4,0.4,5,0.5,0.3556,0.8063,0.502,0.1605,1.25219314,2.43218739,3.4725626500000004,4.31509499,-0.7275412712,-1.4093332503,-0.1256250822,-0.355716437,9.274815375999976,-13.759365202000003,1.4356103375000009,-3.1170730204000017
56,ARG,1.993,0.5943930808231435,3.99226,1.05064,0.3093600000000001,2,0.5,1,0.25,0.0,0.7346,0.9398,0.6914,0.97377808,1.89061392,2.69760183,3.34958083,-1.2737275946999995,-2.4871850695,-0.1904732679,-0.5428997286999999,11.962589985999928,-26.4738106385,1.6995707374000015,-5.633191830200005
57,ARG,2.49,0.7426185505517447,4.06717,0.65787,0.20513,3,0.75,1,0.25,0.0,0.7346,0.9398,0.6914,0.55476578,1.06729313,1.4988213900000005,1.81724089,-1.201868125,-2.324023514,-0.2143872976999999,-0.6065399845999999,10.107267134999953,-26.04199941399998,1.8335641939999936,-6.888536511799995
58,GLY,0.817,0.4518805309734512,0.90304,0.74745,0.2435500000000001,3,0.5,1,0.166666666666667,0.4556,0.0,1.0,0.5062,0.97307825,1.88512108,2.67948408,3.3079528,-1.8512044352000003,-3.596228254600001,-0.30435190095,-0.8636052070699997,25.83487352800021,-43.73917842439996,4.165566690099997,-10.827733111810016
59,GLY,0.623,0.3445796460176991,0.99711,0.79667,0.38833,1,0.0909090909090909,1,0.0909090909090909,0.4556,0.0,1.0,0.5062,1.94997565,3.79993356,5.4559395,6.835791599999999,-2.3790019031999994,-4.646331129800001,-0.3547666467900001,-1.0114420780000002,42.790572278999925,-63.68520182409981,6.296967946599953,-14.142471493699976
60,GLY,0.36,0.1991150442477876,0.8178300000000001,0.9114,0.5366,0,0.0,1,0.0357142857142857,0.4556,0.0,1.0,0.5062,2.08626088,4.04798224,5.769097910000001,7.14984381,-2.7790312742500016,-5.407299902259999,-0.4457661055050001,-1.2669999195299997,38.73170741399999,-63.29088578282008,6.1337386002001,-14.903705491899938
61,ASN,0.687,0.2809815950920246,2.15328,1.20413,0.5538699999999999,0,0.0,0,0.0,0.1111,0.3976,0.6747,0.8272,2.22404523,4.30771435,6.1205178700000005,7.55098097,-2.8189169951999995,-5.481441567699998,-0.4575620076499999,-1.29992320964,36.148096648999775,-62.527035289500176,5.982167083600053,-15.121430825659996
62,SER,0.578,0.2656249999999999,1.41732,1.1525500000000002,0.4454500000000001,0,0.0,0,0.0,0.4111,0.1877,0.8514,0.5309,2.6444021300000005,5.141413890000001,7.35292916,9.15875452,-2.26246802702,-4.409637009429998,-0.3522705354800001,-1.0027847778560002,37.52590413400001,-49.551156691000216,5.846365332900008,-11.252401663849891
63,GLY,0.667,0.3689159292035398,0.95116,0.7875599999999999,0.3534400000000001,0,0.0,0,0.0,0.4556,0.0,1.0,0.5062,2.3678374800000004,4.61425279,6.625125860000002,8.300428819999999,-2.17147047438,-4.236037813169999,-0.330574087053,-0.941278113006,40.33718854700026,-57.77299606292012,6.059976444900086,-12.97482260706395
64,GLY,0.448,0.247787610619469,0.76912,0.8927800000000001,0.4672199999999999,0,0.0,1,0.0277777777777778,0.4556,0.0,1.0,0.5062,2.08535093,4.04091779,5.7460607700000015,7.097714359999999,-2.632828010749,-5.109943974966002,-0.4412497575743999,-1.2516174415010002,38.91008333300036,-65.29193432083116,6.311572804200053,-15.88780918996603
65,GLY,0.027,0.014933628318584,0.60694,1.16168,0.6193200000000001,0,0.0,1,0.0204081632653061,0.4556,0.0,1.0,0.5062,2.36277163,4.57481042,6.49611896,8.00733712,-2.76690857616,-5.366149968189999,-0.4685099352130001,-1.3278973380999994,35.94721937500032,-55.06091365111022,6.295228880300022,-14.534583497495095
66,GLY,0.513,0.2837389380530973,0.93694,0.8174999999999999,0.4775,0,0.0,0,0.0,0.4556,0.0,1.0,0.5062,3.0645552300000003,5.97358011,8.580516450000001,10.75615662,-3.6473554623000006,-7.123846204000003,-0.5446076126099999,-1.5530573368199994,42.67509753699965,-59.26926700549975,6.268023856300058,-12.647343830740022
67,GLY,0.281,0.1554203539823009,0.6740600000000001,0.91156,0.6154400000000001,0,0.0,0,0.0,0.4556,0.0,1.0,0.5062,2.36576928,4.59811692,6.57223786,8.17993587,-3.0117169190299986,-5.862501011479998,-0.4781572430849999,-1.3591802439900005,37.93600488100002,-52.16140504196013,6.057920714399959,-12.589285235820014
68,GLY,0.0,0.0,0.59492,1.07313,0.7348700000000001,0,0.0,0,0.0,0.4556,0.0,1.0,0.5062,2.50396512,4.86107353,6.934267630000001,8.60535956,-2.5352439533,-4.9304464165,-0.4120155453699999,-1.17103482348,39.2698659109998,-51.62872747250016,6.335573751500067,-12.816260856909942
69,GLY,0.545,0.3014380530973451,0.94109,0.7987200000000001,0.4642799999999998,0,0.0,0,0.0,0.4556,0.0,1.0,0.5062,1.66887684,3.23737799,4.61204316,5.712706979999999,-2.42225931649,-4.7058356646,-0.3981450752339999,-1.129866815344,39.09150495099991,-60.80874419382,6.459140511500099,-15.11061504783998
70,TYR,0.451,0.1323356807511737,2.95059,2.03052,0.9264799999999996,0,0.0,0,0.0,0.3556,0.8063,0.502,0.1605,1.39130427,2.70225426,3.85780016,4.79310449,-2.06047816484,-4.010802882670001,-0.3293929001579999,-0.936866552834,35.75601790399996,-51.14149482920018,5.60711100779998,-12.13418650577999
71,ASP,1.551,0.5785154792987691,2.5854000000000004,0.69081,0.4391900000000001,1,0.142857142857143,2,0.285714285714286,0.1111,0.3239,0.8675,1.0,0.97368752,1.8898788,2.6950915,3.34354977,-1.33822011426,-2.604788208999999,-0.21128023223,-0.6001469034999999,23.998899749000213,-37.10485825519997,3.770541678700014,-8.636117584429956
72,ARG,0.961,0.2866090068595287,3.07156,1.82044,0.5715600000000003,1,0.111111111111111,2,0.222222222222222,0.0,0.7346,0.9398,0.6914,1.53159132,2.9815344400000003,4.273366,5.340606719999999,-2.0990321444,-4.1136650034,-0.2925421937900001,-0.8370918599,30.906872370000062,-49.9389781556001,4.265513955699985,-10.062261931900045
73,GLY,0.57,0.3152654867256637,0.87004,0.81658,0.42142,0,0.0,1,0.166666666666667,0.4556,0.0,1.0,0.5062,0.97353227,1.88866176,2.69108223,3.33435343,-1.2465851568,-2.4264059475,-0.19823580966,-0.5634524971,22.75360254200007,-32.73332311800015,3.5007738182999795,-7.681697859199988
74,TYR,1.988,0.5833333333333334,4.0184,1.13092,0.28908,2,0.4,3,0.6,0.3556,0.8063,0.502,0.1605,0.6939790299999999,1.33814744,1.8866039,2.30093535,-0.8260392435999999,-1.59447153,-0.1509630642999999,-0.4264537165999999,10.267909431000051,-23.10664516000004,1.832420525000008,-6.087019028499983
75,ASN,0.793,0.3243353783231084,1.91622,1.3815500000000005,0.2704499999999992,1,0.2,2,0.4,0.1111,0.3976,0.6747,0.8272,0.8337609400000001,1.61344266,2.28895763,2.81787455,-0.5800190197000001,-1.131271901,-0.0889092958799999,-0.2531902799,8.295674463000017,-17.910939795000033,1.2468717587000036,-3.9346805221999976
76,ASP,0.902,0.3364416262588586,2.06603,1.10786,0.6711399999999998,1,0.25,2,0.5,0.1111,0.3239,0.8675,1.0,0.69422397,1.34007013,1.89294627,2.31550922,-0.487002382,-0.94458368,-0.0821635708,-0.232828274,4.113923287999998,-11.987741440000002,0.7376515627999989,-3.1721802569999955
77,ASN,1.497,0.6122699386503069,2.51187,0.79504,0.1529599999999997,0,0.0,0,0.0,0.1111,0.3976,0.6747,0.8272,0.55490336,1.06836706,1.50234273,1.82526734,-0.500165353,-0.969177006,-0.086313269,-0.244566239,2.275237719,-7.219875454999998,0.3883052921,-1.7907875549999983
78,ARG,1.884,0.5618848792126453,3.53883,1.2741399999999998,0.1948600000000004,0,0.0,1,0.2,0.0,0.7346,0.9398,0.6914,0.69391309,1.33763153,1.8849081,2.29705774,-0.478449688,-0.92644513,-0.0833985911,-0.236151445,2.5120126020000018,-6.071355864,0.4181894119999997,-1.4824004910000013
79,ASP,1.489,0.5553897799328609,2.55114,0.7767999999999999,0.4152,0,0.0,0,0.0,0.1111,0.3239,0.8675,1.0,0.83413307,1.6163617599999998,2.29857987,2.8399632500000003,-0.3549459359,-0.6903774536,-0.0565403768,-0.1604404160999999,3.026211528000001,-4.667416184800006,0.4608682070000005,-1.084237011800001
80,ASP,1.28,0.4774337933606863,2.48832,0.89452,0.50648,0,0.0,0,0.0,0.1111,0.3239,0.8675,1.0,0.69445516,1.34187621,1.89887416,2.32903981,-0.4118535999000001,-0.7994023827,-0.06869318288,-0.19478470994,3.6561807300000018,-4.38182440989999,0.5527059953000006,-0.9931219789800002
81,ARG,2.566,0.765284819564569,3.959,0.78047,0.0065300000000003,0,0.0,0,0.0,0.0,0.7346,0.9398,0.6914,0.55490052,1.06834602,1.50227787,1.82513159,-0.574115617,-1.1085787640000002,-0.1040822637999999,-0.293994313,3.486136012999996,-7.972052992000003,0.6317709323000004,-2.1390988500000008
82,ASP,0.66,0.2461767997016039,2.06024,1.33914,0.6818599999999999,0,0.0,0,0.0,0.1111,0.3239,0.8675,1.0,0.97378903,1.89069402,2.6978464799999995,3.3500830200000005,-0.54667131963,-1.0691655271000002,-0.078891749945,-0.2251196563999999,7.240139079000011,-9.085036972299994,1.0288971836000005,-1.955961039500001
83,ASN,1.707,0.6981595092024541,2.40585,0.83077,-0.0927700000000002,0,0.0,2,0.285714285714286,0.1111,0.3976,0.6747,0.8272,0.97349384,1.88836333,2.6901094100000003,3.3321523800000006,-0.5131501076999999,-1.001140477,-0.07822586706,-0.2228151523,9.194289545999975,-11.492089475600018,1.4379572882999994,-2.4872338373
84,ARG,1.867,0.5568147927229347,3.53105,1.33885,0.1471500000000001,0,0.0,3,0.333333333333333,0.0,0.7346,0.9398,0.6914,0.83329884,1.60984268,2.2771780400000003,2.79109973,-0.8532392262000001,-1.6571133365,-0.14159238918,-0.4019009852999999,10.560380416000028,-21.80345778199997,1.7264914366999964,-5.273892771700011
85,GLY,0.855,0.4728982300884956,0.93004,0.68604,0.2669600000000001,0,0.0,3,0.428571428571429,0.4556,0.0,1.0,0.5062,0.97349436,1.88840328,2.69036732,3.33313327,-1.2196325050000003,-2.384200443000001,-0.1773764502,-0.5058549984999999,13.24763995400003,-28.392246584999988,1.9871820286,-6.330253592600001
86,GLY,1.1,0.6084070796460177,1.03952,0.59654,0.11146,0,0.0,1,0.111111111111111,0.4556,0.0,1.0,0.5062,1.1124899,2.15751143,3.0722610200000005,3.80290232,-1.4075008969999998,-2.740908789,-0.2234871109199999,-0.6359271563,19.88175794600001,-33.48617379619998,3.1136273353999777,-7.791612665500006
87,SER,0.7,0.3216911764705882,1.4593,1.1616,0.3144000000000002,1,0.0769230769230769,2,0.153846153846154,0.4111,0.1877,0.8514,0.5309,1.39124101,2.7017751,3.85627799,4.789783549999999,-1.3840839713999995,-2.7028541106,-0.2076696989599999,-0.5921466681000003,17.64241214000003,-30.083032797800083,2.7444550292999845,-6.788995392499982
88,GLY,0.743,0.4109513274336283,1.04118,0.7696,0.2954,2,0.142857142857143,0,0.0,0.4556,0.0,1.0,0.5062,1.53151001,2.9808785499999995,4.271141109999999,5.33530648,-1.89693602173,-3.6998920361,-0.2916147085199999,-0.83069926528,25.75118464100018,-32.32728601509989,3.894807539600017,-7.311562941539995
89,GLY,0.601,0.3324115044247787,0.95468,0.92286,0.28414,2,0.2,2,0.2,0.4556,0.0,1.0,0.5062,1.39262638,2.7126046400000003,3.89184501,4.87103222,-2.11339921251,-4.1269255461,-0.3151368039899999,-0.8980112032499998,23.41286274100011,-25.168727737799912,3.333273857199975,-5.30152369054001
90,TYR,1.729,0.5073356807511737,4.118860000000001,1.15535,0.5236499999999997,3,0.272727272727273,2,0.181818181818182,0.3556,0.8063,0.502,0.1605,1.5312126500000005,2.97858095,4.26369031,5.31857831,-1.9308596353600005,-3.772847799040001,-0.2855010972000001,-0.814386550296,21.11843387300012,-30.813445878799914,3.1216119550000245,-6.701542503663996
91,GLY,0.465,0.2571902654867257,0.84167,0.92539,0.4176099999999999,1,0.0833333333333333,2,0.166666666666667,0.4556,0.0,1.0,0.5062,1.39061793,2.69697699,3.84076385,4.75508166,-1.6565276632,-3.219128474699999,-0.27026038247,-0.7669509155999998,20.457367566000173,-33.42179661090004,3.295096617299988,-8.21867261419999
92,ARG,1.497,0.4464658514762899,3.67069,1.43225,0.42375,0,0.0,3,0.428571428571429,0.0,0.7346,0.9398,0.6914,1.25183555,2.42941527,3.46353947,4.2947334,-1.6996563608000004,-3.310192416999999,-0.2684470790600001,-0.7637015025000002,21.099178597999984,-30.10029182829998,3.2912012648999904,-7.064504824100006
93,ASP,1.166,0.4349123461395001,2.35465,0.92802,0.5869800000000002,0,0.0,1,0.166666666666667,0.1111,0.3239,0.8675,1.0,1.3927912699999998,2.71390544,3.89615859,4.88101531,-1.6377340681000003,-3.1976353978,-0.24481208675,-0.6975283833000001,30.62112529099999,-22.40746109949999,4.6329048766000085,-5.198450448200001
94,ARG,1.015,0.3027139874739039,3.42277,1.93053,0.40747,0,0.0,2,0.222222222222222,0.0,0.7346,0.9398,0.6914,1.95076891,3.80612353,5.4762293500000006,6.88201748,-2.6654469601000006,-5.206341825200002,-0.3962969050700001,-1.1298261113399997,37.8377675520001,-47.30983254239983,5.53233501620006,-10.280304228599976
95,ASN,0.339,0.1386503067484663,1.92008,1.6593000000000002,0.4466999999999996,0,0.0,0,0.0,0.1111,0.3976,0.6747,0.8272,2.22872313,4.34414617,6.2397084,7.82185847,-3.2869408684899986,-6.402105592080001,-0.5155885942160001,-1.4661733913100006,40.54625100199991,-47.12854156115994,5.973918489200049,-10.590532175019987
96,TYR,0.524,0.1537558685446009,3.25597,2.02184,0.8621599999999998,0,0.0,0,0.0,0.3556,0.8063,0.502,0.1605,2.78632638,5.433441750000001,7.810195270000001,9.80101344,-3.59123587041,-7.018082849779998,-0.5300647483120001,-1.512274985984,39.87659680900028,-48.978661582479845,5.910930948600063,-10.754242514828052
97,GLU,0.974,0.3570381231671554,2.49076,1.37904,0.3749600000000002,0,0.0,0,0.0,0.1111,0.4884,0.8112,0.9136,1.9489910500000005,3.79223221,5.43062559,6.777895839999999,-3.0369935861449986,-5.904371446210001,-0.4925420988125001,-1.3984916689949998,35.64223613200044,-45.46918791725993,5.83603888480005,-11.455627245327983
98,ASP,0.782,0.2916822081312943,2.24399,1.3311999999999995,0.5678000000000005,0,0.0,1,0.0833333333333333,0.1111,0.3239,0.8675,1.0,1.6705010400000002,3.2499937299999995,4.653204130000001,5.80591196,-3.82553530186,-7.442911249920001,-0.614569551764,-1.746609880274999,33.95581528599997,-43.48069742548,5.22500903410006,-10.281683985185984
99,ARG,2.158,0.6436027438115121,3.8068,1.03449,0.1605100000000003,1,0.0588235294117647,5,0.294117647058824,0.0,0.7346,0.9398,0.6914,1.80967847,3.52058092,5.0401573,6.287859679999999,-3.397479142300001,-6.612943978670001,-0.5421348437429996,-1.5415025859350002,35.45296254599974,-35.31257669887991,5.42066110910004,-8.345846755880023
100,GLY,0.186,0.1028761061946902,0.6064200000000001,0.91508,0.7069200000000001,6,0.181818181818182,8,0.242424242424242,0.4556,0.0,1.0,0.5062,1.94594168,3.768492319999999,5.3529863,6.60153277,-3.02292767147,-5.847737101210003,-0.5357409142060001,-1.5162264565679997,32.58456775799971,-47.38078379242433,5.672087201500058,-12.65511070060899
101,TYR,0.898,0.2634976525821596,3.10219,1.9614200000000004,0.5485799999999994,11,0.323529411764706,7,0.205882352941176,0.3556,0.8063,0.502,0.1605,2.36524297,4.593971070000001,6.55851301,8.148249329999999,-3.1709641099599986,-6.146490911529998,-0.5415503537569999,-1.5342443595050002,29.77683358700037,-46.96805295853981,5.03174992160001,-12.017576777240034
102,ASN,0.198,0.0809815950920245,2.00711,1.68863,0.5583699999999998,3,0.0967741935483871,3,0.0967741935483871,0.1111,0.3976,0.6747,0.8272,3.484375090000001,6.80323237,9.800158910000004,12.33636127,-3.2968052456400003,-6.4336667625000015,-0.4998855589430002,-1.424225038024,36.45953884000005,-24.98570117539997,5.355123542299996,-5.706194512123993
103,GLY,0.0,0.0,0.72295,1.07106,0.7369400000000002,4,0.0833333333333333,3,0.0625,0.4556,0.0,1.0,0.5062,2.9218712000000004,5.675618810000001,8.103787730000002,10.069515429999996,-3.2457256295600003,-6.292411566499998,-0.5537961425860001,-1.5693456565899997,32.205973843000045,-27.98884636449998,5.165836224000033,-6.747914487150021
104,GLY,0.067,0.0370575221238938,0.68341,1.10648,0.6345200000000002,8,0.153846153846154,0,0.0,0.4556,0.0,1.0,0.5062,3.480832050000001,6.77552912,9.7091421,12.12833847,-3.564774585659999,-6.939096780290001,-0.5680724664369999,-1.6153629248699988,34.562793836999965,-47.61229623484972,5.506256436399984,-11.596807844800065
105,GLY,0.159,0.0879424778761061,0.6277,0.94343,0.70557,8,0.181818181818182,5,0.113636363636364,0.4556,0.0,1.0,0.5062,2.50448633,4.86508895,6.947260130000001,8.63445107,-2.86438072827,-5.5669238445400016,-0.4688360485499999,-1.331278272674001,36.4468562110002,-55.12408972580021,5.8269501,-13.460942884399984
106,GLY,0.158,0.0873893805309734,0.6175200000000001,1.04786,0.6021400000000001,5,0.161290322580645,6,0.193548387096774,0.4556,0.0,1.0,0.5062,1.8068229,3.4983779699999995,4.967640080000001,6.123420950000001,-3.158371823280001,-6.140306764310001,-0.5154683370840001,-1.4644496074600002,33.920999941999696,-63.35851373410013,5.543286138399995,-15.523429126159972
107,GLY,0.949,0.5248893805309734,1.07642,0.58968,0.2693200000000001,2,0.181818181818182,2,0.181818181818182,0.4556,0.0,1.0,0.5062,0.97294432,1.88406155,2.67596034,3.29976766,-1.9919518256000008,-3.8670150965,-0.33335335494,-0.94594284219,36.377584637000005,-61.21831926799981,6.075556579200033,-15.34067359688996
108,GLY,0.778,0.4303097345132743,0.95411,0.7270400000000001,0.3029599999999999,1,0.0833333333333333,1,0.0833333333333333,0.4556,0.0,1.0,0.5062,1.1120305,2.15396328,3.0607567000000007,3.77707606,-2.2420080087600005,-4.35791368549,-0.3658708693699999,-1.038948651896,34.024875772000065,-61.28447203359993,5.645482707199929,-15.100025718222003
109,GLY,0.459,0.2538716814159292,0.903,0.95664,0.3923599999999999,0,0.0,2,0.1,0.4556,0.0,1.0,0.5062,1.94905568,3.79272927,5.43223444,6.7815031,-2.0541000279,-3.9958918996999984,-0.3308567821729999,-0.9402369723100004,44.45335951699994,-44.37735646390022,6.790548566000053,-10.59184087914
110,ASN,0.533,0.2179959100204499,1.88567,1.47287,0.43913,1,0.027027027027027,5,0.135135135135135,0.1111,0.3976,0.6747,0.8272,2.6435062300000003,5.13444049,7.330132300000001,9.10700041,-2.6786304738629987,-5.198912822673998,-0.4482776863514998,-1.271434842517,42.21100391299975,-34.736275701699945,6.4852242852001,-8.481653073879997
111,ARG,0.846,0.2523113629585445,2.95244,1.81406,0.6929400000000001,0,0.0,0,0.0,0.0,0.7346,0.9398,0.6914,3.20098429,6.222753259999998,8.89737068,11.07866595,-3.3643643210599987,-6.55396236624,-0.5292520280560001,-1.5060635493099996,42.24368753500002,-40.21186516829981,6.887938108000091,-9.827385677590032
112,GLY,0.071,0.0392699115044247,0.75291,1.1442,0.5928,4,0.0816326530612245,0,0.0,0.4556,0.0,1.0,0.5062,3.20047505,6.218877280000001,8.885000560000002,11.051501089999997,-4.541105582829998,-8.828129812259998,-0.7387834422079999,-2.098020846949999,36.22406244600005,-59.58461863423988,5.654089982300069,-14.185297708789973
113,TYR,0.519,0.1522887323943662,3.46875,2.0456,0.8433999999999999,9,0.290322580645161,0,0.0,0.3556,0.8063,0.502,0.1605,2.9238331900000007,5.6908886700000005,8.15370538,10.1828341,-4.107782576153999,-7.982611017173999,-0.6756290633424998,-1.9187681743209992,33.83672843800037,-55.91473233199007,5.581561941499988,-13.719538821201084
114,ASN,0.091,0.0372188139059304,1.84915,1.63944,0.7145599999999996,2,0.0714285714285714,0,0.0,0.1111,0.3976,0.6747,0.8272,2.9248305200000004,5.69873995,8.1796756,10.24272039,-4.357796666200002,-8.504579992300002,-0.6642061382360004,-1.893442598880001,33.15827785800032,-51.54787582379984,5.226842697300029,-12.299539184370028
115,ASN,0.826,0.3378323108384458,2.18431,1.1248,0.4941999999999997,0,0.0,0,0.0,0.1111,0.3976,0.6747,0.8272,1.6699251700000004,3.24547189,4.6382828,5.77160826,-3.10403763979,-6.0336111719,-0.5068784231599999,-1.4394405251199998,30.79083991700028,-52.05474808399966,4.937512206399987,-12.694192701099972
116,ASN,0.717,0.2932515337423313,2.09557,1.25453,0.4734699999999998,0,0.0,1,0.0625,0.1111,0.3976,0.6747,0.8272,1.25046267,2.4187055,3.42844465,4.21480464,-2.3649028920699995,-4.5755239652,-0.41794689773,-1.1828999124399997,26.695135056000105,-49.42290617629987,4.701768910599963,-12.757077639459972
117,ARG,0.412,0.1228750372800477,2.9607,2.24024,0.7007600000000003,0,0.0,1,0.0476190476190476,0.0,0.7346,0.9398,0.6914,2.0878254600000004,4.06017174,5.80899173,7.240553309999999,-2.088578492659999,-4.074853101399999,-0.3195126884600002,-0.91046672176,26.64272494700012,-36.60683260379989,4.135709620900043,-8.634927604259936
118,GLY,0.25,0.1382743362831858,0.65676,0.9981300000000002,0.5598699999999999,0,0.0,2,0.111111111111111,0.4556,0.0,1.0,0.5062,1.66906476,3.2387761800000003,4.61639647,5.72193143,-1.5878364003999996,-3.086158669220001,-0.2598544980539999,-0.7379647551899999,30.08516400100024,-50.82255164361976,4.811259801800047,-12.48947312602998
119,GLY,0.443,0.2450221238938053,0.80228,0.8360500000000001,0.5289499999999999,0,0.0,0,0.0,0.4556,0.0,1.0,0.5062,1.39006338,2.6926121,3.82633056,4.721818150000001,-1.5262487083,-2.9655696906,-0.2515292635299999,-0.7142868179,26.494385267000027,-50.30252921099987,4.376403566699994,-12.320589032599932
120,GLY,0.539,0.2981194690265487,0.78408,0.8659699999999999,0.4030300000000002,0,0.0,1,0.0769230769230769,0.4556,0.0,1.0,0.5062,1.11234565,2.15640352,3.06869076,3.79495511,-1.6314836173000002,-3.1774173378,-0.25710003262,-0.7312551326700001,27.13895786399984,-61.22784080030014,4.328012182399958,-14.309254981449968
121,GLY,0.831,0.4596238938053097,0.8686799999999999,0.8442200000000001,0.13278,1,0.0909090909090909,1,0.0909090909090909,0.4556,0.0,1.0,0.5062,1.2524460300000002,2.43419226,3.47924596,4.33066724,-1.5074814794000002,-2.948516661,-0.2184816640699999,-0.6238107865999998,27.05174176999996,-49.75746143200016,4.050536252699954,-10.814744291100013
122,GLY,0.578,0.3196902654867256,0.92012,0.8949100000000001,0.3350899999999999,2,0.222222222222222,1,0.111111111111111,0.4556,0.0,1.0,0.5062,1.25252658,2.43481824,3.48128954,4.33529643,-0.9383094168599998,-1.8306251565,-0.1433634824069999,-0.408450684014,28.46336199799996,-27.47346300910004,4.2944796411999775,-6.254089927222017
123,GLY,1.013,0.560287610619469,0.9178,0.69262,0.1023800000000001,2,0.333333333333333,0,0.0,0.4556,0.0,1.0,0.5062,0.83409111,1.61602584,2.29744761,2.83728712,-1.0933225251,-2.118501188,-0.1864298736399999,-0.5275820133000001,16.95292759099993,-26.587034272999965,2.806475210300007,-6.724681150400003
124,TYR,0.732,0.2147887323943662,3.44031,1.97794,0.6980600000000001,3,0.375,2,0.25,0.3556,0.8063,0.502,0.1605,1.25233105,2.43331006,3.4764088499999994,4.324372439999999,-1.7658989446050006,-3.4611120048,-0.2446589230249999,-0.699944403856,19.95521969899992,-26.86756593058003,2.8056476222999955,-5.566539704877994
125,ASN,1.475,0.6032719836400818,2.49854,0.8159400000000001,0.1540599999999996,3,0.5,4,0.666666666666667,0.1111,0.3976,0.6747,0.8272,1.11321203,2.16318347,3.09098427,3.8459652,-1.915067184,-3.7405703246,-0.2836911251740001,-0.8085057199500002,19.183761768999982,-32.72006528500007,2.885954538099991,-7.357664277100005
126,ARG,1.069,0.3188189680882791,3.41068,1.68416,0.5998400000000002,5,0.454545454545455,4,0.363636363636364,0.0,0.7346,0.9398,0.6914,1.6711825400000002,3.25534888,4.67089168,5.84662484,-2.6855337445499985,-5.25494204767,-0.386570773776,-1.1043934029699998,28.68623586500016,-38.34388105957005,4.093569277499957,-8.317237010840028
127,GLN,0.519,0.1805217391304348,2.4189,1.5234,0.8325999999999998,5,0.3125,4,0.25,0.1111,0.5388,0.7952,0.6914,1.3910620800000002,2.70035316,3.8515279100000006,4.77868756,-2.115192393135,-4.1168411280370005,-0.3385143046247,-0.9626082380640002,22.47741701500017,-26.49600054967396,3.493707219900023,-6.050067422527989
128,ASP,0.77,0.2872062663185378,2.30335,1.22272,0.68828,2,0.166666666666667,0,0.0,0.1111,0.3239,0.8675,1.0,2.09029297,4.07940962,5.8720093900000006,7.384017629999999,-2.9416161136599994,-5.7480059933000005,-0.4338370345799999,-1.2372737668699991,28.91618832800008,-32.06342579320003,4.17574920559998,-6.963543821040009
129,ARG,0.887,0.2645392186101998,3.44559,1.7981200000000002,0.66788,2,0.0833333333333333,0,0.0,0.0,0.7346,0.9398,0.6914,2.08782714,4.06015738,5.80885499,7.23997365,-2.4285046005770003,-4.726529780059999,-0.3872890288999999,-1.1009034644050006,28.690889304000173,-25.851256496210045,4.397142621500017,-5.848433983248008
130,GLY,0.106,0.0586283185840707,0.64208,1.05334,0.64866,3,0.103448275862069,1,0.0344827586206897,0.4556,0.0,1.0,0.5062,2.22695606,4.33032834,6.19431213,7.71810821,-2.2611125054400008,-4.4013505913,-0.3596001076199999,-1.02230989535,24.32614774000007,-36.86103584260005,3.7516732210999937,-8.541787692380002
131,ASP,1.027,0.3830660201417381,2.3739,1.0408,0.6132000000000002,1,0.0555555555555556,0,0.0,0.1111,0.3239,0.8675,1.0,1.81021729,3.5247631500000005,5.053787409999999,6.31867072,-2.2850745910600003,-4.449968631700001,-0.3607573920000002,-1.0260110181400004,26.11049065299972,-36.36188349729991,3.9026339225999824,-7.869265996879994
132,GLY,0.303,0.1675884955752212,0.69352,1.01718,0.4878200000000001,1,0.0454545454545455,1,0.0454545454545455,0.4556,0.0,1.0,0.5062,1.94945007,3.79576054,5.44200751,6.803266900000001,-2.531928893630001,-4.9507884779,-0.3712581480399999,-1.0601864946999997,25.76851701600025,-45.02782762209995,3.745409896300021,-9.691066389459996
133,GLY,0.331,0.183075221238938,0.7284099999999999,1.02786,0.4491400000000001,2,0.105263157894737,2,0.105263157894737,0.4556,0.0,1.0,0.5062,1.80879651,3.5137078500000003,5.01765406,6.23666189,-2.2708686312700004,-4.440611756999999,-0.3332919723299999,-0.9520048550900002,26.36327347399984,-35.810680348899915,3.8024383791000105,-7.558065500460024
134,SER,1.251,0.574908088235294,1.53881,0.6695,0.2555000000000003,0,0.0,1,0.25,0.4111,0.1877,0.8514,0.5309,0.69384335,1.33710275,1.8832286600000003,2.29339611,-0.9624383051,-1.8567146055,-0.1764009193399999,-0.4978253965099999,15.397010730000074,-17.567300187499974,2.771583235800016,-5.084740149449993
135,SER,1.447,0.6649816176470588,1.51638,0.6350500000000001,0.0939499999999999,0,0.0,1,0.25,0.4111,0.1877,0.8514,0.5309,0.69425717,1.34032989,1.89379961,2.3174595,-1.1515721289999996,-2.2330936585000005,-0.1960462852499999,-0.5557649283,15.425986441999989,-27.386227061999943,2.544502097599997,-6.911504654400012
136,ASN,1.008,0.4122699386503067,2.12498,1.30549,0.1315099999999998,0,0.0,2,0.222222222222222,0.1111,0.3976,0.6747,0.8272,1.25120573,2.42455376,3.44778757,4.259405,-1.3699674723999995,-2.663810300000001,-0.22088174512,-0.6270517038000002,22.46324005400025,-29.754664361000028,3.588549532100016,-7.450993407300023
137,PHE,1.074,0.3454486973303313,3.2457100000000003,1.65622,0.3787800000000001,0,0.0,1,0.0588235294117647,0.8111,0.783,0.0763,0.037,1.80948591,3.5190487700000004,5.03502911,6.27584929,-1.2797269799999995,-2.4926396875,-0.2027828209099999,-0.5772077935,27.30971731700022,-29.815920233999947,4.266381315300005,-7.031813336799977
138,SER,0.313,0.1438419117647058,1.39089,1.2438399999999998,0.6191600000000004,0,0.0,2,0.0952380952380952,0.4111,0.1877,0.8514,0.5309,1.94820509,3.78602622,5.410030079999999,6.73019459,-2.07763944762,-4.053620367579999,-0.318258381183,-0.907057227084,27.876208593000005,-40.91993070680015,4.224433837800032,-9.112447445100004
139,ARG,2.389,0.712496271995228,3.83036,0.8672799999999998,0.0967200000000005,0,0.0,2,0.285714285714286,0.0,0.7346,0.9398,0.6914,1.11259001,2.1583235499999995,3.0750296499999994,3.80953713,-1.3746717175599996,-2.671800884700001,-0.22379777706,-0.6352070634100002,20.61893325599989,-28.62528864769993,3.283626923000018,-6.798678377929997
140,GLY,0.994,0.5497787610619469,0.91184,0.69422,0.1197800000000001,1,0.166666666666667,1,0.166666666666667,0.4556,0.0,1.0,0.5062,0.83428312,1.61754018,2.30246933,2.84890753,-1.277131398,-2.482357311999999,-0.2072960722,-0.5882760416500001,19.04347404600027,-24.753797887700024,3.059580125199973,-6.317407105810008
141,GLY,0.615,0.3401548672566371,1.00362,0.83117,0.3618300000000001,3,0.230769230769231,1,0.0769230769230769,0.4556,0.0,1.0,0.5062,1.3909160500000002,2.6992295699999995,3.84789963,4.770589249999999,-2.0175748591,-3.9312972433,-0.3166530984099999,-0.90145018494,21.2530906360001,-33.15372060159995,3.358940637799976,-7.945289387739964
142,TYR,1.238,0.363262910798122,3.52849,1.65041,0.51959,3,0.176470588235294,1,0.0588235294117647,0.3556,0.8063,0.502,0.1605,1.67005357,3.24648884,4.64167194,5.77950233,-2.4098385698000007,-4.68623337725,-0.3893564110599998,-1.105790142988,25.847934949000106,-37.20874083980004,4.069216089599999,-9.00053267046999
143,ASN,0.325,0.1329243353783231,1.92422,1.5168400000000002,0.6031599999999995,3,0.115384615384615,0,0.0,0.1111,0.3976,0.6747,0.8272,2.64545374,5.14960094,7.37970625,9.21958515,-3.15393766748,-6.147315719,-0.4905833104649999,-1.3964587253399998,39.02140849699952,-52.28707000660016,5.726774818600099,-11.200438313579996
144,ASN,0.087,0.0355828220858895,1.91961,1.67098,0.6870199999999997,3,0.09375,0,0.0,0.1111,0.3976,0.6747,0.8272,2.9238247900000003,5.690839420000001,8.153600599999999,10.18277065,-2.804392637059999,-5.463564583347999,-0.4408003954628001,-1.2544937991669998,33.27387843000014,-42.31362515747615,5.253398128299992,-10.083737643812013
145,ARG,1.426,0.4252907843722039,3.40964,1.52755,0.3994500000000003,1,0.0476190476190476,0,0.0,0.0,0.7346,0.9398,0.6914,2.7863367400000003,5.43350454,7.810338700000001,9.80114864,-2.9515949496500014,-5.745247758800001,-0.4692390696800001,-1.3338635457100003,37.15248215500046,-61.505985151699896,5.591547696400045,-13.74469783014004
146,ASP,0.435,0.1622528907124207,1.80592,1.37869,0.86731,1,0.032258064516129,0,0.0,0.1111,0.3239,0.8675,1.0,2.50447464,4.865053970000001,6.947324320000001,8.63512754,-4.311062608550001,-8.38206101301,-0.7001126165480002,-1.98847096539,45.10749997399984,-72.23533626665998,7.034067597900033,-16.949198010380048
147,GLU,1.421,0.5208944281524927,2.77882,1.05169,0.2553100000000001,0,0.0,0,0.0,0.1111,0.4884,0.8112,0.9136,1.25234152,2.43336532,3.47649556,4.3242789,-2.8107823670500007,-5.464237537599999,-0.45755935811,-1.2993961698300005,33.097381122000016,-48.52025277399985,5.371800876699997,-11.968599232140036
148,GLY,0.186,0.1028761061946902,0.69057,0.94896,0.6730400000000001,0,0.0,0,0.0,0.4556,0.0,1.0,0.5062,1.53087712,2.97592312,4.25483701,5.29797139,-3.3979346614600003,-6.625657048700003,-0.5256115097449999,-1.497038673134,38.976266055000366,-60.82125266849999,6.104585983300005,-14.211219825419937
149,SER,1.025,0.4710477941176469,1.5908799999999998,1.00865,0.1423500000000002,0,0.0,0,0.0,0.4111,0.1877,0.8514,0.5309,1.80981696,3.52167663,5.0437991900000005,6.29631156,-3.0924611803,-6.0307125070000005,-0.4753729743160002,-1.3536373290800003,45.60228811000013,-66.8503262873,6.896722289400079,-15.40615882294
150,ASP,1.291,0.4815367400223797,2.40868,1.04203,0.3479700000000001,0,0.0,0,0.0,0.1111,0.3239,0.8675,1.0,1.53063357,2.97401167,4.24853361,5.283491530000001,-3.22285265667,-6.2760318657,-0.5097866505699999,-1.4500307356800002,41.15260443900011,-81.18120450379992,6.653136783900091,-19.53064830702003
151,ASN,0.908,0.3713701431492843,2.06427,1.22963,0.3073699999999999,0,0.0,0,0.0,0.1111,0.3976,0.6747,0.8272,1.52868452,2.95884933,4.19899108,5.17109708,-2.8770084630999992,-5.5820349574,-0.4860955644400001,-1.3788488484999997,40.90222612899954,-77.57375519199998,6.743222207100021,-18.95881081469996
152,ARG,1.759,0.5246048314941842,3.78194,1.34645,0.2475500000000003,0,0.0,0,0.0,0.0,0.7346,0.9398,0.6914,1.3897598700000002,2.69022337,3.81843137,4.7036096700000005,-1.9280263829,-3.730373647000001,-0.34035555395,-0.9633009528999996,31.81147013599991,-58.31930932200011,5.433544576900059,-14.807089894199947
153,GLY,0.555,0.3069690265486726,0.9434,0.8757699999999999,0.3772300000000002,1,0.0625,0,0.0,0.4556,0.0,1.0,0.5062,1.6691569000000002,3.23952929,4.61898503,5.72819646,-1.69714605956,-3.3074765106999995,-0.264969655987,-0.7542656916149999,28.28499313600029,-48.675247925399866,4.471914878899992,-11.383157974234916
154,SER,1.449,0.6659007352941176,1.53811,0.6587799999999999,0.0682200000000001,0,0.0,0,0.0,0.4111,0.1877,0.8514,0.5309,0.69431456,1.3407683,1.89520462,2.32056199,-0.9743605392,-1.8818928235,-0.17551660043,-0.4957268585300001,15.646063577000076,-24.60162286880015,2.6987124076000044,-6.503297457299999
155,GLY,0.427,0.2361725663716814,0.66782,0.94722,0.43378,2,0.2,1,0.1,0.4556,0.0,1.0,0.5062,0.97280515,1.88299352,2.6725209800000003,3.29211811,-1.06937720443,-2.08188931224,-0.1704759840579999,-0.48492833996,16.141820073000098,-24.66545207538002,2.5814336819999992,-5.769579433140001
156,ARG,2.5,0.7456009543692216,3.82363,0.93923,-0.0862299999999998,3,0.3,1,0.1,0.0,0.7346,0.9398,0.6914,1.2523664499999998,2.43357461,3.477234540000001,4.32612615,-0.9855673501600002,-1.9187430396,-0.156325182734,-0.44447518541,19.35072979800001,-24.36480670230005,2.841706061999984,-5.563085736779998
157,SER,1.335,0.6135110294117646,1.71755,0.6612,0.1798000000000001,2,0.25,2,0.25,0.4111,0.1877,0.8514,0.5309,1.25325455,2.44053101,3.5001301,4.37857893,-1.0931902323400005,-2.1291482459,-0.170908954514,-0.4857920845999999,18.24455435100009,-18.86202655779996,2.707997193399993,-4.465091613919988
158,TYR,1.032,0.3028169014084507,3.43145,1.8009899999999994,0.5750100000000005,6,0.428571428571429,1,0.0714285714285714,0.3556,0.8063,0.502,0.1605,1.67080805,3.2523899400000005,4.661061480000001,5.82382151,-1.5031450771000003,-2.9300515849,-0.2335609642599999,-0.6649235593599999,22.91245475100004,-28.909234234199864,3.5258794248000034,-6.750851848159992
159,ASN,0.32,0.130879345603272,2.07053,1.6567999999999998,0.4682000000000001,3,0.2,1,0.0666666666666667,0.1111,0.3976,0.6747,0.8272,2.09026443,4.07916382,5.87112004,7.38173229,-1.7057540781000005,-3.3301464380400003,-0.256613926055,-0.7313742680299999,28.98697699800013,-23.23711108770008,4.257720268899999,-5.300219313950009
160,ASN,0.496,0.2028629856850715,2.08019,1.44667,0.5023299999999999,2,0.105263157894737,0,0.0,0.1111,0.3976,0.6747,0.8272,1.81038342,3.526060450000001,5.058042880000001,6.32837586,-2.1926422859800003,-4.27440309633,-0.340304635278,-0.9689159308050004,30.128747101000044,-30.30033646953994,4.454845142199952,-6.64296452268997
161,ASP,0.934,0.3483774710928758,2.13085,1.17076,0.5762399999999999,0,0.0,0,0.0,0.1111,0.3239,0.8675,1.0,1.11314445,2.16264419,3.0891746400000004,3.84171169,-1.6923263480499997,-3.292192409,-0.271536717534,-0.7713911975600001,24.37234569600021,-27.34410032340016,3.684016532899992,-6.187439111099993
162,ARG,1.952,0.5821652251714882,3.9622,1.05536,0.3456400000000001,0,0.0,2,0.4,0.0,0.7346,0.9398,0.6914,1.39255904,2.71207839,3.8901171,4.867087700000001,-2.2760148890000007,-4.442274688400003,-0.3435713696500001,-0.9788276281,30.02224896700023,-32.167305754299925,4.313854643300052,-7.130263014499974
163,ARG,1.054,0.3143453623620638,3.4096800000000003,1.90166,0.3973400000000004,0,0.0,4,0.5,0.0,0.7346,0.9398,0.6914,1.39228313,2.7099365899999994,3.88313702,4.85130946,-1.16280087118,-2.2590152062599995,-0.190197854732,-0.539489367948,29.620532777000232,-27.4598369463,4.624124025200003,-7.097398229800019
164,ASP,1.824,0.680343155538978,2.67418,0.5867199999999999,0.2702800000000001,0,0.0,2,0.285714285714286,0.1111,0.3239,0.8675,1.0,1.5322036100000005,2.98630463,4.28897408,5.376080449999999,-1.37584680346,-2.6834766706,-0.2105448472959999,-0.5994775343200004,30.718451887000008,-37.19317234139994,4.507019454299985,-8.438398270580027
165,ASN,0.696,0.2846625766871166,2.08461,1.36854,0.3804599999999998,0,0.0,2,0.142857142857143,0.1111,0.3976,0.6747,0.8272,1.67003593,3.24638183,4.64142792,5.77927759,-1.2476275763499995,-2.4325556268,-0.1920802360099999,-0.54674412672,29.277241289999903,-35.26343247890004,4.503322457299958,-7.9784217762799905
166,GLY,0.401,0.2217920353982301,0.84968,1.0415299999999998,0.3654700000000002,1,0.0625,0,0.0,0.4556,0.0,1.0,0.5062,1.94870127,3.7900209300000007,5.423543669999999,6.7622635,-1.2278871079900002,-2.3977956455500005,-0.183417782565,-0.52277949592,29.2869884470002,-25.95711833510009,4.427749233199959,-5.8218180033699936
167,GLY,0.461,0.2549778761061947,0.90189,0.90745,0.43955,0,0.0,1,0.0555555555555556,0.4556,0.0,1.0,0.5062,1.81001719,3.52322611,5.04883354,6.307643519999999,-1.7690140888000003,-3.450489342999999,-0.27131031008,-0.7727623455999999,28.073085608000067,-35.338434442100045,4.2191544644000105,-8.109736569099976
168,ASP,1.323,0.4934725848563968,2.33697,0.9297,0.4283000000000001,0,0.0,1,0.0714285714285714,0.1111,0.3239,0.8675,1.0,1.25267809,2.43600684,3.48520762,4.3442929,-1.3430961281,-2.6091662430000007,-0.22068768333,-0.6261805845,24.83668023800004,-36.147506368600126,3.8247293772999735,-8.604653575199999
169,GLY,0.401,0.2217920353982301,1.1361,1.05526,0.3517399999999999,0,0.0,1,0.0666666666666667,0.4556,0.0,1.0,0.5062,1.53209043,2.9853016199999995,4.28527975,5.36642957,-1.3379513615999998,-2.6144035826,-0.1997122584929999,-0.57017850177,25.402787378999783,-32.448953571100006,3.818222005399981,-7.212123729180013
