2,MET,1.501,0.5033534540576793,2.6795600000000004,1.06235,0.4186500000000004,0,0.0,0,0.0,0.7111,0.6196,0.0,0.0988,1.6701876999999998,3.24747033,4.64467137,5.78568173,-1.6040870933199995,-3.126405798499999,-0.248156028137,-0.7059626209300002,32.064995253000056,-51.63776871620026,4.952567571799949,-11.932146098479963
3,GLU,0.715,0.2620967741935484,2.51172,1.46405,0.5489500000000003,1,0.0588235294117647,0,0.0,0.1111,0.4884,0.8112,0.9136,2.36841825,4.618741740000001,6.63969271,8.333165769999999,-2.416571078774001,-4.716087615579999,-0.36815029313,-1.0494407111330004,40.169947535999874,-60.08650855243992,6.177763972900073,-13.909382977079014
4,SER,0.408,0.1874999999999999,1.45631,1.13086,0.6371400000000003,0,0.0,0,0.0,0.4111,0.1877,0.8514,0.5309,1.80783866,3.5062148799999995,4.993029430000001,6.180364559999999,-2.5050196580500006,-4.865176037440002,-0.414443556977,-1.176008031826,41.37198559499966,-58.73502814949992,6.812486939700031,-14.34339218624991
5,ASN,0.436,0.178323108384458,1.90327,1.37877,0.6302299999999998,0,0.0,0,0.0,0.1111,0.3976,0.6747,0.8272,2.78590887,5.430216059999999,7.7997265800000015,9.77747468,-4.594675082327,-8.981338318050003,-0.6752955076080001,-1.9272013129209995,41.395519775000224,-53.684122722760094,5.905351437300096,-11.423613349285928
6,GLN,0.983,0.3419130434782608,2.56613,1.27744,0.61456,0,0.0,0,0.0,0.1111,0.5388,0.7952,0.6914,1.94842482,3.78780089,5.416057629999999,6.744576570000001,-4.023812717280001,-7.821353163149997,-0.6552486890699998,-1.8602985342799991,34.70303791300031,-38.44868903139984,5.307572073700046,-8.886780645240014
7,SER,0.371,0.1704963235294117,1.40177,1.22911,0.5758900000000002,0,0.0,0,0.0,0.4111,0.1877,0.8514,0.5309,2.64513609,5.147189200000001,7.37202985,9.20279446,-5.047718118779998,-9.835833146720004,-0.7882608498279996,-2.243136113342,29.404264643,-33.78441702487995,4.471473936100011,-7.804166425477976
8,ASN,0.866,0.3541922290388548,2.26605,1.1968100000000002,0.3821899999999996,0,0.0,0,0.0,0.1111,0.3976,0.6747,0.8272,2.6460199900000005,5.15402441,7.39422324,9.25271674,-5.405871447699999,-10.530687650460006,-0.8481542260069997,-2.412798471119999,32.84392680800025,-40.482783023280106,5.160025254500005,-9.66663143885997
9,ASN,0.48,0.1963190184049079,1.85738,1.6515699999999998,0.3134300000000001,0,0.0,0,0.0,0.1111,0.3976,0.6747,0.8272,3.06243902,5.9571589000000005,8.526996910000001,10.635147689999998,-5.443024973979999,-10.580219124740005,-0.8887670745050004,-2.524102980425002,33.08414773499989,-40.16694669479997,5.15146572440002,-9.771438939299978
10,GLY,0.258,0.1426991150442478,0.75924,1.1091400000000002,0.4408599999999998,0,0.0,0,0.0,0.4556,0.0,1.0,0.5062,3.34316849,6.516764579999999,9.36098412,11.734918429999995,-5.3942479457599966,-10.521485480023996,-0.8271204582939997,-2.3558030772489995,40.72920517799973,-57.39513075037967,6.142819090099967,-13.240118864734022
11,GLY,0.187,0.103429203539823,0.83311,1.09555,0.52545,1,0.0256410256410256,0,0.0,0.4556,0.0,1.0,0.5062,3.34344483,6.518916510000002,9.368024860000002,11.75091857,-4.794315655864,-9.350947653610003,-0.7362443545059996,-2.097070815607,42.0462450640002,-54.25519475600019,6.537064765199996,-13.012015251286003
12,SER,0.42,0.1930147058823529,1.3679400000000002,1.2568,0.4992000000000003,0,0.0,0,0.0,0.4111,0.1877,0.8514,0.5309,2.64503446,5.14633034,7.36899209,9.19519538,-4.2261903124,-8.2335426384,-0.6623589520099997,-1.8846250684999992,46.90638948799968,-61.71229537790004,7.37794059790014,-15.051350631599918
13,GLY,0.498,0.2754424778761062,0.8932899999999999,0.90303,0.40697,0,0.0,0,0.0,0.4556,0.0,1.0,0.5062,2.36634899,4.602560990000001,6.586532399999999,8.2116696,-3.4955712625100013,-6.803104792130003,-0.558224385684,-1.58689868918,41.80256020100013,-75.07904664465977,6.561020125700102,-17.607858608939978
14,ASN,0.154,0.0629856850715746,1.90439,1.55983,0.7311699999999999,0,0.0,0,0.0,0.1111,0.3976,0.6747,0.8272,2.78517997,5.42445752,7.780612759999999,9.73320352,-3.000262675000001,-5.847996460799999,-0.4657062925599999,-1.32555398353,42.98175552900045,-64.94541277459986,6.416207277400051,-14.603733349129971
15,ALA,0.027,0.0123796423658872,0.99563,1.28239,0.87161,0,0.0,0,0.0,0.7,0.1645,0.249,0.3951,2.50515891,4.87031809,6.96433305,8.67314108,-1.9918201462213008,-3.877628128158852,-0.3150165760895758,-0.8953694311905942,40.42678125199966,-58.15115457691672,6.318405262400028,-13.751722458927215
16,ALA,0.75,0.3438789546079779,1.14624,0.93541,0.4955900000000001,0,0.0,1,0.0714285714285714,0.7,0.1645,0.249,0.3951,2.0894005900000003,4.07241371,5.848959100000001,7.331131509999998,-1.1675655343,-2.2716114857000003,-0.1870433658600001,-0.53144970625,38.342485946000224,-32.70137385149993,6.031238288500013,-7.709166200829963
17,LEU,0.683,0.2569601203912716,2.16935,1.5451799999999998,0.4298200000000001,0,0.0,1,0.0833333333333333,0.9222,0.663,0.2811,0.0,1.95001549,3.800220489999999,5.45679424,6.83747281,-1.3618137891499995,-2.6526548136400008,-0.21349778013,-0.6072028620500001,28.42942938600036,-41.31467292109995,4.244116137400009,-9.313644859200002
18,ASN,1.526,0.6241308793456033,2.43111,0.8230999999999999,0.0958999999999998,0,0.0,1,0.2,0.1111,0.3976,0.6747,0.8272,0.83414838,1.61648729,2.29901285,2.84101683,-1.3773640398,-2.6703329163,-0.23327053491,-0.66058816639,18.43104702300002,-27.801694300300007,2.8164730253999744,-6.4767734412800335
19,ARG,2.383,0.710706829704742,3.82231,0.92572,0.0442800000000002,0,0.0,0,0.0,0.0,0.7346,0.9398,0.6914,0.69431802,1.3408064599999998,1.89536935,2.32105964,-0.9861353914,-1.918414944,-0.1587942305,-0.4512965822,11.697678470000088,-21.908635631999907,1.9153579410000028,-5.139117855200002
20,GLY,0.781,0.4319690265486726,0.90422,0.8597999999999999,0.1672000000000002,0,0.0,0,0.0,0.4556,0.0,1.0,0.5062,0.6945722400000001,1.3427857399999998,1.90184061,2.33575242,-0.6780699371,-1.3181777783,-0.10952937557,-0.3108031382,8.252889880000005,-12.519071972000008,1.2687498685000018,-2.965676606299999
21,GLY,0.723,0.3998893805309734,1.05284,0.69742,0.3875799999999999,0,0.0,3,0.5,0.4556,0.0,1.0,0.5062,0.6939923100000001,1.33824513,1.88690323,2.30155307,-0.38864139115,-0.7524984991999999,-0.06787888994,-0.19221742328,4.585097267999998,-6.709827169599993,0.8181034150000001,-1.7722500389200009
22,ARG,1.977,0.5896212347151805,3.70327,1.10333,0.2726700000000002,0,0.0,3,0.75,0.0,0.7346,0.9398,0.6914,0.69451546,1.34234965,1.90043605,2.33262945,-0.4222886825,-0.8203209879999999,-0.06950018645,-0.19720835424,6.203940426999974,-9.889237828499992,0.9958889226,-2.392680834349993
23,TYR,1.936,0.568075117370892,4.11219,1.06602,0.40598,0,0.0,4,1.0,0.3556,0.8063,0.502,0.1605,0.8339803600000001,1.61517488,2.29470591,2.83118752,-0.899372033,-1.7553008040000002,-0.1357474974,-0.3867159967,8.487011956999963,-19.167644292999988,1.3164760479000028,-4.398740074699997
24,VAL,1.312,0.5388090349075976,1.95091,0.99386,0.12914,1,0.2,4,0.8,0.9667,0.4924,0.3655,0.1235,0.97316077,1.88575933,2.6815563,3.31261176,-0.8737910911,-1.7020911308000002,-0.13720038373,-0.39028690335,8.527427944000026,-15.753350299399996,1.3178496356000005,-3.607099221099991
25,PRO,1.041,0.4668161434977578,1.88349,0.97975,0.20925,1,0.166666666666667,1,0.166666666666667,0.3222,0.3764,0.8594,0.3827,1.25278766,2.4368597,3.48799659,4.35062544,-0.94201304134,-1.83475185263,-0.14780092633,-0.4202640295469999,10.770974556000004,-19.82430049534001,1.634599846499994,-4.49780286091801
26,PRO,0.577,0.2587443946188341,1.7299600000000002,1.411,0.242,4,0.307692307692308,0,0.0,0.3222,0.3764,0.8594,0.3827,1.39044309,2.6955636,3.83596938,4.7436725,-0.8346297080000001,-1.624697531,-0.1318757704499999,-0.37473226,12.04940152300004,-18.429712702999947,1.9769947617999943,-4.27801080150001
27,HIS,0.825,0.298372513562387,2.8360700000000003,1.4819700000000002,0.4580299999999999,2,0.153846153846154,0,0.0,0.1444,0.561,0.1124,0.679,1.6711011799999995,3.25469395,4.6686748,5.841357150000001,-1.16491518352,-2.27785353914,-0.1701269769839999,-0.4856989218300001,16.77053958399994,-19.42460797033996,2.330295093499991,-4.080909991569998
28,LEU,1.412,0.5312264860797592,2.43993,1.0996400000000002,0.1463599999999998,1,0.166666666666667,0,0.0,0.9222,0.663,0.2811,0.0,1.11251749,2.15774291,3.0730762299999994,3.80493257,-1.2318863156999993,-2.3824067173000003,-0.2181832244,-0.6170443228,13.366180654999956,-21.052195781199945,2.348626959399976,-5.795418074299999
29,ARG,1.797,0.5359379660005964,3.61149,1.37918,0.1768200000000002,0,0.0,0,0.0,0.0,0.7346,0.9398,0.6914,1.2526923,2.4361118200000003,3.4855319,4.344969799999999,-2.2567578947700007,-4.3980982271,-0.3503316244360001,-0.996718534875,22.87827481799989,-33.904732494529924,3.4782896843999924,-7.670060022054994
30,GLY,0.523,0.2892699115044247,0.92562,0.79897,0.4860300000000002,0,0.0,0,0.0,0.4556,0.0,1.0,0.5062,1.5313639100000005,2.97974182,4.26742744,5.32688343,-1.9594300846000008,-3.8193345179999993,-0.3055089592699999,-0.8699619372400001,28.50093939900045,-29.56038570550016,4.332233545100002,-6.894099820520025
31,GLY,0.597,0.3301991150442477,0.8866200000000001,0.8617699999999999,0.3492300000000001,0,0.0,0,0.0,0.4556,0.0,1.0,0.5062,1.66946263,3.24188306,4.6265903,5.745187990000001,-2.2084704709,-4.285085216800001,-0.37363180107,-1.06006348,33.52603515699991,-43.75788070000021,5.490598555400054,-11.145334767799993
32,ASP,0.713,0.2659455427079448,2.06237,1.3683200000000002,0.5996799999999998,0,0.0,0,0.0,0.1111,0.3239,0.8675,1.0,1.66900478,3.23835963,4.61521122,5.719784060000001,-2.32408281464,-4.512808479269999,-0.3858419909810001,-1.0947044564839996,37.943880451,-56.07280196223988,6.011471693999959,-13.661998663126065
33,GLY,0.364,0.2013274336283185,0.6853400000000001,0.91695,0.5270499999999999,0,0.0,0,0.0,0.4556,0.0,1.0,0.5062,2.0868152600000003,4.05228104,5.78310076,7.18148348,-2.1244944581000005,-4.1326405146,-0.3436196167699999,-0.9767830392,41.0014333930004,-42.20120985589986,6.575281756600044,-10.331042363600003
34,GLY,0.159,0.0879424778761061,0.7960699999999999,1.01495,0.63405,1,0.025,0,0.0,0.4556,0.0,1.0,0.5062,2.50450282,4.8652202,6.947688220000001,8.635405619999998,-2.4742651473000006,-4.812888585199996,-0.39753339274,-1.1292002926000002,43.37489666000052,-53.84022294220006,6.77573845460013,-12.943540291700025
35,ALA,0.397,0.182026593305823,1.23496,1.12153,0.6624700000000001,4,0.121212121212121,0,0.0,0.7,0.1645,0.249,0.3951,2.9243296600000006,5.694785109999999,8.166557529999999,10.2123641,-3.957347157900001,-7.712522166599998,-0.6172625700260002,-1.75707148867,46.691804089,-65.18983180130014,7.190151963099972,-15.067771081740084
36,ALA,0.513,0.2352132049518569,1.19406,1.01954,0.6484600000000003,3,0.166666666666667,0,0.0,0.7,0.1645,0.249,0.3951,2.7874273,5.44199974,7.838134580000001,9.86432396,-3.926178357114001,-7.647767738519994,-0.6167990331179998,-1.754546809332,45.701767686,-47.942122198500016,7.069245235200037,-11.920901547480067
37,ALA,0.246,0.1127922971114167,1.19891,1.15864,0.7763600000000002,5,0.208333333333333,0,0.0,0.7,0.1645,0.249,0.3951,2.92577745,5.706100170000002,8.203711799999999,10.297218599999995,-5.112013650881003,-9.959147295117008,-0.8004995305638,-2.2773186270000005,40.23051086399976,-45.02531439779307,6.303111261999967,-10.950895463900004
38,ALA,0.303,0.1389270976616231,0.97799,1.18319,0.6948100000000001,2,0.0740740740740741,0,0.0,0.7,0.1645,0.249,0.3951,3.76347731,7.350202660000002,10.59293217,13.34283828,-6.499933487577995,-12.704969617619993,-0.9547645173692998,-2.724257346587003,32.71026219400039,-33.29129538812993,4.916513760500042,-7.823010184695012
39,ALA,0.277,0.1270059605685465,1.08408,1.1959700000000002,0.7080299999999997,1,0.0384615384615385,0,0.0,0.7,0.1645,0.249,0.3951,2.64537073,5.14892909,7.377420600000001,9.214123149999995,-5.1645091365510405,-10.040039355545696,-0.8412349336555698,-2.389232231068658,36.34555127600017,-47.5762748031914,6.004593677799996,-11.877536965307328
40,SER,0.493,0.2265624999999999,1.44253,1.1899399999999998,0.4930600000000005,1,0.0333333333333333,0,0.0,0.4111,0.1877,0.8514,0.5309,2.36627618,4.6019822800000005,6.584597050000001,8.20714127,-4.576929406590001,-8.902688026720002,-0.7415959596559997,-2.10811336335,44.08818630800009,-50.57983848381981,7.199656603500055,-12.86347784005996
41,ALA,0.945,0.4332874828060522,1.33801,0.82745,0.4085500000000002,2,0.0769230769230769,0,0.0,0.7,0.1645,0.249,0.3951,2.92644567,5.71137173,8.2211933,10.33766979,-4.853729785938001,-9.485213887024,-0.7185909010645004,-2.0506274929685984,51.828300847999856,-49.73687536350004,7.387656881500006,-10.826262316332096
42,GLY,0.558,0.3086283185840708,0.82391,0.8567600000000001,0.3932399999999999,0,0.0,0,0.0,0.4556,0.0,1.0,0.5062,1.3911596300000002,2.7011416,3.854208330000001,4.78509045,-2.5921489468,-5.035443087799998,-0.4272772786759998,-1.21263447661,42.75431009300019,-49.33487239680002,6.9171705712001295,-12.293359395170018
43,GLY,0.592,0.327433628318584,0.8338599999999999,0.87858,0.3374200000000001,0,0.0,0,0.0,0.4556,0.0,1.0,0.5062,1.6707978200000002,3.25234855,4.661063400000001,5.82425255,-2.7599875765999995,-5.385542423000002,-0.41916996077,-1.1941816762300002,39.47005715000031,-58.44225221060014,5.9653737787999805,-13.518252878900048
44,ASP,0.986,0.3677732189481537,2.24862,1.18554,0.50946,0,0.0,0,0.0,0.1111,0.3239,0.8675,1.0,1.2525412,2.43494971,3.48178331,4.33661701,-2.0825106239,-4.0697368805,-0.3067516592399999,-0.87501587116,28.58322068800007,-52.45971601399999,4.276754779700046,-11.584078241080086
45,ASP,1.207,0.4502051473330847,2.43588,0.81629,0.65771,0,0.0,0,0.0,0.1111,0.3239,0.8675,1.0,0.6944787600000001,1.34205266,1.89942612,2.33021485,-1.261344856,-2.4387636590000006,-0.2234445661,-0.6315431065,16.86709565600016,-40.77820524500002,2.8593132310999807,-10.188699763000018
46,ARG,1.317,0.3927825827617059,3.5665,1.7601400000000005,0.27586,0,0.0,0,0.0,0.0,0.7346,0.9398,0.6914,1.2530818,2.43918398,3.49571818,4.36853707,-0.8566036811000001,-1.6732845615999994,-0.12727931899,-0.3629396340499999,13.988653649000112,-30.772442316000003,2.1646820490000107,-7.117429726599985
47,ARG,2.418,0.7211452430659111,3.81024,0.99661,-0.0616099999999999,0,0.0,0,0.0,0.0,0.7346,0.9398,0.6914,0.97392491,1.89174495,2.70125713,3.3577466,-0.7459089878499999,-1.4560766486999996,-0.1119051808249999,-0.318777891632,11.832347304000027,-28.38821002679988,1.7811443858000076,-6.197295853541985
48,GLY,0.944,0.5221238938053097,0.98857,0.69072,0.1732800000000001,1,0.2,2,0.4,0.4556,0.0,1.0,0.5062,0.83414344,1.61643931,2.29882169,2.84047641,-0.3736138571,-0.7208693307399999,-0.068305566777,-0.19277033492,5.923207444000009,-9.818032441799996,1.0057849708999975,-2.529981612039996
49,GLY,0.652,0.3606194690265487,0.95733,0.8981100000000001,0.25789,2,0.2,7,0.7,0.4556,0.0,1.0,0.5062,1.11254996,2.15798628,3.07383633,3.80654787,-0.23144638,-0.4530693155999999,-0.03322487758,-0.09500041795,6.414304783999994,-6.10370733760001,0.9203609230000012,-1.2624226291999987
50,ALA,1.063,0.4873911049977074,1.3212700000000002,0.81841,0.2995900000000001,2,0.333333333333333,5,0.833333333333333,0.7,0.1645,0.249,0.3951,1.11328104,2.16371124,3.09267579,3.84969911,-0.1614362614,-0.3169279308,-0.02163251326,-0.0620057438,6.419627824000002,-2.5626470451999994,0.866504288400002,-0.5025136775799997
51,GLY,0.758,0.4192477876106195,0.92525,0.7499399999999999,0.3000600000000001,1,0.166666666666667,5,0.833333333333333,0.4556,0.0,1.0,0.5062,0.83384741,1.61413724,2.2913029,2.8234286,-0.4572747902,-0.8858693016,-0.0785353847499999,-0.2223126249999999,5.17886830800001,-9.232106079999994,0.8669420326000005,-2.3282140743000026
52,GLY,0.761,0.4209070796460177,0.92629,0.8387000000000001,0.2083,1,0.166666666666667,5,0.833333333333333,0.4556,0.0,1.0,0.5062,0.83370931,1.61304545,2.2876751200000003,2.81501291,-0.5731290553,-1.11848243045,-0.0867385193939999,-0.24710884155,4.284008421999997,-6.605344487210009,0.6557317931999999,-1.4944153686799968
53,GLY,0.692,0.3827433628318584,0.95222,0.77481,0.3411900000000001,1,0.2,3,0.6,0.4556,0.0,1.0,0.5062,0.97353814,1.8887168,2.6912959999999995,3.33494281,-0.3503560175,-0.6794024183,-0.05922315606,-0.1677798061,4.871625602000001,-3.2463787334999963,0.7633350386000002,-0.8254259858999986
54,GLY,0.589,0.3257743362831858,0.86768,0.81628,0.4027200000000001,1,0.125,4,0.5,0.4556,0.0,1.0,0.5062,1.39235496,2.7104850600000003,3.8848903800000008,4.855166129999999,-0.460296965,-0.887454808,-0.0845284052399999,-0.2382757250999999,6.324087580000002,-8.426817224999999,0.9884228005999984,-2.203261422500004
55,TYR,2.032,0.5962441314553991,3.98942,1.25563,0.1203699999999998,3,0.6,3,0.6,0.3556,0.8063,0.502,0.1605,1.2528361600000002,2.4372447800000003,3.48928078,4.353620799999999,-1.18136768452,-2.30873127841,-0.172784252304,-0.4925757168460001,15.28052061300011,-28.43378424969996,2.066124584599989,-5.509355913224986
56,ARG,2.419,0.7214434834476587,4.00701,0.86974,0.0642600000000002,2,0.5,2,0.5,0.0,0.7346,0.9398,0.6914,0.8338632,1.61426651,2.29174887,2.82451328,-0.901085775,-1.7580486735,-0.1373635559,-0.3913175114,8.521856234000051,-14.377837635900027,1.3642184720000008,-3.166686817299998
57,ARG,2.676,0.7980912615568148,3.97781,0.6878599999999999,-0.0108599999999998,2,0.5,2,0.5,0.0,0.7346,0.9398,0.6914,0.55503618,1.06940595,1.50575604,1.83306823,-0.9568333285,-1.8518563387,-0.1674457474,-0.473773926,7.841591722999988,-17.872913916399977,1.3627983262000023,-4.729930464400001
58,GLY,0.767,0.4242256637168141,1.04462,0.7246799999999999,0.31632,3,0.375,3,0.375,0.4556,0.0,1.0,0.5062,0.97306926,1.88505446,2.67927818,3.30752189,-1.7364045338000005,-3.379142482700001,-0.27696507874,-0.7870887367000001,25.226728671999616,-45.59819731919983,3.9065295989999593,-10.530426910300005
59,GLY,0.661,0.3655973451327434,0.99975,0.79671,0.35029,1,0.0833333333333333,3,0.25,0.4556,0.0,1.0,0.5062,1.81061164,3.52788437,5.06417411,6.342816359999999,-2.0184980824400003,-3.9389063471,-0.3067489049409998,-0.87406050397,46.68761530200057,-59.99815691870031,7.181359813600065,-13.98719073853992
60,GLY,0.586,0.3241150442477876,0.90985,0.8094700000000001,0.4125299999999998,2,0.0769230769230769,3,0.115384615384615,0.4556,0.0,1.0,0.5062,2.22750941,4.33468776,6.208745120000001,7.751432029999998,-2.580481483750001,-5.035622624600001,-0.3921464386704998,-1.1174253952890003,43.32883885900037,-67.9689708174004,6.502719466700119,-15.300846606461027
61,ASN,0.741,0.3030674846625767,2.08645,1.27223,0.4317699999999997,0,0.0,0,0.0,0.1111,0.3976,0.6747,0.8272,2.08489424,4.03733146,5.734231250000001,7.070543860000001,-2.2710097285100006,-4.4112936005,-0.3754630168440001,-1.0657133614299998,43.39785784199941,-62.47122339669959,7.27262659319999,-15.076587685069926
62,SER,0.493,0.2265624999999999,1.26724,1.1801199999999998,0.5028800000000004,0,0.0,2,0.0526315789473684,0.4111,0.1877,0.8514,0.5309,2.92353831,5.688764740000002,8.14735236,10.17022235,-2.7057752975500007,-5.290680251199999,-0.3942688292599998,-1.1253000045,42.44780665500021,-58.88386367020019,6.1533727094000525,-12.744046131649943
63,GLY,0.855,0.4728982300884956,0.94543,0.701,0.2520000000000001,0,0.0,4,0.19047619047619,0.4556,0.0,1.0,0.5062,2.50821831,4.89419768,7.042638430000001,8.85165498,-1.4685264425500002,-2.869025221469998,-0.2179701336950001,-0.6216934351799999,48.33046835599971,-43.66364804218015,7.166686498000113,-9.412996304779954
64,GLY,0.291,0.1609513274336283,0.70911,1.01429,0.5027100000000002,2,0.0645161290322581,6,0.193548387096774,0.4556,0.0,1.0,0.5062,2.0859818,4.045838830000001,5.76218431,7.13442619,-2.5168171745000008,-4.883633083599999,-0.42249911241,-1.1978972543999995,45.41518652700016,-63.6422127306006,7.452680931100015,-15.736668290600042
65,GLY,0.087,0.0481194690265486,0.71616,1.1524900000000002,0.5685099999999998,0,0.0,5,0.104166666666667,0.4556,0.0,1.0,0.5062,2.36341634,4.579740350000002,6.5119421000000015,8.042373,-2.6889967045,-5.214079699199999,-0.4578272160900001,-1.2977784847199998,43.59280529900003,-56.53117068040035,7.304529035800121,-14.69142448187997
66,GLY,0.617,0.3412610619469026,0.84379,0.82494,0.36606,3,0.0882352941176471,4,0.117647058823529,0.4556,0.0,1.0,0.5062,2.9250573,5.700463080000001,8.185166160000001,10.254750639999996,-3.44799657504,-6.733833049019999,-0.5185352501789998,-1.4791956570760003,49.11199079599986,-57.90183671181991,7.366519947000116,-12.613549203629931
67,GLY,0.159,0.0879424778761061,0.80746,0.95938,0.68962,8,0.210526315789474,4,0.105263157894737,0.4556,0.0,1.0,0.5062,2.785140960000001,5.4241868900000005,7.779841910000002,9.73180328,-3.7622594039,-7.347144390899998,-0.562386464495,-1.60326707012,46.289943707999775,-52.3403905727,6.834887569800045,-11.352605677379916
68,GLY,0.127,0.0702433628318584,0.61462,1.0374100000000002,0.6435899999999999,6,0.153846153846154,6,0.153846153846154,0.4556,0.0,1.0,0.5062,2.64385031,5.13717655,7.33927409,9.12835495,-3.114114343066998,-6.06531188591,-0.4907488166437,-1.3960691403880003,44.52162039199968,-64.22206225152976,6.898446244100072,-15.002171755663957
69,GLY,0.789,0.4363938053097345,0.99198,0.6813,0.3377000000000001,2,0.125,3,0.1875,0.4556,0.0,1.0,0.5062,1.6693446799999998,3.2410269200000004,4.624000720000001,5.73994569,-2.9948375377000005,-5.818719424999998,-0.4914867794600001,-1.3948674036,40.559007801000256,-63.48913397240031,6.573861060899992,-15.90179042160004
70,TYR,0.634,0.1860328638497652,3.00628,2.03634,0.73766,3,0.25,3,0.25,0.3556,0.8063,0.502,0.1605,1.2515641900000003,2.4272810400000004,3.4564875200000005,4.27849342,-2.5934367284600004,-5.0388617024599975,-0.4280227703960001,-1.2154509548479997,35.19418927000015,-52.59973686910018,5.614413303500042,-12.836423832769928
71,ASP,1.386,0.5169712793733681,2.41896,0.7973899999999999,0.4976100000000002,1,0.166666666666667,2,0.333333333333333,0.1111,0.3239,0.8675,1.0,0.97372869,1.89019894,2.69613674,3.3459175400000003,-1.50113086195,-2.92716239437,-0.23033850351,-0.6555914736899999,23.377222248000137,-36.68501958859,3.636772638299953,-8.45658832683
72,ARG,0.978,0.2916790933492394,3.12306,1.80977,0.5652299999999999,1,0.125,3,0.375,0.0,0.7346,0.9398,0.6914,0.8337161200000001,1.61308569,2.2877603,2.81506174,-1.0420901325999996,-2.0294970624,-0.16524527139,-0.4702211701,21.13030720800016,-20.37327421990016,3.3832371078000083,-4.736911818700012
73,GLY,0.71,0.3926991150442477,0.90508,0.84939,0.2486100000000001,1,0.166666666666667,2,0.333333333333333,0.4556,0.0,1.0,0.5062,0.8342018499999999,1.61689871,2.30034053,2.84397661,-1.23028256326,-2.4023869196,-0.18422197877,-0.52514098535,17.11905003499998,-29.48513239050011,2.423742142899995,-6.263310429059996
74,TYR,1.825,0.5355046948356808,3.87723,1.07494,0.50806,2,0.5,3,0.75,0.3556,0.8063,0.502,0.1605,0.6942809000000001,1.3405051099999998,1.89434047,2.31858872,-0.744644696,-1.4386444500000002,-0.1334158865999999,-0.3768628809999999,7.810637736000014,-19.188801212999973,1.2873923298000034,-4.723577715999996
75,ASN,1.053,0.4306748466257669,2.16268,1.19452,0.1974799999999998,1,0.2,2,0.4,0.1111,0.3976,0.6747,0.8272,0.8339844700000001,1.61519331,2.2947175900000003,2.83106505,-0.414038236,-0.8030469765,-0.06990406,-0.1980957961,4.2717258349999945,-10.149739316900009,0.7576964638999987,-2.683360506100001
76,ASP,0.795,0.2965311450951137,2.20973,1.08595,0.8000500000000001,1,0.25,2,0.5,0.1111,0.3239,0.8675,1.0,0.69408357,1.33897541,1.88936172,2.30735391,-0.442673321,-0.8601038639999999,-0.0730139188999999,-0.2073363432999999,3.136752789999999,-8.627045896999999,0.5470420370000001,-2.1970305665999983
77,ASN,1.571,0.6425357873210634,2.50799,0.77386,0.1001399999999999,0,0.0,0,0.0,0.1111,0.3976,0.6747,0.8272,0.55503618,1.06940595,1.50575604,1.83306823,-0.4659151689999999,-0.900578255,-0.0830623107,-0.234763444,1.5683122529999989,-4.7418154,0.2728446807999999,-1.2041063650000003
78,ARG,1.748,0.5213241872949597,3.46719,1.33356,0.2714400000000001,0,0.0,1,0.2,0.0,0.7346,0.9398,0.6914,0.83356597,1.6119306,2.28403328,2.80675404,-0.384321652,-0.747439888,-0.0621930475,-0.1767026376,1.728564035,-4.352838527999998,0.2734279556,-1.0153069046
79,ASP,1.228,0.4580380455054084,2.57417,0.87831,0.57469,0,0.0,0,0.0,0.1111,0.3239,0.8675,1.0,0.97342798,1.88786165,2.6885078300000003,3.32863559,-0.4112502959999999,-0.802777496,-0.0621357551,-0.177109236,2.0055289999999983,-4.675265727999998,0.2970120631999998,-0.9810165959999994
80,ASP,1.337,0.4986945169712793,2.6014600000000003,0.7424900000000001,0.60151,0,0.0,0,0.0,0.1111,0.3239,0.8675,1.0,0.69441255,1.34154602,1.89780084,2.32662242,-0.3144527733,-0.6095709880000001,-0.0536267561,-0.151929595,2.121611107000001,-1.1619539965000023,0.3285400538999998,-0.2953245596000001
81,ARG,2.557,0.7626006561288398,4.05588,0.7992100000000001,-0.0032099999999998,0,0.0,0,0.0,0.0,0.7346,0.9398,0.6914,0.8340217400000001,1.61550861,2.29583783,2.83388455,-0.4745364467999999,-0.9227892055,-0.0767645532999999,-0.2180472966,2.9882864220000034,-2.432854933,0.4465175510999998,-0.6185472896
82,ASP,0.762,0.2842223051100335,2.33275,1.2804,0.6386000000000001,0,0.0,0,0.0,0.1111,0.3239,0.8675,1.0,0.8335468800000001,1.6117764799999998,2.2835095,2.80550217,-0.3503428981,-0.6810102185,-0.05717732241,-0.1623691972999999,4.119194856,-1.632661965100005,0.6931979568000006,-0.4492694473000007
83,ASN,1.504,0.6151329243353784,2.54447,0.78894,0.1520599999999998,0,0.0,0,0.0,0.1111,0.3976,0.6747,0.8272,0.97364979,1.88959714,2.694214,3.3416921800000003,-0.46173628,-0.9014220200000002,-0.0689798784,-0.1964710828,4.957580629999988,-8.270746580999996,0.7141881228,-1.688324753
84,ARG,2.14,0.6382344169400537,3.75655,1.05587,0.15713,0,0.0,0,0.0,0.0,0.7346,0.9398,0.6914,0.8341341899999999,1.61638191,2.29868575,2.84032832,-0.3859932793999999,-0.7526119441,-0.0592170128849999,-0.16851876571,4.909708362000007,-7.050557086000001,0.7748933583000002,-1.5599469970799995
85,GLY,0.716,0.3960176991150442,0.9687,0.77471,0.31729,0,0.0,1,0.166666666666667,0.4556,0.0,1.0,0.5062,0.8339056699999999,1.6145834499999998,2.29273654,2.82660534,-0.6391667205,-1.2482300816999998,-0.0958503202,-0.2733366840999999,5.931108598000024,-12.255600219600009,0.938641188100001,-2.6554523638000034
86,GLY,0.917,0.5071902654867256,0.94981,0.75848,0.1325199999999999,0,0.0,2,0.333333333333333,0.4556,0.0,1.0,0.5062,0.83398489,1.61519746,2.29473443,2.83111242,-0.5562834507000001,-1.0806638873,-0.09144538814,-0.2594767647,8.44326687699999,-14.289351664300035,1.3491113113999988,-3.5435887820000067
87,SER,1.437,0.6603860294117647,1.59013,0.6268799999999999,0.1121200000000002,0,0.0,2,0.285714285714286,0.4111,0.1877,0.8514,0.5309,1.11358869,2.16612419,3.10062819,3.86795096,-1.07381231453,-2.1004712878,-0.15472520683,-0.44163853712,15.338005968999951,-26.7872767148,2.256432838999992,-5.651869125190003
88,GLY,0.835,0.4618362831858407,1.03645,0.72466,0.2483400000000001,1,0.0769230769230769,5,0.384615384615385,0.4556,0.0,1.0,0.5062,1.25231894,2.43317373,3.47581378,4.32255767,-1.960514504,-3.8260906655,-0.29848417104,-0.8507759703400001,22.41310596,-38.1363388813997,3.367902927999994,-8.522696698289947
89,GLY,0.831,0.4596238938053097,1.00919,0.70469,0.27231,1,0.142857142857143,4,0.571428571428571,0.4556,0.0,1.0,0.5062,1.39312556,2.7165288599999995,3.9048112,4.90089393,-1.69607227352,-3.325371215540001,-0.2317417427649999,-0.66281293814,25.30435505700011,-29.99776473251999,3.562187120299981,-6.172407495440016
90,TYR,1.869,0.5484154929577465,3.89202,1.13723,0.4017699999999999,1,0.25,3,0.75,0.3556,0.8063,0.502,0.1605,0.97363443,1.88947177,2.69378317,3.34064794,-1.24570185664,-2.4320705939,-0.1865556100529999,-0.53154582835,16.98651549900013,-26.087999535200048,2.529793084099997,-5.513057842339982
91,GLY,0.667,0.3689159292035398,0.93748,0.8457600000000001,0.2952399999999999,0,0.0,3,0.5,0.4556,0.0,1.0,0.5062,0.97395956,1.89201517,2.70214242,3.359763,-1.5996197633000002,-3.1219715919999995,-0.2418106720999999,-0.6889286245999998,16.975955771000052,-35.26370786899994,2.6227322486000104,-8.257700016799982
92,ARG,2.333,0.6957948106173576,4.00902,0.8888,0.1311999999999999,0,0.0,1,0.142857142857143,0.0,0.7346,0.9398,0.6914,0.97341486,1.88776241,2.68819465,3.32796042,-1.5725575224099997,-3.0634009134,-0.245582751844,-0.6983520549860003,24.666964461999736,-40.38400259300014,3.891098878800032,-9.634134692283988
93,ASP,1.001,0.3733681462140992,2.3397900000000003,1.0415,0.6385000000000001,0,0.0,0,0.0,0.1111,0.3239,0.8675,1.0,1.53186027,2.98362291,4.280177210000001,5.356018699999999,-2.4527407680999995,-4.783933631400002,-0.3740584213700001,-1.0647743431600003,34.44923151999991,-49.26082128949975,5.087771413100038,-11.086045303900011
94,ARG,1.579,0.4709215627796003,3.59064,1.43386,0.3401400000000003,0,0.0,0,0.0,0.0,0.7346,0.9398,0.6914,2.36930396,4.6256804,6.66253211,8.3854965,-3.1034941412159984,-6.0659226081699975,-0.4568292803936,-1.3035535668870002,47.30707792599997,-52.73211585342502,7.031281659999999,-12.111544478340042
95,ASN,0.18,0.0736196319018405,1.97059,1.6713599999999995,0.5936400000000002,3,0.130434782608696,0,0.0,0.1111,0.3976,0.6747,0.8272,2.3676199,4.61248938,6.61911714,8.28603648,-3.705485179350001,-7.21901480943,-0.57987773017,-1.64963804031,47.68730164300017,-62.687860625760266,7.204304718900064,-14.249215923710024
96,TYR,0.243,0.0713028169014084,3.0468,2.1518299999999995,1.0131700000000006,11,0.392857142857143,1,0.0357142857142857,0.3556,0.8063,0.502,0.1605,2.78568115,5.4283658500000005,7.79341253,9.76233029,-3.5536004250000004,-6.941262551,-0.5313763236800001,-1.5158258059999998,43.670242163000175,-47.685292495599846,6.687168749000033,-10.779711696699982
97,GLU,0.973,0.3566715542521994,2.50203,1.37357,0.3814300000000004,4,0.222222222222222,1,0.0555555555555556,0.1111,0.4884,0.8112,0.9136,2.08899669,4.069261320000001,5.83862415,7.30757882,-3.742398179919999,-7.2873567595,-0.5901798212270001,-1.6780098384600002,42.59965961999963,-49.1771669075002,6.55163545990006,-11.75139760314999
98,ASP,0.387,0.144349123461395,2.03643,1.4272900000000004,0.8667099999999996,2,0.105263157894737,0,0.0,0.1111,0.3239,0.8675,1.0,2.08877263,4.067506679999999,5.832847740000001,7.294343,-4.268643044530002,-8.3116385471,-0.6761150754349998,-1.92289140122,45.76258421300022,-41.00895627567979,6.905645734700085,-9.628776484729986
99,ARG,1.953,0.5824634655532359,3.83286,1.13967,0.2603300000000002,2,0.111111111111111,3,0.166666666666667,0.0,0.7346,0.9398,0.6914,2.22885427,4.34519056,6.24320896,7.8300740599999985,-4.056564132330002,-7.910626801149999,-0.6239437799750003,-1.7766911285300004,43.18814149599969,-43.29242535710011,6.305589221200024,-9.998189843981958
100,GLY,0.265,0.1465707964601769,0.63953,0.8859,0.6571000000000001,7,0.2,9,0.257142857142857,0.4556,0.0,1.0,0.5062,2.086449,4.04936365,5.773335519999999,7.158619809999999,-3.4593662409,-6.702363423550003,-0.5984012323540001,-1.6955702171699991,40.755171072999694,-58.89327897445029,6.963451278500038,-15.563728110329976
101,TYR,0.299,0.0877347417840375,2.8787000000000003,2.1817300000000004,0.9272699999999996,11,0.333333333333333,4,0.121212121212121,0.3556,0.8063,0.502,0.1605,2.08664037,4.05084645,5.778161540000001,7.169510280000001,-3.010170648984,-5.829249296720005,-0.5229437588479996,-1.480690552564,36.60058832400032,-52.2968572417001,6.218432760900072,-13.737115747860042
102,ASN,0.279,0.1141104294478527,1.88974,1.6021899999999998,0.5638100000000001,6,0.153846153846154,3,0.0769230769230769,0.1111,0.3976,0.6747,0.8272,3.3445059900000005,6.527241160000001,9.39546693,11.813919449999997,-3.761341144340001,-7.339788253959997,-0.5707049514870001,-1.625845189445,37.12238590600014,-33.064397169400046,5.516774441200049,-7.63989198145996
103,GLY,0.094,0.0519911504424778,0.69988,1.11129,0.6027100000000001,3,0.0612244897959184,5,0.102040816326531,0.4556,0.0,1.0,0.5062,3.20130435,6.225310390000001,8.905957410000003,11.098853900000002,-3.463268223071,-6.730903933754001,-0.5646950057028001,-1.6028387507490007,40.075879755,-18.016551257944016,6.279236685700052,-4.616891919818988
104,GLY,0.167,0.0923672566371681,0.6735099999999999,1.0261,0.6149,6,0.142857142857143,3,0.0714285714285714,0.4556,0.0,1.0,0.5062,3.203035210000001,6.238706039999999,8.949499130000001,11.196946039999998,-3.7463032537999976,-7.291004000299998,-0.5992749270899999,-1.70383806369,47.32347066700033,-41.832874710799786,7.583695238499995,-11.044264801299974
105,GLY,0.087,0.0481194690265486,0.60471,1.03825,0.6827500000000002,4,0.108108108108108,11,0.297297297297297,0.4556,0.0,1.0,0.5062,2.08651505,4.049893770000001,5.775125060000001,7.162855509999999,-3.22854454456,-6.270441741299999,-0.53512142628,-1.5188035996499998,42.64765164200027,-69.81962119859986,6.871186009000017,-17.241116529870126
106,GLY,0.888,0.4911504424778761,0.95613,0.73422,0.18578,1,0.0666666666666667,6,0.4,0.4556,0.0,1.0,0.5062,1.53161911,2.98172804,4.27391986,5.341619099999999,-3.2302437125000005,-6.316030229599997,-0.4715399594399999,-1.3459332059999998,43.812449008000826,-89.63957695040051,6.468728760700015,-19.62370996489992
107,GLY,0.506,0.2798672566371681,0.91252,0.87549,0.42651,0,0.0,6,0.461538461538462,0.4556,0.0,1.0,0.5062,1.11232907,2.1562805,3.06830822,3.79414859,-2.6542315395000013,-5.175819831099999,-0.4096795589899998,-1.1668524898100003,41.233167022000224,-70.04604276539955,6.64737200630002,-16.598787676260066
108,GLY,0.928,0.5132743362831859,0.90823,0.7204599999999999,0.1595400000000001,0,0.0,5,0.5,0.4556,0.0,1.0,0.5062,1.11296445,2.16123086,3.08451001,3.83098525,-2.1235035524750003,-4.123682983843,-0.3501422031845999,-0.9929062185737002,41.087638096999726,-46.90693199313995,6.816237113199897,-12.132394387324831
109,GLY,0.306,0.1692477876106194,0.78928,0.96776,0.53424,0,0.0,7,0.318181818181818,0.4556,0.0,1.0,0.5062,2.787399,5.44181906,7.83768395,9.86373217,-3.231036682840001,-6.310671301650002,-0.4814742720490001,-1.37273611199,51.53297803199986,-54.00144137281985,7.467966056900074,-12.12457801578999
110,ASN,0.441,0.1803680981595092,1.81536,1.4610800000000002,0.5429199999999998,1,0.0222222222222222,12,0.266666666666667,0.1111,0.3976,0.6747,0.8272,2.92278858,5.682854320000001,8.12776592,10.124938320000002,-3.651536438710001,-7.102453944799999,-0.5867675900399999,-1.6664967220999996,41.98755909899968,-41.22408846380004,6.328231720500031,-9.426865422150025
111,ARG,1.058,0.3155383238890545,3.12719,1.72272,0.5722799999999999,0,0.0,1,0.024390243902439,0.0,0.7346,0.9398,0.6914,3.900193170000001,7.6016283,10.91722514,13.682471720000002,-4.253072217746,-8.312858191159998,-0.6280207536415002,-1.7926164779600002,39.02331185400014,-36.92594080820004,6.00875914790008,-8.377713894570029
112,GLY,0.038,0.0210176991150442,0.71449,1.09603,0.67397,0,0.0,0,0.0,0.4556,0.0,1.0,0.5062,3.2000902400000006,6.215893070000002,8.87527468,11.02950668,-5.090002729399996,-9.88062801821,-0.849265700908,-2.408841318568001,37.81060168300004,-48.102694304110265,6.116770608400037,-11.910217849938016
113,TYR,0.193,0.056631455399061,2.95693,2.24487,0.9701299999999996,0,0.0,0,0.0,0.3556,0.8063,0.502,0.1605,3.34126687,6.501937769999999,9.31241622,11.62435217,-4.4928996882100005,-8.740494353780006,-0.7224887685550003,-2.053056328844,36.06435107400043,-57.95758867763989,5.666427142700088,-13.721083177342004
114,ASN,0.027,0.011042944785276,1.68294,1.6123599999999998,0.8056399999999999,0,0.0,0,0.0,0.1111,0.3976,0.6747,0.8272,3.2031297600000004,6.239467650000001,8.95206655,11.20300209,-5.164692929729999,-10.087221559499996,-0.7748745722510003,-2.2104490619199995,35.45835747400011,-53.8130908401002,5.384237486600015,-12.308183792680031
115,ASN,0.674,0.2756646216768916,2.0609800000000003,1.3156399999999997,0.4553600000000002,0,0.0,0,0.0,0.1111,0.3976,0.6747,0.8272,1.94849035,3.78826048,5.4173828,6.7470363,-4.095268284879999,-7.957874881870007,-0.6733931137349999,-1.9121125222,34.11467184900025,-50.92932246562012,5.592777640100018,-12.964627241910009
116,ASN,0.866,0.3541922290388548,2.11478,1.19489,0.3841099999999997,0,0.0,0,0.0,0.1111,0.3976,0.6747,0.8272,1.5302064000000002,2.97070903,4.237815630000001,5.25940489,-3.4309324934500003,-6.654878137430001,-0.5805902862180002,-1.6459844293499994,33.03982465500051,-59.22217934025977,5.530897468400018,-14.94564193373198
117,ARG,0.71,0.2117506710408589,2.8837200000000003,2.04481,0.5981900000000002,1,0.0416666666666667,1,0.0416666666666667,0.0,0.7346,0.9398,0.6914,2.36745181,4.6112761,6.61547566,8.27876296,-2.6069813249,-5.0749435407000005,-0.41434089489,-1.1780491697199995,35.431294167000395,-46.36653762869986,5.6001587556000745,-11.46808497961998
118,GLY,0.08,0.0442477876106194,0.70599,1.06151,0.66649,1,0.0416666666666667,0,0.0,0.4556,0.0,1.0,0.5062,1.6681277600000002,3.23145191,4.592345910000001,5.667004469999999,-1.81778259083,-3.5255633660000005,-0.30932231389,-0.87720974084,34.2694084059999,-63.1687490696996,5.637632287200038,-15.78644486210004
119,GLY,0.55,0.3042035398230088,0.79893,0.85863,0.39937,0,0.0,0,0.0,0.4556,0.0,1.0,0.5062,1.3899818900000005,2.6919653100000005,3.8241736300000007,4.716793099999999,-1.6866968123999997,-3.282112088599999,-0.271169258124,-0.77104922611,29.0586753340003,-56.36938453289962,4.697352706400002,-13.213671501810044
120,GLY,0.597,0.3301991150442477,0.89494,0.79439,0.41661,0,0.0,0,0.0,0.4556,0.0,1.0,0.5062,1.11233105,2.15629485,3.06835402,3.79424891,-1.4609952454499997,-2.8474589447400005,-0.226953478433,-0.64587351671,28.48761431100009,-61.914717945799865,4.423566925599962,-14.09133592758993
121,GLY,0.587,0.3246681415929203,0.91594,0.89795,0.32305,0,0.0,0,0.0,0.4556,0.0,1.0,0.5062,1.11247589,2.1574186,3.07201475,3.8025197,-1.3782949291999995,-2.6903164452,-0.20825816608,-0.5935373254999999,27.94976882400002,-58.64619620700037,4.243162196000031,-12.931569229300004
122,GLY,0.702,0.3882743362831858,1.05538,0.77037,0.3356300000000001,2,0.166666666666667,0,0.0,0.4556,0.0,1.0,0.5062,1.25193671,2.43018958,3.4660276500000005,4.30024917,-1.2169677712000002,-2.3705728748,-0.1912725371299999,-0.5441620009299999,30.06327432299979,-44.12408201980012,4.6521142652999865,-10.283900208629962
123,GLY,0.582,0.3219026548672566,0.8280299999999999,0.8087,0.4173,1,0.142857142857143,0,0.0,0.4556,0.0,1.0,0.5062,1.11360328,2.16623401,3.10097414,3.86869489,-1.15864827275,-2.2520733584999992,-0.1871706707499999,-0.53091644577,27.092171104000297,-35.60131173130008,4.013645843799999,-8.298865700660008
124,TYR,0.96,0.2816901408450704,3.16893,1.97633,0.47167,3,0.272727272727273,5,0.454545454545455,0.3556,0.8063,0.502,0.1605,1.1127229900000002,2.15934585,3.0783282100000005,3.81689208,-1.5129214237,-2.9558078142,-0.2247693323899999,-0.6411625215999999,24.820132960000056,-32.80784497000003,3.6237969193000255,-6.93396140948
125,ASN,1.112,0.4548057259713702,2.2678,1.05744,0.2755599999999998,5,0.5,4,0.4,0.1111,0.3976,0.6747,0.8272,1.11245614,2.15726321,3.0714993,3.801325,-1.7068808971999998,-3.3261538007,-0.2666487321,-0.7589061765599998,25.46096101300017,-38.32182507189999,3.979205956300007,-9.000432702440024
126,ARG,1.356,0.4044139576498658,3.24342,1.58811,0.4088900000000002,5,0.416666666666667,3,0.25,0.0,0.7346,0.9398,0.6914,1.39150452,2.70383364,3.86303537,4.8052104600000005,-2.2450026337000004,-4.3886920465,-0.3312555946100001,-0.94587849155,28.757149566999743,-46.90022836220005,4.20232114590003,-10.288227152609965
127,GLN,1.306,0.4542608695652174,2.79811,1.1104500000000002,0.4585499999999998,3,0.3,3,0.3,0.1111,0.5388,0.7952,0.6914,1.25187874,2.42974827,3.4646180600000003,4.29715034,-2.0047684625000004,-3.9038654145,-0.31613420173,-0.8988762494000003,25.1687249270002,-38.78080760059988,3.732951397300029,-8.460073226459986
128,ASP,0.847,0.3159268929503916,2.37061,1.14911,0.68489,1,0.0769230769230769,0,0.0,0.1111,0.3239,0.8675,1.0,1.67091457,3.2532306,4.66385112,5.83028332,-2.685851235359999,-5.226619497300003,-0.4280320016699999,-1.2161582889499996,36.679666157999925,-45.66973671780022,5.519719020000041,-10.492343117970051
129,ARG,1.16,0.3459588428273187,3.39585,1.71776,0.4752400000000005,1,0.0526315789473684,0,0.0,0.0,0.7346,0.9398,0.6914,2.50693097,4.884168010000001,7.00981343,8.77701845,-2.920326084439999,-5.691333445880003,-0.4547714345640002,-1.2943105460939996,41.42161752700019,-46.45558472022989,6.043886392000021,-10.17313787581989
130,GLY,0.117,0.0647123893805309,0.6195900000000001,1.02597,0.66503,3,0.103448275862069,1,0.0344827586206897,0.4556,0.0,1.0,0.5062,2.36627981,4.60204342,6.584911310000001,8.208205320000001,-2.49875808125,-4.854766623400001,-0.4112018579075002,-1.1672647751660004,36.33531818699985,-54.28572453879999,5.7464687564000565,-13.109789298999994
131,ASP,0.896,0.3342036553524804,2.2523,1.14431,0.6406900000000002,0,0.0,2,0.1,0.1111,0.3239,0.8675,1.0,2.36821409,4.61713392,6.634368360000001,8.32086826,-2.801821631,-5.466171151999999,-0.4292210135699999,-1.2230947613799998,38.58294755399991,-61.08189744199982,5.722996541000012,-13.450744483459983
132,GLY,0.106,0.0586283185840707,0.6377,1.02129,0.6807099999999999,0,0.0,3,0.136363636363636,0.4556,0.0,1.0,0.5062,1.94847961,3.78819358,5.41722305,6.74685574,-2.6343352863,-5.1449073387,-0.39487259833,-1.1262018076999991,35.91928121600037,-53.59265829200013,5.535522310999992,-12.024853603599976
133,GLY,0.37,0.204646017699115,0.8205,1.01279,0.4252100000000001,0,0.0,2,0.0740740740740741,0.4556,0.0,1.0,0.5062,2.08824556,4.063345239999999,5.81903626,7.262347610000001,-2.792796528620001,-5.457812206030002,-0.4159853827349999,-1.1877479163560003,32.6834500460003,-47.33996734615003,4.85542452090001,-10.196434035479989
134,SER,1.27,0.5836397058823529,1.33163,0.67528,0.2307200000000001,0,0.0,1,0.111111111111111,0.4111,0.1877,0.8514,0.5309,1.25256555,2.43513414,3.48236589,4.33787511,-2.1292287473000004,-4.156677950699998,-0.3192959669500002,-0.9096522489500004,31.65094352900062,-33.38839800509998,4.716225042300017,-7.7392175463300354
135,SER,1.385,0.6364889705882353,1.79409,0.63371,0.1572900000000001,0,0.0,1,0.142857142857143,0.4111,0.1877,0.8514,0.5309,0.97332464,1.88705394,2.68585631,3.322583610000001,-1.6283638967999996,-3.1727588538000004,-0.2544403823800001,-0.7239699303800001,29.57023598300028,-40.29962541450006,4.74014537599997,-9.717264016660076
136,ASN,1.072,0.4384458077709612,2.25134,1.12124,0.2517599999999997,0,0.0,2,0.166666666666667,0.1111,0.3976,0.6747,0.8272,1.39059819,2.69678251,3.83999436,4.75293405,-2.004809582449999,-3.90458395116,-0.3152275920349999,-0.89648940504,37.12897149200014,-54.386097002819895,5.809824922600062,-13.05559721127994
137,PHE,1.201,0.3862978449662271,3.36262,1.49036,0.41764,0,0.0,3,0.166666666666667,0.8111,0.783,0.0763,0.037,1.94897041,3.79203051,5.42982371,6.775640329999999,-1.50020384221,-2.92726876517,-0.230183591086,-0.6562918146599998,43.44866969099972,-45.28943579030018,6.552137916900063,-10.270840965119971
138,SER,0.487,0.2238051470588235,1.5053999999999998,1.13486,0.5541400000000001,0,0.0,4,0.19047619047619,0.4111,0.1877,0.8514,0.5309,2.08814932,4.06261273,5.81670424,7.25724947,-2.100526774560001,-4.1040580325,-0.3124806133599999,-0.89164174935,41.80657553099982,-62.47291391490003,6.2033949497000025,-13.747427667010053
139,ARG,2.429,0.7244258872651356,3.7532,0.98915,-0.0651499999999996,0,0.0,1,0.125,0.0,0.7346,0.9398,0.6914,1.3920197900000002,2.70789173,3.87646896,4.83622373,-1.7921439149999996,-3.4987766063000003,-0.2683461545199999,-0.7645259298999999,31.202903906999914,-47.654654567899925,4.446884568099969,-9.95670044280002
140,GLY,0.966,0.53429203539823,0.95299,0.6814200000000001,0.1605799999999999,1,0.142857142857143,0,0.0,0.4556,0.0,1.0,0.5062,0.83431916,1.61782098,2.30338753,2.85099356,-1.35617065518,-2.635426948,-0.2207534410319999,-0.62630365684,21.94606239000021,-27.25237674200004,3.5390980570999773,-6.700310402649995
141,GLY,0.511,0.2826327433628318,0.99481,0.8032300000000001,0.49377,4,0.307692307692308,0,0.0,0.4556,0.0,1.0,0.5062,1.53098554,2.97677839,4.25767452,5.304542089999999,-2.44848628841,-4.782564725819999,-0.366988475217,-1.047031917004,32.405853860000015,-59.41294484670002,4.818076969699984,-13.17157647664998
142,TYR,0.959,0.2813967136150235,3.48006,1.68613,0.7628699999999999,5,0.294117647058824,0,0.0,0.3556,0.8063,0.502,0.1605,1.66996522,3.24579388,4.639372830000001,5.774199319999999,-2.256482361499999,-4.383671122100001,-0.3718558368199999,-1.0554833446500005,36.71667047700039,-51.99580703950999,5.904493222000019,-12.979557973559956
143,ASN,0.279,0.1141104294478527,1.93093,1.5921000000000003,0.5738999999999996,4,0.153846153846154,0,0.0,0.1111,0.3976,0.6747,0.8272,2.78507241,5.42363364,7.77795904,9.72729677,-3.22898326488,-6.284523617379999,-0.516625046729,-1.4690049499340008,49.13042264900005,-57.81192247453965,7.569816192400028,-13.054721091315963
144,ASN,0.027,0.011042944785276,1.72496,1.68382,0.7341799999999996,1,0.03125,1,0.03125,0.1111,0.3976,0.6747,0.8272,3.3422712,6.509741969999999,9.337889889999998,11.682064490000002,-2.85652987855,-5.5670304271,-0.4455629974699998,-1.2682926748700003,43.25575604900021,-53.93253075756032,6.780723820200125,-12.678279856729947
145,ARG,1.23,0.366835669549657,3.25433,1.6349899999999995,0.4880100000000007,0,0.0,0,0.0,0.0,0.7346,0.9398,0.6914,3.6231224,7.07047491,10.17617857,12.793482910000002,-3.660952742849999,-7.128022084410002,-0.5788991101229994,-1.6459271027799995,48.41906305099985,-72.93275425919992,7.434742796699965,-16.980677272952047
146,ASP,0.328,0.1223424095486758,1.88071,1.4804099999999998,0.8725900000000004,0,0.0,0,0.0,0.1111,0.3239,0.8675,1.0,2.5046532700000004,4.86643355,6.9518023000000015,8.645200769999999,-4.884605293440002,-9.484983785800004,-0.8098886547260002,-2.2975765319000008,53.95775424399989,-73.02063886320013,8.668038087699934,-17.903669608900056
147,GLU,1.192,0.4369501466275659,2.76271,1.08133,0.4546700000000003,0,0.0,0,0.0,0.1111,0.4884,0.8112,0.9136,1.39202801,2.70792751,3.87648578,4.83595209,-3.329189096,-6.479939145700002,-0.5307625602240001,-1.5089386078899996,41.76047213099997,-63.11319608470016,6.556373027500015,-15.17676800924999
148,GLY,0.39,0.2157079646017699,0.8162699999999999,0.97904,0.4389600000000001,0,0.0,1,0.0909090909090909,0.4556,0.0,1.0,0.5062,1.39201518,2.70783357,3.8761989800000007,4.83536397,-3.675184451370001,-7.178116959399999,-0.54916559403,-1.5660693966200006,39.438844112999966,-64.8613227501999,5.890555152500021,-14.4295049348999
149,SER,0.701,0.3221507352941176,1.67379,1.02287,0.4521300000000001,0,0.0,0,0.0,0.4111,0.1877,0.8514,0.5309,1.67041385,3.24932012,4.65102171,5.80101849,-3.5049430169499978,-6.8406186924700005,-0.5315458680529996,-1.51492951798,42.30034451100003,-60.80793837349972,6.408312892400041,-13.749945981529994
150,ASP,1.076,0.4013427825438269,2.42838,1.02816,0.57684,0,0.0,1,0.1,0.1111,0.3239,0.8675,1.0,1.53140874,2.9800545000000005,4.2683195000000005,5.32850425,-2.88828143594,-5.625167898580001,-0.4555317121409999,-1.2956878797199995,42.39239706299954,-62.57118921259988,6.654901532600076,-14.905793430899989
151,ASN,0.648,0.2650306748466258,1.97168,1.4075,0.3894999999999997,0,0.0,1,0.0526315789473684,0.1111,0.3976,0.6747,0.8272,1.80814642,3.5086112100000006,5.00086726,6.1981716,-3.01903207835,-5.875209385300001,-0.4847049258100001,-1.3783670524900002,42.54318574299962,-68.87434138500052,6.75749238610006,-16.21701765730002
152,ARG,1.841,0.5490605427974947,3.734,1.3742,0.1378000000000001,0,0.0,0,0.0,0.0,0.7346,0.9398,0.6914,1.80883328,3.5140112500000003,5.0187089700000005,6.2392559400000005,-2.5369774250999995,-4.928001023999999,-0.4184145726699999,-1.1874444853999997,40.38261081299997,-67.62862679099975,6.364491336800098,-16.182198363399934
153,GLY,0.339,0.1875,0.7723399999999999,0.99403,0.4749700000000001,0,0.0,0,0.0,0.4556,0.0,1.0,0.5062,1.6691719699999998,3.2396420599999995,4.6193370100000015,5.72894276,-1.5746761864299992,-3.0530732308300004,-0.2692909353640001,-0.7634688495300003,32.40379490600012,-47.73640050610007,5.50872867330003,-12.255931965699933
154,SER,1.309,0.6015624999999999,1.54788,0.6515399999999999,0.2154600000000003,1,0.2,0,0.0,0.4111,0.1877,0.8514,0.5309,1.39249144,2.71156063,3.8884551200000006,4.863410029999999,-1.4315420867999995,-2.797776734700001,-0.2110690284699999,-0.6022522402300001,28.36535372699982,-52.64689686009979,4.102612345700028,-11.325094596569928
155,GLY,0.406,0.2245575221238938,0.66417,0.94612,0.4558800000000002,2,0.25,1,0.125,0.4556,0.0,1.0,0.5062,1.11290952,2.16080917,3.0831519700000003,3.8279664699999993,-1.0905236152299995,-2.1288223176000005,-0.164396717284,-0.4685285230799998,24.40993141599996,-37.38646211710018,3.708270578199989,-8.348052984064998
156,ARG,2.172,0.6477781091559798,3.86228,1.00781,0.1731899999999999,2,0.222222222222222,1,0.111111111111111,0.0,0.7346,0.9398,0.6914,1.2526138100000002,2.4354920099999995,3.4834736500000005,4.340197669999999,-1.022488957,-2.000097901,-0.14884786595,-0.4252441232800001,25.335100218000047,-34.86794794900026,3.6909185883000224,-7.441715703279984
157,SER,1.151,0.5289522058823529,1.71306,0.72983,0.2951700000000001,1,0.125,1,0.125,0.4111,0.1877,0.8514,0.5309,1.11345674,2.16509309,3.0972430500000003,3.86022207,-0.8812328741,-1.716870999399999,-0.13714276554,-0.3899522800399999,22.48346429600016,-29.23170117899996,3.40925738969997,-6.89064280236003
158,TYR,1.109,0.3254107981220657,3.35968,1.8023,0.4966999999999999,1,0.0909090909090909,1,0.0909090909090909,0.3556,0.8063,0.502,0.1605,1.6708802300000003,3.2529507199999994,4.6628911,5.82796476,-1.31759446124,-2.5700208451,-0.2027417333599999,-0.57765031275,27.560924264000263,-40.02602601859999,4.157111313200013,-9.242679825959929
159,ASN,0.76,0.310838445807771,2.1639,1.3626999999999998,0.3223,0,0.0,0,0.0,0.1111,0.3976,0.6747,0.8272,1.39218969,2.70918081,3.880564530000001,4.84515435,-1.4270210615,-2.77428390547,-0.231425584767,-0.6570079470260002,25.64802082300013,-22.8246371974998,4.059975540399972,-5.794857784169966
160,ASN,0.487,0.1991820040899795,2.17,1.50215,0.4558499999999996,0,0.0,0,0.0,0.1111,0.3976,0.6747,0.8272,1.9501025,3.80088771,5.45894092,6.842240399999999,-2.2134721104400006,-4.325333490999999,-0.3276307151400001,-0.9347964037800004,40.13413042199976,-34.514726581200094,5.759139440600007,-7.264327376460028
161,ASP,0.698,0.2603506154419992,1.89715,1.32641,0.65659,0,0.0,0,0.0,0.1111,0.3239,0.8675,1.0,1.25289858,2.43774521,3.490969680000001,4.35761844,-2.0087602043,-3.921246538540001,-0.3010531852202999,-0.8575150476500001,26.63691997500002,-23.94610067269991,4.1321219915999965,-5.5532694430599845
162,ARG,1.812,0.5404115717268118,3.79925,1.22572,0.3152800000000002,0,0.0,0,0.0,0.0,0.7346,0.9398,0.6914,1.25284541,2.43730239,3.48941868,4.35377656,-2.69003471834,-5.243407267199999,-0.4165392305309998,-1.1853284255599994,31.632185774000323,-25.82944174430004,4.583259086500059,-5.714705080599996
163,ARG,0.983,0.2931702952579779,3.50664,1.93393,0.4360700000000002,0,0.0,1,0.142857142857143,0.0,0.7346,0.9398,0.6914,1.39236418,2.7105649,3.88518157,4.85592067,-1.5107408168999998,-2.949795947900001,-0.22558996285,-0.6427725564999999,22.808106967000057,-27.63821186859991,3.679803953999974,-7.069605054299992
164,ASP,1.605,0.5986572174561731,2.55987,0.78107,0.29493,0,0.0,1,0.166666666666667,0.1111,0.3239,0.8675,1.0,1.2530795599999998,2.4391436099999995,3.49550442,4.36779861,-1.1126960039199998,-2.1701281228,-0.170116218356,-0.48426795027,23.5417650160001,-25.299763430800105,3.5998046405999897,-6.142867242780015
165,ASN,0.714,0.2920245398773006,2.07791,1.33412,0.3968799999999999,0,0.0,1,0.1,0.1111,0.3976,0.6747,0.8272,0.97255209,1.88100411,2.6659509600000004,3.27700155,-0.8727959997999999,-1.6881917566000004,-0.1552606622999999,-0.4394447676,16.57877566000017,-20.645914730600044,2.918290580999993,-5.7387443034
166,GLY,0.722,0.3993362831858407,0.97779,0.86091,0.2250900000000001,2,0.166666666666667,2,0.166666666666667,0.4556,0.0,1.0,0.5062,1.53188621,2.98383089,4.280876360000001,5.35766418,-0.7928583829300001,-1.5486058679400003,-0.117994978231,-0.3363887474359999,20.112793283000155,-16.822687137499983,2.83209028769999,-3.54135049638001
167,GLY,0.168,0.0929203539823008,0.7068899999999999,1.05692,0.58308,4,0.2,0,0.0,0.4556,0.0,1.0,0.5062,1.52968194,2.9666081600000007,4.22434437,5.22862138,-0.7930795624999999,-1.542955496,-0.12697929767,-0.3607396205,14.312095470000038,-20.27082486199999,2.144891772499994,-4.534389199199993
168,ASP,1.257,0.4688549048862364,2.2993,0.96969,0.4543100000000001,3,0.25,0,0.0,0.1111,0.3239,0.8675,1.0,1.25167101,2.42814159,3.4594018800000006,4.28542076,-0.6418057055,-1.2468891125,-0.10536862695,-0.2990128206,15.15931743199994,-21.23819888189999,2.4130542783999966,-4.858362905600009
169,GLY,0.725,0.4009955752212389,1.24175,0.8485,0.2345000000000001,1,0.0833333333333333,0,0.0,0.4556,0.0,1.0,0.5062,1.53260979,2.98936392,4.29863252,5.39696628,-0.6766192628,-1.3201511045,-0.103973638,-0.2964260437,14.396835605000073,-26.73976703250004,2.1188919690000056,-5.782605553100034
