2,MET,2.393,0.8024815560026827,2.84971,0.53436,0.0546400000000004,0,0.0,0,0.0,0.7111,0.6196,0.0,0.0988,0.13817221,0.26281917,0.36173955,0.42525035,-0.2254708225711111,-0.4364292381633333,-0.0392228712237222,-0.1109472682299999,1.864778272222222,-1.7992147827911107,0.2842873787555555,-0.4160987501244444
3,GLU,1.604,0.5879765395894428,3.06969,0.72656,0.3974400000000001,0,0.0,0,0.0,0.1111,0.4884,0.8112,0.9136,0.13817221,0.26281917,0.36173955,0.42525035,-0.237695677010101,-0.4599172093939394,-0.041620215215202,-0.1177008667790908,1.8413154346565652,-1.9015020785373733,0.2844628570050505,-0.4540516539313131
4,SER,1.13,0.5193014705882352,1.6384999999999998,0.7347800000000001,0.3112200000000001,0,0.0,0,0.0,0.4111,0.1877,0.8514,0.5309,0.6959599299999999,1.3535353200000002,1.93681661,2.41465899,-0.3597716153500001,-0.69959238346,-0.05838783538,-0.16587103209,1.88582704,-2.6283110581199995,0.2948481232999997,-0.60301183318
5,ASN,1.217,0.4977505112474438,2.36694,1.0272400000000002,0.2007599999999996,0,0.0,0,0.0,0.1111,0.3976,0.6747,0.8272,1.11343735,2.1649494,3.09679938,3.85929503,-0.2159749760000001,-0.4143143104999999,-0.0425976765799999,-0.1196930634,2.672255537999997,-1.5740179225,0.4100354144000001,-0.4548500671999999
6,GLN,0.977,0.3398260869565217,2.58367,1.35367,0.5443300000000002,0,0.0,2,0.153846153846154,0.1111,0.5388,0.7952,0.6914,1.53031267,2.97151459,4.24037034,5.2649592,-0.2016253788999999,-0.3952420219,-0.0280116687,-0.0801862575,1.6140787070000004,-2.6121543886000005,0.2251491080000001,-0.5326061665999999
7,SER,0.906,0.416360294117647,1.61487,0.82236,0.44764,0,0.0,1,0.125,0.4111,0.1877,0.8514,0.5309,1.11229641,2.15605415,3.06766653,3.79299369,-0.14143091244,-0.2688235864999999,-0.03135968609,-0.08769176321,1.688303879000001,-0.7421104169999999,0.2702408185000003,-0.1700226937
8,ASN,1.729,0.707157464212679,2.50226,0.7198899999999999,-0.0038900000000001,0,0.0,0,0.0,0.1111,0.3976,0.6747,0.8272,1.2528813600000002,2.4376055399999994,3.49049302,4.356473299999999,-0.10830654058,-0.20511131259,-0.025170283997,-0.0702951940099999,1.6139162160000005,0.2183293585000001,0.2259551327999998,0.0511445569599999
9,ASN,0.479,0.1959100204498977,1.89924,1.43739,0.5286099999999998,0,0.0,4,0.222222222222222,0.1111,0.3976,0.6747,0.8272,1.52898339,2.9611719400000007,4.20657175,5.188268089999999,-0.0959652918999999,-0.187086552,-0.01491217283,-0.042469491,1.6098241680000018,-1.1608095023999996,0.2597089301999999,-0.2688849537000001
10,GLY,0.746,0.4126106194690265,0.88143,0.72847,0.3335300000000001,0,0.0,2,0.25,0.4556,0.0,1.0,0.5062,1.39203667,2.7079895899999995,3.87667185,4.836322539999999,-0.3541059824999999,-0.6892174536,-0.0553481814599999,-0.1570552342,2.2065648299999987,-3.3535320279999983,0.2860847687999998,-0.6316847952999998
11,GLY,0.507,0.2804203539823008,0.75536,0.82456,0.4764400000000002,0,0.0,3,0.272727272727273,0.4556,0.0,1.0,0.5062,1.2520602800000002,2.43120086,3.4695060100000004,4.30867667,-0.15340485557,-0.29542550642,-0.0293116816865,-0.08275787823,1.8042055850000016,-1.9698969830000008,0.3085816227999999,-0.5206870439000001
12,SER,1.323,0.6079963235294117,1.52954,0.6691999999999999,0.1838000000000003,0,0.0,2,0.2,0.4111,0.1877,0.8514,0.5309,0.97333041,1.88707291,2.6858257,3.32222645,-0.3986518498999999,-0.7730500164999999,-0.06790665429,-0.19250550043,1.688028486999999,-2.3704301039999995,0.2779824899999999,-0.6142857544999999
13,GLY,0.451,0.2494469026548672,0.73047,0.91329,0.4437099999999999,0,0.0,1,0.0769230769230769,0.4556,0.0,1.0,0.5062,1.11223778,2.15553653,3.06576001,3.78800498,-0.3599442214,-0.6947969216999998,-0.06559365513,-0.1852368522699999,1.6066870589999995,-2.924375036000001,0.2862176394999999,-0.8335806920000006
14,ASN,0.794,0.3247443762781186,2.15882,1.38295,0.2680499999999999,0,0.0,4,0.266666666666667,0.1111,0.3976,0.6747,0.8272,1.53048643,2.97283835,4.24459943,5.27425846,-0.4811005372999999,-0.936305484,-0.07752426046,-0.2205509257,2.4334212560000017,-5.531388500000003,0.4051599610999994,-1.305268396300001
15,ALA,0.975,0.4470426409903714,1.19221,0.80579,0.4002099999999999,0,0.0,2,0.333333333333333,0.7,0.1645,0.249,0.3951,1.25287859,2.43759891,3.49052356,4.356704099999999,-0.8786795628000001,-1.7068796995000002,-0.14422963026,-0.4091535034,3.8880590540000064,-10.672662670000006,0.6201741742000014,-2.462506067999999
16,ALA,1.158,0.530949105914718,1.32047,0.7240399999999999,0.2989600000000002,0,0.0,1,0.333333333333333,0.7,0.1645,0.249,0.3951,0.6944096900000001,1.34152507,1.89773668,2.32649007,-0.88086611197,-1.7074682128299998,-0.1501329758439999,-0.42525051868,5.497117387999989,-10.18280120200001,0.881496525,-2.341669535900002
17,LEU,1.56,0.5869074492099323,2.42445,1.00576,0.0922399999999998,0,0.0,2,0.4,0.9222,0.663,0.2811,0.0,1.11281235,2.16006152,3.0807382800000003,3.82258119,-1.16648228144,-2.275390490700001,-0.17859712443,-0.5087088008849999,7.229837042000026,-15.055591892200008,1.1206372990000009,-3.472995898419996
18,ASN,1.178,0.481799591002045,2.3851,1.01494,0.2520599999999999,0,0.0,2,0.285714285714286,0.1111,0.3976,0.6747,0.8272,1.11214512,2.15486278,3.06372392,3.78389658,-0.8995164313,-1.7411162953,-0.15648483196,-0.4426664634999999,7.689241653999956,-14.11666354679998,1.2912851299999992,-3.491260045200004
19,ARG,1.463,0.4363256784968685,3.81921,1.3287400000000005,0.5612599999999996,0,0.0,1,0.111111111111111,0.0,0.7346,0.9398,0.6914,1.53177513,2.98297557,4.27811488,5.351504289999999,-0.9103840934,-1.7740537794,-0.14073205284,-0.40016078435,9.282716072999952,-17.816508468200038,1.3559973633000009,-3.798129010800008
20,GLY,0.231,0.1277654867256637,0.74015,0.96243,0.61457,0,0.0,1,0.0555555555555556,0.4556,0.0,1.0,0.5062,1.52986176,2.96802281,4.229019650000001,5.239391800000001,-1.4453153586,-2.8224040324,-0.21695154274,-0.6186765605699999,11.753315489000004,-17.43342228540001,1.794036181699992,-3.9989932968099966
21,GLY,0.411,0.2273230088495575,0.8357800000000001,0.89771,0.49929,0,0.0,1,0.0666666666666667,0.4556,0.0,1.0,0.5062,1.39065437,2.69720858,3.84135015,4.755898599999999,-1.25039126777,-2.4427670116000004,-0.18597686264,-0.5305112804700002,10.46385383999995,-17.717329201800005,1.5223078865000002,-3.78091871704001
22,ARG,2.881,0.8592305398150909,4.02597,0.6655500000000001,-0.1935499999999996,0,0.0,0,0.0,0.0,0.7346,0.9398,0.6914,1.11307745,2.16212175,3.08746154,3.83780697,-0.9509158837,-1.8477453192,-0.15575912866,-0.4420692077999999,11.622158135999936,-7.9369048815000065,1.8779797876000028,-1.9762320177000028
23,TYR,1.505,0.4416079812206572,3.93156,1.46069,0.44231,0,0.0,0,0.0,0.3556,0.8063,0.502,0.1605,1.3915360600000002,2.704092,3.8639249699999993,4.807370339999999,-1.185320030694,-2.3005784572500003,-0.197558691019,-0.5600916194649999,14.333432082999972,-11.62649643009003,2.289915760099991,-3.013679380439997
24,VAL,0.833,0.342094455852156,1.7990700000000002,1.2121400000000002,0.3898599999999999,0,0.0,1,0.1,0.9667,0.4924,0.3655,0.1235,2.089577,4.073753979999999,5.85322317,7.340448490000001,-1.54669381286,-3.024235811599999,-0.2268244236749999,-0.64767761569,15.34735936700006,-11.604006387899998,2.201182883700016,-2.3936517512399944
25,PRO,0.548,0.2457399103139013,1.65108,1.36074,0.3212599999999999,0,0.0,0,0.0,0.3222,0.3764,0.8594,0.3827,1.6718090500000002,3.2602457999999994,4.686972,5.883350869999999,-1.1168025665,-2.1722704163,-0.17927289878,-0.5091174966500002,13.571777479999916,-2.6916170596000057,1.9621539462999904,-0.8930419457999975
26,PRO,1.358,0.6089686098654709,1.78988,0.8602899999999999,0.0117099999999999,0,0.0,0,0.0,0.3222,0.3764,0.8594,0.3827,1.25256837,2.43514044,3.4823322399999994,4.3376314,-0.8050099281699999,-1.5600448567200005,-0.137420067965,-0.38907132282,11.305444904000035,-12.57267204616,1.8451558986000045,-3.412004167300002
27,HIS,1.032,0.3732368896925859,2.79612,1.39633,0.33667,0,0.0,1,0.0833333333333333,0.1444,0.561,0.1124,0.679,1.11117905,2.14730477,3.03887893,3.72707039,-0.6803745262999998,-1.3249552154,-0.1078170885599999,-0.3067488059799999,10.019469501000035,-6.59897554769999,1.569210618499992,-1.5899786153599986
28,LEU,1.496,0.562829194883371,2.33414,0.96912,0.1928799999999999,0,0.0,1,0.166666666666667,0.9222,0.663,0.2811,0.0,0.8336533800000001,1.61261764,2.28630314,2.81198067,-0.691771488,-1.347758564,-0.10774745537,-0.3064192148999999,8.403634561999983,-11.46523921400001,1.3415550748999996,-2.752285686019999
29,ARG,2.39,0.7127945123769759,3.76995,0.91223,0.05077,0,0.0,1,0.2,0.0,0.7346,0.9398,0.6914,0.83364057,1.6125233099999998,2.28601368,2.81138155,-0.6848582395999999,-1.3347195115,-0.1069946845,-0.304629722,7.388798802000007,-12.511068736999986,1.1344923685000028,-2.880319576499997
30,GLY,0.442,0.2444690265486725,0.7712300000000001,0.97879,0.38721,1,0.125,1,0.125,0.4556,0.0,1.0,0.5062,0.83298656,1.60740835,2.26920669,2.77296227,-0.5184025577,-1.000104077,-0.0951273478199999,-0.2685060415999999,7.367973427999976,-7.321889085999995,1.3090684344999963,-1.936788817299999
31,GLY,0.745,0.4120575221238938,0.89744,0.80889,0.2541100000000001,1,0.0769230769230769,1,0.0769230769230769,0.4556,0.0,1.0,0.5062,1.5303071300000002,2.97148645,4.240331090000001,5.265033670000001,-1.0499136660999997,-2.0571098520000004,-0.1464009084599999,-0.4186217889499999,11.640755527999934,-14.970431296000028,1.7139913621999994,-3.1741292250999966
32,ASP,1.031,0.3845580007459903,2.39763,1.07637,0.5736300000000001,1,0.111111111111111,2,0.222222222222222,0.1111,0.3239,0.8675,1.0,1.6710627000000002,3.25441043,4.66780155,5.839539939999999,-1.6562479067500004,-3.23826451585,-0.242426841304,-0.6920342088729999,15.23191831199994,-25.03980643420001,2.147183672000011,-5.248531245927986
33,GLY,0.889,0.4917035398230088,0.95363,0.74417,0.17483,0,0.0,2,0.285714285714286,0.4556,0.0,1.0,0.5062,1.1132165,2.16320552,3.0910096899999995,3.8458777299999993,-1.6557364627199993,-3.22215478876,-0.264267000352,-0.7510267449400001,13.20309800599998,-21.933076859199986,2.042120563399992,-5.0954464490999865
34,GLY,0.465,0.2571902654867257,0.84628,0.92487,0.41813,1,0.111111111111111,1,0.111111111111111,0.4556,0.0,1.0,0.5062,1.11290661,2.16080382,3.08319449,3.8282466,-1.86383369041,-3.6251032232,-0.2996523677699999,-0.85100100847,14.56989854499992,-22.52407385530009,2.317345467899996,-5.4807538551300015
35,ALA,0.66,0.3026134800550206,1.25529,1.02793,0.4930699999999999,5,0.277777777777778,1,0.0555555555555556,0.7,0.1645,0.249,0.3951,1.94930869,3.79463653,5.43824814,6.79446828,-2.27566572216,-4.432099332199999,-0.3599570712799999,-1.02417490951,16.93007848399999,-24.03192600599993,2.6935584244000057,-5.833011672629992
36,ALA,0.272,0.1247134342044933,1.23386,1.31919,0.58981,6,0.272727272727273,0,0.0,0.7,0.1645,0.249,0.3951,2.5070443300000003,4.885018999999999,7.01248695,8.782754180000001,-2.712645222939999,-5.293256908000001,-0.411980050664,-1.17369695982,20.792072571000062,-29.80434861569997,3.17694912600002,-7.001825705650031
37,ALA,0.774,0.3548830811554332,1.25728,0.90062,0.50638,2,0.1,0,0.0,0.7,0.1645,0.249,0.3951,2.5070265000000003,4.884891929999999,7.01210913,8.78201073,-3.07795241082,-5.999135683059999,-0.478077609573,-1.3606272877599996,20.55011159900001,-35.08124967414009,3.196764077399995,-8.213236479269991
38,ALA,0.158,0.0724438331040807,1.12471,1.3350300000000002,0.68797,0,0.0,0,0.0,0.7,0.1645,0.249,0.3951,2.36583677,4.59858875,6.573599340000001,8.18247318,-2.746014413259999,-5.3381815569,-0.4479160594299999,-1.27223994045,22.69991946999996,-38.12780435989993,3.628717387399999,-9.243483426139989
39,ALA,0.9,0.4126547455295736,1.16526,0.92626,0.3547400000000001,0,0.0,0,0.0,0.7,0.1645,0.249,0.3951,1.53005614,2.9695402800000004,4.23399198,5.25071045,-2.43400700259,-4.72796767634,-0.4022358801479999,-1.14166919564,26.14494549999977,-31.61035679979992,4.275565467000026,-7.980676155620017
40,SER,0.855,0.392922794117647,1.62583,0.91659,0.4044100000000001,0,0.0,0,0.0,0.4111,0.1877,0.8514,0.5309,1.81056961,3.52753467,5.062951029999999,6.33979283,-2.743420987999999,-5.361225560899998,-0.4059048409900001,-1.1582385402599993,24.543363148000303,-32.623663637899995,3.620284893500036,-7.158007899670007
41,ALA,0.92,0.4218248509857863,1.29371,0.83429,0.4267100000000001,0,0.0,0,0.0,0.7,0.1645,0.249,0.3951,1.39185963,2.70662639,3.87226552,4.82647458,-2.3821811603000005,-4.639669622499999,-0.37316905733,-1.06089232025,20.53664157500005,-30.38722841119992,3.2891291793000104,-7.499006922299975
42,GLY,0.267,0.1476769911504424,0.87209,1.03636,0.50464,0,0.0,0,0.0,0.4556,0.0,1.0,0.5062,1.67032148,3.2485843999999995,4.64855447,5.79522544,-2.734791659099999,-5.3407984002000015,-0.4103317873819999,-1.1702567303100002,16.70078349,-31.21260888340001,2.5885593047000137,-7.135565662129994
43,GLY,0.561,0.310287610619469,0.83899,0.95882,0.2881799999999999,0,0.0,1,0.125,0.4556,0.0,1.0,0.5062,1.11259969,2.15840688,3.07533108,3.810311799999999,-1.511993574,-2.9489487195,-0.23091719634,-0.65734676614,14.21639376000002,-22.878470716300008,2.265854523000009,-5.242221314649992
44,ASP,1.367,0.5098843715031705,2.37309,0.9176,0.3964000000000001,0,0.0,1,0.25,0.1111,0.3239,0.8675,1.0,0.8343120800000001,1.61776791,2.30322115,2.85063733,-0.986474919,-1.912424184,-0.16684274766,-0.4723531216,14.40901279000001,-24.90431749899996,2.320173665500023,-6.26717763220001
45,ASP,1.207,0.4502051473330847,2.36576,1.08626,0.38774,0,0.0,1,0.25,0.1111,0.3239,0.8675,1.0,1.11262184,2.15857204,3.07584452,3.81139487,-1.0141603784,-1.9826320591,-0.1492357117499999,-0.4260771346,15.00632930000003,-22.669891030100047,2.362459342199987,-4.952877152899997
46,ARG,2.375,0.7083209066507604,3.86286,1.02965,-0.0516499999999997,0,0.0,0,0.0,0.0,0.7346,0.9398,0.6914,1.11343813,2.16494275,3.09673215,3.859001530000001,-1.2594239947,-2.4637831923,-0.18122246727,-0.5173389597,14.116564031999916,-30.032334508800005,2.099358996999998,-6.587787134499973
47,ARG,1.661,0.4953772740829108,3.44501,1.4465500000000002,0.2454499999999999,2,0.222222222222222,1,0.111111111111111,0.0,0.7346,0.9398,0.6914,1.1116743,2.15117196,3.05156698,3.75601663,-1.1312469388,-2.194414256,-0.19229982992,-0.5455256171300001,15.189645507999993,-27.590303197999926,2.5063824506999928,-6.920649882520009
48,GLY,0.643,0.3556415929203539,0.89446,0.7585399999999999,0.4064600000000001,3,0.272727272727273,1,0.0909090909090909,0.4556,0.0,1.0,0.5062,1.25190029,2.4299489699999994,3.46539001,4.29926032,-1.1732212957,-2.2735784356,-0.19942460536,-0.5643581118700001,15.753815790000004,-24.46987066299996,2.460792124600019,-5.958337908399986
49,GLY,0.373,0.2063053097345132,0.92343,0.91267,0.5223300000000001,5,0.294117647058824,1,0.0588235294117647,0.4556,0.0,1.0,0.5062,1.95002822,3.80032238,5.4571391500000015,6.838294680000001,-1.4028547713400004,-2.74187004174,-0.207265746775,-0.5915979295999999,19.00213448199992,-13.839325166699991,2.7444803879999853,-3.0717954688499978
50,ALA,0.42,0.1925722145804676,1.15182,1.15099,0.6100100000000002,5,0.238095238095238,1,0.0476190476190476,0.7,0.1645,0.249,0.3951,1.6701429100000005,3.24720457,4.64408319,5.785196559999999,-1.2227343379699998,-2.39059873418,-0.178307071613,-0.5087790353339999,14.396867396999951,-8.384960519879991,2.110224738699994,-1.8436010758360009
51,GLY,0.336,0.1858407079646017,0.81782,0.92023,0.55177,4,0.235294117647059,1,0.0588235294117647,0.4556,0.0,1.0,0.5062,1.25072186,2.4207475,3.43520649,4.23042041,-0.9171076460700002,-1.7765447567,-0.15808678006,-0.4475894769,15.09811455400004,-16.014073787400015,2.590952542400004,-4.13070801640001
52,GLY,0.77,0.4258849557522124,1.05122,0.74326,0.29474,2,0.142857142857143,0,0.0,0.4556,0.0,1.0,0.5062,1.3923369600000004,2.71033843,3.8843906,4.853968859999999,-1.3228273914000002,-2.574586692599999,-0.20963008035,-0.5955291866999999,16.241317926000043,-21.608974160000106,2.4037329242000065,-4.967686464100004
53,GLY,0.431,0.2383849557522123,0.92053,0.91689,0.46011,3,0.214285714285714,0,0.0,0.4556,0.0,1.0,0.5062,1.67048485,3.2498833199999995,4.652901750000001,5.80540745,-1.6717162512000003,-3.2605718105,-0.2557113062399999,-0.7281135633,16.943944461999923,-19.786649167200025,2.5534870455000185,-4.479023605000001
54,GLY,0.43,0.2378318584070796,0.96666,0.89561,0.4823900000000001,1,0.0769230769230769,0,0.0,0.4556,0.0,1.0,0.5062,1.6706058800000003,3.25079676,4.65578575,5.811636539999999,-1.82928487487,-3.5648325042999987,-0.28408553066,-0.8081752958300001,16.179246365999973,-20.38806853463998,2.5912478702999944,-4.843771951050004
55,TYR,0.57,0.1672535211267605,3.52404,1.9435,0.8945000000000001,1,0.0909090909090909,0,0.0,0.3556,0.8063,0.502,0.1605,2.09016202,4.07837819,5.86859212,7.37611814,-2.437373811880001,-4.755387382700003,-0.3713333671889999,-1.05772885701,19.07198637600004,-19.21884218590003,2.836127905200024,-4.370819367389998
56,ARG,1.694,0.5052192066805845,3.80317,1.26922,0.3897800000000002,0,0.0,0,0.0,0.0,0.7346,0.9398,0.6914,1.94941295,3.79554103,5.44153322,6.80294017,-2.4076655126600004,-4.673838666399999,-0.4001622990540001,-1.1346639931100002,19.35241879100001,-22.523671062749948,3.158876441500027,-5.918523523916006
57,ARG,1.831,0.5460781389800179,3.56599,1.38499,0.1370100000000003,0,0.0,0,0.0,0.0,0.7346,0.9398,0.6914,2.22782158,4.3371301,6.21677598,7.769809399999999,-2.3599309755600006,-4.589924509399999,-0.3801879390749998,-1.0799075355199992,18.000822579000026,-21.418493108300087,2.753881045800004,-4.983216708549997
58,GLY,0.321,0.1775442477876106,0.7225100000000001,0.94839,0.5386100000000001,0,0.0,0,0.0,0.4556,0.0,1.0,0.5062,2.78192836,5.3992977500000015,7.69885462,9.549083969999998,-2.1699837882,-4.2279093248,-0.33823422783,-0.9620882056,14.41883511399999,-25.71174110059999,2.248930129400005,-5.938121854599994
59,GLY,0.027,0.014933628318584,0.76738,1.09421,0.6867900000000002,0,0.0,0,0.0,0.4556,0.0,1.0,0.5062,2.50529991,4.871422379999999,6.967969999999999,8.68148552,-2.1904015191000004,-4.2581315672,-0.35731536927,-1.014942626,18.883464126000003,-27.77071046150002,3.07992701000001,-6.8660417146999935
60,GLY,0.62,0.3429203539823008,0.91216,0.87681,0.3111900000000002,0,0.0,0,0.0,0.4556,0.0,1.0,0.5062,2.22745419,4.33426882,6.20741135,7.74851371,-2.0153209570000006,-3.9155319795,-0.3313520848700003,-0.9405152436399996,23.363523489999995,-30.557046361499992,3.754382455199999,-7.686811878549976
61,ASN,1.329,0.5435582822085889,2.45513,0.9315,0.1844999999999999,0,0.0,1,0.1,0.1111,0.3976,0.6747,0.8272,1.3913660899999998,2.70275175,3.85948345,4.79710138,-2.0339944126,-3.9524667877,-0.3316282622699999,-0.94094851326,20.50610567699999,-29.712946325299967,3.221092650900038,-7.009020286390003
62,SER,0.491,0.2256433823529411,1.48521,1.1931,0.4919,0,0.0,1,0.0909090909090909,0.4111,0.1877,0.8514,0.5309,1.53114068,2.97803322,4.2619434400000005,5.314748359999999,-2.3255341482599987,-4.540906619,-0.3490616695799999,-0.99522954603,20.344804375000024,-31.32712113913001,2.8882351492000145,-6.610611137020015
63,GLY,0.968,0.5353982300884955,1.04904,0.60882,0.23118,0,0.0,1,0.125,0.4556,0.0,1.0,0.5062,1.1132240100000002,2.16326232,3.0911896700000003,3.84626766,-1.88345172114,-3.684301489070001,-0.2716083759170001,-0.7753684026200001,17.614789975000075,-32.95688067192994,2.6400817070999856,-7.342825941579991
64,GLY,0.483,0.267146017699115,0.85332,1.00128,0.3237200000000002,0,0.0,1,0.0909090909090909,0.4556,0.0,1.0,0.5062,0.9724643,1.88032768,2.6637633600000004,3.27210835,-1.7603375223000004,-3.429238699,-0.2770348153699999,-0.7884119901000003,16.050130638999942,-34.840846603000024,2.683720698299979,-8.514135675099997
65,GLY,0.782,0.4325221238938053,0.92056,0.8219399999999999,0.2040600000000001,0,0.0,0,0.0,0.4556,0.0,1.0,0.5062,1.1130363,2.16177976,3.08626676,3.83485588,-1.9540901998600004,-3.812575518952,-0.2983842252755999,-0.8501484560679998,21.53810630099988,-34.99356119206999,3.309362053900025,-7.860335564138026
66,GLY,0.38,0.2101769911504424,0.90372,0.9683,0.4596999999999999,0,0.0,0,0.0,0.4556,0.0,1.0,0.5062,1.67003138,3.24636763,4.6414539900000005,5.77955566,-1.8055394778,-3.5045422857999995,-0.3010523681000001,-0.8537109808600004,31.33773128400012,-30.24428735860001,5.0188313096,-7.259460658669993
67,GLY,0.654,0.3617256637168141,0.96106,0.83881,0.3151899999999999,3,0.125,0,0.0,0.4556,0.0,1.0,0.5062,2.36687343,4.60671409,6.600353019999999,8.24378987,-1.88801327435,-3.6753294928,-0.2997993036800001,-0.85235027543,29.716758367999983,-34.77580684019998,4.516189403899984,-8.206060713859967
68,GLY,0.623,0.3445796460176991,0.91221,0.78898,0.39602,6,0.333333333333333,0,0.0,0.4556,0.0,1.0,0.5062,1.39116423,2.70117808,3.85432944,4.785369770000001,-1.9309148309,-3.751999239699999,-0.3172495661599999,-0.90072110112,28.629532011000144,-36.061467896200064,4.583250129700039,-8.796770275899995
69,GLY,0.708,0.3915929203539822,0.96728,0.72869,0.3713100000000001,5,0.454545454545455,0,0.0,0.4556,0.0,1.0,0.5062,0.97345971,1.88809636,2.68923197,3.33014636,-1.528047817560001,-2.9677523074,-0.2522510704,-0.7156259678999998,28.19437475400036,-33.5059513076,4.530485605900013,-8.30728694105
70,TYR,0.725,0.2127347417840375,3.11186,1.9698,0.7131999999999998,7,0.4375,3,0.1875,0.3556,0.8063,0.502,0.1605,1.6704306300000002,3.2494329200000003,4.65132525,5.801504829999999,-1.81864653033,-3.5545483642000004,-0.2691232692939999,-0.7682384173,32.4007311980001,-39.77527188539999,4.864439104300048,-8.744091742349994
71,ASP,0.227,0.0846698992913092,1.81568,1.49869,0.95531,9,0.3,1,0.0333333333333333,0.1111,0.3239,0.8675,1.0,1.8075118000000003,3.50364025,4.9845064,6.16068925,-1.3542627268999994,-2.629045275,-0.22769032715,-0.64642231383,33.63401935300018,-28.81275592850001,5.606607560500019,-7.320211802990017
72,ARG,0.725,0.2162242767670742,3.05308,2.12855,0.4994499999999999,1,0.0714285714285714,0,0.0,0.0,0.7346,0.9398,0.6914,1.80973357,3.5209933400000004,5.041445030000001,6.29059452,-1.57270504504,-3.0587716894600003,-0.2535738477969999,-0.7202618993199997,29.86862723200034,-29.45719116072992,4.598972947199992,-6.966753245799984
73,GLY,0.355,0.1963495575221238,0.8718,0.99658,0.45642,1,0.05,0,0.0,0.4556,0.0,1.0,0.5062,2.22714074,4.331806609999999,6.19928595,7.729834199999999,-2.1490235337599994,-4.195326177600001,-0.3240000997799999,-0.9235505411399998,26.72133369199985,-32.95846677859998,4.13726712409999,-7.626138031900019
74,TYR,0.809,0.2373826291079812,3.55746,1.80141,0.7975899999999998,2,0.0740740740740741,0,0.0,0.3556,0.8063,0.502,0.1605,2.3661178700000005,4.600783509999999,6.58079496,8.19887095,-2.2110209259,-4.306819551699999,-0.34817364122,-0.9906572355500002,25.771640954000084,-37.699117722499935,4.056007469899992,-9.186808210280011
75,ASN,0.448,0.1832310838445807,1.9245,1.4742499999999998,0.52275,2,0.117647058823529,2,0.117647058823529,0.1111,0.3976,0.6747,0.8272,1.80910036,3.51608467,5.025467710000001,6.254539579999999,-2.0303195249999995,-3.94111373321,-0.3364484263239997,-0.953601651745,31.414462222000413,-41.67053851242004,5.0350240782000055,-10.463393110098004
76,ASP,0.958,0.3573293547183886,2.1194900000000003,1.11552,0.60748,0,0.0,1,0.0909090909090909,0.1111,0.3239,0.8675,1.0,1.81021442,3.524741900000001,5.053720330000001,6.318526599999999,-2.70408796214,-5.2707162311000015,-0.42019247818,-1.1960714546599998,28.05009230600021,-49.32254423740008,4.421232095400006,-11.790680850460005
77,ASN,1.37,0.5603271983640082,2.4008000000000003,0.95279,0.1222099999999997,0,0.0,0,0.0,0.1111,0.3976,0.6747,0.8272,1.25217236,2.43203311,3.472085470000001,4.31409576,-2.2313551776000007,-4.347141414999999,-0.3501256071599999,-0.9962464299,15.86151009700007,-35.90352903199991,2.574760393700001,-8.626923981000003
78,ARG,1.675,0.4995526394273784,3.52259,1.38441,0.2935900000000002,0,0.0,1,0.142857142857143,0.0,0.7346,0.9398,0.6914,1.11298066,2.16136385,3.08496839,3.83209916,-2.088711371570001,-4.069606225499999,-0.3256494105600001,-0.92629169333,17.063232261999953,-35.81848143249993,2.564541064200001,-7.864719355919982
79,ASP,1.115,0.4158895934352853,2.53326,1.0342600000000002,0.5317399999999999,0,0.0,0,0.0,0.1111,0.3239,0.8675,1.0,1.39238495,2.7107196899999995,3.88566309,4.85693795,-1.28052769454,-2.500138405150001,-0.191407172943,-0.5453303801100002,11.442833193000029,-18.67191192779993,1.6959107057999927,-4.0967298149200015
80,ASP,0.902,0.3364416262588586,2.44145,1.05877,0.7202299999999999,0,0.0,0,0.0,0.1111,0.3239,0.8675,1.0,1.53136458,2.97973679,4.267373330000001,5.326643870000001,-1.52817267215,-2.9848800141300007,-0.22773586082,-0.6493727862699998,10.840432301000025,-17.11625983930997,1.719857226800004,-4.01306720139
81,ARG,1.542,0.4598866686549359,3.62016,1.3426899999999995,0.4683100000000006,0,0.0,0,0.0,0.0,0.7346,0.9398,0.6914,1.39021367,2.69378823,3.8301994699999993,4.73067857,-1.4245420366399997,-2.7689019425000003,-0.2320556802059999,-0.6587988680700003,6.270014262999987,-11.2279200805,1.114700491299998,-2.9470130242700034
82,ASP,0.605,0.2256620663931368,1.98148,1.33149,0.74451,0,0.0,0,0.0,0.1111,0.3239,0.8675,1.0,1.6700084300000002,3.24615636,4.64064844,5.77737382,-1.5027687412999997,-2.9204472138,-0.2459127091499999,-0.69814694244,7.111101560999996,-18.36475004799998,1.1192700339999988,-4.225314123000001
83,ASN,0.683,0.2793456032719836,2.14086,1.17584,0.5861599999999998,1,0.0588235294117647,3,0.176470588235294,0.1111,0.3976,0.6747,0.8272,2.0872943100000003,4.055991799999999,5.795174169999999,7.208722219999999,-1.285254248,-2.508859983,-0.1937072032,-0.5520083281,6.650985231999999,-16.77267436399998,0.943455836399998,-3.445629858399999
84,ARG,1.978,0.5899194750969281,3.52912,1.2378699999999998,0.1371300000000004,1,0.05,6,0.3,0.0,0.7346,0.9398,0.6914,1.80868154,3.51280198,5.01465832,6.229762200000001,-0.8263217529,-1.6052500105999998,-0.13522459396,-0.3835469821999999,6.1745253230000126,-8.689046639000011,0.9035209187999996,-1.7942458827999992
85,GLY,0.159,0.0879424778761061,0.6097699999999999,0.9761,0.6729,1,0.0476190476190476,5,0.238095238095238,0.4556,0.0,1.0,0.5062,1.52812121,2.95450639,4.1849293,5.1395838000000005,-0.5881761866,-1.1429195775,-0.09650255418,-0.2739596001,4.081737526,-3.179794184799998,0.6732823046000004,-0.8263246836000003
86,GLY,0.506,0.2798672566371681,0.84294,0.77539,0.52661,2,0.105263157894737,3,0.157894736842105,0.4556,0.0,1.0,0.5062,1.24912742,2.4083751,3.39488185,4.13924515,-0.7835163902,-1.5261542086000002,-0.12308497528,-0.35011423442,3.378334315000001,-6.043512754200003,0.5321841980000002,-1.430786091839999
87,SER,1.192,0.5477941176470588,1.46148,0.72454,0.2594600000000002,2,0.181818181818182,1,0.0909090909090909,0.4111,0.1877,0.8514,0.5309,0.97235312,1.87946612,2.66095835,3.26577579,-0.8173996644999999,-1.589476999,-0.1325396726,-0.3765236432999999,4.3153900690000055,-8.211334296500004,0.7292497555000004,-2.0026720797000013
88,GLY,0.837,0.4629424778761061,0.96119,0.64019,0.33081,2,0.2,1,0.1,0.4556,0.0,1.0,0.5062,0.97281578,1.88308359,2.67284126,3.29292703,-0.9528526966000002,-1.85558372374,-0.1499735686569999,-0.42643138572,3.730579180999994,-8.502182709999998,0.5979829128999998,-1.962768778
89,GLY,0.476,0.2632743362831858,0.77006,0.8690599999999999,0.4629400000000001,3,0.157894736842105,3,0.157894736842105,0.4556,0.0,1.0,0.5062,1.24933244,2.40999798,3.4002789300000007,4.1517748,-0.8557671719999999,-1.6657708459999998,-0.1359366446,-0.3864188635,3.377688940000004,-5.987718354000001,0.5373724568999998,-1.4407881790000003
90,TYR,2.158,0.6332159624413145,3.75271,1.0310700000000002,0.2189299999999998,3,0.125,6,0.25,0.3556,0.8063,0.502,0.1605,1.38842278,2.6798416,3.78457725,4.627013809999999,-0.8139891875399999,-1.5860912401999998,-0.12787923514,-0.364099641,3.652883113999994,-7.165266707000008,0.5835358614999995,-1.6979198394200012
91,GLY,0.797,0.4408185840707965,0.93955,0.80872,0.2022800000000001,2,0.117647058823529,4,0.235294117647059,0.4556,0.0,1.0,0.5062,1.39006337,2.6925674100000005,3.82602962,4.72065979,-0.823277257,-1.5998911009999996,-0.13512158725,-0.3836659796,3.650518279000002,-7.508308291000001,0.6022185814999994,-1.8177878408
92,ARG,1.236,0.3686251118401431,3.31308,1.6699000000000004,0.4470999999999996,0,0.0,5,0.3125,0.0,0.7346,0.9398,0.6914,1.66880585,3.236776270000001,4.60991302,5.70738111,-0.8396286551899999,-1.63238796955,-0.13674082845,-0.3884283027899999,5.067590556000002,-5.153466833299999,0.8017486363000006,-1.2432295708199994
93,ASP,0.901,0.3360686311077956,1.99379,1.11268,0.6673200000000001,0,0.0,1,0.111111111111111,0.1111,0.3239,0.8675,1.0,1.39110952,2.7007627700000003,3.85300737,4.78247779,-1.26333355415,-2.45257894967,-0.210138027938,-0.5959880350500001,5.6134689179999935,-6.331603757519999,0.9218185206000004,-1.5639243056600007
94,ARG,2.052,0.611989263346257,3.35483,1.16424,0.1367600000000002,2,0.285714285714286,0,0.0,0.0,0.7346,0.9398,0.6914,1.11295219,2.1611392,3.08422417,3.83037882,-0.9560480158,-1.8464613408,-0.17282750028,-0.4882693626400001,6.989251066999993,-4.067113818999998,1.1233402963999972,-1.22485325926
95,ASN,0.392,0.1603271983640082,1.87402,1.6263100000000004,0.4266899999999995,2,0.142857142857143,0,0.0,0.1111,0.3976,0.6747,0.8272,1.66863529,3.2354489,4.605573130000001,5.69752636,-1.4139787911,-2.756153036,-0.2198948463,-0.6260464495,6.25174752599999,-10.537728580999998,0.942476010500001,-2.333399862899998
96,TYR,1.851,0.5431338028169014,4.03323,1.27087,0.28613,3,0.3,1,0.1,0.3556,0.8063,0.502,0.1605,1.39073758,2.69785618,3.8434638800000007,4.76068585,-1.13010587702,-2.20144821737,-0.17759137157,-0.50526617805,6.717008240999992,-7.984086362119987,1.0639632476999985,-1.88089245964
97,GLU,1.165,0.4270527859237536,2.6005000000000003,1.2813,0.2817,1,0.166666666666667,1,0.166666666666667,0.1111,0.4884,0.8112,0.9136,1.11274477,2.15952274,3.07893228,3.81834304,-0.96610922244,-1.8747420433,-0.16175362934,-0.4585525702999999,6.558337317999988,-7.388896860600012,1.0494911907999998,-1.9577948384000008
98,ASP,0.652,0.2431928384930995,2.03267,1.1762699999999997,0.8527300000000002,1,0.25,1,0.25,0.1111,0.3239,0.8675,1.0,0.97357286,1.88900094,2.69227339,3.33731185,-1.0562355385,-2.060247188,-0.16105500814,-0.45852883541,6.799863829999975,-10.055704830999996,1.029580956199999,-2.3666175629600006
99,ARG,1.975,0.5890247539516851,3.67396,1.1462899999999998,0.2317100000000003,0,0.0,0,0.0,0.0,0.7346,0.9398,0.6914,0.6947218399999999,1.34396056,1.90571786,2.34466823,-1.0404790626999998,-2.025534243,-0.1647144844,-0.4681670750999999,7.260841005999975,-16.344254624999994,1.1999405877000016,-4.0798835622
100,GLY,0.716,0.3960176991150442,1.01085,0.73705,0.3549500000000001,0,0.0,0,0.0,0.4556,0.0,1.0,0.5062,0.55490336,1.06836706,1.50234273,1.82526734,-0.9961829705000002,-1.9221793403,-0.18241942493,-0.5149670149000001,8.890722458999987,-18.20141460730003,1.621330202199991,-4.881490825599997
101,TYR,1.826,0.5357981220657277,3.9223,1.44515,0.1368499999999999,2,0.285714285714286,0,0.0,0.3556,0.8063,0.502,0.1605,1.67151017,3.25788615,4.67913988,5.86520472,-2.2632385365,-4.422595932000001,-0.33529723284,-0.9567239735000004,22.84406650600031,-31.75130578,3.424833461900005,-7.076420545799997
102,ASN,1.03,0.4212678936605317,2.11708,1.04687,0.3681299999999998,1,0.0714285714285714,0,0.0,0.1111,0.3976,0.6747,0.8272,1.6700071399999998,3.24617504,4.64081035,5.77805247,-2.505595879499998,-4.881063204300001,-0.3920400629700001,-1.1150688027600002,19.83871206099997,-30.283367757500034,3.115540464300014,-7.28360086040001
103,GLY,0.527,0.2914823008849557,0.8314400000000001,0.80324,0.4777600000000002,0,0.0,0,0.0,0.4556,0.0,1.0,0.5062,1.80855849,3.5118680600000003,5.011687170000001,6.22326698,-1.966467899909999,-3.8254687997,-0.3170197547400001,-0.9010566977960004,19.87425169200006,-22.356565006199965,3.1595016704,-5.361917735800002
104,GLY,0.511,0.2826327433628318,0.7710899999999999,0.8331000000000002,0.4639,0,0.0,0,0.0,0.4556,0.0,1.0,0.5062,2.08606748,4.0464946500000005,5.764298250000001,7.139143749999999,-2.0841667045000003,-4.047426170999999,-0.34495671809,-0.9786945697599998,19.55538154300008,-33.10026496639998,3.1484281624000228,-8.01724453314001
105,GLY,0.205,0.1133849557522123,0.68672,0.98091,0.62209,0,0.0,0,0.0,0.4556,0.0,1.0,0.5062,2.0852574500000003,4.04017547,5.7435923,7.09199696,-2.2868901327999995,-4.4443023296,-0.37342744701,-1.0599811872,16.373125676999962,-26.97479154420004,2.6422429864000208,-6.48696396029999
106,GLY,0.064,0.0353982300884955,0.79624,1.03586,0.70814,0,0.0,0,0.0,0.4556,0.0,1.0,0.5062,2.64380959,5.136770180000002,7.33764344,9.12373583,-2.5039840766,-4.879011646900001,-0.3917340456999999,-1.1147995771799997,14.270436926999992,-21.518479916299977,2.165608354,-4.824688567669992
107,GLY,0.197,0.1089601769911504,0.63516,0.96499,0.64601,0,0.0,0,0.0,0.4556,0.0,1.0,0.5062,2.78179184,5.39812557,7.694645020000001,9.53836976,-2.145431802850001,-4.173074543699999,-0.346126444584,-0.98348339712,17.11299195100004,-23.037293414900034,2.819982270799989,-5.772887297859991
108,GLY,0.281,0.1554203539823009,0.72832,1.05179,0.4752100000000001,0,0.0,0,0.0,0.4556,0.0,1.0,0.5062,2.36275879,4.574731700000001,6.495927880000001,8.00709728,-2.3173534753000005,-4.505706828430001,-0.3756805145370001,-1.06692168786,18.322867409000136,-34.04054049850003,3.079662885999998,-8.296891470900004
109,GLY,0.972,0.5376106194690266,0.91655,0.7477100000000001,0.0882899999999999,0,0.0,0,0.0,0.4556,0.0,1.0,0.5062,1.80976149,3.521222540000001,5.042238870000001,6.29253584,-2.04640778836,-3.989720099500001,-0.3171481258299998,-0.90312957655,23.23221377200004,-33.11083081349987,3.5278171616999723,-7.49610231589999
110,ASN,1.477,0.6040899795501024,2.39366,0.83296,0.1350399999999997,0,0.0,0,0.0,0.1111,0.3976,0.6747,0.8272,1.5319768799999998,2.98456557,4.2833817100000005,5.363674209999999,-2.07178350313,-4.0372244064,-0.3210405464799999,-0.913034021874,26.58366405900032,-37.274387981899885,3.924955050799957,-8.432570317899977
111,ARG,1.363,0.4065016403220995,3.4083300000000003,1.6346499999999995,0.3553500000000007,0,0.0,2,0.1,0.0,0.7346,0.9398,0.6914,1.94913697,3.793317799999999,5.43400251,6.78503472,-2.5485445643,-4.965550214700001,-0.3995480752500001,-1.1370824258299992,24.1661350040001,-39.20438682599994,3.763235967900001,-9.146159656549989
112,GLY,0.147,0.0813053097345132,0.68313,1.1144499999999995,0.5465500000000005,0,0.0,1,0.0212765957446809,0.4556,0.0,1.0,0.5062,2.5030047899999994,4.853593859999999,6.909799160000001,8.54976319,-2.4098454418000004,-4.680316295999997,-0.39908470823,-1.1325831398999997,20.022029097999912,-35.46149684700011,3.2599572538000112,-8.715517043199975
113,TYR,1.016,0.2981220657276995,3.3435,1.8360500000000004,0.5559499999999995,0,0.0,0,0.0,0.3556,0.8063,0.502,0.1605,2.7845203300000003,5.41941331,7.764431080000001,9.69741243,-1.8299628948400009,-3.5583459383,-0.295859884603,-0.8401820963950003,19.957039610000063,-16.9858688778,3.122347870699988,-4.240882523010001
114,ASN,0.663,0.2711656441717792,2.0756,1.3499499999999998,0.43205,0,0.0,0,0.0,0.1111,0.3976,0.6747,0.8272,2.36822955,4.61727287,6.63488923,8.322256969999998,-2.418436621310001,-4.708488660559998,-0.3820294527940001,-1.085914187896,18.60032841700002,-21.9528665982,2.760477010300008,-4.925755972035996
115,ASN,0.881,0.3603271983640082,2.0345500000000003,1.27688,0.2871199999999998,0,0.0,1,0.0769230769230769,0.1111,0.3976,0.6747,0.8272,1.9489311,3.79174009,5.42893013,6.773783290000001,-2.0509822545,-3.99229844,-0.3277002613899999,-0.9319961956400002,21.87631969699993,-27.720099653499965,3.4910364179999784,-6.612075167200014
116,ASN,0.521,0.2130879345603272,1.92495,1.33342,0.5905799999999999,0,0.0,5,0.294117647058824,0.1111,0.3976,0.6747,0.8272,1.52917139,2.96263019,4.21132196,5.19900009,-1.9425121955000009,-3.78080224,-0.31004898709,-0.8814863261899998,16.374995194000057,-26.183643781400047,2.641240123199998,-6.137070075899998
117,ARG,1.282,0.3823441694005368,3.39918,1.46672,0.6042800000000002,0,0.0,2,0.133333333333333,0.0,0.7346,0.9398,0.6914,1.39002002,2.6922424199999995,3.82501152,4.71848714,-1.9942663099000004,-3.8744566929,-0.3282021181299999,-0.9316202599600002,14.725896610000015,-26.583573313500057,2.377913444499986,-6.283680777499999
118,GLY,0.73,0.4037610619469026,0.95093,0.72339,0.3546100000000001,2,0.222222222222222,2,0.222222222222222,0.4556,0.0,1.0,0.5062,1.53175365,2.9828046999999995,4.27754314,5.35016482,-1.1990235333400003,-2.344531380749999,-0.1742642603559999,-0.4972949957300001,14.672794632000034,-22.51914196570001,2.1282600516,-4.8373655356600045
119,GLY,0.634,0.3506637168141593,0.8473900000000001,0.79887,0.3751299999999999,2,0.153846153846154,3,0.230769230769231,0.4556,0.0,1.0,0.5062,1.25154046,2.42713645,3.45615425,4.27816526,-1.0656473563000002,-2.0654543070000004,-0.18263031753,-0.5174904308999999,12.580372544000022,-22.286967072000124,2.2280345465000075,-5.91900073349999
120,GLY,0.127,0.0702433628318584,0.54004,1.07441,0.60659,1,0.0588235294117647,3,0.176470588235294,0.4556,0.0,1.0,0.5062,1.3910415900000002,2.70023334,3.85127263,4.77852714,-1.361136555,-2.657237995999999,-0.2058820558999999,-0.5870383168000001,13.715399505999995,-25.17362985600005,2.1288427537999994,-5.82567403419999
121,GLY,0.813,0.4496681415929203,0.95128,0.70277,0.2922300000000001,1,0.1,0,0.0,0.4556,0.0,1.0,0.5062,1.113241,2.16338925,3.09158578,3.84710846,-1.2151734006,-2.3755916867000004,-0.17737733838,-0.5060446129999998,12.267213821000055,-22.035186639500004,1.835154282800004,-4.839502054510012
122,GLY,0.589,0.3257743362831858,0.85005,0.81272,0.4062800000000001,2,0.285714285714286,0,0.0,0.4556,0.0,1.0,0.5062,0.97332369,1.88704674,2.68583357,3.32253402,-0.927870226,-1.8052322855,-0.1484722356,-0.4218017026999999,10.411622132000042,-22.78752005000007,1.6217088472,-5.313883719699996
123,GLY,0.95,0.5254424778761062,0.95457,0.6380699999999999,0.2199300000000001,2,0.4,0,0.0,0.4556,0.0,1.0,0.5062,0.97382029,1.89094035,2.6986623,3.35196682,-0.7734800672000001,-1.5105539544,-0.114989449096,-0.3276908130099999,9.276677120999969,-17.209488702200005,1.396845376600001,-3.7019169502100047
124,TYR,1.112,0.3262910798122066,3.6168,1.6873599999999995,0.6086400000000003,4,0.5,1,0.125,0.3556,0.8063,0.502,0.1605,1.2522708,2.43281442,3.4746935700000003,4.32018324,-0.9273556788,-1.8120943196,-0.13762292507,-0.39272234242,11.093832971999992,-21.223674524200028,1.6190079466999996,-4.582817582360015
125,ASN,1.181,0.4830265848670757,2.25527,1.01582,0.2481799999999998,1,0.333333333333333,2,0.666666666666667,0.1111,0.3976,0.6747,0.8272,0.83384369,1.61410873,2.29121245,2.82323221,-0.8616499108,-1.6680618345,-0.14891895405,-0.4211035515,9.104087921999966,-17.547304524499996,1.5050519436999967,-4.376651094799998
126,ARG,2.029,0.6051297345660602,3.8643,0.95997,0.3640300000000003,1,0.333333333333333,2,0.666666666666667,0.0,0.7346,0.9398,0.6914,0.97363563,1.88949131,2.69388394,3.34099174,-1.106716639,-2.1559815656000003,-0.17306017141,-0.49222758265,10.773308041999968,-19.4424443632,1.6104357529999984,-4.377046952440009
127,GLN,1.457,0.5067826086956522,2.93666,1.1838000000000002,0.2341999999999997,1,0.142857142857143,4,0.571428571428571,0.1111,0.5388,0.7952,0.6914,1.1123819499999998,2.15668198,3.06958823,3.79695507,-1.2430388909,-2.4169145078,-0.2018947568999999,-0.5734981808000003,10.248861092000029,-21.351342506399988,1.6470466099999967,-5.193766415800001
128,ASP,1.227,0.4576650503543454,2.40977,0.8966800000000001,0.5573199999999998,0,0.0,4,0.363636363636364,0.1111,0.3239,0.8675,1.0,1.39002258,2.69234208,3.82560574,4.720648110000001,-1.0449268367,-2.0254766255,-0.1778832903999999,-0.5037782932000001,10.357032569999962,-17.193028412000015,1.748459805599996,-4.38839980599999
129,ARG,1.726,0.5147628988965105,3.39196,1.4256300000000002,0.20137,0,0.0,3,0.25,0.0,0.7346,0.9398,0.6914,1.8088925900000004,3.5145314200000004,5.02060966,6.244182039999999,-1.3988875898,-2.734775636,-0.2041121721999999,-0.5823255199599999,13.95764203699997,-24.39998220199997,2.092136681199986,-5.315066594379991
130,GLY,0.226,0.125,0.8005200000000001,1.05868,0.52332,1,0.0555555555555556,1,0.0555555555555556,0.4556,0.0,1.0,0.5062,1.38911737,2.68521473,3.802027900000001,4.666276109999999,-2.0596273313,-3.991706477,-0.3547971862000001,-1.0056289886999998,15.52003088599998,-29.291274362999967,2.764246178599989,-7.629271357199987
131,ASP,1.163,0.4337933606863111,2.47212,1.0129,0.5051000000000001,1,0.0714285714285714,1,0.0714285714285714,0.1111,0.3239,0.8675,1.0,1.39047958,2.69581176,3.83665309,4.744829510000001,-2.1530220073979995,-4.186285461430002,-0.3506888214139999,-0.9964075592150002,19.091136970999976,-31.32798170145611,3.0405946911999964,-7.40073431397999
132,GLY,0.457,0.2527654867256637,0.8251900000000001,0.8527,0.4982999999999999,0,0.0,3,0.230769230769231,0.4556,0.0,1.0,0.5062,1.39036963,2.6949846400000004,3.83404917,4.739227329999999,-1.1692774193000002,-2.2713888154000004,-0.1920687837599999,-0.5449138363,11.142218047000044,-17.812135010799985,1.8649219570999955,-4.323635814000002
133,GLY,0.106,0.0586283185840707,0.78192,1.01804,0.6839599999999999,0,0.0,5,0.294117647058824,0.4556,0.0,1.0,0.5062,1.38871081,2.68213653,3.792253580000001,4.64496137,-1.180349245,-2.291473022000001,-0.1973348218,-0.5599474919999999,9.607692663000009,-20.53687626499993,1.6586621980000045,-5.206142371000002
134,SER,0.936,0.4301470588235294,1.5827699999999998,0.8489899999999999,0.3910100000000003,0,0.0,2,0.25,0.4111,0.1877,0.8514,0.5309,1.11219793,2.15522766,3.06475442,3.78573471,-1.0026164195,-1.951212975,-0.16066531458,-0.45681770024,8.59536534499999,-17.814983459499974,1.4260096578000017,-4.354043440940002
135,SER,0.767,0.3524816176470588,1.65769,0.92682,0.4821800000000003,0,0.0,1,0.142857142857143,0.4111,0.1877,0.8514,0.5309,0.97297785,1.88434835,2.67698982,3.30238927,-0.8280389140000001,-1.6068262536,-0.13899453096,-0.3941651516,9.357744723999996,-13.728787086999986,1.403039641899998,-3.1993700098000035
136,ASN,0.913,0.3734151329243354,2.19033,1.1993000000000005,0.3326999999999993,0,0.0,1,0.166666666666667,0.1111,0.3976,0.6747,0.8272,0.97310983,1.88535686,2.68021896,3.3095085,-0.7091922092999999,-1.3822890265,-0.1107642562,-0.3154124924,6.832255196999998,-8.499381895199997,1.1092577838999995,-1.911180921800004
137,PHE,1.507,0.4847217754905114,3.3222500000000004,1.47285,0.1291500000000001,1,0.25,2,0.5,0.8111,0.783,0.0763,0.037,0.83357506,1.61201148,2.28433406,2.80754838,-0.6936787950000001,-1.345824515,-0.1166273388,-0.3306169627,4.040902036000001,-7.118406152000008,0.6785661144999995,-1.8434986840000007
138,SER,1.264,0.5808823529411764,1.62092,0.61668,0.2953200000000001,1,0.25,1,0.25,0.4111,0.1877,0.8514,0.5309,0.69437105,1.3412137,1.8966805,2.32397314,-0.6193946559999999,-1.198924631,-0.1082396014,-0.306308987,2.3518550409999976,-6.638823870999997,0.4138881817000001,-1.7315823159999997
139,ARG,1.998,0.5958842827318819,3.60761,1.29622,0.0587800000000002,2,0.5,2,0.5,0.0,0.7346,0.9398,0.6914,0.8333861300000001,1.61054571,2.27955799,2.79675341,-0.4501395689999999,-0.8763961689999997,-0.0712450795,-0.2025618181,2.593821479999999,-5.736436672000003,0.3992723917999999,-1.3178649236000002
140,GLY,1.073,0.5934734513274336,1.05987,0.5980199999999999,0.1369800000000002,2,0.333333333333333,1,0.166666666666667,0.4556,0.0,1.0,0.5062,0.8335226699999999,1.6115835799999998,2.28286393,2.80399033,-0.3613302136,-0.7048410370000001,-0.0554988337999999,-0.1581288,2.1996433689999977,-4.053113434,0.3496709965,-0.9049971687
141,GLY,0.713,0.394358407079646,0.77704,0.87955,0.2154500000000001,2,0.5,1,0.25,0.4556,0.0,1.0,0.5062,0.6941418500000001,1.33943582,1.89088921,2.3108902600000003,-0.484339476,-0.9368683009999998,-0.0855564345,-0.242004979,1.8035332980000007,-4.459604195000002,0.3133897682,-1.130802888
142,TYR,2.267,0.6651995305164319,4.02542,0.94087,0.20013,1,0.25,1,0.25,0.3556,0.8063,0.502,0.1605,0.83392853,1.61476546,2.29334613,2.82803479,-0.50841604,-0.987418342,-0.0837218538,-0.2374509319999999,2.8660901309999947,-6.588876766000013,0.4622594965,-1.6205509580000013
143,ASN,1.211,0.4952965235173824,2.36069,0.96829,0.2657099999999998,0,0.0,2,0.5,0.1111,0.3976,0.6747,0.8272,0.83354868,1.6117916799999998,2.28356258,2.8056333,-0.4454171480000001,-0.8695774879999999,-0.0674962941999999,-0.1924895454999999,3.301820379999997,-7.725400194000002,0.5059270878,-1.6611589889999994
144,ASN,1.473,0.6024539877300614,2.44843,0.83669,0.1353099999999997,0,0.0,2,0.5,0.1111,0.3976,0.6747,0.8272,0.55493656,1.06862682,1.5031960700000002,1.82721762,-0.500118057,-0.967637311,-0.0880701084,-0.2491720099999999,2.863211912000005,-8.221127783999988,0.4906333796999995,-2.0458836670000022
145,ARG,1.883,0.5615866388308977,3.85674,1.37168,0.0983200000000001,0,0.0,1,0.2,0.0,0.7346,0.9398,0.6914,0.6941362500000001,1.3393928000000002,1.89075099,2.31058425,-0.4714649623,-0.91008862,-0.0857444274,-0.2421193925,4.0317508900000005,-8.384208282000001,0.7529423930000001,-2.405192548999996
146,ASP,0.913,0.340544572920552,2.38936,1.14342,0.6245799999999999,0,0.0,0,0.0,0.1111,0.3239,0.8675,1.0,0.97369972,1.88997113,2.69538344,3.34418132,-0.9388250389,-1.8373860713,-0.1348488530399999,-0.3853432873,9.048480891000054,-9.78846528600002,1.316026409400001,-2.0359864851500014
147,GLU,1.891,0.6931818181818181,2.97356,0.8444200000000001,-0.0074199999999998,0,0.0,1,0.142857142857143,0.1111,0.4884,0.8112,0.9136,0.8340115100000001,1.61540725,2.29542911,2.83271646,-1.0684948242999996,-2.0742079271,-0.17818653092,-0.5053995866999998,9.85198894900004,-12.930303348499988,1.6171715326000065,-3.162515239660008
148,GLY,0.49,0.2710176991150442,0.93861,0.83976,0.4782400000000001,0,0.0,1,0.125,0.4556,0.0,1.0,0.5062,1.2524496,2.4342071199999995,3.479247870000001,4.330526599999999,-0.9100721504499998,-1.7635824032000005,-0.1557126388199999,-0.44092083014,10.015364064,-11.484736628099974,1.5927001563999932,-2.78318223028
149,SER,0.348,0.1599264705882352,1.5805699999999998,1.28986,0.5381400000000003,0,0.0,1,0.0714285714285714,0.4111,0.1877,0.8514,0.5309,1.94901317,3.79237472,5.430989800000001,6.77841255,-1.7782942435599998,-3.479035614400001,-0.25605806718,-0.73115671398,10.488614668999944,-17.97826053860001,1.642652704199998,-4.143551218639997
150,ASP,0.639,0.2383439015292801,2.0335400000000003,1.42829,0.6137099999999998,0,0.0,1,0.0909090909090909,0.1111,0.3239,0.8675,1.0,2.09016859,4.078426749999999,5.868740220000001,7.37642081,-2.173754269400001,-4.243585906000001,-0.32676589185,-0.9311576591,14.982135923000028,-22.73281671579993,2.219754501700005,-5.102773039600007
151,ASN,0.842,0.3443762781186094,2.3433,1.17103,0.4319699999999997,1,0.0714285714285714,0,0.0,0.1111,0.3976,0.6747,0.8272,1.67078318,3.2522021900000007,4.66046885,5.82254385,-2.3642558958940008,-4.59027336085,-0.391823651149,-1.111119847795,18.38894919800007,-24.475348813540045,2.8506873005000224,-5.939049483160003
152,ARG,1.099,0.3277661795407098,3.15837,1.85571,0.3982900000000005,4,0.2,0,0.0,0.0,0.7346,0.9398,0.6914,2.08925871,4.07129409,5.84524526,7.322536469999999,-2.96355521541,-5.772766340430003,-0.465723352158,-1.3249245419000002,24.54164621499996,-33.836047448899954,3.622305795400017,-7.572303558364993
153,GLY,0.027,0.014933628318584,0.67667,1.09781,0.6831900000000002,1,0.0344827586206897,0,0.0,0.4556,0.0,1.0,0.5062,2.36643777,4.603274810000001,6.58894622,8.21739699,-2.7377975034499995,-5.3277875205,-0.4377304370799998,-1.24419504658,24.95304105099998,-36.40371560957999,3.877178421199991,-8.307382038019961
154,SER,0.459,0.2109375,1.49821,1.1374400000000002,0.5795599999999999,2,0.0487804878048781,0,0.0,0.4111,0.1877,0.8514,0.5309,2.64472566,5.143866170000001,7.36072284,9.17576348,-2.3218919577999992,-4.518435183999999,-0.3721264515599999,-1.0579358404,27.856533420999963,-39.8159711063999,4.371299897500034,-9.4916409849
155,GLY,0.154,0.0851769911504424,0.77417,1.04394,0.61006,1,0.0238095238095238,0,0.0,0.4556,0.0,1.0,0.5062,2.92341636,5.68770267,8.143490700000001,10.16026172,-2.2657872555000007,-4.411751634899998,-0.3583547266699999,-1.0189920096,25.57196983599992,-41.77995789340011,4.054615075800002,-9.795323275199983
156,ARG,1.585,0.4727110050700864,3.67048,1.4649,0.3031000000000001,0,0.0,0,0.0,0.0,0.7346,0.9398,0.6914,2.50657745,4.8813171,7.000146300000001,8.7540015,-2.7352240651,-5.3190918121,-0.4425938158200002,-1.2571944889300006,25.616954734000068,-34.06476536060001,4.022600660399987,-8.029843050930006
157,SER,0.344,0.1580882352941176,1.54533,1.17721,0.6547900000000002,4,0.153846153846154,0,0.0,0.4111,0.1877,0.8514,0.5309,2.36658758,4.60443301,6.592700530000001,8.2258178,-2.908433163050001,-5.668482119999999,-0.45368092276,-1.29157297844,23.650865226000192,-30.48908454350008,3.714885669499977,-6.827046352149995
158,TYR,0.686,0.2012910798122066,3.69983,1.96558,0.7564199999999999,8,0.333333333333333,0,0.0,0.3556,0.8063,0.502,0.1605,2.22789101,4.33762439,6.21823402,7.772634279999998,-2.6312801610000003,-5.129265225100001,-0.40723072217,-1.1590775570299998,20.0832056729999,-24.750069376300058,3.085287010499988,-5.82425138580001
159,ASN,1.208,0.4940695296523517,2.21197,1.15396,0.0830399999999997,4,0.235294117647059,0,0.0,0.1111,0.3976,0.6747,0.8272,1.80941462,3.51855531,5.03362811,6.2733183100000005,-2.6753583418499995,-5.215373432300002,-0.4139516650599999,-1.17828174262,19.016833926,-27.38385531909996,2.959183469199982,-6.53698235115999
160,ASN,0.893,0.3652351738241309,2.17775,1.20512,0.3468799999999998,2,0.2,0,0.0,0.1111,0.3976,0.6747,0.8272,1.3913184899999995,2.7023886,3.85832118,4.794538009999999,-2.1790569790999994,-4.2473564306,-0.33791689369,-0.96174650346,14.725326410000068,-27.47322499839997,2.362776832100005,-6.57834072184002
161,ASP,1.117,0.4166355837374114,2.36633,0.90757,0.6564300000000001,0,0.0,0,0.0,0.1111,0.3239,0.8675,1.0,1.11279231,2.15990075,3.08019534,3.82129438,-1.7403455227,-3.3935229282500003,-0.2669707598900001,-0.7598129355000003,12.929526051000057,-26.960445754859933,1.982874529500011,-6.155850281610013
162,ARG,1.983,0.5914106770056665,3.50562,1.25273,0.1172700000000002,0,0.0,0,0.0,0.0,0.7346,0.9398,0.6914,0.97348664,1.8883338400000005,2.69010769,3.33244262,-0.9663927844999995,-1.8786489850000003,-0.15682185448,-0.4452086017,8.565484965999994,-17.764278622999974,1.327180252700006,-4.103304567500008
163,ARG,2.242,0.6686549358783179,3.94187,0.91894,0.1920600000000002,0,0.0,0,0.0,0.0,0.7346,0.9398,0.6914,0.6941082000000001,1.33917192,1.8900197,2.3088953,-0.83243594,-1.611632743,-0.1444615799999999,-0.4087482472000001,5.730518474999995,-12.046272665,0.9410687145999986,-2.851621373999999
164,ASP,1.167,0.4352853412905632,2.36767,0.90532,0.60868,0,0.0,0,0.0,0.1111,0.3239,0.8675,1.0,1.11282486,2.16014433,3.08095736,3.82291795,-0.46796137,-0.911406174,-0.073862608,-0.210125138,4.982408576000007,-14.231232664000002,0.841367981799998,-3.4558917999999923
165,ASN,1.648,0.6740286298568507,2.44478,0.91269,-0.11569,0,0.0,0,0.0,0.1111,0.3976,0.6747,0.8272,0.97332267,1.88704012,2.6858154,3.32250289,-0.3551961019999999,-0.691515164,-0.0561820556,-0.159697716,4.439215288000004,-13.224832550000016,0.6965714647999992,-3.040917127999999
166,GLY,0.85,0.4701327433628318,0.90914,0.7074199999999999,0.2505800000000001,0,0.0,0,0.0,0.4556,0.0,1.0,0.5062,0.55500298,1.06914619,1.5049027,1.83111795,-0.385897925,-0.7444894538,-0.0707511071299999,-0.1996826363999999,1.880477961999998,-5.706230663999999,0.3389872446,-1.4931674859999997
167,GLY,0.861,0.476216814159292,1.04133,0.73254,0.2144600000000001,0,0.0,0,0.0,0.4556,0.0,1.0,0.5062,0.69403836,1.33861455,1.88814957,2.30450208,-0.2205057287999999,-0.4297321184,-0.03471590495,-0.09889852056,2.121420964000001,-3.790732218000001,0.3377757109999996,-0.8639883975999997
168,ASP,1.544,0.5759045132413279,2.47352,0.82061,0.31639,0,0.0,0,0.0,0.1111,0.3239,0.8675,1.0,0.6947714700000001,1.34434419,1.90696207,2.34745981,-0.1235234748,-0.24123931,-0.018371511,-0.0523550443,2.121929879999997,-2.136392497000001,0.3274599012000001,-0.4665598380000003
169,GLY,1.471,0.8136061946902655,1.55965,0.4553399999999999,-0.1183399999999999,0,0.0,0,0.0,0.4556,0.0,1.0,0.5062,0.69660225,1.35857622,1.95344118,2.45284886,-0.2885578031,-0.5635732803,-0.04260651427,-0.1213633549999999,3.271024504999997,-6.169274457999997,0.4194734405999999,-1.1481469270000024
