2,MET,2.523,0.846076458752515,3.0406,0.4115999999999999,0.0474000000000001,0,0.0,0,0.0,0.7111,0.6196,0.0,0.0988,0.5567333299999999,1.08258357,1.54873708,1.93035644,-0.138560069,-0.27227991,-0.018090646,-0.051894461,1.0636585859999996,-2.21496421,0.1409091788,-0.424571671
3,GLU,1.572,0.5762463343108504,2.97031,1.00711,0.1488900000000002,2,0.5,1,0.25,0.1111,0.4884,0.8112,0.9136,0.55457884,1.06584101,1.49408448,1.80651897,-0.142746082,-0.27774866,-0.023195425,-0.066007866,1.059644948,-2.3074927400000003,0.1782282407999999,-0.5575572059999999
4,SER,1.25,0.5744485294117647,1.45349,0.75312,0.1728800000000001,1,0.333333333333333,1,0.333333333333333,0.4111,0.1877,0.8514,0.5309,0.5548696799999999,1.06810384,1.5014785600000002,1.82329434,-0.178873943,-0.34551474,-0.032300809,-0.09127372,1.0567033419999996,-3.13723579,0.198733952,-0.8698338820000004
5,ASN,1.317,0.5386503067484663,2.34005,0.96245,0.1655499999999998,2,0.4,1,0.2,0.1111,0.3976,0.6747,0.8272,0.69401285,1.33842443,1.88755808,2.30325177,-0.278536289,-0.5387388900000001,-0.0496335359999999,-0.140495365,0.4298273080000001,-1.0477032839999998,0.0861279709999999,-0.311455855
6,GLN,1.707,0.5937391304347827,3.02921,0.8845799999999999,0.28342,2,0.333333333333333,1,0.166666666666667,0.1111,0.5388,0.7952,0.6914,0.83382311,1.61393014,2.29056326,2.82155654,-0.552783407,-1.068667893,-0.0987789092,-0.279366964,0.509391272,-1.018254338,0.0913810259999999,-0.27877212
7,SER,1.186,0.5450367647058822,1.4299000000000002,0.80492,0.1850800000000002,0,0.0,0,0.0,0.4111,0.1877,0.8514,0.5309,0.8342395,1.61720288,2.30137424,2.84644475,-0.8871871388299997,-1.7134778875,-0.15852105498,-0.4473345771399999,1.0611277599999998,-0.5968928638000001,0.1616746313999999,-0.1325542761
8,ASN,1.156,0.47280163599182,2.35783,1.14374,0.1452599999999999,0,0.0,0,0.0,0.1111,0.3976,0.6747,0.8272,1.5313294,2.97944823,4.266378329999999,5.32422533,-0.96556482757,-1.8850661669,-0.14545643808,-0.4146310295900001,1.1011637449999998,-1.1317018518,0.1622067434,-0.23332091388
9,ASN,0.865,0.3537832310838446,2.2660400000000003,1.37532,0.2046799999999997,0,0.0,0,0.0,0.1111,0.3976,0.6747,0.8272,1.53137171,2.97978842,4.267528319999999,5.32695317,-0.9120151599,-1.7820771519999998,-0.13521215222,-0.3857744295999998,1.1024921380000003,-1.6497237129999998,0.1515928806,-0.3265457852000001
10,GLY,0.924,0.5110619469026548,0.98624,0.6537499999999999,0.23025,0,0.0,0,0.0,0.4556,0.0,1.0,0.5062,0.97364151,1.88952449,2.69394705,3.34099365,-0.84763240548,-1.6515513686700003,-0.131555235964,-0.3740578861600001,1.766623666,-1.9084407483000003,0.2857024502000002,-0.4978136789400002
11,GLY,0.637,0.3523230088495575,0.8975799999999999,0.80004,0.37096,0,0.0,0,0.0,0.4556,0.0,1.0,0.5062,0.9729742,1.88429682,2.6767392,3.3015654100000003,-0.7959711207,-1.5547544320000004,-0.11961620338,-0.3413568611299999,1.7676953900000012,-1.966013486000001,0.2817749107,-0.44254897698
12,SER,1.407,0.6465992647058824,1.5934,0.7216100000000001,0.04739,0,0.0,0,0.0,0.4111,0.1877,0.8514,0.5309,0.97277732,1.88275585,2.67167172,3.2899699800000004,-0.6776282913599998,-1.3144988460000002,-0.1149723992,-0.3261049142399999,2.1581973659999987,-1.7734675132999995,0.3621369337000004,-0.4514301319399999
13,GLY,0.546,0.3019911504424779,0.89713,0.8401099999999999,0.4218900000000001,1,0.1,0,0.0,0.4556,0.0,1.0,0.5062,1.3918208600000002,2.70630102,3.87111785,4.82360823,-0.8851247378000002,-1.7184554922000004,-0.14642624571,-0.4151178162499999,1.8062269480000013,-2.3292679156,0.2901983232000003,-0.5840511811
14,ASN,0.499,0.2040899795501022,2.02674,1.5654400000000002,0.3805599999999995,1,0.0416666666666667,2,0.0833333333333333,0.1111,0.3976,0.6747,0.8272,2.08728305,4.05588504,5.79475702,7.20756372,-0.3919880398000001,-0.7636403396000001,-0.0613219194,-0.1744339879,1.336268975,-1.6628350582000002,0.2055555796000001,-0.3993411391999998
15,ALA,1.045,0.479138010087116,1.2647199999999998,0.81133,0.3246700000000001,1,0.0833333333333333,2,0.166666666666667,0.7,0.1645,0.249,0.3951,1.25114622,2.42407363,3.44615761,4.255517589999999,-0.5452255163000002,-1.0420539307000007,-0.11351246818,-0.3184812125999999,2.668253907000001,-1.3822117340000006,0.4458336041999999,-0.4272278381599997
16,ALA,0.742,0.3402109124254929,1.14139,0.89371,0.54529,0,0.0,2,0.181818181818182,0.7,0.1645,0.249,0.3951,1.11130332,2.14828114,3.04210242,3.73448473,-0.9858336230700004,-1.9079324493,-0.1741690289299999,-0.4933067013299999,2.509512048000003,-3.4116237287000017,0.4366506234999998,-0.8990099284400004
17,LEU,1.728,0.6501128668171557,2.5546,0.7552799999999998,0.1747200000000001,1,0.111111111111111,1,0.111111111111111,0.9222,0.663,0.2811,0.0,1.25147074,2.42657685,3.45426532,4.273695050000001,-1.02122702974,-1.9815378848,-0.17183149882,-0.4872821047899998,2.1587722210000004,-3.5023850192,0.3548465239000001,-0.90177051866
18,ASN,0.838,0.3427402862985685,1.94404,1.22182,0.3851799999999998,4,0.285714285714286,3,0.214285714285714,0.1111,0.3976,0.6747,0.8272,1.52856704,2.95792818,4.1959538400000005,5.164120560000001,-1.1066846110000002,-2.147422219,-0.1861110449,-0.5277835934,1.923424049,-3.705055546,0.3167454603999998,-0.8892069957999997
19,ARG,1.449,0.4321503131524008,3.18073,1.57802,0.3259800000000001,5,0.172413793103448,7,0.241379310344828,0.0,0.7346,0.9398,0.6914,1.80630422,3.49436245,4.95459259,6.094057309999999,-0.4708205967,-0.91055568494,-0.0829194147,-0.23439512123,1.0990904690000007,-1.4152567831000005,0.1793905556999999,-0.3197254039
20,GLY,0.478,0.2643805309734513,0.89704,0.84797,0.48203,3,0.12,5,0.2,0.4556,0.0,1.0,0.5062,1.94787787,3.78352116,5.401985460000001,6.712377739999999,-0.4735296342999999,-0.9192325571,-0.07901941101,-0.22415337366,1.449903777000001,-2.501536926800002,0.2592518589,-0.6401383954
21,GLY,0.424,0.2345132743362831,0.7218800000000001,0.8580300000000001,0.52597,3,0.230769230769231,4,0.307692307692308,0.4556,0.0,1.0,0.5062,1.53012929,2.9701602,4.23619869,5.2562763,-0.799855015,-1.54971643,-0.136379787584,-0.38587953648,1.8835472260000004,-2.5243908382,0.3119036409000004,-0.62060264794
22,ARG,2.055,0.6128839844915002,3.45532,1.3907699999999998,-0.0927699999999998,3,0.2,4,0.266666666666667,0.0,0.7346,0.9398,0.6914,1.53091649,2.97626511,4.25608065,5.301184139999999,-1.0452700103,-2.0325675345,-0.16922625394,-0.48066304608,0.7445049140000001,-1.8699826500000003,0.1332929967,-0.4930255881999998
23,TYR,0.89,0.261150234741784,3.14826,1.87995,0.6380499999999998,1,0.111111111111111,3,0.333333333333333,0.3556,0.8063,0.502,0.1605,1.25147847,2.42663164,3.4544268400000004,4.27400842,-0.8102446825999999,-1.5709523422,-0.13767097862,-0.39006076175,2.27649349,-4.3208516352,0.3733351589000003,-1.0223245712999998
24,VAL,1.204,0.4944558521560575,1.89173,0.89609,0.33491,0,0.0,1,0.25,0.9667,0.4924,0.3655,0.1235,1.11319048,2.16301258,3.09041261,3.84462665,-1.24369902075,-2.4301680173,-0.18383828251,-0.5243754840400001,2.044508124000001,-4.620535756000002,0.3067969008999999,-1.0321860378
25,PRO,0.928,0.4161434977578475,1.7653100000000002,1.02242,0.2795799999999999,0,0.0,1,0.25,0.3222,0.3764,0.8594,0.3827,0.6943777,1.34126299,1.89683381,2.32429715,-0.8839104977,-1.7158567690000002,-0.14746723544,-0.4182697464,2.192707098,-4.948098427,0.4036397227,-1.326807341999999
26,PRO,1.013,0.4542600896860986,1.91743,0.95661,0.2603900000000001,0,0.0,1,0.25,0.3222,0.3764,0.8594,0.3827,0.83380809,1.6138315100000002,2.29030532,2.82117016,-0.9123922290000004,-1.7737124100000004,-0.1476290088,-0.4190148565999999,3.1780185550000004,-8.031496755000001,0.5315925624000007,-1.9992595511000009
27,HIS,1.607,0.5811934900542495,2.52902,1.15479,0.0032100000000001,0,0.0,2,0.4,0.1444,0.561,0.1124,0.679,0.97346368,1.88815294,2.68950743,3.3310517,-0.933324634,-1.82496885,-0.1357890993,-0.3875132254,4.561238522999989,-10.770511248999997,0.6789297294999984,-2.370766633500001
28,LEU,1.766,0.6644093303235515,2.53347,0.7234500000000001,0.1685499999999997,0,0.0,2,0.4,0.9222,0.663,0.2811,0.0,0.69433737,1.34095048,1.89581633,2.32200014,-0.810617621,-1.571488094,-0.138132957,-0.3913547864,4.315193997000003,-10.394305634000014,0.728298909,-2.5912243659999987
29,ARG,1.501,0.4476588130032806,3.35465,1.57089,0.2811100000000004,0,0.0,1,0.1,0.0,0.7346,0.9398,0.6914,0.9728852,1.88363764,2.67470173,3.29730239,-0.9158440838,-1.781446391,-0.1475679158599999,-0.4192791819499999,4.711781150999985,-9.984034314500002,0.761483458999999,-2.381119204499999
30,GLY,0.748,0.413716814159292,1.00403,0.7139599999999999,0.3460400000000001,1,0.1,0,0.0,0.4556,0.0,1.0,0.5062,1.2529177,2.43787674,3.4913371699999995,4.35825917,-0.980897867,-1.9158860862,-0.1456632808099999,-0.4151962785,5.385551112999996,-10.05418186399999,0.8122153289999996,-2.2114723519000017
31,GLY,0.277,0.1532079646017699,0.64849,0.95032,0.5806800000000001,0,0.0,0,0.0,0.4556,0.0,1.0,0.5062,1.2520989300000005,2.43147478,3.47030583,4.31019683,-0.7760088441,-1.5058873848999998,-0.13029481824,-0.3694922701999998,4.477111048999995,-5.856418599699999,0.7143317355999994,-1.4281880917799992
32,ASP,1.145,0.4270794479671764,2.25364,1.08346,0.4525399999999999,0,0.0,0,0.0,0.1111,0.3239,0.8675,1.0,1.39188391,2.70678171,3.87265391,4.826986700000001,-0.90657123723,-1.76682599903,-0.1412050887749999,-0.4018811357299999,3.85043174,-4.22228652799,0.6017485625000007,-0.9700125541500004
33,GLY,0.471,0.2605088495575221,0.66598,1.01078,0.3262200000000002,1,0.0714285714285714,0,0.0,0.4556,0.0,1.0,0.5062,1.3900891699999998,2.69282237,3.827049460000001,4.723543370000001,-1.2489836369999998,-2.421393726,-0.2129298906,-0.603354924,3.2556125949999983,-6.405834078,0.5540837957000001,-1.6265257369000004
34,GLY,0.507,0.2804203539823008,0.84663,0.96637,0.3346300000000002,1,0.0588235294117647,0,0.0,0.4556,0.0,1.0,0.5062,1.52854702,2.9578958499999994,4.1962649800000005,5.1660942,-1.16140546212,-2.2547266698,-0.1929561640339999,-0.5472109722599998,2.9795004880000016,-5.108579054180001,0.5192402672999997,-1.3024684380799991
35,ALA,0.869,0.3984410820724438,1.25974,0.85259,0.4594100000000001,0,0.0,0,0.0,0.7,0.1645,0.249,0.3951,1.3913436300000002,2.70255891,3.85878945,4.79532927,-1.1040276843,-2.1476251038,-0.17799690035,-0.5058297831000002,2.82978294,-4.454383042200002,0.4353076834999995,-1.0280118912
36,ALA,1.128,0.5171939477303988,1.33983,0.8064,0.2466000000000001,0,0.0,0,0.0,0.7,0.1645,0.249,0.3951,1.5320824000000002,2.98536244,4.2859006,5.36912438,-0.7421355554970002,-1.4522911962300002,-0.106655103472,-0.304719266713,2.6377140770000014,-2.14242133968,0.3641876339000004,-0.4360155129779999
37,ALA,1.077,0.4938101788170563,1.28949,0.8085,0.2955000000000001,0,0.0,0,0.0,0.7,0.1645,0.249,0.3951,0.97348425,1.88831676,2.69005672,3.33234242,-0.9100537890000002,-1.770059857,-0.14580787476,-0.4139815348,2.865415011999999,-2.522304462,0.4662587434000002,-0.6597899872999996
38,ALA,1.31,0.6006419073819349,1.28523,0.6783399999999999,0.19266,0,0.0,0,0.0,0.7,0.1645,0.249,0.3951,0.6945329100000001,1.34248011,1.90084363,2.3334955,-0.925956917,-1.7957086510000002,-0.1568431346,-0.4444651235000001,1.6842840479999983,-4.082339378,0.3060127892000001,-1.1239638091000004
39,ALA,0.969,0.4442916093535075,1.22031,0.94473,0.2672700000000002,0,0.0,0,0.0,0.7,0.1645,0.249,0.3951,0.8333647000000001,1.6103588,2.27887579,2.79498548,-0.8632511110000001,-1.674145502,-0.147226018,-0.41753481,1.6872750990000005,-3.733205751999999,0.2865339519999999,-0.9253794240000008
40,SER,1.312,0.6029411764705882,1.61314,0.8718499999999999,-0.0078499999999998,0,0.0,0,0.0,0.4111,0.1877,0.8514,0.5309,0.97357411,1.8889981,2.6922193,3.3370496,-0.220325458,-0.42881256,-0.03464246888,-0.0983395664,1.6492979659999996,-2.926067614999999,0.2628665839999999,-0.7219046035
41,ALA,0.598,0.2741861531407611,1.16441,1.115,0.4680000000000002,1,0.111111111111111,0,0.0,0.7,0.1645,0.249,0.3951,0.8335184600000001,1.611551,2.28275772,2.8037503700000004,-0.225066629,-0.4371215089999999,-0.0372208901999999,-0.1056141307,1.569887194999999,-3.335910195,0.258427005,-0.8298515999999998
42,GLY,1.01,0.5586283185840708,1.00925,0.6415299999999999,0.1564700000000001,1,0.166666666666667,0,0.0,0.4556,0.0,1.0,0.5062,0.6941818399999999,1.33974296,1.89187976,2.31309799,-0.312829543,-0.60919261,-0.0491964818,-0.139863869,1.4914862319999989,-3.6872008700000016,0.245160861,-0.8840488349999996
43,GLY,0.832,0.4601769911504424,1.0517,0.62633,0.34967,1,0.25,0,0.0,0.4556,0.0,1.0,0.5062,0.55511034,1.06999495,1.5077237300000002,1.83766537,-0.3524710779999999,-0.686307746,-0.055718901,-0.1584308629999999,1.7275657359999983,-5.0132792719999975,0.279742656,-1.1727678869999991
44,ASP,1.234,0.4602760164117866,2.43027,1.14209,0.30491,1,0.2,0,0.0,0.1111,0.3239,0.8675,1.0,0.5559530899999999,1.07647856,1.52866645,1.88444519,-0.3300769259999999,-0.644766644,-0.0494955955,-0.14124449,1.7293873199999996,-4.684427032000004,0.2671859920000001,-1.0359666769999998
45,ASP,1.269,0.4733308466989929,2.28374,1.3010100000000002,0.1109899999999999,0,0.0,0,0.0,0.1111,0.3239,0.8675,1.0,0.2775017199999999,0.5345749,0.7524567900000001,0.91557045,-0.792467707,-1.534114716,-0.1383436065999999,-0.391559214,3.290447076000005,-8.866688871,0.5954175930000002,-2.375176811
46,ARG,1.677,0.5001491201908739,2.53362,2.03367,-0.3576699999999997,0,0.0,0,0.0,0.0,0.7346,0.9398,0.6914,0.83447581,1.61904879,2.307432,2.8602687,-1.3842979088999998,-2.6915641287,-0.2230500627,-0.6330704990699998,3.610179539999994,-5.223485039200003,0.5967342527999998,-1.4292932070000006
47,ARG,2.122,0.6328660900685952,3.86772,1.0997800000000002,0.1312200000000001,1,0.1,1,0.1,0.0,0.7346,0.9398,0.6914,1.81067496,3.52835509,5.065634199999999,6.34588768,-1.16409823991,-2.26600222812,-0.185586780063,-0.52772359424,4.010062755999996,-1.2772312673600006,0.6048319630000001,-0.3413211598099999
48,GLY,0.159,0.0879424778761061,0.8313200000000001,0.99699,0.65201,11,0.282051282051282,1,0.0256410256410256,0.4556,0.0,1.0,0.5062,2.36479446,4.59051974,6.5473602500000005,8.12332018,-1.6960456686777965,-3.292971314520211,-0.2810721658236406,-0.7971082387671932,1.1359750899999992,-1.1485111885000003,0.207148028,-0.3321063126999998
49,GLY,0.1,0.0553097345132743,0.69235,1.05112,0.6568799999999999,12,0.292682926829268,1,0.024390243902439,0.4556,0.0,1.0,0.5062,2.7837400800000003,5.41326445,7.744058910000001,9.65032349,-1.5375288651000003,-2.994800000100001,-0.24203647475,-0.6885759044999996,0.39191419,-0.2936940593,0.0702529925,-0.0795695813
50,ALA,0.443,0.2031178358551123,1.14336,0.98606,0.7519399999999999,4,0.19047619047619,0,0.0,0.7,0.1645,0.249,0.3951,1.94895072,3.79187452,5.42930344,6.774425090000001,-2.086508073059999,-4.0608425952000005,-0.333533888746,-0.9482547101999996,0.471727076,-0.2182871831,0.0718734944,-0.0517334984
51,GLY,1.014,0.5608407079646017,0.95891,0.6286900000000001,0.1653099999999999,0,0.0,0,0.0,0.4556,0.0,1.0,0.5062,0.97333532,1.88713632,2.6861212100000005,3.32317017,-1.6156949061,-3.1320310128,-0.27570878411,-0.7811192653500001,1.725343269000001,-0.8527482088000005,0.2976380485,-0.230337233
52,GLY,0.473,0.2616150442477876,0.90487,0.8456899999999999,0.48931,1,0.0714285714285714,0,0.0,0.4556,0.0,1.0,0.5062,1.5316176700000002,2.9817548,4.27414192,5.342540329999999,-1.96815798339,-3.832883315930001,-0.3089037646339999,-0.87812601006,0.7069548360000002,-0.2548641068,0.1121490506999999,-0.0746043667199999
53,GLY,0.106,0.0586283185840707,0.6795300000000001,1.0816,0.6204000000000001,5,0.178571428571429,0,0.0,0.4556,0.0,1.0,0.5062,2.6469627900000003,5.16138825,7.41839233,9.30788325,-1.7872033719399996,-3.49322482663,-0.2644892765739998,-0.7551368131940002,0.747290706,-0.7824331809999999,0.1103473204,-0.1748320094
54,GLY,0.26,0.1438053097345132,0.78337,1.01945,0.5285500000000001,4,0.235294117647059,2,0.117647058823529,0.4556,0.0,1.0,0.5062,1.95021122,3.8017629100000008,5.461903889999999,6.849280739999998,-1.4883643231499994,-2.9111201637000006,-0.2159686154099999,-0.6166652650000001,2.6713687579999985,-0.8721108565999998,0.4164199035000002,-0.2270651061399999
55,TYR,1.771,0.5196596244131455,3.95287,1.1871700000000005,0.4498299999999995,5,0.384615384615385,3,0.230769230769231,0.3556,0.8063,0.502,0.1605,1.81094603,3.5305067199999995,5.07281642,6.362652669999999,-1.787891077622999,-3.49202320488,-0.2656220124324999,-0.7571374810639995,3.422519116000001,-2.3692258725000017,0.4948518853999998,-0.5405839321999999
56,ARG,1.949,0.5812705040262451,3.619580000000001,1.1676300000000002,0.2363699999999999,0,0.0,1,0.166666666666667,0.0,0.7346,0.9398,0.6914,1.53184383,2.9834981499999995,4.27978062,5.355153489999999,-1.2400566830400002,-2.416410074479999,-0.1918997437619999,-0.5456609556100002,4.559985175000001,-5.283363255299999,0.6848242193000003,-1.1991452680700008
57,ARG,1.757,0.5240083507306889,3.65198,1.33785,0.2581500000000003,0,0.0,2,0.2,0.0,0.7346,0.9398,0.6914,1.5309868,2.97681173,4.25786613,5.30523311,-1.30760236693,-2.552070539799999,-0.198201430597,-0.564880201916,4.560544045999992,-5.735001964399999,0.6823773452999997,-1.2888321058640024
58,GLY,0.71,0.3926991150442477,0.88538,0.7889400000000001,0.30906,0,0.0,0,0.0,0.4556,0.0,1.0,0.5062,1.2526508400000005,2.43580144,3.4845617000000004,4.34290603,-1.08921646374,-2.135573640930001,-0.1494495881869999,-0.4276265143659999,4.481037098,-5.630522558750001,0.6784208629000005,-1.1605737661600002
59,GLY,0.879,0.4861725663716814,0.95423,0.69417,0.2348300000000001,0,0.0,0,0.0,0.4556,0.0,1.0,0.5062,0.83345831,1.61109114,2.28128391,2.80049657,-0.4417146027300001,-0.8525327141999998,-0.0808365952799999,-0.22833404994,8.821288124999992,-7.713811102400037,1.5332484153999946,-2.0818648739899985
60,GLY,0.798,0.4413716814159292,0.996,0.6676900000000001,0.3423099999999999,0,0.0,0,0.0,0.4556,0.0,1.0,0.5062,1.25237892,2.43365725,3.47745269,4.32645896,-0.69331115226,-1.35465824342,-0.1031321056916999,-0.294286366037,9.08102410999998,-7.588577710780004,1.3786556050000007,-1.692771281032998
61,ASN,1.208,0.4940695296523517,2.48802,0.94148,0.2955199999999999,0,0.0,0,0.0,0.1111,0.3976,0.6747,0.8272,1.3918270600000002,2.70636879,3.87141095,4.8244967,-0.97247628163,-1.8942429128,-0.152370512158,-0.43333292844,6.800857595999985,-7.551330694999998,1.0294680686999995,-1.7435943259599973
62,SER,1.246,0.572610294117647,1.48826,0.72936,0.2006400000000001,0,0.0,0,0.0,0.4111,0.1877,0.8514,0.5309,1.2522560400000002,2.4326914699999995,3.4742633,4.31911889,-0.9678984960999998,-1.8590634776,-0.188727154,-0.5310230734800002,6.983422228999988,-7.0553875272,1.1735659709000008,-1.9811086466600032
63,GLY,0.42,0.2323008849557521,0.78848,0.95808,0.4299200000000001,2,0.0909090909090909,0,0.0,0.4556,0.0,1.0,0.5062,2.64727904,5.16384259,7.42638937,9.32595623,-0.9585172921500004,-1.8735039125500008,-0.141194933528,-0.40293606472,3.105039014999998,-3.759379787000004,0.4751127832999999,-0.8601895891
64,GLY,0.053,0.0293141592920353,0.61563,1.07916,0.6758400000000002,4,0.125,0,0.0,0.4556,0.0,1.0,0.5062,2.36529416,4.594492499999999,6.56063431,8.15433045,-1.03156914887,-2.0044407056999995,-0.169115932522,-0.4800322114960001,2.357628273,-2.4066694995000004,0.3655988054000004,-0.5546190149
65,GLY,0.87,0.4811946902654867,0.9617,0.70504,0.23296,0,0.0,0,0.0,0.4556,0.0,1.0,0.5062,1.25064075,2.42007475,3.43286332,4.22466001,-1.7265728529099993,-3.344733313149999,-0.2989132448079999,-0.8467633193400002,3.2521212759999982,-4.3874322061,0.5845264905000006,-1.1847141399000003
66,GLY,0.938,0.5188053097345132,1.06019,0.56767,0.3023300000000001,0,0.0,0,0.0,0.4556,0.0,1.0,0.5062,1.11280495,2.15998194,3.08040048,3.8215738,-1.98663826673,-3.8717119646999993,-0.3101915636639999,-0.8830295924999999,3.928249938999997,-8.127173227000002,0.6240271800000003,-1.8922759363
67,GLY,0.697,0.385508849557522,0.93773,0.73851,0.3724900000000002,0,0.0,0,0.0,0.4556,0.0,1.0,0.5062,1.53056655,2.9735267,4.2470764800000005,5.2805816100000005,-1.4838816351370003,-2.883834946656001,-0.243033937636,-0.690099061862,4.748863040000001,-7.662490396049997,0.7871117175,-2.0081649967340014
68,GLY,0.38,0.2101769911504424,0.93962,0.96485,0.4631499999999999,4,0.19047619047619,0,0.0,0.4556,0.0,1.0,0.5062,2.0878924100000003,4.0607087,5.810802440000001,7.24483188,-1.0142833464,-1.9581447798,-0.1837775214899999,-0.5188559435799999,3.921766503000001,-3.299232312199999,0.6693675427999993,-0.9838576869
69,GLY,0.39,0.2157079646017699,0.7447,0.89278,0.5252200000000001,7,0.318181818181818,1,0.0454545454545455,0.4556,0.0,1.0,0.5062,2.36722417,4.60944049,6.609252239999999,8.263948419999998,-2.2620304790999994,-4.401762526299999,-0.3607691728100001,-1.02503520109,2.516644386999998,-3.0263524735,0.3751309853999998,-0.6758112594600004
70,TYR,0.77,0.2259389671361502,3.3699,2.07072,0.5672799999999998,11,0.379310344827586,1,0.0344827586206897,0.3556,0.8063,0.502,0.1605,2.64493539,5.1455683,7.366531530000001,9.18970554,-1.8090780050899995,-3.51478149586,-0.2985976932700001,-0.8478861875600001,1.5312039739999994,-1.6816047554500002,0.2502709060999999,-0.44518985348
71,ASP,0.147,0.0548302872062663,1.50919,1.97468,0.5593200000000003,2,0.117647058823529,1,0.0588235294117647,0.1111,0.3239,0.8675,1.0,1.94817189,3.78585613,5.40977217,6.730517039999999,-2.06640494147,-4.005528341799999,-0.35175285429,-0.9961862124800004,2.550562730999998,-2.7456578835000003,0.4268994355,-0.7482479759000003
72,ARG,1.125,0.3355204294661497,2.73953,1.82511,0.4028900000000002,2,0.105263157894737,0,0.0,0.0,0.7346,0.9398,0.6914,1.8088109100000005,3.51378082,5.01775645,6.236478859999999,-1.9745911274000008,-3.8415781013999992,-0.31861399172,-0.9057913103000004,3.5715410960000047,-4.709915947000002,0.5928392020000002,-1.2186663541
73,GLY,0.636,0.3517699115044247,0.92813,0.8031900000000001,0.3688100000000001,9,0.375,0,0.0,0.4556,0.0,1.0,0.5062,1.80874816,3.5132671900000005,5.0159924700000005,6.232213799999999,-1.5792434004,-3.0610467646000004,-0.2712068812200001,-0.7686683677999999,2.547903838999998,-2.282125875000001,0.4497513884,-0.6655447901999997
74,TYR,0.883,0.2590962441314554,3.50762,1.72202,0.8029799999999998,13,0.481481481481481,0,0.0,0.3556,0.8063,0.502,0.1605,2.7851951900000005,5.424621660000001,7.781295960000001,9.735194509999998,-1.4356257566,-2.797516978200001,-0.2240237853999999,-0.6375026062800001,0.7846735359999999,-0.652753101,0.1332788734,-0.1742841814
75,ASN,0.399,0.1631901840490797,1.95462,1.57691,0.4690899999999998,5,0.2,0,0.0,0.1111,0.3976,0.6747,0.8272,2.3669245300000004,4.607085820000001,6.601481930000001,8.24609017,-1.67616387905,-3.2657066053,-0.2609572347000001,-0.7421579203499997,1.7652618579999997,-2.5400821229999995,0.2980102354,-0.6677259067
76,ASP,1.114,0.4155165982842223,2.44477,0.92638,0.64062,0,0.0,0,0.0,0.1111,0.3239,0.8675,1.0,1.67082958,3.2525610099999995,4.6616336700000005,5.8251622,-2.103940701280001,-4.090717826173999,-0.341307461494,-0.9693095399570002,1.5714996659999998,-1.753546746273999,0.2469092028,-0.4346452637569999
77,ASN,1.247,0.5100204498977506,2.48492,1.05484,0.1431599999999997,0,0.0,0,0.0,0.1111,0.3976,0.6747,0.8272,1.25317907,2.43994551,3.49822291,4.374269669999999,-1.6812123544000006,-3.2761525279000003,-0.26023246393,-0.74003950339,3.338855104,-4.499421447099996,0.5204728878000001,-1.1198373567400004
78,ARG,2.119,0.6319713689233523,3.83758,1.0759500000000002,0.1580499999999998,0,0.0,0,0.0,0.0,0.7346,0.9398,0.6914,0.8340604400000001,1.61579696,2.29673444,2.83577692,-0.7822544657999999,-1.5206789005,-0.1265787138999999,-0.3592256261,3.721174273999999,-4.812242885499998,0.6712995403999993,-1.2925805209999996
79,ASP,1.417,0.5285341290563222,2.52339,0.78074,0.48326,0,0.0,0,0.0,0.1111,0.3239,0.8675,1.0,0.69424098,1.34019681,1.89334052,2.31634227,-0.3211721701,-0.6217358999999999,-0.05591659245,-0.1582115617,3.411055283999996,-6.6918009670000025,0.5919165059999996,-1.7766947300999996
80,ASP,1.224,0.4565460649011563,2.37627,1.06546,0.39154,0,0.0,0,0.0,0.1111,0.3239,0.8675,1.0,0.55459025,1.06592455,1.49433939,1.80704164,-0.23411228,-0.45285479,-0.0417203245,-0.1181228729999999,2.07510682,-5.799290759999993,0.3861328038000001,-1.5333196710000012
81,ARG,1.893,0.5645690426483746,3.88376,0.9148,0.5452000000000002,0,0.0,0,0.0,0.0,0.7346,0.9398,0.6914,0.55499366,1.06908961,1.50477416,1.83100087,-0.2288004839999999,-0.4480058,-0.0325151975,-0.09296163,2.084713000000001,-5.878060427999997,0.3063514008,-1.241087780000001
82,ASP,1.253,0.4673629242819843,2.70763,0.53694,0.8910600000000002,0,0.0,0,0.0,0.1111,0.3239,0.8675,1.0,0.41681944,0.80624276,1.14290181,1.40531822,-0.211900545,-0.4118208399999999,-0.0346913647,-0.098496715,2.235926783999998,-5.808637715000005,0.3794857413,-1.3995561450000007
83,ASN,0.889,0.36359918200409,2.6371800000000003,0.64761,0.9083899999999998,0,0.0,0,0.0,0.1111,0.3976,0.6747,0.8272,0.4169732499999999,0.8074495399999999,1.14688069,1.41445511,-0.128295724,-0.251018684,-0.018605308,-0.0531710206,2.0454392579999987,-2.7472516169999994,0.3013305634000003,-0.5816301783999995
84,ARG,2.539,0.7572323292573815,3.91087,0.75654,0.05746,0,0.0,0,0.0,0.0,0.7346,0.9398,0.6914,0.4156739299999999,0.79739407,1.11419634,1.3408208,-0.186086004,-0.358728497,-0.0344571099,-0.097183014,2.0369589740000027,-3.652434857999999,0.3684771062999999,-0.9937043010000006
85,GLY,0.689,0.3810840707964601,0.91283,0.8536,0.2654000000000002,0,0.0,0,0.0,0.4556,0.0,1.0,0.5062,0.6942290799999999,1.3400946799999998,1.89297327,2.31540568,-0.3841410209999999,-0.748783751,-0.0601578153,-0.1713745695,4.201568393999988,-8.604065291000012,0.6822500665000011,-1.987119635500001
86,GLY,0.83,0.4590707964601769,0.90008,0.80629,0.1717100000000001,0,0.0,0,0.0,0.4556,0.0,1.0,0.5062,0.83369063,1.6129109899999998,2.28727244,2.81421136,-0.603926376,-1.1719837060000002,-0.1014145669,-0.2876315149999999,5.449547099000001,-11.512908774999984,0.9488605221999992,-2.9552176239999985
87,SER,1.516,0.6966911764705882,1.37014,0.64819,0.01181,0,0.0,0,0.0,0.4111,0.1877,0.8514,0.5309,0.83431917,1.6178208399999998,2.30338701,2.85099142,-0.7902745312699999,-1.5368603002000003,-0.1266727421,-0.3595211125299999,6.528219565999967,-7.631927567840001,0.9585896505999976,-1.6916605706799994
88,GLY,0.722,0.3993362831858407,1.01997,0.73404,0.35196,1,0.125,0,0.0,0.4556,0.0,1.0,0.5062,1.25189496,2.42988134,3.46507712,4.29826685,-1.00137591273,-1.9543618137,-0.152150840695,-0.43368432399,7.662737711999983,-9.896168137500002,1.189481448000003,-2.1993218665799987
89,GLY,0.555,0.3069690265486726,0.77193,0.99923,0.2537700000000001,3,0.1875,0,0.0,0.4556,0.0,1.0,0.5062,1.39061592,2.69694138,3.84058125,4.75446748,-1.1914752668000002,-2.3147652605,-0.19603942204,-0.5564284709,6.823875685999993,-10.060401322500011,1.1709442206999994,-2.627416149500001
90,TYR,1.281,0.3758802816901408,3.71525,1.6398899999999998,0.4871099999999999,3,0.176470588235294,0,0.0,0.3556,0.8063,0.502,0.1605,1.25128137,2.4250925,3.44937611,4.26248255,-1.4825877773500002,-2.8790804204,-0.2465348307999999,-0.6997082609299998,5.693643912999986,-7.197526432800001,0.9210757682999974,-1.7894175455199992
91,GLY,0.885,0.4894911504424779,0.96786,0.81925,0.10375,0,0.0,0,0.0,0.4556,0.0,1.0,0.5062,1.11354464,2.16578387,3.09952519,3.86547742,-1.08369752305,-2.1096578099399994,-0.170268773553,-0.4836016146599999,7.192430207999976,-8.291220509200006,1.0918417133999954,-2.015124311579997
92,ARG,1.706,0.5087980912615567,3.78679,1.3415899999999998,0.3054100000000004,1,0.166666666666667,1,0.166666666666667,0.0,0.7346,0.9398,0.6914,0.97307239,1.88506542,2.6792665,3.3073472900000005,-0.6213736373,-1.2096447470000002,-0.0989063141999999,-0.2812643484,6.752078961999998,-7.48790750599999,1.1042700594999986,-1.8246861726999977
93,ASP,1.262,0.4707198806415517,2.2305,1.00278,0.41622,0,0.0,2,0.333333333333333,0.1111,0.3239,0.8675,1.0,0.6943253899999999,1.34084927,1.8954566100000003,2.32109464,-0.5309946954,-1.029128084,-0.09119251875,-0.2583959544,4.626620775999994,-10.247305336000007,0.804512507599999,-2.6342439434000013
94,ARG,2.13,0.6352520131225767,3.71714,1.1077800000000002,0.1152200000000001,0,0.0,2,0.4,0.0,0.7346,0.9398,0.6914,0.8338005700000001,1.6137752199999995,2.29012946,2.82079686,-0.6497018960000001,-1.2696843919999998,-0.0961375942,-0.2743664875,5.073058663999999,-12.216220741999992,0.7543586529999997,-2.7033456979999952
95,ASN,1.497,0.6122699386503069,2.38113,0.80919,0.1388099999999997,1,0.2,1,0.2,0.1111,0.3976,0.6747,0.8272,0.69449194,1.34215135,1.89973328,2.3308654,-0.583094091,-1.1283368029999998,-0.1020813898999999,-0.288731922,4.508114811999994,-10.22607487,0.7874207686000008,-2.6402265770000013
96,TYR,1.235,0.3623826291079812,3.68939,1.57104,0.60196,4,0.666666666666667,2,0.333333333333333,0.3556,0.8063,0.502,0.1605,1.11266,2.1588424,3.07663347,3.81289213,-0.23120092303,-0.4507223637000001,-0.03591169535,-0.10225771044,4.477889328000004,-4.451720456400003,0.7122797490000002,-1.0355614851799972
97,GLU,1.414,0.5183284457478006,2.82311,1.08606,0.2279400000000002,6,0.857142857142857,2,0.285714285714286,0.1111,0.4884,0.8112,0.9136,0.9725685,1.88115849,2.6665462,3.27863115,-0.4560891505,-0.887458784,-0.07287313419,-0.2070520212,2.669691266999997,-2.644272952999998,0.4333023648,-0.6915662812999995
98,ASP,1.325,0.4942185751585229,2.2484200000000003,0.8977999999999999,0.4582000000000001,3,0.75,1,0.25,0.1111,0.3239,0.8675,1.0,0.69423821,1.34017515,1.89326988,2.31618276,-0.60625222,-1.17869179,-0.0983121836999999,-0.2791536805,1.960810571,-3.164885114999998,0.3368859485999997,-0.8121509896000002
99,ARG,2.396,0.7145839546674619,4.01704,0.84348,0.1135200000000002,4,0.8,2,0.4,0.0,0.7346,0.9398,0.6914,0.8337051900000001,1.61304247,2.2877676200000003,2.8155378100000004,-1.0895283049999998,-2.131757554,-0.1566546644999999,-0.4474236647999999,2.005751910999998,-3.7093135800000026,0.2966154211999998,-0.8529622040000001
100,GLY,0.518,0.286504424778761,0.90403,0.93091,0.35909,5,0.714285714285714,2,0.285714285714286,0.4556,0.0,1.0,0.5062,0.8331036600000001,1.60831761,2.27217059,2.77966435,-1.1517309305,-2.230687678,-0.19956080554,-0.565066267,1.9992710459999987,-4.427593755500002,0.3497713808999997,-1.1649124059000002
101,TYR,1.19,0.3491784037558685,3.77141,1.4467800000000002,0.7712199999999998,5,0.833333333333333,2,0.333333333333333,0.3556,0.8063,0.502,0.1605,1.39233128,2.71029622,3.8842593,4.85369186,-1.05267439272,-2.03914431844,-0.18010919929,-0.50952406705,3.778414337999996,-4.936725416999999,0.5336296818000003,-1.0451129058
102,ASN,1.22,0.4989775051124744,2.40049,0.93372,0.2912799999999999,3,0.3,0,0.0,0.1111,0.3976,0.6747,0.8272,2.0899369,4.07660304,5.862707830000001,7.36250909,-0.9438058845999998,-1.8381558702,-0.148655360546,-0.4228076537200001,3.580510760000005,-7.741193949999997,0.5148166980000008,-1.6296284959999985
103,GLY,0.448,0.247787610619469,0.89302,0.9019,0.4581,3,0.1875,0,0.0,0.4556,0.0,1.0,0.5062,1.66889396,3.2374574000000003,4.6121221,5.71234029,-1.1613641113000002,-2.2450671442,-0.20730634167,-0.5861626128399999,3.726761151999997,-9.621607384000002,0.6354210855999993,-2.3492800850000006
104,GLY,0.187,0.103429203539823,0.83009,1.0682600000000002,0.5527399999999998,2,0.0833333333333333,0,0.0,0.4556,0.0,1.0,0.5062,2.22702319,4.330917319999999,6.19645934,7.723652230000001,-0.6668555380000001,-1.301041723,-0.1014002461999999,-0.2887930430999999,3.3803587640000035,-8.210754203000002,0.5156927390000007,-1.8413599876999995
105,GLY,0.398,0.2201327433628318,0.88102,1.01338,0.3966200000000002,0,0.0,0,0.0,0.4556,0.0,1.0,0.5062,1.8086637100000005,3.51262952,5.01397576,6.22784453,-0.5618598868,-1.0888139520000002,-0.096681930476,-0.27391845144,3.9676786539999993,-5.006583559700011,0.6253530273000003,-1.2777484393800027
106,GLY,0.922,0.5099557522123894,0.93383,0.69926,0.18674,0,0.0,0,0.0,0.4556,0.0,1.0,0.5062,1.11323791,2.16337741,3.09159081,3.84725568,-0.9479792095000004,-1.838851936,-0.1588369308059999,-0.44989930114,2.832632000000001,-5.125804526000001,0.4074531350000003,-1.1150057049000002
107,GLY,0.895,0.4950221238938053,0.87562,0.81323,0.09977,0,0.0,0,0.0,0.4556,0.0,1.0,0.5062,0.83350855,1.61149256,2.28263255,2.80366955,-1.0180850620000002,-1.979890002,-0.1647294422,-0.4679800393,3.062067091000004,-6.303776201000003,0.4998792630999997,-1.5299605585000016
108,GLY,1.069,0.5912610619469026,1.01656,0.6599200000000001,0.07908,0,0.0,0,0.0,0.4556,0.0,1.0,0.5062,0.8336195200000001,1.61234073,2.28535016,2.80966924,-0.9059656155000002,-1.7633351105000004,-0.144466237,-0.4107028951399999,3.061887768,-6.435289007999997,0.5030927677999998,-1.514696877999999
109,GLY,0.594,0.3285398230088495,1.03405,0.87464,0.33936,0,0.0,0,0.0,0.4556,0.0,1.0,0.5062,1.25216599,2.43199671,3.47201408,4.314081740000001,-0.6934964840999999,-1.3520646139,-0.10685477949,-0.3041131024699999,3.813917403,-5.661329650299995,0.5706270205,-1.2890138450000004
110,ASN,0.91,0.3721881390593047,2.16193,1.19851,0.3364899999999997,2,0.105263157894737,2,0.105263157894737,0.1111,0.3976,0.6747,0.8272,1.53009058,2.96978104,4.23468881,5.252020669999999,-0.3081438536499999,-0.5979962627,-0.052482837,-0.14906277062,4.751829944000008,-3.453102370099998,0.7660802082000011,-0.8494241132800001
111,ARG,2.646,0.789144050104384,4.11516,0.64552,0.0614800000000003,1,0.111111111111111,1,0.111111111111111,0.0,0.7346,0.9398,0.6914,1.11286693,2.16045642,3.08192309,3.824941119999999,-0.7621570143599998,-1.4818937644,-0.1234329902599999,-0.35049017362,3.614539973999997,-4.666943930499994,0.5646663000999997,-1.0400912026799995
112,GLY,0.668,0.3694690265486726,0.8695499999999999,0.81599,0.3240100000000001,3,0.3,2,0.2,0.4556,0.0,1.0,0.5062,1.5321880600000002,2.98621075,4.2887661,5.37591534,-0.8236005732999999,-1.6132024779000005,-0.11594664963,-0.3315485763,3.072017443,-4.2441721757999975,0.4142782531999999,-0.8276190275999993
113,TYR,2.189,0.64231220657277,4.32125,1.01393,0.2050699999999998,7,0.4375,3,0.1875,0.3556,0.8063,0.502,0.1605,1.39070131,2.69753273,3.84226302,4.75751693,-0.8461392676999999,-1.6504645321500002,-0.130797966796,-0.37285211548,3.063653291999998,-3.933024750200002,0.4901304408999997,-0.9010071655200006
114,ASN,0.903,0.3693251533742331,2.15528,1.23042,0.3115799999999997,6,0.272727272727273,2,0.0909090909090909,0.1111,0.3976,0.6747,0.8272,1.66830009,3.2328781499999995,4.597292910000001,5.67909646,-0.8061361953000001,-1.5671972716000002,-0.1313735929999999,-0.3731586265,3.3414169420000035,-8.248740646999993,0.5076457726000003,-1.8125804642999992
115,ASN,1.463,0.5983640081799592,2.55612,0.76115,0.2208499999999997,4,0.4,1,0.1,0.1111,0.3976,0.6747,0.8272,1.3915415,2.70414322,3.86412478,4.807924409999999,-1.1510763018999997,-2.233206181,-0.19296912869,-0.5468579875,3.334750239000005,-6.8055751489999965,0.5622193980000003,-1.7272370422
116,ASN,0.715,0.2924335378323108,2.11982,1.36771,0.36229,3,0.230769230769231,1,0.0769230769230769,0.1111,0.3976,0.6747,0.8272,1.5301459600000002,2.9702510400000004,4.23635877,5.25622054,-1.4901365094,-2.9035453544,-0.23315032951,-0.6635524987000001,4.167904978000006,-10.679987165999988,0.6181660158999991,-2.313859193
117,ARG,1.651,0.4923948702654339,3.62883,1.1398800000000002,0.56212,0,0.0,1,0.125,0.0,0.7346,0.9398,0.6914,1.39167588,2.70516965,3.8674105400000007,4.815167089999999,-1.8342079315,-3.577486119999999,-0.2814594277,-0.8016280071999999,5.14276959899999,-12.094255794000004,0.8459657120000024,-2.8984788130000028
118,GLY,0.682,0.377212389380531,0.86957,0.87036,0.2556399999999998,2,0.25,1,0.125,0.4556,0.0,1.0,0.5062,1.11263727,2.15867479,3.0761187600000004,3.81182687,-1.4068635122999995,-2.7312342593000003,-0.2338254631,-0.6630899282999999,6.586671601000006,-8.847583030399987,1.143198983200002,-2.450559446199999
119,GLY,0.257,0.142146017699115,0.70721,1.0645,0.4865000000000001,3,0.3,1,0.1,0.4556,0.0,1.0,0.5062,1.11248129,2.15744879,3.07207112,3.80251581,-1.6818111712999997,-3.2712781796999995,-0.2718525020699999,-0.77256131134,6.7145438400000055,-7.723384585200009,1.0819628241000023,-1.9278896310199976
120,GLY,0.702,0.3882743362831858,0.88035,0.86947,0.2365300000000001,4,0.333333333333333,1,0.0833333333333333,0.4556,0.0,1.0,0.5062,1.2524019000000002,2.4338527400000003,3.47814967,4.328221399999999,-2.1416790394000005,-4.180443720000001,-0.3232609652399998,-0.9212016175000004,6.287317941,-10.627185263000008,0.9739508440999968,-2.556889403600002
121,GLY,0.869,0.4806415929203539,1.03909,0.76555,0.1734500000000001,3,0.214285714285714,0,0.0,0.4556,0.0,1.0,0.5062,1.39158379,2.70444683,3.8650260100000007,4.809687019999999,-1.5426566482999997,-3.0007978435,-0.2485140128499999,-0.70611738994,6.784889868000021,-11.538953870000006,1.1607617290999994,-3.009206658300002
122,GLY,0.347,0.1919247787610619,0.82687,0.98908,0.4719200000000001,5,0.25,0,0.0,0.4556,0.0,1.0,0.5062,1.80907928,3.5159554700000006,5.02516195,6.25419783,-1.7079607580700005,-3.3344018665599995,-0.2568461688744,-0.7320060046120003,4.945800741999999,-9.077933677059994,0.8107085145,-2.171745169758
123,GLY,0.106,0.0586283185840707,0.70348,1.09251,0.6094899999999999,6,0.222222222222222,0,0.0,0.4556,0.0,1.0,0.5062,2.0871673700000004,4.054977,5.79176457,7.2006999,-1.9360889368,-3.767173312699999,-0.31191918602,-0.88697237645,4.521780634000001,-9.007420062199996,0.6774068786000004,-1.92928463505
124,TYR,1.32,0.3873239436619718,4.0408800000000005,1.37436,0.71364,7,0.304347826086957,2,0.0869565217391304,0.3556,0.8063,0.502,0.1605,1.94732948,3.779270950000001,5.3881483,6.68113428,-2.1231551808000004,-4.1174205224,-0.35987286425,-1.0199066391,5.14365327,-8.8969311688,0.8367898637000002,-2.149797748600002
125,ASN,1.068,0.4368098159509203,2.04669,1.22233,0.1546699999999998,1,0.0555555555555556,2,0.111111111111111,0.1111,0.3976,0.6747,0.8272,1.94853727,3.78869679,5.419054519999999,6.751585399999999,-2.08339353704,-4.04352317564,-0.3490363671799999,-0.9899925769200004,6.445693073,-10.700424413100007,0.9863325151,-2.41989302554
126,ARG,1.979,0.5902177154786759,3.69179,1.15521,0.21879,1,0.0666666666666667,1,0.0666666666666667,0.0,0.7346,0.9398,0.6914,1.5303927700000002,2.97212912,4.24235201,5.269376600000001,-1.4374213502000004,-2.7836912131,-0.25089808208,-0.7107723512199997,6.35177788600001,-8.506962103799998,1.1086150102000003,-2.2702147298000006
127,GLN,0.825,0.2869565217391304,2.45092,1.47572,0.5742799999999999,2,0.08,2,0.08,0.1111,0.5388,0.7952,0.6914,1.38812631,2.67753671,3.77704477,4.609913870000001,-1.2599370784,-2.4354033137,-0.22556861226,-0.6378895118000001,5.999324040999995,-9.979447204300016,1.0426086341999996,-2.501585972899994
128,ASP,1.202,0.4483401715777694,2.33801,0.98185,0.4971500000000001,0,0.0,0,0.0,0.1111,0.3239,0.8675,1.0,1.25136844,2.42575341,3.45147702,4.26706756,-1.2255861602999998,-2.3882185393,-0.19214483591,-0.5470270524699998,6.010863351000004,-12.332215693699975,0.9479887873000014,-2.82425075911
129,ARG,2.044,0.6096033402922756,4.0048200000000005,0.82399,0.4850100000000001,1,0.125,1,0.125,0.0,0.7346,0.9398,0.6914,0.97294858,1.88410781,2.67615654,3.3003512299999995,-1.13806268126,-2.2172611722000006,-0.17884793941,-0.5090214672000001,6.32346935099999,-13.557269879699994,1.0089947869999976,-3.212928248599999
130,GLY,0.743,0.4109513274336283,0.90236,0.7677,0.2972999999999999,1,0.111111111111111,2,0.222222222222222,0.4556,0.0,1.0,0.5062,0.97321683,1.88620152,2.68302261,3.31600575,-1.2121801224000004,-2.3628849452,-0.18841547593,-0.5364328041,6.326907678000008,-13.403066265599998,0.9806935764000017,-3.095795292799999
131,ASP,1.251,0.4666169339798582,2.30924,0.89818,0.5318200000000002,1,0.0714285714285714,2,0.142857142857143,0.1111,0.3239,0.8675,1.0,1.2515546400000002,2.42722683,3.4563794,4.2784605,-0.6991447973600003,-1.3460119820999998,-0.13220183463,-0.3726277845,7.694377420000007,-5.650286527499997,1.254614082499999,-1.6538631987200003
132,GLY,0.17,0.0940265486725663,0.72166,1.10854,0.52946,1,0.037037037037037,1,0.037037037037037,0.4556,0.0,1.0,0.5062,2.22737392,4.333557999999999,6.204787310000001,7.741634289999999,-1.0934040971,-2.1365410270000003,-0.1618174949199999,-0.46163373618,5.586041367999996,-9.755837351000002,0.8129993373000006,-2.07253783894
133,GLY,0.106,0.0586283185840707,0.76679,1.14585,0.5561499999999999,1,0.0344827586206897,0,0.0,0.4556,0.0,1.0,0.5062,2.3655249900000004,4.59621103,6.56598574,8.16566632,-1.0818425436,-2.1067752288,-0.17103700702,-0.4865089470999999,5.85261654,-10.228922999999998,0.9276710425000008,-2.418289687800001
134,SER,0.465,0.2136948529411764,1.29929,1.14044,0.5705600000000002,0,0.0,0,0.0,0.4111,0.1877,0.8514,0.5309,2.0874940200000003,4.05749411,5.79990472,7.21890547,-1.5169078853669995,-2.942741430549999,-0.2567017463905001,-0.7279946645599996,5.569738859000015,-7.635059755650002,0.9576279646000008,-1.88810907615
135,SER,0.133,0.0611213235294117,1.2106,1.27665,0.7663500000000001,3,0.130434782608696,1,0.0434782608695652,0.4111,0.1877,0.8514,0.5309,2.08641437,4.04919153,5.77310721,7.159124049999999,-1.8238304084,-3.5320600554,-0.316169227908,-0.8951391786799999,5.957895097999995,-8.115264928299988,1.0460239382999992,-2.1731036412300018
136,ASN,0.627,0.256441717791411,1.90821,1.42869,0.3893099999999998,2,0.181818181818182,0,0.0,0.1111,0.3976,0.6747,0.8272,1.94955295,3.79661646,5.4449990800000005,6.810655979999999,-1.6820081641199998,-3.277924198200001,-0.2616526885399999,-0.7445675328400001,6.444292197999994,-7.039713052199999,1.003942611800002,-1.640958866240002
137,PHE,1.239,0.398520424573818,3.48335,1.6866199999999996,0.1833800000000003,1,0.166666666666667,0,0.0,0.8111,0.783,0.0763,0.037,1.3920516200000002,2.7081183399999995,3.87713357,4.837495269999999,-1.4209177672999995,-2.768004795999999,-0.2224000215779999,-0.63254821251,6.169257063000002,-9.769575434,0.955245868799999,-2.332068604780002
138,SER,1.313,0.6034007352941175,1.6018100000000002,0.70027,0.1627300000000002,0,0.0,0,0.0,0.4111,0.1877,0.8514,0.5309,0.83390686,1.61460337,2.29284025,2.82696125,-1.0644088269999998,-2.060279532,-0.1850215782,-0.5233091521,5.570613005000006,-9.14641535000002,0.9372747947999996,-2.4587205650999984
139,ARG,2.151,0.6415150611392781,3.90556,0.97748,0.2245200000000003,0,0.0,1,0.142857142857143,0.0,0.7346,0.9398,0.6914,0.97352658,1.88861953,2.6909517499999995,3.33407949,-1.0403673034,-2.0349046416,-0.1512585253999999,-0.4319905669,3.8910061740000015,-8.291413138200005,0.5941522284000007,-1.8372207738000004
140,GLY,0.723,0.3998893805309734,0.9508,0.71135,0.3736499999999999,1,0.25,0,0.0,0.4556,0.0,1.0,0.5062,0.8339190999999999,1.61469509,2.29312715,2.82757216,-0.791709717,-1.5478647,-0.1158893298999999,-0.3307873085,4.081838863000001,-9.186436935,0.6734407378999999,-2.1832481183000003
141,GLY,0.734,0.4059734513274336,0.92469,0.83642,0.23758,1,0.2,1,0.2,0.4556,0.0,1.0,0.5062,0.6944580200000001,1.34189722,1.8989387,2.32917336,-0.6319326784,-1.2238301399999998,-0.1090809227,-0.3086924347,5.610736427999998,-14.190689635999988,0.9369554689999984,-3.4853404571
142,TYR,1.933,0.5671948356807512,4.01303,1.17215,0.3028499999999998,1,0.2,1,0.2,0.3556,0.8063,0.502,0.1605,0.97355369,1.8888334,2.69166146,3.3357239399999994,-1.0807907004,-2.1098595756,-0.16320435455,-0.4652243701999999,5.774952293999992,-11.846265125200004,0.9089010846999984,-2.718813848599999
143,ASN,1.104,0.4515337423312884,2.22305,1.0745900000000002,0.2664099999999996,0,0.0,1,0.2,0.1111,0.3976,0.6747,0.8272,1.11302477,2.1617189000000003,3.08616989,3.83495153,-1.23780595608,-2.4054282432999994,-0.20168127029,-0.57227298941,5.857452532000004,-11.533513331499972,0.8846513359999998,-2.539359656750003
144,ASN,0.36,0.147239263803681,1.9421,1.50303,0.5819699999999999,0,0.0,1,0.142857142857143,0.1111,0.3976,0.6747,0.8272,1.3915781,2.70440522,3.8648995,4.8094296,-1.14980685616,-2.23365855801,-0.1883565255875,-0.5342914839089999,4.5903577199999965,-7.873467095100001,0.7691406031999988,-2.0041124035080005
145,ARG,1.78,0.5308678795108858,3.74944,1.34317,0.2298300000000002,0,0.0,1,0.2,0.0,0.7346,0.9398,0.6914,1.6715518800000002,3.25824687,4.68044742,5.868570879999999,-0.7981071768999998,-1.5527637209999998,-0.12784353665,-0.3632424132,4.088445435000001,-4.937567020300003,0.6164886658999994,-1.1768674152
146,ASP,0.709,0.2644535621036926,2.23289,1.18303,0.78897,1,0.0714285714285714,0,0.0,0.1111,0.3239,0.8675,1.0,1.6686692,3.2357478100000003,4.60667046,5.70038166,-1.1850276094,-2.301655073,-0.1949215174,-0.5528630891000001,3.495678262,-6.518518086400002,0.5548488101000005,-1.5289676781
147,GLU,1.055,0.3867302052785923,2.59073,1.1749699999999998,0.4980300000000004,1,0.0625,0,0.0,0.1111,0.4884,0.8112,0.9136,1.80859797,3.512188360000001,5.012774150000001,6.22585035,-0.7253249484000001,-1.4091227254,-0.11864959485,-0.33655477965,2.8274778630000017,-4.004310832999999,0.4527939731,-0.9659558266
148,GLY,0.291,0.1609513274336283,0.70658,1.0660199999999995,0.4509800000000006,1,0.0555555555555556,0,0.0,0.4556,0.0,1.0,0.5062,1.5292098900000002,2.9630026400000005,4.212784110000001,5.203062339999999,-0.95825929737,-1.8636254859000003,-0.15505654537,-0.44053017712,2.862624702000001,-4.468686662299995,0.4914535610999999,-1.0890600278999998
149,SER,1.205,0.5537683823529411,1.53416,0.6844,0.2866000000000001,0,0.0,0,0.0,0.4111,0.1877,0.8514,0.5309,1.39184906,2.7065353300000004,3.87193585,4.82562736,-0.9420691994,-1.8277849900000005,-0.1580600765699999,-0.4479885208999999,3.730728573000001,-4.402142104499999,0.5973433396999991,-1.1775222473000004
150,ASP,1.297,0.4837747109287579,2.32356,0.9323,0.4517000000000001,0,0.0,0,0.0,0.1111,0.3239,0.8675,1.0,1.11156519,2.15030056,3.04863717,3.74911476,-0.9297954573999996,-1.803756775,-0.15691220107,-0.4448609513999999,3.3316669459999964,-6.487356320999996,0.5859721445000001,-1.6440103503999983
151,ASN,0.779,0.3186094069529652,2.2903,1.1978400000000002,0.4681599999999997,0,0.0,0,0.0,0.1111,0.3976,0.6747,0.8272,1.11148489,2.14967365,3.0465849800000004,3.74444902,-0.9922822227,-1.928370019,-0.16392017174,-0.4658029082999999,3.651151824,-6.397376821,0.5984962518999997,-1.569500105499999
152,ARG,2.375,0.7083209066507604,3.78477,0.98123,-0.0032299999999998,0,0.0,0,0.0,0.0,0.7346,0.9398,0.6914,1.11309008,2.16223997,3.0879195,3.83906792,-1.0421202448,-2.0395360686,-0.1481576126,-0.423006295,3.344209644000002,-6.758553276999996,0.4780341920000007,-1.4419844059999996
153,GLY,0.885,0.4894911504424779,0.92381,0.69721,0.22579,0,0.0,0,0.0,0.4556,0.0,1.0,0.5062,0.83377128,1.6135204099999998,2.28920138,2.81839538,-0.5031193300000001,-0.9779429513,-0.08232357102,-0.2338172533,2.9000967459999987,-4.165941546700001,0.5148847369000001,-1.04282314188
154,SER,0.518,0.2380514705882352,1.58665,1.09723,0.5607700000000002,0,0.0,0,0.0,0.4111,0.1877,0.8514,0.5309,0.9720355500000002,1.87697963,2.65277879,3.2470494299999992,-0.395469851,-0.7666374939999998,-0.0675125630999999,-0.1912907038,3.376005236000001,-3.092469664000002,0.5565816758000003,-0.7464341801
155,GLY,0.842,0.4657079646017699,1.01196,0.7259599999999999,0.2400400000000001,0,0.0,0,0.0,0.4556,0.0,1.0,0.5062,0.9737902200000002,1.89069137,2.6977947,3.34983106,-0.3479211256,-0.676318255,-0.05635127865,-0.1599220072,3.301883732000003,-5.348315467999994,0.4985992845999997,-1.1958328405999998
156,ARG,2.555,0.7620041753653445,3.98804,0.82614,-0.0281399999999999,1,0.25,1,0.25,0.0,0.7346,0.9398,0.6914,0.6943739099999999,1.34123471,1.89674504,2.32410669,-0.5019110585000001,-0.97162338,-0.0877363354,-0.2483585957,3.764754428,-7.918103005000002,0.6469242932,-2.0397127286000014
157,SER,1.102,0.5064338235294118,1.66206,0.82735,0.24665,1,0.333333333333333,1,0.333333333333333,0.4111,0.1877,0.8514,0.5309,0.5548355,1.06783709,1.50060363,1.82129875,-0.568312133,-1.098269194,-0.1020266047,-0.288435199,3.0176688390000024,-8.675954735999996,0.5371551284999992,-2.263275541
158,TYR,1.724,0.505868544600939,4.06252,1.37914,0.3048599999999999,2,0.666666666666667,2,0.666666666666667,0.3556,0.8063,0.502,0.1605,0.6945805300000001,1.34285799,1.90210505,2.33644035,-0.535227732,-1.039898003,-0.0876466721,-0.24869453,3.1774595340000027,-7.772042759999992,0.5343983429999996,-1.979026131999999
159,ASN,1.3,0.5316973415132925,2.47964,0.94114,0.2038599999999998,1,0.333333333333333,1,0.333333333333333,0.1111,0.3976,0.6747,0.8272,0.6945880799999999,1.3429146,1.9022828400000005,2.33682167,-0.836203969,-1.6263495116000002,-0.13477278408,-0.382815789,3.692085678000002,-7.814171240000005,0.5840845799999992,-1.8334221055999984
160,ASN,1.021,0.4175869120654397,2.26225,1.24628,0.1777199999999998,1,0.333333333333333,1,0.333333333333333,0.1111,0.3976,0.6747,0.8272,0.69448418,1.34210389,1.89962567,2.33076822,-1.1361637779599998,-2.2024387104,-0.1924722463,-0.544908786,4.116964412000001,-6.888972978999998,0.7078556579000016,-1.906377139
161,ASP,1.11,0.4140246176799702,2.28864,1.13766,0.43334,0,0.0,0,0.0,0.1111,0.3239,0.8675,1.0,1.39220079,2.7092744699999995,3.88089738,4.84599286,-1.4754241680999998,-2.8783358527000007,-0.2253539793499999,-0.6419327602299999,5.664872058,-9.222049736999985,0.8198804258999999,-1.9135087912200024
162,ARG,1.136,0.3388010736653742,3.63295,1.75769,0.4593100000000005,0,0.0,0,0.0,0.0,0.7346,0.9398,0.6914,1.39205717,2.70815419,3.877228240000001,4.83764298,-1.1066069544,-2.1607735389000005,-0.16625552392,-0.47401735603,6.127013085999992,-6.251232944899994,0.9689337873999976,-1.2921571731999997
163,ARG,1.376,0.4103787652848195,3.44972,1.55224,0.4247600000000002,0,0.0,0,0.0,0.0,0.7346,0.9398,0.6914,1.25177952,2.4289584800000004,3.4619746200000003,4.290960839999999,-1.20067185092,-2.333593204359999,-0.1971519895469999,-0.56003120244,5.111288736000002,-5.565406616499997,0.7715805307000004,-1.2808734462499984
164,ASP,0.7,0.2610966057441253,2.02518,1.25572,0.7252800000000001,0,0.0,0,0.0,0.1111,0.3239,0.8675,1.0,0.6947924799999999,1.3445123,1.90752915,2.34880208,-1.0704842273000004,-2.0843506699,-0.16875037745,-0.47966944732,4.357177030000003,-6.741890504399996,0.7104010594999981,-1.720814158059998
165,ASN,1.743,0.7128834355828222,2.51742,0.70254,-0.0005400000000003,0,0.0,0,0.0,0.1111,0.3976,0.6747,0.8272,0.55690532,1.08393666,1.55321201,1.94067483,-0.8926970310999999,-1.7484108133000005,-0.12516772485,-0.3577120334000001,3.8177060480000073,-6.544293159999998,0.5368763802999992,-1.3802592441
166,GLY,0.339,0.1875,0.73395,0.88849,0.5805100000000001,0,0.0,0,0.0,0.4556,0.0,1.0,0.5062,1.53341989,2.99570378,4.3194776,5.444656799999999,-1.1072867146200005,-2.167830473359999,-0.1585960270445,-0.4535298746269999,6.213801742999991,-5.573523086059997,0.916689447099999,-1.1748632058750008
167,GLY,0.322,0.1780973451327433,0.81494,1.04257,0.44343,1,0.0476190476190476,0,0.0,0.4556,0.0,1.0,0.5062,1.66933567,3.2408996200000004,4.62339368,5.73798814,-1.5269417856,-2.9788192806999985,-0.23499339217,-0.6698576299000001,4.991126072000001,-6.810240965200004,0.7723905124000005,-1.6145209499
168,ASP,1.375,0.5128683327116748,2.5605,0.79893,0.50707,1,0.1,0,0.0,0.1111,0.3239,0.8675,1.0,0.97321548,1.88616803,2.68283118,3.31531559,-1.38327083933,-2.6920467243,-0.22183509048,-0.6307739323100002,6.121200115999996,-8.818435838600003,1.0261757055999972,-2.189822821719998
169,GLY,1.104,0.6106194690265487,1.56394,0.36507,0.3389299999999999,0,0.0,0,0.0,0.4556,0.0,1.0,0.5062,0.8354285600000001,1.62638903,2.3311758300000003,2.9134094800000003,-1.2428174129840346,-2.4276330491692706,-0.1860900202233695,-0.5309230877090713,7.467606569999997,-9.92778646759268,1.1460108486999996,-2.358577728090713
