2,MET,2.337,0.783702213279678,2.8141000000000003,0.73226,-0.08726,1,0.5,0,0.0,0.7111,0.6196,0.0,0.0988,0.55642236,1.0801458,1.54070646,1.91193603,-0.2554641765,-0.500693802,-0.0357041446,-0.1022032242,1.2590122889999995,-2.10185769,0.1829046113,-0.4299625153000002
3,GLU,1.522,0.5579178885630498,2.8633,1.00934,0.1966600000000002,3,0.6,2,0.4,0.1111,0.4884,0.8112,0.9136,0.55428459,1.06355428,1.48662071,1.78961041,-0.194549256,-0.377020778,-0.0338588976,-0.0960561443,1.2533910499999998,-1.2540229629999995,0.2296812296999999,-0.3083125963999998
4,SER,1.278,0.5873161764705882,1.6984800000000002,0.7168,0.1812000000000001,2,0.5,2,0.5,0.4111,0.1877,0.8514,0.5309,0.6944410300000001,1.34177006,1.89854075,2.32832485,-0.3639894463299999,-0.70704856278,-0.059110302125,-0.16750309205,1.8866350439999977,-3.191931960899998,0.2853641719999997,-0.7519469502500001
5,ASN,1.216,0.4973415132924335,2.30263,0.98565,0.2433499999999998,2,0.4,2,0.4,0.1111,0.3976,0.6747,0.8272,0.97311582,1.88544126,2.68062793,3.31084784,-0.6254872941999999,-1.2269034475000002,-0.08514991532,-0.24379599617,1.6103706100000017,-1.9336590245000005,0.2557303187999999,-0.4199718033
6,GLN,1.095,0.3808695652173913,2.73484,1.24343,0.53657,3,0.5,2,0.333333333333333,0.1111,0.5388,0.7952,0.6914,0.97335775,1.88729951,2.68661623,3.32417599,-0.4567048996,-0.8846956509999998,-0.07846153813,-0.2220615261,1.407878786000001,-2.062703714,0.2710784649000001,-0.5884312472999998
7,SER,0.87,0.3998161764705882,1.54681,0.9685,0.3375,0,0.0,0,0.0,0.4111,0.1877,0.8514,0.5309,1.25286284,2.4374553700000003,3.48998199,4.3552516400000005,-0.7824601985999998,-1.5175833437,-0.1319356897799999,-0.37380158965,1.179677199,-1.4503096871,0.1756318676,-0.32851711145
8,ASN,1.026,0.4196319018404908,2.22782,1.16355,0.2554499999999997,0,0.0,0,0.0,0.1111,0.3976,0.6747,0.8272,1.3904534400000002,2.69561157,3.83601211,4.743419189999999,-0.63172176041,-1.22575112434,-0.105962498818,-0.30038387727,1.4133000570000005,-0.7815386044999999,0.2310381335999998,-0.20790127913
9,ASN,1.137,0.4650306748466258,2.36047,1.03821,0.2697899999999997,0,0.0,0,0.0,0.1111,0.3976,0.6747,0.8272,1.53063222,2.97399967,4.248487959999999,5.28337013,-0.5799538847739998,-1.12698015258,-0.09580569929,-0.272164580703,1.2196042479999998,-0.90761748756,0.1776296646999998,-0.2085484458759999
10,GLY,0.982,0.5431415929203539,0.97929,0.6494899999999999,0.1765100000000001,0,0.0,0,0.0,0.4556,0.0,1.0,0.5062,1.3924339799999998,2.71110893,3.88696311,4.85997604,-0.7755351214999999,-1.5183578898,-0.11039925393,-0.31557079915,1.1801837869999994,-1.4783454902000002,0.1713541719999998,-0.3045783193499999
11,GLY,0.577,0.3191371681415929,0.90848,0.8346600000000001,0.39634,0,0.0,0,0.0,0.4556,0.0,1.0,0.5062,1.25209852,2.43147044,3.47028751,4.310143399999999,-0.5257701938499999,-1.02818762924,-0.0767569767499999,-0.2191987767599999,2.0044518100000013,-1.4844358910600004,0.3059756398,-0.2908708236699999
12,SER,1.112,0.5110294117647058,1.6400899999999998,0.9167500000000002,0.1472499999999998,0,0.0,0,0.0,0.4111,0.1877,0.8514,0.5309,1.2512944599999998,2.42517801,3.4495987,4.26281155,-0.60915033376,-1.1868861435000002,-0.0958153257,-0.27278624665,1.648710072,-1.731099998,0.2711436527999998,-0.401080494
13,GLY,0.619,0.3423672566371681,0.90903,0.76062,0.4283800000000001,1,0.0714285714285714,0,0.0,0.4556,0.0,1.0,0.5062,1.5315393299999998,2.9811114400000003,4.271918070000001,5.33711839,-0.8936657579499998,-1.7384454232,-0.14344795934,-0.4075044212400001,1.0989953780000004,-2.02581946,0.1811254329,-0.5077560992
14,ASN,0.521,0.2130879345603272,2.14572,1.37418,0.54982,1,0.0454545454545455,3,0.136363636363636,0.1111,0.3976,0.6747,0.8272,1.94858797,3.78904871,5.420059790000002,6.753424139999999,-0.37129461435,-0.72191143346,-0.0606121305249999,-0.17225703797,1.1777833419999997,-0.2892666663000001,0.1909420943999999,-0.08893640066
15,ALA,0.767,0.3516735442457588,1.06705,1.01821,0.3957900000000001,1,0.0714285714285714,3,0.214285714285714,0.7,0.1645,0.249,0.3951,1.94920863,3.79396528,5.436430050000001,6.791500719999998,-0.2585348729999999,-0.4964085566,-0.05046743245,-0.14192239195,1.1003989770000004,-0.0359136743999999,0.1687609457999999,-0.0195290196999999
16,ALA,0.72,0.3301237964236588,1.23836,0.8553799999999999,0.6056200000000002,0,0.0,1,0.0833333333333333,0.7,0.1645,0.249,0.3951,1.6699358800000002,3.24559219,4.638807229999999,5.773204,-0.7574679202400001,-1.4703687831,-0.127342606461,-0.361472348429,1.921781213,-1.4512081751399997,0.3274366189999999,-0.3602641422420001
17,LEU,1.872,0.7042889390519188,2.49303,0.78835,-0.0023500000000001,0,0.0,2,0.2,0.9222,0.663,0.2811,0.0,1.2511684800000002,2.42423076,3.4466191099999994,4.25640815,-0.6479723062,-1.2511935465,-0.11644493099,-0.3286334826999999,1.7244876450000006,-1.9949569574,0.3054008019999999,-0.5551967520000002
18,ASN,0.835,0.3415132924335378,2.01524,1.19009,0.4199099999999998,0,0.0,4,0.210526315789474,0.1111,0.3976,0.6747,0.8272,1.52807987,2.95416516,4.183750000000001,5.136713330000001,-1.0545908761,-2.0487452857800004,-0.173659549908,-0.4928884959529999,1.569054936999999,-3.1938303741800005,0.2678216847,-0.7853984951529996
19,ARG,1.256,0.3745899194750969,3.01954,1.71946,0.3775400000000004,1,0.0357142857142857,8,0.285714285714286,0.0,0.7346,0.9398,0.6914,1.94617229,3.770287010000001,5.3588627,6.614914219999998,-0.4647339346999999,-0.90667513547,-0.071023233714,-0.202370390234,1.1402475550000002,-1.6874895082,0.1701704723999999,-0.3355692799
20,GLY,0.438,0.2422566371681415,0.85409,0.7689100000000001,0.60109,0,0.0,5,0.238095238095238,0.4556,0.0,1.0,0.5062,1.66869413,3.2358973800000004,4.607007070000001,5.70068091,-0.7261527914600001,-1.4079591395,-0.12378999601,-0.3508641743499999,2.0797095919999986,-2.1701517115,0.3472847170999999,-0.5778640625500001
21,GLY,0.605,0.3346238938053097,0.81155,0.7671499999999999,0.4358500000000002,0,0.0,6,0.5,0.4556,0.0,1.0,0.5062,1.25063019,2.42008154,3.43319035,4.226332689999999,-0.78855341583,-1.52337005746,-0.1411598151699999,-0.39866388973,2.353367314,-3.4861750182200018,0.3992625443000002,-0.9100358613699996
22,ARG,2.259,0.6737250223680286,3.852,0.9188299999999998,0.1751700000000005,0,0.0,4,0.363636363636364,0.0,0.7346,0.9398,0.6914,1.25131388,2.42537317,3.45039181,4.265091339999999,-0.8326207446999999,-1.614975502,-0.14091203007,-0.3994999325,2.2771013519999994,-3.357022894999999,0.3695804301999997,-0.8218101267999998
23,TYR,0.9,0.2640845070422535,2.9576,1.9920400000000005,0.5159599999999995,0,0.0,3,0.25,0.3556,0.8063,0.502,0.1605,1.39080419,2.69837372,3.8451539700000006,4.76451816,-0.8528553691599999,-1.6595387738,-0.136875149031,-0.389127560958,2.3578334969999992,-3.2677443781,0.3654624676,-0.7677592453579998
24,VAL,1.237,0.5080082135523615,1.92395,0.8317800000000001,0.3662199999999999,0,0.0,0,0.0,0.9667,0.4924,0.3655,0.1235,1.1132338300000002,2.16333647,3.09142262,3.84676653,-0.9225655792,-1.7984737129999997,-0.1422169101799999,-0.4046560677000001,2.4755826080000007,-3.6529809689999975,0.3826996337000003,-0.8365398909000005
25,PRO,0.682,0.3058295964125561,1.67265,1.17468,0.3733200000000001,0,0.0,0,0.0,0.3222,0.3764,0.8594,0.3827,1.11329517,2.16383938,3.09316011,3.85100227,-0.78344072656,-1.52962062734,-0.117347308767,-0.33440657147,2.5932166840000006,-4.1084474129,0.4021397924000002,-0.9746904781000004
26,PRO,1.042,0.4672645739910314,1.58356,0.8964699999999999,0.29153,0,0.0,1,0.25,0.3222,0.3764,0.8594,0.3827,0.8339134100000001,1.6146526899999998,2.29299469,2.82729007,-0.8585242275000001,-1.66741481,-0.1407253237,-0.3989668533,2.9420364719999994,-6.584063096000005,0.4960725072000005,-1.6897244693000004
27,HIS,1.511,0.5464737793851717,2.51542,1.2404099999999998,0.0135900000000004,0,0.0,2,0.4,0.1444,0.561,0.1124,0.679,0.8336807900000001,1.61283629,2.2870360400000003,2.81369883,-0.671092164,-1.3078499900000002,-0.1048383555,-0.298452069,3.063977883999997,-6.098751362999996,0.4844901258,-1.4427397272000004
28,LEU,1.755,0.6602708803611738,2.51922,0.8064100000000001,0.0965899999999999,0,0.0,2,0.5,0.9222,0.663,0.2811,0.0,0.69434559,1.34102374,1.89608925,2.32272386,-0.657859396,-1.2780599789999998,-0.1074842571,-0.3048564804999999,2.7838092440000017,-7.015176241,0.4811703316999998,-1.7658448820000012
29,ARG,1.828,0.5451834178347749,3.56164,1.38803,0.13697,0,0.0,2,0.333333333333333,0.0,0.7346,0.9398,0.6914,0.83350557,1.61145762,2.28247604,2.80318399,-0.8666307179999999,-1.687564677,-0.138083719,-0.3929923559,4.709905842000001,-10.258190875999995,0.7807399278000018,-2.429094629399999
30,GLY,0.71,0.3926991150442477,0.8840600000000001,0.8242299999999999,0.2737700000000002,0,0.0,1,0.142857142857143,0.4556,0.0,1.0,0.5062,0.83382171,1.6139345,2.29063109,2.8218750700000004,-1.02231698,-1.9832071700000005,-0.1718196587,-0.4869246946,5.137795681999994,-11.687106954999996,0.8756763647000007,-2.9438665524
31,GLY,0.485,0.2682522123893805,0.89283,0.85798,0.46502,0,0.0,1,0.1,0.4556,0.0,1.0,0.5062,1.11296585,2.16124097,3.08453944,3.8310407299999993,-1.01251157614,-1.9699221186,-0.1624125159,-0.4615076427999999,5.41963332199999,-8.683723960600002,0.8655184686999988,-2.113158543100001
32,ASP,1.096,0.4088026855650877,2.22212,1.1884100000000002,0.3965899999999998,0,0.0,1,0.0769230769230769,0.1111,0.3239,0.8675,1.0,1.39136395,2.70272488,3.85935806,4.796700329999999,-0.96716858374,-1.8874946369999992,-0.14699748221,-0.4189385573000001,3.258537756000001,-4.511796121000001,0.5328362099999997,-1.0905952507999994
33,GLY,0.253,0.139933628318584,0.7183499999999999,0.96853,0.5864700000000002,1,0.0769230769230769,0,0.0,0.4556,0.0,1.0,0.5062,1.53012256,2.9700744400000003,4.23579791,5.254992260000001,-1.1774513612940003,-2.2937580523000003,-0.1848343425665,-0.525867454604,1.846085123000001,-3.605596431000001,0.2925149723999999,-0.8658426075000003
34,GLY,0.579,0.3202433628318584,0.89235,0.83482,0.3941800000000001,2,0.117647058823529,0,0.0,0.4556,0.0,1.0,0.5062,1.38846874,2.68032468,3.78657236,4.632799200000001,-1.3073667871899994,-2.52743259535,-0.23234916536,-0.6567524251500001,2.312637206999999,-3.74989178698,0.4046829065999998,-0.97798732281
35,ALA,0.634,0.2906923429619441,1.10278,1.06649,0.4805100000000002,1,0.0666666666666667,0,0.0,0.7,0.1645,0.249,0.3951,1.8088381,3.51403843,5.0187598,6.23925076,-1.3267869740999996,-2.5873226739,-0.2046188582099999,-0.5827688397499999,1.9645629820000008,-3.3341045308,0.3081446645000001,-0.7727369827800004
36,ALA,0.786,0.3603851444291609,1.21621,0.9627,0.4323,0,0.0,0,0.0,0.7,0.1645,0.249,0.3951,1.80990542,3.5223182700000004,5.045734049999999,6.30020116,-0.92748658186,-1.80974854,-0.140910416406,-0.40139002023,2.2802140080000006,-1.8537818575000005,0.3434807753000001,-0.42001319412
37,ALA,0.681,0.312242090784044,1.24175,0.8806199999999998,0.6193800000000002,0,0.0,0,0.0,0.7,0.1645,0.249,0.3951,1.53155824,2.98125186,4.27235392,5.338035339999999,-0.8616999662,-1.6688139378300002,-0.149048920224,-0.4218763032200001,2.0417713440000003,-1.5121039306,0.3291344824000002,-0.4384833372999999
38,ALA,1.122,0.5144429160935351,1.27749,0.76672,0.29228,0,0.0,0,0.0,0.7,0.1645,0.249,0.3951,0.97378448,1.89065019,2.69767263,3.3495922200000003,-0.9663006828,-1.8769368254,-0.15870125523,-0.4501452664599999,2.081941336000001,-3.3130102580000016,0.3261594797000002,-0.8172790212000006
39,ALA,0.601,0.275561668959193,1.2334699999999998,0.90097,0.67903,0,0.0,0,0.0,0.7,0.1645,0.249,0.3951,0.8332124,1.6091619,2.2749237300000003,2.78589311,-1.04491056,-2.0335581692,-0.16831994746,-0.4788642904999999,1.4920645410000002,-2.8937079650000004,0.2433582099999999,-0.7003984888000001
40,SER,1.396,0.6415441176470588,1.53237,0.70566,0.0743400000000003,0,0.0,0,0.0,0.4111,0.1877,0.8514,0.5309,0.69477341,1.34435841,1.90700675,2.34755589,-0.7488396900000001,-1.465488016,-0.1080616719,-0.3088697777,1.9249288999999985,-2.267197748,0.3024485776000001,-0.5076778331999997
41,ALA,0.922,0.4227418615314076,0.8027,0.65891,0.6000899999999999,0,0.0,0,0.0,0.7,0.1645,0.249,0.3951,0.4168949899999999,0.80684226,1.14490182,1.40998272,-0.3615433664,-0.700109866,-0.06260758406,-0.1771925941,2.038708674,-4.277453835999998,0.3542608216000001,-1.1440983294999996
42,GLY,0.777,0.4297566371681416,1.2503,0.66003,0.3709700000000001,0,0.0,0,0.0,0.4556,0.0,1.0,0.5062,0.41675295,0.80572339,1.14119618,1.40142205,-0.2434415875,-0.47460304,-0.0380367151,-0.1083828917,2.6250845589999976,-4.319673463999997,0.4718072291999999,-1.0339871877999995
43,GLY,0.911,0.5038716814159292,0.96935,0.7046299999999999,0.1923700000000001,0,0.0,0,0.0,0.4556,0.0,1.0,0.5062,0.55532545,1.07168185,1.5132831100000002,1.85042485,-0.462801819,-0.905090043,-0.066562665,-0.1898559484999999,2.3561799850000007,-4.744757457,0.3733548732999998,-1.1692218571
44,ASP,1.056,0.3938828795225662,2.28757,1.12628,0.49872,0,0.0,0,0.0,0.1111,0.3239,0.8675,1.0,0.69398097,1.33816111,1.88664401,2.30101242,-0.8511066033000001,-1.6583827459999996,-0.1343463421299999,-0.3826358385000001,2.3547301839999983,-2.722964962000001,0.3937892443999998,-0.6780339615999996
45,ASP,1.282,0.4781797836628124,2.37918,0.99706,0.4019400000000001,0,0.0,1,0.166666666666667,0.1111,0.3239,0.8675,1.0,0.83395684,1.61497629,2.29400066,2.82941288,-1.2703176741000004,-2.4656356116,-0.21204844228,-0.6012989375,2.0360409310000014,-2.775217693599999,0.374487199,-0.8028571344000005
46,ARG,1.677,0.5001491201908739,2.92515,1.39181,0.2841900000000001,0,0.0,0,0.0,0.0,0.7346,0.9398,0.6914,1.67133108,3.25648121,4.674507999999999,5.85456941,-2.4388446079799992,-4.745849119199998,-0.38916830739,-1.10577367861,2.279893539,-1.8495790808999988,0.3459828138999999,-0.45778912319
47,ARG,1.335,0.3981509096331643,3.46736,1.4981600000000002,0.5198400000000001,0,0.0,0,0.0,0.0,0.7346,0.9398,0.6914,2.6472819000000003,5.1638775500000005,7.426547220000001,9.32644684,-1.6756212272039996,-3.265922189535,-0.2606712951909999,-0.742009145431,1.060140271,-0.388525829,0.1719598412,-0.1142676572
48,GLY,0.219,0.1211283185840707,0.82788,0.91157,0.67743,5,0.135135135135135,0,0.0,0.4556,0.0,1.0,0.5062,2.5037545599999995,4.859408030000001,6.928728299999999,8.5924893,-1.5519791264299998,-3.008250819,-0.264473286667,-0.74904938002,2.8205633679999984,-1.4884794166999995,0.5095751415,-0.4238421972100002
49,GLY,0.0,0.0,0.63454,1.04439,0.7636100000000001,7,0.184210526315789,0,0.0,0.4556,0.0,1.0,0.5062,3.06300841,5.96156342,8.541301820000001,10.66733422,-1.4225477049599995,-2.77552269177,-0.2171824850939999,-0.6188226625550004,0.274498172,-0.048075741,0.0474466224,-0.0131571571
50,ALA,0.304,0.1393856029344337,1.01309,1.17395,0.70305,2,0.1,0,0.0,0.7,0.1645,0.249,0.3951,2.08796254,4.061159979999999,5.81195344,7.24645482,-1.9767813493,-3.837055073299999,-0.3304290297899999,-0.9372260756100004,0.5886959679999999,-0.2136167843,0.0978234375,-0.0661936647599999
51,GLY,0.957,0.5293141592920354,1.04255,0.5881500000000001,0.26285,0,0.0,0,0.0,0.4556,0.0,1.0,0.5062,1.11315689,2.16276398,3.08964602,3.84302818,-1.92972783121,-3.7426990743,-0.326330376545,-0.924865996746,1.020188789,-0.9246033281000002,0.1694978921,-0.2598562285999999
52,GLY,0.491,0.2715707964601769,0.8327800000000001,0.85108,0.4659200000000002,1,0.0909090909090909,0,0.0,0.4556,0.0,1.0,0.5062,1.11233391,2.15634527,3.0686156499999995,3.79514061,-2.02884753474,-3.9336691503999983,-0.344019901206,-0.9745275914199998,3.062454550000001,-1.990339862100001,0.4922027672000001,-0.5618158096679997
53,GLY,0.43,0.2378318584070796,1.0043300000000002,0.8800399999999998,0.4979600000000003,2,0.0952380952380952,0,0.0,0.4556,0.0,1.0,0.5062,2.228108,4.33931849,6.223787439999999,7.785288159999999,-1.4460123329,-2.8198790848,-0.2231646894700001,-0.6356601754600001,2.6328877630000003,-2.365006767099999,0.4084776531999995,-0.5770868543600001
54,GLY,0.457,0.2527654867256637,0.82554,0.97916,0.3718399999999999,3,0.166666666666667,1,0.0555555555555556,0.4556,0.0,1.0,0.5062,1.9490285600000004,3.79249984,5.431419900000001,6.77945414,-1.0192624956,-1.9938583118,-0.14640036045,-0.41780894302,3.852055446000004,-4.215934188400002,0.5804418225000005,-0.9578040530599996
55,TYR,1.373,0.4028755868544601,3.83398,1.45271,0.5822900000000002,4,0.266666666666667,1,0.0666666666666667,0.3556,0.8063,0.502,0.1605,1.67022497,3.24783905,4.646141279999999,5.789820209999999,-0.75369826325,-1.46565544476,-0.12294852133,-0.3495043448299999,3.610809714000006,-3.650292662000002,0.5978484293000004,-0.9009283136999998
56,ARG,2.324,0.6931106471816283,3.76395,0.99113,0.0378700000000004,2,0.25,1,0.125,0.0,0.7346,0.9398,0.6914,1.25256224,2.43509406,3.4821841199999994,4.33730665,-1.1265663310999998,-2.1980477427,-0.1714167875999999,-0.48826715469,6.323592318000006,-9.732671412100014,1.0015998669999993,-2.365822904300001
57,ARG,2.134,0.6364449746495675,3.86752,0.9836,0.2354000000000002,2,0.222222222222222,1,0.111111111111111,0.0,0.7346,0.9398,0.6914,0.97249466,1.88058115,2.66465056,3.27430334,-0.9593899237,-1.8610839474,-0.16230123095,-0.460248693,6.000704507000003,-12.124656353400011,1.0309782551999984,-3.145327320499998
58,GLY,1.008,0.5575221238938053,1.03471,0.57779,0.22221,1,0.2,0,0.0,0.4556,0.0,1.0,0.5062,0.8338784,1.61435596,2.29193803,2.82462216,-0.8705438884000001,-1.6922295699999996,-0.1420835004,-0.4034986936999999,7.848353565999989,-12.811158099000007,1.3074605478,-3.103394670800003
59,GLY,0.521,0.2881637168141593,1.00571,0.90593,0.3810699999999999,1,0.111111111111111,0,0.0,0.4556,0.0,1.0,0.5062,1.25177331,2.4289135500000003,3.46183983,4.290691229999999,-0.607708810107,-1.1869138597830002,-0.0912733257892999,-0.2603904110035,7.191443672999977,-7.783924210899987,1.1171426131999986,-1.7712866781720005
60,GLY,0.768,0.4247787610619469,1.0294,0.7428599999999999,0.2971400000000002,1,0.1,0,0.0,0.4556,0.0,1.0,0.5062,1.3922111700000002,2.70935167,3.88113621,4.846493239999999,-0.8031225435999999,-1.5712568028000002,-0.11668311857,-0.33345609546,4.799013498,-4.240395714699996,0.705728811700001,-0.9570779087000004
61,ASN,1.631,0.6670756646216769,2.50553,0.8799199999999999,-0.06592,0,0.0,0,0.0,0.1111,0.3976,0.6747,0.8272,0.83380732,1.61380132,2.29012152,2.82048894,-1.0363520558,-2.0033572314000003,-0.1852262043899999,-0.52376555633,3.647784857999997,-3.4365332516,0.6191661504000003,-1.0104055073200002
62,SER,1.212,0.556985294117647,1.44608,0.79206,0.1719400000000002,0,0.0,0,0.0,0.4111,0.1877,0.8514,0.5309,1.25279875,2.43693183,3.48818089,4.3508851,-1.0228401145599997,-1.97658784295,-0.1824848085,-0.5155200083000002,3.852570716000006,-2.115219563199999,0.5837943832999999,-0.5632112735600009
63,GLY,0.679,0.3755530973451327,0.97787,0.8423399999999999,0.2866600000000001,1,0.0555555555555556,0,0.0,0.4556,0.0,1.0,0.5062,2.6476157400000004,5.16646072,7.434937489999999,9.34532785,-1.7387040204609994,-3.39891322613,-0.2543811433917,-0.7257748343836999,1.5340973300000005,-1.7034525092000004,0.2240484971,-0.3684883142500001
64,GLY,0.106,0.0586283185840707,0.7102200000000001,1.11485,0.5871500000000001,2,0.0571428571428571,0,0.0,0.4556,0.0,1.0,0.5062,2.50536337,4.871944260000001,6.9697677,8.685844159999998,-2.4140401967800003,-4.713859780770003,-0.3618130649069999,-1.0314467790199997,1.2198496859999992,-2.281137861,0.1747217797,-0.4874584730000001
65,GLY,0.788,0.4358407079646018,0.93892,0.7144499999999999,0.3055500000000001,0,0.0,0,0.0,0.4556,0.0,1.0,0.5062,1.2512585499999995,2.42489576,3.44866713,4.26067054,-1.846376183,-3.576721685,-0.3194849384499999,-0.90490838115,2.356327413999999,-1.971207008,0.3782124606999999,-0.52007386605
66,GLY,0.93,0.5143805309734514,1.04519,0.6393599999999999,0.23864,0,0.0,0,0.0,0.4556,0.0,1.0,0.5062,1.11261096,2.15846224,3.07539991,3.81012197,-2.0838022336,-4.054155196300001,-0.3350172073599999,-0.9521738668999998,2.826920703,-5.820453293,0.4589315716999997,-1.4278946353000002
67,GLY,0.451,0.2494469026548672,0.8030200000000001,0.91875,0.43825,0,0.0,0,0.0,0.4556,0.0,1.0,0.5062,1.66982648,3.24473739,4.63600227,5.76680543,-1.7117505921599996,-3.3189183678400003,-0.2918229048909999,-0.8271311701140001,3.611815181999999,-4.94907284096,0.5857918284000004,-1.3212375264999998
68,GLY,0.427,0.2361725663716814,0.7890699999999999,0.96472,0.41628,2,0.0769230769230769,0,0.0,0.4556,0.0,1.0,0.5062,2.36755515,4.61200126,6.61757479,8.28269878,-1.898832122433,-3.705476409820001,-0.2898339587068,-0.826215221188,3.223684528,-2.556477472159999,0.4871601797999998,-0.591451824644
69,GLY,0.504,0.2787610619469026,0.79318,0.8201,0.4839,1,0.0454545454545455,0,0.0,0.4556,0.0,1.0,0.5062,1.80839749,3.5105886399999995,5.00741113,6.213268190000001,-2.07735235397,-4.029495155539999,-0.3494472441599998,-0.99012755198,3.299396701000006,-2.6536085549999986,0.5231595107999993,-0.6738977154100007
70,TYR,0.433,0.1270539906103286,3.07452,2.20008,0.7749200000000003,8,0.235294117647059,0,0.0,0.3556,0.8063,0.502,0.1605,2.50401048,4.861381130000001,6.93512274,8.606845700000001,-1.8457275137349995,-3.58162226644,-0.3116151234855,-0.8841708646356,1.5305462370000007,-1.3404359697819996,0.2553614015999999,-0.3627330869306
71,ASP,0.247,0.0921298023125699,1.79182,1.44417,0.9898300000000002,2,0.0909090909090909,0,0.0,0.1111,0.3239,0.8675,1.0,1.94770317,3.782230100000001,5.397992690000001,6.704000369999999,-1.91518397387,-3.713246007800002,-0.3249186529900001,-0.92039536899,3.217206603000001,-2.933260773860001,0.5415822138999999,-0.8324721258400003
72,ARG,1.162,0.3465553235908141,2.82056,1.70585,0.4851500000000002,4,0.210526315789474,0,0.0,0.0,0.7346,0.9398,0.6914,1.80949207,3.5191173,5.03532982,6.2767694,-1.7247881343000002,-3.3548974525,-0.27879022487,-0.792311247,6.045694339999998,-7.865329231000002,0.9876244347999996,-1.961486528200001
73,GLY,0.265,0.1465707964601769,0.68717,0.95905,0.5839500000000002,8,0.242424242424242,0,0.0,0.4556,0.0,1.0,0.5062,2.0866903700000003,4.0512640200000005,5.779621660000001,7.17311514,-1.78209179294,-3.45991330947,-0.2972502726950001,-0.8434425096999998,3.646804150999999,-4.623862875769995,0.6313693520999997,-1.26844584244
74,TYR,0.966,0.2834507042253521,3.65331,1.58972,0.8522800000000001,10,0.333333333333333,0,0.0,0.3556,0.8063,0.502,0.1605,2.645225480000001,5.14786721,7.374181620000002,9.20747962,-1.4017913338000003,-2.7312871893000006,-0.2186311649499999,-0.6219573291899999,2.160457109,-1.9486286946,0.3428260682999999,-0.5008974914
75,ASN,0.586,0.2396728016359918,1.87813,1.60503,0.25397,5,0.185185185185185,0,0.0,0.1111,0.3976,0.6747,0.8272,2.22639425,4.32594958,6.17997636,7.685498679999999,-1.57086748866,-3.0542410406000005,-0.254909390043,-0.7239706699299999,4.276872797999999,-4.690493093499996,0.7135265139999993,-1.2414367711499992
76,ASP,0.981,0.3659082431928385,2.21869,1.02617,0.6738300000000002,0,0.0,0,0.0,0.1111,0.3239,0.8675,1.0,1.67047272,3.24974615,4.652300040000001,5.80356501,-1.8869417703100004,-3.667934692671,-0.3089229848960999,-0.8775668947614,4.400613171999999,-3.661539929690004,0.6888084633000001,-0.9209664678600008
77,ASN,0.812,0.3321063394683027,2.14034,1.17742,0.4555799999999999,0,0.0,0,0.0,0.1111,0.3976,0.6747,0.8272,1.3917055900000002,2.70539188,3.86810431,4.81664069,-1.5046642500599996,-2.934087398870001,-0.232207765679,-0.6612901434600001,6.206465867999999,-6.523641038900002,0.9800542146000004,-1.596024696829999
78,ARG,2.111,0.6295854458693707,3.79281,1.13773,0.10427,0,0.0,0,0.0,0.0,0.7346,0.9398,0.6914,1.11360989,2.16630495,3.10127559,3.8695967099999993,-1.36389756047,-2.6636648616,-0.201681403146,-0.57450270091,7.471601954999992,-6.704615129699988,1.100700805199999,-1.5997371662500008
79,ASP,1.559,0.5814994405072734,2.29847,0.76697,0.35503,0,0.0,0,0.0,0.1111,0.3239,0.8675,1.0,0.55493656,1.06862682,1.50319607,1.82721762,-0.5421235544,-1.046665143,-0.09831683708,-0.27763161647,3.171555287999998,-5.626386483999997,0.5843069021999998,-1.5399757285000006
80,ASP,1.552,0.5788884744498322,2.478,0.8410200000000001,0.2879799999999999,0,0.0,0,0.0,0.1111,0.3239,0.8675,1.0,0.41564073,0.7971343099999999,1.113343,1.33887052,-0.3797906299999999,-0.738128434,-0.0626294416,-0.17795677,2.2344106879999983,-5.774035355000004,0.3927750969999999,-1.4630533469999991
81,ARG,1.831,0.5460781389800179,3.1707400000000003,1.2252299999999998,0.2967700000000004,0,0.0,0,0.0,0.0,0.7346,0.9398,0.6914,0.2774348399999999,0.53405192,0.75073928,0.91164717,-0.179828717,-0.3475009639999999,-0.032289964,-0.091275061,1.8804635029999976,-5.554447479999994,0.3396098005000001,-1.469114773000001
82,ASP,1.287,0.4800447594181275,2.38931,0.8503299999999999,0.5436700000000002,0,0.0,0,0.0,0.1111,0.3239,0.8675,1.0,0.4170173,0.8077903099999999,1.1479866799999998,1.41694127,-0.4046996382,-0.7856490413999999,-0.06705046166,-0.1900693607,4.162225151999994,-7.218027495000003,0.6698125840999996,-1.609730311000003
83,ASN,0.873,0.3570552147239264,2.14504,1.34104,0.2309599999999998,0,0.0,0,0.0,0.1111,0.3976,0.6747,0.8272,0.8337513999999999,1.6133734,2.28874877,2.81745385,-0.437784673,-0.8539505900000001,-0.0675337078,-0.1924892028,6.605199185999991,-14.556111141999988,1.0013937580000023,-3.306731585500004
84,ARG,2.607,0.7775126752162242,3.9973,0.8441199999999999,-0.0981199999999998,0,0.0,0,0.0,0.0,0.7346,0.9398,0.6914,0.8336400800000001,1.6125050399999998,2.28590408,2.81097888,-0.4259069963,-0.830427969,-0.06619755406,-0.188610381,6.60359032299997,-15.14527421500001,1.013937540899999,-3.4573742267199985
85,GLY,0.957,0.5293141592920354,0.95308,0.69311,0.15789,0,0.0,0,0.0,0.4556,0.0,1.0,0.5062,0.69428051,1.34051536,1.89442003,2.31891167,-0.3984497049599999,-0.7665225283000001,-0.075768742704,-0.21334112544,6.58512268399999,-11.070493792200006,1.1516227209999976,-3.0708919502799947
86,GLY,0.897,0.4961283185840708,1.06581,0.6592500000000001,0.2517499999999999,0,0.0,0,0.0,0.4556,0.0,1.0,0.5062,1.11250818,2.15764943,3.0726958700000004,3.80383686,-0.9080265289999996,-1.7736639920000004,-0.1361917766,-0.3885975124,5.112569687999995,-9.599321608,0.7643400364000016,-2.083346247
87,SER,0.754,0.3465073529411764,1.54496,1.07743,0.34457,0,0.0,0,0.0,0.4111,0.1877,0.8514,0.5309,1.2512262,2.42464366,3.4478408000000003,4.25878771,-0.75098029462,-1.4627722212999998,-0.11887821843,-0.33836846601,5.106627536,-7.744874648199987,0.8082097695999996,-1.9068332545699984
88,GLY,0.479,0.2649336283185841,0.96484,0.8466,0.4824000000000001,1,0.111111111111111,0,0.0,0.4556,0.0,1.0,0.5062,1.2529353200000002,2.438021,3.49183522,4.35947077,-0.7450636408999999,-1.4417979516,-0.12959173662,-0.3663283381499999,4.042020932000009,-4.38391831,0.6687020938000003,-1.1563486199
89,GLY,0.671,0.3711283185840708,0.8966,0.91926,0.21774,2,0.166666666666667,0,0.0,0.4556,0.0,1.0,0.5062,1.81028445,3.5253133900000004,5.055683419999999,6.323275359999999,-2.08230576925,-4.0642561753,-0.3144567299099999,-0.8959696841199999,4.523157077000004,-7.426179555600009,0.6623074289000003,-1.5949308677400018
90,TYR,0.965,0.2831572769953052,3.5352300000000003,1.77105,0.67195,3,0.214285714285714,0,0.0,0.3556,0.8063,0.502,0.1605,1.94986853,3.79906052,5.45294635,6.82856702,-1.9462592616000003,-3.8082644115000006,-0.28144152196,-0.8043044389,4.050482473000002,-4.6261025444999975,0.6038117680999997,-1.0262312794000004
91,GLY,0.644,0.3561946902654867,0.9547,0.78525,0.3787500000000001,0,0.0,0,0.0,0.4556,0.0,1.0,0.5062,1.25246255,2.43431583,3.4796326000000004,4.33149107,-1.4587558397499998,-2.82676271637,-0.248030915698,-0.7018350358700001,4.786731085,-7.5033142762000065,0.7956619358000008,-1.9781254776
92,ARG,0.997,0.2973456606024455,3.06231,1.89453,0.4614700000000002,0,0.0,1,0.166666666666667,0.0,0.7346,0.9398,0.6914,1.25265576,2.43582776,3.4846046800000003,4.34286864,-0.91991607752,-1.7883072533399995,-0.14918422253,-0.42348720729,5.420671730000001,-6.624508473859998,0.8529359243999991,-1.548706223079996
93,ASP,1.407,0.5248041775456919,2.28317,0.97869,0.2953100000000001,0,0.0,2,0.4,0.1111,0.3239,0.8675,1.0,0.8339693300000001,1.61508051,2.29436685,2.83032275,-0.8077145083000002,-1.5761174855000004,-0.12235787292,-0.3485259772399999,4.865043183999993,-9.648922360000004,0.8123918409999998,-2.2935894814000006
94,ARG,2.235,0.666567253206084,3.85338,0.96546,0.1525400000000003,0,0.0,2,0.5,0.0,0.7346,0.9398,0.6914,0.69411206,1.33919976,1.89010419,2.30906741,-0.7297568696,-1.4183604230000002,-0.1191549836,-0.3383074379999999,4.862263187999993,-13.212364065000015,0.841455266,-3.353811743500001
95,ASN,1.847,0.7554192229038855,2.49415,0.728,-0.1300000000000001,0,0.0,1,0.333333333333333,0.1111,0.3976,0.6747,0.8272,0.6946433700000001,1.34334052,1.90365811,2.33988953,-0.745935038,-1.448778778,-0.1232393173999999,-0.349663442,4.873579264999988,-12.542747265999989,0.7487551203000001,-2.818441916000001
96,TYR,1.033,0.3031103286384976,3.48871,1.7001399999999998,0.6748600000000002,0,0.0,3,0.5,0.3556,0.8063,0.502,0.1605,1.11258816,2.15829417,3.07488211,3.80904346,-0.71496715971,-1.3901122112699995,-0.1152421238175,-0.3270725248239999,6.644529063999992,-10.525127085479998,0.9994163834,-2.413993162803998
97,GLU,1.438,0.5271260997067448,2.9974000000000003,0.78813,0.5018700000000003,1,0.111111111111111,1,0.111111111111111,0.1111,0.4884,0.8112,0.9136,1.3919400999999998,2.7072374,3.8742086,4.830717129999999,-0.7572284049999999,-1.4809566809,-0.1101953096399999,-0.3146541633599999,7.199435924000029,-10.976112466399996,1.0451906042,-2.325969440979999
98,ASP,0.996,0.371503170458784,2.21256,1.13148,0.55352,0,0.0,1,0.166666666666667,0.1111,0.3239,0.8675,1.0,1.11308482,2.16216525,3.0875553800000004,3.837869280000001,-0.7191020663999999,-1.4009278962,-0.1126208601299999,-0.3203731339599999,6.569799390000002,-7.318517027899989,0.9568838166000004,-1.5927617416800024
99,ARG,2.264,0.675216224276767,3.91517,0.96333,0.1256700000000004,2,0.285714285714286,2,0.285714285714286,0.0,0.7346,0.9398,0.6914,1.11278289,2.15983046,3.0799769,3.82083389,-0.8555747293,-1.6683261788,-0.13183124083,-0.37537749685,5.820058436999984,-8.541811118499977,0.8647732981999996,-1.9605696255
100,GLY,0.914,0.5055309734513275,0.99325,0.74691,0.14709,2,0.25,2,0.25,0.4556,0.0,1.0,0.5062,0.8337269900000001,1.6131664899999998,2.28801114,2.8155897500000004,-0.8087848395940002,-1.57182721071,-0.1329538593099999,-0.377622519563,5.529338249999988,-8.1513943713,0.9529584990000028,-1.9950518048879973
101,TYR,1.07,0.3139671361502347,3.41467,1.73179,0.6062100000000001,4,0.444444444444444,2,0.222222222222222,0.3556,0.8063,0.502,0.1605,1.25201407,2.43081824,3.46817383,4.30540161,-1.1051900606999998,-2.1563453871,-0.16872686528,-0.48077871403,5.069907537999983,-10.476191736600008,0.7806656821,-2.3736746305800023
102,ASN,1.429,0.5844580777096116,2.35398,0.87577,0.1402299999999997,1,0.2,0,0.0,0.1111,0.3976,0.6747,0.8272,1.11323205,2.16332185,3.09137265,3.846648,-1.2484023951599998,-2.4217329636,-0.209899849215,-0.5947954787,5.739140455999987,-9.782566236200012,0.871092351500001,-2.2977794346
103,GLY,0.515,0.2848451327433628,0.93159,0.86827,0.4247300000000001,1,0.1,0,0.0,0.4556,0.0,1.0,0.5062,1.39215703,2.7089243200000004,3.87971978,4.843216880000001,-1.4242716174,-2.7700590784,-0.2302166298599999,-0.6540562051999997,4.914061377000004,-10.920925510000009,0.7480299344999999,-2.442240174300003
104,GLY,0.796,0.4402654867256637,0.92031,0.80021,0.21179,0,0.0,0,0.0,0.4556,0.0,1.0,0.5062,1.25250619,2.43466772,3.4808253399999995,4.33432954,-0.7992067972500001,-1.5478471509,-0.13785706938,-0.39012932933,3.25903584,-5.221268401800004,0.5224303473000004,-1.3287668789000016
105,GLY,0.344,0.1902654867256637,0.9269,1.01505,0.4489499999999999,0,0.0,0,0.0,0.4556,0.0,1.0,0.5062,1.2504362399999998,2.41852385,3.4279285,4.21386449,-0.474978171,-0.9201623518,-0.08219332053,-0.2328395597499999,2.275447299999997,-3.1749250070000032,0.3851947946000001,-0.8055186298000009
106,GLY,0.775,0.4286504424778761,0.94684,0.72515,0.3078499999999999,0,0.0,0,0.0,0.4556,0.0,1.0,0.5062,0.97253714,1.88088336,2.6655399400000004,3.27601679,-0.7505483320000002,-1.459334735,-0.1220044465,-0.3465722014,1.7680516169999998,-4.645782427000001,0.2770443610000001,-1.0583082350000002
107,GLY,0.721,0.3987831858407079,0.90571,0.7666200000000001,0.3203800000000001,0,0.0,0,0.0,0.4556,0.0,1.0,0.5062,0.8336969200000001,1.6129552900000002,2.2874022,2.81446001,-0.693252291,-1.3500890420000002,-0.1093951784,-0.311145205,1.727703015,-4.400510254000001,0.2776673711999999,-1.0405385960000002
108,GLY,0.99,0.5475663716814159,1.05698,0.56569,0.25231,0,0.0,0,0.0,0.4556,0.0,1.0,0.5062,0.8340166899999999,1.6154463499999998,2.29555234,2.83298261,-0.6531175565000001,-1.2707262950000002,-0.1048244827,-0.2978953628,2.5506506480000004,-4.909044018000001,0.4247012494,-1.1660393568000005
109,GLY,0.441,0.2439159292035398,0.872,0.8844099999999999,0.4825900000000001,0,0.0,0,0.0,0.4556,0.0,1.0,0.5062,1.11186456,2.15264833,3.05637695,3.76688618,-0.3139999092,-0.6069597684,-0.0557729795099999,-0.15759908026,2.3956273159999983,-2.9542556441999994,0.3826180491000001,-0.7620604992999997
110,ASN,0.8,0.32719836400818,2.10057,1.41234,0.2326599999999998,0,0.0,0,0.0,0.1111,0.3976,0.6747,0.8272,1.3902307400000002,2.69390031,3.83048831,4.731086319999999,-0.2131937463,-0.4140902199999999,-0.0354907481599999,-0.1007870335999999,2.631498857,-1.883131907999998,0.4236352934999998,-0.4762084020000001
111,ARG,2.654,0.7915299731583656,4.0319400000000005,0.73658,-0.0375799999999997,2,0.285714285714286,2,0.285714285714286,0.0,0.7346,0.9398,0.6914,0.97330352,1.88687206,2.6851988600000003,3.32089626,-0.60518095807,-1.172631865,-0.1039102502699999,-0.2942555816,2.865459659999997,-4.109393754200001,0.4714942840999994,-1.0154494852799991
112,GLY,0.839,0.4640486725663716,1.04204,0.6787099999999999,0.2902900000000001,2,0.4,2,0.4,0.4556,0.0,1.0,0.5062,0.8341493200000001,1.6164942999999998,2.29903443,2.84106133,-0.7525294112,-1.4618215098,-0.1240470865999999,-0.35203791074,3.1029812240000023,-5.043717657999999,0.4911375534000001,-1.233269117600001
113,TYR,1.689,0.4955985915492958,3.99391,1.24839,0.4706099999999997,4,0.571428571428571,4,0.571428571428571,0.3556,0.8063,0.502,0.1605,0.83345951,1.61108927,2.28123812,2.80026909,-0.8773395570999998,-1.704905214,-0.14381964047,-0.4082858357999999,2.589154072000003,-6.080906596800002,0.4376135943999993,-1.4566404189500015
114,ASN,1.167,0.4773006134969325,2.47373,0.94095,0.3370499999999998,3,0.3,3,0.3,0.1111,0.3976,0.6747,0.8272,1.39180147,2.70614184,3.870568370000001,4.822271539999999,-0.9136814079,-1.7863532106999995,-0.1343967159599999,-0.38379718687,3.4633408970000006,-7.9812914540000035,0.4900259173999997,-1.6985403663999998
115,ASN,1.068,0.4368098159509203,2.26099,1.0783,0.2986999999999997,2,0.5,2,0.5,0.1111,0.3976,0.6747,0.8272,0.83402648,1.6155434,2.29594421,2.83410322,-0.7035612965000001,-1.3544176702,-0.13254604971,-0.37338925376,3.4891898040000062,-5.182547758500003,0.6058443001000007,-1.4298524349000004
116,ASN,1.244,0.5087934560327199,2.39535,1.10751,0.0934899999999998,2,0.25,2,0.25,0.1111,0.3976,0.6747,0.8272,1.39227897,2.70988242,3.88288201,4.85048931,-1.1436366724999998,-2.2331289159,-0.1720926807499999,-0.4907385219999999,5.148140357999995,-7.897258903700007,0.7917379685000012,-1.735748684899998
117,ARG,1.542,0.4598866686549359,3.57039,1.3802800000000002,0.43072,3,0.272727272727273,4,0.363636363636364,0.0,0.7346,0.9398,0.6914,1.39144478,2.70336207,3.86146973,4.80158261,-1.095107509374,-2.12219904559,-0.1870693288869999,-0.5296653583300002,5.147400041000001,-7.24751114490001,0.8006891676000001,-1.7535123743740004
118,GLY,0.444,0.245575221238938,0.91848,0.8206399999999999,0.5433600000000002,5,0.3125,5,0.3125,0.4556,0.0,1.0,0.5062,1.67013351,3.2471108400000004,4.643701000000001,5.78409407,-1.0084965786,-1.962338566,-0.16117339807,-0.45795269085,4.987391559999988,-7.412768031200012,0.7965598126000003,-1.8362438359000053
119,GLY,0.573,0.3169247787610619,0.8786,0.76267,0.4723300000000001,2,0.2,2,0.2,0.4556,0.0,1.0,0.5062,1.5317590799999998,2.98283427,4.277593840000001,5.350138040000001,-1.26733901567,-2.4655388064999992,-0.20232487452,-0.5745639215100001,6.519060091000008,-10.620897440000013,1.0376445437999993,-2.642836362999998
120,GLY,0.465,0.2571902654867257,0.9543,0.89312,0.4498799999999999,1,0.111111111111111,2,0.222222222222222,0.4556,0.0,1.0,0.5062,1.11218847,2.1551578,3.06453971,3.78528953,-1.81276111715,-3.5239208318,-0.29652876351,-0.8424117404199999,6.555433284000002,-12.3330362936,1.0803820547000016,-2.943307496230001
121,GLY,0.479,0.2649336283185841,0.94147,0.86014,0.4688600000000001,3,0.333333333333333,0,0.0,0.4556,0.0,1.0,0.5062,1.2528411300000002,2.43729265,3.48947148,4.354159,-1.81925151162,-3.54495354865,-0.282048167383,-0.8020865874140001,6.3181660770000025,-8.724786480600011,1.0413919452000011,-2.3798995899420032
122,GLY,0.265,0.1465707964601769,0.77876,0.93632,0.6066800000000001,4,0.210526315789474,0,0.0,0.4556,0.0,1.0,0.5062,1.6702142800000002,3.2477335600000004,4.6457158000000005,5.78860471,-2.00689875983,-3.908571320356,-0.3181732091455,-0.905456128986,3.179675579,-5.359756389700001,0.5200931044999998,-1.3160467045140007
123,GLY,0.257,0.142146017699115,0.7916200000000001,0.99812,0.5528800000000001,10,0.416666666666667,2,0.0833333333333333,0.4556,0.0,1.0,0.5062,1.66895229,3.23790287,4.61354789,5.7154850900000005,-2.0364102787,-3.9573219604,-0.3351993391899999,-0.9520564757,3.685929638000003,-4.637752606799998,0.6394398516000002,-1.0921577733999992
124,TYR,1.085,0.3183685446009389,3.84874,1.5441900000000002,0.7788099999999998,10,0.526315789473684,4,0.210526315789474,0.3556,0.8063,0.502,0.1605,1.6688524299999998,3.23714917,4.61116287,5.710304140000001,-1.8432792365,-3.5792210605,-0.3064112566,-0.8694195562,7.925191058000005,-7.984338895000007,1.3388850521000015,-2.0633642545
125,ASN,0.797,0.3259713701431493,2.02707,1.3157199999999998,0.3322799999999999,6,0.315789473684211,3,0.157894736842105,0.1111,0.3976,0.6747,0.8272,1.6694104999999997,3.2414830500000003,4.62530262,5.742327170000001,-1.787191645,-3.4724081307000003,-0.29487745757,-0.8373668972399999,8.050039062000002,-11.062000102400011,1.2996584029999985,-2.6696397466800006
126,ARG,2.25,0.6710408589322994,3.89041,0.87802,0.2249800000000001,3,0.5,2,0.333333333333333,0.0,0.7346,0.9398,0.6914,1.53155004,2.98117883,4.272082269999999,5.33731678,-1.4441527464999997,-2.8074499867,-0.23543114987,-0.66864730966,8.713980631000018,-16.686690110000004,1.4328114512999983,-4.155643876779996
127,GLN,0.467,0.1624347826086956,2.39433,1.62336,0.78464,3,0.176470588235294,3,0.176470588235294,0.1111,0.5388,0.7952,0.6914,1.6684727900000005,3.23417269,4.60136385,5.68785652,-1.21575819072,-2.3683793186,-0.191597738282,-0.54533739313,8.963336359999996,-18.588287159000032,1.3623669279999977,-4.154783932700002
128,ASP,1.29,0.4811637448713167,2.51845,0.86127,0.52973,1,0.142857142857143,1,0.142857142857143,0.1111,0.3239,0.8675,1.0,1.25219339,2.43220021,3.47264424,4.315403129999999,-1.04255680287,-2.02956824364,-0.165162752464,-0.4694572053899999,8.643114016999995,-15.566943096399989,1.3530854887000032,-3.667094583839992
129,ARG,2.081,0.62063823441694,3.92845,0.82804,0.4439600000000002,1,0.142857142857143,1,0.142857142857143,0.0,0.7346,0.9398,0.6914,0.97315339,1.88571673,2.6814701800000003,3.31258166,-0.9077498121,-1.7690284086,-0.14203492176,-0.4043954779000001,7.387850082000006,-14.168377056999995,1.1444326190000014,-3.268721046099996
130,GLY,0.621,0.3434734513274336,0.86107,0.76341,0.42359,1,0.142857142857143,2,0.285714285714286,0.4556,0.0,1.0,0.5062,0.97317136,1.88584976,2.68188081,3.31343854,-0.922280103,-1.7890235787,-0.1555179261799999,-0.4407921212999999,7.385890620999989,-10.6222757544,1.1602294938999975,-2.569427868799999
131,ASP,1.283,0.4785527788138753,2.35496,0.8576,0.5404000000000001,1,0.0909090909090909,2,0.181818181818182,0.1111,0.3239,0.8675,1.0,1.5308777,2.97592612,4.25484361,5.29797595,-0.631343428432,-1.2279606615949994,-0.10072224008,-0.2858489110379998,7.625433229999992,-6.524354895100004,1.1630024333000015,-1.478396066600001
132,GLY,0.253,0.139933628318584,0.82958,1.03063,0.5243700000000002,0,0.0,1,0.04,0.4556,0.0,1.0,0.5062,2.0868007900000003,4.05207947,5.78213444,7.178347399999998,-0.7626458561000001,-1.4857256929999998,-0.12067209726,-0.3435920498000001,7.22790363499999,-9.540774665000004,1.1491316122000046,-2.157561384599996
133,GLY,0.239,0.1321902654867256,0.6993,1.05933,0.5096699999999998,2,0.0714285714285714,0,0.0,0.4556,0.0,1.0,0.5062,2.36593291,4.59935334,6.5761509400000016,8.18842223,-1.08093647538,-2.0979640832599995,-0.18052105389,-0.5118771251299999,7.533698343999976,-12.859932585560006,1.2618812779999995,-3.290963919430002
134,SER,0.655,0.3010110294117647,1.29487,1.08524,0.4357600000000001,2,0.1,0,0.0,0.4111,0.1877,0.8514,0.5309,2.2281638900000003,4.33973174,6.225062299999999,7.787946890000001,-1.62347775714,-3.16264908813,-0.2537193108560001,-0.7215457290999998,5.266760843000004,-6.448176864000002,0.8126873986999998,-1.4058486617200003
135,SER,0.12,0.0551470588235294,1.2243000000000002,1.29027,0.76573,6,0.214285714285714,3,0.107142857142857,0.4111,0.1877,0.8514,0.5309,2.3660056600000003,4.59996963,6.578337360000001,8.19390889,-2.0208445709000005,-3.9325527685,-0.3232030414599999,-0.9186588933700002,5.017749855999992,-7.654442265000005,0.8810667552999999,-2.0251806159000005
136,ASN,0.42,0.1717791411042944,1.82822,1.56594,0.4590599999999998,5,0.25,2,0.1,0.1111,0.3976,0.6747,0.8272,2.08790433,4.06073487,5.810664150000001,7.243840439999999,-2.129165333999999,-4.1412700096,-0.3426793842299998,-0.9733745491000002,4.907784548000002,-7.825333438199989,0.8013617501000004,-1.924356096999997
137,PHE,1.736,0.5583788999678353,3.70771,1.3578199999999998,0.0151800000000001,3,0.375,3,0.375,0.8111,0.783,0.0763,0.037,1.3915656700000003,2.70429973,3.86452333,4.808478269999999,-1.4110414727499996,-2.7442899563800007,-0.228610852519,-0.649627196895,6.0481639700000045,-7.374406006450001,0.9678000332999984,-1.8514681528500008
138,SER,1.221,0.5611213235294118,1.23414,0.7753800000000001,0.17962,1,0.2,1,0.2,0.4111,0.1877,0.8514,0.5309,0.97348941,1.88835541,2.69017724,3.3325971,-0.945956161,-1.8361161063,-0.1570575049199999,-0.445167237,6.832127315000006,-8.634458675599989,1.0923807485999983,-2.2352495242599986
139,ARG,1.971,0.5878317924246943,3.56,1.2416299999999998,0.1403700000000003,4,0.571428571428571,2,0.285714285714286,0.0,0.7346,0.9398,0.6914,0.8332351600000001,1.60934451,2.27553904,2.78734635,-0.8797999079999999,-1.7130217100000007,-0.1397731187,-0.3975950663000001,5.490802132000003,-9.526122340999992,0.9404224071999988,-2.399175829
140,GLY,0.982,0.5431415929203539,1.02031,0.6351800000000001,0.19082,2,0.4,1,0.2,0.4556,0.0,1.0,0.5062,0.69393302,1.33779353,1.88546184,2.2983889200000003,-0.828931557,-1.6109141020000002,-0.1366414701,-0.388175039,5.959531627999988,-15.040931800000005,1.0404223524999978,-3.762017738000004
141,GLY,0.735,0.4065265486725664,0.90687,0.77986,0.2931399999999999,3,0.6,1,0.2,0.4556,0.0,1.0,0.5062,0.69425717,1.34032989,1.89379961,2.3174595,-0.656942652,-1.273030799,-0.1124888853999999,-0.318531419,5.768135405999991,-15.493918534000011,0.9625088465999996,-3.829530192999994
142,TYR,1.292,0.3791079812206573,3.44471,1.7296399999999998,0.3863599999999998,3,0.5,2,0.333333333333333,0.3556,0.8063,0.502,0.1605,0.8336299100000001,1.61241805,2.28559073,2.81017692,-1.0348703097,-2.0173123415000003,-0.1610316588399999,-0.4585537869,6.241143543999985,-15.117290553900002,1.0303058619000005,-3.583052815000007
143,ASN,1.131,0.4625766871165644,2.13726,0.98353,0.3304699999999998,0,0.0,2,0.4,0.1111,0.3976,0.6747,0.8272,0.69415182,1.33950937,1.8911158500000005,2.31136263,-1.0964987894000002,-2.1183433452,-0.197043375974,-0.5567445327300001,5.447223496999984,-11.888453106599997,0.9665949552000004,-3.1956758801900014
144,ASN,0.504,0.2061349693251533,2.18318,1.25337,0.6876299999999997,0,0.0,2,0.25,0.1111,0.3976,0.6747,0.8272,1.1125192,2.15774395,3.07303642,3.80470776,-0.8781018384300001,-1.70017435372,-0.15270397607,-0.432231236678,4.826483825000006,-6.629713310499997,0.8077987469999994,-1.7821137253300008
145,ARG,1.189,0.3546078138980018,3.45675,1.65628,0.5077200000000002,0,0.0,2,0.285714285714286,0.0,0.7346,0.9398,0.6914,1.6708033300000005,3.2523698100000007,4.66105364,5.82398227,-0.8446648036000001,-1.6540259898000005,-0.11986547801,-0.34272264688,2.2434103310000006,-4.165318233200001,0.3173087777,-0.8674106275000002
146,ASP,0.763,0.2845953002610966,2.22725,1.1194100000000002,0.7985899999999999,1,0.0625,0,0.0,0.1111,0.3239,0.8675,1.0,1.52837574,2.9564909000000004,4.19142734,5.15436416,-1.1208846297,-2.1779341786,-0.18435431125,-0.5233959938000001,1.7652700279999989,-3.693615370400001,0.2996349617,-0.9123232787400002
147,GLU,0.906,0.3321114369501466,2.49357,1.30742,0.51458,2,0.153846153846154,0,0.0,0.1111,0.4884,0.8112,0.9136,1.52955148,2.965669739999999,4.22153232,5.22301105,-1.1310927255,-2.2015270411000003,-0.18021810884,-0.5123110099,2.040615438,-2.9361853975,0.3385102667999999,-0.7151530692
148,GLY,0.461,0.2549778761061947,0.85421,0.9675,0.3794999999999999,1,0.0625,0,0.0,0.4556,0.0,1.0,0.5062,1.52951052,2.96533329,4.22037435,5.22020868,-1.5623229135000003,-3.0336007973,-0.25925934994,-0.7354670693000002,2.5112621020000003,-4.5772466886000025,0.4183617248999999,-1.1523830482200002
149,SER,1.081,0.496783088235294,1.46003,0.82191,0.2730900000000001,0,0.0,0,0.0,0.4111,0.1877,0.8514,0.5309,1.6705709300000002,3.25053614,4.654972850000001,5.809914459999999,-1.0808564436,-2.09822748352,-0.180414219345,-0.5117788942780002,2.708379341,-3.7489746626500007,0.4461388416,-0.9581114320200004
150,ASP,0.655,0.2443118239462887,2.32356,1.3194899999999998,0.70651,0,0.0,0,0.0,0.1111,0.3239,0.8675,1.0,1.6698146800000002,3.24464142,4.6356706800000005,5.76599412,-0.9991131358,-1.9535459672000004,-0.1464005384799999,-0.4180057543499998,2.0845897929999992,-3.3649206941999985,0.306267821,-0.7356559992200004
151,ASN,1.22,0.4989775051124744,2.37203,0.93104,0.2939599999999999,0,0.0,0,0.0,0.1111,0.3976,0.6747,0.8272,0.83285293,1.60638396,2.26591014,2.76563752,-0.939807132,-1.8186603345000003,-0.1646368156999999,-0.4657594051,2.8591738980000003,-5.041243781,0.5201167115,-1.3409450851999996
152,ARG,2.634,0.7855651655234118,3.91935,0.82809,-0.1090899999999996,0,0.0,0,0.0,0.0,0.7346,0.9398,0.6914,0.8341338,1.6163777,2.29866929,2.84028219,-0.918426082,-1.7899260324,-0.1422342499,-0.4046279632,2.709811998,-6.250352757000002,0.4316412382999999,-1.5105667520000003
153,GLY,0.4,0.2212389380530973,0.82958,0.90969,0.4983099999999999,0,0.0,0,0.0,0.4556,0.0,1.0,0.5062,0.97208385,1.87739657,2.65428328,3.25089819,-0.6761052937,-1.3139391686,-0.11098728983,-0.3152101366000001,2.746609078000002,-4.480457585999997,0.4612453621,-1.1197614611000006
154,SER,1.243,0.5712316176470589,1.68731,0.79111,0.14189,0,0.0,0,0.0,0.4111,0.1877,0.8514,0.5309,1.11225028,2.15565588,3.0662277500000004,3.78930637,-0.782274588,-1.5212311740000002,-0.1261532892999999,-0.3582253243999999,2.6717851880000016,-4.403515607000001,0.4167771957999996,-1.058830870400001
155,GLY,0.714,0.3949115044247787,0.9765,0.8106199999999999,0.2833800000000002,1,0.125,0,0.0,0.4556,0.0,1.0,0.5062,1.11324568,2.16344651,3.09184712,3.84793251,-0.64717356284,-1.2639325743999998,-0.0963476187099999,-0.27461962129,3.813999489999997,-5.444974236600004,0.5686128384000001,-1.1892414840099998
156,ARG,1.266,0.3775723232925738,3.70523,1.56868,0.5183200000000001,1,0.125,0,0.0,0.0,0.7346,0.9398,0.6914,0.97361346,1.88930361,2.69321576,3.3393047,-0.62767042112,-1.2226587080699998,-0.0984061688899999,-0.279887203965,3.458513630000002,-3.698394635200001,0.5313226480000001,-0.9676922266939998
157,SER,1.299,0.5969669117647058,1.5094800000000002,0.70912,0.1678800000000002,1,0.25,0,0.0,0.4111,0.1877,0.8514,0.5309,0.5548013199999999,1.06757034,1.4997287,1.81930316,-0.6811890828999999,-1.3135133921,-0.1260806152,-0.3557983344,2.5853381040000007,-6.703196732600004,0.4697413569999999,-1.7884128634000018
158,TYR,1.455,0.4269366197183099,4.02351,1.34356,0.6094399999999998,0,0.0,1,0.333333333333333,0.3556,0.8063,0.502,0.1605,0.69444858,1.34182667,1.89871854,2.32870617,-0.587841983,-1.1413922048999998,-0.09736336695,-0.2761363015699999,3.332012362000002,-7.630060453599996,0.5823212119999994,-2.073452315639999
159,ASN,1.548,0.6331288343558282,2.3695,0.8549199999999999,0.0420799999999998,0,0.0,1,0.25,0.1111,0.3976,0.6747,0.8272,0.69449923,1.34221689,1.89997946,2.3315225,-0.8600259704000002,-1.6748645433,-0.13556486861,-0.3855296612599999,3.5727563469999937,-9.204330399,0.5793585549999988,-2.241193015000002
160,ASN,1.023,0.4184049079754601,2.26834,1.20136,0.2206399999999999,0,0.0,1,0.25,0.1111,0.3976,0.6747,0.8272,0.5548355,1.06783709,1.50060363,1.82129875,-0.909676842,-1.7536392080000005,-0.1688955904,-0.4764991986,3.05503137,-7.126463092000006,0.557555812,-1.9287991242000024
161,ASP,1.328,0.4953375606117121,2.54622,0.89055,0.46245,0,0.0,0,0.0,0.1111,0.3239,0.8675,1.0,1.25260352,2.4354138,3.48322514,4.33965667,-1.4911869803600002,-2.9060885051,-0.232013859205,-0.6602296901,5.7433121620000005,-7.716459992999989,0.831828070799999,-1.6364983788000012
162,ARG,1.104,0.3292573814494482,3.39041,1.7669100000000002,0.4820899999999999,0,0.0,0,0.0,0.0,0.7346,0.9398,0.6914,1.53086496,2.97584523,4.2546417000000005,5.29771042,-1.2426327196999996,-2.4237928586000006,-0.1908280788199999,-0.54363949532,6.095116289999986,-8.51038613539999,0.9029374440999988,-1.8065384257500008
163,ARG,1.168,0.3483447658813003,3.4843200000000003,1.60621,0.5787900000000006,0,0.0,0,0.0,0.0,0.7346,0.9398,0.6914,1.39027221,2.69423971,3.83165956,4.73394157,-1.2560373071,-2.4323165694000006,-0.2187089543399999,-0.6194048004699999,6.243853474000005,-6.334759752199997,1.0093116422999993,-1.582927171199999
164,ASP,0.842,0.3140619171950764,2.0543,1.18229,0.6567099999999999,0,0.0,0,0.0,0.1111,0.3239,0.8675,1.0,0.83373187,1.61321505,2.28820753,2.81615184,-1.22454821936,-2.3848233026,-0.1937819841699999,-0.5513276300700001,5.498068591000003,-9.882025075599993,0.8822218419999993,-2.3303143754999964
165,ASN,1.019,0.4167689161554192,2.14293,1.15407,0.27193,0,0.0,0,0.0,0.1111,0.3976,0.6747,0.8272,0.8361608500000001,1.6321257699999998,2.35005989,2.9566791,-0.8028110183049999,-1.57268828056,-0.112497959926,-0.321657291156,6.650217977999992,-9.460053749819975,0.9464828684000024,-2.0271426690300007
166,GLY,0.113,0.0625,0.9597,0.94108,0.75392,1,0.0666666666666667,0,0.0,0.4556,0.0,1.0,0.5062,1.95117856,3.80918367,5.485797090000001,6.902408979999999,-1.6727255062,-3.276771244400001,-0.23579132911,-0.6745081529000001,6.488581811999998,-11.000326615599985,0.9690764383999992,-2.361220900409996
167,GLY,0.274,0.1515486725663717,0.81663,1.0514,0.4826000000000001,3,0.125,0,0.0,0.4556,0.0,1.0,0.5062,1.80852083,3.5115337300000005,5.0104508800000005,6.22001838,-1.8633647409700005,-3.6393461626000008,-0.279090101125,-0.7960547634,7.424855665000019,-11.133644210100012,1.174687639600001,-2.5713985141
168,ASP,1.409,0.5255501678478179,2.43432,0.95071,0.3212899999999999,3,0.25,0,0.0,0.1111,0.3239,0.8675,1.0,1.39160055,2.70459798,3.865593670000001,4.81120234,-1.6643352156999998,-3.2452383374,-0.25701537849,-0.7319222740199999,8.879351488000019,-12.96543917390002,1.389688097300001,-3.039602681660001
169,GLY,1.504,0.831858407079646,1.33502,0.5030000000000001,-0.199,0,0.0,0,0.0,0.4556,0.0,1.0,0.5062,0.97555719,1.90442714,2.74265213,3.45153864,-1.89123492139,-3.697919153,-0.27445307562,-0.78300580197,10.578193066000027,-19.73200921821994,1.5594909676000026,-4.420810514050007
