2,MET,2.631,0.8822937625754526,2.93588,0.60811,-0.2571099999999996,0,0.0,1,1.0,0.7111,0.6196,0.0,0.0988,0.2773660599999999,0.5335149699999999,0.74897862,0.90763381,-0.179863648,-0.346347525,-0.0339341705,-0.095665546,0.547704668,-1.101036303,0.1048056548,-0.3045159529999999
3,GLU,1.667,0.6110703812316716,2.96969,0.77353,0.2874700000000001,0,0.0,1,0.5,0.1111,0.4884,0.8112,0.9136,0.55533766,1.07177387,1.5135721700000002,1.85104455,-0.268229416,-0.52536788,-0.0379769004,-0.108631329,0.7476270170000001,-2.025087822,0.1077605459999999,-0.4276309849999999
4,SER,1.02,0.46875,1.68645,0.8998200000000001,0.2561800000000001,0,0.0,1,0.333333333333333,0.4111,0.1877,0.8514,0.5309,0.554697,1.0667561799999998,1.4970607300000005,1.81322753,-0.25578425,-0.4920328539999999,-0.0489460405,-0.137886696,0.7430802260000002,-1.922669818,0.1440283574999999,-0.5585431179999999
5,ASN,1.33,0.5439672801635993,2.38145,1.02662,0.0883799999999996,0,0.0,0,0.0,0.1111,0.3976,0.6747,0.8272,0.69419491,1.33982799,1.8920986,2.3134116,-0.25603762943,-0.4961754629,-0.044004287988,-0.1246611197759999,0.7056175990000002,-0.79668827301,0.1240153405,-0.1867091121419999
6,GLN,1.843,0.6410434782608696,2.98262,0.8888299999999998,0.1431700000000002,0,0.0,0,0.0,0.1111,0.5388,0.7952,0.6914,0.8340350400000001,1.6156058999999998,2.29613434,2.83449074,-0.406416524,-0.794457936,-0.0593378519999999,-0.1692700484999999,0.5892874200000001,-1.4240976959999998,0.091442447,-0.3072996409999999
7,SER,1.163,0.5344669117647058,1.6521100000000002,0.7916099999999999,0.2213900000000002,0,0.0,0,0.0,0.4111,0.1877,0.8514,0.5309,0.69451786,1.34236711,1.90048984,2.33274122,-0.772078855,-1.501422453,-0.1241238459,-0.3523621589999999,0.6686464320000001,-1.247986609,0.098187401,-0.2802801689999998
8,ASN,0.985,0.4028629856850716,2.30093,1.15107,0.3089299999999999,0,0.0,1,0.166666666666667,0.1111,0.3976,0.6747,0.8272,0.8334875500000001,1.61130961,2.2819657,2.80194297,-0.7296524007999999,-1.4150883815000002,-0.1240706856,-0.351784083,0.822537122,-1.0171864465,0.14921708,-0.2949081949999999
9,ASN,1.613,0.6597137014314929,2.58007,0.7378399999999999,0.0941599999999999,0,0.0,1,0.142857142857143,0.1111,0.3976,0.6747,0.8272,1.11334842,2.16423759,3.09440277,3.85363901,-0.6012722933,-1.167879255,-0.09843330116,-0.27908395667,1.1413201939999995,-2.307438388,0.1620887199000001,-0.4809239757999999
10,GLY,0.547,0.3025442477876106,0.8484900000000001,0.99886,0.2621400000000001,0,0.0,3,0.272727272727273,0.4556,0.0,1.0,0.5062,1.25144598,2.42636558,3.45350882,4.2717750500000005,-0.332602247515,-0.64724135766,-0.053495544793,-0.152133880718,1.2576398159999993,-2.842400814680001,0.1951125736,-0.6384254386899998
11,GLY,0.485,0.2682522123893805,0.81207,0.8822500000000001,0.4407499999999998,0,0.0,2,0.2,0.4556,0.0,1.0,0.5062,0.97262153,1.88155031,2.6677534,3.28114309,-0.383501364,-0.74557029,-0.0622374294,-0.1767082685,1.5293957229999988,-2.424918959999999,0.2638244340999999,-0.6084630748000003
12,SER,1.377,0.6328125,1.5757599999999998,0.63472,0.1642800000000002,0,0.0,1,0.2,0.4111,0.1877,0.8514,0.5309,0.69414185,1.33943582,1.89088921,2.31089026,-0.4815157541,-0.9330754697,-0.08253518198,-0.23372890863,1.7666579319999995,-3.982312819900002,0.2882486819000001,-0.9634015974
13,GLY,1.084,0.5995575221238938,1.0156999999999998,0.60172,0.1222799999999999,0,0.0,0,0.0,0.4556,0.0,1.0,0.5062,0.69424905,1.34025601,1.89352126,2.3167135400000003,-0.5140503289999999,-0.998024649,-0.0857330550999999,-0.2432477216,1.765464519999999,-3.803126585,0.2983096001999998,-0.96741416
14,ASN,1.084,0.4433537832310839,2.29073,1.24183,0.1191699999999997,0,0.0,2,0.2,0.1111,0.3976,0.6747,0.8272,0.97197863,1.87654425,2.65138121,3.24395582,-0.543945292,-1.05729182,-0.0890194196999999,-0.252843958,1.333470180000001,-3.7567648119999992,0.2294840250000002,-0.9538642009999994
15,ALA,0.85,0.3897294818890417,1.29327,0.93435,0.3966499999999999,0,0.0,1,0.142857142857143,0.7,0.1645,0.249,0.3951,1.11239432,2.15676505,3.0698101600000003,3.79730384,-0.507803408,-0.98502737,-0.0861145213,-0.2442149962,2.1144095379999994,-5.326002096000001,0.3914319880000003,-1.4266370264
16,ALA,1.085,0.4974782209995415,1.33618,0.72261,0.3733900000000001,0,0.0,0,0.0,0.7,0.1645,0.249,0.3951,0.97375112,1.89037698,2.69673111,3.34730586,-1.1440117869,-2.2266574848,-0.18137051615,-0.51532781118,4.365526162000008,-11.233997622199992,0.6395085230999992,-2.4481039461600025
17,LEU,1.545,0.5812641083521445,2.42321,1.15712,-0.0441199999999999,0,0.0,1,0.333333333333333,0.9222,0.663,0.2811,0.0,0.6942365100000001,1.34017392,1.89330821,2.31640157,-1.053872704,-2.0348445556,-0.1908601862199999,-0.5390180557500001,6.0822410029999805,-13.084992006200004,1.0087182322000017,-3.3481917949999978
18,ASN,1.039,0.4249488752556237,2.2396700000000003,1.11136,0.29464,1,0.142857142857143,2,0.285714285714286,0.1111,0.3976,0.6747,0.8272,1.1130057,2.16155037,3.08554885,3.83332652,-1.4994791407,-2.9223899305,-0.23356099981,-0.6647800179000002,8.921435783999957,-16.31301115670007,1.3727270261000004,-3.736445430800009
19,ARG,2.259,0.6737250223680286,3.85056,0.99553,0.0984700000000002,3,0.375,3,0.375,0.0,0.7346,0.9398,0.6914,1.25231582,2.4331616,3.4758162900000005,4.32269404,-1.2866589399699997,-2.5127592626000004,-0.19352949136,-0.5520670223200002,8.724698883999993,-11.242266306800008,1.3500156682999946,-2.571306978720007
20,GLY,0.475,0.2627212389380531,0.79353,0.88553,0.4474700000000001,4,0.444444444444444,2,0.222222222222222,0.4556,0.0,1.0,0.5062,1.25169928,2.42838292,3.4602622599999995,4.28759271,-1.3294513488999995,-2.5895625534000004,-0.20903160383,-0.5946463630999999,7.144343786000015,-8.812695744800006,1.1694452365,-2.2110696029600008
21,GLY,0.866,0.4789823008849557,0.95996,0.66568,0.27632,2,0.4,0,0.0,0.4556,0.0,1.0,0.5062,0.97357803,1.88904027,2.69239889,3.33758663,-1.4590858958,-2.8387470163,-0.23297094209,-0.6617149742,5.656615450999986,-8.825417868200002,0.8885232567999997,-2.1369392194000003
22,ARG,1.887,0.5627796003578884,3.83885,1.037,0.4290000000000002,3,0.272727272727273,0,0.0,0.0,0.7346,0.9398,0.6914,1.25081276,2.42145752,3.4375296100000003,4.23569642,-1.8558022217000008,-3.6063768493,-0.30495533225,-0.8659929253499999,5.058059184000002,-6.713090928,0.8794142661999987,-1.706392496299999
23,TYR,0.909,0.266725352112676,3.38234,1.74629,0.7527099999999998,7,0.411764705882353,1,0.0588235294117647,0.3556,0.8063,0.502,0.1605,1.9469228,3.77613357,5.37799329,6.658395139999999,-2.034642115,-3.966161371,-0.3138892737999999,-0.8931307122000002,3.1808405849999977,-8.124301806,0.5110170812000004,-1.8988919508
24,VAL,0.186,0.0763860369609856,1.48895,1.5417500000000002,0.7072499999999999,4,0.19047619047619,0,0.0,0.9667,0.4924,0.3655,0.1235,2.226685,4.328214259999999,6.18738492,7.70233372,-1.2293158400000002,-2.3936338048,-0.19586874632,-0.5573691398,4.474640124000001,-9.2355723118,0.742795052100001,-2.2320701
25,PRO,0.549,0.2461883408071749,1.67193,1.2367299999999997,0.4442700000000004,3,0.1875,1,0.0625,0.3222,0.3764,0.8594,0.3827,1.80904217,3.5156011899999995,5.02378068,6.25037842,-0.9776598156,-1.8999417695,-0.15982986056,-0.4536974448400001,6.205002186999998,-6.8464878614,0.9925743106999996,-1.67558771014
26,PRO,1.024,0.4591928251121076,1.78144,1.0870000000000002,0.1189999999999997,0,0.0,0,0.0,0.3222,0.3764,0.8594,0.3827,1.38931293,2.6868495,3.80775571,4.680448709999999,-1.125523513005,-2.181695793179,-0.1911001827257999,-0.5410632981553999,8.781103403999989,-12.591306470576006,1.5263854460000046,-3.3730683034800064
27,HIS,1.348,0.4875226039783002,2.70527,1.2285800000000002,0.1884199999999998,0,0.0,0,0.0,0.1444,0.561,0.1124,0.679,1.11158768,2.15047831,3.0492301100000003,3.75049733,-1.01658103709,-1.9791548132,-0.1613799190529999,-0.45889969009,10.837868306999969,-20.05000144960001,1.7485555780000042,-4.759122412940006
28,LEU,1.222,0.4597441685477803,2.04829,1.09209,0.3439099999999999,0,0.0,0,0.0,0.9222,0.663,0.2811,0.0,0.6943482400000001,1.3410315199999998,1.89606879,2.32253499,-0.6449631318000001,-1.249362606,-0.1115098425999999,-0.3157843097,6.397781248000007,-12.930364454999978,1.0593424342000022,-3.2241175155999944
29,ARG,1.944,0.5797793021175066,3.53292,1.224,0.1850000000000002,0,0.0,0,0.0,0.0,0.7346,0.9398,0.6914,0.41684981,0.8064813099999999,1.14368911,1.4071284199999998,-0.5659397812,-1.0989317867,-0.0943423619199999,-0.2677642238,3.5715496260000013,-8.325967538399999,0.5913907572999999,-2.0413049796
30,GLY,0.412,0.2278761061946902,0.26574,1.35945,0.03655,0,0.0,2,0.166666666666667,0.4556,0.0,1.0,0.5062,1.25235822,2.43339636,3.47626248,4.32273149,-0.8007105432471052,-1.5576537731515263,-0.1286628232862526,-0.3655566408381789,6.424891012545448,-10.305513727979635,1.0403398554272738,-2.505734784165455
31,GLY,0.535,0.2959070796460177,1.13009,0.77039,0.5026100000000001,0,0.0,0,0.0,0.4556,0.0,1.0,0.5062,0.83343178,1.6108951599999997,2.28068025,2.79923973,-0.0876514554999999,-0.164659299,-0.02214224285,-0.06160914254,6.607499797212114,-10.378401470079636,1.075079587293941,-2.535931584143789
32,ASP,1.696,0.6325997762029093,1.83354,0.65033,0.3346700000000001,0,0.0,0,0.0,0.1111,0.3239,0.8675,1.0,0.69407497,1.33891284,1.8891717,2.30696698,-0.419880012,-0.8154002169999999,-0.0699823197,-0.1986850686,6.571118732981343,-10.281642371971945,1.070745253847787,-2.5124921438822505
33,GLY,0.855,0.4728982300884956,1.0474,0.6244200000000001,0.32858,0,0.0,0,0.0,0.4556,0.0,1.0,0.5062,0.83377995,1.6135969099999998,2.28948349,2.8191347600000003,-0.4438110939999999,-0.860570188,-0.0751146657,-0.212777315,6.484363235338488,-10.151028775800514,1.0551854318835017,-2.476440497646536
34,GLY,0.71,0.3926991150442477,0.80783,0.9349,0.1631000000000001,0,0.0,1,0.0909090909090909,0.4556,0.0,1.0,0.5062,1.11111658,2.14682669,3.03734549,3.72368064,-0.075173936,-0.1457543379999999,-0.0127408723,-0.0360914532,6.5917451060051535,-9.989879143680517,1.0718098133301686,-2.4475106311492025
35,ALA,0.366,0.1678129298486932,1.21393,1.15464,0.6603599999999998,0,0.0,2,0.153846153846154,0.7,0.1645,0.249,0.3951,1.25143883,2.42631366,3.45335295,4.27146257,-0.8020854502224802,-1.5595655045839265,-0.1300469967888726,-0.3693484908101039,6.643605169067655,-9.852214334559765,1.0770763369364182,-2.4148645056141405
36,ALA,1.085,0.4974782209995415,1.27435,0.7431,0.3529000000000001,0,0.0,0,0.0,0.7,0.1645,0.249,0.3951,1.1128371,2.16025811,3.08139592,3.8241208,-0.130896006,-0.253330022,-0.0228840162,-0.0647457754,6.692242044538243,-10.177565887724471,1.0837735672717124,-2.4799288974059053
37,ALA,1.266,0.5804676753782668,1.28849,0.69797,0.21703,0,0.0,0,0.0,0.7,0.1645,0.249,0.3951,0.83366463,1.61270284,2.28657318,2.81256603,-0.35918084,-0.6992790720000001,-0.0568880988,-0.1617270445,6.618262165260465,-10.362941086148028,1.0712029772717124,-2.517584189365905
38,ALA,0.31,0.1421366345712975,1.28659,1.11621,0.7547900000000001,0,0.0,1,0.142857142857143,0.7,0.1645,0.249,0.3951,0.83341502,1.6107444,2.28011645,2.79774106,-0.3147927354,-0.6142166714999999,-0.04841411668,-0.13805790135,6.4546665376288885,-10.170715632695396,1.0472789753980278,-2.4831846659585364
39,ALA,0.615,0.2819807427785419,1.17921,0.83067,0.73533,0,0.0,0,0.0,0.7,0.1645,0.249,0.3951,0.6959063,1.35312569,1.93550443,2.41176348,-0.2239102537,-0.437111162,-0.0337402091999999,-0.0961598676,6.612409807778886,-10.480082833295397,1.066413476858028,-2.533008831973537
40,SER,0.746,0.3428308823529411,1.52915,1.03374,0.39626,0,0.0,0,0.0,0.4111,0.1877,0.8514,0.5309,1.25277203,2.4366608,3.48708859,4.34778627,-0.9192392889999998,-1.801532357,-0.12780903586,-0.3656595265,9.365997235999975,-10.905444574000017,1.3342949907000023,-2.304518334600004
41,ALA,0.875,0.4011921137093076,1.20261,0.838,0.4680000000000001,0,0.0,0,0.0,0.7,0.1645,0.249,0.3951,1.11175994,2.15184487,3.0537836700000005,3.76109619,-1.0074710852999995,-1.955744498,-0.1681638682299999,-0.4770130305,9.335649201999994,-9.68734864999999,1.5863220189000062,-2.573431202700003
42,GLY,0.465,0.2571902654867257,0.81297,0.93727,0.4057299999999999,1,0.05,0,0.0,0.4556,0.0,1.0,0.5062,1.52848036,2.9573256100000003,4.19422527,5.160925409999999,-1.3592158317000005,-2.638746390200001,-0.22651259656,-0.6425579822799999,5.183661615999985,-7.567549592799997,0.8321769220000008,-1.832226496
43,GLY,0.379,0.2096238938053097,0.7979999999999999,0.91662,0.5123800000000001,3,0.166666666666667,0,0.0,0.4556,0.0,1.0,0.5062,1.66918639,3.23972993,4.61954085,5.729151170000001,-1.5395961801500002,-2.9951947331600004,-0.247830714502,-0.7043474262299999,3.8434822169999983,-4.8845005816,0.6615767587000003,-1.201669448999999
44,ASP,0.601,0.2241700857888847,1.98446,1.4547800000000002,0.6252199999999999,2,0.105263157894737,0,0.0,0.1111,0.3239,0.8675,1.0,1.94774088,3.78254164,5.3990792,6.706682399999999,-2.2490312285300003,-4.372105779499998,-0.36576297186,-1.0385949802600003,4.791568645000004,-5.707057324200005,0.7603828029000003,-1.4649439533399993
45,ASP,0.687,0.2562476687803058,2.02094,1.28493,0.7090700000000001,0,0.0,0,0.0,0.1111,0.3239,0.8675,1.0,1.94904537,3.79263526,5.43187928,6.780550239999998,-1.7804812352275,-3.470924822588,-0.2761292171903999,-0.7861776948185001,5.304401133000007,-7.032935365868002,0.8270594298000004,-1.7097320914389984
46,ARG,1.479,0.4410975246048315,3.49587,1.4582099999999998,0.4157900000000003,0,0.0,0,0.0,0.0,0.7346,0.9398,0.6914,1.53139716,2.97997876,4.26812273,5.328215799999999,-1.7479549879999998,-3.4051058903,-0.2741453812900001,-0.7798586609999999,7.031829069999999,-12.377464265200004,1.106427226400001,-2.781682370600001
47,ARG,1.238,0.3692215926036385,3.15006,1.81288,0.3021200000000001,1,0.0833333333333333,0,0.0,0.0,0.7346,0.9398,0.6914,1.11189633,2.15288293,3.0571,3.76839219,-1.8125160205000008,-3.5163185755,-0.30686194327,-0.8703821772700002,7.449465576999994,-15.928060042200006,1.3001148259999993,-4.0508635587600015
48,GLY,1.023,0.5658185840707964,1.0565,0.66442,0.1205800000000001,1,0.125,0,0.0,0.4556,0.0,1.0,0.5062,1.11311033,2.16237677,3.08829379,3.83969195,-1.7423835972999997,-3.398844663,-0.2659519332,-0.7573625466,7.729551382,-16.397717833999998,1.2939995424000006,-4.105531468200009
49,GLY,0.79,0.4369469026548672,1.04568,0.7448300000000001,0.2731699999999999,2,0.285714285714286,0,0.0,0.4556,0.0,1.0,0.5062,1.25252578,2.43482441,3.48135247,4.33557275,-1.7886247432,-3.500521545,-0.25614655773,-0.7317940852000001,9.552646650999968,-19.117708466999964,1.442032463400002,-4.220600835899994
50,ALA,1.12,0.5135259055479139,1.3381299999999998,0.86677,0.1942299999999999,4,0.571428571428571,0,0.0,0.7,0.1645,0.249,0.3951,0.8338200499999999,1.6138964,2.2904179300000003,2.82111688,-0.9680726539999998,-1.878547658,-0.162790888,-0.4616701349,8.628098750999992,-13.36180833839997,1.4787471467000015,-3.362465826400001
51,GLY,0.77,0.4258849557522124,0.92823,0.78664,0.25136,2,0.222222222222222,0,0.0,0.4556,0.0,1.0,0.5062,1.11305947,2.1619883,3.08704834,3.83693961,-1.3120572147000005,-2.5534487186,-0.20836673767,-0.5919644839200001,5.014047892999995,-10.827399910499995,0.9072125295999998,-2.9623174177
52,GLY,0.479,0.2649336283185841,0.98356,0.8869699999999998,0.4420300000000003,2,0.153846153846154,0,0.0,0.4556,0.0,1.0,0.5062,1.53078262,2.97518375,4.25240706,5.29241467,-1.5044196765700002,-2.9414020238,-0.22194361979,-0.6339795800499999,4.562047631000004,-9.843404397600006,0.679677145399999,-2.1029165485
53,GLY,0.809,0.4474557522123894,1.0038,0.65662,0.34238,3,0.214285714285714,0,0.0,0.4556,0.0,1.0,0.5062,1.39187478,2.70672326,3.87250877,4.82680064,-1.5529311247000002,-3.0336251154,-0.2310121412559999,-0.6588440077000002,5.384740083999995,-8.473336590000011,0.828260836099999,-1.9173447888
54,GLY,0.491,0.2715707964601769,0.82517,1.00653,0.3104700000000002,2,0.2,0,0.0,0.4556,0.0,1.0,0.5062,1.2524090799999998,2.43391967,3.47840819,4.328929850000001,-1.5426805546499995,-3.001883528,-0.245428396705,-0.69714630636,3.529752460000001,-4.7350943445,0.6014940568000006,-1.32117443832
55,TYR,1.951,0.5724765258215962,3.61312,1.09838,0.3586199999999999,2,0.166666666666667,1,0.0833333333333333,0.3556,0.8063,0.502,0.1605,1.6705123300000002,3.25006357,4.65336983,5.80609446,-1.6127573033999996,-3.1417188071,-0.25386287086,-0.7224167080999999,3.025736981000001,-4.754615525999999,0.4728090209999995,-1.1240443487399998
56,ARG,1.183,0.3528183716075156,3.34228,1.5862299999999998,0.5837700000000001,0,0.0,0,0.0,0.0,0.7346,0.9398,0.6914,2.08845378,4.06503014,5.824766060000001,7.27603665,-1.5567027738,-3.0406452777999995,-0.232297004934,-0.6624758700800001,2.912108375999998,-5.234584558400004,0.4160634076999994,-1.0528339826600004
57,ARG,2.387,0.7118997912317327,3.94667,1.04747,-0.0814699999999997,0,0.0,2,0.117647058823529,0.0,0.7346,0.9398,0.6914,1.39026773,2.6942172,3.83163052,4.734013910000001,-0.9403141253699998,-1.8196809178,-0.16411545328,-0.4641473943999999,3.490765450999998,-3.521615312400002,0.5931610854999999,-0.9663891620900004
58,GLY,0.491,0.2715707964601769,0.84329,0.8795000000000002,0.4375,0,0.0,2,0.181818181818182,0.4556,0.0,1.0,0.5062,1.11190245,2.15295906,3.05744788,3.76948604,-1.2869264588000002,-2.5121152326,-0.19460712586,-0.5547312667600001,3.181571304,-6.2979101946,0.5035356164000001,-1.47336190914
59,GLY,1.015,0.5613938053097345,1.01049,0.65441,0.1385900000000001,0,0.0,2,0.333333333333333,0.4556,0.0,1.0,0.5062,0.6941456399999999,1.3394640399999995,1.89097785,2.31107955,-0.8322368126,-1.6165913580000002,-0.1371747810199999,-0.38924039023,4.194412260999996,-9.604151121999998,0.7345726950000008,-2.490740303990001
60,GLY,0.856,0.4734513274336283,0.93749,0.6487499999999999,0.3032500000000001,0,0.0,2,0.333333333333333,0.4556,0.0,1.0,0.5062,0.6942391,1.34018267,1.89329632,2.3162482,-0.8162676167,-1.5842295048,-0.13676939577,-0.3878937482999999,4.197465052999997,-8.402235269200004,0.7128649999000006,-2.13991156278
61,ASN,1.19,0.4867075664621677,2.22604,1.1599999999999997,0.0950000000000002,0,0.0,3,0.214285714285714,0.1111,0.3976,0.6747,0.8272,1.11097536,2.1457163999999995,3.0336749000000003,3.71522053,-1.3537083096000002,-2.627666437,-0.2265113402,-0.6425553083399999,2.7437693599999986,-5.766973918899998,0.4844173384,-1.5094182145000004
62,SER,0.78,0.3584558823529412,1.41859,1.07099,0.32501,0,0.0,1,0.05,0.4111,0.1877,0.8514,0.5309,1.80915638,3.5165204999999995,5.0268905,6.25775877,-1.1274234253599995,-2.193534238,-0.18111398712,-0.5147407441300003,3.420279791999997,-4.8815988056,0.5158797310000001,-1.094020632
63,GLY,0.225,0.1244469026548672,0.6743899999999999,1.10242,0.48058,0,0.0,1,0.04,0.4556,0.0,1.0,0.5062,2.08670409,4.051395729999999,5.78013827,7.174552,-1.3237542794,-2.562913093,-0.23060056723,-0.6527700241200002,2.868311212000001,-4.083231728500004,0.4469027920000001,-0.9169413240999994
64,GLY,0.416,0.2300884955752212,0.7408100000000001,0.8827800000000001,0.50922,2,0.1,0,0.0,0.4556,0.0,1.0,0.5062,1.66854739,3.2348189099999995,4.60369373,5.69380311,-1.183249627,-2.2892678395000003,-0.20811862348,-0.5886998806900001,2.8227517010000027,-2.435097411400001,0.4925490180999991,-0.6996898931399999
65,GLY,0.292,0.161504424778761,0.73871,0.99985,0.51615,2,0.117647058823529,0,0.0,0.4556,0.0,1.0,0.5062,1.3892184400000005,2.68604885,3.80491827,4.67334108,-0.9801554397,-1.9034122237,-0.16231696936,-0.46050670242,2.358294161000002,-0.8038203974999998,0.3612465597999995,-0.2287452812
66,GLY,0.67,0.370575221238938,0.90641,0.7473000000000001,0.3906999999999998,0,0.0,0,0.0,0.4556,0.0,1.0,0.5062,0.97236765,1.87957621,2.66130705,3.2665316700000004,-0.7396416745,-1.437152877,-0.12114295133,-0.34377826855,1.883333668,-3.499377686999999,0.3146393773999998,-0.9181274082000002
67,GLY,1.006,0.5564159292035398,1.02231,0.57461,0.2273900000000001,0,0.0,0,0.0,0.4556,0.0,1.0,0.5062,0.69421878,1.34003126,1.89282457,2.31524972,-0.5452351211,-1.0586188496,-0.09094706603,-0.25808062544,3.720624152000001,-6.587703466399998,0.6781736958000006,-1.7092811019600005
68,GLY,0.922,0.5099557522123894,0.96433,0.64222,0.24378,1,0.125,0,0.0,0.4556,0.0,1.0,0.5062,0.8332977,1.60983715,2.27716987,2.79111039,-0.7337483845000001,-1.4314769052000005,-0.11242423901,-0.3203513215499999,2.5885736960000028,-5.011752946400001,0.4445551937999997,-1.2574728496000005
69,GLY,0.392,0.2168141592920354,0.7965800000000001,0.92526,0.4907399999999999,2,0.166666666666667,0,0.0,0.4556,0.0,1.0,0.5062,0.97132828,1.87147323,2.63476975,3.20613924,-0.9044178194,-1.7536686887,-0.1550119559,-0.4396369808000001,1.8799129560000003,-3.3310720832000005,0.345133984,-0.9106835977999996
70,TYR,1.844,0.5410798122065728,4.05406,1.17524,0.3887599999999998,3,0.230769230769231,0,0.0,0.3556,0.8063,0.502,0.1605,1.2502578,2.41714975,3.4234869200000007,4.20393748,-1.19815700915,-2.3126157345,-0.2189845615199999,-0.6185239317999999,2.03711461,-1.9050777203000009,0.3690313795000001,-0.5678030005999999
71,ASP,0.287,0.1070496083550913,1.7919200000000002,1.5711099999999998,0.8228900000000003,2,0.0869565217391304,1,0.0434782608695652,0.1111,0.3239,0.8675,1.0,1.94758979,3.7813718600000006,5.39527497,6.698106099999999,-1.2162382453000002,-2.351348465800001,-0.2158850811199999,-0.6102054683399999,2.907794668,-3.2975685450000034,0.4501303578999999,-0.7265412746999992
72,ARG,0.984,0.2934685356397256,3.15454,1.94183,0.4271700000000002,0,0.0,3,0.166666666666667,0.0,0.7346,0.9398,0.6914,2.6466804,5.15915309,7.41095355,9.2905883,-1.3246175237000002,-2.5800107486000003,-0.20893589175,-0.59444821063,2.75686662,-4.617992686799999,0.3728482628,-0.9108623824000008
73,GLY,0.498,0.2754424778761062,1.00849,0.8557700000000001,0.4542299999999999,2,0.117647058823529,2,0.117647058823529,0.4556,0.0,1.0,0.5062,2.08881341,4.067793170000001,5.833678770000001,7.29590378,-1.0965558646999998,-2.135248556,-0.17330185867,-0.4928166222999999,2.7914901509999983,-2.918729175199997,0.4224301167999995,-0.6462288199999999
74,TYR,2.03,0.5956572769953051,3.9049,0.8913500000000001,0.48665,3,0.428571428571429,3,0.428571428571429,0.3556,0.8063,0.502,0.1605,1.5320960199999998,2.98546534,4.28622437,5.36982132,-0.7340797656399999,-1.4262051911000002,-0.12021777454,-0.3410858832099999,3.851596441999997,-2.9553229396,0.5876203987999999,-0.7476989166500004
75,ASN,0.751,0.307157464212679,2.17253,1.46713,0.2268699999999999,0,0.0,2,0.222222222222222,0.1111,0.3976,0.6747,0.8272,1.2515349,2.42707791,3.45591047,4.277451549999999,-1.4002160115599998,-2.724871322799999,-0.22422297158,-0.63744806965,2.9049610710000016,-4.4665292739,0.4772090200000001,-1.1442375691500002
76,ASP,1.405,0.5240581872435658,2.34167,0.8465300000000001,0.4294699999999999,0,0.0,0,0.0,0.1111,0.3239,0.8675,1.0,0.8341671900000001,1.61662859,2.29945578,2.84196281,-1.1783594131,-2.298334613,-0.18010850425,-0.5127894432000001,3.2616479240000014,-6.432823800000002,0.5032436825,-1.4528942680000008
77,ASN,0.665,0.2719836400817996,2.00667,1.36549,0.4145099999999997,0,0.0,1,0.142857142857143,0.1111,0.3976,0.6747,0.8272,0.97317349,1.88587,2.68195795,3.31364664,-1.0974988085,-2.140808122,-0.16806276504,-0.4786744641999998,3.340955784999998,-5.743981834000005,0.5107693061999998,-1.3108767435999995
78,ARG,1.772,0.5284819564569042,3.79637,1.22816,0.3528400000000002,0,0.0,1,0.111111111111111,0.0,0.7346,0.9398,0.6914,1.2522160400000002,2.43236983,3.47317518,4.31653622,-1.1292175714,-2.209822225200001,-0.16346268595,-0.4673167860999999,4.997153164999995,-7.384391978599998,0.7217968574999983,-1.5345877502
79,ASP,1.206,0.4498321521820216,2.5247,0.8802,0.5948000000000001,0,0.0,0,0.0,0.1111,0.3239,0.8675,1.0,0.6946207799999999,1.34317083,1.90312542,2.33874936,-0.9129104655,-1.7714130546999995,-0.15160702485,-0.4293971609299999,4.506258325999999,-8.302759403500005,0.8013248062999997,-2.25987402095
80,ASP,1.471,0.5486758672137263,2.51047,0.72932,0.48068,0,0.0,0,0.0,0.1111,0.3239,0.8675,1.0,0.6945590799999999,1.3426869499999998,1.9015311400000003,2.33509223,-0.784542343,-1.5246126240000002,-0.1283383916,-0.364302743,4.985973782000003,-13.179441403999997,0.8084526519000009,-3.1120401729999987
81,ARG,1.793,0.5347450044736056,3.57986,1.4031,0.1569000000000002,0,0.0,0,0.0,0.0,0.7346,0.9398,0.6914,0.8339669200000001,1.61506353,2.29431723,2.8302283,-0.7700830590000002,-1.5038870869999998,-0.1152256999999999,-0.3285228889,5.501077625000014,-11.331580954999994,0.8550139420000008,-2.646696957500001
82,ASP,1.163,0.4337933606863111,2.39337,0.9987,0.5193,0,0.0,0,0.0,0.1111,0.3239,0.8675,1.0,0.6939338899999999,1.33781634,1.8855911400000005,2.29885084,-0.9492795018,-1.8413096756,-0.16034631546,-0.4545003140499999,6.229135017999999,-12.769093304000004,1.119776148399999,-3.3986881010000016
83,ASN,1.05,0.4294478527607362,2.46814,1.02433,0.3706699999999998,0,0.0,0,0.0,0.1111,0.3976,0.6747,0.8272,0.97359557,1.88916953,2.6927959399999994,3.33840955,-1.1069845403000005,-2.159953190599999,-0.1686807211599999,-0.4806158433599999,6.760838016000001,-10.9976807708,1.0311812094000028,-2.532695752599997
84,ARG,1.528,0.4557113033104682,3.61013,1.34807,0.4769300000000001,0,0.0,0,0.0,0.0,0.7346,0.9398,0.6914,1.1121600500000002,2.15496286,3.06399391,3.78433253,-1.4092464449300006,-2.7313620349,-0.2416035823199999,-0.6845252860200002,7.220438454000019,-10.467446609200008,1.2005467189999994,-2.716942112499996
85,GLY,0.278,0.1537610619469026,0.77637,1.03494,0.49506,0,0.0,0,0.0,0.4556,0.0,1.0,0.5062,1.9483937600000003,3.78762872,5.41572425,6.744509239999999,-1.7871867915,-3.478408384700001,-0.28404095313,-0.8071870023999999,7.148856843999988,-6.678546377499995,1.128556024600001,-1.7688466071000013
86,GLY,0.331,0.183075221238938,0.94383,0.92087,0.5561300000000001,0,0.0,0,0.0,0.4556,0.0,1.0,0.5062,2.08875099,4.067307639999999,5.832090470000001,7.29229332,-1.5789518119,-3.0869798801999995,-0.2320752221899999,-0.6626172931999998,5.546116828000007,-7.9105785066000065,0.8117150594999994,-1.5922381806599988
87,SER,0.578,0.2656249999999999,1.6325999999999998,0.95983,0.6381700000000003,0,0.0,0,0.0,0.4111,0.1877,0.8514,0.5309,1.81063614,3.5280530600000004,5.06464838,6.343655189999999,-1.5890816519999995,-3.1041348644,-0.23595967423,-0.6727680346,5.428115758999999,-9.550249025299996,0.7949546820999996,-2.036909231640002
88,GLY,0.483,0.267146017699115,0.6208,1.00203,0.3229700000000002,0,0.0,0,0.0,0.4556,0.0,1.0,0.5062,1.39327081,2.71753711,3.9076908700000006,4.906161299999999,-1.41632524033,-2.759460103640001,-0.2204241303899999,-0.6268191575059998,6.522400796999998,-5.422416144100004,1.0104528814999991,-1.417046889080001
89,GLY,0.378,0.2090707964601769,0.77715,0.91217,0.5178300000000001,3,0.375,2,0.25,0.4556,0.0,1.0,0.5062,0.97494393,1.89959146,2.72662307,3.41446752,-0.6244205926860001,-1.2197533988199998,-0.093356436791,-0.2663371587629999,5.03548792399999,-6.538813664499997,0.7353229418000014,-1.3581268527250008
90,TYR,1.439,0.4222417840375587,3.82912,1.1904200000000005,0.7785799999999994,5,0.625,3,0.375,0.3556,0.8063,0.502,0.1605,0.97375133,1.89040518,2.69691683,3.34801677,-0.3352863348,-0.6517783719999999,-0.05440237478,-0.1544226864,6.600296580000009,-3.537165190999997,1.0260260105999994,-0.8901001950999996
91,GLY,0.606,0.3351769911504424,0.87044,0.8121400000000001,0.3898599999999999,4,0.4,5,0.5,0.4556,0.0,1.0,0.5062,0.97275385,1.88258676,2.67116457,3.2889576,-0.5346546464000002,-1.041488372,-0.08379768951,-0.2383283088,3.968619944000004,-6.543937644499994,0.6192596840999987,-1.4573490799999995
92,ARG,1.415,0.4220101401729794,3.37431,1.45097,0.4870300000000001,6,0.461538461538462,5,0.384615384615385,0.0,0.7346,0.9398,0.6914,1.25115072,2.42405797,3.44593231,4.25447339,-0.7420977361000001,-1.4477546194,-0.1142780685999999,-0.3257885342,3.6934007750000015,-6.941501071200001,0.5824591393999999,-1.6262007932999982
93,ASP,1.092,0.4073107049608355,2.01129,1.11251,0.4764899999999998,4,0.5,3,0.375,0.1111,0.3239,0.8675,1.0,0.8332335799999999,1.60933613,2.27552501,2.78735478,-0.67795504394,-1.31296116946,-0.1179065406009999,-0.3339129297659999,3.644240060000007,-4.9991045887000025,0.651102973899999,-1.2727740467200004
94,ARG,1.103,0.3289591410677005,3.1495100000000003,1.6846,0.5653999999999999,3,0.428571428571429,2,0.285714285714286,0.0,0.7346,0.9398,0.6914,1.1126604100000002,2.15886919,3.0768064400000004,3.81355025,-0.5134099237299998,-0.9914196259999998,-0.09277672898,-0.2620238025899999,3.922410152000002,-0.4181045806000008,0.6637365246000008,-0.2857956769600016
95,ASN,0.607,0.2482617586912065,2.25962,1.4409500000000004,0.3970499999999994,3,0.3,1,0.1,0.1111,0.3976,0.6747,0.8272,1.81037566,3.5259924100000006,5.05779427,6.32773084,-1.2151190979399995,-2.3697420975400005,-0.1862082992999999,-0.5301078880919999,2.283348246999999,-3.535488067000002,0.3179598653000002,-0.7194941450999993
96,TYR,1.193,0.3500586854460094,3.68275,1.46285,0.7521499999999999,8,0.888888888888889,3,0.333333333333333,0.3556,0.8063,0.502,0.1605,1.9492379300000005,3.79412352,5.436704440000001,6.791377799999999,-0.72281234596,-1.4060426261999996,-0.11490424109,-0.3260734391799999,2.3197268010000034,-2.5649121689000025,0.3461256182000001,-0.5863979637800005
97,GLU,0.645,0.2364369501466275,2.63892,1.4406000000000003,0.6423999999999999,1,0.166666666666667,1,0.166666666666667,0.1111,0.4884,0.8112,0.9136,1.6711908299999998,3.25537758,4.67085701,5.846146629999999,-0.7289952378200001,-1.4174705025999998,-0.1179627354889999,-0.33495476692,2.715218287999995,-2.4391007900000004,0.3901210344999997,-0.5194852490999999
98,ASP,1.5,0.5594927265945543,2.64906,0.71933,0.46167,1,0.166666666666667,1,0.166666666666667,0.1111,0.3239,0.8675,1.0,0.83401904,1.6154642,2.29560984,2.83310988,-0.6472049045,-1.2495712223000002,-0.1169828183,-0.3302533237999999,3.3693599259999965,-3.9140313997000016,0.6034278177999995,-1.215051396100001
99,ARG,1.278,0.381151207873546,3.42423,1.66591,0.4090900000000002,0,0.0,0,0.0,0.0,0.7346,0.9398,0.6914,0.5550587100000001,1.06959814,1.50644433,1.83481667,-0.5622635438,-1.092937701,-0.0916528554,-0.2602575454999999,2.828700909000002,-3.425818119499998,0.444284298,-0.8580702249000006
100,GLY,0.527,0.2914823008849557,0.6505200000000001,0.65234,0.6286600000000001,0,0.0,0,0.0,0.4556,0.0,1.0,0.5062,0.41707571,0.8082497099999999,1.14950552,1.42044147,-0.35803847,-0.7003596759999999,-0.0518650002999999,-0.1481058706,2.553018883999998,-3.7576275160000017,0.4042842436,-0.8436496821999999
101,TYR,0.645,0.1892605633802817,3.47242,1.81647,0.94653,8,0.571428571428571,0,0.0,0.3556,0.8063,0.502,0.1605,1.6711219599999998,3.25472743,4.66834433,5.839265440000001,-0.7373955997,-1.4376461041000002,-0.11489358846,-0.32734461073,5.268818363000006,-5.849907683000009,0.7951420585999995,-1.3316659792600014
102,ASN,1.005,0.411042944785276,2.01989,1.05935,0.3806499999999999,3,0.3,0,0.0,0.1111,0.3976,0.6747,0.8272,1.39180783,2.70621665,3.8709043,4.82331571,-0.8875201259,-1.7376378008000002,-0.1258870755699999,-0.3597330643999999,7.38999408600001,-7.64655260940001,1.1229581277000014,-1.6486684993000031
103,GLY,0.955,0.5282079646017699,1.03827,0.6483700000000001,0.2046299999999999,2,0.181818181818182,0,0.0,0.4556,0.0,1.0,0.5062,1.25243281,2.4340939500000003,3.47894116,4.33002671,-0.8532959556400003,-1.6708801357999998,-0.1206368659399999,-0.3447999239999999,7.116362163,-7.528545224299995,1.068140182300001,-1.59663289752
104,GLY,0.813,0.4496681415929203,0.91072,0.77198,0.2230200000000001,3,0.25,0,0.0,0.4556,0.0,1.0,0.5062,1.11267895,2.15902021,3.07732375,3.81479752,-1.09823609975,-2.1415012148,-0.168088939884,-0.47831505142,4.711557720999994,-6.342390246200001,0.7591729285999987,-1.4617301768699973
105,GLY,0.765,0.4231194690265487,0.94085,0.7988899999999999,0.2441100000000002,3,0.1875,0,0.0,0.4556,0.0,1.0,0.5062,1.81051743,3.5271343300000004,5.061661470000001,6.336924499999999,-1.5028645171999997,-2.9313288294,-0.22940754401,-0.6531365888799998,4.2453513369999945,-7.398736523200004,0.6399349854000004,-1.7159957395400005
106,GLY,0.436,0.2411504424778761,0.90256,1.0651,0.3069000000000002,1,0.0588235294117647,0,0.0,0.4556,0.0,1.0,0.5062,2.2296407200000004,4.35130373,6.263164590000001,7.875285909999999,-1.6953040306999998,-3.3013167494000006,-0.2667002598999999,-0.7581882152099996,5.778741837999996,-5.7038707724999975,0.8725464672000002,-1.3625492882399997
107,GLY,0.632,0.3495575221238938,0.88863,0.91505,0.2609500000000001,2,0.08,0,0.0,0.4556,0.0,1.0,0.5062,2.36697331,4.60752989,6.60314487,8.250501369999999,-1.4197795189999998,-2.7643335659,-0.2243648049899999,-0.6378237507,3.891401835999997,-5.0468657096,0.5909700353999999,-1.1342521752000003
108,GLY,0.113,0.0625,0.72085,1.03423,0.6607700000000001,5,0.147058823529412,0,0.0,0.4556,0.0,1.0,0.5062,2.3657211900000004,4.59773444,6.570957150000001,8.17693274,-0.7338767708,-1.4254999458000004,-0.12137595405,-0.34452120674,5.851272188999998,-4.781512892799999,0.9399858082,-1.2059964709800015
109,GLY,0.201,0.1111725663716814,0.85596,0.9529,0.6541,6,0.2,0,0.0,0.4556,0.0,1.0,0.5062,1.94751581,3.78079631,5.393395409999999,6.69384391,-1.13356799958,-2.2118665097000005,-0.172362870976,-0.4910373442,4.913283085,-8.536518681299993,0.7510770444000016,-1.8915987109000008
110,ASN,0.78,0.3190184049079755,1.92743,1.58568,0.0793199999999998,0,0.0,0,0.0,0.1111,0.3976,0.6747,0.8272,0.69614614,1.3550087199999998,1.94171843,2.42605006,-0.2798854629999999,-0.5454622019999998,-0.04292437307,-0.1219929456,5.461421499999981,-7.4164860859000115,0.8425783351999999,-1.7760613994999968
111,ARG,0.698,0.2081717864598866,3.13226,2.06197,0.5930300000000002,0,0.0,3,1.0,0.0,0.7346,0.9398,0.6914,0.97335973,1.88732787,2.68675485,3.3246323,-0.16474216726,-0.3210453383,-0.02588292322,-0.07371753683,3.1041727180000014,-1.8378158413,0.4869275046,-0.4626284262699999
112,GLY,0.598,0.3307522123893805,0.86651,0.82454,0.3854599999999999,0,0.0,2,0.666666666666667,0.4556,0.0,1.0,0.5062,0.69400722,1.33838196,1.88742468,2.30296624,-0.4418365562399999,-0.85870619978,-0.072267981339,-0.2051930047699999,3.053993256000001,-4.941984051400001,0.5644921506000009,-1.3450136394899987
113,TYR,1.735,0.5090962441314555,4.25123,1.1163500000000002,0.5566499999999996,0,0.0,2,0.5,0.3556,0.8063,0.502,0.1605,0.8339804,1.61517519,2.29470746,2.83119345,-0.60961190785,-1.1831606363000002,-0.10150813692,-0.28773761556,2.1564227440000003,-2.269387851600001,0.3719379951000002,-0.7001061000999996
114,ASN,0.645,0.2638036809815951,2.3064,1.42659,0.3734099999999998,0,0.0,3,0.3,0.1111,0.3976,0.6747,0.8272,1.39174368,2.7057225699999994,3.86930921,4.81975966,-0.6227656795399998,-1.2091847271,-0.10326449522,-0.2928753663999999,1.7678926439999996,-0.1170597072000003,0.2756862953,-0.0977727368299999
115,ASN,1.157,0.4732106339468303,2.34306,1.1097199999999998,0.17828,0,0.0,0,0.0,0.1111,0.3976,0.6747,0.8272,1.67156527,3.25832184,4.68058877,5.86857054,-1.5483909442,-3.013936730600001,-0.24492605358,-0.6958703330400003,1.610018728000001,-1.215873281,0.2556010323,-0.3273709758999999
116,ASN,0.875,0.3578732106339468,2.32112,1.3385399999999998,0.23146,0,0.0,0,0.0,0.1111,0.3976,0.6747,0.8272,1.95040008,3.8032288199999993,5.46668155,6.860082109999998,-1.5289989181000008,-2.9860032374000003,-0.2287616688799998,-0.6522322708999999,2.0845719080000022,-0.6745631583999999,0.3059902944,-0.1949101998999999
117,ARG,2.348,0.7002684163435728,3.99371,0.73216,0.2728400000000003,0,0.0,0,0.0,0.0,0.7346,0.9398,0.6914,1.67139983,3.25701817,4.676268970000001,5.85858385,-1.8410772500400003,-3.5997202657600003,-0.269401499635,-0.7690517735100001,2.6327506859999965,-2.6961860824999992,0.4072149188000003,-0.6358935439199994
118,GLY,0.65,0.3595132743362831,0.83516,0.8348,0.3231999999999999,0,0.0,0,0.0,0.4556,0.0,1.0,0.5062,1.39034515,2.69486141,3.8338735,4.73951857,-1.4651458319,-2.848326507500001,-0.23816585121,-0.6763013755699999,3.021633249,-4.348413987,0.5021590803999999,-1.1109479183000002
119,GLY,0.2,0.1106194690265486,0.70557,0.99393,0.6140700000000001,0,0.0,0,0.0,0.4556,0.0,1.0,0.5062,1.5270059100000002,2.9459659400000007,4.15747446,5.07865427,-1.1291838083,-2.1883655914000006,-0.19337613218,-0.5477115477699999,3.839248398,-5.204232739699999,0.6879414865999995,-1.2890897087099982
120,GLY,0.734,0.4059734513274336,0.84846,0.79429,0.27971,0,0.0,0,0.0,0.4556,0.0,1.0,0.5062,1.66915553,3.23948748,4.61873994,5.7273068700000005,-1.1076438287999997,-2.1561796155,-0.17648122466,-0.5018709369,3.809061481,-5.390997571500003,0.6156264854000004,-1.2823410530000003
121,GLY,0.31,0.1714601769911504,0.76153,0.93779,0.56021,1,0.0357142857142857,0,0.0,0.4556,0.0,1.0,0.5062,1.66693201,3.22230821,4.56300359,5.60205937,-0.8710525602999999,-1.6777783423,-0.16315702598,-0.4599214016399999,10.151496312,-10.136780751999998,1.7867544799,-2.92066944779999
122,GLY,0.835,0.4618362831858407,0.94973,0.7287300000000001,0.24427,3,0.142857142857143,0,0.0,0.4556,0.0,1.0,0.5062,1.52975932,2.96721445,4.22633561,5.23316704,-1.3541484270000004,-2.6323839499999995,-0.2217926744999999,-0.6301737903,9.266542493999978,-19.241209239,1.5062460989999975,-4.587427052400004
123,GLY,0.397,0.2195796460176991,0.7777200000000001,0.8886900000000001,0.5223099999999999,3,0.166666666666667,0,0.0,0.4556,0.0,1.0,0.5062,1.52921487,2.96303563,4.21287371,5.203212440000001,-1.2411436549,-2.4113892747000003,-0.2039168310599999,-0.5787677996299999,7.897984482999981,-12.5280560858,1.2269056574999997,-2.9748233463999965
124,TYR,1.623,0.4762323943661972,3.92664,1.2350499999999998,0.5499500000000002,6,0.545454545454545,0,0.0,0.3556,0.8063,0.502,0.1605,1.53114165,2.97800261,4.26170799,5.31379391,-0.9883508592,-1.92865690796,-0.150577997276,-0.42913735066,8.140319904000005,-10.26400181403999,1.2084395671000014,-2.2147805216399985
125,ASN,1.255,0.5132924335378323,2.30671,1.02158,0.16842,1,0.5,0,0.0,0.1111,0.3976,0.6747,0.8272,0.83471416,1.6209219499999998,2.31361884,2.87450957,-0.87913978234,-1.7049429039,-0.1474595453,-0.41749098137,3.4982942600000007,-3.8682604671000025,0.5281053186000001,-0.9347674101999994
126,ARG,1.826,0.5445869370712795,3.63348,1.31851,0.20849,1,1.0,0,0.0,0.0,0.7346,0.9398,0.6914,0.55661458,1.08165073,1.54565714,1.92326964,-0.6925393494000002,-1.3441843665,-0.1161141642999999,-0.329397669,3.337281684000001,-4.945793647000001,0.5384799353999998,-1.240882091400001
127,GLN,1.008,0.3506086956521739,2.44241,1.4782799999999998,0.3887200000000002,2,0.25,0,0.0,0.1111,0.5388,0.7952,0.6914,0.9749509,1.89966698,2.72694567,3.41543397,-1.2928178776999997,-2.5124818498,-0.2105067018,-0.5973690717599999,11.038244829000003,-19.79923234180001,1.7367658539999973,-4.821248994360007
128,ASP,0.329,0.1227154046997389,1.97465,1.4297599999999997,0.9222400000000002,6,0.272727272727273,0,0.0,0.1111,0.3239,0.8675,1.0,1.6692439300000002,3.240249130000001,4.62148245,5.73430501,-0.9563729691499998,-1.86658858908,-0.1440163574249999,-0.4102202882700001,8.483219113999992,-8.678739648000004,1.3508767321000026,-1.981400335199998
129,ARG,2.326,0.6937071279451238,3.77262,0.8551599999999999,0.1718400000000002,2,0.0869565217391304,0,0.0,0.0,0.7346,0.9398,0.6914,1.66927389,3.24048453,4.622252900000001,5.73605091,-1.1658697343999995,-2.2674368209999995,-0.18795020463,-0.5338142779999999,4.394852266999995,-9.958967862199987,0.7319929243999995,-2.3798569561
130,GLY,0.471,0.2605088495575221,0.80281,0.89093,0.4460700000000002,1,0.0384615384615385,0,0.0,0.4556,0.0,1.0,0.5062,1.80841857,3.5108219200000006,5.00840979,6.216258020000001,-1.3500983502699997,-2.619688308,-0.226296242336,-0.64150126683,5.225280074,-8.920457346500003,0.819913178100002,-2.1089847843000005
131,ASP,0.775,0.289071242073853,2.01491,1.36439,0.5416100000000001,0,0.0,0,0.0,0.1111,0.3239,0.8675,1.0,2.08656868,4.05041686,5.77719008,7.168622089999999,-1.5070247627999993,-2.9219066143000005,-0.2567046007099999,-0.7274819156,4.946498615999988,-4.760556891999993,0.8060136854999989,-1.1959968301999988
132,GLY,0.423,0.2339601769911504,0.94855,0.91408,0.47092,0,0.0,0,0.0,0.4556,0.0,1.0,0.5062,1.8073358,3.5023362700000003,4.980461870000001,6.152165119999999,-2.11096946354,-4.100897057299999,-0.3494005503199999,-0.9921088975,6.318970877000008,-9.691681402000023,1.0470016972000005,-2.4673148204999977
133,GLY,0.667,0.3689159292035398,1.00046,0.76874,0.37226,0,0.0,0,0.0,0.4556,0.0,1.0,0.5062,1.67070598,3.2515794899999992,4.65835675,5.81751122,-1.99093886074,-3.8915174114,-0.294580512112,-0.8410489639999998,6.096754138999997,-11.708546274999996,0.8989803163000019,-2.5056683965000004
134,SER,0.871,0.4002757352941176,0.8532500000000001,1.1135,0.1915000000000002,0,0.0,0,0.0,0.4111,0.1877,0.8514,0.5309,0.97458005,1.89675981,2.71736808,3.39346352,-1.02860294985,-2.0007039169,-0.16498546489,-0.4684981469500001,7.112345528000002,-9.603491716200017,1.1040807837999995,-2.209027855919998
135,SER,0.739,0.3396139705882353,1.71434,0.8515499999999999,0.5854500000000004,1,0.333333333333333,0,0.0,0.4111,0.1877,0.8514,0.5309,0.8357597800000001,1.62897916,2.33968684,2.93286434,-0.4762551249999999,-0.9250053984,-0.07861282214,-0.22303138253,3.8534872260000017,-2.4789357545,0.5777033220000003,-0.6074084893000001
136,ASN,1.526,0.6241308793456033,2.38973,0.8670100000000001,0.0519899999999997,1,0.333333333333333,0,0.0,0.1111,0.3976,0.6747,0.8272,0.69494111,1.34568,1.91138385,2.35766923,-0.7871933543,-1.533463446,-0.12298210804,-0.3497042012,3.2933719079999983,-4.972552219,0.5667962287999999,-1.1841694405999994
137,PHE,0.798,0.2566741717594082,2.98132,1.9006,0.4103999999999999,2,0.25,0,0.0,0.8111,0.783,0.0763,0.037,0.97332034,1.88700802,2.68566332,3.3220130699999992,-0.95404868093,-1.8520588842,-0.1585206825199999,-0.44948561431,2.5119090309999983,-3.652517489,0.4155176030999999,-0.9485664572000004
138,SER,1.112,0.5110294117647058,1.6769,0.7923800000000001,0.27162,1,0.166666666666667,0,0.0,0.4111,0.1877,0.8514,0.5309,1.11333259,2.16410854,3.09395851,3.8525614,-0.5764796264,-1.1257863994,-0.08562867024,-0.2439612763,3.8111983939999927,-3.999737173999997,0.5882123491000004,-0.8624033044000006
139,ARG,1.687,0.5031315240083507,3.46413,1.35387,0.3121300000000002,1,0.25,0,0.0,0.0,0.7346,0.9398,0.6914,0.97341252,1.88774478,2.68813908,3.3278413600000003,-0.4558015503,-0.8900221120000001,-0.0683996145,-0.1950090202,4.281485033999998,-6.303340578000002,0.6769440879999997,-1.4631163158
140,GLY,0.968,0.5353982300884955,1.05166,0.60339,0.2366100000000001,1,0.25,0,0.0,0.4556,0.0,1.0,0.5062,0.69465496,1.34343758,1.90400035,2.34074495,-0.5996800929999999,-1.16335662,-0.1004467491,-0.2845736049999999,3.803581782000001,-10.379359156000003,0.6534654617999996,-2.6400095830000008
141,GLY,0.67,0.370575221238938,0.94556,0.8002,0.3377999999999999,1,0.2,0,0.0,0.4556,0.0,1.0,0.5062,0.8335294,1.61164606,2.28310266,2.80463909,-0.717818475,-1.3994091630000003,-0.1111160911,-0.316350598,3.494031038000001,-9.351892747000004,0.5722901772000003,-2.2351399900000004
142,TYR,1.794,0.5264084507042254,3.75762,1.2901600000000002,0.3238399999999997,2,0.5,1,0.25,0.3556,0.8063,0.502,0.1605,0.97342462,1.88782325,2.68834034,3.3281266,-0.648297582,-1.264590729,-0.09950355176,-0.2834829615000001,3.5383160819999984,-7.146429869000005,0.5336607644000007,-1.5930569847999982
143,ASN,1.377,0.5631901840490798,2.40991,0.81733,0.2506699999999998,1,0.2,1,0.2,0.1111,0.3976,0.6747,0.8272,1.11336157,2.16435837,3.09486345,3.85488932,-0.5337849874000001,-1.036880299,-0.0869231162,-0.2463760217999999,3.8138259560000014,-4.313503343,0.5674265050000001,-1.0416714403999998
144,ASN,0.838,0.3427402862985685,2.30674,1.31625,0.2907499999999998,1,0.166666666666667,1,0.166666666666667,0.1111,0.3976,0.6747,0.8272,1.11307608,2.16211102,3.08742691,3.83772957,-0.9675116285,-1.8830142646,-0.1537606856,-0.43691215543,2.9059925929999992,-2.7788791769999976,0.4651426785000001,-0.7868022925000004
145,ARG,1.937,0.5776916194452729,3.60816,1.28267,0.1333300000000001,0,0.0,1,0.2,0.0,0.7346,0.9398,0.6914,0.973671,1.88975577,2.69470991,3.34274692,-0.9547203356999998,-1.8580953324,-0.1518197087,-0.4314107351,2.512262896,-2.674879795000002,0.4107834658000001,-0.6968087268000002
146,ASP,1.492,0.55650876538605,2.32907,0.8044100000000001,0.38459,1,0.142857142857143,1,0.142857142857143,0.1111,0.3239,0.8675,1.0,1.25268215,2.43602541,3.4852227000000005,4.34418405,-0.8271953813,-1.6148153782999997,-0.1242969040799999,-0.35416065215,2.123776186,-3.237637139800003,0.3126700076999998,-0.7203662693
147,GLU,1.03,0.3775659824046921,2.80298,1.22997,0.4680300000000001,3,0.428571428571429,3,0.428571428571429,0.1111,0.4884,0.8112,0.9136,1.2524114400000002,2.43393726,3.47846271,4.32904438,-0.7347464770000001,-1.4353434509999996,-0.1092333516999999,-0.311533258,1.8109374309999984,-3.771058298,0.2488253967999998,-0.774467952999999
148,GLY,0.904,0.5,1.05874,0.5901,0.3139,1,0.2,1,0.2,0.4556,0.0,1.0,0.5062,0.6945604799999999,1.34269739,1.90156353,2.33515972,-0.6967040448999998,-1.3483536104,-0.121646186486,-0.3440928016430001,1.8424591640000003,-0.9838674114,0.3207078011000001,-0.3249155708079999
149,SER,0.676,0.3106617647058823,1.4530500000000002,1.16371,0.33629,4,0.444444444444444,4,0.444444444444444,0.4111,0.1877,0.8514,0.5309,0.97321816,1.88622763,2.6831620000000003,3.31648751,-0.7355434935,-1.4293672689999994,-0.12068265275,-0.3426506765999999,2.0023214869999992,-1.023728574700001,0.3251896214999997,-0.2631188421999999
150,ASP,0.87,0.3245057814248415,2.17645,1.10388,0.70712,4,0.363636363636364,3,0.272727272727273,0.1111,0.3239,0.8675,1.0,1.3919647300000002,2.7074191,3.87476736,4.83187652,-0.7098400549,-1.3771619392,-0.11884167747,-0.3367287872999999,2.753742040000002,-3.853893953000002,0.3990103648000004,-0.8039151072
151,ASN,0.433,0.1770961145194274,2.0188900000000003,1.4305100000000002,0.5814899999999998,2,0.166666666666667,4,0.333333333333333,0.1111,0.3976,0.6747,0.8272,1.3907066500000005,2.69757003,3.84237144,4.75772171,-0.475516448,-0.922175512,-0.08064545933,-0.2285720109,2.238315885,-2.902128847,0.3597227670000003,-0.6821459969
152,ARG,2.116,0.6310766477781091,3.64284,1.10349,0.13351,0,0.0,0,0.0,0.0,0.7346,0.9398,0.6914,0.97334238,1.88717425,2.68618598,3.32313403,-0.4266331508,-0.823470596,-0.07779108035,-0.2196655196999999,2.316484072000001,-2.8372996146999983,0.3750900368000002,-0.7674877852999997
153,GLY,0.741,0.4098451327433628,0.8968200000000001,0.73923,0.3277700000000001,0,0.0,0,0.0,0.4556,0.0,1.0,0.5062,0.6943449599999999,1.3410067799999998,1.89599122,2.32236865,-0.445525691,-0.865071871,-0.0742722407999999,-0.2107750463,1.920853884,-3.143060197999999,0.3358609497999998,-0.7879180908000001
154,SER,1.329,0.6107536764705882,1.2768000000000002,0.7303900000000001,0.1166100000000001,0,0.0,0,0.0,0.4111,0.1877,0.8514,0.5309,0.83395169,1.6149376999999998,2.29388109,2.82916214,-0.5171912171999999,-1.008445091,-0.08010710958,-0.2281633091,2.043402358,-3.877708506,0.3169072689999999,-0.9007958078000003
155,GLY,0.698,0.3860619469026548,0.8747,0.81097,0.2990300000000001,0,0.0,2,0.285714285714286,0.4556,0.0,1.0,0.5062,0.97301308,1.88459872,2.67772356,3.3037914400000004,-0.7002579454999999,-1.362197554,-0.11201930555,-0.3180984363,1.727109529000002,-3.170243993,0.2833322657000002,-0.7948637130999998
156,ARG,2.173,0.6480763495377274,3.2406,0.8697000000000001,0.3103,1,0.142857142857143,3,0.428571428571429,0.0,0.7346,0.9398,0.6914,1.39147412,2.7035950099999995,3.86224723,4.803397,-0.8291163005000001,-1.6137723200000005,-0.13256847597,-0.3770101459,2.360275442000001,-5.140982193,0.3436550421999998,-1.1001409485000009
157,SER,0.84,0.3860294117647058,1.52379,0.9620500000000002,0.3739500000000001,2,0.222222222222222,4,0.444444444444444,0.4111,0.1877,0.8514,0.5309,1.25211949,2.43163864,3.47085605,4.31149201,-0.4258199884,-0.81780131,-0.08291069553,-0.2332041284,2.2355485389999994,-1.6319155579999998,0.3807860479999996,-0.4860761919
158,TYR,0.809,0.2373826291079812,3.50374,1.94623,0.6527699999999999,8,0.470588235294118,7,0.411764705882353,0.3556,0.8063,0.502,0.1605,1.80968634,3.5206262900000005,5.040248210000001,6.287888,-0.7600830706000002,-1.4767105384,-0.1253938892199999,-0.3560210070999999,1.806144877999999,-4.529263464000001,0.2926730018999999,-1.1041109863
159,ASN,1.144,0.4678936605316973,2.29811,1.26102,0.0399799999999999,3,0.3,2,0.2,0.1111,0.3976,0.6747,0.8272,1.53173427,2.982623750000001,4.27684425,5.34824645,-0.9034071455,-1.754148492,-0.150183874,-0.4260922678,2.1565056380000005,-5.003483053999999,0.373601819,-1.3182731073999998
160,ASN,1.276,0.5218813905930471,2.34403,0.98223,0.1867699999999997,1,0.25,1,0.25,0.1111,0.3976,0.6747,0.8272,1.25321715,2.44023927,3.4991753500000007,4.37640838,-0.6041747100200001,-1.17433591264,-0.097603668396,-0.276868791406,2.984958612,-5.011655619000003,0.4707534078999995,-1.181464489300001
161,ASP,0.953,0.3554643789630735,2.27097,1.16982,0.5581800000000001,0,0.0,0,0.0,0.1111,0.3239,0.8675,1.0,0.69437837,1.34127927,1.89692591,2.32462683,-0.95085952836,-1.8433011019000003,-0.16137678279,-0.4570036871999999,2.785627247000002,-5.013319264999999,0.4665433625000003,-1.2255916691400002
162,ARG,2.601,0.7757232329257381,3.80595,0.71219,0.0398100000000002,0,0.0,0,0.0,0.0,0.7346,0.9398,0.6914,0.6944768699999999,1.34203841,1.89938063,2.33011564,-1.278496953,-2.488526498,-0.2039340055999999,-0.5798277889999999,3.687814244999999,-9.654816362000004,0.6193379875,-2.409142890999999
163,ARG,1.765,0.5263942737846704,3.70197,1.35155,0.2364500000000002,0,0.0,0,0.0,0.0,0.7346,0.9398,0.6914,0.97341299,1.88774824,2.68814957,3.32786267,-1.21558388565,-2.3671718180000005,-0.19148581027,-0.54447539287,3.809477500999999,-5.660706598499999,0.6079589785,-1.3970203205899994
164,ASP,1.449,0.5404699738903395,2.65156,0.69611,0.53589,0,0.0,0,0.0,0.1111,0.3239,0.8675,1.0,1.39162381,2.70476873,3.86611554,4.8122756,-1.2682232865999998,-2.466868606,-0.20342292075,-0.5777209231,6.444193885999981,-10.888336929999983,0.996855811199999,-2.5841365917999903
165,ASN,1.226,0.5014314928425359,2.30802,0.96141,0.2575899999999999,0,0.0,0,0.0,0.1111,0.3976,0.6747,0.8272,1.66875989,3.23645912,4.60901399,5.705757889999999,-0.8539130883999999,-1.6577390557000005,-0.1423647594499999,-0.40385749286,9.583498531999982,-6.624613837000001,1.523068986300005,-1.696446070300001
166,GLY,0.26,0.1438053097345132,0.91045,1.01782,0.5301800000000001,3,0.0857142857142857,0,0.0,0.4556,0.0,1.0,0.5062,1.94550193,3.76515437,5.342358320000001,6.578267289999999,-0.9696726232,-1.8829151756,-0.16043181836,-0.4550190689999999,6.471665813999992,-6.82999868220001,1.1039513394999982,-1.7471501626000003
167,GLY,0.133,0.0735619469026548,0.5881799999999999,1.04549,0.62951,3,0.0789473684210526,0,0.0,0.4556,0.0,1.0,0.5062,2.22487622,4.31418598,6.141685260000001,7.599062839999997,-0.76820864189,-1.4999355656999998,-0.115551007137,-0.32942999899,2.633915140000001,-4.701064401999999,0.3983959478999997,-1.0549304244000004
168,ASP,1.305,0.4867586721372622,2.40834,0.94354,0.43246,1,0.0454545454545455,0,0.0,0.1111,0.3239,0.8675,1.0,1.80887009,3.51436083,5.020061940000001,6.242960889999999,-0.8217287934,-1.6022770464999998,-0.1256582774599999,-0.35751737283,3.142295223,-5.497341420800005,0.4952799044,-1.2587902422
169,GLY,1.079,0.59679203539823,1.22616,0.61204,0.11696,0,0.0,0,0.0,0.4556,0.0,1.0,0.5062,1.11160326,2.15068521,3.0501961800000004,3.75357054,-1.2994731034199998,-2.513487052,-0.2287863359049999,-0.6468511882100002,4.506799674000001,-7.116157982000004,0.7962617422999997,-1.9502145626000007
