2,MET,2.343,0.7857142857142857,2.65579,0.5599599999999999,0.0790400000000003,0,0.0,1,1.0,0.7111,0.6196,0.0,0.0988,0.4168666599999999,0.8066311800000001,1.14424503,1.40859508,-0.313477856,-0.61009081,-0.0497345268,-0.141304699,0.901597642,-2.427071274,0.1576757027999999,-0.6108710130000002
3,GLU,1.945,0.7129765395894427,2.76831,0.74041,0.0425900000000001,0,0.0,1,0.5,0.1111,0.4884,0.8112,0.9136,0.55524273,1.07103001,1.5111233700000002,1.84543232,-0.320585289,-0.625297316,-0.0491080376999999,-0.139850452,0.627244809,-1.5712362399999995,0.1088735185,-0.3828666779999999
4,SER,0.858,0.3943014705882353,1.3982,1.0113,0.3067,0,0.0,1,0.333333333333333,0.4111,0.1877,0.8514,0.5309,0.6941429299999999,1.33944143,1.89089869,2.31088522,-0.2505341829999999,-0.486612022,-0.0412160933,-0.116909203,0.4709488730000001,-1.074207479,0.077607936,-0.267394984
5,ASN,1.173,0.4797546012269939,2.32708,1.03765,0.2343499999999998,0,0.0,0,0.0,0.1111,0.3976,0.6747,0.8272,0.83362581,1.61240043,2.28558429,2.81032073,-0.4566877519999999,-0.8880895349999999,-0.0745867343,-0.2120436119999999,0.549237112,-1.41304201,0.09341769,-0.3433776649999999
6,GLN,1.781,0.6194782608695651,3.06016,0.7887700000000002,0.3052299999999999,0,0.0,0,0.0,0.1111,0.5388,0.7952,0.6914,0.8336337500000001,1.61246065,2.2857744,2.8107309700000003,-0.7193304280000001,-1.398309605,-0.1178584905,-0.3348665839999999,0.8241438679999998,-2.035966134,0.137243717,-0.4911631679999998
7,SER,1.156,0.5312499999999999,1.60833,0.7510100000000001,0.2689900000000002,0,0.0,0,0.0,0.4111,0.1877,0.8514,0.5309,0.8338500200000001,1.6141677799999998,2.29144039,2.8238578700000003,-0.7161348234999998,-1.3833003010000002,-0.12844141735,-0.3627132876000001,0.9027057300000002,-0.9179998239999998,0.1477347139999999,-0.2605743258999999
8,ASN,1.574,0.6437627811860941,2.56325,0.8623500000000001,0.0086499999999997,0,0.0,0,0.0,0.1111,0.3976,0.6747,0.8272,1.25269377,2.43613648,3.48565772,4.34539526,-0.3284179053,-0.6394637320000001,-0.0524438206799999,-0.1492580486,1.3774579960000004,-0.8024970942000003,0.1943750493,-0.1545416177
9,ASN,1.854,0.7582822085889571,2.54706,0.79804,-0.2070400000000002,0,0.0,0,0.0,0.1111,0.3976,0.6747,0.8272,1.252631,2.43563144,3.4839491599999994,4.34133817,-0.3663338953,-0.71178385,-0.0600255153499999,-0.1703391020999999,1.4144738320000008,-1.1014496279999997,0.2188817003999999,-0.2653523723999998
10,GLY,0.637,0.3523230088495575,0.9593,0.8027000000000001,0.3682999999999999,0,0.0,0,0.0,0.4556,0.0,1.0,0.5062,1.25253984,2.43491598,3.4815891800000003,4.335915839999999,-0.439682115,-0.8580477339999999,-0.0662465328,-0.1886409829999999,1.2199213140000005,-1.96068109,0.1741324679999999,-0.4094435570000001
11,GLY,0.464,0.2566371681415929,0.7733199999999999,0.90989,0.4341100000000001,0,0.0,0,0.0,0.4556,0.0,1.0,0.5062,1.11158627,2.15048275,3.04929768,3.75081428,-0.545991081,-1.066270672,-0.0817914337,-0.233226178,1.336183746,-3.3259731540000006,0.2072091229999998,-0.7405832719999996
12,SER,1.396,0.6415441176470588,1.75619,0.6476,0.1324000000000003,0,0.0,0,0.0,0.4111,0.1877,0.8514,0.5309,0.97288643,1.88362011,2.67454955,3.29666365,-0.477506493,-0.931520904,-0.0730060655,-0.2079597584,1.5693112730000012,-3.111490611,0.2653644536999999,-0.7542590826000006
13,GLY,1.129,0.6244469026548672,1.0329000000000002,0.6266,0.0524,0,0.0,0,0.0,0.4556,0.0,1.0,0.5062,0.97370817,1.89005705,2.6957375800000003,3.34521206,-0.4114506654,-0.803029529,-0.0618173968,-0.1760290766,1.5702301269999992,-2.7534381700000004,0.2572860724,-0.7033648742000004
14,ASN,1.193,0.4879345603271984,2.25027,1.1307699999999998,0.1212299999999999,0,0.0,0,0.0,0.1111,0.3976,0.6747,0.8272,0.97242798,1.88006441,2.66296788,3.2705018799999994,-0.3063634121499999,-0.5958489021,-0.04951148973,-0.1406645147999999,1.9200785,-3.774582149099999,0.3424068717999999,-0.9649146518
15,ALA,1.08,0.4951856946354883,1.24848,0.8081800000000001,0.2928199999999998,0,0.0,0,0.0,0.7,0.1645,0.249,0.3951,1.25227061,2.43280106,3.4746075000000003,4.319856199999999,-0.554506576,-1.078313755,-0.0894441780599999,-0.2539808683,1.52796789,-3.990046571000001,0.2743735655999998,-1.0695761314000003
16,ALA,0.842,0.3860614397065566,1.26623,0.8356800000000001,0.5033199999999999,0,0.0,0,0.0,0.7,0.1645,0.249,0.3951,0.9738128,1.89086145,2.6983304,3.35098421,-0.97972584768,-1.90170102,-0.162588847422,-0.46083516884,4.676475054000005,-10.24056839200001,0.7175765558000002,-2.3141455651500022
17,LEU,1.558,0.5861550037622273,2.37659,1.11478,-0.0147800000000002,0,0.0,1,0.25,0.9222,0.663,0.2811,0.0,0.83402648,1.6155434,2.29594421,2.83410322,-1.2577507834,-2.4402367413999992,-0.2103513493,-0.5960188887000001,5.969325959999989,-12.211535631200013,0.9483592660000002,-3.0154242780000025
18,ASN,1.081,0.4421267893660532,2.1899,1.25891,0.1050899999999999,5,0.5,3,0.3,0.1111,0.3976,0.6747,0.8272,1.11272374,2.15934024,3.0782686799999994,3.81663009,-1.1623920451,-2.2612998477000006,-0.1876040594599999,-0.5332521660999999,6.125697424000007,-10.104875795199993,0.9896258655999988,-2.470437763800005
19,ARG,2.399,0.715478675812705,3.89624,1.08924,-0.1352399999999998,4,0.444444444444444,3,0.333333333333333,0.0,0.7346,0.9398,0.6914,1.25203096,2.430931,3.4684759700000005,4.3058821,-1.0832296745400003,-2.1146053941000003,-0.1642918001,-0.46849929509,5.147515368999999,-5.659483754799991,0.8043133953999996,-1.285893358069999
20,GLY,0.439,0.2428097345132743,0.8852599999999999,0.91338,0.45562,4,0.5,1,0.125,0.4556,0.0,1.0,0.5062,1.25205702,2.43117559,3.46942303,4.30848855,-1.1083022596000005,-2.1594710851000003,-0.17304695119,-0.4923696988,4.084911357,-3.913802000800003,0.6451818278999994,-1.0066049214
21,GLY,0.803,0.4441371681415929,0.98968,0.66335,0.3416499999999999,2,0.4,0,0.0,0.4556,0.0,1.0,0.5062,0.97345065,1.88803073,2.6890342300000003,3.32974987,-1.22315364659,-2.3767589086000007,-0.2000456800199999,-0.5676974263199999,4.005567387999995,-5.3686449302,0.6411247731000005,-1.364890474109999
22,ARG,2.337,0.6969877721443484,3.94391,0.8596100000000001,0.1563899999999999,3,0.3,0,0.0,0.0,0.7346,0.9398,0.6914,1.39088476,2.6989994900000003,3.84719575,4.76913981,-1.4074593344999995,-2.7390041428999994,-0.2254645204799999,-0.6409921376499997,3.926700723,-6.189723453299994,0.6347040492,-1.48002481953
23,TYR,1.052,0.3086854460093897,3.65527,1.62789,0.7281099999999998,8,0.470588235294118,2,0.117647058823529,0.3556,0.8063,0.502,0.1605,1.8077099,3.50523878,4.989926650000001,6.17359066,-1.4315589420000003,-2.7883511089,-0.2245478857399999,-0.6385846983700002,3.4573532569999985,-6.980253790300004,0.5432268193000002,-1.5802956017099996
24,VAL,0.177,0.0726899383983572,1.4423,1.61911,0.63889,6,0.285714285714286,1,0.0476190476190476,0.9667,0.4924,0.3655,0.1235,1.94705781,3.77713137,5.381068910000001,6.66480483,-1.0876345668,-2.1134160539999995,-0.17992897463,-0.5112000644,3.7283042009999976,-7.089449082000004,0.6228598749999997,-1.6860068130999997
25,PRO,0.394,0.1766816143497758,1.50258,1.4039,0.4320999999999999,5,0.3125,1,0.0625,0.3222,0.3764,0.8594,0.3827,1.6697265300000002,3.24399108,4.633670180000001,5.761838889999999,-1.06690509648,-2.0770619285700005,-0.1683511547399999,-0.4784144964799999,3.614281399000003,-4.853756638299998,0.5645242293999997,-1.15212295555
26,PRO,0.911,0.4085201793721973,1.81679,1.05449,0.26451,0,0.0,0,0.0,0.3222,0.3764,0.8594,0.3827,0.9720608000000002,1.87726185,2.65398793,3.25066268,-1.117082203,-2.1572885480000004,-0.2016044199,-0.569368302,5.991424489999989,-10.002005183,1.0937215932999975,-2.8064323517
27,HIS,1.069,0.3866184448462929,3.21717,0.9401,0.7559000000000001,0,0.0,0,0.0,0.1444,0.561,0.1124,0.679,0.6945590800000001,1.3426869499999998,1.90153114,2.33509223,-0.9434809427999998,-1.840560887,-0.1445024481,-0.4117085441999999,6.404396491999987,-12.555093666000005,1.0006924590000017,-2.904283130900002
28,LEU,1.088,0.4093303235515425,2.44153,1.16343,0.4065699999999999,0,0.0,0,0.0,0.9222,0.663,0.2811,0.0,0.2775017199999999,0.5345749,0.7524567900000001,0.91557045,-0.4278125739999999,-0.825420722,-0.0783000668,-0.220988005,2.546280333999999,-7.1112436469999984,0.4599940137000003,-1.9068566349999991
29,ARG,1.96,0.5845511482254697,3.86577,0.93094,0.4620600000000002,0,0.0,0,0.0,0.0,0.7346,0.9398,0.6914,1.3925110900000002,2.7116272399999994,3.88838225,4.86236371,-0.293174889,-0.568785427,-0.0493299136999999,-0.139841001,3.5886001871666644,-5.825488925058333,0.5867046203583333,-1.4353780825224998
30,GLY,0.207,0.1144911504424778,0.6716599999999999,1.0494,0.5515999999999999,0,0.0,0,0.0,0.4556,0.0,1.0,0.5062,1.38886465,2.68328993,3.79587519,4.652731169999999,-0.1471264199999999,-0.284544439,-0.026269213,-0.07435912,3.458690588680553,-5.839322689246528,0.5685705557715277,-1.4478351428935416
31,GLY,0.693,0.3832964601769911,0.90549,0.79421,0.3207900000000002,0,0.0,0,0.0,0.4556,0.0,1.0,0.5062,1.11203356,2.15396711,3.0607010700000004,3.77674187,-0.338201162,-0.653979346,-0.0598216649,-0.1691042366,3.153461483680553,-5.560028740415759,0.5209079190869124,-1.37739861155508
32,ASP,1.433,0.5345020514733309,2.40394,0.8164,0.4316,0,0.0,0,0.0,0.1111,0.3239,0.8675,1.0,0.97294842,1.88413133,2.67632187,3.30099984,-0.4285335727,-0.8338945630000001,-0.0689947705,-0.196221617,0.038977664,-0.038486607,0.008522517,-0.01236688
33,GLY,0.973,0.5381637168141593,0.92358,0.6630900000000001,0.17191,0,0.0,0,0.0,0.4556,0.0,1.0,0.5062,0.83381411,1.6138637699999998,2.29035975,2.82113569,-0.657835587,-1.2752441840000004,-0.1121897098,-0.3178448951999999,0.117489572,-0.143924348,0.021589892,-0.0387590492
34,GLY,0.406,0.2245575221238938,0.78283,0.8975299999999999,0.5044700000000002,0,0.0,0,0.0,0.4556,0.0,1.0,0.5062,1.25112143,2.42387003,3.44545732,4.253824439999999,-0.2203664243,-0.428022159,-0.0360202727,-0.1021084872,3.259913867251981,-5.722488855280045,0.5389026542869122,-1.4228734297836516
35,ALA,0.465,0.2132049518569463,1.222,1.0918799999999995,0.6241200000000005,0,0.0,0,0.0,0.7,0.1645,0.249,0.3951,1.38872191,2.6821471599999995,3.79203006,4.64366666,-0.1333184884,-0.2591418865,-0.0220379321,-0.0626585712,3.299595218651981,-5.651431850777379,0.5415762828602457,-1.4044083877183189
36,ALA,1.108,0.5080238422741862,1.22168,0.77445,0.29855,0,0.0,0,0.0,0.7,0.1645,0.249,0.3951,1.39196464,2.7074570499999995,3.87502775,4.83288931,-0.147240248,-0.28520367,-0.0255953104,-0.072513837,3.4245429959644813,-5.782893990502378,0.5636007611102458,-1.4418916586883186
37,ALA,1.164,0.5337001375515817,1.34994,0.6608900000000001,0.35611,0,0.0,0,0.0,0.7,0.1645,0.249,0.3951,0.97331545,1.88697397,2.68556467,3.32182709,-0.612909488,-1.183579419,-0.11085413128,-0.3131065316999999,3.2912708972586,-5.475351035814143,0.5365747784867165,-1.3535085832677305
38,ALA,0.17,0.0779458963778083,0.84563,1.32062,0.6903800000000002,0,0.0,0,0.0,0.7,0.1645,0.249,0.3951,1.24992525,2.41455625,3.414995310000001,4.184623309999999,-0.3807670238,-0.735965331,-0.06811677197,-0.1925969657999999,3.123223827814156,-5.091987543869699,0.5100426992367164,-1.2664432878488414
39,ALA,0.676,0.3099495644199908,1.28913,1.00024,0.5047599999999999,0,0.0,0,0.0,0.7,0.1645,0.249,0.3951,1.2511726,2.4242181900000004,3.4464211700000007,4.25547591,-0.4135911176,-0.8055037380000002,-0.06575357,-0.1871824297999999,3.2325533292878403,-5.2639137009223305,0.5292885527788217,-1.3110975605172623
40,SER,0.543,0.2495404411764706,1.67978,0.77729,0.85571,0,0.0,0,0.0,0.4111,0.1877,0.8514,0.5309,0.69483273,1.34482489,1.90854787,2.35110413,-0.4698699798999999,-0.905951695,-0.08646830019,-0.2438104633999999,3.2297892786295064,-5.300372920889414,0.5288500762609051,-1.318263770491137
41,ALA,0.859,0.3938560293443374,1.25629,0.7969299999999997,0.5250700000000004,0,0.0,0,0.0,0.7,0.1645,0.249,0.3951,0.2774348399999999,0.53405192,0.75073928,0.91164717,-0.495815426,-0.958895112,-0.0880196826,-0.2489851369999999,0.116932992,-0.282980666,0.025567551,-0.090930014
42,GLY,0.376,0.2079646017699115,0.90438,0.91844,0.5135599999999999,1,0.0833333333333333,0,0.0,0.4556,0.0,1.0,0.5062,1.2509860000000002,2.42283907,3.4421632900000003,4.24657584,-1.4834272645000002,-2.876282223,-0.25197440615,-0.7139732281,4.4771228959999965,-7.537616189000004,0.7141726775999987,-1.8484217989
43,GLY,0.3,0.165929203539823,0.76791,0.91941,0.5885900000000001,3,0.214285714285714,0,0.0,0.4556,0.0,1.0,0.5062,1.3903424800000002,2.69477175,3.83334761,4.737616579999999,-1.4707533192179991,-2.8534877183340006,-0.2475899608715,-0.7019810412919999,3.924550138999995,-6.3005305358999975,0.6529031258000003,-1.5536884065499996
44,ASP,0.649,0.2420738530399105,2.11641,1.34367,0.6883300000000001,3,0.166666666666667,0,0.0,0.1111,0.3239,0.8675,1.0,2.08765762,4.0588657,5.80472842,7.230898969999999,-1.6992650841,-3.306644636,-0.2720518351,-0.7732909522,4.478281703000002,-6.974917056999998,0.703906131,-1.6597481451000018
45,ASP,0.546,0.2036553524804177,2.0710800000000003,1.37551,0.7594899999999998,0,0.0,0,0.0,0.1111,0.3239,0.8675,1.0,1.9488035900000005,3.79073885,5.425627970000001,6.766198169999999,-1.4490939649299994,-2.8211573821,-0.230564018591,-0.6557539193999999,4.323524472000002,-6.023594014460008,0.6629643036000008,-1.409031182120002
46,ARG,1.81,0.5398150909633164,3.67952,1.22753,0.3154700000000001,0,0.0,0,0.0,0.0,0.7346,0.9398,0.6914,1.5320741700000002,2.98529016,4.28563539,5.3684324,-0.97845127845,-1.8980460605,-0.1641247391399999,-0.4649622039000001,5.613445836000003,-6.957150873900001,0.916915881400002,-1.7518552910700016
47,ARG,1.35,0.4026245153593796,3.69493,1.5449700000000002,0.4580299999999999,0,0.0,0,0.0,0.0,0.7346,0.9398,0.6914,1.39179414,2.70609924,3.8704825,4.82224276,-1.1193895051499996,-2.1704288376000003,-0.190210704516,-0.5389719103299999,3.725798811999998,-4.773774953299999,0.6342798887000011,-1.303920069550001
48,GLY,0.802,0.4435840707964602,0.99435,0.79924,0.20676,1,0.1,0,0.0,0.4556,0.0,1.0,0.5062,1.39203585,2.70799633,3.87673996,4.83662016,-1.2697359305000002,-2.479075193,-0.19173264067,-0.5467736897200001,3.3795492420000004,-5.654550811000006,0.5231150325,-1.3371078133600005
49,GLY,0.875,0.4839601769911504,0.98838,0.6619,0.2711,1,0.2,0,0.0,0.4556,0.0,1.0,0.5062,0.69400095,1.33832261,1.88719323,2.30232519,-1.0366514939999998,-2.001727735,-0.1870389937,-0.5280728817999999,4.623540861999994,-10.377840630999996,0.8256652309999994,-2.7552878156999965
50,ALA,0.692,0.317285648784961,1.35046,0.8341099999999999,0.6548900000000002,3,0.6,0,0.0,0.7,0.1645,0.249,0.3951,0.97382102,1.89093472,2.69860364,3.35170855,-1.3760957157699996,-2.69348477294,-0.196912089399,-0.56271846588,3.5333191739999954,-6.554673324400008,0.5779350900000004,-1.5787022819999994
51,GLY,0.878,0.4856194690265487,1.2648,0.3836199999999999,0.5463800000000001,0,0.0,0,0.0,0.4556,0.0,1.0,0.5062,0.55649231,1.08070289,1.54257293,1.9163138,-0.7389317741999999,-1.4438234964999996,-0.1089623252799999,-0.3107070314199999,4.0819527,-7.663783546999997,0.6671202052,-1.839259956599999
52,GLY,0.768,0.4247787610619469,0.80951,0.40258,0.6374200000000001,0,0.0,0,0.0,0.4556,0.0,1.0,0.5062,0.4170643899999999,0.80816497,1.14924018,1.41987533,-0.094121816,-0.184506228,-0.0130481236,-0.037346409,0.039275624,-0.042688143,0.006365662,-0.010119844
53,GLY,0.836,0.4623893805309734,0.94314,0.6891799999999999,0.2828200000000002,0,0.0,0,0.0,0.4556,0.0,1.0,0.5062,0.4156739299999999,0.79739407,1.11419634,1.3408208,-0.1560903599999999,-0.302167245,-0.027253685,-0.077136368,0.038977664,-0.089702405,0.008522517,-0.028824024
54,GLY,0.664,0.3672566371681416,0.98095,0.78244,0.3615600000000001,1,0.25,0,0.0,0.4556,0.0,1.0,0.5062,0.5549023799999999,1.06836007,1.50232114,1.82522203,-0.24639201,-0.477452864,-0.0423999,-0.120112575,2.8026592431333333,-4.415473010744,0.458645771046667,-1.0972602744626667
55,TYR,1.754,0.5146713615023474,3.95614,1.34446,0.3095399999999999,1,0.166666666666667,0,0.0,0.3556,0.8063,0.502,0.1605,0.69456611,1.34273987,1.90169697,2.33544578,-0.278071747,-0.53592056,-0.0518217096999999,-0.146178983,2.6478465436958327,-4.1190289469315005,0.4357524016341669,-1.0287827056501666
56,ARG,1.501,0.4476588130032806,3.6692,1.143,0.7090000000000003,0,0.0,0,0.0,0.0,0.7346,0.9398,0.6914,0.69460029,1.34300662,1.9025719,2.33744137,-0.228776999,-0.441951174,-0.0410095896999999,-0.115820339,2.56922019581348,-4.062640072992677,0.4238842954106374,-1.013990658766637
57,ARG,2.27,0.6770056665672531,3.61752,1.06396,0.0190400000000001,1,0.25,0,0.0,0.0,0.7346,0.9398,0.6914,0.69453291,1.34248011,1.90084363,2.3334955,-0.232732054,-0.450471914,-0.040890979,-0.1157733599999999,2.3815736559801466,-3.877392185109344,0.394038266588415,-0.9641946503183036
58,GLY,0.317,0.1753318584070796,0.9065,0.83936,0.6516400000000001,1,0.25,0,0.0,0.4556,0.0,1.0,0.5062,0.55469415,1.06673526,1.49699656,1.81309509,-0.1791112399999999,-0.34617911,-0.03207772,-0.090689756,2.3055117730327783,-3.883549623567238,0.3784864122673624,-0.952478876047251
59,GLY,0.826,0.456858407079646,0.91818,0.69857,0.28343,1,0.333333333333333,0,0.0,0.4556,0.0,1.0,0.5062,0.55530446,1.07151411,1.51271883,1.84909427,-0.172906913,-0.33894941,-0.0239862735,-0.068657794,2.2130891832827784,-3.730011001967237,0.3648317269323624,-0.918683701199251
60,GLY,0.859,0.4751106194690265,0.37371,0.93501,0.01399,0,0.0,0,0.0,0.4556,0.0,1.0,0.5062,0.41692304,0.80706314,1.14563311,1.41167167,-0.142795967,-0.277845208,-0.0227113202,-0.064498927,0.156426802,-0.2453663199999999,0.0304478126,-0.0694211199999999
61,ASN,1.371,0.5607361963190184,2.5326,0.79058,0.2834199999999999,0,0.0,0,0.0,0.1111,0.3976,0.6747,0.8272,0.6961777599999999,1.3552438999999998,1.94244701,2.42757922,-0.7181198515000001,-1.3969407989000002,-0.1159436715999999,-0.32952990472,2.357019222000001,-3.7108224659999953,0.3708951777000001,-0.9302563098
62,SER,0.5,0.2297794117647058,1.66198,0.9577,0.7183000000000002,0,0.0,0,0.0,0.4111,0.1877,0.8514,0.5309,0.97413786,1.89342775,2.70684937,3.3707241600000004,-0.4738131003999999,-0.9209690283,-0.0771065008099999,-0.2188924364799999,2.004703316000001,-2.2206082070000006,0.2995656800000001,-0.5016846583000002
63,GLY,0.033,0.0182522123893805,0.8056,0.94203,0.8329700000000001,1,0.0769230769230769,1,0.0769230769230769,0.4556,0.0,1.0,0.5062,1.5307240400000002,2.9747321500000004,4.2509467,5.289149529999999,-0.7607716587000002,-1.4749263325,-0.12933453699,-0.36639185496,1.6904774110000007,-2.2977447493,0.2570864794999999,-0.52853158744
64,GLY,0.284,0.1570796460176991,0.67122,1.0001099999999998,0.5238900000000002,3,0.12,1,0.04,0.4556,0.0,1.0,0.5062,1.52789909,2.95275098,4.17909899,5.12606491,-0.4649161022999999,-0.8978415133000002,-0.0845107502,-0.2388686847999999,1.9935958069999995,-2.6448776588,0.3949014734999999,-0.7551540178999997
65,GLY,0.558,0.3086283185840708,0.89515,0.86838,0.3816199999999999,1,0.0588235294117647,1,0.0588235294117647,0.4556,0.0,1.0,0.5062,1.53033483,2.97168794,4.240943140000001,5.266281,-0.5539265508,-1.0792493715,-0.08709378458,-0.2479397157599999,2.0012785120000003,-2.2318120359999982,0.3376122204000002,-0.5641070440999998
66,GLY,0.541,0.2992256637168142,0.8671,0.88166,0.3853399999999999,0,0.0,0,0.0,0.4556,0.0,1.0,0.5062,1.2514202900000002,2.42617774,3.45293721,4.270606959999999,-0.5994298970999999,-1.1680847291,-0.0937458455699999,-0.2668244177,2.986876558,-5.064983157500002,0.4612064977999993,-1.1575663851000002
67,GLY,0.976,0.5398230088495575,0.9803,0.6264099999999999,0.2055900000000001,0,0.0,0,0.0,0.4556,0.0,1.0,0.5062,0.83364227,1.61252453,2.28597556,2.81116393,-0.6567641316999999,-1.2760627894999998,-0.1078868425,-0.3062223447,2.235808119,-3.622688892,0.3796873625999997,-0.8555271390000005
68,GLY,0.87,0.4811946902654867,1.01253,0.71265,0.22535,1,0.142857142857143,0,0.0,0.4556,0.0,1.0,0.5062,0.97330461,1.88689274,2.68530965,3.3212816,-0.7427343032999999,-1.4509025892,-0.11035123557,-0.31468448956,2.280623036,-4.890766283999997,0.3387946565999998,-1.0813203584000002
69,GLY,0.416,0.2300884955752212,0.74634,0.95773,0.4342700000000001,3,0.214285714285714,0,0.0,0.4556,0.0,1.0,0.5062,1.111649,2.15094303,3.0507060700000004,3.75371582,-0.8334782886,-1.619610329,-0.13689659877,-0.3886925898999999,1.531097447,-2.583778379,0.2500213258,-0.6612043163999999
70,TYR,1.799,0.5278755868544601,3.83144,1.3383499999999997,0.2706500000000003,4,0.285714285714286,1,0.0714285714285714,0.3556,0.8063,0.502,0.1605,1.52985024,2.9679633100000005,4.228926870000001,5.239487189999999,-0.3347496930449999,-0.6412937678500001,-0.0677880752,-0.19051535358,1.8408499740000013,-1.5064575153500006,0.3334036090000002,-0.4955778401600001
71,ASP,0.864,0.3222678105184632,2.38238,1.0792099999999996,0.7377900000000006,4,0.210526315789474,1,0.0526315789473684,0.1111,0.3239,0.8675,1.0,1.94874845,3.79037949,5.424694140000001,6.76481789,-0.7275870759999999,-1.4109080641000002,-0.12250621273,-0.34691120594,2.873465656000002,-5.671169712299999,0.4009996300999999,-1.1547355448900003
72,ARG,1.384,0.412764688338801,3.20444,1.83973,0.1292700000000002,1,0.0769230769230769,1,0.0769230769230769,0.0,0.7346,0.9398,0.6914,1.94945347,3.79583608,5.442428030000001,6.80475943,-0.9030769344,-1.758209366,-0.1427583084799999,-0.40582113089,1.928456210000001,-3.030081252999999,0.26881156,-0.5926377192499998
73,GLY,0.725,0.4009955752212389,1.0013800000000002,0.67664,0.4063600000000001,1,0.142857142857143,0,0.0,0.4556,0.0,1.0,0.5062,1.39244063,2.71117205,3.88720831,4.86065163,-0.9307879549,-1.8111541135,-0.1484105162,-0.4216089710499999,1.928624596000001,-1.4108714820000006,0.2729520958,-0.2909145864999997
74,TYR,1.864,0.5469483568075117,3.92242,1.18118,0.3628199999999999,0,0.0,0,0.0,0.3556,0.8063,0.502,0.1605,1.11343417,2.16492372,3.09671327,3.85909398,-0.8250408174999999,-1.6106896126000003,-0.12347001388,-0.3517449755499999,1.6508631590000007,-1.2620360802,0.2492532197999999,-0.3442532864999999
75,ASN,0.611,0.2498977505112474,2.02783,1.32771,0.5062899999999999,0,0.0,0,0.0,0.1111,0.3976,0.6747,0.8272,1.1120074,2.1537754,3.06011438,3.77553373,-0.7193932886000002,-1.4043306207,-0.10894924697,-0.3106523806,1.6508153889999988,-3.0591879410000016,0.2539047469999999,-0.7182897031999999
76,ASP,1.57,0.5856023871689668,2.57496,0.63983,0.47117,0,0.0,0,0.0,0.1111,0.3239,0.8675,1.0,0.8342027700000001,1.61690578,2.3003631,2.84402589,-0.6570293759999999,-1.2776376512999998,-0.10580145347,-0.3003521415,1.5312406829999996,-3.816177504300001,0.2476759291,-0.897705951
77,ASN,0.92,0.376278118609407,2.19394,1.35114,0.1738599999999999,0,0.0,0,0.0,0.1111,0.3976,0.6747,0.8272,0.97335298,1.88728014,2.68661435,3.32436129,-0.5594413147,-1.0869712149999995,-0.0916903585599999,-0.26019324782,2.0017565550000005,-3.9602582365,0.3290680748999999,-0.9849330386
78,ARG,2.253,0.6719355800775425,3.89617,0.93896,0.16104,0,0.0,0,0.0,0.0,0.7346,0.9398,0.6914,1.25310379,2.43933614,3.4961472500000004,4.36929906,-0.4828582734,-0.9475682,-0.0649861176,-0.1861276505999999,2.398473862999998,-1.629340661,0.3584335866,-0.3430702205999998
79,ASP,1.088,0.4058187243565834,2.41251,1.0801900000000002,0.5128099999999998,0,0.0,0,0.0,0.1111,0.3239,0.8675,1.0,0.6943512199999999,1.34106622,1.89622269,2.32300992,-0.497774858,-0.9622549546,-0.08822294247,-0.2492679665,4.470815737999991,-6.491572732800006,0.7637501991999989,-1.5415878768000024
80,ASP,1.636,0.6102200671391271,2.65791,0.60921,0.4357900000000001,0,0.0,0,0.0,0.1111,0.3239,0.8675,1.0,0.6947812099999999,1.34442685,1.90725746,2.34820983,-0.747085067,-1.455979668,-0.1157604086,-0.329307772,4.636072474000008,-11.781576322000005,0.7192579453999993,-2.7124511569999994
81,ARG,1.564,0.466447957053385,3.70049,1.55944,0.2295600000000002,0,0.0,1,0.25,0.0,0.7346,0.9398,0.6914,0.8336295400000001,1.61242895,2.28567512,2.81051954,-0.6818702783000002,-1.3293530056,-0.1055780895799999,-0.3006007875,4.279854838999993,-7.3375655828,0.6934912671000014,-1.859231530600001
82,ASP,1.133,0.42260350615442,2.35411,1.007,0.5410000000000001,0,0.0,1,0.2,0.1111,0.3239,0.8675,1.0,0.8337547800000001,1.6134266899999998,2.28901576,2.81834569,-0.4850975373999999,-0.9352157235,-0.08971324235,-0.2530623628,5.134127935999983,-5.544472410000001,0.9025916158000022,-1.6170731851000042
83,ASN,1.517,0.6204498977505113,2.46648,0.91471,0.0132899999999999,0,0.0,1,0.111111111111111,0.1111,0.3976,0.6747,0.8272,1.11282689,2.16015676,3.08098726,3.8229529,-0.5929961383300001,-1.147731819,-0.10362728911,-0.29319992756,5.226097670999995,-3.6920179345000017,0.8116674254000005,-0.96441098346
84,ARG,1.625,0.484640620339994,3.66237,1.27257,0.4554300000000002,0,0.0,0,0.0,0.0,0.7346,0.9398,0.6914,1.3915772300000002,2.70442674,3.86506854,4.810115869999999,-1.0309449688399996,-2.01397697746,-0.1531215018649999,-0.43667457281,4.759517130999999,-4.5253802168,0.6938405907999997,-1.02692078195
85,GLY,0.38,0.2101769911504424,1.0033,0.7089300000000001,0.7190699999999999,0,0.0,0,0.0,0.4556,0.0,1.0,0.5062,1.39133881,2.70258453,3.85909151,4.796685479999999,-1.34260692812,-2.61470697555,-0.21128825116,-0.60082633284,5.42488425400001,-8.416805949949998,0.8168289170999998,-1.9180810905249988
86,GLY,0.444,0.245575221238938,0.36562,0.89546,0.46854,0,0.0,0,0.0,0.4556,0.0,1.0,0.5062,1.39248899,2.71140809,3.88749984,4.85984723,-1.5548142966499998,-3.033961409,-0.2376158702299999,-0.67733971295,4.1274065949999965,-6.688233069399999,0.6329948576000001,-1.5322559125400017
87,SER,0.773,0.3552389705882353,1.6817,0.90469,0.49831,2,0.5,1,0.25,0.4111,0.1877,0.8514,0.5309,1.2536486800000002,2.4435338099999995,3.5097306400000003,4.39972241,-1.1878412108999998,-2.3170267124,-0.1818929533,-0.5181296568699997,9.052080795999991,-11.263911216099984,1.2783240114999996,-2.4537225466000043
88,GLY,0.212,0.1172566371681415,0.70905,1.00099,0.59501,3,0.25,1,0.0833333333333333,0.4556,0.0,1.0,0.5062,1.11085008,2.14476399,3.03064007,3.70857284,-1.1803307497000004,-2.2757130881,-0.21914325637,-0.61850470324,9.287123712000003,-10.65169543899999,1.664186832900009,-2.946719620579993
89,GLY,0.279,0.1543141592920354,0.9061,0.97128,0.5577199999999999,7,0.333333333333333,2,0.0952380952380952,0.4556,0.0,1.0,0.5062,1.94813332,3.78555169,5.40877197,6.72824318,-0.4616788693,-0.8925908687999999,-0.0827651220239999,-0.23419981045,8.759503241999997,-4.0775340896,1.3916112644999967,-1.11195099168
90,TYR,1.711,0.5020539906103286,4.19324,1.17397,0.5230299999999999,8,0.5,4,0.25,0.3556,0.8063,0.502,0.1605,1.6702711800000003,3.24822097,4.64746732,5.79306978,-0.7412295618639999,-1.4426213290610002,-0.1182255804231999,-0.3360658902233,9.907628469999995,-9.418217928272016,1.4887146511999938,-2.2018585120519987
91,GLY,0.519,0.2870575221238938,0.8450700000000001,0.84601,0.4429900000000001,4,0.307692307692308,4,0.307692307692308,0.4556,0.0,1.0,0.5062,1.25222843,2.43250459,3.47374835,4.31824564,-0.6812241077600001,-1.3206147903699998,-0.11530797675,-0.3264478446099998,9.783956557999986,-8.07307844915999,1.5155924454999978,-2.099019824079999
92,ARG,1.57,0.4682373993438711,3.60215,1.38083,0.4021700000000001,4,0.333333333333333,4,0.333333333333333,0.0,0.7346,0.9398,0.6914,1.25157392,2.42735627,3.45672961,4.27902983,-0.9125545134999998,-1.7788060887,-0.1426980831,-0.406487092,7.659178407000008,-10.868922320499983,1.2261736484999952,-2.4896768706000056
93,ASP,1.099,0.4099216710182767,2.10822,1.06956,0.51244,3,0.375,1,0.125,0.1111,0.3239,0.8675,1.0,0.8333583000000001,1.61031598,2.27875857,2.79478894,-0.8611975876999998,-1.6716376103,-0.14391830661,-0.4081996413,7.608337273999975,-11.409025375600004,1.3049449450999973,-2.885083183499998
94,ARG,1.539,0.4589919475096927,3.32627,1.46734,0.3466600000000002,2,0.285714285714286,1,0.142857142857143,0.0,0.7346,0.9398,0.6914,1.11288969,2.16066135,3.08269204,3.826994510000001,-0.7454658315,-1.4521889365,-0.11632018423,-0.3307474661999999,7.900258273999989,-7.5515485099999875,1.201933772599998,-1.769872459000001
95,ASN,0.904,0.3697341513292433,2.10327,1.25932,0.2816799999999999,3,0.375,1,0.125,0.1111,0.3976,0.6747,0.8272,1.67136333,3.25673328,4.67533486,5.856455069999999,-1.15440939597,-2.2542286272,-0.1728252676,-0.4926382379199999,8.456368777999979,-6.400748703200002,1.2477971456999992,-1.4095243943700029
96,TYR,1.169,0.3430164319248826,3.58865,1.70414,0.5348599999999999,7,0.538461538461538,0,0.0,0.3556,0.8063,0.502,0.1605,1.80956384,3.5196508899999994,5.036982900000001,6.28024,-0.70226410242,-1.3666753769400004,-0.11257448215,-0.3200785627599999,7.428275100000017,-2.5059644473000056,1.136617047100004,-0.6534258404099987
97,GLU,0.897,0.3288123167155425,2.63364,1.28717,0.5438300000000003,1,0.166666666666667,0,0.0,0.1111,0.4884,0.8112,0.9136,1.39244944,2.71122575,3.8873315,4.86076943,-0.8000977449,-1.5566529092000003,-0.1276045808899999,-0.36238683287,4.088775353000002,-3.2399164975999986,0.6129772482000012,-0.7787479027999995
98,ASP,1.443,0.5382320029839612,2.54416,0.8046000000000001,0.4333999999999999,1,0.2,0,0.0,0.1111,0.3239,0.8675,1.0,0.83413122,1.6163475099999998,2.2985346,2.83986457,-1.0518618157,-2.040219456,-0.1772520252999999,-0.5022580347000001,5.766171387999991,-10.3756449,0.9739005001999989,-2.773808780400002
99,ARG,1.118,0.3334327467939159,3.3128,1.82693,0.4080700000000004,1,0.25,1,0.25,0.0,0.7346,0.9398,0.6914,0.83416463,1.61662,2.29946929,2.84212275,-0.8101284802000001,-1.5743911224,-0.1321040116,-0.3749221912999999,5.18699071299999,-6.510750353699993,0.799766941500001,-1.5689761482000006
100,GLY,0.613,0.3390486725663716,0.82623,0.8497699999999999,0.3452300000000001,1,0.166666666666667,1,0.166666666666667,0.4556,0.0,1.0,0.5062,0.97330729,1.88690042,2.68528846,3.32109,-0.5746421004,-1.1172739644999998,-0.09267607446,-0.2630349867000001,6.675733193999997,-5.6769234680000045,1.072192462800001,-1.4010103362999973
101,TYR,1.063,0.311913145539906,3.2221100000000003,1.88893,0.4560699999999997,4,0.5,2,0.25,0.3556,0.8063,0.502,0.1605,1.11270356,2.15921764,3.0779891699999995,3.81636915,-0.6529954340999999,-1.2697110284,-0.1057277095199999,-0.30026097146,6.798386681999993,-6.538655548200016,1.0487393574999957,-1.6336185055800017
102,ASN,1.566,0.6404907975460123,2.91923,0.52957,0.3494299999999998,1,0.25,1,0.25,0.1111,0.3976,0.6747,0.8272,0.8357738699999999,1.6290848299999998,2.34001661,2.93356396,-0.7308858667600001,-1.426312838,-0.1110000572399999,-0.31627819405,7.154084102999974,-10.754930602,1.0870159683000014,-2.4760615878100016
103,GLY,0.549,0.3036504424778761,1.21276,0.51175,0.7472499999999999,0,0.0,0,0.0,0.4556,0.0,1.0,0.5062,0.69530938,1.3484732499999998,1.92027266,2.37711592,-0.5642019690000001,-1.0978258099999998,-0.0905462383,-0.2574009286000001,4.358859841000004,-4.9785676410000015,0.6993154537999999,-1.1935950411999992
104,GLY,0.751,0.4153761061946902,0.88693,0.72798,0.32902,0,0.0,0,0.0,0.4556,0.0,1.0,0.5062,0.97313471,1.8855817,2.68106352,3.31176323,-0.9739642310139998,-1.900064867765,-0.1481391851979999,-0.4218302617309999,3.812702385000003,-6.63645214086,0.5823075190000007,-1.5027331219840014
105,GLY,0.143,0.0790929203539823,0.84443,1.0801,0.5849,0,0.0,0,0.0,0.4556,0.0,1.0,0.5062,1.24992852,2.41458934,3.4151259099999995,4.18498504,-0.84247998462,-1.63148100448,-0.145426299043,-0.4114835019840001,3.8011079769999983,-5.708602636320002,0.6744525804000013,-1.53911715618
106,GLY,0.543,0.3003318584070796,0.84083,0.91855,0.3464500000000001,0,0.0,0,0.0,0.4556,0.0,1.0,0.5062,2.22917453,4.3476273,6.25097577,7.847087339999998,-1.1495014357000002,-2.2486913481000004,-0.1669696677599999,-0.4770311247999999,3.5809577269999955,-4.366079668599999,0.5128487582000002,-0.9189479946200004
107,GLY,0.429,0.2372787610619469,0.6687099999999999,1.1474099999999998,0.2315900000000001,0,0.0,0,0.0,0.4556,0.0,1.0,0.5062,1.67056533,3.250403260000001,4.65423779,5.80733198,-0.9809773679400005,-1.9109562837400005,-0.15388532641,-0.43774928726,3.221069551,-3.6746116316,0.5090363891000003,-0.8848643007299999
108,GLY,0.224,0.1238938053097345,0.5539999999999999,1.12204,0.4619600000000001,3,0.3,1,0.1,0.4556,0.0,1.0,0.5062,1.3931100900000002,2.71630619,3.9037376,4.897404949999999,-0.88321024772,-1.7248104492,-0.131650703557,-0.3752246740299998,8.528114156999992,-10.8771576524,1.309908609999997,-2.4659870836400013
109,GLY,0.033,0.0182522123893805,0.83896,0.90962,0.8653800000000001,6,0.375,3,0.1875,0.4556,0.0,1.0,0.5062,1.5312122100000003,2.97855559,4.26352933,5.317970369999999,-1.0657350466,-2.0733982525000005,-0.17085874712,-0.4854242462100001,8.322360605,-12.591285144900006,1.352684429299997,-3.12626155949
110,ASN,0.462,0.1889570552147239,2.02404,1.3705600000000002,0.6124399999999997,4,0.222222222222222,2,0.111111111111111,0.1111,0.3976,0.6747,0.8272,1.81009785,3.5238728700000004,5.05101696,6.31281627,-1.1046906728999997,-2.1539523487,-0.16924974221,-0.4815990845499999,7.110971077999995,-6.392842362400009,1.1101002738,-1.6074394331
111,ARG,0.925,0.275872353116612,2.92539,1.9833,0.4446999999999999,1,0.0833333333333333,1,0.0833333333333333,0.0,0.7346,0.9398,0.6914,1.950086,3.80077998,5.458661500000001,6.84183176,-0.4517673178,-0.8793505951399999,-0.072378830162,-0.20589409615,4.321414777999998,-0.6261483023900002,0.6788626232000008,-0.2135901191599999
112,GLY,0.668,0.3694690265486726,0.86722,0.8690300000000002,0.2709699999999999,1,0.1,1,0.1,0.4556,0.0,1.0,0.5062,1.53155367,2.9812303999999994,4.27233362,5.33814394,-1.4970935898999995,-2.9127793130000006,-0.2399759807799999,-0.6819042466,3.963348564,-3.204237792999997,0.6556433391000008,-0.8734372527999998
113,TYR,1.778,0.5217136150234742,4.06692,1.17927,0.4507299999999998,2,0.285714285714286,3,0.428571428571429,0.3556,0.8063,0.502,0.1605,1.3923751700000002,2.71065956,3.88552322,4.8567960900000005,-1.5176926816000005,-2.9508012599000004,-0.24461078219,-0.6942177135099997,3.927460466000001,-2.817653489800002,0.6219279040000004,-0.7544311903999997
114,ASN,0.568,0.2323108384458077,2.14621,1.3381500000000002,0.5388499999999996,1,0.0909090909090909,2,0.181818181818182,0.1111,0.3976,0.6747,0.8272,1.67101842,3.2540635600000005,4.6666620100000005,5.836937729999999,-0.8359749562699997,-1.62776787975,-0.1334753950129999,-0.3799110531399999,6.121209387999994,-1.7271643049000016,1.0184876987999985,-0.4660929151399995
115,ASN,1.093,0.4470347648261759,2.47837,1.0428,0.3091999999999999,0,0.0,1,0.142857142857143,0.1111,0.3976,0.6747,0.8272,1.39275013,2.71358545,3.89511446,4.878652079999999,-1.265003080652,-2.463315270431,-0.1979747244909,-0.5624942905506002,4.283583750000004,-0.7505563774999996,0.6537529007000001,-0.2235492050999999
116,ASN,0.662,0.2707566462167689,2.20495,1.37029,0.4127099999999999,0,0.0,0,0.0,0.1111,0.3976,0.6747,0.8272,1.81066742,3.52829828,5.065454410000001,6.345498350000001,-1.3027490303700002,-2.541136254200001,-0.1991579554169999,-0.5671579545200002,6.523144518999998,-7.899897299099995,1.0040711011999996,-1.9265030437199984
117,ARG,2.633,0.7852669251416642,3.94526,0.7781999999999999,-0.0581999999999996,0,0.0,0,0.0,0.0,0.7346,0.9398,0.6914,1.25228592,2.4329267599999995,3.47504087,4.32091114,-1.2673186283889997,-2.4714403853180005,-0.1954267636742999,-0.5566126767465,7.661456378000014,-9.235343795735004,1.193731080600001,-2.177986562420001
118,GLY,0.345,0.1908185840707964,0.68797,0.98145,0.48155,0,0.0,0,0.0,0.4556,0.0,1.0,0.5062,0.97146469,1.87260306,2.63869166,3.2157322500000003,-1.28132194925,-2.4753845973,-0.23072450235,-0.65201609994,9.086846151000012,-11.278599007899992,1.654731401499996,-3.0728515643000014
119,GLY,0.611,0.3379424778761061,0.9841,0.82678,0.3702200000000001,0,0.0,0,0.0,0.4556,0.0,1.0,0.5062,1.9471892200000005,3.77823547,5.38495275,6.674456000000001,-0.6718107304399998,-1.3033661445,-0.112283894965,-0.31809812164,10.175851232000037,-8.166772237199984,1.5972954956999998,-1.991643090630004
120,GLY,0.133,0.0735619469026548,0.6693000000000001,1.05328,0.62172,0,0.0,0,0.0,0.4556,0.0,1.0,0.5062,2.08628035,4.04804953,5.76903322,7.14883099,-0.651569884,-1.266479987,-0.10670513322,-0.3031244416999999,10.954244605000008,-10.839370905999996,1.788948645799992,-2.6140250244000054
121,GLY,0.668,0.3694690265486726,0.92283,0.86343,0.2765700000000001,0,0.0,0,0.0,0.4556,0.0,1.0,0.5062,1.5291056900000002,2.96214934,4.20985428,5.19598589,-1.2645421216500004,-2.4477173221299995,-0.221109888957,-0.6258081547900002,9.651813622999988,-18.88919261721,1.6278145186000017,-4.784346863250006
122,GLY,0.85,0.4701327433628318,1.00289,0.67629,0.2817100000000001,0,0.0,0,0.0,0.4556,0.0,1.0,0.5062,1.3911674000000005,2.70120422,3.85441883,4.78558465,-1.5422351537000003,-3.003936658,-0.24337881383,-0.6925155453999998,8.882007779000022,-18.65777905300002,1.3710528782999991,-4.308648520200002
123,GLY,0.344,0.1902654867256637,0.77681,0.91206,0.55194,0,0.0,0,0.0,0.4556,0.0,1.0,0.5062,1.3895785200000002,2.68886037,3.81413768,4.69435142,-1.47296445757,-2.8558686464,-0.2510170526999999,-0.71140249422,7.8079854430000095,-12.717938090399988,1.3118900411000054,-3.2126909961400023
124,TYR,1.891,0.5548708920187794,4.04756,1.34955,0.1674499999999998,1,0.0588235294117647,0,0.0,0.3556,0.8063,0.502,0.1605,1.6696013900000002,3.2430524,4.63071782,5.75548696,-1.4288421278000003,-2.7726966053,-0.23904663659,-0.6776503343,8.207356434000006,-10.898031141199995,1.3119362784000008,-2.7921414531
125,ASN,1.247,0.5100204498977506,2.33616,1.07044,0.1275599999999996,0,0.0,0,0.0,0.1111,0.3976,0.6747,0.8272,1.2523729,2.43361016,3.47729851,4.32610936,-1.8083044447999992,-3.5166539716000007,-0.29188291099,-0.8289842270200001,8.528707512000016,-12.241760636300008,1.3009231973000013,-2.7508070288400006
126,ARG,1.453,0.4333432746793916,3.23955,1.57936,0.32064,1,0.166666666666667,1,0.166666666666667,0.0,0.7346,0.9398,0.6914,1.39288168,2.7146052500000004,3.89843241,4.886132339999999,-1.8325852669,-3.582929992300001,-0.2678651903560001,-0.7644744526500001,8.892587527000016,-14.134817211199993,1.2762746960999998,-2.9993789626699936
127,GLN,0.844,0.2935652173913043,2.9080700000000004,1.31622,0.7147800000000002,1,0.125,1,0.125,0.1111,0.5388,0.7952,0.6914,1.11355002,2.16573064,3.099030150000001,3.863378340000001,-1.256832092,-2.4400395414000005,-0.2099722846699999,-0.5958229268,7.538659617999986,-13.750639952000013,1.228320810699998,-3.293096148749996
128,ASP,0.328,0.1223424095486758,2.23387,1.3307700000000002,1.02223,0,0.0,0,0.0,0.1111,0.3239,0.8675,1.0,1.11184885,2.15249655,3.0557829,3.76524124,-0.7703855860000002,-1.5029808129999995,-0.1181423193999999,-0.3366891696999999,4.323010086999993,-8.550947881000003,0.6692906218000007,-1.965918376
129,ARG,2.239,0.6677602147330748,4.00705,0.71352,0.4004800000000003,0,0.0,0,0.0,0.0,0.7346,0.9398,0.6914,1.11282191,2.1601093,3.08080002,3.8224288,-0.7286897613,-1.4214699344,-0.1121217751399999,-0.31952282726,4.323923853999999,-8.071211255600005,0.6626381031,-1.847070124439998
130,GLY,0.159,0.0879424778761061,0.97259,0.93981,0.70919,0,0.0,0,0.0,0.4556,0.0,1.0,0.5062,0.97295562,1.88414659,2.67622774,3.30034208,-0.9865621470999998,-1.918165319,-0.16045479004,-0.4557693546,4.396917541999996,-8.661838191000001,0.7185816592999997,-2.0946526047
131,ASP,0.493,0.1838866094740768,2.19927,1.29327,0.8947300000000002,0,0.0,0,0.0,0.1111,0.3239,0.8675,1.0,1.25216102,2.43188784,3.4714195,4.31200717,-1.2693096545000004,-2.4701666120000003,-0.2043314857,-0.5812028944,4.436620060999992,-8.971156157399992,0.7263132581,-2.194859808599998
132,GLY,0.802,0.4435840707964602,0.74532,0.77404,0.23196,1,0.166666666666667,0,0.0,0.4556,0.0,1.0,0.5062,1.39409841,2.72402962,3.92909666,4.95531599,-1.75431702624,-3.434223825,-0.2494177833199999,-0.71262722996,7.791553795000008,-13.192108011000018,1.1077036234999988,-2.816398010799999
133,GLY,0.503,0.2782079646017699,0.91552,0.8002900000000001,0.5047100000000001,1,0.0555555555555556,0,0.0,0.4556,0.0,1.0,0.5062,1.80913669,3.5163403900000008,5.026208120000001,6.25592525,-1.6757900803999997,-3.2678931302,-0.25958167727,-0.73960656043,7.191465998000018,-8.812135364199994,1.1208541171000013,-2.0597088042
134,SER,0.7,0.3216911764705882,1.48946,1.0571799999999998,0.4188200000000004,1,0.0769230769230769,0,0.0,0.4111,0.1877,0.8514,0.5309,1.66966884,3.2435479600000003,4.632243270000001,5.7586687,-1.295963396999999,-2.5131279998000005,-0.2182271965799999,-0.61802242024,8.057363123000007,-6.1960534189999885,1.2256945120999976,-1.4623851482000043
135,SER,0.406,0.1865808823529411,1.50341,1.17753,0.59247,4,0.285714285714286,0,0.0,0.4111,0.1877,0.8514,0.5309,2.2282926400000003,4.340781740000001,6.22866161,7.796631209999998,-0.8660035813999999,-1.6907896459999998,-0.1300694728899999,-0.3707378613900001,5.737664348,-2.2361191113000007,0.8798334810999995,-0.4707467391000004
136,ASN,1.213,0.4961145194274029,2.44389,0.97366,0.2583399999999998,2,0.222222222222222,1,0.111111111111111,0.1111,0.3976,0.6747,0.8272,1.67154817,3.25819611,4.68020375,5.867775489999999,-1.771068305644,-3.452373673219999,-0.273027256266,-0.7767782204817001,5.813335655999998,-6.290129345855001,0.9155416693999991,-1.4161742251104994
137,PHE,0.678,0.2180765519459633,2.9427800000000004,1.97792,0.4530800000000001,3,0.3,1,0.1,0.8111,0.783,0.0763,0.037,1.39206013,2.70818893,3.87738217,4.83811792,-1.641386920137,-3.188100979560999,-0.2702215718227,-0.7665689829224,5.768798410999997,-6.75415891931,0.9514021000999991,-1.7563030424959991
138,SER,1.193,0.5482536764705882,1.44401,0.7586100000000001,0.2243899999999999,1,0.166666666666667,1,0.166666666666667,0.4111,0.1877,0.8514,0.5309,1.25321868,2.4402412,3.49914359,4.37621718,-1.2422765431000002,-2.4255542277,-0.18525800658,-0.5277606143800001,7.420718684999997,-8.538959843399995,1.1907672187999967,-2.09347554698
139,ARG,1.78,0.5308678795108858,3.6126,1.2617999999999996,0.3112000000000006,1,0.2,1,0.2,0.0,0.7346,0.9398,0.6914,0.8339232,1.6147134200000002,2.29313947,2.82745191,-0.7931758374,-1.5467206981,-0.12252360336,-0.3489779722499999,7.1841677199999925,-11.27524143010001,1.1718927354999975,-2.539262719150005
140,GLY,0.768,0.4247787610619469,1.01277,0.70041,0.33959,1,0.2,0,0.0,0.4556,0.0,1.0,0.5062,0.6946615399999999,1.3434871199999998,1.90415597,2.34107859,-0.7011817249999999,-1.365279114,-0.1104668678,-0.313992671,3.919808948000002,-10.702208304999994,0.6864246465000012,-2.809308148
141,GLY,0.954,0.5276548672566371,0.95336,0.7449,0.1091,1,0.2,0,0.0,0.4556,0.0,1.0,0.5062,0.69450486,1.3422592299999998,1.90011234,2.33180655,-0.748932027,-1.4565809049999998,-0.121039026,-0.343865936,3.925825960000004,-11.546667888999986,0.6401739927000002,-2.768378856000001
142,TYR,1.761,0.516725352112676,3.8889,1.3092,0.3378000000000001,3,0.5,0,0.0,0.3556,0.8063,0.502,0.1605,0.97371834,1.89012132,2.6958939500000003,3.34540006,-0.8197126350999999,-1.5945245890000002,-0.13132565615,-0.37294793693,3.8934520180000014,-8.937216118300007,0.5734267389999997,-1.95080696165
143,ASN,1.383,0.5656441717791412,2.2757300000000003,0.91817,0.1438299999999998,3,0.428571428571429,1,0.142857142857143,0.1111,0.3976,0.6747,0.8272,1.25320508,2.44013866,3.49882156,4.37552762,-0.8165167114800002,-1.5961814578,-0.1186527512639999,-0.33833813379,4.170420662000002,-6.5537899067000085,0.5958555965000003,-1.3072433056399997
144,ASN,0.552,0.2257668711656442,1.97158,1.44087,0.4521299999999997,3,0.333333333333333,1,0.111111111111111,0.1111,0.3976,0.6747,0.8272,1.11252489,2.15778552,3.07316171,3.80495944,-1.06245967139,-2.0656248436,-0.173115861509,-0.49176256928,3.3358437929999942,-5.923923597699994,0.5529929768999996,-1.436194247400001
145,ARG,2.146,0.6400238592305397,3.58801,1.06431,0.1426900000000002,0,0.0,1,0.2,0.0,0.7346,0.9398,0.6914,0.9736378,1.88949616,2.69385711,3.34079819,-0.8559751290999998,-1.6696709945,-0.13072281932,-0.37223537752,2.869334983999998,-2.2726852619999995,0.4386899090000002,-0.5279727965600002
146,ASP,1.438,0.536367027228646,2.52947,0.79738,0.4456200000000001,2,0.333333333333333,0,0.0,0.1111,0.3239,0.8675,1.0,1.1130318,2.16175762,3.0862411,3.83494273,-0.7458383681000001,-1.4566945504000002,-0.1111466912999999,-0.3168582959499999,2.0047654699999984,-1.3323927840000007,0.3048151476999999,-0.3428675011000001
147,GLU,1.138,0.4171554252199412,2.63016,1.2346799999999998,0.3553200000000005,4,0.363636363636364,1,0.0909090909090909,0.1111,0.4884,0.8112,0.9136,1.11264259,2.15872796,3.07633495,3.81244826,-0.8509181233,-1.6603691516,-0.12975401958,-0.369755023,1.9652420360000007,-3.147814396,0.3006336444999999,-0.7403687105000001
148,GLY,0.844,0.4668141592920353,0.92604,0.65767,0.3063300000000001,1,0.166666666666667,1,0.166666666666667,0.4556,0.0,1.0,0.5062,0.83436679,1.61819872,2.3046484300000003,2.85393627,-0.7713522889100001,-1.49364028103,-0.133533157138,-0.37787951316,2.044491299,-2.3916118841399987,0.3030083787999998,-0.6269467803929999
149,SER,0.545,0.2504595588235294,1.45641,1.10872,0.5222800000000003,2,0.181818181818182,1,0.0909090909090909,0.4111,0.1877,0.8514,0.5309,1.11245657,2.15726821,3.07152262,3.80139871,-0.7593578964000001,-1.4755908497,-0.1246337486599999,-0.3538468452,2.122992986,-2.450612728000001,0.3220000253999998,-0.5453966026
150,ASP,1.014,0.3782170831779187,2.04746,1.15993,0.5070700000000001,3,0.2,0,0.0,0.1111,0.3239,0.8675,1.0,1.39130416,2.70225466,3.85780454,4.79312284,-0.4698654235,-0.9124111951999998,-0.078042560155,-0.22144274867,2.435380145999999,-2.4876660424999986,0.3890855242,-0.5818101092000001
151,ASN,0.565,0.231083844580777,2.05905,1.36074,0.5192599999999998,1,0.0625,1,0.0625,0.1111,0.3976,0.6747,0.8272,1.25005643,2.41551921,3.4179434500000005,4.19070438,-0.614678295,-1.1911262610000002,-0.1059310205999999,-0.3001652417,1.8839949700000007,-3.575509017,0.3131724529999996,-0.8686632139999997
152,ARG,2.289,0.6826722338204593,3.77605,1.03113,0.0328699999999999,0,0.0,0,0.0,0.0,0.7346,0.9398,0.6914,1.11286714,2.1604703,3.0820134299999995,3.82528599,-0.6676727813000001,-1.3028155535,-0.1013258748,-0.28862749945,2.634233380999996,-4.517188623700001,0.394896301,-1.0295957070000006
153,GLY,0.658,0.3639380530973451,0.87708,0.7863300000000001,0.3636699999999998,0,0.0,0,0.0,0.4556,0.0,1.0,0.5062,0.83378763,1.6136670999999998,2.28975008,2.81985449,-0.576076496,-1.12167299,-0.09106497635,-0.2589300126,1.924015981999999,-3.543192611,0.3101789735000002,-0.8321514570999997
154,SER,1.412,0.6488970588235293,1.50912,0.65088,0.1131200000000002,0,0.0,0,0.0,0.4111,0.1877,0.8514,0.5309,0.69429881,1.3406387,1.89475577,2.3194650500000003,-0.5371263049999999,-1.040974484,-0.0922125489,-0.2612487234,1.881613789999998,-3.423771119,0.3303243986999998,-0.8830833279999996
155,GLY,0.57,0.3152654867256637,0.81476,0.8008599999999999,0.4371400000000001,0,0.0,1,0.125,0.4556,0.0,1.0,0.5062,1.11252651,2.15780939,3.07328029,3.80535522,-0.8618768153999999,-1.681431317,-0.1316775458,-0.3751255428,1.6897981410000005,-3.504365343999999,0.2600866650000001,-0.8337635739999996
156,ARG,2.27,0.6770056665672531,3.8958,0.92986,0.1531400000000001,2,0.222222222222222,1,0.111111111111111,0.0,0.7346,0.9398,0.6914,1.2514780499999998,2.42662061,3.45436177,4.27376769,-0.8121911121600001,-1.5649646983499998,-0.151917699755,-0.4284976246099999,2.353436316999997,-4.457329770749998,0.4028950804999998,-1.1354611313500005
157,SER,0.246,0.1130514705882352,1.28235,1.28739,0.6426100000000001,5,0.333333333333333,1,0.0666666666666667,0.4111,0.1877,0.8514,0.5309,1.8099347400000003,3.52258709,5.0467547800000006,6.30295642,-0.5204728177000001,-1.004491674,-0.09522816899,-0.2689359937,2.589880103999997,-4.389893143799998,0.4304063270999994,-1.1459447980000008
158,TYR,0.555,0.1628521126760563,3.386,1.9491100000000008,0.903889999999999,8,0.666666666666667,0,0.0,0.3556,0.8063,0.502,0.1605,2.08962074,4.074126340000001,5.8545546900000005,7.34382497,-1.0698763551,-2.0867994547,-0.16383058066,-0.46656723398,3.027253811,-6.904030467200009,0.4544884508999995,-1.5668288193199995
159,ASN,0.974,0.3983640081799591,2.19018,1.14491,0.3260899999999997,2,0.333333333333333,0,0.0,0.1111,0.3976,0.6747,0.8272,1.11324661,2.16345413,3.0918740499999995,3.84799965,-0.9728024755,-1.8844296649,-0.16663152515,-0.4714610098,3.299443529000001,-5.354089542999998,0.5184410931000006,-1.3176018477999984
160,ASN,1.585,0.6482617586912066,2.52507,0.79462,0.0653799999999998,1,0.25,0,0.0,0.1111,0.3976,0.6747,0.8272,0.69428465,1.34053323,1.8944283900000003,2.31877559,-0.7770018584999999,-1.5063439789999995,-0.1324622389999999,-0.3753096147,2.430642041000001,-3.904930077999999,0.4236131498999995,-0.9536477125
161,ASP,0.648,0.2417008578888474,1.9865,1.32836,0.7046399999999999,0,0.0,0,0.0,0.1111,0.3239,0.8675,1.0,0.83378124,1.61363088,2.28968015,2.81984674,-1.272222297,-2.4885606529999995,-0.1841204350999999,-0.5257823737999999,2.478437244000002,-4.507802354999996,0.3594526904000002,-1.0097810523
162,ARG,2.501,0.7458991947509692,3.8735,0.65228,0.1997200000000003,0,0.0,0,0.0,0.0,0.7346,0.9398,0.6914,0.6945567,1.34266934,1.90147709,2.33497947,-1.068185458,-2.074805083,-0.1756248597,-0.498156146,2.744369487999997,-6.940868289,0.4773041476999993,-1.8065512150000007
163,ARG,1.835,0.5472711005070086,3.71133,1.2617300000000002,0.25627,0,0.0,0,0.0,0.0,0.7346,0.9398,0.6914,1.11330547,2.1639171,3.0934041,3.8515246,-1.5781355324999995,-3.077913972,-0.2405423383,-0.6845988851,8.839251365999967,-12.498234423999987,1.3785782001,-2.8589706366
164,ASP,1.129,0.4211115255501678,2.18755,1.05156,0.50044,0,0.0,0,0.0,0.1111,0.3239,0.8675,1.0,1.67083083,3.2525948600000008,4.661829920000001,5.825872659999999,-1.2399127972999997,-2.407593824,-0.2050573484899999,-0.5815455694599999,9.935785867000018,-10.845621412199996,1.5819498840999988,-2.770391708899999
165,ASN,0.32,0.130879345603272,2.31269,1.4499800000000005,0.6750199999999995,1,0.0434782608695652,0,0.0,0.1111,0.3976,0.6747,0.8272,2.22744042,4.3340930900000005,6.206599870000001,7.74594382,-0.9266865135,-1.8010519884999994,-0.15176452245,-0.4309600963,7.071874245999993,-13.29475193899999,1.1096602221999996,-3.140822242399998
166,GLY,0.44,0.243362831858407,0.90184,0.87298,0.4950200000000001,0,0.0,0,0.0,0.4556,0.0,1.0,0.5062,1.94602703,3.76920405,5.3554808000000005,6.607714569999999,-0.9732332009,-1.8891842654870004,-0.161644825654,-0.4582644724194999,8.211056860000014,-11.583240073800011,1.2774960163000009,-2.7096237322839976
167,GLY,0.166,0.0918141592920354,0.74604,1.0084099999999998,0.6335900000000003,1,0.0263157894736842,0,0.0,0.4556,0.0,1.0,0.5062,2.2246775400000005,4.31263732,6.136619170000001,7.587557499999999,-0.7468581504999999,-1.4561586283,-0.11516251996,-0.3278335172,7.394468259999988,-6.641812075799998,1.0873841893000011,-1.4350634257999988
168,ASP,0.914,0.340917568071615,2.2115,1.1709600000000002,0.5960399999999997,1,0.05,0,0.0,0.1111,0.3239,0.8675,1.0,2.08772062,4.05937665,5.80646197,7.2350184,-0.4721578952999999,-0.9198960891,-0.07381236729,-0.2099774108999999,9.15997299900003,-2.64124742,1.375788486200001,-0.6441409660999988
169,GLY,0.74,0.40929203539823,1.29114,0.93438,0.13362,0,0.0,0,0.0,0.4556,0.0,1.0,0.5062,1.25186124,2.42963389,3.4643202200000003,4.29670932,-0.9311182704999998,-1.8007105589,-0.164724297014,-0.4657869293499999,8.133278340000002,-5.215214835400001,1.2650480467000031,-1.2790323293600003
