2,MET,2.738,0.9181757209926223,2.74618,0.45672,-0.2127199999999998,0,0.0,0,0.0,0.7111,0.6196,0.0,0.0988,0.2774348399999999,0.53405192,0.75073928,0.91164717,-0.304207544,-0.587238345,-0.05541359,-0.1565006099999999,0.7832444919999998,-2.34895368,0.143558334,-0.6260025079999999
3,GLU,1.395,0.5113636363636364,2.85381,1.06496,0.2680400000000003,1,0.5,0,0.0,0.1111,0.4884,0.8112,0.9136,0.5553178999999999,1.07162524,1.51310532,1.85004353,-0.388862682,-0.75733667,-0.0609219334,-0.173188747,0.4706985360000001,-1.486801936,0.079254988,-0.3663920319999998
4,SER,1.174,0.5395220588235293,1.58558,0.79858,0.2034200000000002,1,0.25,0,0.0,0.4111,0.1877,0.8514,0.5309,0.6942490499999999,1.34025601,1.89352126,2.31671354,-0.2811369709999999,-0.543640476,-0.0499108605999999,-0.141145503,0.4703245160000001,-1.06651058,0.0829833856,-0.282956824
5,ASN,1.216,0.4973415132924335,2.36098,1.0383300000000002,0.1906699999999996,1,0.25,0,0.0,0.1111,0.3976,0.6747,0.8272,0.83396318,1.61503509,2.29422684,2.83003168,-0.397335919,-0.775946078,-0.0589664357,-0.167994374,0.4725832639999999,-0.8722948160000001,0.06421076,-0.173439664
6,GLN,1.225,0.4260869565217391,2.66515,1.1988100000000002,0.4511899999999997,0,0.0,1,0.166666666666667,0.1111,0.5388,0.7952,0.6914,0.83307154,1.60809302,2.27152498,2.77847155,-0.406974839,-0.790871716,-0.0673063091,-0.191267643,0.4700367759999999,-0.8589838719999999,0.0864134043999999,-0.2282846599999999
7,SER,1.441,0.6622242647058824,1.72595,0.65257,0.0824300000000001,0,0.0,1,0.25,0.4111,0.1877,0.8514,0.5309,0.69434867,1.34103514,1.89608123,2.3225641500000003,-0.5601049730000001,-1.0858931269999998,-0.0953332017,-0.270088377,0.469074772,-1.4428776,0.092294782,-0.419238008
8,ASN,1.293,0.5288343558282209,2.24845,0.99022,0.1617799999999999,0,0.0,1,0.2,0.1111,0.3976,0.6747,0.8272,0.8333442600000001,1.6102244,2.27852236,2.79444768,-0.461621497,-0.8895809800000001,-0.08594716168,-0.2423764838999999,0.4704472560000001,-0.8089047359999999,0.0816201331999999,-0.2262360263999999
9,ASN,0.803,0.3284253578732107,2.01136,1.31693,0.3250699999999999,0,0.0,1,0.111111111111111,0.1111,0.3976,0.6747,0.8272,1.11233825,2.15634552,3.0685003,3.79452177,-0.6005439119999999,-1.174599952,-0.0873553064,-0.2494966429999999,0.7867601519999997,-2.1253538680000004,0.1147630207999999,-0.452885702
10,GLY,0.644,0.3561946902654867,0.8691599999999999,0.7955300000000001,0.3684700000000001,0,0.0,0,0.0,0.4556,0.0,1.0,0.5062,0.6939478699999999,1.33791585,1.88588656,2.29942998,-0.6270987560000001,-1.213744773,-0.1095833416,-0.310065893,1.0206814349999995,-2.292715877000001,0.1671918209,-0.5639919499999999
11,GLY,0.848,0.4690265486725663,1.00652,0.61837,0.3416300000000001,0,0.0,0,0.0,0.4556,0.0,1.0,0.5062,0.69428051,1.34051536,1.89442003,2.31891167,-0.6052781919999999,-1.174271657,-0.102217194,-0.289864347,1.019166937,-2.2504591970000005,0.1789482413999999,-0.5907098980000003
12,SER,0.821,0.377297794117647,1.55209,1.08534,0.2696600000000002,0,0.0,0,0.0,0.4111,0.1877,0.8514,0.5309,0.83342318,1.61081817,2.28039374,2.79848212,-0.3876582974999999,-0.7482954540000001,-0.07094032362,-0.2004368933,1.6864165750000009,-2.066849077,0.2869869323000002,-0.5958573256000002
13,GLY,0.6,0.331858407079646,0.92908,0.8317,0.3763000000000002,0,0.0,0,0.0,0.4556,0.0,1.0,0.5062,1.11275947,2.15963095,3.07926437,3.81902965,-0.3559203929999999,-0.6983693150000001,-0.0482475804,-0.1382145820999999,1.141116071999999,-1.899474856,0.164396581,-0.3910201985999999
14,ASN,1.423,0.5820040899795501,2.32796,0.95216,0.0698399999999997,0,0.0,1,0.25,0.1111,0.3976,0.6747,0.8272,0.6941062399999999,1.33915913,1.88998705,2.30884873,-0.5890737171,-1.1393473584999998,-0.10395075632,-0.2939346886,1.0211083299999997,-2.564567996,0.163493964,-0.6035691510000001
15,ALA,1.087,0.4983952315451627,1.28666,0.71377,0.38023,0,0.0,1,0.25,0.7,0.1645,0.249,0.3951,0.69420801,1.33994981,1.89256791,2.31469741,-0.7093408389999999,-1.374331098,-0.122094185,-0.345785806,1.0186470440000006,-2.96812508,0.1835813213999999,-0.7732294860000002
16,ALA,0.716,0.3282897753324163,1.25107,0.89428,0.5707200000000001,0,0.0,1,0.125,0.7,0.1645,0.249,0.3951,0.97280951,1.88302399,2.67260807,3.2922790400000004,-0.9422361373,-1.8374341114,-0.1461550922999999,-0.41647389733,2.6702017540000016,-4.903843956599999,0.4310885937000003,-1.1480245387800014
17,LEU,1.492,0.5613243039879608,2.42921,1.07192,0.0940799999999999,1,0.2,0,0.0,0.9222,0.663,0.2811,0.0,1.11283686,2.16024547,3.08131619,3.82381975,-0.7183052548,-1.38993276,-0.12547536337,-0.3548125761,3.0199945420000014,-3.2946562414000065,0.5115030890000001,-0.9578925260999998
18,ASN,1.11,0.4539877300613497,2.05822,1.18959,0.1454099999999998,5,0.555555555555556,4,0.444444444444444,0.1111,0.3976,0.6747,0.8272,1.3917586600000005,2.7058205399999995,3.86956207,4.820125579999999,-0.8017272417,-1.558811091,-0.1287306225999999,-0.3652366803,2.3996922540000014,-3.592245342000001,0.3469580480999996,-0.7615056902000003
19,ARG,1.938,0.5779898598270206,3.76115,1.1931500000000002,0.2218500000000001,5,0.357142857142857,4,0.285714285714286,0.0,0.7346,0.9398,0.6914,1.25067754,2.42034949,3.4337199300000005,4.22647513,-0.4985728954,-0.9687724112,-0.0822790088999999,-0.2336898935,3.292593164999998,-4.868063075200001,0.5807319152999993,-1.2263399783999993
20,GLY,0.658,0.3639380530973451,0.96456,0.81867,0.3313299999999999,4,0.444444444444444,1,0.111111111111111,0.4556,0.0,1.0,0.5062,1.11239922,2.15681428,3.07001159,3.79788672,-0.4202834582,-0.819320959,-0.0653093090999999,-0.1859728333,3.2992297229999963,-5.762288386999995,0.5284544646999999,-1.361990009399999
21,GLY,0.818,0.452433628318584,1.0167700000000002,0.6452100000000001,0.34479,2,0.4,0,0.0,0.4556,0.0,1.0,0.5062,0.8339371800000001,1.6148420200000002,2.29362885,2.82877705,-0.5786084057,-1.1239100555,-0.0950388963699999,-0.26958767403,4.0891270790000025,-7.689309747500003,0.6112310941000006,-1.7656764869500006
22,ARG,2.457,0.7327766179540709,3.95764,0.72432,0.1716800000000004,3,0.428571428571429,1,0.142857142857143,0.0,0.7346,0.9398,0.6914,0.69380301,1.33677572,1.88211399,2.29072591,-0.6255637919999999,-1.210343803,-0.1105537575,-0.3129042060999999,3.682428775000004,-7.392000765999997,0.6669783598000014,-1.9347938613999984
23,TYR,1.165,0.3418427230046948,3.7852,1.58454,0.6584599999999998,5,0.555555555555556,3,0.333333333333333,0.3556,0.8063,0.502,0.1605,1.11194418,2.15325184,3.0582931,3.77106094,-0.8038724214999999,-1.5665992150000003,-0.1252472805999999,-0.3564540859,3.376453624,-7.367283308,0.5491983838000002,-1.771781783999999
24,VAL,0.912,0.3745379876796714,1.755,1.19521,0.32779,5,0.454545454545455,6,0.545454545454545,0.9667,0.4924,0.3655,0.1235,1.3911139300000002,2.7007777299999995,3.852989420000001,4.782233049999999,-0.8450871939999999,-1.647376152,-0.1310945571,-0.373210253,2.707245871999996,-5.6065596950000005,0.4546262603999999,-1.381564017000001
25,PRO,0.461,0.2067264573991031,1.55322,1.4118499999999998,0.3571500000000001,5,0.555555555555556,4,0.444444444444444,0.3222,0.3764,0.8594,0.3827,1.11243247,2.15707335,3.0708595300000003,3.79981448,-1.1205229651999995,-2.175037967,-0.1870246025799999,-0.53042938987,3.2192573189999942,-3.2111465150000007,0.5221527904000001,-0.8274760382000008
26,PRO,1.025,0.4596412556053811,1.99425,0.96875,0.23625,2,0.25,0,0.0,0.3222,0.3764,0.8594,0.3827,1.3920472300000002,2.70808023,3.87699751,4.837153600000001,-1.4102921349000006,-2.7537553126,-0.21130976847,-0.6023508753000001,3.6182321260000094,-3.831782723799996,0.5363367542999994,-0.834396183999999
27,HIS,1.367,0.4943942133815551,2.9267700000000003,1.23744,0.16056,4,0.266666666666667,0,0.0,0.1444,0.561,0.1124,0.679,1.39033129,2.69468554,3.83306941,4.73699766,-1.5399072835,-2.994493892,-0.2496090353999999,-0.7090855445999998,3.2204745610000045,-3.5395224959999974,0.5167921323999994,-0.8384985806999998
28,LEU,1.16,0.436418359668924,2.12976,1.2835800000000002,0.2144199999999998,1,0.0625,1,0.0625,0.9222,0.663,0.2811,0.0,1.39000559,2.69215538,3.82481469,4.718307960000001,-1.3237373814000002,-2.5650226676000005,-0.2274517608599999,-0.6442306712,3.0181016460000056,-5.504203607999993,0.5340166733999995,-1.4132827419999996
29,ARG,2.316,0.6907247241276467,3.91314,0.93289,0.1041100000000003,2,0.117647058823529,2,0.117647058823529,0.0,0.7346,0.9398,0.6914,1.80944267,3.51876047,5.034252949999999,6.274595569999999,-0.8106730523000002,-1.5761159432999998,-0.1312752538899999,-0.37269854186,3.0671082779999987,-6.096131033999997,0.4581501090000002,-1.3645076493999984
30,GLY,0.424,0.2345132743362831,0.80391,1.047,0.3370000000000002,4,0.166666666666667,4,0.166666666666667,0.4556,0.0,1.0,0.5062,1.66719615,3.22422485,4.568798160000001,5.6137833,-0.623767579,-1.2091780194999997,-0.10629919027,-0.3011256807,3.531194440000003,-7.806598769000004,0.5916652862000008,-1.940043642000001
31,GLY,0.56,0.3097345132743363,0.7961499999999999,0.8967200000000001,0.3512799999999999,5,0.333333333333333,3,0.2,0.4556,0.0,1.0,0.5062,1.3898777199999997,2.6911417,3.82143469,4.71042976,-0.5613431836000001,-1.0897979825,-0.0937041626,-0.2658590869,2.826438550999996,-5.568243704000006,0.4643879924999996,-1.3611847626999989
32,ASP,1.284,0.4789257739649384,2.30048,0.88256,0.51444,6,0.461538461538462,5,0.384615384615385,0.1111,0.3239,0.8675,1.0,1.2502970100000002,2.41748647,3.42469613,4.20701212,-0.665859115,-1.297778065,-0.10326848853,-0.2938716292,3.180723482000003,-6.500413133000003,0.5104908959999999,-1.4886266929999994
33,GLY,0.827,0.4574115044247787,0.88898,0.73348,0.24752,4,0.4,3,0.3,0.4556,0.0,1.0,0.5062,1.11204472,2.15408304,3.0611783,3.7781268,-0.5882285658,-1.144807051,-0.09413638403,-0.2676666112,3.927218622000004,-6.093406323000008,0.6289029288999997,-1.453942026899999
34,GLY,1.024,0.5663716814159292,0.99003,0.61146,0.17254,3,0.3,2,0.2,0.4556,0.0,1.0,0.5062,1.11258656,2.15827068,3.07476688,3.808662360000001,-0.30858035744,-0.595382051586,-0.056251118189,-0.158695026544,3.9261565100000015,-2.8406902245159955,0.6376732577000009,-0.7891657723239998
35,ALA,0.212,0.0972031178358551,0.96634,1.10356,0.86544,7,0.304347826086957,5,0.217391304347826,0.7,0.1645,0.249,0.3951,1.5275266200000002,2.94984962,4.16960968,5.10451356,-0.5132790284700001,-1.00344553417,-0.0754752284599999,-0.2154775356799999,2.987369113999997,-5.8904185431999965,0.4566580371999993,-1.2693850568899991
36,ALA,0.62,0.2842732691425951,1.08368,0.94134,0.61966,6,0.285714285714286,5,0.238095238095238,0.7,0.1645,0.249,0.3951,1.38817791,2.67799341,3.77872753,4.614316,-0.624411583,-1.219096706,-0.0937924736,-0.2673343787,2.8295456290000027,-6.678119895999996,0.4352591230000005,-1.4800107640000009
37,ALA,1.151,0.5277395690050436,1.30618,0.6893699999999999,0.3406300000000001,1,0.0833333333333333,3,0.25,0.7,0.1645,0.249,0.3951,1.39027099,2.69419723,3.83140792,4.73302473,-0.5014905483000001,-0.9732847179,-0.08425441043,-0.2390123081,2.824942327000001,-5.194927951400004,0.4768864311999999,-1.2773612540000003
38,ALA,0.609,0.2792297111416781,1.11072,1.04286,0.5291400000000002,1,0.0588235294117647,2,0.117647058823529,0.7,0.1645,0.249,0.3951,1.66909938,3.23907645,4.61748507,5.724730179999999,-0.5808948964,-1.128170633,-0.0963359365599999,-0.273392702,3.5328913340000034,-7.380762146999995,0.5820716517000002,-1.8143412434000008
39,ALA,0.931,0.4268684089867033,1.26971,0.89724,0.3527599999999999,1,0.0476190476190476,3,0.142857142857143,0.7,0.1645,0.249,0.3951,1.5290216,2.96147162,4.2075566,5.19051837,-1.174386040654,-2.27534011707,-0.20258916609,-0.5738554550070001,3.487068612000005,-6.882752931500009,0.6272288550000008,-1.8258109710999988
40,SER,0.591,0.2715992647058823,1.48179,1.1208599999999995,0.4641400000000006,3,0.2,0,0.0,0.4111,0.1877,0.8514,0.5309,1.3902603999999998,2.69413609,3.831279630000001,4.732952549999999,-1.59177606757,-3.0902841586,-0.2649311811399999,-0.75147123297,4.555195814000003,-11.111305909999984,0.7286828727000005,-2.5711867500000007
41,ALA,0.608,0.2787712058688675,1.1121299999999998,1.14576,0.42724,5,0.416666666666667,0,0.0,0.7,0.1645,0.249,0.3951,1.39091022,2.69919014,3.847791650000001,4.77040866,-1.5144500738000004,-2.9526262359999995,-0.23468085579,-0.6682774674599999,7.505494709999976,-16.078523183,1.1646518968000008,-3.5028871979999963
42,GLY,0.953,0.5271017699115044,0.96443,0.68737,0.16763,2,0.333333333333333,1,0.166666666666667,0.4556,0.0,1.0,0.5062,0.97341469,1.88774902,2.68810807,3.32763132,-1.3302283435000002,-2.587345764,-0.21425574185,-0.6086412233,11.352881649999953,-29.71623662600001,1.7831978008999998,-6.806348011599999
43,GLY,0.52,0.2876106194690265,0.94008,0.7968599999999999,0.4911400000000001,2,0.4,1,0.2,0.4556,0.0,1.0,0.5062,0.83393725,1.61484149,2.29362372,2.82875553,-1.3475308365999996,-2.622869506,-0.21388727285,-0.6078697929,12.70637901799996,-26.901253619999945,2.1704855600999804,-6.769676626199987
44,ASP,1.101,0.4106676613204028,2.41514,0.9966200000000002,0.5833799999999999,1,0.166666666666667,1,0.166666666666667,0.1111,0.3239,0.8675,1.0,1.11294454,2.16108369,3.08405578,3.83003715,-1.4936386789399998,-2.9103557289600004,-0.2329527111899999,-0.6627510452500001,18.707707056000054,-29.30220723919986,2.86880102289999,-6.902025533499968
45,ASP,0.694,0.258858634837747,2.14753,1.19058,0.7964200000000001,1,0.0909090909090909,0,0.0,0.1111,0.3239,0.8675,1.0,1.39049578,2.69597503,3.83731605,4.74673296,-1.56217799527,-3.02812015434,-0.26679714809,-0.7558494063800001,18.236301763000043,-28.3266755706599,3.1346556945999926,-7.375791322219987
46,ARG,1.643,0.4900089472114524,3.51274,1.2231,0.4869000000000001,0,0.0,0,0.0,0.0,0.7346,0.9398,0.6914,1.80794578,3.50710201,4.99610821,6.18789644,-2.9367624606710003,-5.722251649917,-0.4602507333484998,-1.309990540229,20.33987239500004,-39.286304919765,3.2961254758000003,-9.334199135433002
47,ARG,2.01,0.5994631673128541,3.64025,1.1487499999999995,0.1942500000000009,0,0.0,0,0.0,0.0,0.7346,0.9398,0.6914,1.94838281,3.78746567,5.4149313,6.74192462,-3.06648034009,-5.9697181675,-0.486998549997,-1.3847166516899998,22.10712026499993,-35.72200032051998,3.56549455320001,-8.646765583360011
48,GLY,0.205,0.1133849557522123,0.75548,1.16183,0.44117,1,0.0384615384615385,0,0.0,0.4556,0.0,1.0,0.5062,2.3670317400000003,4.60795798,6.6044584,8.25322903,-2.3271004900500003,-4.513243770850002,-0.3939788744970001,-1.1166382163999995,20.73232739300008,-16.070586163649953,3.3431543823000114,-4.272550110929994
49,GLY,0.493,0.2726769911504424,0.9064,0.8001299999999999,0.51487,2,0.0769230769230769,0,0.0,0.4556,0.0,1.0,0.5062,2.78615284,5.432048679999999,7.80549199,9.78987411,-2.0969776642700007,-4.076651678129998,-0.3425914094140002,-0.9732933366099996,21.36504126200007,-22.374648306699942,3.420512276200016,-5.631536694030008
50,ALA,0.133,0.0609812012838147,0.89997,1.2827,0.7653000000000001,12,0.333333333333333,0,0.0,0.7,0.1645,0.249,0.3951,2.36483955,4.590858899999999,6.54843156,8.12564182,-2.428241081156,-4.717691326257,-0.3991766262085001,-1.132995542563,20.30566869200001,-23.38443922699902,3.233062465199984,-5.530509535870995
51,GLY,0.434,0.2400442477876106,0.83044,0.8642199999999999,0.5097800000000002,7,0.205882352941176,0,0.0,0.4556,0.0,1.0,0.5062,1.94506699,3.76179781,5.331486909999999,6.553900280000001,-2.0205774157,-3.9104756987,-0.35391270634,-1.00149768766,19.84774426799994,-27.39096171675996,3.366802598800008,-7.117783319159976
52,GLY,0.602,0.3329646017699115,0.84925,0.78478,0.4212199999999999,4,0.2,0,0.0,0.4556,0.0,1.0,0.5062,1.8089787900000005,3.5151759099999995,5.02262675,6.24848736,-2.1680377136660005,-4.215771872769,-0.3508330925692999,-0.9964047142114,18.807941312999887,-30.741999596464066,3.037612286500025,-7.54079487369599
53,GLY,0.117,0.0647123893805309,0.83736,1.04066,0.6503400000000001,11,0.366666666666667,0,0.0,0.4556,0.0,1.0,0.5062,2.08749498,4.057515759999999,5.80002522,7.21933162,-2.89166304212,-5.626314846890001,-0.4647511445540002,-1.3210892464400004,18.77452068700005,-27.3454174237999,2.997471821000014,-6.4436671846800095
54,GLY,0.662,0.3661504424778761,1.01303,0.77583,0.3701699999999999,6,0.272727272727273,0,0.0,0.4556,0.0,1.0,0.5062,2.3681290200000005,4.61656925,6.632860279999999,8.318480139999998,-2.47435668196,-4.830532887,-0.3718625125619999,-1.0597372464399997,15.025469682999924,-19.682089451560007,2.1928869857000035,-4.270932532369994
55,TYR,1.018,0.2987089201877934,3.4980900000000004,1.7273999999999998,0.6625999999999999,6,0.4,0,0.0,0.3556,0.8063,0.502,0.1605,1.9503098,3.80252081,5.46434813,6.8547252,-2.13604935151,-4.15616597049,-0.3405812912736001,-0.967415439778,17.015848429000034,-9.68472744420001,2.6227444017000066,-2.4048980072999933
56,ARG,1.081,0.3223978526692513,3.3822500000000004,1.7896500000000002,0.48235,4,0.222222222222222,0,0.0,0.0,0.7346,0.9398,0.6914,1.94996626,3.79982473,5.455457010000001,6.834302649999999,-2.0203344948,-3.9348377222,-0.3185768114499999,-0.9062262705000002,15.641808596999944,-19.74850366340001,2.404847078700025,-4.69396327299999
57,ARG,1.895,0.56516552341187,3.4668,1.30736,0.1506400000000001,1,0.142857142857143,0,0.0,0.0,0.7346,0.9398,0.6914,1.11311897,2.16243166,3.08842734,3.83985237,-0.8324388928,-1.6162150378000002,-0.13825958538,-0.3921457247700001,11.072461124999958,-12.38257956740002,1.7847149652999967,-3.0981284458599974
58,GLY,0.56,0.3097345132743363,0.96824,0.89048,0.3575199999999999,0,0.0,0,0.0,0.4556,0.0,1.0,0.5062,0.97296863,1.88425355,2.6765987700000005,3.30124993,-0.7344418644,-1.4322929193,-0.11306434673,-0.32201749323,10.023948555999944,-12.543571926600016,1.5228409682000017,-2.921915499019994
59,GLY,0.797,0.4408185840707965,0.91652,0.7110000000000001,0.3,0,0.0,0,0.0,0.4556,0.0,1.0,0.5062,0.83368349,1.61284367,2.28701136,2.81349233,-0.464571064,-0.906127975,-0.0715662288999999,-0.2039078226,8.991750137999984,-8.101269113999995,1.4509490809000067,-1.818608539499997
60,GLY,0.669,0.3700221238938053,0.96946,0.68084,0.45816,0,0.0,0,0.0,0.4556,0.0,1.0,0.5062,0.97362432,1.88940699,2.69362177,3.3404386299999995,-0.4797680960199999,-0.93801499754,-0.069646303905,-0.19867160183,10.35057330500006,-8.423209712799986,1.4623503331999976,-1.7840025094199987
61,ASN,1.625,0.6646216768916156,2.50456,0.76238,0.0576199999999998,0,0.0,0,0.0,0.1111,0.3976,0.6747,0.8272,1.11250688,2.15765264,3.07275307,3.8041118899999993,-0.687677864606,-1.3406606748999998,-0.1060725312921999,-0.301880454352,10.566688790000024,-15.499778034779988,1.671526682199996,-3.691747259581996
62,SER,0.574,0.2637867647058823,1.46403,1.29173,0.3102700000000002,0,0.0,0,0.0,0.4111,0.1877,0.8514,0.5309,1.39131248,2.70230467,3.85791602,4.793214,-1.0594733624,-2.0672422287,-0.16107077198,-0.4588151092,11.790037379000022,-14.89029889800001,1.8142783200000043,-3.176986155000002
63,GLY,0.715,0.3954646017699115,0.9391,0.75972,0.33328,0,0.0,0,0.0,0.4556,0.0,1.0,0.5062,1.53216294,2.9859879300000003,4.28793961,5.37373529,-2.0423458337800007,-3.996328426639999,-0.2926712390939999,-0.8357299933519999,14.291719443000032,-28.56421943137996,1.9676177246,-5.781520475833991
64,GLY,0.808,0.4469026548672566,0.91768,0.7782499999999999,0.2217500000000001,0,0.0,0,0.0,0.4556,0.0,1.0,0.5062,0.69433737,1.34095048,1.89581633,2.32200014,-1.025022427252,-1.981581213757,-0.1823259841956999,-0.515390707393,9.443154415000024,-17.22464693259905,1.682876873499998,-4.865174530540004
65,GLY,1.182,0.6537610619469026,1.05448,0.60712,0.0188800000000001,0,0.0,0,0.0,0.4556,0.0,1.0,0.5062,0.5548696799999999,1.06810384,1.5014785600000002,1.82329434,-0.7955215750000001,-1.5370606379999998,-0.1431081111999999,-0.4044817699999999,5.369162063000003,-11.809137158000002,0.9546897814999964,-3.082863950400004
66,GLY,0.806,0.4457964601769911,1.02668,0.7254700000000001,0.2765299999999999,0,0.0,0,0.0,0.4556,0.0,1.0,0.5062,0.97345758,1.88809129,2.68925685,3.33033175,-1.0369627167000002,-2.0277873803000004,-0.151069264,-0.4312812663,8.226419806999985,-13.62513500739998,1.1558868531000026,-2.759501125199996
67,GLY,0.908,0.5022123893805309,0.9847,0.74834,0.15166,0,0.0,0,0.0,0.4556,0.0,1.0,0.5062,0.69439391,1.34139571,1.8972900900000005,2.32540259,-0.507027402,-0.980176529,-0.0897069435,-0.253436455,2.778315365999996,-4.587258237999999,0.524318782,-1.2778641780000006
68,GLY,0.616,0.3407079646017699,0.8228,0.8518700000000001,0.34013,0,0.0,0,0.0,0.4556,0.0,1.0,0.5062,0.69410499,1.33914688,1.88993897,2.30871627,-0.3003855444,-0.58160552783,-0.0525516144859999,-0.14884209551,2.196236546999998,-1.8447962154899995,0.378817639,-0.5008734860300003
69,GLY,0.897,0.4961283185840708,0.8954900000000001,0.71128,0.19972,0,0.0,0,0.0,0.4556,0.0,1.0,0.5062,0.8342604900000001,1.61737055,2.3019374700000004,2.8477710500000004,-0.41654478558,-0.813462431,-0.0618986399339999,-0.1763772500399999,2.3217808170000014,-3.796813328999998,0.3280507372999998,-0.8277241542000005
70,TYR,1.616,0.4741784037558685,3.8077,1.47801,0.3139899999999997,0,0.0,0,0.0,0.3556,0.8063,0.502,0.1605,0.83348532,1.61130639,2.2820055100000003,2.80218962,-0.467445165,-0.909564055,-0.074811262,-0.212602586,3.2965237699999967,-8.32494858,0.5451620295999997,-1.9661849569999967
71,ASP,1.618,0.6035061544199926,2.63309,0.67353,0.38947,0,0.0,0,0.0,0.1111,0.3239,0.8675,1.0,0.8341601200000001,1.6165757099999998,2.29929056,2.84161167,-0.545542898,-1.064029415,-0.0835688243,-0.237966564,3.776294598999992,-9.614294594,0.5524999529999998,-2.0798362070000005
72,ARG,1.573,0.4691321204891142,3.42762,1.6481400000000002,0.1318600000000001,1,0.25,1,0.25,0.0,0.7346,0.9398,0.6914,0.69433386,1.34093504,1.89580899,2.32211798,-0.43436667763,-0.8400478255999999,-0.07678562314,-0.2171221492299999,3.449704157999998,-7.456260968999998,0.6026910530000009,-1.985163101800001
73,GLY,0.687,0.3799778761061947,0.93178,0.82047,0.3005299999999999,2,0.333333333333333,3,0.5,0.4556,0.0,1.0,0.5062,0.8334485500000002,1.61099393,2.28089096,2.79937103,-0.3592882696,-0.6988913112,-0.05837400177,-0.16599276653,4.903102782000004,-5.058991259799999,0.8405828855999997,-1.2479868834000003
74,TYR,1.722,0.5052816901408451,3.95873,1.2334899999999998,0.4525100000000002,2,0.5,3,0.75,0.3556,0.8063,0.502,0.1605,0.8337373300000002,1.61328152,2.2885098,2.81710128,-0.5407977589999999,-1.04980459,-0.0900388295999999,-0.2553503272,5.494659202999984,-8.271034392000015,0.9058086088000008,-2.0963697529999954
75,ASN,0.978,0.4,2.22762,1.12815,0.3388499999999999,1,0.333333333333333,1,0.333333333333333,0.1111,0.3976,0.6747,0.8272,0.69422211,1.3400556099999998,1.89289896,2.3154021,-0.6730195085999999,-1.30200713645,-0.118269895999,-0.33446094677,7.693551547999967,-11.495529607100048,1.2567207922000037,-2.9468371251600103
76,ASP,1.123,0.4188735546437896,2.36698,0.92489,0.6331100000000001,1,0.142857142857143,2,0.285714285714286,0.1111,0.3239,0.8675,1.0,0.97257559,1.88119606,2.66660784,3.2785822600000003,-0.9131021579,-1.7810141756999998,-0.14075957858,-0.4011064505500001,12.698699747999964,-12.78517214889996,1.923209416099996,-2.8492179811499967
77,ASN,1.045,0.4274028629856851,2.38565,1.0009,0.3991,0,0.0,0,0.0,0.1111,0.3976,0.6747,0.8272,0.97351756,1.8885753,2.69090045,3.3342531,-0.99477659694,-1.94024678259,-0.150709546059,-0.4287503697600001,15.519311966999975,-20.642699253120053,2.4025565709000247,-4.8610645553800165
78,ARG,2.509,0.7482851178049507,3.92556,0.81403,0.0299700000000002,0,0.0,0,0.0,0.0,0.7346,0.9398,0.6914,1.25278155,2.43682768,3.4879450700000003,4.350672360000001,-1.66214306527,-3.2518606919,-0.2392740624499999,-0.6832395127299999,16.002649340000055,-22.17489254239994,2.3821221912,-4.958984830349998
79,ASP,0.713,0.2659455427079448,2.30287,1.22823,0.73977,1,0.1,0,0.0,0.1111,0.3239,0.8675,1.0,1.53156626,2.9813120100000003,4.272542720000001,5.338439149999999,-2.67819185597,-5.2383902191,-0.38971210144,-1.1130793707800002,15.969706037999993,-24.84806887730002,2.345061164499993,-5.504917736789996
80,ASP,1.329,0.495710555762775,2.27858,0.84753,0.5044700000000001,1,0.2,0,0.0,0.1111,0.3239,0.8675,1.0,1.11339927,2.16464015,3.0957421,3.85675159,-1.86164855067,-3.625927087820001,-0.2910590688564999,-0.8273549257400001,12.094679380000066,-15.788661530119994,1.926765487500004,-3.873634608300001
81,ARG,0.982,0.2928720548762302,3.44424,1.92083,0.4501700000000004,1,0.111111111111111,0,0.0,0.0,0.7346,0.9398,0.6914,1.5321118200000003,2.9855938900000005,4.28666498,5.370883559999999,-2.2143785207,-4.32518113897,-0.3302640271800003,-0.9417894119100004,12.55587299100006,-11.244294862800002,1.7637971723000012,-2.41859434974
82,ASP,0.778,0.2901902275270421,2.10784,1.3001800000000003,0.6028199999999997,0,0.0,0,0.0,0.1111,0.3239,0.8675,1.0,1.11300849,2.1615722299999995,3.0856214699999995,3.833493910000001,-1.549658312280001,-2.9977139514000006,-0.271835896165,-0.7684359578599999,19.202598892000086,-14.376301657300006,3.079677810700034,-3.9198063704999897
83,ASN,0.345,0.1411042944785276,1.9663,1.36048,0.7395199999999997,1,0.0588235294117647,2,0.117647058823529,0.1111,0.3976,0.6747,0.8272,2.08903287,4.069555459999999,5.83962842,7.309991389999999,-1.1575295541,-2.2503195231000004,-0.1881763607599999,-0.5343438042599999,21.60920799700007,-16.41128309860005,3.374945135600008,-4.060068470139988
84,ARG,0.623,0.18580375782881,2.95401,1.94903,0.7809700000000004,3,0.15,3,0.15,0.0,0.7346,0.9398,0.6914,2.5074925900000005,4.888502969999999,7.02385726,8.80850711,-2.21813334438,-4.326913505699999,-0.3397072526579999,-0.9677091545299996,22.45329875700005,-39.708384061200064,3.3550352895000244,-8.731422807069997
85,GLY,0.3,0.165929203539823,0.80407,0.8667500000000001,0.6412499999999999,1,0.05,0,0.0,0.4556,0.0,1.0,0.5062,2.36725317,4.60964476,6.609848489999999,8.265087829999999,-1.5574556185999997,-3.030507815000001,-0.24795527748,-0.70428406806,24.19859682800001,-41.41634409209986,3.800720592700001,-9.786246889810036
86,GLY,0.053,0.0293141592920353,0.67952,1.01433,0.7406700000000002,1,0.03125,0,0.0,0.4556,0.0,1.0,0.5062,2.08473568,4.03606786,5.7300020400000005,7.060644880000001,-1.7457071681699998,-3.38261282443,-0.2991421102169999,-0.8470546340059999,17.929055770000033,-24.43411758022009,3.024793105200015,-6.1230730996699965
87,SER,0.732,0.3363970588235294,1.29044,0.99669,0.4473100000000002,2,0.0909090909090909,0,0.0,0.4111,0.1877,0.8514,0.5309,2.08770057,4.05918505,5.80572504,7.233022219999999,-2.4840666707999994,-4.858606275999998,-0.3596882352799999,-1.0269106698,16.804440340999967,-33.34539706299999,2.37704991610001,-7.057472561099996
88,GLY,0.825,0.4563053097345132,0.91342,0.7286500000000001,0.2543499999999999,3,0.142857142857143,0,0.0,0.4556,0.0,1.0,0.5062,1.66890515,3.23759652,4.612753550000001,5.714310370000001,-2.4581585537,-4.790930011400001,-0.3836023085700001,-1.0921191217,16.533814557000017,-31.464075546,2.6500291811999994,-7.385553214000004
89,GLY,0.397,0.2195796460176991,0.7906399999999999,0.92007,0.49093,2,0.111111111111111,0,0.0,0.4556,0.0,1.0,0.5062,1.52940372,2.9644793700000003,4.21750674,5.213469269999999,-1.7501317875999998,-3.4074549223000004,-0.2779024194999999,-0.7903796188999997,18.29522155600004,-27.654387796099986,2.975520888999984,-6.561830680200009
90,TYR,2.096,0.6150234741784038,4.13167,1.1413999999999995,0.1706000000000003,1,0.0833333333333333,1,0.0833333333333333,0.3556,0.8063,0.502,0.1605,1.25178126,2.42895893,3.4619299700000004,4.29071617,-1.4236132639,-2.7622347443,-0.23980962743,-0.6800462441199998,23.834006911000262,-31.91264910839998,3.8719183563999806,-7.931529453089986
91,GLY,0.334,0.1847345132743363,0.86271,0.96482,0.50918,0,0.0,1,0.0625,0.4556,0.0,1.0,0.5062,1.6700570900000002,3.2465189100000003,4.641776060000001,5.779755999999999,-1.4985901416999998,-2.92516697473,-0.228058696434,-0.6503780835199999,25.43852299700028,-39.27539974331998,3.8425104439000246,-8.75637604200001
92,ARG,1.777,0.5299731583656426,3.62204,1.31047,0.2655300000000002,0,0.0,1,0.2,0.0,0.7346,0.9398,0.6914,1.11308433,2.16218371,3.08769515,3.8384344,-1.4203187811200002,-2.76444963662,-0.2248279439229999,-0.638717784454,21.53910974600001,-38.36910595170016,3.2743629114999857,-9.036983403479995
93,ASP,1.266,0.4722118612458038,2.35447,0.90965,0.5053500000000001,0,0.0,0,0.0,0.1111,0.3239,0.8675,1.0,0.69443985,1.34175068,1.89844097,2.32798547,-1.0976237748,-2.1357407546000005,-0.1756769751899999,-0.499211932,13.777524074000029,-26.687659519199983,2.258513880500015,-6.128567378599992
94,ARG,1.423,0.4243960632269609,3.48901,1.50988,0.42012,0,0.0,2,0.25,0.0,0.7346,0.9398,0.6914,1.11241653,2.15693074,3.0703272800000008,3.7984013499999993,-1.7538530030000006,-3.423198268,-0.2679111396999999,-0.7641186220000001,18.7185214639999,-39.48157576900007,2.8108208960000205,-8.721741100699973
95,ASN,1.678,0.6862985685071575,2.44145,0.82688,-0.05988,1,0.333333333333333,1,0.333333333333333,0.1111,0.3976,0.6747,0.8272,0.97355648,1.88885447,2.69172713,3.33586282,-1.5377594656,-2.995883614,-0.2406729798899999,-0.68464816217,15.248060599000052,-29.75194709850004,2.348437149199999,-6.670693962949993
96,TYR,0.666,0.1954225352112676,3.24537,1.93265,0.80935,6,0.857142857142857,3,0.428571428571429,0.3556,0.8063,0.502,0.1605,1.1129755300000002,2.16130268,3.08469227,3.83123622,-2.085431719874,-4.059571167850001,-0.3313864448210001,-0.9420672952019998,13.831844710000018,-26.75538501437994,2.149895233500004,-6.057516428275985
97,GLU,0.99,0.3629032258064515,2.69214,1.39784,0.3401600000000002,9,0.692307692307692,4,0.307692307692308,0.1111,0.4884,0.8112,0.9136,1.53049539,2.9729878599999995,4.2453684,5.27686775,-1.39941377975,-2.7226753165400006,-0.2244750466299999,-0.6378903921100001,11.9087162449999,-18.85114694570002,1.8174021902999995,-4.274167574370002
98,ASP,0.445,0.1659828422230511,1.91829,1.27766,0.9583400000000002,8,0.421052631578947,4,0.210526315789474,0.1111,0.3239,0.8675,1.0,1.52966557,2.9665358400000006,4.22429535,5.22908569,-1.68869613835,-3.289409688499999,-0.264728938304,-0.7529670423899997,10.930466181999916,-21.590940113599995,1.6339643625999989,-4.819129975899991
99,ARG,2.202,0.6567253206084104,3.85487,1.02053,0.1304700000000003,6,0.428571428571429,2,0.142857142857143,0.0,0.7346,0.9398,0.6914,1.25086708,2.42186216,3.43879607,4.23840324,-1.3493699912999997,-2.6155040474,-0.23054144154,-0.6531039764199998,10.783444346999994,-17.871345497399975,1.864943190600005,-4.756211598839997
100,GLY,0.703,0.3888274336283185,0.95886,0.7771300000000002,0.3278699999999998,8,0.380952380952381,1,0.0476190476190476,0.4556,0.0,1.0,0.5062,1.66982899,3.2447309799999995,4.63588887,5.76626049,-1.6668252533199996,-3.24812450623,-0.2613736929669999,-0.7441815268800002,7.85700071399999,-13.922397028000027,1.241013292200001,-3.2955664352
101,TYR,0.689,0.2021713615023474,3.0532799999999995,1.93909,0.7799099999999999,13,0.464285714285714,1,0.0357142857142857,0.3556,0.8063,0.502,0.1605,2.08687862,4.052773160000001,5.784707720000001,7.18512742,-1.0680021492399998,-2.0732493343,-0.1786000114199999,-0.5067253052399999,8.003762025999988,-9.180021230300012,1.347513493,-2.479088113319996
102,ASN,0.832,0.3402862985685072,2.10515,1.15344,0.4595599999999999,10,0.344827586206897,3,0.103448275862069,0.1111,0.3976,0.6747,0.8272,1.9464867000000003,3.7726966,5.366608870000001,6.63209529,-1.1383012695999997,-2.2168142409,-0.1790236094199999,-0.5090730383200001,8.160032542000003,-8.440724583299996,1.3810401661999996,-2.148161943559998
103,GLY,0.281,0.1554203539823009,0.87224,1.08535,0.4416500000000001,8,0.32,3,0.12,0.4556,0.0,1.0,0.5062,1.6672728300000002,3.22478558,4.570509310000001,5.617294829999999,-1.2241048445,-2.380170622,-0.200453558,-0.5698693127000001,10.356905000000008,-17.46582507000002,1.7643532034999982,-4.281538040900006
104,GLY,0.758,0.4192477876106195,1.02279,0.70557,0.34443,2,0.133333333333333,0,0.0,0.4556,0.0,1.0,0.5062,1.6703571700000002,3.2488462999999994,4.64935859,5.79688943,-1.3048461207000004,-2.5497105808,-0.19346340993,-0.5520214545700001,9.470541982000034,-14.756227113399978,1.4731726025999998,-3.421789071250001
105,GLY,0.591,0.3268805309734513,0.96376,0.74149,0.4755100000000001,0,0.0,0,0.0,0.4556,0.0,1.0,0.5062,1.11253856,2.15792524,3.07373732,3.80663439,-1.03752260219,-2.0107690825699995,-0.177900890343,-0.5039908175600001,11.272140850999984,-11.851926274500002,1.7907253988999956,-2.870700830779993
106,GLY,0.726,0.4015486725663716,0.92561,0.7789699999999999,0.3030300000000001,1,0.1,0,0.0,0.4556,0.0,1.0,0.5062,1.39232849,2.710274,3.88418464,4.853515909999999,-1.8242852726600007,-3.5604880358000006,-0.2749140983049999,-0.7830536169599999,9.387694583999997,-9.397695732200011,1.490107909400003,-2.336571491379999
107,GLY,0.267,0.1476769911504424,0.74591,1.11053,0.4304699999999999,7,0.269230769230769,0,0.0,0.4556,0.0,1.0,0.5062,2.0874760400000003,4.05740472,5.79978642,7.219172059999999,-0.9854364418599996,-1.9174752021,-0.158029693161,-0.4491787421100001,8.438788827000014,-5.390043258100004,1.391570334600004,-1.5211273401500005
108,GLY,0.2,0.1106194690265486,0.71109,1.0786099999999998,0.5293900000000002,14,0.466666666666667,0,0.0,0.4556,0.0,1.0,0.5062,2.64495989,5.14575917,7.3671522,9.19109679,-1.2352105694,-2.405085728000001,-0.19548076149,-0.5558780919,7.231499203999994,-10.123241020999982,1.116096866000002,-2.372604363019997
109,GLY,0.32,0.1769911504424778,0.8113800000000001,0.92802,0.55998,11,0.458333333333333,1,0.0416666666666667,0.4556,0.0,1.0,0.5062,2.36594681,4.599566429999999,6.57720062,8.191877530000001,-1.80154715515,-3.50962851591,-0.28106266217,-0.7992441330779999,6.566131605999996,-11.751301415099997,0.9821971332999988,-2.61860672
110,ASN,1.327,0.5427402862985685,2.36774,0.98686,0.1311399999999999,4,0.25,0,0.0,0.1111,0.3976,0.6747,0.8272,1.67013586,3.247128,4.64375278,5.78419803,-2.1527902839500004,-4.1886878656,-0.3456711464399998,-0.98249816846,4.952990154999999,-8.236857772999997,0.7570740169,-1.8602901511999983
111,ARG,1.65,0.4920966298836862,3.69502,1.18481,0.5181900000000004,6,0.3,0,0.0,0.0,0.7346,0.9398,0.6914,1.66935444,3.241056199999999,4.62394046,5.7393354200000015,-1.9430480431,-3.772998481,-0.3235498239399998,-0.918273248,3.4172911579999985,-6.456662661999991,0.5428447246999992,-1.5359980698999989
112,GLY,0.167,0.0923672566371681,0.72319,1.0740000000000005,0.5669999999999995,9,0.321428571428571,2,0.0714285714285714,0.4556,0.0,1.0,0.5062,1.80719103,3.50118028,4.97658783,6.14308863,-1.8657223204000004,-3.62046729,-0.3137040069999999,-0.8897418806999996,3.415246157999999,-7.159418126999995,0.5608512433999999,-1.732408402100002
113,TYR,1.255,0.3682511737089202,3.60924,1.5836500000000002,0.5693499999999998,10,0.454545454545455,2,0.0909090909090909,0.3556,0.8063,0.502,0.1605,1.94791718,3.78388154,5.40334178,6.715992549999999,-1.7368020592999998,-3.3798868708,-0.27840412118,-0.7915137255699999,4.322863335000003,-6.8012687274,0.6700038706999999,-1.5919567025999994
114,ASN,1.213,0.4961145194274029,2.30501,1.02983,0.2021699999999997,2,0.181818181818182,2,0.181818181818182,0.1111,0.3976,0.6747,0.8272,1.95061045,3.80488012,5.472129210000001,6.872600979999999,-1.93373021605,-3.7814890792999982,-0.2807185157560001,-0.8011713225900002,4.291763052999998,-7.218662661099993,0.590102534399999,-1.453547409430001
115,ASN,0.578,0.23640081799591,2.00696,1.4088200000000002,0.4581799999999998,3,0.214285714285714,2,0.142857142857143,0.1111,0.3976,0.6747,0.8272,1.6698719000000004,3.2450890900000005,4.637144849999999,5.7693758100000005,-1.4291591741599996,-2.776327167499999,-0.23554923594,-0.6685471037000001,4.240061908999999,-5.2961640786,0.6916645175,-1.3149826190999996
116,ASN,1.448,0.5922290388548057,2.59708,0.7158499999999999,0.28115,2,0.222222222222222,1,0.111111111111111,0.1111,0.3976,0.6747,0.8272,1.53138404,2.97988042,4.26781701,5.32757087,-1.3089062314499995,-2.5495226826,-0.206080608335,-0.5862754712699999,4.991730643999998,-6.218520935299996,0.7672419581999991,-1.440325443780001
117,ARG,1.656,0.4938860721741723,3.53317,1.56979,0.1272100000000002,3,0.230769230769231,2,0.153846153846154,0.0,0.7346,0.9398,0.6914,1.3910882799999995,2.70055919,3.85220919,4.78025913,-0.8472170244999997,-1.6502048238,-0.13358593569,-0.38009271537,6.438436177000012,-7.746879587,1.050368328700002,-1.848612580099999
118,GLY,0.868,0.4800884955752212,0.94228,0.6808,0.2592000000000001,2,0.222222222222222,0,0.0,0.4556,0.0,1.0,0.5062,1.39230868,2.71012659,3.88372736,4.85255471,-1.0034720222,-1.9645944575,-0.142225058,-0.4063781636000001,7.004061034000015,-11.958911405000006,1.0001473383999997,-2.5497663966000035
119,GLY,0.492,0.2721238938053097,0.8527,0.81733,0.49867,1,0.0714285714285714,0,0.0,0.4556,0.0,1.0,0.5062,1.11158536,2.15047541,3.04927332,3.75075808,-0.73197879424,-1.4303835568,-0.1088312804,-0.31064604092,6.363901510000013,-8.736128437800005,1.0041122588000035,-1.9307404667000008
120,GLY,0.39,0.2157079646017699,0.79917,0.95044,0.4675600000000002,0,0.0,0,0.0,0.4556,0.0,1.0,0.5062,0.97183903,1.87545809,2.6478317600000003,3.23590187,-0.8780765727,-1.7112493048,-0.137610112583,-0.3918724378,5.179490269000004,-9.819377427099996,0.8737379390000009,-2.351157596400003
121,GLY,0.95,0.5254424778761062,1.01412,0.5937,0.2643000000000001,0,0.0,0,0.0,0.4556,0.0,1.0,0.5062,0.83345023,1.61104733,2.28120752,2.80052846,-0.96531609003,-1.87605338804,-0.1576423436299999,-0.447512965936,5.062685696000004,-10.306096623149992,0.8380791860000012,-2.5948650013419976
122,GLY,0.538,0.2975663716814159,0.85678,0.77232,0.49768,2,0.117647058823529,0,0.0,0.4556,0.0,1.0,0.5062,1.11133119,2.14850355,3.0428469,3.7362288,-1.0564237336,-2.0521133394000004,-0.17530993918,-0.49781596616,5.727807845999995,-10.54107513299999,0.9676347023000004,-2.596928110900002
123,GLY,0.334,0.1847345132743363,0.82853,0.9855,0.4884999999999999,3,0.15,1,0.05,0.4556,0.0,1.0,0.5062,1.6697492500000002,3.24412975,4.63399151,5.76216325,-1.0556905284199998,-2.05116637318,-0.172638183674,-0.4897869736099999,6.050936067999992,-8.531173542639994,0.9396161465000004,-2.1361710066700024
124,TYR,1.095,0.3213028169014084,3.62583,1.79411,0.5188899999999996,6,0.25,2,0.0833333333333333,0.3556,0.8063,0.502,0.1605,2.3668356200000003,4.60635906,6.59898356,8.24004299,-1.08062313666,-2.1088906123,-0.16328041984,-0.4650945410999998,4.321000991999998,-7.004820406000004,0.6801256653000003,-1.7017554581399998
125,ASN,1.001,0.4094069529652351,2.24749,1.2171000000000003,0.2268999999999996,2,0.1,0,0.0,0.1111,0.3976,0.6747,0.8272,2.22811082,4.339316959999999,6.223696970000001,7.784815439999999,-1.12373954196,-2.1871515351000004,-0.1794924307999999,-0.5103014760699999,3.693586747,-6.157123719500001,0.5748240836000004,-1.4088563304000017
126,ARG,1.402,0.4181330152102594,3.60272,1.3001,0.6509000000000003,1,0.0588235294117647,1,0.0588235294117647,0.0,0.7346,0.9398,0.6914,1.94863014,3.789338250000001,5.42086772,6.754829919999999,-1.3488372904,-2.6202262294000005,-0.2210957719,-0.62712147566,4.758039741999987,-10.542923270699983,0.7082203258999981,-2.236212549099996
127,GLN,0.441,0.153391304347826,2.29025,1.7093,0.7247000000000001,4,0.307692307692308,0,0.0,0.1111,0.5388,0.7952,0.6914,2.08912084,4.070192970000001,5.8415463800000005,7.313832779999999,-1.8031703699000003,-3.511579962699999,-0.28502160717,-0.81076843125,6.054706907000006,-13.516741019199994,0.9135991538999982,-3.0409266570500035
128,ASP,0.948,0.3535994032077583,2.20998,1.0657299999999998,0.6672700000000003,0,0.0,0,0.0,0.1111,0.3239,0.8675,1.0,0.97355727,1.88888538,2.69191634,3.33656569,-1.7218250201999996,-3.3361113379700003,-0.293921341114,-0.8317944898970001,7.803438404999979,-14.468250631000018,1.334019732799994,-3.9824296503799967
129,ARG,1.403,0.4184312555920071,3.28079,1.63053,0.3194700000000001,0,0.0,0,0.0,0.0,0.7346,0.9398,0.6914,0.8341349100000002,1.61637581,2.298624,2.8400573,-1.5043559109599998,-2.9346623557,-0.2306774268799999,-0.65725622393,10.923781562999968,-19.69954204849993,1.7009910460000048,-4.47936913686001
130,GLY,0.636,0.3517699115044247,0.91058,0.8663400000000001,0.30566,0,0.0,0,0.0,0.4556,0.0,1.0,0.5062,0.69454423,1.3425648499999998,1.90110897,2.33406164,-1.0735660444,-2.0746656724999992,-0.1912918791299999,-0.5403647542000001,12.737487646000032,-25.280394068500087,2.2415228617999925,-6.757278113999994
131,ASP,1.435,0.5352480417754569,2.52198,0.80158,0.44442,1,0.1,0,0.0,0.1111,0.3239,0.8675,1.0,1.5318454400000003,2.9835219099999994,4.279898289999999,5.355544869999999,-2.0862589837000005,-4.086428980799999,-0.29318159022,-0.8382362129,17.864263869999974,-31.63285007810004,2.5485394525000062,-6.877052965000011
132,GLY,0.651,0.3600663716814159,0.95213,0.76571,0.39129,1,0.0526315789473684,0,0.0,0.4556,0.0,1.0,0.5062,1.3916519000000005,2.70496704,3.86669129,4.813356989999999,-1.6539186942000006,-3.2252728877,-0.25515776563,-0.7267094733499998,16.423814300000057,-25.57014056139997,2.556058477200018,-5.968885028849995
133,GLY,0.133,0.0735619469026548,0.5759799999999999,1.02862,0.64638,5,0.208333333333333,0,0.0,0.4556,0.0,1.0,0.5062,1.66937401,3.2411987900000003,4.62437396,5.740219979999999,-2.4829591367500004,-4.833770221399998,-0.3946806210699998,-1.12230463651,17.56906856599998,-21.82921418049996,2.6921564684000137,-5.19208178327999
134,SER,0.684,0.3143382352941176,1.40625,1.0245000000000002,0.4674999999999998,4,0.210526315789474,0,0.0,0.4111,0.1877,0.8514,0.5309,1.66997236,3.24587598,4.63973288,5.7752993,-1.88168567607,-3.66749899121,-0.2922278254979999,-0.83166789911,15.078653487,-15.3560389393,2.425706004900004,-3.7889428409000008
135,SER,0.663,0.3046875,1.52355,0.94381,0.5691900000000001,4,0.235294117647059,0,0.0,0.4111,0.1877,0.8514,0.5309,1.53112922,2.97789775,4.26133638,5.312861870000001,-1.8818720062300005,-3.6692691909999993,-0.29148467916,-0.83018334366,20.230010724000007,-26.711621657499943,3.2106243999999715,-6.501339555199998
136,ASN,0.892,0.3648261758691207,1.98865,1.22783,0.3251699999999999,5,0.277777777777778,0,0.0,0.1111,0.3976,0.6747,0.8272,1.25078542,2.4212308799999995,3.43674635,4.23379264,-1.5714284454799996,-3.042931316,-0.27235601106,-0.7708613270770001,19.335473133000296,-20.370963295199985,3.313758735099959,-5.522723205996009
137,PHE,0.239,0.0768735927951109,2.6410500000000003,2.14223,0.72777,6,0.315789473684211,0,0.0,0.8111,0.783,0.0763,0.037,1.94930048,3.794638130000001,5.43848634,6.7957314,-2.418638693100001,-4.712032947599997,-0.37762263036,-1.0740262608499995,19.84699898700003,-17.288622212399986,3.0457738827000127,-4.359975786150003
138,SER,0.247,0.1135110294117646,1.30904,1.27997,0.6490300000000002,1,0.0476190476190476,0,0.0,0.4111,0.1877,0.8514,0.5309,2.6461344400000004,5.15488849,7.39695349,9.25862059,-2.3121113421,-4.504104457809999,-0.36331099774,-1.033714580287,16.59241271900004,-17.710715003980006,2.4872322965999905,-4.048883788939996
139,ARG,1.222,0.3644497464956754,3.2075599999999995,1.75738,0.3736200000000003,6,0.2,0,0.0,0.0,0.7346,0.9398,0.6914,2.08609755,4.0466755,5.764709860000002,7.139533490000001,-2.303459760330001,-4.47080536596,-0.3849614307549999,-1.0917199485699998,15.67023071799994,-20.54637114000001,2.502849969999975,-5.052065530409993
140,GLY,0.177,0.0978982300884955,0.65884,1.04836,0.58264,5,0.166666666666667,0,0.0,0.4556,0.0,1.0,0.5062,2.0856613200000003,4.04334459,5.75403469,7.115947169999999,-1.95657059232,-3.8000694261700017,-0.3232094407899999,-0.917047554865,16.71987894000008,-21.299017036100004,2.756734867499998,-5.466500599576001
141,GLY,0.397,0.2195796460176991,0.94786,0.99541,0.41559,7,0.411764705882353,0,0.0,0.4556,0.0,1.0,0.5062,2.36888615,4.6223964,6.651682630000002,8.360516149999999,-1.9113918045700005,-3.7131084901299993,-0.3128842318990001,-0.8874062884789997,17.103080389000095,-13.531851376450025,2.55487728109998,-3.4349872420890004
142,TYR,0.693,0.2033450704225352,3.22089,2.02116,0.6938399999999998,8,0.444444444444444,0,0.0,0.3556,0.8063,0.502,0.1605,2.5080522000000003,4.892900990000001,7.038388360000001,8.84197163,-2.956265712098,-5.770107178929999,-0.4475365714640001,-1.275477728715,14.87045701399997,-15.635652802079967,2.160297565699991,-3.4395015726499927
143,ASN,0.552,0.2257668711656442,1.8663,1.43274,0.4602599999999999,2,0.166666666666667,0,0.0,0.1111,0.3976,0.6747,0.8272,1.95001968,3.80023749,5.45679434,6.83730225,-3.177886344159999,-6.204311939449997,-0.479496122681,-1.3670812028400008,16.159623579999945,-20.47736853123996,2.4278290285,-4.621292900339993
144,ASN,0.905,0.3701431492842536,2.17102,1.15203,0.3879699999999997,0,0.0,0,0.0,0.1111,0.3976,0.6747,0.8272,1.39176689,2.70587252,3.86968976,4.82028349,-2.6981186705,-5.2554655378999975,-0.42379315934,-1.2053824503000006,17.51711164599996,-25.47779947780001,2.7868651707000014,-6.249892546659974
145,ARG,0.538,0.1604533253802565,2.81418,2.15354,0.6614600000000004,0,0.0,0,0.0,0.0,0.7346,0.9398,0.6914,1.53130224,2.97927219,4.26592803,5.32359011,-2.2299745177000005,-4.357717152400001,-0.3297995897199999,-0.94099776812,16.356940649000048,-18.454040538899942,2.44776110740001,-4.150095331659992
146,ASP,1.228,0.4580380455054084,2.14736,1.06898,0.38402,0,0.0,0,0.0,0.1111,0.3239,0.8675,1.0,0.97351291,1.8885177,2.69063541,3.3334132800000003,-1.1875355445,-2.3147100121999995,-0.18334783679,-0.52160113712,13.424153030000069,-19.5292824091,2.1918889790000176,-4.792605258910007
147,GLU,1.087,0.3984604105571847,2.87218,1.2937,0.3473000000000001,0,0.0,0,0.0,0.1111,0.4884,0.8112,0.9136,0.83332437,1.61004754,2.27786883,2.7927324,-0.7935569251999998,-1.5392241984,-0.13448051038,-0.3813016233999999,10.472302372000035,-17.82534589900002,1.787451967700005,-4.5051041640000005
148,GLY,0.644,0.3561946902654867,0.97358,0.7351800000000001,0.4288200000000001,0,0.0,1,0.166666666666667,0.4556,0.0,1.0,0.5062,0.97350592,1.8884936,2.6906625,3.33380035,-0.8546084995,-1.6718078973,-0.12290731065,-0.3508330696999999,8.256298952999977,-17.255575250799964,1.2366560474000017,-3.956022709199996
149,SER,1.457,0.6695772058823529,1.44814,0.76386,-0.0448599999999999,0,0.0,1,0.2,0.4111,0.1877,0.8514,0.5309,0.83383972,1.61406777,2.29104239,2.82273442,-0.8151882589999998,-1.5899014070000002,-0.1250963459,-0.3562454499999999,7.928030702999999,-19.056187631999983,1.3119121136000005,-4.529183723000005
150,ASP,0.978,0.3647892577396494,2.30417,1.17553,0.5274700000000001,0,0.0,1,0.25,0.1111,0.3239,0.8675,1.0,0.8332437699999999,1.60943757,2.27593506,2.78852796,-0.4761119224,-0.922687174,-0.0818734188,-0.2319959135,7.338464023999984,-11.000476622999988,1.2224014010000002,-2.6730920761000023
151,ASN,1.475,0.6032719836400818,2.59127,0.7107900000000001,0.2592099999999996,0,0.0,0,0.0,0.1111,0.3976,0.6747,0.8272,0.8341210200000001,1.6162609099999998,2.29822384,2.83907352,-0.4935468696,-0.9519228025999998,-0.09032756864,-0.25474078688,6.046647511000013,-8.685850538400018,0.9750504569999976,-2.2608483572000018
152,ARG,1.003,0.2991351028929316,3.3018400000000003,1.88242,0.4675800000000005,2,0.181818181818182,0,0.0,0.0,0.7346,0.9398,0.6914,1.3917413200000002,2.70568252,3.8690997300000007,4.819038819999999,-0.2436082237,-0.4757566646,-0.0367895894599999,-0.10498838353,8.06672431099998,-7.212464934699979,1.1604828990000022,-1.5896164001899993
153,GLY,0.615,0.3401548672566371,0.89798,0.8866400000000001,0.3063599999999999,1,0.0909090909090909,0,0.0,0.4556,0.0,1.0,0.5062,1.11237356,2.15659576,3.06923184,3.79591497,-0.5519561385,-1.0729008847,-0.0895774099999999,-0.2542357561,6.839869921000022,-10.9382489886,1.0481372260999997,-2.477160434799999
154,SER,1.259,0.5785845588235293,1.48886,0.7545700000000001,0.1624300000000001,0,0.0,0,0.0,0.4111,0.1877,0.8514,0.5309,0.8335516000000001,1.61181211,2.2836223,2.80574716,-0.4621028608,-0.8997244786,-0.07354772286,-0.2092265514399999,5.489733799999994,-6.577099143799998,0.9482947555999977,-1.5556306812000027
155,GLY,0.87,0.4811946902654867,1.06763,0.6303599999999999,0.3076400000000001,0,0.0,0,0.0,0.4556,0.0,1.0,0.5062,0.83402259,1.61550151,2.29576708,2.83357616,-0.657318731,-1.286072776,-0.094433576,-0.269658305,6.377311267999976,-16.820545358000015,0.884661590999999,-3.3862279570000022
156,ARG,1.869,0.55741127348643,3.83282,0.9816700000000002,0.50233,1,0.142857142857143,0,0.0,0.0,0.7346,0.9398,0.6914,0.8330353000000001,1.60776931,2.27032163,2.77529236,-0.5641175106,-1.0932900448,-0.0972338406,-0.2755960404,6.351511862000023,-16.2023934974,1.1130467965000033,-4.169115069199996
157,SER,1.236,0.5680147058823529,1.4547800000000002,0.8169500000000001,0.1230500000000001,2,0.285714285714286,0,0.0,0.4111,0.1877,0.8514,0.5309,1.11271033,2.15922854,3.0778782300000005,3.81566421,-0.9052049113,-1.7596455947999996,-0.1476473080599999,-0.4193019756299999,14.520575834000104,-25.183102480400017,2.403956480099993,-6.409268333600023
158,TYR,0.724,0.2124413145539906,3.3277,1.89407,0.7899300000000002,5,0.454545454545455,0,0.0,0.3556,0.8063,0.502,0.1605,1.53159584,2.98154201,4.27329459,5.340146860000001,-1.5011696746299996,-2.9230182542000005,-0.236814538456,-0.67324963163,17.48068001200006,-27.317396986299983,2.737645846700012,-6.521110771499989
159,ASN,0.563,0.2302658486707566,1.85959,1.27342,0.6085799999999999,2,0.125,0,0.0,0.1111,0.3976,0.6747,0.8272,1.80919583,3.5168762300000007,5.028224410000001,6.26131736,-2.39640777566,-4.664041221200001,-0.3796524255100001,-1.07854399394,20.676941722000063,-33.581166457200105,3.122499723799965,-7.594952244480004
160,ASN,0.589,0.2408997955010225,1.79564,1.39838,0.4576199999999999,1,0.0454545454545455,0,0.0,0.1111,0.3976,0.6747,0.8272,1.80795832,3.507192,4.99637895,6.18844102,-2.7524248875,-5.3556105137,-0.4411802994799998,-1.2539002317900003,20.057143284000105,-32.70013903060002,3.302220547600014,-7.907661786290014
161,ASP,0.253,0.0943677732189481,1.7651,1.44782,0.9801799999999998,1,0.037037037037037,0,0.0,0.1111,0.3239,0.8675,1.0,2.36647994,4.603630959999999,6.59020601,8.22055064,-3.1007643379600003,-6.0399490902,-0.4869633639400001,-1.38520386993,18.77402924699994,-27.386752842699984,2.9868400706999774,-6.543463054669991
162,ARG,0.69,0.2057858634059051,3.13437,1.91265,0.7503500000000003,1,0.0384615384615385,0,0.0,0.0,0.7346,0.9398,0.6914,2.64557853,5.150587800000001,7.38298305,9.22717548,-3.2910653402000003,-6.408870955800002,-0.5199213084100002,-1.47871472242,17.282924127999994,-19.615507926100022,2.742137436000008,-4.694456666259999
163,ARG,0.677,0.2019087384431852,3.30047,2.01778,0.65822,0,0.0,0,0.0,0.0,0.7346,0.9398,0.6914,2.50629454,4.879100630000001,6.99284925,8.737280389999999,-2.8953293401560005,-5.627093825999999,-0.4741471297340002,-1.3463711230080002,20.583171873,-28.63096830972007,3.264990568199975,-6.930660289759984
164,ASP,0.385,0.1436031331592689,1.9528,1.4460799999999998,0.8499200000000005,5,0.161290322580645,0,0.0,0.1111,0.3239,0.8675,1.0,3.06401997,5.96942735,8.566986899999998,10.72558391,-2.802042233399999,-5.4715471429,-0.4201124860699999,-1.19772737728,17.180389625999975,-27.380629445600047,2.589096982300004,-6.172290027480009
165,ASN,0.78,0.3190184049079755,2.06617,1.2496200000000002,0.4153799999999996,10,0.263157894736842,0,0.0,0.1111,0.3976,0.6747,0.8272,2.5050208,4.869234280000001,6.96075612,8.664912679999999,-2.974712607,-5.7986694384,-0.4623764721900001,-1.3164911863100002,20.319300459000093,-32.027238959699986,3.123294761800007,-7.449954966999991
166,GLY,0.644,0.3561946902654867,0.85724,0.84426,0.3197400000000001,3,0.130434782608696,0,0.0,0.4556,0.0,1.0,0.5062,1.5283824,2.95656986,4.19177945,5.1554518400000005,-2.0044698417000006,-3.8890262787,-0.3359643163699999,-0.95215581043,19.965999884000084,-28.62860209420001,3.380665405499998,-7.483863044700006
167,GLY,0.307,0.1698008849557522,0.7626900000000001,1.04632,0.4546800000000002,1,0.0555555555555556,0,0.0,0.4556,0.0,1.0,0.5062,1.38983179,2.6908245,3.82053472,4.70880343,-1.9925142523,-3.8811996793,-0.3146442613399999,-0.8954948328000001,22.41870969799995,-34.80884729579996,3.6495453645000007,-8.39803907290001
168,ASP,1.261,0.4703468854904886,2.43548,0.95441,0.4655900000000001,0,0.0,0,0.0,0.1111,0.3239,0.8675,1.0,0.97348297,1.8882832,2.6898638000000004,3.33164607,-1.6937297623999996,-3.304153638599999,-0.25911489354,-0.7381326933000002,21.095969615999994,-37.31105186760012,3.318662613599969,-8.738331634200014
169,GLY,1.076,0.5951327433628318,1.69435,0.63124,0.1007599999999999,0,0.0,0,0.0,0.4556,0.0,1.0,0.5062,0.9739706600000002,1.89197386,2.70157328,3.35714851,-1.6191957478100003,-3.157295639799999,-0.2523981976599999,-0.7193925856900001,21.72874910400008,-31.7613696274,3.419445006600006,-7.209910912379955
