2,MET,2.115,0.7092555331991952,2.78236,0.70351,0.16349,0,0.0,0,0.0,0.7111,0.6196,0.0,0.0988,0.8353091999999999,1.62543943,2.32799905,2.9059731499999994,-0.5672232194000001,-1.1077921772,-0.08496226928,-0.2422940801,3.850461020999999,-6.168715293000005,0.6028431194999985,-1.360023644099999
3,GLU,1.626,0.596041055718475,3.02808,0.9549,0.1471000000000003,0,0.0,0,0.0,0.1111,0.4884,0.8112,0.9136,0.97423955,1.89421175,2.70938374,3.37638762,-0.41645723317,-0.814184185,-0.0603259847,-0.17200604928,3.971573652000001,-5.999085750500002,0.5877864485999996,-1.2696483517000003
4,SER,0.6,0.275735294117647,1.23687,1.37,0.2059999999999999,0,0.0,0,0.0,0.4111,0.1877,0.8514,0.5309,1.11430626,2.17160337,3.11818209,3.90671165,-0.4715516838999999,-0.923404703,-0.0673095838199999,-0.1925424631999999,4.957500957999994,-8.280815512,0.7204104379999999,-1.7493945820000003
5,ASN,0.607,0.2482617586912065,2.1346000000000003,1.7264900000000003,0.1115099999999995,0,0.0,0,0.0,0.1111,0.3976,0.6747,0.8272,0.69625927,1.3558764799999998,1.9445088,2.43223988,-0.7469704709300001,-1.44926829125,-0.1248916080299999,-0.353854153424,6.911394332000012,-5.593784754099999,1.1057003128,-1.5356586498100009
6,GLN,0.918,0.3193043478260869,2.27524,1.64054,0.3164599999999997,1,0.125,1,0.125,0.1111,0.5388,0.7952,0.6914,1.53163413,2.98185711,4.274383719999999,5.342800080000001,-0.9823063295000002,-1.9122887577,-0.1561630850699999,-0.4440517872499998,5.189151747999993,-4.2108969953000015,0.7885635197000008,-1.0061653246000006
7,SER,1.156,0.5312499999999999,1.4555699999999998,0.8261000000000001,0.1939000000000001,0,0.0,2,0.153846153846154,0.4111,0.1877,0.8514,0.5309,1.81018895,3.524551969999999,5.053130159999999,6.317282139999999,-0.7016361381199999,-1.3594099660700003,-0.1202378978199999,-0.34036292193,4.633299026000002,-3.507587169649998,0.7494943833000014,-0.94367159357
8,ASN,0.207,0.0846625766871165,2.03647,1.5566000000000002,0.6813999999999998,0,0.0,3,0.130434782608696,0.1111,0.3976,0.6747,0.8272,2.22650156,4.32680722,6.182854550000001,7.692259530000002,-0.6753228765,-1.3119928744,-0.1107000091799999,-0.3140704972200001,2.748754369999998,-1.8471598489,0.4411220375999998,-0.5203143392999997
9,ASN,0.549,0.2245398773006135,1.94805,1.4184999999999997,0.4775000000000002,1,0.05,1,0.05,0.1111,0.3976,0.6747,0.8272,2.22754221,4.334882940000001,6.20917454,7.75176618,-0.6897863755000001,-1.3427645412,-0.10918165038,-0.31028673902,1.8075254019999991,-0.2969777149999998,0.2819970481999999,-0.0831960062
10,GLY,0.525,0.2903761061946903,0.87336,0.8832200000000001,0.3997799999999998,1,0.0666666666666667,1,0.0666666666666667,0.4556,0.0,1.0,0.5062,1.67124514,3.2558188500000007,4.67236468,5.849771069999999,-0.7936602703999996,-1.5419673605000002,-0.12938306089,-0.36691861275,2.202939140999999,-0.3344036409999998,0.3194770361000002,-0.1038602532999999
11,GLY,0.994,0.5497787610619469,0.9974,0.6542699999999999,0.1597300000000001,0,0.0,2,0.25,0.4556,0.0,1.0,0.5062,0.97343071,1.88786917,2.68848457,3.32843519,-1.1145764055799996,-2.16347957276,-0.18657438294,-0.5292869564400001,4.983077049000007,-6.3496923471,0.834921967300001,-1.6668919692
12,SER,0.783,0.3598345588235294,1.04152,1.09403,0.2989700000000002,0,0.0,4,0.266666666666667,0.4111,0.1877,0.8514,0.5309,1.11121855,2.14759428,3.03976474,3.72889566,-1.3241425608,-2.5653738250000004,-0.2300320311839999,-0.6520224828800001,5.135407535000001,-7.34814887400001,0.908979029499998,-1.921116415399997
13,GLY,0.737,0.4076327433628318,0.91832,0.8007500000000001,0.2702500000000001,0,0.0,4,0.285714285714286,0.4556,0.0,1.0,0.5062,1.53012804,2.9701110500000003,4.23589854,5.255164779999999,-1.1773623533000002,-2.2828653322,-0.20148007212,-0.5713342924299999,5.218928292999999,-8.69051054,0.876587951899999,-2.2640037303999976
14,ASN,1.086,0.4441717791411043,2.30776,1.1245900000000002,0.2344099999999995,0,0.0,2,0.181818181818182,0.1111,0.3976,0.6747,0.8272,1.67064198,3.2511068100000005,4.656899790000001,5.814475509999999,-1.0632180789,-2.070157818,-0.1681741774699999,-0.4781825689000001,4.956183348999995,-7.612583760999994,0.7283518804999993,-1.7079419550999977
15,ALA,0.842,0.3860614397065566,1.29683,0.8535200000000001,0.4854799999999999,1,0.1,1,0.1,0.7,0.1645,0.249,0.3951,1.5311706,2.97819408,4.26221397,5.31457108,-1.08307541877,-2.1109686831,-0.16942942229,-0.48249680394,3.693071024999999,-4.432093666800002,0.5830523842000003,-1.0392924158999997
16,ALA,0.398,0.1824850985786336,1.48685,0.6597999999999999,1.1232,1,0.25,1,0.25,0.7,0.1645,0.249,0.3951,0.97496336,1.89977174,2.72731587,3.41636082,-1.2017195709999997,-2.3363437654,-0.19455674055,-0.5523329684400001,4.2030819759999964,-4.081228142000002,0.6623302543000005,-1.0762193737999997
17,LEU,1.042,0.3920240782543266,2.4579,1.34836,0.2676399999999999,4,0.4,0,0.0,0.9222,0.663,0.2811,0.0,1.25277773,2.43670292,3.4872186,4.348058119999999,-1.3884674610000003,-2.7118102217,-0.20768213228,-0.59229702013,13.399121762999972,-28.09124732180008,2.082587755099999,-6.327125398519998
18,ASN,0.526,0.2151329243353783,1.82577,1.41847,0.5005299999999999,5,0.263157894736842,0,0.0,0.1111,0.3976,0.6747,0.8272,1.3906317,2.69703339,3.84077992,4.75461021,-1.2384516003,-2.410747681,-0.1963552433499999,-0.5580554034999998,13.357616569000005,-24.74490351000004,2.092620933199998,-5.715059976300005
19,ARG,1.24,0.3698180733671339,3.3763,1.6355400000000002,0.4774600000000002,2,0.08,0,0.0,0.0,0.7346,0.9398,0.6914,1.8089359200000004,3.51474273,5.02086419,6.24342064,-2.1632867586000004,-4.221218934500001,-0.3309786286899999,-0.9435175593,20.755756535000007,-37.86361774500005,3.1771416315999925,-8.470355090300021
20,GLY,0.246,0.1360619469026548,0.87043,0.8332800000000001,0.7287199999999999,1,0.0454545454545455,0,0.0,0.4556,0.0,1.0,0.5062,1.80980979,3.5215947899999995,5.04344208,6.29522409,-1.52866829109,-2.9859178894,-0.229058120205,-0.6535171210499999,21.265225774,-28.65899702934012,3.256187098999974,-6.472515103589987
21,GLY,0.0,0.0,0.8830100000000001,0.99646,0.81154,3,0.142857142857143,0,0.0,0.4556,0.0,1.0,0.5062,1.11047124,2.14175114,3.0205739300000003,3.68506286,-1.30982316615,-2.5278444638,-0.2398207346599999,-0.6773408349000002,13.281823651999945,-25.335859003000014,2.395944720500016,-6.709844035539979
22,ARG,0.821,0.2448553534148523,3.24146,2.1376,0.3944000000000001,3,0.333333333333333,0,0.0,0.0,0.7346,0.9398,0.6914,1.67236194,3.26436828,4.69984007,5.91071683,-1.1740776179,-2.291215318600001,-0.178696429295,-0.50933899576,4.250460871999994,-2.9844546578,0.6021190171000003,-0.6118357287100002
23,TYR,0.939,0.2755281690140845,3.5737400000000004,1.70163,0.7673699999999999,4,0.4,2,0.2,0.3556,0.8063,0.502,0.1605,1.3919466800000002,2.70720374,3.87381483,4.828964020000001,-1.294924805,-2.5285679195999995,-0.1940926263299999,-0.55329956373,13.252325846999955,-18.56608623360001,1.9792914566999893,-4.072606502740006
24,VAL,0.629,0.2583162217659137,1.43582,1.4232200000000002,0.3827799999999999,1,0.142857142857143,3,0.428571428571429,0.9667,0.4924,0.3655,0.1235,1.11334888,2.16424144,3.09441645,3.85367358,-0.9979858807,-1.9406210592,-0.1603337113599999,-0.4550384246,11.51336294699996,-17.403676631799996,1.7713662738999978,-4.214170695499994
25,PRO,0.724,0.3246636771300448,1.78007,1.22514,0.2808600000000001,1,0.166666666666667,2,0.333333333333333,0.3222,0.3764,0.8594,0.3827,0.97357754,1.88902181,2.69228773,3.33717781,-0.69751563165,-1.3527913055700005,-0.11821209416,-0.33507506539,8.288049426999994,-12.074407949199978,1.3046578807000022,-2.967089550920002
26,PRO,1.194,0.5354260089686098,1.85076,0.9816,0.0544,1,0.166666666666667,1,0.166666666666667,0.3222,0.3764,0.8594,0.3827,1.11319881,2.16306302,3.09052722,3.84473048,-0.6861094872,-1.3357184847,-0.10831750887,-0.3078106642,6.288150427999996,-9.244540454,0.966897859000002,-2.1031931836000024
27,HIS,0.631,0.2282097649186256,2.80397,1.6303999999999998,0.5036000000000005,0,0.0,1,0.0909090909090909,0.1444,0.561,0.1124,0.679,1.2516538300000002,2.42798685,3.4588219600000003,4.28387697,-0.5707979543000001,-1.1085280563000002,-0.0943283735999999,-0.2676117072,4.909756764999993,-9.750922636700002,0.7759243805999986,-2.3283765114999992
28,LEU,1.646,0.6192626034612491,2.53832,0.8800299999999999,0.1319700000000001,0,0.0,1,0.125,0.9222,0.663,0.2811,0.0,1.1131642000000002,2.16279232,3.089637450000001,3.84269576,-0.3653459757,-0.702696633,-0.0698305658499999,-0.1966340546999999,3.807542565999997,-3.933101218,0.6212462292000005,-1.1280992950000024
29,ARG,1.028,0.3065911124366239,3.58397,1.7562,0.5688000000000002,0,0.0,2,0.25,0.0,0.7346,0.9398,0.6914,1.39184388,2.70649736,3.87182182,4.82539913,-0.2868681850999999,-0.5608637795999999,-0.042025837707,-0.1199735616,5.863530380000007,-5.215687154120005,0.8357445706000004,-1.0527728248
30,GLY,0.983,0.5436946902654867,1.00371,0.6700400000000001,0.15496,0,0.0,1,0.166666666666667,0.4556,0.0,1.0,0.5062,0.97394638,1.89191638,2.70183381,3.35910642,-0.5430640324999999,-1.0562692077000002,-0.0864145385599999,-0.24518598797,5.776907028999978,-10.95634175160001,0.8814136884999997,-2.43647660728
31,GLY,0.57,0.3152654867256637,0.90993,0.8593899999999999,0.3786100000000001,0,0.0,1,0.166666666666667,0.4556,0.0,1.0,0.5062,0.8339490199999999,1.61492967,2.29389965,2.82934278,-0.9291492410000002,-1.808765603,-0.1474793003999999,-0.4192838051000001,7.080141323999971,-18.42551313600004,1.0344104535999992,-3.851497200799997
32,ASP,1.424,0.5311450951137635,2.58327,0.74991,0.5070900000000002,0,0.0,0,0.0,0.1111,0.3239,0.8675,1.0,0.83408312,1.6159659199999998,2.2972607,2.83689004,-0.9573930687,-1.8603650863,-0.15699416332,-0.4456442499300001,7.569375865000015,-17.303962894000023,1.2959925835000012,-4.471771893499988
33,GLY,0.401,0.2217920353982301,0.84299,1.04048,0.3665199999999999,0,0.0,0,0.0,0.4556,0.0,1.0,0.5062,1.3923965900000002,2.7108166,3.88600319,4.85778396,-0.95881209267,-1.8697735940299995,-0.146628960619,-0.4172971753739999,13.784019391000063,-22.539868512929942,2.1978278362999992,-5.739069454514002
34,GLY,0.791,0.4375,0.95415,0.7493099999999999,0.26769,2,0.2,2,0.2,0.4556,0.0,1.0,0.5062,1.25266665,2.4359085899999995,3.48485505,4.3433951,-1.4323868115999998,-2.787583285,-0.22804357305,-0.6479764954,13.824684201999982,-24.93434739050009,2.203222593999994,-5.921518227299991
35,ALA,0.853,0.3911049977074736,1.27648,0.92609,0.4019100000000001,2,0.153846153846154,2,0.153846153846154,0.7,0.1645,0.249,0.3951,1.5318320499999998,2.98341051,4.27950923,5.35458504,-1.4528011178300002,-2.821694040430001,-0.239467112417,-0.6793230283700001,15.315430384999884,-17.703647306319937,2.433296590099987,-4.595244009999983
36,ALA,0.186,0.0852819807427785,0.98123,1.28542,0.7095800000000001,0,0.0,1,0.0625,0.7,0.1645,0.249,0.3951,2.22812484,4.339430859999999,6.22408766,7.785761309999999,-2.94660343025,-5.752244254949999,-0.445590802467,-1.2703588109599997,16.39718707500002,-23.34354540754996,2.451808799899996,-5.190741396079993
37,ALA,0.674,0.3090325538743695,1.19456,1.05925,0.4477500000000001,0,0.0,0,0.0,0.7,0.1645,0.249,0.3951,2.08880222,4.067759560000001,5.83375907,7.296674520000001,-3.0215534198870007,-5.877754549731,-0.4854010589887,-1.3790118008524004,15.861852229999991,-19.457994581559955,2.566962189100014,-4.797767238945991
38,ALA,0.324,0.1485557083906465,1.18362,1.2148799999999995,0.6421200000000005,0,0.0,0,0.0,0.7,0.1645,0.249,0.3951,2.3670485400000008,4.6080716100000005,6.60477555,8.253788259999999,-3.5271746694900004,-6.876750727500003,-0.5457332547700001,-1.553878102040001,19.65000848400003,-24.89796120029998,3.027016567599982,-5.756671262129983
39,ALA,0.789,0.3617606602475928,1.27256,0.93679,0.4552099999999999,0,0.0,0,0.0,0.7,0.1645,0.249,0.3951,1.39116889,2.70119931,3.85434591,4.7852448,-2.3361331289000007,-4.5372819805,-0.38672951415,-1.09749849016,17.941165421999994,-21.70060738420002,2.924650569300009,-5.386730217949993
40,SER,0.941,0.4324448529411764,1.46873,0.98131,0.2536900000000003,1,0.0714285714285714,0,0.0,0.4111,0.1877,0.8514,0.5309,1.39050253,2.6960680800000003,3.83776172,4.74817975,-2.010729316500001,-3.8985149127,-0.341711733875,-0.96819240298,19.58164165500004,-26.582211295400093,3.2546412480000018,-6.848536562259986
41,ALA,0.666,0.3053645116918844,1.1216,0.9345,0.5805000000000001,2,0.222222222222222,0,0.0,0.7,0.1645,0.249,0.3951,1.39178929,2.70605031,3.87028245,4.82166513,-1.1741813369999998,-2.27861682915,-0.198247638764,-0.5625453559900002,18.406391754000083,-30.036268819449983,3.0589731172999897,-7.634018019630013
42,GLY,0.503,0.2782079646017699,0.80652,0.85077,0.4542300000000001,2,0.166666666666667,0,0.0,0.4556,0.0,1.0,0.5062,1.25243038,2.43406242,3.47879496,4.3295613,-1.301264589,-2.545404852,-0.18838325066,-0.5379493668,16.520358459999958,-33.09637709899994,2.42157748910002,-7.191034160199979
43,GLY,0.851,0.4706858407079646,0.91762,0.69201,0.26499,2,0.25,0,0.0,0.4556,0.0,1.0,0.5062,0.69441656,1.34156504,1.89781864,2.32652536,-0.6078646990000002,-1.1747836491,-0.10845229584,-0.3064491506999999,10.503270098000032,-20.5730567925,1.8602102711,-5.417769016900004
44,ASP,1.099,0.4099216710182767,2.09393,1.06273,0.5192700000000001,1,0.142857142857143,0,0.0,0.1111,0.3239,0.8675,1.0,0.8336020900000001,1.6122255399999998,2.28504599,2.80920189,-0.6273813552000002,-1.221503471,-0.09876987253,-0.28068763353,11.233246389000051,-17.48991933450002,1.7800783836999987,-4.07724703110001
45,ASP,0.818,0.3051100335695635,2.21628,1.14674,0.7162599999999999,1,0.1,0,0.0,0.1111,0.3239,0.8675,1.0,1.2523700400000002,2.43358937,3.47723599,4.32598375,-0.769414872,-1.5063372410000002,-0.1097996886,-0.3139025546,16.369669740999967,-17.09033581699998,2.3487444295000053,-3.558392254800001
46,ARG,2.068,0.6167611094542201,3.82035,0.99354,0.2914600000000001,0,0.0,0,0.0,0.0,0.7346,0.9398,0.6914,0.97336008,1.88733251,2.68677539,3.32469524,-0.5317729001,-1.0215593756,-0.10330021788,-0.2906384098,13.2222778500001,-13.65355324049998,2.202183303199999,-3.940820702100012
47,ARG,1.741,0.519236504622726,3.759700000000001,1.30036,0.3116400000000001,2,0.4,0,0.0,0.0,0.7346,0.9398,0.6914,1.25264823,2.43577159,3.48442934,4.34249814,-1.3731762881800005,-2.676390622099999,-0.212837423645,-0.6056128874600001,12.978191384999915,-19.70172069690008,1.9181176201999983,-4.341255064959997
48,GLY,0.581,0.3213495575221238,0.95606,0.8319799999999999,0.3950200000000001,3,0.375,0,0.0,0.4556,0.0,1.0,0.5062,1.25211324,2.43157985,3.4706295,4.31087098,-1.3290013183000005,-2.5815581116,-0.21920347765,-0.6220537248999999,12.757090449999948,-17.853093308200027,2.092679843599999,-4.548270563199994
49,GLY,0.424,0.2345132743362831,0.7585500000000001,0.95654,0.4274600000000002,2,0.222222222222222,0,0.0,0.4556,0.0,1.0,0.5062,1.53142398,2.98020219,4.26890586,5.330156650000001,-1.08573169582,-2.11480915076,-0.169921124962,-0.48313775851,15.373200392000037,-10.662840847380018,2.301339061899994,-2.340438284885995
50,ALA,1.286,0.5896377808344796,1.33819,0.75649,0.13851,1,0.166666666666667,1,0.166666666666667,0.7,0.1645,0.249,0.3951,1.3924095,2.71090324,3.88623688,4.85815914,-1.4568584273,-2.8334627308,-0.2351313433500001,-0.6679408414299997,16.499976552000067,-23.13232354229996,2.584158797399992,-5.658116534419998
51,GLY,0.559,0.3091814159292035,0.94957,0.88941,0.3595900000000001,2,0.142857142857143,2,0.142857142857143,0.4556,0.0,1.0,0.5062,1.39108866,2.70057846,3.85232819,4.780700909999999,-1.6906226125999997,-3.2795096102999994,-0.2848285584839999,-0.8072704983099999,14.870857361000004,-23.55907206979997,2.495165810799986,-6.038467338290007
52,GLY,0.464,0.2566371681415929,0.8808199999999999,0.93278,0.41122,1,0.0769230769230769,0,0.0,0.4556,0.0,1.0,0.5062,1.8100898,3.5237762,5.05058007,6.31144947,-1.11433969494,-2.1665792263999992,-0.18090847232,-0.5137845572200002,16.236584972000003,-14.070391150899972,2.457735973500004,-3.267258438439995
53,GLY,0.214,0.118362831858407,0.76027,1.1334399999999998,0.4605600000000003,3,0.136363636363636,0,0.0,0.4556,0.0,1.0,0.5062,1.80930317,3.51766581,5.03064812,6.2663358,-1.3190516311,-2.55273690908,-0.2305752370399999,-0.6522622078400002,18.05451347300012,-16.402666336219987,2.9682878461000226,-4.378856500503995
54,GLY,0.434,0.2400442477876106,0.85642,1.05276,0.3212400000000002,3,0.157894736842105,0,0.0,0.4556,0.0,1.0,0.5062,2.36907033,4.623841619999999,6.656448770000001,8.371463219999999,-3.0792917532,-6.0279278427000005,-0.4392890860500001,-1.2554393858,14.834955216999925,-20.6997655214,2.121962354399989,-4.374051594219999
55,TYR,1.141,0.334800469483568,3.5437,1.71766,0.5493399999999999,5,0.384615384615385,1,0.0769230769230769,0.3556,0.8063,0.502,0.1605,1.67185569,3.26059602,4.688071709999999,5.885706839999999,-2.598477324340001,-5.0826768071,-0.375972707502,-1.07342316969,17.76692833400005,-23.14414525709997,2.689150006700026,-5.105624845971999
56,ARG,0.861,0.2567849686847599,3.3710000000000004,1.66101,0.8309899999999999,1,0.0909090909090909,1,0.0909090909090909,0.0,0.7346,0.9398,0.6914,1.39327176,2.71754437,3.90771444,4.906214540000001,-2.065198898907,-4.028355417664001,-0.317152460424,-0.9035445547189996,19.42050944899995,-24.74083059766601,2.9368262131,-5.620586969535999
57,ARG,0.973,0.290187891440501,3.30087,1.79316,0.5868400000000003,0,0.0,0,0.0,0.0,0.7346,0.9398,0.6914,1.25332651,2.44098828,3.50127506,4.38011094,-1.6198400692999997,-3.1575314060000004,-0.2517549848199999,-0.7167752163000003,1.4532848300000003,-1.937660537,0.2306339126,-0.4824089211000001
58,GLY,0.094,0.0519911504424778,0.97919,0.96865,0.74535,0,0.0,0,0.0,0.4556,0.0,1.0,0.5062,1.5312866500000002,2.97914155,4.26546955,5.32245294,-1.78229218,-3.472565168499999,-0.2788388772099999,-0.7934170772999998,0.8226669580000006,-1.5321854030000004,0.1480367628,-0.4381927265999999
59,GLY,0.459,0.2538716814159292,0.96268,0.86766,0.48134,2,0.153846153846154,0,0.0,0.4556,0.0,1.0,0.5062,1.6714408700000003,3.25734655,4.67737582,5.86119924,-1.4342368353999997,-2.796970706000001,-0.21836205002,-0.6212395962999999,2.6678365259999968,-0.6788219364999993,0.4467313465999999,-0.2641894941
60,GLY,0.247,0.1366150442477876,0.87316,1.00181,0.5591899999999999,2,0.1,0,0.0,0.4556,0.0,1.0,0.5062,1.94869359,3.7898224,5.42241576,6.7582358,-1.2457121353999998,-2.4268031859,-0.19654557716,-0.55947191996,2.2007301849999994,-1.7640053211999998,0.3423229008999999,-0.40594059536
61,ASN,0.341,0.1394683026584867,1.92461,1.6464299999999998,0.4575699999999998,0,0.0,0,0.0,0.1111,0.3976,0.6747,0.8272,1.9493320000000005,3.79488109,5.439272410000001,6.797491899999999,-1.5106073103299995,-2.9434883855999985,-0.236031775534,-0.6716948369999999,0.4713669279999999,-0.1657648289,0.0756147102999999,-0.0384868382999999
62,SER,1.104,0.5073529411764706,1.65193,0.91617,0.15583,0,0.0,0,0.0,0.4111,0.1877,0.8514,0.5309,1.11343675,2.16493151,3.09669313,3.85890669,-1.4450481228999998,-2.7944993773,-0.25534112302,-0.7218277539999998,1.022301548,-0.8334149734000004,0.1533335726,-0.2059723066
63,GLY,0.587,0.3246681415929203,0.99242,0.92924,0.2917600000000001,1,0.0909090909090909,2,0.181818181818182,0.4556,0.0,1.0,0.5062,1.5305537000000002,2.97338727,4.24648432,5.278816159999999,-1.2471642512,-2.4209240641000007,-0.20833122938,-0.5909496591,3.217403101999998,-4.657660742500004,0.5350519173000003,-1.2185150641000009
64,GLY,0.391,0.2162610619469026,0.85208,0.88801,0.5289900000000001,2,0.111111111111111,7,0.388888888888889,0.4556,0.0,1.0,0.5062,1.52872413,2.95925815,4.20066351,5.17591108,-0.5757176008999999,-1.1218900613,-0.0896271213,-0.2550030783699999,2.8256199260000043,-4.4331996512000025,0.4701841376999999,-1.0507088867000014
65,GLY,0.545,0.3014380530973451,0.91742,0.79863,0.4643699999999999,2,0.105263157894737,7,0.368421052631579,0.4556,0.0,1.0,0.5062,1.24989276,2.41430538,3.4141791700000006,4.182782,-0.5498718595000001,-1.069277465,-0.088575906,-0.2514774166,3.217270865,-7.6811098230000034,0.5360515913,-1.9477958956
66,GLY,0.591,0.3268805309734513,0.82192,0.85075,0.3662500000000001,1,0.0769230769230769,4,0.307692307692308,0.4556,0.0,1.0,0.5062,0.97202688,1.87690238,2.65249057,3.24628476,-0.507314316,-0.983999649,-0.0864055183,-0.2450951015999999,4.351533961999996,-9.353944684999998,0.7654559273000016,-2.3728181231999987
67,GLY,0.66,0.3650442477876106,0.8852800000000001,0.78458,0.3634200000000001,2,0.2,2,0.2,0.4556,0.0,1.0,0.5062,0.97268787,1.88209313,2.6696228600000005,3.2856818,-0.5181367072999999,-1.0120871995999998,-0.0773866479399999,-0.22075082732,4.362985398000002,-9.3728868272,0.6682877560000006,-2.110095424840002
68,GLY,0.999,0.5525442477876106,1.00386,0.6209500000000001,0.1880499999999999,1,0.142857142857143,2,0.285714285714286,0.4556,0.0,1.0,0.5062,0.8338343699999999,1.6140149599999998,2.29082958,2.82212665,-0.4426406831,-0.8588921534999998,-0.0741439678399999,-0.2101613351,4.159963588000004,-6.063628289000006,0.6885920740000008,-1.5448026046000014
69,GLY,0.326,0.1803097345132743,0.7081999999999999,0.8683200000000001,0.6136799999999999,4,0.222222222222222,5,0.277777777777778,0.4556,0.0,1.0,0.5062,1.11062855,2.14299605,3.0247094300000006,3.6946456,-0.4402582402000001,-0.8553445973,-0.0730238701,-0.2074280349,2.8244541890000003,-5.433691063000003,0.4836134705999997,-1.3259298763000007
70,TYR,1.532,0.4495305164319249,3.83859,1.37865,0.4973499999999999,4,0.166666666666667,9,0.375,0.3556,0.8063,0.502,0.1605,1.24879899,2.40580061,3.3863998200000003,4.11978206,-0.528638698,-1.023235067,-0.0930207595,-0.2634215083,3.2117883640000016,-7.298847367000001,0.5872310831999997,-1.9478437763
71,ASP,1.086,0.4050727340544573,2.30635,0.99328,0.6017199999999999,2,0.142857142857143,5,0.357142857142857,0.1111,0.3239,0.8675,1.0,1.25046154,2.41875987,3.42883209,4.216317619999999,-0.5780548988,-1.113317638,-0.10863442449,-0.3062561042,3.5219285569999976,-4.329803089999999,0.6657976795000006,-1.2506021919000012
72,ARG,1.235,0.3683268714583955,3.63179,1.72759,0.3904100000000003,0,0.0,2,0.285714285714286,0.0,0.7346,0.9398,0.6914,1.2523375500000002,2.43332345,3.4763195599999994,4.323756369999999,-0.8508848801,-1.6519906741,-0.14140001973,-0.4010502659000001,5.068654128000002,-3.7790693980000034,0.7944516104999998,-0.8245800225999991
73,GLY,0.759,0.4198008849557522,0.93254,0.8622799999999999,0.18672,0,0.0,1,0.125,0.4556,0.0,1.0,0.5062,1.11332275,2.164034,3.0937239400000003,3.85205631,-1.27968292759,-2.492459286110001,-0.201111785517,-0.57194932054,5.265893504999997,-4.96243659940001,0.8100759958999987,-1.1563303729999996
74,TYR,1.137,0.3336267605633803,3.75326,1.7010600000000002,0.5699399999999997,3,0.272727272727273,2,0.181818181818182,0.3556,0.8063,0.502,0.1605,1.11303443,2.16178722,3.0863702600000007,3.83533696,-1.3492020037999997,-2.6342733915,-0.2035596164399999,-0.5804898243000001,3.065887573999999,-5.497209103999998,0.4693759910000005,-1.2327889812999997
75,ASN,0.72,0.294478527607362,2.12406,1.48406,0.2409399999999999,0,0.0,0,0.0,0.1111,0.3976,0.6747,0.8272,0.69576891,1.35202807,1.93181652,2.40308336,-0.9426323437,-1.8369051528,-0.14777114852,-0.4206973641000001,3.5308091800000034,-4.0577801576000025,0.5971720412999991,-0.9739816162199992
76,ASP,0.772,0.2879522566206639,2.00851,1.27018,0.6388199999999999,0,0.0,0,0.0,0.1111,0.3239,0.8675,1.0,0.55625632,1.07886192,1.53653858,1.90256482,-0.3328804415999999,-0.6491107714,-0.05088516626,-0.1447837226,7.9353240379999646,-11.4061196494,1.2422270982000012,-2.536998466099996
77,ASN,1.017,0.4159509202453987,2.34906,1.04758,0.38042,0,0.0,0,0.0,0.1111,0.3976,0.6747,0.8272,0.97383,1.89100132,2.69880904,3.35213728,-0.3617482413000001,-0.7060964615,-0.05481648532,-0.1562541375,13.059820472999975,-13.523405733500024,1.904200900500007,-2.9024639523999967
78,ARG,1.115,0.3325380256486728,3.23149,1.77769,0.4603100000000004,0,0.0,0,0.0,0.0,0.7346,0.9398,0.6914,0.6946804000000001,1.34366498,1.90484751,2.34298884,-0.548211388,-1.059228114,-0.0966244472999999,-0.2725420356,9.728023506000037,-11.911809901000003,1.6190077570000037,-3.360596240599996
79,ASP,0.611,0.2279000372995151,2.28548,1.45918,0.6108200000000004,0,0.0,1,0.333333333333333,0.1111,0.3239,0.8675,1.0,1.11489976,2.17626808,3.13358994,3.9421791,-0.8467400048199998,-1.6566081447500005,-0.122265510732,-0.3492372071299999,15.545420991999965,-16.735308672850024,2.2061234407000088,-3.5384812992499963
80,ASP,0.338,0.1260723610593062,1.87852,1.38665,0.95635,0,0.0,0,0.0,0.1111,0.3239,0.8675,1.0,0.55630368,1.07921242,1.53762156,1.90482868,-0.6431538450000001,-1.2490263877,-0.1066499343,-0.30263199454,2.436472584000001,-0.6125422105,0.3809420189999994,-0.1511262444499999
81,ARG,1.622,0.483745899194751,3.49932,1.45433,0.2766700000000002,0,0.0,0,0.0,0.0,0.7346,0.9398,0.6914,0.5553652299999999,1.07199115,1.5142920700000002,1.85270877,-0.225708794,-0.4326035959999999,-0.0448723402,-0.125966157,1.5591065599999991,-4.71685654,0.3409006800000002,-1.5156648800000012
82,ASP,0.745,0.2778813875419619,2.22043,1.10952,0.8264799999999999,0,0.0,0,0.0,0.1111,0.3239,0.8675,1.0,0.69429321,1.3406108,1.89471975,2.31955306,-0.124280314,-0.2427436359999999,-0.0187868895,-0.053632809,1.57289864,-4.893988719999999,0.2377679399999999,-1.0812986099999995
83,ASN,1.449,0.592638036809816,2.44483,0.7500200000000001,0.2459799999999996,0,0.0,0,0.0,0.1111,0.3976,0.6747,0.8272,0.5549023799999999,1.06836007,1.50232114,1.82522203,-0.123527315,-0.238095526,-0.022919053,-0.064633524,0.7045361460000001,-2.14285995,0.1317200157,-0.5817017790000002
84,ARG,2.252,0.6716373396957948,3.86175,0.97677,0.1242300000000004,0,0.0,0,0.0,0.0,0.7346,0.9398,0.6914,0.55501177,1.06923667,1.50527603,1.83220607,-0.129977155,-0.2535612,-0.019898961,-0.0566976,0.7074954899999999,-2.28205098,0.1084350257999999,-0.5102783999999999
85,GLY,0.897,0.4961283185840708,0.31667,0.90902,0.0019799999999999,0,0.0,0,0.0,0.4556,0.0,1.0,0.5062,0.4169789,0.8074918099999999,1.1470126,1.41473484,-0.1573066619999999,-0.3062514349999999,-0.0248590454,-0.070652554,0.510875204,-1.1835164239999996,0.0787013885,-0.256437917
86,GLY,0.767,0.4242256637168141,1.03365,0.63373,0.4072699999999999,1,0.25,0,0.0,0.4556,0.0,1.0,0.5062,0.69582846,1.35250753,1.93344096,2.40694718,-0.8764599032000001,-1.7098190305,-0.13463503755,-0.3837054177,12.540721084999952,-20.121392199000105,1.9050514175,-4.656384788599993
87,SER,0.233,0.1070772058823529,1.21528,1.38019,0.56281,2,0.4,0,0.0,0.4111,0.1877,0.8514,0.5309,0.6947251,1.34398569,1.90579943,2.34485018,-0.784818978,-1.5238697779999997,-0.12953664,-0.3672470021,14.327299518999984,-21.60917300500006,2.33976266820002,-5.366484874999993
88,GLY,0.33,0.1825221238938053,0.73756,0.93485,0.54315,3,0.214285714285714,0,0.0,0.4556,0.0,1.0,0.5062,1.39132815,2.7024719000000004,3.858622290000001,4.79531171,-1.7154744842000005,-3.3482803200000006,-0.25970750018,-0.7401554043999999,14.89843760100008,-30.43669829219992,2.261800822200009,-7.013550317599977
89,GLY,0.634,0.3506637168141593,0.90904,0.75681,0.4171899999999999,1,0.0714285714285714,0,0.0,0.4556,0.0,1.0,0.5062,1.53063973,2.97409348,4.24892041,5.284739529999999,-1.6745732925000003,-3.2632732058000005,-0.2611219381499999,-0.7431387871,14.035069317999929,-21.613815776200006,2.122417511499996,-5.05616448579999
90,TYR,1.685,0.494424882629108,3.9622,1.44425,0.2787499999999998,3,0.230769230769231,2,0.153846153846154,0.3556,0.8063,0.502,0.1605,1.39100752,2.69992139,3.85009225,4.77535437,-1.2968918364999995,-2.5234055226,-0.2085286599299999,-0.59281042201,17.77399668300013,-28.08608085220001,2.989042133399991,-6.909446430369992
91,GLY,0.763,0.4220132743362831,0.91589,0.84955,0.1954499999999999,0,0.0,3,0.428571428571429,0.4556,0.0,1.0,0.5062,1.6719801600000002,3.26160613,4.691520049999999,5.893988079999998,-1.4168512258000003,-2.7716621210000008,-0.20296426172,-0.5791480984000001,21.276654785000105,-26.880430257499995,3.11321377199998,-5.972760699899986
92,ARG,1.843,0.5496570235609901,3.68637,1.19619,0.3138100000000001,0,0.0,1,0.166666666666667,0.0,0.7346,0.9398,0.6914,1.11248819,2.15752511,3.0723999,3.80350807,-1.1644246616,-2.2637129742,-0.1889695946699999,-0.53652762636,14.056251000999955,-14.866181400900032,2.263444367999991,-3.573080479249996
93,ASP,1.326,0.494591570309586,2.48841,0.7955200000000001,0.5594799999999999,0,0.0,2,0.285714285714286,0.1111,0.3239,0.8675,1.0,0.97291799,1.88387869,2.67544135,3.29883297,-0.9347837082,-1.8150324726,-0.15631743475,-0.44374771936,14.089206434000086,-16.692843730499945,2.331101232000006,-4.235798197489995
94,ARG,2.223,0.6629883686251118,3.62442,1.0378599999999998,0.0921400000000005,0,0.0,1,0.142857142857143,0.0,0.7346,0.9398,0.6914,1.11277929,2.1597788,3.0797247000000003,3.82000298,-1.0007871705999998,-1.9482381600000005,-0.15857660709,-0.4507389451999999,14.655334920000104,-18.7986413,2.289024557500002,-4.447975575800007
95,ASN,0.661,0.2703476482617587,1.92994,1.40209,0.3819099999999997,0,0.0,3,0.272727272727273,0.1111,0.3976,0.6747,0.8272,1.39126886,2.70200475,3.857075550000001,4.791740079999999,-1.64172031165,-3.2094847971000005,-0.239740365736,-0.68404362744,13.124052635999943,-19.109960077500048,2.030212282199999,-4.383786019659999
96,TYR,0.972,0.2852112676056338,3.40971,1.92702,0.50898,4,0.333333333333333,3,0.25,0.3556,0.8063,0.502,0.1605,1.67024837,3.24802422,4.64675871,5.791259669999999,-1.9522325174,-3.8079101231,-0.29869140719,-0.8506079570999999,13.837061239000024,-16.214743875300027,2.0914398808999963,-3.881518388180001
97,GLU,1.038,0.3804985337243401,2.56127,1.33466,0.3553400000000002,1,0.125,1,0.125,0.1111,0.4884,0.8112,0.9136,1.81101096,3.5309950500000005,5.074351889999999,6.36594737,-2.3214959238300006,-4.514016054499998,-0.3751233824600002,-1.0651025726699996,17.92068379300008,-19.585186451999988,2.7474622705000127,-4.726389397859993
98,ASP,0.575,0.2144722118612458,2.14839,1.25222,0.8537799999999998,3,0.136363636363636,0,0.0,0.1111,0.3239,0.8675,1.0,2.50647792,4.8806274400000005,6.998187420000001,8.750464500000001,-2.7821626980999987,-5.400978876400001,-0.4631281941599998,-1.3135117497999995,21.45026677700013,-21.649627283500003,3.370187450999979,-5.346256296199981
99,ARG,1.362,0.4062033999403519,3.41815,1.6309399999999996,0.3600600000000005,3,0.15,1,0.05,0.0,0.7346,0.9398,0.6914,2.64716502,5.16296058,7.423525850000001,9.31951494,-2.76497223977,-5.385375678499997,-0.43414738091,-1.2346364101399996,21.65303331400007,-29.97306087240004,3.342486510600028,-7.133830706400003
100,GLY,0.239,0.1321902654867256,0.7224299999999999,1.0129899999999998,0.5560100000000001,4,0.121212121212121,1,0.0303030303030303,0.4556,0.0,1.0,0.5062,2.78424771,5.417274850000001,7.75737484,9.68118049,-2.9041124161599985,-5.657723863550004,-0.4542278365159997,-1.2920882569099998,24.89528693200016,-35.90409438712003,4.014893164800013,-8.78387373069501
101,TYR,0.761,0.2232981220657277,3.29623,2.01662,0.6303799999999997,2,0.133333333333333,0,0.0,0.3556,0.8063,0.502,0.1605,1.9490206800000005,3.79239349,5.430909939999999,6.777792399999998,-2.15738617682,-4.202574402940001,-0.3399831406209999,-0.9675132798800002,21.141263144000074,-35.17004565388008,3.286957378999974,-7.954799774520002
102,ASN,1.711,0.699795501022495,2.61783,0.6930000000000001,0.0409999999999997,2,0.2,0,0.0,0.1111,0.3976,0.6747,0.8272,1.5315026800000002,2.98081334,4.270898669999999,5.33466514,-2.369352815233001,-4.618428597826,-0.367399862184,-1.045690934203,21.47687105100012,-29.281769416582023,3.1437899188999743,-6.431418598288982
103,GLY,0.748,0.413716814159292,0.91392,0.74879,0.3112100000000001,1,0.111111111111111,1,0.111111111111111,0.4556,0.0,1.0,0.5062,1.53238275,2.98773219,4.2937619300000005,5.387325299999999,-2.5522700652000005,-4.994820515899998,-0.36441143292,-1.04071653252,17.357007829999954,-22.37831467330001,2.4294685632999835,-4.554772765900001
104,GLY,0.783,0.433075221238938,0.92778,0.72617,0.2988299999999999,1,0.142857142857143,0,0.0,0.4556,0.0,1.0,0.5062,1.11312152,2.16248433,3.08871741,3.84087713,-1.6496761218,-3.2060002978,-0.26755616344,-0.7589763624699998,14.53282035200006,-21.99381184899999,2.289961508500006,-5.194552508299994
105,GLY,0.26,0.1438053097345132,0.7672,1.03796,0.51004,1,0.0769230769230769,3,0.230769230769231,0.4556,0.0,1.0,0.5062,1.6708720300000004,3.25287769,4.66262046,5.827250659999999,-1.5474813386,-3.0272527533,-0.22429287961,-0.6406872454800001,16.441333020000013,-29.62858918120006,2.4204182375000025,-6.4405904144
106,GLY,0.704,0.3893805309734512,0.87312,0.77105,0.3329500000000001,0,0.0,3,0.375,0.4556,0.0,1.0,0.5062,1.11293114,2.16099386,3.08381451,3.829652620000001,-0.7235663232,-1.4039526474999997,-0.11994576905,-0.3396339524,11.82334628399993,-17.597385732000003,1.851253936200003,-4.478568758200015
107,GLY,0.726,0.4015486725663716,0.8405400000000001,0.77145,0.3105500000000001,0,0.0,2,0.333333333333333,0.4556,0.0,1.0,0.5062,0.97381071,1.89085623,2.6983536,3.35116135,-0.802646444,-1.5683184769999998,-0.11856578114,-0.3381584699,11.717954335999991,-22.648721929000004,1.7393443967999986,-5.169305557499997
108,GLY,0.841,0.4651548672566371,0.93015,0.71729,0.2497100000000001,0,0.0,2,0.333333333333333,0.4556,0.0,1.0,0.5062,0.83380321,1.61378334,2.29011218,2.82062134,-0.8641079179999999,-1.686635633,-0.1307027811999999,-0.3724963695,10.80475102100007,-24.924286185999986,1.6871880683999985,-5.629852697999998
109,GLY,0.714,0.3949115044247787,0.8518300000000001,0.8289300000000001,0.26507,0,0.0,3,0.333333333333333,0.4556,0.0,1.0,0.5062,0.97330167,1.88685793,2.68515466,3.3208019,-0.65411879495,-1.2748044080000005,-0.10226207039,-0.2911506336,12.816268753999918,-19.27963324799996,1.944125468399999,-4.448537682899999
110,ASN,1.449,0.592638036809816,2.45041,0.81488,0.1811199999999997,0,0.0,1,0.2,0.1111,0.3976,0.6747,0.8272,1.11324561,2.16344749,3.09185607,3.84797007,-0.7237627117000001,-1.404506935,-0.1200860657799999,-0.3401545882,14.772911002999988,-20.59130968740004,2.2892921299999927,-5.1529961863000056
111,ARG,0.96,0.2863107664777811,3.10073,1.88697,0.5060300000000002,1,0.0909090909090909,2,0.181818181818182,0.0,0.7346,0.9398,0.6914,1.67112816,3.2549083200000006,4.669388820000001,5.843019599999999,-1.3612160846999994,-2.6622403186999994,-0.19917919549,-0.56903595563,19.829246223999984,-26.893019349399907,2.8780930167000305,-5.8498986462000016
112,GLY,0.865,0.478429203539823,0.98921,0.72777,0.21523,1,0.166666666666667,1,0.166666666666667,0.4556,0.0,1.0,0.5062,1.11314835,2.16268621,3.08935294,3.84224353,-1.7408656388999997,-3.3804500487,-0.2868462565,-0.8132544021,17.412639236000032,-27.53807757239992,2.6426260791000016,-6.527476039730019
113,TYR,0.828,0.2429577464788732,3.3311900000000003,1.84089,0.7391100000000002,4,0.307692307692308,1,0.0769230769230769,0.3556,0.8063,0.502,0.1605,1.5304575699999998,2.97263957,4.244040190000001,5.273267880000001,-2.4548439434,-4.781100616800001,-0.38868808452,-1.1060891900599998,22.402289069000084,-35.89090433760012,3.462030716300026,-8.089675982080017
114,ASN,1.339,0.5476482617586912,2.40306,0.8597899999999999,0.2462099999999999,0,0.0,0,0.0,0.1111,0.3976,0.6747,0.8272,1.6713424100000005,3.2565657,4.674771280000001,5.85512612,-3.0497053482000007,-5.962021401300002,-0.4468560574600002,-1.27527785232,25.060499681000152,-39.39260976099983,3.6287255476000384,-8.423157798500009
115,ASN,0.587,0.240081799591002,1.94169,1.3794799999999998,0.47852,1,0.0625,0,0.0,0.1111,0.3976,0.6747,0.8272,1.80940829,3.51844381,5.03305013,6.27135387,-3.06121431211,-5.959757604019999,-0.4878980859699999,-1.3878860122060002,23.54491283099988,-34.88415624695995,3.623805160600017,-8.073211301861999
116,ASN,1.288,0.5267893660531697,2.37939,0.92031,0.2366899999999998,0,0.0,0,0.0,0.1111,0.3976,0.6747,0.8272,1.3925429900000004,2.71195805,3.889740160000001,4.866281549999999,-1.7798884482999997,-3.4578610723,-0.29286455505,-0.8311529876400001,20.9294669760002,-31.70237857069997,3.364023305200012,-7.795775161839995
117,ARG,0.758,0.2260662093647479,3.01572,2.0506800000000003,0.5443199999999999,1,0.0555555555555556,0,0.0,0.0,0.7346,0.9398,0.6914,1.80927271,3.51742787,5.02986644,6.264549,-2.0944197632500003,-4.0816248436,-0.325304903295,-0.9255556395600002,22.591971486000013,-33.30506896349992,3.516304208999965,-7.966702376040032
118,GLY,0.363,0.2007743362831858,0.80487,1.02514,0.4198600000000001,1,0.0416666666666667,0,0.0,0.4556,0.0,1.0,0.5062,2.50672368,4.8825495,7.004503680000001,8.76490863,-2.20613473512,-4.298454222340001,-0.3434437255560001,-0.97682801292,21.61828431700007,-21.452706062039955,3.289823138999984,-5.049023676450001
119,GLY,0.08,0.0442477876106194,0.59088,1.02269,0.7053099999999999,1,0.027027027027027,0,0.0,0.4556,0.0,1.0,0.5062,2.92407447,5.692767600000001,8.15985273,10.19680719,-3.23464234808,-6.302470728310001,-0.506592380788,-1.44166650544,16.85346604499995,-21.151399512740017,2.660020551400024,-4.930769660809981
120,GLY,0.14,0.077433628318584,0.65247,1.1211699999999998,0.5468300000000004,3,0.0612244897959184,0,0.0,0.4556,0.0,1.0,0.5062,2.9220229600000005,5.67697928,8.10884219,10.082836959999998,-2.9031286830850007,-5.64284558268,-0.473626215536,-1.3447664919599998,19.14792551900001,-20.39569877069997,3.202951832499992,-5.043713160159997
121,GLY,0.159,0.0879424778761061,0.71209,1.0022799999999998,0.6467200000000002,2,0.0526315789473684,0,0.0,0.4556,0.0,1.0,0.5062,2.92390703,5.691563750000001,8.15626218,10.1897175,-2.96345044647,-5.770130223499998,-0.4693527819089998,-1.3347913310999997,19.373918004999965,-30.490662352899985,2.9934478468000205,-7.159722085260023
122,GLY,0.335,0.185287610619469,0.7557299999999999,1.00322,0.4697800000000001,1,0.032258064516129,0,0.0,0.4556,0.0,1.0,0.5062,2.0853965000000003,4.04131355,5.747489300000001,7.101364879999999,-2.6323538960080013,-5.11027156213,-0.4380020989490001,-1.2422003883849997,24.436390878000232,-32.930636806500054,4.166422949800007,-8.273684284840002
123,GLY,0.886,0.4900442477876106,0.9956,0.66347,0.25853,1,0.0833333333333333,0,0.0,0.4556,0.0,1.0,0.5062,1.67023063,3.24790307,4.64642279,5.79068303,-2.0541781748,-4.0006487628,-0.32380615711,-0.92106782689,28.441103754999915,-37.28771960030004,4.483761117600041,-9.074637632280018
124,TYR,1.358,0.3984741784037559,3.77396,1.4968500000000002,0.5531499999999996,2,0.153846153846154,0,0.0,0.3556,0.8063,0.502,0.1605,1.53006736,2.9696398000000004,4.23436455,5.25170733,-1.8423023233000009,-3.5867464341,-0.2934076442700001,-0.8346550373399999,30.09119649000004,-31.84790511330004,4.7545818680000425,-7.792972137620024
125,ASN,1.054,0.4310838445807771,2.4241200000000003,0.7969299999999999,0.5940699999999999,0,0.0,0,0.0,0.1111,0.3976,0.6747,0.8272,1.11363766,2.16651365,3.10193122,3.87100147,-1.7180827548700006,-3.351978148070001,-0.26036469771,-0.74125928871,28.041899050000264,-42.23970760554016,4.112035543700024,-9.633306469256034
126,ARG,0.565,0.168505815687444,3.0077100000000003,2.12394,0.6640600000000001,0,0.0,0,0.0,0.0,0.7346,0.9398,0.6914,1.11478446,2.17537398,3.13067898,3.93560745,-1.0541319699199998,-2.06183068654,-0.153790826295,-0.4393689072969999,25.84531360800024,-16.602170682179974,3.7602548003000336,-3.694312098285008
127,GLN,1.511,0.5255652173913044,3.01085,0.78975,0.5742500000000001,0,0.0,0,0.0,0.1111,0.5388,0.7952,0.6914,0.6963742199999999,1.3567813799999997,1.94750336,2.43915093,-0.508108701294,-0.9918150072999998,-0.0760713587665,-0.2166178300039999,4.913469349999989,-6.350275615520001,0.7437168515000008,-1.454127083030001
128,ASP,0.702,0.2618425960462514,2.26138,1.22516,0.7538400000000001,0,0.0,1,0.125,0.1111,0.3239,0.8675,1.0,0.97230981,1.87911943,2.65979175,3.26302393,-0.7562497119999999,-1.4721778293,-0.1212329640399999,-0.34497963514,4.124338447,-9.780939017100003,0.6600074934000014,-2.305387173479996
129,ARG,2.657,0.7924246943036086,3.99508,0.7167699999999999,-0.0207699999999997,0,0.0,1,0.142857142857143,0.0,0.7346,0.9398,0.6914,0.97319687,1.88603968,2.6824705900000003,3.31468149,-0.7425016500000002,-1.450584425,-0.1109355462999999,-0.3165960886,4.1293328040000015,-9.483104811,0.6147501768000004,-2.0724073030999977
130,GLY,0.352,0.1946902654867256,0.7674,0.9581,0.4979,0,0.0,1,0.111111111111111,0.4556,0.0,1.0,0.5062,0.9725232,1.88080565,2.66539402,3.27602059,-0.6074786800000002,-1.174521346,-0.1075469417,-0.3039657146999999,4.117761503999998,-7.883643636999995,0.706652711999998,-1.987869324200001
131,ASP,1.182,0.4408802685565087,2.3475,0.97281,0.5261900000000002,1,0.111111111111111,1,0.111111111111111,0.1111,0.3239,0.8675,1.0,1.3917191299999998,2.70549467,3.868429480000001,4.8173433,-0.8403620106,-1.6403975008999996,-0.127414343375,-0.3632608692800001,5.231466848000003,-6.695478324100003,0.7720374026000004,-1.4628549979400014
132,GLY,0.08,0.0442477876106194,0.78896,0.94653,0.78147,1,0.0714285714285714,1,0.0714285714285714,0.4556,0.0,1.0,0.5062,1.39032044,2.6946043100000003,3.83281592,4.73645901,-0.6123421033399999,-1.1865524302,-0.10552879506,-0.2990121908,4.663502349999994,-5.040261477100001,0.8263576848999984,-1.3369211946600013
133,GLY,0.316,0.1747787610619469,0.75134,0.91173,0.58027,1,0.0625,1,0.0625,0.4556,0.0,1.0,0.5062,1.52990888,2.96838278,4.230174600000001,5.24194732,-0.7106267770999999,-1.3835293813999996,-0.1118264060399999,-0.3177405515,4.520094849000001,-2.7718980891,0.6861688035999984,-0.7048263763299996
134,SER,0.187,0.0859375,1.29046,1.32434,0.66466,1,0.0909090909090909,0,0.0,0.4111,0.1877,0.8514,0.5309,1.5316203599999998,2.98170882,4.27376819,5.34101847,-0.6266304362600001,-1.2192240318099996,-0.1001023796209999,-0.28441763546,2.824875817000001,-2.0581235864999994,0.4766045661000002,-0.5035087280999997
135,SER,0.313,0.1438419117647058,1.40749,1.4727100000000002,0.39029,2,0.181818181818182,0,0.0,0.4111,0.1877,0.8514,0.5309,1.53164424,2.9818533900000004,4.27409352,5.3412981,-1.7103837797,-3.32898778025,-0.273036104936,-0.7762587875839998,15.66565324000014,-24.37207634941996,2.548303498299993,-5.963391410505003
136,ASN,0.254,0.1038854805725971,1.8335,1.69444,0.4965599999999999,1,0.0416666666666667,0,0.0,0.1111,0.3976,0.6747,0.8272,2.08865463,4.06662808,5.8301129000000005,7.28855151,-2.11388797995,-4.12469268334,-0.3209979882230001,-0.9143483911,21.938184437000075,-25.01240708604004,3.2857020737999587,-5.868537084959988
137,PHE,0.197,0.0633644258604052,2.9682,2.1434200000000003,0.7685799999999996,0,0.0,0,0.0,0.8111,0.783,0.0763,0.037,2.3678099,4.61393221,6.62370505,8.29605057,-2.8594377191,-5.569341337599997,-0.4510240615399999,-1.2831194334499996,22.90881690500018,-28.66339092620001,3.568091370299998,-6.836189880499998
138,SER,0.224,0.1029411764705882,1.32431,1.34431,0.6076900000000003,0,0.0,0,0.0,0.4111,0.1877,0.8514,0.5309,2.50606889,4.87743421,6.98771444,8.72658493,-3.4250939494599995,-6.675895344290001,-0.5313378538880004,-1.512181642847,20.82338559799996,-28.60507605730002,3.2498959991999965,-6.530905994980001
139,ARG,0.921,0.2746793915896212,3.1009100000000003,1.91893,0.5130700000000004,0,0.0,0,0.0,0.0,0.7346,0.9398,0.6914,2.64476288,5.144210999999999,7.362041210000002,9.17934524,-3.598993119896,-6.996095903312002,-0.5871422761955001,-1.6675228178580002,18.96919764199992,-22.728774849689,3.0369897402999886,-5.683246970813997
140,GLY,0.716,0.3960176991150442,0.91952,0.8187,0.2733000000000001,0,0.0,0,0.0,0.4556,0.0,1.0,0.5062,2.92464571,5.69732102,8.17511011,10.232583689999998,-3.06065026593,-5.9541209065,-0.4923979974120001,-1.3992180841699997,12.805560577000035,-11.575974757100004,2.0277446152000027,-2.97594475706
141,GLY,0.279,0.1543141592920354,0.6729600000000001,0.89311,0.63589,2,0.05,0,0.0,0.4556,0.0,1.0,0.5062,2.64395355,5.137940309999999,7.341638810000002,9.13332615,-2.808817893859999,-5.45564187,-0.4645651789499997,-1.31850246511,19.98416165600005,-24.386394438000018,3.239755160099985,-6.137859137550007
142,TYR,0.212,0.062206572769953,2.9224400000000004,2.13628,1.0597199999999996,2,0.0487804878048781,0,0.0,0.3556,0.8063,0.502,0.1605,2.50375532,4.85943861,6.928915140000001,8.59318273,-2.6365793959,-5.132306870899998,-0.4185691465100001,-1.1898374397600002,23.44710707499987,-29.382142174899982,3.748178628300002,-7.186867715260008
143,ASN,0.51,0.2085889570552147,2.00089,1.47766,0.4573399999999998,0,0.0,0,0.0,0.1111,0.3976,0.6747,0.8272,2.50548464,4.8729162100000005,6.973034780000001,8.69352503,-2.785572190429999,-5.427898834290999,-0.4359499094611,-1.2407935612214,25.894234238000028,-35.528384083004006,4.038981208099991,-8.36199581262699
144,ASN,0.18,0.0736196319018405,1.82727,1.62889,0.6361099999999997,0,0.0,0,0.0,0.1111,0.3976,0.6747,0.8272,2.08877493,4.0674949,5.832707200000001,7.293707509999999,-2.3029372677,-4.4693411525,-0.3873048424499998,-1.0987362697500005,28.049849095000027,-37.11224271980002,4.417722165199989,-9.38539967725999
145,ARG,2.351,0.701163137488816,3.65753,1.05859,-0.0565899999999996,0,0.0,0,0.0,0.0,0.7346,0.9398,0.6914,1.25284616,2.4373182700000005,3.48950709,4.35409177,-2.272103664600001,-4.4283526451,-0.35172293305,-1.0006396357299998,23.111353724000026,-42.81497166699996,3.508580596899994,-9.737769499530025
146,ASP,1.081,0.403207758299142,2.30348,1.1112499999999998,0.4887500000000002,0,0.0,0,0.0,0.1111,0.3239,0.8675,1.0,1.1127546,2.15958164,3.0790614999999995,3.81844058,-1.6303103982,-3.1680549904000013,-0.26805014486,-0.7611604002000001,17.069751202000077,-32.70473453300003,2.858205003899997,-8.28104213689999
147,GLU,1.989,0.7291055718475073,3.0486500000000003,0.76845,-0.0294499999999998,0,0.0,0,0.0,0.1111,0.4884,0.8112,0.9136,0.8340595900000001,1.6157892,2.29670604,2.83570359,-1.0150393884999998,-1.974904082,-0.16206059534,-0.4603488119,8.680011686000018,-20.16665634099997,1.3730518765999995,-4.827109564699991
148,GLY,0.651,0.3600663716814159,0.93035,0.8694500000000001,0.28755,0,0.0,0,0.0,0.4556,0.0,1.0,0.5062,0.6945239599999999,1.3424131899999998,1.90063463,2.33305214,-0.6663177334999999,-1.293623047,-0.1104848118,-0.313286686,3.644970940000001,-9.038173497,0.6448891143999995,-2.3563263710000006
149,SER,0.864,0.3970588235294117,1.61201,1.0009199999999998,0.3110800000000004,0,0.0,1,0.142857142857143,0.4111,0.1877,0.8514,0.5309,0.83347675,1.6112284999999995,2.28171191,2.80140301,-0.7150455059999999,-1.3940406310000002,-0.1112649306,-0.316949657,3.4622299940000034,-8.142947064999994,0.50049365,-1.705788950000002
150,ASP,1.258,0.4692279000372995,2.37523,0.90126,0.5217400000000001,0,0.0,1,0.2,0.1111,0.3239,0.8675,1.0,0.8336351700000001,1.61247137,2.28580816,2.81080387,-0.55041272303,-1.0681002641,-0.091998904942,-0.26077535529,2.550815557999998,-5.143980442000008,0.4230904108,-1.1953876170000006
151,ASN,1.311,0.5361963190184049,2.56156,0.8617699999999999,0.2722299999999999,0,0.0,1,0.2,0.1111,0.3976,0.6747,0.8272,0.97319695,1.88605451,2.68257,3.3150642200000005,-0.3976292723,-0.7729334073,-0.06480848314,-0.1840319106,2.6684593719999983,-6.316735539999996,0.4423643034,-1.590788019
152,ARG,2.095,0.6248135997614077,3.76682,1.11601,0.14199,0,0.0,1,0.2,0.0,0.7346,0.9398,0.6914,0.97319323,1.88602552,2.68247473,3.31484732,-0.4396563700000001,-0.856173971,-0.0693841486,-0.1973251243,1.9223220140000008,-3.243895568999997,0.3281297408999999,-0.7880008830000004
153,GLY,0.663,0.3667035398230088,0.99035,0.7467100000000001,0.3982899999999999,0,0.0,0,0.0,0.4556,0.0,1.0,0.5062,0.97287922,1.8835531,2.6742911,3.29595574,-0.4535663166,-0.881862462,-0.07385641953,-0.2098157627,1.37479188,-3.2172745860000003,0.217487435,-0.7616531830000003
154,SER,1.377,0.6328125,1.83696,0.6338699999999999,0.1651300000000002,0,0.0,0,0.0,0.4111,0.1877,0.8514,0.5309,0.8339013200000001,1.6145383,2.29255002,2.82606174,-0.572911469,-1.114202381,-0.0927137035,-0.263400358,0.8642855159999999,-2.24414088,0.1359489608,-0.519645657
155,GLY,0.824,0.4557522123893805,1.01512,0.7643700000000001,0.21963,0,0.0,0,0.0,0.4556,0.0,1.0,0.5062,0.83400888,1.6153993599999998,2.29544855,2.8329013300000003,-0.290515346,-0.5637854468,-0.0485151463,-0.1375277716,0.5892942120000002,-1.0653728020000002,0.0922547064,-0.2262674696
156,ARG,1.68,0.5010438413361169,3.37395,1.5916900000000005,0.0813099999999997,2,0.333333333333333,1,0.166666666666667,0.0,0.7346,0.9398,0.6914,0.8332682400000001,1.60959076,2.2763044700000004,2.7889617600000003,-0.1201385443,-0.232485314,-0.0209713573,-0.0593027452,0.6267240680000001,-0.441523424,0.1133224133,-0.1156652254
157,SER,0.741,0.3405330882352941,1.61807,0.94107,0.4939300000000001,2,0.25,1,0.125,0.4111,0.1877,0.8514,0.5309,1.11235886,2.15650226,3.06899879,3.7956092199999993,-0.2224650756,-0.4359633901199999,-0.0311866568,-0.0892638114,0.8660181959999997,-1.8567981597600007,0.1215327653,-0.37958567035
158,TYR,2.689,0.7890258215962441,4.45449,0.70888,0.0101199999999999,1,0.5,1,0.5,0.3556,0.8063,0.502,0.1605,0.41553827,0.7963341399999999,1.1107181700000002,1.33288416,-0.3601894011,-0.689086272,-0.07369593517,-0.2067632792,0.5084388080000001,-0.704024525,0.0983559354,-0.2047110124
159,ASN,0.688,0.2813905930470348,2.2766,1.18845,0.5685499999999999,2,0.666666666666667,1,0.333333333333333,0.1111,0.3976,0.6747,0.8272,0.55570029,1.07452468,1.52232728,1.87020388,-0.413389657,-0.8012625000000001,-0.0712682287,-0.2020899864,0.6283187030000001,-1.3248915710000002,0.1013502932,-0.333398601
160,ASN,1.447,0.5918200408997956,2.66408,0.73793,0.2600699999999998,0,0.0,1,1.0,0.1111,0.3976,0.6747,0.8272,0.5565777999999999,1.0813760499999998,1.54480051,1.92145429,-0.519190281,-1.0071224790000002,-0.0868847507,-0.246083565,1.2599468326999994,-2.555863749876001,0.20738369645,-0.6115103337750002
161,ASP,0.221,0.0824319283849309,1.83351,1.59387,0.8661300000000001,0,0.0,2,0.5,0.1111,0.3239,0.8675,1.0,0.9737213999999998,1.89015544,2.69604243,3.34585271,-0.1467005654299999,-0.2855378825,-0.023565287186,-0.0670384163199999,1.1308599601699998,-2.2970520806635992,0.185813025015,-0.5531226054525001
162,ARG,2.136,0.6370414554130629,3.88281,0.94981,0.26719,0,0.0,2,0.285714285714286,0.0,0.7346,0.9398,0.6914,1.11271849,2.15930186,3.07815178,3.81639044,-0.130776371,-0.255982975,-0.0187915617,-0.0537249677,0.977100018987,-1.89508373472996,0.1601578971765,-0.4493560640977501
163,ARG,1.844,0.5499552639427379,3.51049,1.35903,0.1499700000000001,0,0.0,1,0.111111111111111,0.0,0.7346,0.9398,0.6914,1.11236463,2.15655811,3.06921929,3.79622646,-0.125048267,-0.244039166,-0.0190493173,-0.0543035453,0.8825778194856999,-1.760202551302956,0.14336071280415,-0.4154915822075251
164,ASP,1.484,0.5535248041775457,2.52903,0.6716899999999999,0.5253100000000002,0,0.0,1,0.142857142857143,0.1111,0.3239,0.8675,1.0,0.97369832,1.88996006,2.6953460600000003,3.34409331,-0.2104430427999999,-0.408267498,-0.03513637456,-0.0995209036,0.8333564134342699,-1.6144953478332518,0.135948040584565,-0.3808754221282776
165,ASN,1.174,0.4801635991820041,2.2608,1.1227,0.1482999999999998,0,0.0,1,0.1,0.1111,0.3976,0.6747,0.8272,1.1122350399999998,2.15554485,3.06589112,3.78862278,-0.142691724,-0.27855164,-0.0215977251999999,-0.061579967,0.8302635031776969,-1.551530794616577,0.1359479485630215,-0.3669983986411053
166,GLY,0.76,0.4203539823008849,0.99712,0.7612800000000001,0.28672,0,0.0,1,0.1,0.4556,0.0,1.0,0.5062,1.11279857,2.15992342,3.0801767900000003,3.82096501,-0.079844524,-0.1548019239999999,-0.0134223814,-0.0379829066,0.8543604322954665,-1.6001465938782349,0.1403172727793236,-0.3810714915452158
167,GLY,0.48,0.2654867256637168,0.94113,0.8601700000000001,0.4678299999999999,0,0.0,3,0.25,0.4556,0.0,1.0,0.5062,1.25173002,2.42856622,3.4606672200000004,4.287914369999999,-0.2417051886733332,-0.4685211923233334,-0.0411282857993333,-0.1164757344324999,0.8771240687250133,-1.716008910866058,0.143016758727256,-0.4076121181597374
168,ASP,1.572,0.5863483774710929,2.51452,0.81755,0.29145,0,0.0,2,0.5,0.1111,0.3239,0.8675,1.0,0.97354611,1.8887773,2.6914881,3.3353613399999995,-0.08776149345,-0.16641202296,-0.019837764276,-0.05534968407,0.8782346559975146,-1.7019299859766637,0.1451651580699816,-0.4104147629407112
169,GLY,1.469,0.8125,1.71472,0.35046,-0.01146,0,0.0,2,1.0,0.4556,0.0,1.0,0.5062,0.55653332,1.08100911,1.54352672,1.91833185,-0.4619618617,-0.8952265583,-0.0791034466,-0.2240077806,0.915214240797266,-1.80172053207433,0.1498460803369797,-0.4309851379947823
