2,MET,2.316,0.7766599597585512,2.85073,0.62949,0.0365100000000003,1,1.0,0,0.0,0.7111,0.6196,0.0,0.0988,0.4170130799999999,0.80775856,1.14788753,1.41673043,-0.027324924,-0.05358295,-0.0037725482,-0.010803871,0.6916944896000001,-1.05383497302,0.10543478684,-0.2454271604439999
3,GLU,1.357,0.4974340175953078,2.6857,0.99519,0.3758100000000002,2,1.0,1,0.5,0.1111,0.4884,0.8112,0.9136,0.4153949799999999,0.7952183399999999,1.1070685,1.32459292,-0.048715506,-0.09444569,-0.0084267035,-0.023914557,0.7278264168000003,-0.8814327102742857,0.1093656509485714,-0.2055948075377142
4,SER,1.241,0.5703125,1.74615,0.71811,0.21689,2,1.0,1,0.5,0.4111,0.1877,0.8514,0.5309,0.41560705,0.79687109,1.11247883,1.33689752,-0.049583055,-0.09431257,-0.010841401,-0.030305406,0.7779798117111113,-0.8607661989104762,0.1170069133098412,-0.199609351255746
5,ASN,1.188,0.4858895705521472,2.87293,0.78429,0.4727099999999998,2,0.666666666666667,1,0.333333333333333,0.1111,0.3976,0.6747,0.8272,0.55602946,1.07707181,1.530602,1.88882706,-0.06512736,-0.1267507,-0.010555626,-0.030048093,0.8146085866464648,-0.8697329596458873,0.1214717996089465,-0.1992701139052236
6,GLN,1.64,0.5704347826086956,2.93952,1.15674,0.07826,0,0.0,0,0.0,0.1111,0.5388,0.7952,0.6914,0.1390871,0.26986417,0.38451773,0.47619757,-0.123125739,-0.23889513,-0.021029642,-0.059718624,0.431593107,-1.3199997,0.0737152823,-0.329971422
7,SER,0.966,0.4439338235294117,1.94315,0.61673,0.5932700000000002,0,0.0,0,0.0,0.4111,0.1877,0.8514,0.5309,0.2784569,0.541932,0.7762496,0.96880246,-0.125996366,-0.245213778,-0.0204210716,-0.058131489,0.9115194713398268,-1.088796657453618,0.1374864582433828,-0.251056654975906
8,ASN,1.359,0.5558282208588957,2.07456,1.29894,-0.2129400000000001,0,0.0,0,0.0,0.1111,0.3976,0.6747,0.8272,0.41787396,0.81438879,1.16932899,1.46470264,-0.3043588657,-0.5959712100000001,-0.0432216761,-0.1235757306,0.393526636,-0.963016884,0.056120653,-0.1940420136
9,ASN,1.785,0.7300613496932515,2.34211,1.03947,-0.37947,0,0.0,0,0.0,0.1111,0.3976,0.6747,0.8272,0.13922845,0.270966,0.3881248,0.48440123,-0.06512736,-0.1267507,-0.010555626,-0.030048093,0.9774988889469062,-1.3746172285767213,0.1493437023382789,-0.3209687910140347
10,GLY,0.788,0.4358407079646018,0.59394,1.03406,-0.0140599999999999,0,0.0,0,0.0,0.4556,0.0,1.0,0.5062,0.6957827,1.35216551,1.93237294,2.40467855,-0.4705196203,-0.9106710162,-0.0816903164,-0.2309883043699999,0.7452444920000002,-1.0322025493,0.1251102432,-0.30925677092
11,GLY,0.963,0.5326327433628318,0.99977,0.7358000000000001,0.1091999999999999,1,0.142857142857143,0,0.0,0.4556,0.0,1.0,0.5062,1.1135312,2.16567235,3.09913524,3.86451355,-0.3283926748,-0.643745561,-0.04531797208,-0.1296601695999999,0.9457143970000004,-1.393979722,0.1225537741,-0.260479271
12,SER,0.753,0.346047794117647,1.40706,1.07619,0.34681,0,0.0,0,0.0,0.4111,0.1877,0.8514,0.5309,0.9722431,1.87863974,2.6583617000000004,3.26020323,-0.2588462674,-0.5020155206000001,-0.0438250424799999,-0.1242262831,0.9423938160000004,-0.5599760098000001,0.1496739816,-0.1333863247
13,GLY,1.002,0.5542035398230089,0.98951,0.62115,0.18485,0,0.0,0,0.0,0.4556,0.0,1.0,0.5062,0.97383944,1.89109351,2.69917821,3.3531860000000004,-0.1579837499,-0.3062942329999999,-0.02686839412,-0.0761268667999999,0.9446179800000004,0.1529808661999999,0.1329508356,0.0333993098999999
14,ASN,1.454,0.594683026584867,2.42681,0.7859,0.2050999999999998,0,0.0,0,0.0,0.1111,0.3976,0.6747,0.8272,0.97326759,1.88662078,2.68447781,3.31956855,-0.246712067,-0.4784376219999999,-0.0415590791899999,-0.1177067627999999,1.1792069710000004,-0.6954341079999999,0.1781370121999999,-0.1517257009999999
15,ALA,0.594,0.2723521320495185,1.08769,1.03222,0.5547800000000003,0,0.0,0,0.0,0.7,0.1645,0.249,0.3951,1.39094982,2.69952272,3.848963920000001,4.77333284,-0.167737446,-0.328676234,-0.0235385388,-0.0673588971,1.1808963360000002,-0.9594005670000002,0.1661206625999999,-0.1958777404
16,ALA,1.193,0.5469967904630904,1.47671,0.5743199999999999,0.41368,0,0.0,0,0.0,0.7,0.1645,0.249,0.3951,1.11364992,2.16660511,3.10221539,3.87160102,-0.206176355,-0.400124702,-0.0340323173,-0.0963621554,1.6133688900000005,-2.2490135580000006,0.2284982691000001,-0.4719918025000001
17,LEU,1.107,0.4164785553047404,2.26963,1.25861,0.2923899999999999,1,0.2,2,0.4,0.9222,0.663,0.2811,0.0,0.8329570900000001,1.6071769299999998,2.2684423700000003,2.7712033,-0.361480048,-0.7002660266,-0.06307307893,-0.1788243413,1.372600668999999,-2.5573441306,0.2386505509999999,-0.6515600003000002
18,ASN,1.576,0.6445807770961146,2.4976,0.7637,0.1052999999999997,1,0.333333333333333,1,0.333333333333333,0.1111,0.3976,0.6747,0.8272,0.69454375,1.34256139,1.90109814,2.33403892,-0.5034878245000001,-0.976518554,-0.0848448611,-0.2403718668,1.331837963,-3.239234664000001,0.2407187774,-0.8865070375999997
19,ARG,2.021,0.6027438115120787,3.7174,0.99176,0.3402400000000003,1,0.166666666666667,2,0.333333333333333,0.0,0.7346,0.9398,0.6914,0.97346984,1.88819827,2.68964629,3.33133839,-0.4727816186,-0.918986614,-0.0764981197,-0.2170461829999999,1.6128510790000012,-3.797308359999997,0.2358272887,-0.8041125849999997
20,GLY,0.437,0.2417035398230088,0.85162,0.96723,0.4037699999999999,2,0.222222222222222,2,0.222222222222222,0.4556,0.0,1.0,0.5062,1.53202994,2.9849578600000006,4.284592620000001,5.3662019,-0.4452137614999999,-0.8639630652999999,-0.07433903072,-0.21069897617,1.4102925529999994,-3.943325330200001,0.2542913985,-1.0623771696999995
21,GLY,0.89,0.4922566371681416,0.93466,0.7373,0.1807,0,0.0,0,0.0,0.4556,0.0,1.0,0.5062,0.83425744,1.6173367399999998,2.30179155,2.84732947,-0.9744411025000002,-1.890457622,-0.1626991559,-0.4608351425000001,2.121360936000002,-6.094831105,0.3332341179000003,-1.379154322
22,ARG,2.182,0.6507605129734565,3.84328,1.02777,0.1432300000000002,0,0.0,1,0.2,0.0,0.7346,0.9398,0.6914,0.83394759,1.6149194399999998,2.29386962,2.82928566,-1.1657650456000002,-2.2694257586,-0.1849030273999999,-0.5256601686999999,2.746759357000002,-6.394907808999998,0.4552085153000003,-1.6224791140999977
23,TYR,1.627,0.477406103286385,3.80598,1.3922499999999998,0.3887500000000001,0,0.0,2,0.4,0.3556,0.8063,0.502,0.1605,0.83420916,1.6169641899999998,2.30058557,2.84462919,-0.9287647784000004,-1.802581572,-0.15462792183,-0.4383029605,2.7892281420000025,-3.7969694624,0.4347326032000003,-0.9405214824
24,VAL,1.123,0.4611909650924024,2.04925,0.93786,0.37414,0,0.0,2,0.4,0.9667,0.4924,0.3655,0.1235,1.11316217,2.16280119,3.08975414,3.84323229,-0.96351279658,-1.8798261046000009,-0.14584702906,-0.41520953681,3.0190051570000023,-0.9833264346000004,0.5177307416000008,-0.3916082019100001
25,PRO,0.428,0.1919282511210762,1.65964,1.38914,0.41286,0,0.0,5,0.454545454545455,0.3222,0.3764,0.8594,0.3827,1.39072637,2.6977563900000003,3.843096950000001,4.7597280600000005,-1.1081971434999998,-2.161053383,-0.17093774,-0.4868554459,2.669023088999998,-5.618176298999996,0.4416192421,-1.3572540403
26,PRO,0.861,0.3860986547085202,1.72315,1.03974,0.3292599999999999,0,0.0,3,0.333333333333333,0.3222,0.3764,0.8594,0.3827,1.25156244,2.42729538,3.45663202,4.27912274,-1.0740004225999995,-2.083641662,-0.18035737607,-0.5111767153000001,4.003812166,-6.849200460999999,0.6538389346000013,-1.7192166640000004
27,HIS,1.212,0.4383363471971067,2.92648,1.25069,0.3023100000000001,0,0.0,3,0.25,0.1444,0.561,0.1124,0.679,1.5298665799999998,2.96811,4.229474140000001,5.2409399400000005,-1.0708607933999996,-2.0867069605,-0.1671676353,-0.4757294848,3.262132636000002,-9.001658573000013,0.5005888530000001,-2.004287172
28,LEU,0.958,0.3604213694507148,2.33604,1.3680199999999998,0.3319800000000001,0,0.0,3,0.214285714285714,0.9222,0.663,0.2811,0.0,1.39037172,2.69496685,3.83387433,4.738473280000001,-0.9023952218365489,-1.755308987132536,-0.1456917913889985,-0.4140350916656806,3.612986056000002,-5.986738882127754,0.5798431662999993,-1.3825045985797633
29,ARG,2.296,0.684759916492693,3.85076,0.93168,0.1253200000000004,0,0.0,1,0.111111111111111,0.0,0.7346,0.9398,0.6914,1.25192907,2.43013384,3.46585787,4.29990154,-0.6062615276000001,-1.174444872,-0.10439055787,-0.2955344226999999,2.5902705499999983,-5.111427570000002,0.4292079669999999,-1.2929048602000004
30,GLY,0.847,0.4684734513274336,0.97963,0.77354,0.18746,1,0.0909090909090909,1,0.0909090909090909,0.4556,0.0,1.0,0.5062,1.11263944,2.15868628,3.07613982,3.8118244,-0.5431875765999999,-1.0605242921,-0.08186081485,-0.2334068099999999,2.515004443999997,-4.060445612999997,0.3893454679999999,-0.9194538970000008
31,GLY,0.339,0.1875,0.78602,0.95611,0.5128900000000001,1,0.0833333333333333,0,0.0,0.4556,0.0,1.0,0.5062,0.97179106,1.87507492,2.6465444600000003,3.23287185,-0.4561983735,-0.8877385157000001,-0.07374120625,-0.209797453,2.667737160000001,-3.584842601400001,0.4540663387999997,-0.8619407112
32,ASP,1.732,0.6460276016411787,2.46054,0.71458,0.23442,1,0.166666666666667,0,0.0,0.1111,0.3239,0.8675,1.0,0.83363286,1.6124541200000002,2.28575615,2.81069913,-0.5982890104,-1.165841601,-0.09356129809,-0.2662946516,2.671495180000002,-5.3845666770000005,0.4208194714999994,-1.2508242686000002
33,GLY,0.846,0.4679203539823008,1.0303,0.66804,0.2939600000000001,0,0.0,0,0.0,0.4556,0.0,1.0,0.5062,0.83385875,1.614222,2.29156828,2.82399493,-0.5143303713999999,-0.9934617157,-0.092854078206,-0.2623590138,2.6689722220000025,-4.284992205799998,0.4385246306999998,-1.167398482099999
34,GLY,0.526,0.290929203539823,0.8846200000000001,0.91905,0.36295,0,0.0,0,0.0,0.4556,0.0,1.0,0.5062,1.250443,2.41853393,3.42781772,4.21317713,-0.6473279946,-1.2553446011,-0.10973760145,-0.3109810469999999,2.589679504,-4.838817755299998,0.4340606503999997,-1.2692597983000014
35,ALA,0.447,0.2049518569463548,1.15364,1.10276,0.63124,0,0.0,1,0.0769230769230769,0.7,0.1645,0.249,0.3951,1.6695812600000002,3.2427870700000003,4.62947945,5.75154272,-0.5694384658,-1.1065776943,-0.0928492256,-0.2634640091299999,3.143681490000004,-6.395821429199999,0.4876675309000006,-1.4478702034199986
36,ALA,0.61,0.2796882164144887,1.18154,1.02104,0.5499600000000002,0,0.0,4,0.266666666666667,0.7,0.1645,0.249,0.3951,1.38969771,2.68977335,3.81707325,4.700869599999999,-0.9702676662,-1.8767612309,-0.17085800917,-0.4831040943,3.2559526680000013,-7.537216660300007,0.5515977714,-1.8312457700000004
37,ALA,0.404,0.1852361302154974,0.92266,1.27669,0.50031,0,0.0,4,0.266666666666667,0.7,0.1645,0.249,0.3951,1.3900100400000002,2.6921692000000004,3.82478815,4.718028199999999,-1.1309558308,-2.2001792399,-0.1822396023299999,-0.5179709848599999,3.811975013999994,-8.588920496000002,0.5867195279999992,-1.9224035265
38,ALA,0.782,0.3585511233379184,1.23074,0.93552,0.46348,0,0.0,2,0.222222222222222,0.7,0.1645,0.249,0.3951,1.25238996,2.4337510000000004,3.47778721,4.32730495,-1.045065499282268,-2.0350583294553486,-0.1648657902687032,-0.4688059106029468,4.198637945999999,-7.0449453862,0.7003645754000014,-1.7396472409199992
39,ALA,0.87,0.3988995873452544,1.30322,0.88761,0.4233899999999999,0,0.0,1,0.142857142857143,0.7,0.1645,0.249,0.3951,1.11312356,2.16249019,3.0886999,3.84072316,-1.6153094547719995,-3.144569749631,-0.2553116163569,-0.7255709250005998,4.124767512,-7.074889622703999,0.6468606011000004,-1.6946279365087995
40,SER,0.972,0.4466911764705882,1.45442,0.93533,0.2686700000000002,0,0.0,1,0.125,0.4111,0.1877,0.8514,0.5309,1.11231063,2.15612901,3.06778693,3.79288476,-1.66704592436,-3.2394869445000003,-0.2740935951799999,-0.7783910442600002,2.546704194999997,-3.907197617799999,0.4553151300000004,-1.0727714798
41,ALA,0.923,0.4232003668042182,1.27644,0.78008,0.47792,0,0.0,0,0.0,0.7,0.1645,0.249,0.3951,1.39159047,2.7045102400000003,3.86527352,4.81037252,-1.3983631094999998,-2.7240234189000003,-0.21863011812,-0.6217420961,2.9053555610000013,-5.378234270499997,0.4705122478000001,-1.3044004760000003
42,GLY,0.233,0.1288716814159292,0.7781,1.0148399999999995,0.5601600000000004,0,0.0,0,0.0,0.4556,0.0,1.0,0.5062,1.80789526,3.5067636100000006,4.995191010000001,6.18639197,-1.4354442293999998,-2.7978613204,-0.22251713342,-0.6332632483000001,3.3008670720000004,-6.545508193999999,0.5094076799000001,-1.5123049239999993
43,GLY,0.522,0.288716814159292,0.8804000000000001,0.88772,0.3982800000000001,0,0.0,0,0.0,0.4556,0.0,1.0,0.5062,1.6693749100000002,3.24123559,4.62459586,5.741035909999999,-1.0493700314,-2.0354486715,-0.17727276789,-0.50250689051,3.653877299999999,-5.901041121200002,0.5719065548000002,-1.3903608481399998
44,ASP,0.579,0.2159641924654979,2.0193600000000003,1.41678,0.6852200000000004,0,0.0,0,0.0,0.1111,0.3239,0.8675,1.0,1.3911913,2.70140752,3.85514447,4.78742119,-0.7768764666999999,-1.5117519012999996,-0.12441129094,-0.3536437891299998,3.692365611000001,-4.449226878999999,0.5833553418000004,-1.0392972284000002
45,ASP,1.24,0.4625139873181648,2.52317,0.76657,0.6744300000000001,0,0.0,0,0.0,0.1111,0.3239,0.8675,1.0,0.5552521699999999,1.07110071,1.5113445900000002,1.84590406,-0.90757810546,-1.75379687303,-0.161602752874,-0.456403397476,3.880853840000003,-6.227283236680004,0.676741556800001,-1.708440984239999
46,ARG,1.648,0.4915001491201908,3.98041,1.15787,0.5471300000000003,0,0.0,0,0.0,0.0,0.7346,0.9398,0.6914,0.83571485,1.62864507,2.33864863,2.93067473,-0.9502402834,-1.8586734563,-0.1377308913,-0.393315973,4.131318933999998,-7.571866957999999,0.5936573519999992,-1.6585501997000018
47,ARG,2.339,0.6975842529078436,3.98608,0.42021,0.5937900000000003,0,0.0,0,0.0,0.0,0.7346,0.9398,0.6914,0.5566494200000001,1.0819336700000002,1.5466238,1.9255938,-0.458975095,-0.89423915,-0.0716887068,-0.2039461035999999,3.655580836538461,-6.068752704283384,0.5820840370230772,-1.4493848647175998
48,GLY,1.064,0.588495575221239,1.04383,0.61364,0.13036,2,0.5,0,0.0,0.4556,0.0,1.0,0.5062,0.6946971,1.34376467,1.90506641,2.3431541,-0.2623927975,-0.5068232720000001,-0.0470689141,-0.1329025757,3.725633747824177,-5.80536028174767,0.5943960985159343,-1.3977784991426
49,GLY,0.491,0.2715707964601769,1.00361,0.8673,0.4497000000000002,4,0.4,0,0.0,0.4556,0.0,1.0,0.5062,0.97166346,1.87413521,2.64365194,3.22684788,-0.8583933585984443,-1.6687746563456112,-0.1394186961243277,-0.3958696474150334,3.81244927595751,-5.786413350281004,0.6046495093292674,-1.3866978022806002
50,ALA,1.107,0.5075653370013755,1.25651,0.82506,0.24894,6,0.461538461538462,0,0.0,0.7,0.1645,0.249,0.3951,0.97227104,1.87883127,2.65889691,3.26113882,-0.8072452433314972,-1.5687471469597691,-0.1320029409439645,-0.3747047224255281,3.871175789145009,-5.6825160424182535,0.6157378363417674,-1.3710827335625502
51,GLY,0.749,0.4142699115044247,0.89027,0.75834,0.3006600000000001,2,0.222222222222222,0,0.0,0.4556,0.0,1.0,0.5062,0.83313642,1.6085883499999998,2.27311009,2.78196439,-0.180849166,-0.350808822,-0.0304643725,-0.0863382019999999,3.940860101556774,-5.733736677841783,0.623956129653532,-1.3772020098037268
52,GLY,1.089,0.6023230088495575,0.96421,0.62144,0.09756,2,0.333333333333333,0,0.0,0.4556,0.0,1.0,0.5062,0.69444742,1.3418069499999998,1.89861605,2.32835501,-0.292431604,-0.569374815,-0.0464435406,-0.132095709,3.9647386581678856,-5.692159357214006,0.6289250677646432,-1.3677938729426158
53,GLY,0.594,0.3285398230088495,0.89275,0.84073,0.37327,3,0.375,0,0.0,0.4556,0.0,1.0,0.5062,0.69325541,1.33251756,1.8682071700000005,2.2591969,-0.2475991906,-0.4770627110000001,-0.0463918962499999,-0.1308616048,3.97894610864157,-5.588656323121586,0.6332778835541168,-1.349859368077563
54,GLY,0.373,0.2063053097345132,1.04145,0.8464099999999999,0.5885900000000002,4,0.4,0,0.0,0.4556,0.0,1.0,0.5062,0.97276515,1.88266358,2.67137987,3.28934014,-0.768474714316197,-1.4933037817163188,-0.1257925677358245,-0.357048616970943,4.043994949141569,-5.7513578256165845,0.6413787736891169,-1.379184998243063
55,TYR,1.562,0.4583333333333333,3.93913,1.4916,0.3543999999999998,3,0.75,2,0.5,0.3556,0.8063,0.502,0.1605,0.69612735,1.35484511,1.94112091,2.42449976,-0.7816621294000001,-1.5207830795,-0.1249817248399999,-0.3550257005000001,2.7909401169999977,-4.271588628000002,0.4234408078,-0.9928343303
56,ARG,1.562,0.4658514762898896,3.84283,1.3117199999999998,0.4792800000000004,4,0.4,2,0.2,0.0,0.7346,0.9398,0.6914,1.11252623,2.15779655,3.07319847,3.80504597,-0.96276315466,-1.87432330012,-0.153578897095,-0.436871957404,4.008504988999999,-5.7885638647,0.6237590103,-1.3429322536400004
57,ARG,1.626,0.4849388607217416,3.61927,1.29789,0.4291100000000003,8,0.533333333333333,4,0.266666666666667,0.0,0.7346,0.9398,0.6914,1.25129405,2.42517345,3.44957816,4.26274866,-0.9429828904,-1.8316280658,-0.15583659219,-0.4422729994000001,4.476382784000008,-6.144518880900001,0.7250520956000008,-1.4634318131799997
58,GLY,0.698,0.3860619469026548,0.96095,0.7939700000000001,0.31603,5,0.263157894736842,1,0.0526315789473684,0.4556,0.0,1.0,0.5062,1.6700860599999998,3.24671643,4.642324230000001,5.78070074,-0.7982925314,-1.5486217137999998,-0.1351333095399999,-0.3832030394100001,4.7927157720000055,-4.901426580499999,0.7590883888999989,-1.19991440845
59,GLY,0.147,0.0813053097345132,0.73807,1.088,0.573,3,0.166666666666667,1,0.0555555555555556,0.4556,0.0,1.0,0.5062,1.6701422300000002,3.24720252,4.64408492,5.78522614,-0.7229042908200001,-1.39866654944,-0.1263784102419999,-0.35729839788,5.500870867999999,-6.760741414200001,0.8541657375999997,-1.5734367879900006
60,GLY,0.327,0.180862831858407,0.82765,1.00515,0.4758500000000001,0,0.0,0,0.0,0.4556,0.0,1.0,0.5062,2.0881370500000003,4.06260384,5.81697117,7.258763859999998,-0.6434952647000001,-1.2440470712999996,-0.11441226793,-0.3234373502,5.064391722999992,-5.412532696899997,0.8242738332999986,-1.444786837020002
61,ASN,0.691,0.2826175869120654,2.21221,1.27648,0.4775199999999999,1,0.04,0,0.0,0.1111,0.3976,0.6747,0.8272,1.80822394,3.50920162,5.00274976,6.202297089999999,-0.98660012698,-1.911325186669999,-0.170336095494,-0.482443203795,3.731337506000003,-4.777948420000006,0.5950261163000002,-1.1767991759000018
62,SER,0.969,0.4453124999999999,1.53415,0.91161,0.2953900000000002,0,0.0,0,0.0,0.4111,0.1877,0.8514,0.5309,1.66922639,3.2401198700000005,4.6210781700000005,5.733435190000001,-1.3457347542700002,-2.6230427227,-0.2092836893799999,-0.5957689535599997,3.33516958,-4.629842499199999,0.5599531337999998,-1.1350540125000004
63,GLY,0.504,0.2787610619469026,0.86638,0.92304,0.3809600000000001,1,0.0833333333333333,0,0.0,0.4556,0.0,1.0,0.5062,1.3913841,2.70290024,3.859998500000001,4.79836155,-1.3251276519039996,-2.572857755460999,-0.2195657730032,-0.6226712862032999,3.5708086310000007,-4.578950546244005,0.5921111799000005,-1.1715493315639989
64,GLY,0.464,0.2566371681415929,0.8905200000000001,0.96348,0.3805200000000001,5,0.277777777777778,0,0.0,0.4556,0.0,1.0,0.5062,1.6707540799999998,3.25197608,4.659730499999999,5.82087019,-1.1173501811999995,-2.1807273856,-0.1691205925699999,-0.4818977265199999,4.954854109999998,-9.155071171099996,0.7339243575000003,-1.976873451450001
65,GLY,0.55,0.3042035398230088,0.87965,0.91095,0.3470499999999999,2,0.133333333333333,0,0.0,0.4556,0.0,1.0,0.5062,1.6707073600000002,3.25160456,4.65848679,5.817954039999999,-0.7928184336999999,-1.5371741197,-0.13381924204,-0.3788839094,4.085965907999994,-5.862289675,0.6387909586999995,-1.4142876848000014
66,GLY,0.797,0.4408185840707965,1.03895,0.74981,0.2611900000000001,3,0.125,0,0.0,0.4556,0.0,1.0,0.5062,2.08858365,4.06597431,5.827620769999999,7.28180361,-0.6382006893999999,-1.2494882528,-0.09134606313,-0.2612220302599999,4.328121258000002,-6.321887110499998,0.6267922278000001,-1.3051465637800006
67,GLY,0.736,0.4070796460176991,0.98652,0.87233,0.19967,5,0.277777777777778,2,0.111111111111111,0.4556,0.0,1.0,0.5062,1.39136165,2.702706940000001,3.859299880000001,4.796570139999999,-0.7732200994,-1.496470107,-0.13460600385,-0.38065709491,4.089936046999998,-5.194574271899999,0.6046080704999993,-1.1869718107199998
68,GLY,0.753,0.4164823008849557,1.04651,0.73458,0.3204200000000001,6,0.352941176470588,2,0.117647058823529,0.4556,0.0,1.0,0.5062,1.11225568,2.15567047,3.06617819,3.78889237,-0.941502963086,-1.82914366089,-0.155971465949,-0.4429786579070001,3.966057763,-5.905998948649996,0.6410949814999999,-1.4692990424099994
69,GLY,0.753,0.4164823008849557,0.98147,0.79551,0.2594900000000001,4,0.307692307692308,0,0.0,0.4556,0.0,1.0,0.5062,1.25207679,2.43127233,3.4695380000000005,4.30812589,-0.8367780767199997,-1.6273243142000002,-0.136010515245,-0.38654364763,4.200125148000001,-6.325547986100005,0.690998165900001,-1.6106288494800016
70,TYR,1.645,0.48268779342723,3.74152,1.53335,0.2296499999999999,7,0.5,1,0.0714285714285714,0.3556,0.8063,0.502,0.1605,1.5310764,2.97748161,4.25995819,5.30967756,-1.1349961263,-2.2108113783999994,-0.1784336045,-0.5075763923300001,4.711326497000002,-9.697975745000011,0.7655885971999989,-2.3849989422
71,ASP,1.347,0.5024244684819097,2.12985,0.8496,0.4844,0,0.0,1,0.333333333333333,0.1111,0.3239,0.8675,1.0,0.83393708,1.6148284299999998,2.29353969,2.8284366000000003,-1.258107186,-2.432097023,-0.22283862755,-0.6295919582,6.392723013999986,-11.447097796200012,1.092786259700001,-2.969131469399998
72,ARG,1.754,0.5231136295854458,3.71091,1.27786,0.3211400000000002,1,0.25,1,0.25,0.0,0.7346,0.9398,0.6914,1.11315783,2.16275611,3.08956717,3.84268648,-1.4645595125300002,-2.8614916919,-0.21703533895,-0.6190757075999999,5.186462460999999,-8.121967645500003,0.8047411887000008,-1.8145578742999988
73,GLY,0.739,0.4087389380530973,0.91289,0.772,0.2969999999999999,1,0.2,0,0.0,0.4556,0.0,1.0,0.5062,1.11273014,2.15939811,3.0784878300000003,3.81721999,-1.168487368,-2.2681902960000007,-0.1952498983,-0.5538446307,4.432369804000002,-7.463833476000008,0.7524016578000011,-2.001671541199997
74,TYR,0.532,0.1561032863849765,3.27367,2.00006,0.8759399999999999,6,0.5,0,0.0,0.3556,0.8063,0.502,0.1605,1.3907817800000002,2.6981953999999995,3.844556870000001,4.763118250000001,-1.6156038054,-3.14952659,-0.2512156874,-0.7154340881999999,4.008150990999997,-8.823739058000012,0.6227470498000002,-1.9983150528000009
75,ASN,0.941,0.3848670756646217,2.31705,1.11354,0.39046,2,0.285714285714286,0,0.0,0.1111,0.3976,0.6747,0.8272,1.2522675,2.43279019,3.47461974,4.320032759999999,-1.4208638879,-2.7760735165,-0.21099400381,-0.6019131765599999,4.163299755999998,-6.682531815500003,0.6606763774,-1.5559419696000003
76,ASP,0.966,0.3603133159268929,2.24145,1.0927600000000002,0.6222399999999999,1,0.142857142857143,0,0.0,0.1111,0.3239,0.8675,1.0,1.11254838,2.1579850899999995,3.07387418,3.80676433,-1.1175023387,-2.1782150553500004,-0.1744111936,-0.4966806245699999,5.420563091999994,-5.804237205219999,0.8597093366999994,-1.367598245719999
77,ASN,1.209,0.494478527607362,2.25649,0.99877,0.2372299999999997,0,0.0,0,0.0,0.1111,0.3976,0.6747,0.8272,0.8335654400000001,1.61192755,2.2840273800000004,2.80675182,-0.8805374004000003,-1.7045754665,-0.15338533683,-0.4340444766999999,4.355268992000002,-7.805450933499996,0.7291376247999996,-2.033722944300002
78,ARG,1.723,0.5138681777512675,3.78728,1.39614,0.2338600000000001,0,0.0,0,0.0,0.0,0.7346,0.9398,0.6914,0.97348373,1.88829874,2.68994966,3.3319503800000003,-0.7417997792,-1.4447466693999995,-0.1168871835,-0.3324857229,4.358311030999996,-8.112241110999983,0.7024760738999997,-1.9137102650999984
79,ASP,0.967,0.3606863110779559,2.34401,1.18745,0.5265500000000001,0,0.0,0,0.0,0.1111,0.3239,0.8675,1.0,0.9729223,1.88390961,2.67553314,3.2990133800000003,-0.7036939120000002,-1.372104428,-0.1083518443,-0.308468948,4.438694309000001,-11.10939390900001,0.7022100847000008,-2.627250966
80,ASP,1.42,0.5296531145095114,2.41018,0.90711,0.3538900000000001,0,0.0,0,0.0,0.1111,0.3239,0.8675,1.0,0.83393708,1.61482822,2.29353824,2.82843067,-0.6098894380000001,-1.190364664,-0.0927953977,-0.2645729539999999,4.83257490599999,-12.107047088000003,0.7573632373999997,-2.698418133000001
81,ARG,2.16,0.6441992245750074,3.92396,0.8783399999999999,0.3146600000000001,0,0.0,0,0.0,0.0,0.7346,0.9398,0.6914,0.69433901,1.3409742,1.89593363,2.32239022,-0.581269831,-1.12395773,-0.1025933527,-0.289931383,3.999094538000002,-10.308584853000005,0.6916127587999992,-2.62163821
82,ASP,0.755,0.2816113390525923,2.26397,1.2499900000000002,0.67601,0,0.0,0,0.0,0.1111,0.3239,0.8675,1.0,1.11279578,2.15992407,3.08026047,3.82140898,-0.8458341010000001,-1.65377256,-0.1242109007,-0.3547013776,4.642508736000004,-10.738385951999996,0.6725450477999995,-2.273755994499999
83,ASN,1.453,0.5942740286298569,2.31907,1.01969,-0.0276900000000002,0,0.0,0,0.0,0.1111,0.3976,0.6747,0.8272,0.97346181,1.8881235,2.68935944,3.33055674,-0.6170243439,-1.193364441,-0.1080621389999999,-0.3053041394,4.3548327699999945,-6.132062940399997,0.7303078724000021,-1.4995579056999997
84,ARG,0.852,0.2541008052490306,3.37585,1.85985,0.6411500000000003,1,0.0909090909090909,0,0.0,0.0,0.7346,0.9398,0.6914,1.39235205,2.71045074,3.88473913,4.85470214,-0.4268007676399999,-0.8248606038999996,-0.076455209934,-0.2161289933,7.120560070999998,-1.2133853552999982,1.0342378178999971,-0.3685538518
85,GLY,0.45,0.2488938053097345,0.8053199999999999,1.01194,0.34606,1,0.0833333333333333,0,0.0,0.4556,0.0,1.0,0.5062,1.1121659,2.15498795,3.06400612,3.78414568,-0.6408590453600002,-1.24626717284,-0.104272730069,-0.296358286476,6.600327049999981,-4.643306240620015,1.0391016221000018,-1.1736179864280016
86,GLY,0.681,0.3766592920353983,0.88556,0.78903,0.33797,0,0.0,0,0.0,0.4556,0.0,1.0,0.5062,0.97340086,1.88763323,2.6877007400000004,3.32661742,-0.9271230185,-1.80966841,-0.14059129363,-0.4007940228999999,5.259293024000001,-7.960842461999992,0.8700135826999994,-1.915869925500005
87,SER,1.399,0.642922794117647,1.65973,0.7207,0.0563000000000001,0,0.0,0,0.0,0.4111,0.1877,0.8514,0.5309,0.8339593799999999,1.61500723,2.294142,2.8298580499999995,-0.832359517,-1.6117085417,-0.1439177178899999,-0.4071771137,3.843189405999996,-5.103640577400001,0.6567071090999991,-1.3547491544999986
88,GLY,0.25,0.1382743362831858,0.68608,1.07541,0.4825900000000001,1,0.0833333333333333,0,0.0,0.4556,0.0,1.0,0.5062,1.39179497,2.70609219,3.87041177,4.821933949999999,-0.9311554472,-1.814748261,-0.14477475217,-0.4119942447,4.67792349,-5.387219331000001,0.7108101705,-1.2473034577000004
89,GLY,0.688,0.3805309734513274,1.0,0.77015,0.3498500000000001,2,0.166666666666667,0,0.0,0.4556,0.0,1.0,0.5062,1.67104679,3.25425272,4.667167329999999,5.837732910000001,-0.7738609076999998,-1.5117197434999998,-0.1153970331,-0.32916483221,4.992380718000008,-5.766543883519999,0.7533421031000004,-1.3000686564500004
90,TYR,1.567,0.459800469483568,3.66648,1.55998,0.28102,5,0.555555555555556,3,0.333333333333333,0.3556,0.8063,0.502,0.1605,1.53198655,2.98461217,4.28343409,5.363482810000001,-0.9748174843,-1.89763172,-0.1537031554499999,-0.4366562317999999,5.976615460000013,-7.385461568000009,0.8930411373000008,-1.669647961599997
91,GLY,0.557,0.308075221238938,0.94187,0.84152,0.4094799999999998,5,0.357142857142857,2,0.142857142857143,0.4556,0.0,1.0,0.5062,1.39143848,2.7033033900000003,3.8612444299999993,4.80096698,-1.0243330746,-1.996254898,-0.1602180487499999,-0.4561421074700001,5.696520193000007,-6.970800459000005,0.8961660294999992,-1.64613641694
92,ARG,1.9,0.5666567253206084,3.75042,1.13102,0.3219800000000004,5,0.416666666666667,2,0.166666666666667,0.0,0.7346,0.9398,0.6914,1.39192987,2.7071583500000003,3.87395354,4.83014938,-0.8192714476,-1.592491773,-0.13225694818,-0.3751753542000001,7.069928904999995,-9.574442377599995,1.118747463699998,-2.3714809553
93,ASP,1.355,0.505408429690414,2.16393,0.95846,0.3675400000000001,4,0.363636363636364,4,0.363636363636364,0.1111,0.3239,0.8675,1.0,1.53147914,2.98063672,4.27034525,5.333483329999999,-0.4748944416,-0.927799974,-0.07068801482,-0.2016708488999999,8.771528993,-8.623280315600006,1.2873439028999962,-1.920878494099997
94,ARG,1.68,0.5010438413361169,3.39388,1.3937400000000002,0.27926,3,0.428571428571429,4,0.571428571428571,0.0,0.7346,0.9398,0.6914,0.97351104,1.88850343,2.69059037,3.33331575,-0.92383331016,-1.7946087478,-0.1515907960189999,-0.4300162288899999,7.110353109999999,-13.759946161199982,1.1167194640000009,-3.1951791767499977
95,ASN,1.241,0.5075664621676892,2.3567,1.11,0.0939999999999996,3,0.5,3,0.5,0.1111,0.3976,0.6747,0.8272,0.97379182,1.89071563,2.69791679,3.35024115,-0.8159233273199998,-1.5871696712399996,-0.130898066205,-0.3718094023999999,6.16883453999999,-10.367604178000011,0.9542892659000004,-2.5211085915000027
96,TYR,1.235,0.3623826291079812,3.78335,1.60078,0.57222,2,0.25,3,0.375,0.3556,0.8063,0.502,0.1605,0.97316558,1.88579381,2.6816593600000003,3.31281655,-0.8005185569699999,-1.5604653849,-0.1238580049149999,-0.3525048210799999,5.180142278000007,-8.238878455200002,0.8617815959999984,-1.979214664639999
97,GLU,1.752,0.6422287390029325,2.92791,0.86866,0.1073400000000002,1,0.25,1,0.25,0.1111,0.4884,0.8112,0.9136,1.1132935,2.16381606,3.09304604,3.85062579,-0.7982632899000002,-1.5615915879000004,-0.11540112778,-0.3295663437,4.95661187099999,-6.243097048100002,0.7210546789000001,-1.3676694555000002
98,ASP,1.004,0.3744871316672883,2.22901,1.08198,0.5950200000000001,0,0.0,1,0.333333333333333,0.1111,0.3239,0.8675,1.0,0.69439391,1.34139571,1.8972900900000005,2.32540259,-0.906062917,-1.7517669014,-0.160940886,-0.4549794423699999,3.291976078999993,-6.191787647500003,0.5798960554999997,-1.7083308541099984
99,ARG,2.455,0.7321801371905756,3.95393,0.90402,-0.0060199999999999,0,0.0,0,0.0,0.0,0.7346,0.9398,0.6914,0.97396292,1.89206118,2.7023649899999995,3.36049289,-1.0503689356,-2.0520243143,-0.1552940835099999,-0.4427679308000001,4.204685826000008,-4.420412212500005,0.6450563333999996,-1.0571283718999995
100,GLY,0.448,0.247787610619469,0.95075,0.83078,0.5292200000000001,1,0.111111111111111,0,0.0,0.4556,0.0,1.0,0.5062,1.25245135,2.43423041,3.47936082,4.3308984,-1.0608351223,-2.0600413406,-0.17592296536,-0.4991357892399998,4.948984364999999,-6.909496323700011,0.7833328102999998,-1.6624768629199989
101,TYR,0.473,0.1387910798122065,3.117,2.15629,0.7787100000000002,5,0.277777777777778,0,0.0,0.3556,0.8063,0.502,0.1605,1.52966963,2.96650175,4.22395878,5.227630919999999,-0.8629740292000001,-1.6712882135999998,-0.1502555444,-0.4256141074,4.27594022499999,-9.180958208500012,0.726193582,-2.3169195346
102,ASN,1.301,0.5321063394683027,2.19562,1.03183,0.1121699999999998,1,0.0909090909090909,0,0.0,0.1111,0.3976,0.6747,0.8272,1.67117874,3.25528379,4.67055162,5.84545904,-0.7996108552000001,-1.5627606653,-0.11841382445,-0.3380086101,5.153822487999999,-7.545574826499996,0.7456583725999988,-1.6110596641999992
103,GLY,0.536,0.2964601769911504,0.95778,0.83504,0.43696,2,0.222222222222222,0,0.0,0.4556,0.0,1.0,0.5062,1.3917120800000002,2.70544214,3.86826734,4.817004839999999,-0.74763058103,-1.4557617737399997,-0.118177907106,-0.33603270297,4.952800534000001,-5.0849671121599975,0.7573118222999993,-1.1982657478699994
104,GLY,0.994,0.5497787610619469,0.93159,0.69656,0.1174400000000001,0,0.0,0,0.0,0.4556,0.0,1.0,0.5062,0.69464741,1.34338097,1.90382256,2.34036363,-0.7138369876999999,-1.3751763565999997,-0.13313338753,-0.3752248883,5.447330132,-6.084385931499996,0.9599075740999986,-1.6470878693000006
105,GLY,0.616,0.3407079646017699,0.91066,0.8845400000000001,0.30746,0,0.0,0,0.0,0.4556,0.0,1.0,0.5062,1.3925148200000002,2.71176059,3.88917216,4.865233229999999,-1.0168077721,-1.9943611805,-0.13884377003,-0.3975496990999999,5.511024175999989,-8.713223909000003,0.7658261711999997,-1.7431018452000009
106,GLY,0.79,0.4369469026548672,0.88445,0.88097,0.1370299999999999,1,0.0833333333333333,0,0.0,0.4556,0.0,1.0,0.5062,1.39120545,2.70148178,3.85526054,4.7872935100000005,-0.9074324040999998,-1.7655884990000004,-0.1468417447,-0.4176869901000001,5.500568267000005,-7.3011362659999985,0.8660467242999998,-1.7424425474999992
107,GLY,0.892,0.493362831858407,1.07355,0.59834,0.31766,1,0.0909090909090909,0,0.0,0.4556,0.0,1.0,0.5062,1.11271428,2.15926948,3.07804755,3.81615835,-1.1632033399,-2.256715149,-0.19560737896,-0.5544620811,5.773256919999999,-8.583802991,0.9214561472000008,-2.0735176385
108,GLY,0.265,0.1465707964601769,0.7332299999999999,1.03699,0.5060100000000001,5,0.263157894736842,0,0.0,0.4556,0.0,1.0,0.5062,1.53028917,2.97134506,4.23986772,5.263981650000001,-1.2605602938000002,-2.4531448373000004,-0.2023071673399999,-0.5753067996,4.987571103000006,-8.51026207650001,0.8020716570000006,-1.9801742295
109,GLY,0.459,0.2538716814159292,0.98041,0.7929200000000001,0.5560799999999999,8,0.347826086956522,0,0.0,0.4556,0.0,1.0,0.5062,1.80931218,3.5177166,5.030746280000002,6.26635,-1.11804236203,-2.173324824,-0.181647852624,-0.51566032228,4.832018334999998,-7.788052957,0.7580264969000002,-1.8453421640100007
110,ASN,0.742,0.3034764826175869,2.05201,1.29364,0.4093599999999999,8,0.380952380952381,0,0.0,0.1111,0.3976,0.6747,0.8272,2.0884863900000004,4.065250260000001,5.82537264,7.27706782,-0.9573903646,-1.8606545875,-0.15615143015,-0.4432143809,6.091286719000006,-11.030791743499988,0.9388327581999992,-2.526372674500001
111,ARG,1.363,0.4065016403220995,3.3262,1.61939,0.3706100000000001,8,0.421052631578947,1,0.0526315789473684,0.0,0.7346,0.9398,0.6914,1.94895556,3.791923840000001,5.429506820000001,6.77501615,-0.8232366845299999,-1.6040926997000002,-0.12862981715,-0.3660255879099999,4.750233535999994,-7.372228794380002,0.7765068525,-1.7026755743300002
112,GLY,0.551,0.3047566371681416,0.85919,0.8205499999999999,0.4364500000000002,5,0.384615384615385,1,0.0769230769230769,0.4556,0.0,1.0,0.5062,1.95031388,3.80253923,5.464359480000001,6.854601239999999,-0.9480978275,-1.8507007236,-0.14273764325,-0.4066986821,4.4440666750000055,-8.669914779999996,0.6561739125999995,-1.8885136722000009
113,TYR,1.926,0.5651408450704225,3.63831,1.1522800000000002,0.3297199999999998,3,0.6,2,0.4,0.3556,0.8063,0.502,0.1605,1.1128845200000002,2.16060045,3.08241919,3.82614481,-1.0451798523999998,-2.0225711095,-0.18221172771,-0.51520271787,4.827576332999992,-6.6596747795,0.794054849899999,-1.70931456238
114,ASN,0.518,0.2118609406952965,1.94003,1.4950300000000003,0.4319699999999995,2,0.222222222222222,1,0.111111111111111,0.1111,0.3976,0.6747,0.8272,1.39149554,2.7037666,3.86282581,4.80476431,-1.0825501397,-2.1142110567000003,-0.16286556318,-0.4646577923000001,4.444038029999993,-6.320032519800003,0.6611150975999998,-1.3873414394999997
115,ASN,1.231,0.5034764826175869,2.42625,0.91003,0.3039699999999997,0,0.0,1,0.25,0.1111,0.3976,0.6747,0.8272,0.6944157900000001,1.3415711499999998,1.89788147,2.32680099,-0.9293569012,-1.7959140755999996,-0.1646744487599999,-0.464884533,4.036515543999999,-7.4655252258,0.7119555310000001,-1.9992902938
116,ASN,0.951,0.3889570552147239,2.30083,1.0236,0.4703999999999997,0,0.0,0,0.0,0.1111,0.3976,0.6747,0.8272,0.97319534,1.88604511,2.68254831,3.31504089,-0.5732586757,-1.114748951,-0.0929751859799999,-0.26414787466,4.951491972000011,-8.313972781200004,0.7660647408000006,-1.8826899624000004
117,ARG,2.55,0.760512973456606,4.09312,0.76629,0.0367100000000003,0,0.0,0,0.0,0.0,0.7346,0.9398,0.6914,0.83373097,1.6132077799999998,2.28818317,2.81609579,-0.64106519983,-1.2498688505,-0.0993301567199999,-0.28286296587,4.317266488000008,-8.297583923800007,0.7149026098999997,-1.9723724501799984
118,GLY,0.802,0.4435840707964602,0.99589,0.74631,0.25969,0,0.0,0,0.0,0.4556,0.0,1.0,0.5062,0.69426732,1.34041635,1.89410938,2.31824666,-0.5325153760000001,-1.0313536840000002,-0.0920306286,-0.2605157240999999,3.961096596,-8.680312365000004,0.6761378933999999,-2.2332347330000006
119,GLY,0.764,0.4225663716814159,0.96824,0.71064,0.33336,0,0.0,0,0.0,0.4556,0.0,1.0,0.5062,0.8339003100000001,1.6145313799999998,2.29252913,2.82601997,-0.557887592,-1.089377314,-0.08420097296,-0.2401757457,3.968355663999996,-7.681839763,0.6220692374999995,-1.7150534253999965
120,GLY,0.882,0.4878318584070796,0.94644,0.7801699999999999,0.1458300000000001,0,0.0,0,0.0,0.4556,0.0,1.0,0.5062,0.97296869,1.88426816,2.67669556,3.30162176,-0.4105538919999999,-0.7996504638999999,-0.06443862469,-0.1832523963,4.594967973999994,-7.09327999750001,0.7320145808000006,-1.6222872507999997
121,GLY,1.005,0.555862831858407,0.97904,0.67828,0.1247200000000001,1,0.142857142857143,0,0.0,0.4556,0.0,1.0,0.5062,1.11380044,2.16778707,3.10611626,3.880570389999999,-0.47569989709,-0.92308728469,-0.0789781925629999,-0.2236982175699999,6.683416127999989,-6.564530695000001,0.997817792299998,-1.6041239543379997
122,GLY,0.708,0.3915929203539822,1.05732,0.75409,0.34591,2,0.333333333333333,0,0.0,0.4556,0.0,1.0,0.5062,1.11333685,2.16416228,3.09420915,3.85336323,-1.186663382,-2.3141551650000003,-0.1817716496,-0.5174311899,5.149350243999988,-9.93682078499999,0.7777511103999999,-2.249490425700002
123,GLY,0.84,0.4646017699115043,1.03418,0.72847,0.2395300000000001,2,0.285714285714286,0,0.0,0.4556,0.0,1.0,0.5062,1.1129776,2.16132939,3.08481745,3.83163675,-1.1594484771,-2.252620203,-0.19015692264,-0.539581803,5.693514551000014,-8.623225747999992,0.9210412695999992,-2.132414991700001
124,TYR,1.054,0.3092723004694835,3.92928,1.7394299999999996,0.6145700000000005,6,0.5,0,0.0,0.3556,0.8063,0.502,0.1605,1.53115096,2.9780595399999994,4.26183912,5.31392242,-0.8997293397299998,-1.7479127088999995,-0.14759024589,-0.4187252273099999,4.594538577999991,-5.6134956418,0.7336289452999994,-1.5056162190000002
125,ASN,1.079,0.4413087934560327,2.34988,1.0685699999999998,0.2974300000000001,1,0.2,0,0.0,0.1111,0.3976,0.6747,0.8272,1.6714120799999996,3.2571317,4.676705850000001,5.8597795,-1.2491246075000002,-2.4352517721,-0.19176373025,-0.5455566680499999,4.873940981999996,-6.741179748699998,0.7387331320000002,-1.5629337773499992
126,ARG,1.339,0.3993438711601551,3.32947,1.6537599999999997,0.3602400000000005,1,0.166666666666667,0,0.0,0.0,0.7346,0.9398,0.6914,1.5319651000000003,2.98444023,4.28285247,5.36210224,-1.422008081,-2.7741607591000004,-0.21556744903,-0.6136485803999999,5.899225253000006,-9.0325236881,0.8687944014999993,-2.0286942645000003
127,GLN,0.914,0.3179130434782609,2.45191,1.54283,0.4181699999999999,0,0.0,0,0.0,0.1111,0.5388,0.7952,0.6914,1.2523884200000002,2.43374841,3.4778131299999995,4.32747165,-1.9461254662,-3.7803125006,-0.3210113927399999,-0.9110088227,5.139279307999995,-10.940008798200004,0.8652520325000008,-2.814788589899997
128,ASP,1.318,0.4916076091010817,2.24003,0.80743,0.55557,0,0.0,0,0.0,0.1111,0.3239,0.8675,1.0,1.1136311,2.16646362,3.1017713,3.87064995,-1.8282516448000004,-3.557088366999999,-0.29057143234,-0.825007565,5.8131730720000006,-10.993952998,0.9160806463000006,-2.635372865400004
129,ARG,1.092,0.325678496868476,3.1861900000000003,1.75052,0.51048,0,0.0,0,0.0,0.0,0.7346,0.9398,0.6914,1.8114125000000003,3.53415215,5.084785429999999,6.389983379999999,-1.5216548245999997,-2.9782433192,-0.2167888395899999,-0.61920082882,5.583981093999991,-10.860730371200004,0.8253386043000005,-2.386689312199997
130,GLY,0.321,0.1775442477876106,0.68293,1.06722,0.41978,0,0.0,0,0.0,0.4556,0.0,1.0,0.5062,1.25097602,2.4226827,3.4413825300000003,4.24397813,-0.9843180166,-1.9039304598,-0.1741473473049999,-0.49262728732,4.979414430999993,-9.4176295962,0.8685962616000009,-2.473912367306001
131,ASP,1.315,0.4904886236478925,2.45769,0.8915500000000001,0.47445,0,0.0,0,0.0,0.1111,0.3239,0.8675,1.0,1.53091299,2.97621251,4.25581989,5.30031731,-0.9260587394000004,-1.80931694,-0.1374644786,-0.3921467227999999,4.204924305999999,-7.141965511,0.6520275739999991,-1.593370129600001
132,GLY,0.615,0.3401548672566371,0.91229,0.93482,0.2581800000000001,0,0.0,0,0.0,0.4556,0.0,1.0,0.5062,1.39062793,2.6969895,3.84058532,4.75401103,-1.1212106733,-2.1805691505,-0.1810706672999999,-0.5143569858,4.982217864000001,-10.770111586999992,0.8384500168,-2.6633292516999987
133,GLY,0.71,0.3926991150442477,0.99122,0.7759500000000001,0.3220499999999999,0,0.0,0,0.0,0.4556,0.0,1.0,0.5062,1.11281561,2.16004954,3.0805660500000003,3.8217776,-1.0172321554,-1.9772120579,-0.16567948703,-0.4703273003,4.434642310999989,-6.473612744799993,0.7385706470000014,-1.6697611380599986
134,SER,1.059,0.486672794117647,1.49025,0.9107,0.2063000000000002,0,0.0,0,0.0,0.4111,0.1877,0.8514,0.5309,1.11281911,2.16010246,3.0808300399999995,3.82265789,-1.0056656960099997,-1.95874285325,-0.158539282939,-0.451024577301,3.8515203710000017,-5.1084193558600015,0.5921548027000011,-1.1943781310400003
135,SER,1.233,0.5666360294117647,1.36659,0.7436,0.1994,0,0.0,0,0.0,0.4111,0.1877,0.8514,0.5309,0.8341732999999999,1.61667444,2.2995990400000004,2.84226708,-1.1053991203,-2.1414035219,-0.18941823842,-0.5360123857300002,2.780569867999997,-5.780271012500002,0.5069796962000004,-1.6349789003
136,ASN,0.634,0.2593047034764826,1.99833,1.43187,0.3791299999999999,0,0.0,0,0.0,0.1111,0.3976,0.6747,0.8272,1.251972,2.43049107,3.46710684,4.30298774,-0.7705731130000003,-1.5006119741,-0.1223884967399999,-0.34828624274,2.868890773999999,-3.2082936044999983,0.4431196050999997,-0.7719392594999994
137,PHE,1.973,0.634609199099389,3.89485,1.04055,0.0954499999999998,0,0.0,1,0.166666666666667,0.8111,0.783,0.0763,0.037,0.97331831,1.8869946,2.68562578,3.32194656,-0.608927467,-1.1848012075,-0.0977182429,-0.2777269726699999,3.02313224,-3.911799600000002,0.4910987979,-0.9422424201000004
138,SER,1.528,0.7022058823529411,1.5161699999999998,0.6658300000000001,-0.01783,0,0.0,1,0.25,0.4111,0.1877,0.8514,0.5309,0.83416248,1.6165930899999998,2.2993439,2.84172152,-0.49683091394,-0.96167176158,-0.086373632278,-0.24429397162,2.66642529,-3.1061021325000016,0.4581994998000004,-0.8333194206999999
139,ARG,1.602,0.4777810915597972,3.53513,1.4639700000000002,0.2870299999999999,0,0.0,1,0.142857142857143,0.0,0.7346,0.9398,0.6914,1.2523012,2.433053,3.47548049,4.32199144,-0.4534403385999999,-0.8868983965999999,-0.0661156197,-0.18887172834,2.282092492000002,-4.121127535,0.3292515205999999,-0.9032763476000004
140,GLY,0.793,0.4386061946902655,0.91146,0.75041,0.2645900000000001,0,0.0,0,0.0,0.4556,0.0,1.0,0.5062,0.8338161000000001,1.61389152,2.29049261,2.82156776,-0.3760451311,-0.7299797104,-0.06217758396,-0.1762121749999999,4.118859336,-5.087620370399997,0.694079816,-1.2760854223000009
141,GLY,0.964,0.5331858407079646,1.02849,0.66979,0.1742100000000001,0,0.0,0,0.0,0.4556,0.0,1.0,0.5062,0.6944304499999999,1.34167994,1.8982188,2.32750914,-0.4701019935999999,-0.9108126424999998,-0.08066380997,-0.22836847736,2.9020897329999946,-4.780370793999999,0.4973926516000002,-1.2458729806400002
142,TYR,1.501,0.4404342723004694,3.79605,1.5430100000000002,0.3639899999999998,0,0.0,2,0.285714285714286,0.3556,0.8063,0.502,0.1605,0.97249977,1.8806057,2.66467756,3.2741998000000003,-0.3700311998,-0.7204294832000001,-0.05926723259,-0.1686902636799999,2.6694616789999968,-2.599264355899999,0.4381148242999997,-0.61782816551
143,ASN,1.564,0.6396728016359919,2.4582,0.83108,0.0499199999999997,0,0.0,2,0.4,0.1111,0.3976,0.6747,0.8272,0.97360649,1.88925044,2.69304682,3.33893735,-0.4457014613,-0.8671363519999999,-0.0710985024,-0.2019249534,2.3175333620000003,-2.160581263,0.3648520071999999,-0.5556144169000005
144,ASN,0.958,0.3918200408997955,2.26559,1.22178,0.2652199999999998,0,0.0,2,0.333333333333333,0.1111,0.3976,0.6747,0.8272,1.11288884,2.16066835,3.08276227,3.827300539999999,-0.6084670896700001,-1.17949347365,-0.10325218293,-0.2923647118999999,2.120048318,-2.5533334450000003,0.341528919,-0.6140664896000002
145,ARG,1.342,0.4002385923053981,3.45579,1.5718,0.4392,0,0.0,1,0.0909090909090909,0.0,0.7346,0.9398,0.6914,1.53114954,2.9780486,4.2618040200000005,5.31384379,-0.7421545061999998,-1.4372743965999997,-0.12832763427,-0.36321156726,1.9271230420000016,-1.5091981205999994,0.2849956001000002,-0.3663779866999998
146,ASP,0.76,0.2834763148079074,2.2622,1.14376,0.7772399999999999,0,0.0,1,0.111111111111111,0.1111,0.3239,0.8675,1.0,1.53152559,2.9809950800000005,4.2715059,5.33608438,-0.6391543647000001,-1.2368394956,-0.1119937199399999,-0.3168209887,2.2802211180000005,-1.896792340599999,0.3465432939999998,-0.4347539353999998
147,GLU,1.724,0.6319648093841642,3.0648700000000004,0.96057,0.0434300000000001,0,0.0,0,0.0,0.1111,0.4884,0.8112,0.9136,1.25277086,2.43672361,3.48753127,4.34950542,-0.7093391337000001,-1.3813724290000002,-0.1118028782,-0.3179294942,2.437297594999999,-3.129751503000003,0.3677660515000004,-0.6994971298000006
148,GLY,0.779,0.430862831858407,1.01041,0.73792,0.2910799999999999,0,0.0,0,0.0,0.4556,0.0,1.0,0.5062,0.8339587199999999,1.6149907799999998,2.2940479700000003,2.82952017,-0.4984280759999999,-0.9677242000000004,-0.08265769204,-0.2344057923999999,3.299346556,-4.037977838000001,0.5238451041999999,-0.9292868229999997
149,SER,1.391,0.6392463235294117,1.66311,0.84294,-0.0579399999999998,0,0.0,0,0.0,0.4111,0.1877,0.8514,0.5309,0.8341947700000001,1.61684564,2.30017415,2.84362038,-0.5608691476000001,-1.0972944269999998,-0.0808939625599999,-0.2310294016,3.300343783999999,-5.898243773999995,0.5149252150000002,-1.3179300413999997
150,ASP,0.892,0.3327116747482282,2.06021,1.18602,0.6029800000000001,0,0.0,0,0.0,0.1111,0.3239,0.8675,1.0,0.8338331200000001,1.61401804,2.290886,2.82239774,-0.48531723,-0.9463319148,-0.07465597073,-0.2125318304999999,3.294340404,-5.272239565399996,0.5629905594000013,-1.235217567800001
151,ASN,1.698,0.694478527607362,2.6362,0.66412,0.0828799999999998,0,0.0,0,0.0,0.1111,0.3976,0.6747,0.8272,1.11282247,2.16012692,3.08090477,3.82281094,-0.5174040021,-1.0083681721,-0.0807163175999999,-0.2297730272999999,2.3165935840000014,-4.677917461300001,0.3746276399999994,-1.113523618899999
152,ARG,2.026,0.6042350134208171,3.70703,1.20996,0.1170400000000004,0,0.0,1,0.125,0.0,0.7346,0.9398,0.6914,1.25227692,2.43287535,3.47493854,4.3208800400000005,-0.5742923008000002,-1.1145490559,-0.0957991351599999,-0.2715576453,2.864692004,-5.6469408057,0.4743630542000003,-1.4408366959
153,GLY,0.413,0.228429203539823,0.94575,0.85087,0.54413,0,0.0,1,0.1,0.4556,0.0,1.0,0.5062,1.39171626,2.70549608,3.86851988,4.81781524,-0.9490473032,-1.854896998,-0.13980812271,-0.3989397861,2.753984457,-5.9933224309999975,0.4001480754000002,-1.2748225703000002
154,SER,1.247,0.5730698529411765,1.52055,0.7677100000000001,0.1612899999999999,0,0.0,0,0.0,0.4111,0.1877,0.8514,0.5309,0.83346431,1.61113856,2.28144104,2.80085855,-0.8027987965999998,-1.5521742198,-0.1426782717,-0.4034141184699999,4.393775368999999,-4.319290380500004,0.7441140287000013,-1.1153346778600004
155,GLY,0.862,0.4767699115044247,0.98845,0.68889,0.25711,0,0.0,0,0.0,0.4556,0.0,1.0,0.5062,0.97342507,1.88782663,2.68835038,3.32814597,-0.9948902042,-1.935725713,-0.1599091986999999,-0.4545299452,6.0477913219999815,-6.628077685999985,0.9669339568,-1.6414857179999982
156,ARG,2.127,0.6343572919773336,3.93795,1.08484,0.1411600000000004,0,0.0,0,0.0,0.0,0.7346,0.9398,0.6914,1.25192659,2.43011648,3.4658057700000007,4.29979701,-0.9964204437,-1.93660564447,-0.1628609246239999,-0.462398610424,4.909495401,-6.216205470599999,0.7831322307999994,-1.524516962080001
157,SER,0.818,0.3759191176470587,1.63854,0.99806,0.3599400000000001,0,0.0,0,0.0,0.4111,0.1877,0.8514,0.5309,1.67027211,3.248176190000001,4.6471377700000005,5.79175487,-0.9385134922999998,-1.8310648904,-0.14257552656,-0.40602108605,3.6562492889999993,-5.61702310010001,0.5546245002999998,-1.2455763592999998
158,TYR,0.529,0.1552230046948357,3.25436,2.04365,0.83535,0,0.0,0,0.0,0.3556,0.8063,0.502,0.1605,1.52938663,2.96429986,4.216761340000001,5.21129239,-0.9333473361,-1.8120078238000008,-0.15543580203,-0.4409124676999999,5.103185129999996,-7.854947101000003,0.8398735312999998,-1.8951145960000004
159,ASN,1.165,0.4764826175869121,2.33571,0.99588,0.2841199999999998,0,0.0,0,0.0,0.1111,0.3976,0.6747,0.8272,1.53109032,2.9775963400000003,4.260356460000001,5.31065386,-1.0941421296,-2.1290086942,-0.17441816862,-0.4954804093400001,5.977460558999991,-7.832494339200008,0.8874401476999993,-1.7538358773200005
160,ASN,0.986,0.4032719836400818,2.29132,1.20353,0.2554699999999998,0,0.0,0,0.0,0.1111,0.3976,0.6747,0.8272,1.39200809,2.707766,3.8759357199999993,4.83463518,-1.0829895900800002,-2.1060408658,-0.175362724568,-0.4981458363999999,8.139104826000011,-6.8260655392000045,1.216064452600002,-1.6811786573099985
161,ASP,1.036,0.3864229765013054,2.00564,1.18253,0.4624699999999999,0,0.0,0,0.0,0.1111,0.3239,0.8675,1.0,1.1132375099999998,2.1633739,3.09157902,3.84722872,-1.3911347758000003,-2.7026485457,-0.22778924051,-0.6462062122000001,6.560394958000003,-10.7041222543,1.0286213067999987,-2.5962393197999973
162,ARG,1.456,0.4342379958246346,3.24902,1.48549,0.4115100000000002,0,0.0,3,0.2,0.0,0.7346,0.9398,0.6914,1.39075724,2.69801281,3.84399045,4.76192725,-0.8533713585999999,-1.6635427659000004,-0.13257549597,-0.3775043098400001,5.066476223,-9.543154641700005,0.8109753627999996,-2.2708244108200013
163,ARG,2.202,0.6567253206084104,3.80841,0.97386,0.1771400000000003,0,0.0,3,0.230769230769231,0.0,0.7346,0.9398,0.6914,1.25061621,2.41996049,3.4327466,4.22517276,-0.7434133334999999,-1.4471113640000002,-0.1184038662,-0.3366675848,5.182539627,-10.903218963,0.8427383834999989,-2.6603188547000003
164,ASP,0.575,0.2144722118612458,1.93638,1.2781,0.8278999999999999,0,0.0,3,0.272727272727273,0.1111,0.3239,0.8675,1.0,1.11116605,2.14724234,3.0388081,3.72731721,-0.7465756509999999,-1.4516583039999995,-0.1213271820999999,-0.3446844897,4.866095803999999,-10.58035278699999,0.812507625600001,-2.5986242581000014
165,ASN,1.662,0.6797546012269938,2.5721800000000004,0.7612399999999999,0.02176,0,0.0,1,0.166666666666667,0.1111,0.3976,0.6747,0.8272,0.97326214,1.88655374,2.68417028,3.31859808,-0.8024283400000002,-1.563221137,-0.1259819999999999,-0.358447492,5.181371151999999,-9.380212521999995,0.8519074529,-2.276083722599997
166,GLY,1.002,0.5542035398230089,1.05018,0.6186300000000001,0.1873699999999999,0,0.0,1,0.0909090909090909,0.4556,0.0,1.0,0.5062,1.11226315,2.1557644700000003,3.06661161,3.79026736,-0.5425827988999999,-1.052496832,-0.091314847,-0.2587734509,4.320662852999997,-4.766996680999997,0.6869439833000014,-1.2289847438000003
167,GLY,0.219,0.1211283185840707,0.63574,1.06109,0.5279099999999999,0,0.0,3,0.166666666666667,0.4556,0.0,1.0,0.5062,1.38915743,2.68564141,3.803814130000001,4.67152614,-0.3693681135,-0.7192674009999999,-0.05785623291,-0.1644037836599999,4.3997058340000015,-4.3479972395000015,0.6894442222000016,-1.0727116015999996
168,ASP,0.328,0.1223424095486758,1.93937,1.54099,0.8120100000000001,0,0.0,1,0.0555555555555556,0.1111,0.3239,0.8675,1.0,1.66977051,3.24427204,4.6343742400000005,5.762777659999999,-0.27849266883,-0.5411517381000001,-0.04568088275,-0.12966344115,5.267917734000001,-2.5764513126,0.7943102557999976,-0.6744708218999999
169,GLY,0.983,0.5436946902654867,1.55769,0.7200099999999999,0.1049900000000001,0,0.0,0,0.0,0.4556,0.0,1.0,0.5062,1.6726322700000005,3.26655107,4.70723839,5.92830584,-1.05069693466,-2.0550344197,-0.1516614312,-0.43281981631,4.9594935800000055,-7.559630041100005,0.695103348500001,-1.5693463576599995
