2,MET,1.979,0.6636485580147552,2.79603,0.83313,0.16987,1,0.25,0,0.0,0.7111,0.6196,0.0,0.0988,0.83609588,1.6316168299999998,2.3483845700000003,2.95284165,-1.2132135726440352,-2.3799933559692708,-0.1646419016543695,-0.4713905684390713,9.76080773199996,-12.331798091431237,1.3739841548000007,-2.541462085348857
3,GLU,1.467,0.5377565982404692,2.99545,0.98384,0.2771600000000001,5,0.714285714285714,0,0.0,0.1111,0.4884,0.8112,0.9136,0.8335116599999999,1.61150435,2.28262654,2.80351796,-1.4433828447,-2.8100598597000013,-0.23054984662,-0.6559486816,8.706884793999969,-14.375370449400004,1.4931878318999976,-3.5044273837000035
4,SER,1.23,0.5652573529411764,1.7469,0.75835,0.1876500000000002,5,0.416666666666667,0,0.0,0.4111,0.1877,0.8514,0.5309,1.3906595000000004,2.69730074,3.84182783,4.75752243,-2.2998575256,-4.469843100599996,-0.37535008825,-1.0655680425600005,9.147507177999977,-13.923667983400003,1.480325949399996,-3.504846588479996
5,ASN,0.839,0.3431492842535787,2.18274,1.10616,0.4998399999999998,7,0.466666666666667,0,0.0,0.1111,0.3976,0.6747,0.8272,1.94812023,3.78548251,5.40865365,6.72829863,-2.34405415248,-4.5605104658,-0.3757389676939999,-1.0676118906239995,10.61259319399999,-14.362187308199976,1.6177377504000052,-3.3195042069000054
6,GLN,0.306,0.1064347826086956,2.03925,1.77527,0.79373,11,0.379310344827586,0,0.0,0.1111,0.5388,0.7952,0.6914,2.92297428,5.68426409,8.13225896,10.13479446,-2.3361039864000004,-4.5447836034,-0.37648589897,-1.07013288813,9.108149740999997,-14.755977410899998,1.489467486100002,-3.584444682699998
7,SER,0.18,0.0827205882352941,1.20864,1.28433,0.7116700000000002,2,0.0666666666666667,0,0.0,0.4111,0.1877,0.8514,0.5309,2.3649628000000003,4.591858300000001,6.55183601,8.13379096,-2.7206088271999995,-5.274969994699998,-0.4623692360099997,-1.3101156127499998,8.641619905999999,-14.75521158500002,1.370026572599999,-3.529202358669995
8,ASN,0.668,0.2732106339468303,1.96143,1.28196,0.4950399999999997,0,0.0,0,0.0,0.1111,0.3976,0.6747,0.8272,1.94854691,3.78875003,5.41915274,6.751577510000001,-3.06495267426,-5.975916133090002,-0.4726025043569998,-1.345404119785,9.581040900999987,-17.44462839726,1.548008736400001,-4.064720893989994
9,ASN,0.918,0.3754601226993865,2.2327,1.25533,0.2716699999999996,0,0.0,0,0.0,0.1111,0.3976,0.6747,0.8272,1.3901030400000003,2.69289995,3.82720211,4.723585180000001,-1.7986629677999997,-3.4967372873,-0.2934014270799999,-0.8334296976,8.662583086999977,-14.371265852099976,1.528959549199994,-3.5376876687999914
10,GLY,0.303,0.1675884955752212,0.6033,0.98504,0.5199600000000001,0,0.0,0,0.0,0.4556,0.0,1.0,0.5062,1.25167465,2.42815573,3.45939672,4.28525059,-1.5434291785,-3.006274779,-0.24306610627,-0.6914946540000001,10.51442388699998,-19.896285572999965,1.7753803123999967,-4.81474031159999
11,GLY,0.48,0.2654867256637168,1.0216500000000002,0.89134,0.43666,0,0.0,0,0.0,0.4556,0.0,1.0,0.5062,1.25212856,2.43168213,3.47090139,4.31129326,-1.22529025137,-2.3900048249000005,-0.18895915458,-0.5384884106700001,13.244684945000031,-15.272385468299984,2.046648447599994,-3.5925820012999945
12,SER,1.32,0.6066176470588235,1.49489,0.7307899999999999,0.1252100000000001,0,0.0,0,0.0,0.4111,0.1877,0.8514,0.5309,0.8341208,1.61626982,2.29829179,2.83934752,-1.1828729051000002,-2.2970991070000006,-0.19512817066,-0.5533958363000001,10.836063124000052,-19.086413801999964,1.7469902820000065,-4.831940037200002
13,GLY,0.927,0.5127212389380531,0.8909199999999999,0.78046,0.1005399999999999,0,0.0,0,0.0,0.4556,0.0,1.0,0.5062,0.6944926199999999,1.34216742,1.89982443,2.33119113,-1.161674872,-2.2488568252999994,-0.2020380295799999,-0.57164708495,6.7429532120000015,-16.78029614509999,1.1782304031999986,-4.460331423150007
14,ASN,1.278,0.5226993865030676,2.38381,1.08699,0.0800099999999999,0,0.0,0,0.0,0.1111,0.3976,0.6747,0.8272,1.11344079,2.16497252,3.09686281,3.85940208,-1.0127806609000003,-1.977305171,-0.15222195198,-0.4338596340299999,7.476168577999984,-14.827774443099983,1.0742195682,-3.2133310583000005
15,ALA,0.747,0.3425034387895461,1.07337,0.95889,0.4751100000000001,0,0.0,0,0.0,0.7,0.1645,0.249,0.3951,1.11303889,2.16181002,3.08640199,3.83527569,-0.6202276890000001,-1.205355615,-0.10107374519,-0.2868315774300001,4.753431319999999,-6.219059541999993,0.7448024470000006,-1.61890084534
16,ALA,0.675,0.3094910591471802,1.11075,1.02801,0.4779899999999999,0,0.0,1,0.142857142857143,0.7,0.1645,0.249,0.3951,1.25260373,2.43544124,3.4834047900000003,4.34034248,-0.6973355546,-1.3666017677000002,-0.09735402071,-0.2785914694999999,4.802779559999992,-8.6231467945,0.6693431903999986,-1.7901998959399994
17,LEU,1.024,0.3852520692249812,2.36952,1.31328,0.3207199999999999,0,0.0,3,0.25,0.9222,0.663,0.2811,0.0,1.11173808,2.15167647,3.05324187,3.75989591,-0.8684683610999998,-1.6926997310000005,-0.1350885547199999,-0.3845300599,4.477666415000004,-9.238591829999995,0.7130682114999999,-2.093744295900002
18,ASN,1.337,0.5468302658486708,1.76604,1.2241099999999998,-0.1161099999999999,0,0.0,1,0.2,0.1111,0.3976,0.6747,0.8272,0.83472268,1.62086447,2.31300858,2.87183597,-0.7960612919000001,-1.5497206702000004,-0.12656398475,-0.3598806325,4.831001953000013,-8.620051925399991,0.7715154927000011,-2.0383410700999964
19,ARG,2.454,0.7318818968088279,4.01479,1.0081,-0.1090999999999999,0,0.0,0,0.0,0.0,0.7346,0.9398,0.6914,1.1266762204999998,2.186675434,3.117890397,3.8669981615000006,-1.0982168847435,-2.1380000199075,-0.1742002454785499,-0.4952639919351499,7.061894864550003,-12.107190961629495,1.1237140024199996,-2.8681263404978488
20,GLY,0.922,0.5099557522123894,1.05796,0.6131500000000001,0.2728499999999999,1,0.166666666666667,2,0.333333333333333,0.4556,0.0,1.0,0.5062,0.97488318,1.89913589,2.72519622,3.4114227,-1.0218910643,-1.9928170234000009,-0.15629924554,-0.44484748368,4.993781093999996,-9.2757106464,0.7420643101000003,-2.077009675160002
21,GLY,0.279,0.1543141592920354,0.7939,1.01283,0.51617,2,0.153846153846154,2,0.153846153846154,0.4556,0.0,1.0,0.5062,1.39085491,2.69877103,3.84645816,4.76749102,-0.9339436204999998,-1.8158221210000005,-0.15161447793,-0.4305716927,5.811527709000002,-9.510308041199997,0.937107340399998,-2.2281326635000003
22,ARG,0.524,0.1562779600357888,2.82936,2.28233,0.5466700000000002,3,0.1875,0,0.0,0.0,0.7346,0.9398,0.6914,1.94922541,3.79402608,5.436387960000001,6.79066662,-1.1224638538000002,-2.1909380908,-0.16948331702,-0.4829827323999999,7.194764187000006,-15.17730906500002,1.0817744443999997,-3.2803579433999976
23,TYR,1.461,0.4286971830985915,3.69676,1.11448,0.8325199999999999,4,0.571428571428571,2,0.285714285714286,0.3556,0.8063,0.502,0.1605,1.39184506,2.70647944,3.87166683,4.82474881,-1.24395278715,-2.4132937329,-0.2089578024979999,-0.5921914452600002,7.78213411800001,-16.310256868299998,1.196121108800004,-3.6777911800499976
24,VAL,1.025,0.4209445585215605,1.84878,0.89645,0.5135500000000002,0,0.0,1,0.142857142857143,0.9667,0.4924,0.3655,0.1235,1.11269707,2.15913027,3.0775738400000003,3.81502512,-1.3272581647000004,-2.5785616093000003,-0.21879996704,-0.6211051633000001,8.011442824000016,-15.32624470690003,1.2829660890999994,-3.664726258599997
25,PRO,1.098,0.4923766816143498,1.72334,1.00278,0.1292199999999999,0,0.0,1,0.2,0.3222,0.3764,0.8594,0.3827,1.11327977,2.1637136,3.0927262799999995,3.849946070000001,-1.1024577546000005,-2.155261617,-0.16084595101,-0.4588930197999999,6.292159993999977,-9.62499126499999,0.9297725718000012,-2.128592961700001
26,PRO,0.627,0.2811659192825112,1.7099799999999998,1.31935,0.2836499999999999,0,0.0,1,0.111111111111111,0.3222,0.3764,0.8594,0.3827,0.97304114,1.8848193,2.6784523500000006,3.3054704600000004,-0.7284288312200001,-1.4210693357000002,-0.111588434475,-0.3179537274999999,6.5979481740000026,-7.416019520040002,1.0583128467999974,-1.7127968801600029
27,HIS,1.606,0.5808318264014467,3.1249900000000004,0.8926500000000002,0.2663499999999998,0,0.0,1,0.166666666666667,0.1444,0.561,0.1124,0.679,0.8336171800000001,1.6123381799999998,2.28539706,2.80994524,-0.70635287256,-1.3748143637,-0.1122762026399999,-0.3190898852999999,5.414817785000005,-6.176304684400002,0.903431231,-1.5919474231000017
28,LEU,1.801,0.6775771256583898,2.51608,0.8516500000000001,0.0053499999999998,0,0.0,0,0.0,0.9222,0.663,0.2811,0.0,0.8339570200000002,1.61498981,2.2940886,2.82974829,-1.1400965447699996,-2.22170945195,-0.1776085394279999,-0.5053875855830001,5.847399385999983,-9.097352981849982,0.9675780907000032,-2.307669404676995
29,ARG,1.971,0.5878317924246943,3.75194,1.1761,0.2059000000000002,0,0.0,1,0.125,0.0,0.7346,0.9398,0.6914,1.11205983,2.15416531,3.0613241600000003,3.77807909,-1.7306884690000002,-3.365057274,-0.28163582647,-0.8001080463000002,6.950165939000009,-11.29405007800002,1.1259941111000027,-2.701703811979996
30,GLY,0.536,0.2964601769911504,0.89851,0.8827600000000001,0.3892399999999999,0,0.0,0,0.0,0.4556,0.0,1.0,0.5062,1.6712328000000003,3.25571302,4.67198428,5.848802029999999,-1.6404905780300003,-3.191926479,-0.26184815287,-0.7438150586040001,10.451315578000017,-17.311898379400006,1.628830919700003,-4.106059488899994
31,GLY,0.2,0.1106194690265486,0.86599,1.07537,0.5326300000000002,0,0.0,0,0.0,0.4556,0.0,1.0,0.5062,2.22756255,4.335079760000001,6.209952200000001,7.75394444,-1.47856120765,-2.87445700046,-0.2401937796,-0.6820606007200004,8.87261622999999,-13.923083912199989,1.4478301635000006,-3.5257764257600046
32,ASP,0.694,0.258858634837747,2.18444,1.13112,0.8558800000000002,0,0.0,0,0.0,0.1111,0.3239,0.8675,1.0,2.08759906,4.058332119999999,5.802711800000001,7.2254844,-0.96776308759,-1.8752983668,-0.1656489394499999,-0.4690202163599999,8.16441210400002,-6.5796596517,1.3437980202999982,-1.7200878767799987
33,GLY,0.345,0.1908185840707964,0.87153,1.0052499999999998,0.4577500000000003,0,0.0,0,0.0,0.4556,0.0,1.0,0.5062,1.94808801,3.7851315999999993,5.407163430000001,6.72386637,-1.7255584587339998,-3.35639223671,-0.279593612169,-0.7947514758929999,8.918225531999994,-13.319139618799992,1.4116190546999998,-3.114725432285996
34,GLY,0.896,0.495575221238938,0.9325,0.68726,0.22474,0,0.0,0,0.0,0.4556,0.0,1.0,0.5062,1.9486523,3.78963823,5.42228951,6.75940905,-1.2959800584600003,-2.523123720900001,-0.2051718518,-0.5832867245800002,8.525564955999961,-10.557635694699991,1.327601583900005,-2.426550965139994
35,ALA,0.061,0.0279688216414488,1.00249,1.21733,0.90267,0,0.0,0,0.0,0.7,0.1645,0.249,0.3951,2.0859601,4.0455999700000005,5.761174670000001,7.131449819999999,-0.9669263999600002,-1.8721927667,-0.1681709212799999,-0.4760609025299999,7.955545914000008,-10.579276737099985,1.4149685492000026,-2.799040095860008
36,ALA,0.538,0.2466758367721229,1.26911,0.9226,0.7204,0,0.0,0,0.0,0.7,0.1645,0.249,0.3951,2.36672496,4.60551582,6.59628917,8.23411627,-1.391367516,-2.7151093549,-0.21144698786,-0.6024915221000001,8.371015409999993,-15.27028937159999,1.2932576751000016,-3.5567108148000006
37,ALA,1.104,0.5061898211829436,1.2762099999999998,0.7232999999999998,0.3537000000000001,0,0.0,0,0.0,0.7,0.1645,0.249,0.3951,1.67138999,3.25695888,4.67613675,5.858473140000001,-1.2328165892999998,-2.3945013846,-0.2027213675099999,-0.5749685627300001,11.004391441,-11.604082431000023,1.6849232629000035,-3.010004361300005
38,ALA,0.946,0.4337459880788629,1.27995,0.72226,0.5127400000000001,0,0.0,1,0.333333333333333,0.7,0.1645,0.249,0.3951,0.83392641,1.6147605699999998,2.29337219,2.82822474,-1.3937205549999998,-2.6996783993000006,-0.23949523854,-0.6777895787,7.616176943999999,-14.026258559900016,1.2295174576000003,-3.340845473200005
39,ALA,0.879,0.4030261348005502,1.31431,0.7875699999999999,0.5144300000000002,0,0.0,1,0.142857142857143,0.7,0.1645,0.249,0.3951,1.25165251,2.42799038,3.45888259,4.28416522,-1.6974340390000002,-3.3073727182400003,-0.2662702123279999,-0.7579394010299998,9.477160636000027,-15.281169124599996,1.4127309626000015,-3.3084177246199995
40,SER,1.262,0.5799632352941176,1.69445,0.74187,0.1721300000000001,0,0.0,1,0.25,0.4111,0.1877,0.8514,0.5309,0.97346838,1.88817354,2.68951957,3.33090902,-1.0811837798,-2.108491209,-0.16417649153,-0.46696953438,5.893237849999993,-9.236100324999994,0.9131746831999984,-2.1795763401999984
41,ALA,0.799,0.3663457129756992,1.22111,0.83337,0.5486300000000001,0,0.0,1,0.166666666666667,0.7,0.1645,0.249,0.3951,0.83328066,1.60972591,2.27688023,2.7906811799999995,-0.5506140896,-1.0667401337,-0.095302123854,-0.27002263704,4.903549053,-8.803235664200002,0.8305292723000004,-2.238860208700003
42,GLY,1.061,0.5868362831858407,0.99663,0.591,0.1560000000000001,0,0.0,1,0.25,0.4556,0.0,1.0,0.5062,0.5549702400000001,1.06889004,1.50406024,1.82919062,-0.553608109,-1.068029194,-0.1015319738,-0.286557872,3.875166771999998,-10.350229367999995,0.7232896259000006,-2.870219345999998
43,GLY,0.64,0.3539823008849557,0.91663,0.78741,0.3805900000000001,0,0.0,1,0.166666666666667,0.4556,0.0,1.0,0.5062,0.8335539599999999,1.61185962,2.28387824,2.80663783,-0.5361308262000001,-1.0482033383,-0.0784701408399999,-0.22399314084,5.779903690000008,-6.972570107199999,0.8684083496000005,-1.5581338424400013
44,ASP,0.875,0.3263707571801567,2.1531800000000003,1.1883199999999998,0.6176800000000002,0,0.0,0,0.0,0.1111,0.3239,0.8675,1.0,0.6943253899999999,1.34084927,1.89545661,2.32109464,-0.575710335,-1.11440362,-0.100837459,-0.285449215,5.996080654000018,-9.246225574000006,1.064531683000001,-2.350918201799998
45,ASP,1.283,0.4785527788138753,2.18186,0.69961,0.6983900000000002,0,0.0,0,0.0,0.1111,0.3239,0.8675,1.0,0.97393061,1.89178724,2.7013886,3.3580249600000003,-1.405160353,-2.7368017705,-0.2197419447299999,-0.6246277210000002,7.351420754999974,-8.270728682700007,1.1078395510999997,-1.914946920920001
46,ARG,1.816,0.5416045332538025,3.79003,1.27599,0.2610100000000002,0,0.0,1,0.125,0.0,0.7346,0.9398,0.6914,1.25249446,2.43456444,3.48044745,4.33334854,-0.8654194162999999,-1.6850607297000004,-0.1367834577,-0.38891502372,9.26146859900001,-9.479617364300005,1.5294052242999936,-2.290381979049999
47,ARG,1.647,0.4912019087384431,3.588,1.45371,0.2522900000000001,0,0.0,2,0.166666666666667,0.0,0.7346,0.9398,0.6914,1.39073188,2.69784474,3.8435418,4.761216599999999,-0.7624157353000002,-1.48228314,-0.1229604368099999,-0.34897181065,6.010362019999991,-5.458700694200001,0.9479730978000008,-1.3948759106999995
48,GLY,0.744,0.411504424778761,0.96565,0.6943699999999999,0.3696300000000001,0,0.0,2,0.153846153846154,0.4556,0.0,1.0,0.5062,1.11222276,2.15543843,3.06550601,3.78763427,-0.9534086509000002,-1.8537986408000005,-0.15518208065,-0.4409209905000001,6.475806760999998,-11.554750941200014,1.0716924716,-2.8671741117
49,GLY,0.457,0.2527654867256637,0.85241,0.8709599999999998,0.4800400000000001,0,0.0,0,0.0,0.4556,0.0,1.0,0.5062,1.11095355,2.14557062,3.0332816099999995,3.71458344,-0.9470984014,-1.838938115,-0.15807445156,-0.4486770389,6.4679308620000135,-10.057959391999988,1.1405887486000026,-2.5379831792999985
50,ALA,1.139,0.5222375057313159,1.37894,0.67089,0.37111,1,0.0909090909090909,0,0.0,0.7,0.1645,0.249,0.3951,1.11241249,2.15692639,3.07040789,3.79887681,-1.0524966602979997,-2.04724599571,-0.168810288458,-0.479406048689,5.77077233899999,-7.47294273008,0.9436168144999996,-1.8593334791119995
51,GLY,0.772,0.4269911504424779,0.9979,0.7594,0.2766,1,0.0769230769230769,0,0.0,0.4556,0.0,1.0,0.5062,1.5310014199999995,2.9768843900000004,4.257958370000001,5.30499163,-2.2723170259000005,-4.444232855,-0.3317269625899999,-0.94755545715,4.562150125999994,-5.477129744400004,0.6786563933999993,-1.2283002388200006
52,GLY,0.034,0.0188053097345132,0.63534,0.98172,0.79228,0,0.0,2,0.08,0.4556,0.0,1.0,0.5062,1.5285506400000002,2.95778942,4.1954643,5.162900049999999,-1.48606686363,-2.9049554098,-0.21990826727,-0.6280016458600001,4.634310568000008,-3.032798725899997,0.741104180800001,-0.6760197699999997
53,GLY,0.408,0.2256637168141592,0.81881,0.91907,0.4809300000000001,1,0.037037037037037,2,0.0740740740740741,0.4556,0.0,1.0,0.5062,1.80782448,3.50614541,4.992946310000001,6.180621449999999,-1.6971200435999998,-3.320268476800001,-0.243596536,-0.6954336003,5.863314484999976,-6.775118869999998,0.8333799523999998,-1.4510841223999988
54,GLY,0.791,0.4375,0.90571,0.74399,0.2730099999999998,1,0.0588235294117647,0,0.0,0.4556,0.0,1.0,0.5062,1.95021786,3.80177522,5.461804910000001,6.848624629999999,-1.6002411299000003,-3.1171559405,-0.2503643961199999,-0.71193279465,7.075088742000004,-9.066633379100011,1.077701425,-2.14567793564
55,TYR,0.219,0.0642605633802816,3.06369,2.20678,0.98222,0,0.0,1,0.0384615384615385,0.3556,0.8063,0.502,0.1605,2.2273098600000005,4.333078930000001,6.20329424,7.738471029999999,-1.99222412479,-3.87018536441,-0.3272516731999999,-0.928570944616,6.914501489999981,-5.115976784709992,1.083000019799999,-1.2629609779880009
56,ARG,1.937,0.5776916194452729,3.79347,1.16132,0.2546800000000002,1,0.037037037037037,5,0.185185185185185,0.0,0.7346,0.9398,0.6914,2.7859381800000005,5.43035907,7.799899780000001,9.776963149999998,-2.652555858895998,-5.167647806950002,-0.4159769093603,-1.1835143567419997,7.584721228999991,-8.735036167299992,1.1693267953999993,-2.181996296000003
57,ARG,0.411,0.1225767968983,2.98349,2.0407900000000003,0.9012099999999998,2,0.0526315789473684,2,0.0526315789473684,0.0,0.7346,0.9398,0.6914,3.622002740000001,7.061654490000001,10.146979080000005,12.72607627,-1.5595248585000003,-3.0351695957000007,-0.24909475349,-0.7081169905100003,5.697132306999992,-4.116421629499999,0.8899723636000023,-0.9739222922200006
58,GLY,0.071,0.0392699115044247,0.64011,1.08228,0.6547200000000002,9,0.204545454545455,0,0.0,0.4556,0.0,1.0,0.5062,3.4808390299999994,6.77567927,9.70996555,12.13123055,-2.11281438955166,-4.111589893150557,-0.3352099885491394,-0.9521204809248236,6.254399102000006,-10.423575596500015,0.9084263204000008,-2.1972995975630005
59,GLY,0.345,0.1908185840707964,0.66968,0.95011,0.5128900000000001,6,0.260869565217391,0,0.0,0.4556,0.0,1.0,0.5062,2.2258705,4.32193386,6.16705012,7.65676355,-2.2058806235,-4.2790752419,-0.37309446681,-1.0578691766599997,9.113269014999991,-9.370728555800008,1.4434437904000013,-2.29460187348
60,GLY,0.513,0.2837389380530973,0.8359399999999999,0.8713,0.4236999999999999,8,0.32,0,0.0,0.4556,0.0,1.0,0.5062,2.22668232,4.3281694,6.187153410000001,7.70154418,-2.4351564719,-4.740912280500001,-0.38722381227,-1.101243907239999,10.44340183699998,-12.8183198361,1.6998430670999989,-3.097487592239998
61,ASN,0.6,0.2453987730061349,1.72012,1.4084499999999998,0.43655,12,0.315789473684211,6,0.157894736842105,0.1111,0.3976,0.6747,0.8272,2.78223023,5.4015346100000015,7.70578559,9.56365473,-1.5293630609000004,-2.9628556611999994,-0.265025857172,-0.7509711972299999,8.322647253000007,-6.586931152000015,1.362079804100001,-1.6740994009800008
62,SER,0.0,0.0,1.06288,1.2187500000000002,0.95725,24,0.452830188679245,5,0.0943396226415094,0.4111,0.1877,0.8514,0.5309,2.920246439999999,5.663006890000001,8.062668160000001,9.976496889999998,-1.82984063194,-3.5549899336000004,-0.3021446116100001,-0.8578742712999999,6.555142573,-10.801500569600002,1.0810285630000005,-2.5895521365000005
63,GLY,0.033,0.0182522123893805,0.51605,0.9915,0.7835000000000001,17,0.293103448275862,1,0.0172413793103448,0.4556,0.0,1.0,0.5062,3.19931754,6.209964820000001,8.856185230000001,10.987050000000002,-1.8202245551400005,-3.53892449905,-0.2953056636849999,-0.8386117928959997,6.092894638,-10.262588903750006,0.9235328004,-2.302714557956004
64,GLY,0.219,0.1211283185840707,0.61815,1.04931,0.53969,8,0.258064516129032,0,0.0,0.4556,0.0,1.0,0.5062,2.3666309,4.604786640000001,6.593917910000001,8.228773969999999,-1.9416901817239989,-3.76887050684,-0.3245021409919998,-0.920396931692,5.302119334999996,-5.405112989830001,0.844736332700001,-1.3009149710640011
65,GLY,0.539,0.2981194690265487,0.7254600000000001,0.90383,0.3651700000000001,1,0.0666666666666667,0,0.0,0.4556,0.0,1.0,0.5062,1.9508986,3.8071143700000007,5.4794013700000015,6.889010989999999,-1.8927872777,-3.684455878800001,-0.2998864423700001,-0.85223237154,4.67921697699999,-4.1878624948000045,0.6972038802999986,-0.9971035315
66,GLY,0.616,0.3407079646017699,1.02368,0.83537,0.3566300000000002,1,0.0476190476190476,0,0.0,0.4556,0.0,1.0,0.5062,1.94919364,3.79379176,5.43566699,6.789168909999999,-2.1567913101999983,-4.211859540800001,-0.3241148810720001,-0.9243968377999996,6.049580326999994,-5.528180157400004,0.9546382311999984,-1.3059314453999988
67,GLY,0.867,0.4795353982300885,0.91332,0.75882,0.18218,1,0.1,0,0.0,0.4556,0.0,1.0,0.5062,1.2526778900000002,2.43599332,3.4851212199999995,4.34396431,-1.8885393022200003,-3.683879056309999,-0.2886369259169999,-0.8219981216,7.465016817999992,-9.124087792999996,1.1631215988000003,-2.204024230549999
68,GLY,0.705,0.389933628318584,0.91188,0.8524599999999999,0.2505400000000003,3,0.2,1,0.0666666666666667,0.4556,0.0,1.0,0.5062,1.39182362,2.7063296500000003,3.87123821,4.823966049999999,-2.28742355333,-4.460979815799998,-0.350751930906,-0.99864034963,8.889479760999986,-11.037213036599988,1.302312748400001,-2.385252488059996
69,GLY,0.502,0.2776548672566372,0.93395,0.9464,0.3596,6,0.25,6,0.25,0.4556,0.0,1.0,0.5062,1.9483651500000003,3.787321590000001,5.4144361100000005,6.740724429999998,-2.2403803463000003,-4.365413385499998,-0.3519114833000001,-1.00190409609,10.923624593000058,-10.909792758800004,1.7069549559000028,-2.5181474390999927
70,TYR,1.158,0.3397887323943662,3.69505,1.43415,0.81585,11,0.647058823529412,5,0.294117647058824,0.3556,0.8063,0.502,0.1605,1.9492182700000005,3.7940042800000007,5.43643438,6.791133339999999,-2.19169321382,-4.26765002922,-0.3464251733919999,-0.9851536062799996,10.60445799100001,-12.093303246199993,1.6904336543000045,-2.9147025708499967
71,ASP,0.623,0.2323759791122715,1.90162,1.20828,0.8497199999999998,9,0.5625,3,0.1875,0.1111,0.3239,0.8675,1.0,2.08797952,4.06144359,5.813400700000002,7.251330319999998,-1.96173611902,-3.816688089718,-0.3132187971677002,-0.8896440882734999,11.110512814000018,-13.044038586237985,1.7955880911000053,-3.288278502713496
72,ARG,1.256,0.3745899194750969,3.10846,1.73884,0.3581600000000005,12,0.6,4,0.2,0.0,0.7346,0.9398,0.6914,2.2273740700000006,4.33367072,6.205542960000001,7.74453327,-1.6527539759800003,-3.2172862854,-0.262959773516,-0.7476715176750001,10.764913468000014,-10.817289502940003,1.6833853807000012,-2.6813810328500014
73,GLY,0.579,0.3202433628318584,0.91795,0.7712499999999999,0.4577500000000002,5,0.384615384615385,1,0.0769230769230769,0.4556,0.0,1.0,0.5062,1.39159824,2.70455819,3.86538587,4.81048879,-1.9939390838,-3.8666077524,-0.3384107990100001,-0.9590570719,12.879124381000011,-11.451286872799992,2.080687170899999,-2.938094982700001
74,TYR,1.497,0.4392605633802817,3.80603,1.43115,0.4798499999999999,13,0.541666666666667,2,0.0833333333333333,0.3556,0.8063,0.502,0.1605,2.08700839,4.053808030000002,5.78817494,7.19325661,-2.245094897599999,-4.364887147400001,-0.36396796398,-1.0334667296000002,7.069115419999991,-11.854232118999995,1.1279853678999987,-2.781507514000003
75,ASN,0.775,0.3169734151329244,1.9532,1.1813299999999998,0.4886700000000001,9,0.28125,0,0.0,0.1111,0.3976,0.6747,0.8272,2.36416994,4.58568154,6.531614920000001,8.08778712,-2.496554553607,-4.845410847229998,-0.4183513486794001,-1.1866051172344998,7.807760358999975,-13.859604912899988,1.3123839496999985,-3.4138872118800028
76,ASP,0.134,0.0499813502424468,1.6817,1.5257299999999998,1.0212700000000003,4,0.114285714285714,0,0.0,0.1111,0.3239,0.8675,1.0,2.364125,4.58534762,6.530578080000001,8.08560224,-2.82692079388,-5.478184992849998,-0.485394521711,-1.3749901998250005,8.006761849000004,-11.303875667380012,1.3211701454000002,-2.9104732608900026
77,ASN,0.762,0.3116564417177914,2.18115,1.1602799999999998,0.5227200000000001,0,0.0,0,0.0,0.1111,0.3976,0.6747,0.8272,2.08740922,4.05688147,5.798066250000001,7.215237909999999,-2.9163656195,-5.6897333145,-0.4441646694099997,-1.2650779803,7.501444874999986,-11.24385897310001,1.1964634399999992,-2.700989120999997
78,ARG,1.451,0.4327467939158962,3.4307,1.4804800000000002,0.4215199999999999,0,0.0,0,0.0,0.0,0.7346,0.9398,0.6914,1.80923635,3.51714164,5.02892015,6.26236982,-2.41239096123,-4.716453926499999,-0.35255634873,-1.0062134121800006,6.207461932999998,-8.941185744999999,0.9696181252000006,-2.0159031371
79,ASP,0.756,0.2819843342036554,2.09536,1.25747,0.66753,0,0.0,0,0.0,0.1111,0.3239,0.8675,1.0,1.39035602,2.6948812,3.833720040000001,4.73850799,-2.1570697822350007,-4.19941778346,-0.341457875481,-0.97065785687,7.491690333999993,-15.766467168379984,1.276158505900002,-4.141980198709995
80,ASP,1.467,0.5471838866094741,2.52692,0.8206300000000001,0.3933699999999999,0,0.0,0,0.0,0.1111,0.3239,0.8675,1.0,1.11310908,2.16235806,3.08819987,3.8393767,-1.897568162540001,-3.6910234944,-0.3054814060889999,-0.8678232075499999,12.84081665600004,-23.30372123780005,2.0577126014,-5.718158705750003
81,ARG,2.06,0.6143751864002386,3.94548,1.04437,0.2486300000000001,0,0.0,0,0.0,0.0,0.7346,0.9398,0.6914,1.25294322,2.43808852,3.4920777600000004,4.36009049,-2.0421283678,-3.980563434499998,-0.31612972278,-0.8996475690000002,13.402341153000044,-24.85774264500004,2.043533486700004,-5.683940438100019
82,ASP,0.941,0.350988437150317,2.33568,1.24711,0.4928900000000003,0,0.0,0,0.0,0.1111,0.3239,0.8675,1.0,1.53035198,2.97188,4.24176993,5.26876541,-1.4218202883999995,-2.744796954900001,-0.25885038896,-0.7311195488600002,11.61273624000003,-19.730529295399943,1.955187250799996,-5.261813155469999
83,ASN,0.287,0.1173824130879345,1.75048,1.6378,0.5202,0,0.0,0,0.0,0.1111,0.3976,0.6747,0.8272,1.9468637100000004,3.77560415,5.37602193,6.65318421,-1.2923495187799998,-2.5104948041000013,-0.2139421620999999,-0.6074663907699999,9.187014241000004,-15.970701324000022,1.5007842885000036,-3.923921219829992
84,ARG,2.192,0.6537429167909335,3.8306,0.98357,0.1774299999999999,0,0.0,0,0.0,0.0,0.7346,0.9398,0.6914,1.3902522000000002,2.69404038,3.830859250000001,4.73166989,-1.4190083474030004,-2.76257488491,-0.2265705774968,-0.644630405765,9.89347062400001,-17.469374125690013,1.6147784724999965,-3.949899699740003
85,GLY,0.744,0.411504424778761,0.85296,0.78558,0.2784200000000001,0,0.0,0,0.0,0.4556,0.0,1.0,0.5062,1.39138058,2.7028840899999995,3.85998507,4.79845382,-1.55407209254,-3.0286085969000016,-0.2413900752,-0.6868203205199997,8.525372148000008,-17.191864295699993,1.332547010000004,-3.903655617119996
86,GLY,0.454,0.2511061946902654,0.78455,0.8589100000000001,0.49509,0,0.0,0,0.0,0.4556,0.0,1.0,0.5062,1.52917293,2.96270638,4.21178912,5.200726960000001,-1.7574198436,-3.4262844367000005,-0.27215685678,-0.77496564167,8.679241824000002,-16.22905404550001,1.3887873250000051,-3.766466417040003
87,SER,0.618,0.2840073529411764,1.47671,1.18234,0.3756600000000003,0,0.0,0,0.0,0.4111,0.1877,0.8514,0.5309,1.52967037,2.96651007,4.22399319,5.227729689999999,-1.3697060621,-2.668948957,-0.21381610676,-0.6084192777999999,8.797394677999968,-14.021866805999988,1.4057297020000017,-3.2917524841999986
88,GLY,0.795,0.439712389380531,0.92102,0.7731300000000001,0.2398699999999998,1,0.111111111111111,0,0.0,0.4556,0.0,1.0,0.5062,1.39186715,2.70666786,3.87234128,4.82646233,-1.2685858010000004,-2.4747360584,-0.1937209673599999,-0.5517504197199999,9.278288726999987,-14.091706514800004,1.400337282199996,-3.164953561580004
89,GLY,0.81,0.4480088495575221,1.03271,0.6948799999999999,0.30312,1,0.25,0,0.0,0.4556,0.0,1.0,0.5062,0.8343326100000001,1.61793197,2.3037735,2.85194068,-1.1901482691,-2.3106959662000004,-0.19646326088,-0.5569016385200001,6.830970891999982,-12.49447443319999,1.100404670899998,-3.2015070391499973
90,TYR,1.955,0.5736502347417841,3.6848,1.17046,0.2825399999999998,1,0.2,2,0.4,0.3556,0.8063,0.502,0.1605,0.69453904,1.34252598,1.90098727,2.33380214,-0.8715942439999999,-1.6948634850000002,-0.1415339048,-0.402106464,5.256083806999992,-10.639675927999992,0.8928791253000021,-2.603214740000004
91,GLY,0.545,0.3014380530973451,0.91515,0.8607999999999999,0.4022,0,0.0,2,0.4,0.4556,0.0,1.0,0.5062,0.83397689,1.61513732,2.2945457,2.83070806,-0.9373178358,-1.82611711,-0.1457593018,-0.4144236157000001,5.772290470000009,-6.867781309000002,0.9294127788000012,-1.802833121099999
92,ARG,1.274,0.3799582463465553,3.45328,1.58962,0.4893800000000001,2,0.25,3,0.375,0.0,0.7346,0.9398,0.6914,0.97280822,1.88299751,2.67246641,3.2917886,-1.2075211155000003,-2.3419004649,-0.20539607203,-0.58241106903,6.517891556000005,-9.106544742700004,1.0549355658000028,-2.299368156950007
93,ASP,0.78,0.2909362178291682,1.96818,1.2680699999999998,0.6329300000000002,3,0.375,2,0.25,0.1111,0.3239,0.8675,1.0,1.11280517,2.15999504,3.08048452,3.821892869999999,-1.1132796329,-2.1588615639000004,-0.18814368629,-0.5329875247099999,5.81016276600001,-10.218400851399997,0.9489696724999992,-2.420750645800005
94,ARG,1.08,0.3220996122875037,3.2466500000000003,1.78573,0.4872700000000001,3,0.272727272727273,1,0.0909090909090909,0.0,0.7346,0.9398,0.6914,1.81050039,3.5270154900000006,5.06132483,6.336323269999999,-0.9457065711,-1.8393985169,-0.1518798056299999,-0.43131114293,6.281891655999994,-10.966477892599988,1.0154507206,-2.6661335911
95,ASN,0.668,0.2732106339468303,2.29121,1.07148,0.7055199999999997,5,0.333333333333333,1,0.0666666666666667,0.1111,0.3976,0.6747,0.8272,1.39071488,2.6976432799999994,3.84264427,4.758444789999999,-1.1937230116,-2.3258743038000005,-0.18639267744,-0.5303111429,6.9523813460000055,-12.356965790300004,1.1019999316999989,-2.7287811863
96,TYR,0.948,0.278169014084507,3.41971,1.89865,0.56135,8,0.615384615384615,3,0.230769230769231,0.3556,0.8063,0.502,0.1605,1.39094134,2.69939228,3.8483123900000007,4.77115776,-1.2715673164,-2.4708876783,-0.21000374753,-0.5965575356999999,7.730753906999978,-12.878784042999984,1.2948221989999973,-3.2359191125999978
97,GLU,1.558,0.5711143695014662,2.90496,0.89018,0.2798200000000002,3,0.3,1,0.1,0.1111,0.4884,0.8112,0.9136,1.5318302700000002,2.98338829,4.27940502,5.354249149999999,-1.1258291581,-2.1801944494,-0.1936773728,-0.54781509828,10.568957645999967,-13.961687063999992,1.6383785129999986,-3.5027645769
98,ASP,0.662,0.2469227900037299,2.0574,1.2938,0.7252000000000001,4,0.333333333333333,1,0.0833333333333333,0.1111,0.3239,0.8675,1.0,1.53131334,2.97935082,4.26615919,5.32403633,-1.4156677789799998,-2.758565542999999,-0.21973489237,-0.6249699102400001,10.220489980999943,-13.29763119369999,1.5490876686999966,-3.1074316929499965
99,ARG,1.538,0.4586937071279451,3.4194,1.35255,0.4624500000000002,4,0.5,1,0.125,0.0,0.7346,0.9398,0.6914,0.97289309,1.88366884,2.6746978,3.2969665700000004,-1.1771602007000002,-2.2938053878,-0.1849395585,-0.5265787104499999,9.373834122999998,-12.410434031400008,1.6048315485000024,-2.944726944569997
100,GLY,0.832,0.4601769911504424,0.94998,0.6760999999999999,0.2999000000000001,1,0.2,0,0.0,0.4556,0.0,1.0,0.5062,0.97382909,1.89099396,2.69878488,3.35208159,-1.5048190355000002,-2.930297867,-0.23590081098,-0.6703585251399998,9.77930349399996,-18.06853437239997,1.5506435961999954,-4.322797040420003
101,TYR,1.288,0.3779342723004695,3.5430399999999995,1.6813000000000002,0.4386999999999998,8,0.571428571428571,0,0.0,0.3556,0.8063,0.502,0.1605,1.53104544,2.97724725,4.25921725,5.30807467,-1.8164493689,-3.540199436600001,-0.28326024564,-0.8063637419299997,10.139974367999962,-17.414475891999974,1.556564104999994,-4.028944645700003
102,ASN,1.442,0.5897750511247444,2.4783500000000003,0.8865000000000001,0.1164999999999998,3,0.272727272727273,1,0.0909090909090909,0.1111,0.3976,0.6747,0.8272,1.67109053,3.2546184,4.66845107,5.84091973,-1.6938023763000003,-3.2993949965000007,-0.2652741445,-0.7544136399700001,10.298892689000022,-10.935090624999985,1.558649029200001,-2.476573963759998
103,GLY,0.224,0.1238938053097345,0.67411,1.06451,0.51949,4,0.133333333333333,1,0.0333333333333333,0.4556,0.0,1.0,0.5062,1.94780498,3.78302096,5.400574959999999,6.70985468,-1.6627152966000005,-3.2409597215000003,-0.25791224361,-0.7340708578000004,9.707875369000002,-13.620949840999987,1.4882045651,-3.030236274700007
104,GLY,0.292,0.161504424778761,0.69505,0.90496,0.61104,1,0.04,2,0.08,0.4556,0.0,1.0,0.5062,1.67015902,3.24732226,4.64443825,5.785912290000001,-1.6658977199999996,-3.2473064843,-0.2574807203799999,-0.73271173734,10.72618173699995,-13.888087518999969,1.6716834102000016,-3.224015666799996
105,GLY,0.424,0.2345132743362831,0.6835800000000001,1.01346,0.3705400000000001,2,0.0909090909090909,2,0.0909090909090909,0.4556,0.0,1.0,0.5062,1.80949822,3.51914004,5.03531284,6.27644654,-1.932918742,-3.76273218,-0.3075862986400001,-0.8745828745000002,9.902718649000024,-18.657880381999995,1.5346449343999988,-4.3177096428999935
106,GLY,0.2,0.1106194690265486,0.71462,1.0319,0.5761000000000001,1,0.0285714285714286,1,0.0285714285714286,0.4556,0.0,1.0,0.5062,2.22541782,4.31841983,6.15559445,7.63085552,-1.5439467201599997,-2.9934030159000007,-0.2629293296,-0.7450835081199997,10.057154473999978,-17.531359002000027,1.5803831560000003,-4.145032124300003
107,GLY,0.512,0.2831858407079646,0.86768,0.93021,0.36579,1,0.0357142857142857,1,0.0357142857142857,0.4556,0.0,1.0,0.5062,1.94775394,3.78264048,5.399389130000001,6.70734201,-1.5977932088119997,-3.0967950933399995,-0.2732470230636998,-0.773996186882,11.032942142999987,-13.106636907499986,1.7821147268000015,-3.2623378356899924
108,GLY,0.523,0.2892699115044247,0.74732,0.80151,0.4834900000000002,0,0.0,0,0.0,0.4556,0.0,1.0,0.5062,1.949283,3.79452971,5.4382237,6.795413639999998,-1.5811047255999997,-3.0634467201,-0.27185299859,-0.7698740641799999,11.038143302000044,-14.8094408891,1.7397411375000034,-3.583924361450004
109,GLY,0.364,0.2013274336283185,0.7118000000000001,0.96445,0.4795499999999999,0,0.0,0,0.0,0.4556,0.0,1.0,0.5062,1.9466752100000004,3.7741797100000007,5.371508440000001,6.643370780000001,-1.4007822497,-2.7151681462999995,-0.24053916673,-0.6817743693000001,9.22663049600004,-12.440264024999996,1.4995162342999986,-3.114101927649993
110,ASN,0.849,0.347239263803681,2.19814,1.07069,0.5253099999999999,0,0.0,0,0.0,0.1111,0.3976,0.6747,0.8272,2.08560196,4.04278048,5.75184806,7.1099422,-1.4466490138999997,-2.803247125800001,-0.2486741383399999,-0.7044195175999999,9.494727857999978,-16.269605542999994,1.599094222800005,-4.049047835700005
111,ARG,0.724,0.2159260363853265,3.0506900000000003,1.81818,0.8108200000000005,1,0.032258064516129,0,0.0,0.0,0.7346,0.9398,0.6914,2.6439930700000005,5.13824423,7.34261309,9.13547019,-1.0526858987,-2.052426264,-0.16200066315,-0.4610704763999999,9.709462929000011,-15.318911546999992,1.4717225288000022,-3.3637164195499984
112,GLY,0.487,0.269358407079646,0.92096,0.93547,0.3855300000000001,1,0.0526315789473684,1,0.0526315789473684,0.4556,0.0,1.0,0.5062,1.94810984,3.78534517,5.40800956,6.72623793,-1.51875049224,-2.9541844549000005,-0.2452722575750001,-0.6970033265999999,11.512936640000024,-17.90978211339998,1.7962095896000043,-4.051245161460007
113,TYR,1.916,0.562206572769953,3.89526,1.28558,0.20642,2,0.222222222222222,1,0.111111111111111,0.3556,0.8063,0.502,0.1605,1.2523177099999998,2.43317616,3.4758636000000003,4.32280107,-1.5194364536999998,-2.9512627621999994,-0.25022337415,-0.7098605633700001,9.535448274,-9.852945747299996,1.590746936499999,-2.6531812430700006
114,ASN,0.708,0.2895705521472392,2.28581,1.2791,0.4579,2,0.142857142857143,3,0.214285714285714,0.1111,0.3976,0.6747,0.8272,1.39076171,2.6980054800000004,3.84381793,4.76107813,-1.7303879339,-3.3657226934,-0.2815043471599999,-0.8004564212999999,9.422411308999989,-13.7507120155,1.5412987983999995,-3.413613262900004
115,ASN,1.585,0.6482617586912066,2.46874,0.79552,0.0644799999999998,0,0.0,1,0.166666666666667,0.1111,0.3976,0.6747,0.8272,1.53156742,2.98130926,4.272490330000001,5.33818496,-1.678309358,-3.2699345921,-0.26224586041,-0.74603779725,9.191885937999988,-11.856019751699996,1.453486320600004,-3.01006432475
116,ASN,0.813,0.3325153374233129,2.12902,1.34182,0.2901799999999999,1,0.0909090909090909,0,0.0,0.1111,0.3976,0.6747,0.8272,1.81075219,3.528977710000001,5.0677465800000006,6.350921699999999,-1.1849844757,-2.3039031296,-0.19065351147,-0.5409772539499998,12.53715907300001,-9.697337380999986,1.9134915363000025,-2.475289996240003
117,ARG,2.041,0.6087086191470324,3.97907,1.10891,0.2030900000000002,1,0.0714285714285714,0,0.0,0.0,0.7346,0.9398,0.6914,1.6710728700000002,3.25445983,4.667858650000001,5.839346319999999,-2.2089242404,-4.303549238,-0.3453152057699999,-0.98228450316,11.470512624000031,-16.807108291000016,1.804023984599996,-3.965904460069992
118,GLY,0.274,0.1515486725663717,0.85425,0.97316,0.56084,5,0.217391304347826,0,0.0,0.4556,0.0,1.0,0.5062,1.80969572,3.52068299,5.040377660000001,6.28800875,-1.8688180574000004,-3.6454248393,-0.28688325139,-0.8173428596900001,11.50284427000007,-17.675419608399956,1.8746230132000068,-4.103457624720004
119,GLY,0.416,0.2300884955752212,0.8371200000000001,0.96236,0.4296400000000001,1,0.0625,0,0.0,0.4556,0.0,1.0,0.5062,1.67112801,3.2548946600000006,4.66930016,5.842681499999999,-1.4354946197299998,-2.7987541964000004,-0.221755667235,-0.6313217137700001,13.874381744000068,-15.391784935999988,2.118353964600002,-3.556932365460006
120,GLY,0.663,0.3667035398230088,0.92541,0.8107599999999998,0.3342400000000002,0,0.0,0,0.0,0.4556,0.0,1.0,0.5062,1.53041084,2.97227539,4.242848980000001,5.27056221,-2.0137871919,-3.9159586910000006,-0.32676972808,-0.9283537893,12.48682390200001,-20.905531004,2.017875359900005,-5.070966478000001
121,GLY,0.487,0.269358407079646,0.9097,0.9025,0.4185000000000002,0,0.0,0,0.0,0.4556,0.0,1.0,0.5062,1.8077523200000003,3.50563847,4.991468510000001,6.17780692,-2.0454108072,-3.9857172903,-0.31877810709,-0.90703097463,8.881631510999988,-16.685588686599992,1.3665212164999994,-3.834006454799997
122,GLY,0.726,0.4015486725663716,0.8207599999999999,0.8506400000000001,0.23136,0,0.0,0,0.0,0.4556,0.0,1.0,0.5062,1.39105623,2.70031167,3.8514044,4.77844327,-1.7076120791399998,-3.3203147574,-0.2778176856899999,-0.7893235012499998,9.302270104000025,-16.313133447499986,1.5356184653000042,-3.960649192750001
123,GLY,0.788,0.4358407079646018,0.84177,0.8024,0.2176,0,0.0,0,0.0,0.4556,0.0,1.0,0.5062,1.5319223000000002,2.98411841,4.28184198,5.359938439999999,-1.4407475061,-2.8121428324,-0.2166581637399999,-0.6171473040000002,9.665648510000024,-11.788725622299994,1.4983045199000022,-2.7479873936999963
124,TYR,0.517,0.1517018779342723,3.1375,2.13176,0.7592400000000001,0,0.0,0,0.0,0.3556,0.8063,0.502,0.1605,1.80941751,3.5185234,5.03333937,6.27210049,-1.4664230876999995,-2.8618158930000006,-0.2240794949999999,-0.6389530084999998,9.00125633700003,-10.667758793199976,1.3765446663000045,-2.3688800804000034
125,ASN,1.803,0.7374233128834357,2.53939,0.77212,-0.1301200000000001,0,0.0,0,0.0,0.1111,0.3976,0.6747,0.8272,1.25301262,2.4386210100000003,3.4937903400000003,4.3638894,-1.6863715740399996,-3.2778050421,-0.27312740886,-0.774923814424,10.496275421000032,-15.827296710199969,1.5775060524000055,-3.74685489014
126,ARG,1.476,0.4402028034595884,3.54846,1.5336,0.3434000000000001,0,0.0,0,0.0,0.0,0.7346,0.9398,0.6914,1.6717644900000002,3.259902189999999,4.6858610800000005,5.880867039999998,-1.20259043539,-2.353434814699999,-0.1728922731739999,-0.49401571816,9.521660151000024,-12.592281882899991,1.3710930039000042,-2.65342418736
127,GLN,1.329,0.4622608695652174,2.89741,1.1015799999999998,0.4444200000000002,0,0.0,2,0.25,0.1111,0.5388,0.7952,0.6914,1.53157996,2.9814356,4.27300694,5.33968205,-1.1262168277000002,-2.204744289,-0.1592536392549999,-0.4548440689,8.538919407999998,-11.174716846999992,1.2100024173000024,-2.283579664359999
128,ASP,1.2,0.4475941812756434,2.41637,1.08211,0.3988900000000002,0,0.0,1,0.25,0.1111,0.3239,0.8675,1.0,0.97334842,1.88724275,2.68648626,3.32405307,-1.0420066086999995,-2.0287075455,-0.16460425684,-0.4678999903699999,5.543271039000007,-8.683526725800004,0.8293482212999995,-1.8732739065
129,ARG,2.286,0.6817775126752162,3.94826,0.8236500000000001,0.24335,0,0.0,1,0.25,0.0,0.7346,0.9398,0.6914,0.6944144000000001,1.34155992,1.89784361,2.3267105800000003,-0.8596030607,-1.664205788,-0.14868729526,-0.4205504878999999,3.6868505749999976,-6.870177724000001,0.6254242459999998,-1.8231963259999988
130,GLY,0.537,0.2970132743362832,0.8214100000000001,0.98807,0.2829299999999999,0,0.0,1,0.0833333333333333,0.4556,0.0,1.0,0.5062,1.11205193,2.15409007,3.0610325,3.77727771,-0.8162068406,-1.592113134,-0.12567062013,-0.3581550411999999,3.497546334000002,-7.802442001999998,0.5435920846000009,-1.8169398321000003
131,ASP,1.429,0.5330100708690787,2.52083,0.79991,0.45209,0,0.0,1,0.1,0.1111,0.3239,0.8675,1.0,1.11248645,2.15748715,3.0721883400000003,3.80275681,-0.914654272,-1.7886633319999998,-0.1336906187,-0.3818006104999999,3.500855242,-9.306988749000004,0.5134730357999997,-1.9745665330000008
132,GLY,0.849,0.4695796460176991,1.00211,0.70039,0.2586100000000001,0,0.0,0,0.0,0.4556,0.0,1.0,0.5062,0.83413399,1.61636874,2.29860143,2.84000802,-0.691902362,-1.34584636,-0.1103982192,-0.3133632242,3.179116373999997,-5.684653977000002,0.520380853,-1.3118121322000011
133,GLY,0.491,0.2715707964601769,0.9868,0.84554,0.4714600000000002,0,0.0,0,0.0,0.4556,0.0,1.0,0.5062,0.8334232500000001,1.6108174199999998,2.2803872,2.79845544,-0.4468900222,-0.8714953366,-0.0691604042399999,-0.1970647249,3.413230947999999,-3.932295324800001,0.5782498218000002,-0.9076566356999992
134,SER,1.284,0.5900735294117647,1.68918,0.6452199999999999,0.2467800000000002,0,0.0,0,0.0,0.4111,0.1877,0.8514,0.5309,0.83345561,1.6110466799999998,2.2810549,2.7997171,-0.5282361345,-1.026604746,-0.08716636224,-0.2476772115,3.4181294780000004,-6.029929429999997,0.5419088835000002,-1.4104894304000006
135,SER,0.965,0.4434742647058823,1.3295400000000002,1.09888,0.1121200000000002,0,0.0,1,0.25,0.4111,0.1877,0.8514,0.5309,0.6941960199999999,1.3398487099999998,1.89220964,2.31379768,-0.4008423334,-0.772852646,-0.0741452032,-0.2091804605,3.0175467659999984,-5.279466450999998,0.5350154244000004,-1.422430986500001
136,ASN,1.572,0.6429447852760737,2.46119,0.7820799999999999,0.0909199999999998,0,0.0,1,0.333333333333333,0.1111,0.3976,0.6747,0.8272,0.83421479,1.61700667,2.30071901,2.84491525,-0.6486538640000001,-1.262637376,-0.102985545,-0.2927302195,3.771056530999996,-8.590242838,0.5933837469999989,-2.02424486
137,PHE,1.247,0.4010935992280476,3.32522,1.47332,0.3886799999999999,1,0.333333333333333,2,0.666666666666667,0.8111,0.783,0.0763,0.037,0.6943703999999999,1.3412192099999998,1.89673732,2.32422333,-0.589765323,-1.138971721,-0.1062892356,-0.300164361,2.468379173000001,-6.141144210999999,0.4410160501000004,-1.6576049255000005
138,SER,1.071,0.4921874999999999,1.5897,0.86073,0.2442700000000002,2,0.4,2,0.4,0.4111,0.1877,0.8514,0.5309,0.8343855699999999,1.61834036,2.30509369,2.85489198,-0.687969113,-1.345967902,-0.0987216651,-0.281824902,0.7854803340000002,-1.8265911620000008,0.1257615828999999,-0.4345990983000001
139,ARG,1.89,0.5636743215031315,3.62832,1.28007,0.1829300000000002,1,0.25,1,0.25,0.0,0.7346,0.9398,0.6914,0.83399875,1.61531285,2.29513863,2.83211314,-0.6242867530000001,-1.219172035,-0.0937244658,-0.2673022011,0.785382624,-1.635433277,0.1256136097,-0.3796352706000001
140,GLY,0.754,0.4170353982300885,0.96606,0.76632,0.28768,1,0.25,0,0.0,0.4556,0.0,1.0,0.5062,0.8344266200000001,1.6186686200000002,2.30619891,2.8575008200000003,-0.6781151447000001,-1.3168659713,-0.1105984795699999,-0.3133167639,0.5488851040000001,-1.2450831100000002,0.0941020629,-0.3287446699999999
141,GLY,0.716,0.3960176991150442,0.95575,0.73826,0.35374,1,0.166666666666667,1,0.166666666666667,0.4556,0.0,1.0,0.5062,1.11286143,2.16042751,3.08187748,3.82498969,-0.9198251059,-1.7939248420999998,-0.14226681558,-0.40540337123,0.431705684,-1.0898287220000002,0.0710812898,-0.255344486
142,TYR,1.84,0.539906103286385,4.0779700000000005,1.2857999999999998,0.2822,1,0.333333333333333,2,0.666666666666667,0.3556,0.8063,0.502,0.1605,1.25298368,2.43839299,3.49303589,4.3621489,-1.0260126330399997,-1.99928699554,-0.15854261415,-0.45071620448,0.433040971,-0.8073737780000001,0.0602924647,-0.157316462
143,ASN,0.621,0.2539877300613497,2.03518,1.40248,0.4215199999999999,0,0.0,3,0.272727272727273,0.1111,0.3976,0.6747,0.8272,1.5300093500000005,2.96916154,4.232710849999999,5.2476774,-0.924750049,-1.797601445,-0.1507348942,-0.4280633676,0.7451054060000002,-1.6184081179999996,0.126826806,-0.4303575242
144,ASN,1.514,0.6192229038854806,2.43008,0.8303,0.1006999999999997,0,0.0,1,0.125,0.1111,0.3976,0.6747,0.8272,1.25234763,2.43341106,3.47663894,4.324583850000001,-0.9479209986,-1.8486052643,-0.1461378181,-0.4162435203999999,0.6287954990000001,-1.768986767,0.0966875949,-0.4043594095
145,ARG,2.084,0.6215329555621831,3.64877,1.1407600000000002,0.1282399999999999,0,0.0,0,0.0,0.0,0.7346,0.9398,0.6914,0.97296414,1.88420936,2.67642125,3.3007436,-0.7144357072000004,-1.3813597397000004,-0.1274020545,-0.3603520500600001,0.7063514540000001,-0.7691448959999999,0.1178053726,-0.2165163729999999
146,ASP,0.887,0.3308466989929131,2.00329,1.01458,0.77942,0,0.0,3,0.176470588235294,0.1111,0.3239,0.8675,1.0,1.38949784,2.68819019,3.81180561,4.68863189,-0.5744944186,-1.1147142627500002,-0.097093404616,-0.2754632953699999,0.7054517419999999,-0.7698027882599999,0.1266222444,-0.19877346994
147,GLU,1.244,0.4560117302052786,2.43974,1.25031,0.2336900000000001,0,0.0,3,0.333333333333333,0.1111,0.4884,0.8112,0.9136,1.53098528,2.97678701,4.25774031,5.3048075,-0.4878489015,-0.952726505,-0.072927652,-0.2079237997999999,0.708281032,-1.3487132620000004,0.1017135588,-0.283807176
148,GLY,0.975,0.5392699115044247,1.0002,0.63853,0.19447,0,0.0,2,0.222222222222222,0.4556,0.0,1.0,0.5062,1.2521884799999998,2.43215181,3.47244932,4.31484702,-0.6618446998999999,-1.2850942203000002,-0.1098360871999999,-0.3115603307599999,1.0209900270000003,-2.0986960710000004,0.1638671179999999,-0.495140255
149,SER,0.423,0.1943933823529411,1.3800800000000002,1.1656000000000002,0.5873999999999999,0,0.0,1,0.111111111111111,0.4111,0.1877,0.8514,0.5309,1.1117146999999998,2.15146856,3.0524752700000004,3.75789174,-0.7040680109999999,-1.371756554,-0.1108962175,-0.3157286864,1.177800668,-1.793235526,0.1921261387,-0.4184951642
150,ASP,1.313,0.4897426333457664,2.1303,1.03478,0.33322,0,0.0,0,0.0,0.1111,0.3239,0.8675,1.0,0.83402234,1.6154957099999998,2.29573554,2.83346834,-0.7510211662999999,-1.4643679015,-0.1155104440599999,-0.3287986871999999,1.2953432760000003,-1.6512377014999997,0.211769868,-0.4076788932999999
151,ASN,1.509,0.6171779141104294,2.43647,0.80301,0.1329899999999999,0,0.0,0,0.0,0.1111,0.3976,0.6747,0.8272,0.8336004,1.61218761,2.28483442,2.80845077,-0.8081438339999999,-1.5701425669999998,-0.13333532735,-0.3785811737,0.8236265540000001,-1.110788037,0.1407925116,-0.2885377596999999
152,ARG,1.641,0.489412466447957,3.43284,1.42184,0.2901600000000002,0,0.0,0,0.0,0.0,0.7346,0.9398,0.6914,1.39100813,2.69996801,3.850390130000001,4.77647859,-0.2741532042999999,-0.5272774720000001,-0.0521915924,-0.1468968301999999,0.7074403360000001,-0.3216649039999998,0.1082172607999999,-0.087375175
153,GLY,0.319,0.1764380530973451,0.7087600000000001,0.9879600000000002,0.5010399999999999,0,0.0,3,0.166666666666667,0.4556,0.0,1.0,0.5062,1.8080489600000005,3.5078206900000004,4.998170450000001,6.19170095,-0.1570489435,-0.3061705485999999,-0.02406564203,-0.0684516293999999,0.628673151,-0.6962650214,0.0976933164,-0.1503386326
154,SER,1.045,0.4802389705882352,1.18315,0.8083500000000001,0.3226500000000001,0,0.0,2,0.125,0.4111,0.1877,0.8514,0.5309,1.80945356,3.51879718,5.034208130000001,6.273987890000001,-0.2898784599999999,-0.5660463953000001,-0.0437025829799999,-0.1246491976,0.62947345,-1.1037235116999995,0.091881369,-0.23136200037
155,GLY,0.287,0.1587389380530973,0.87312,0.6407100000000001,0.88029,0,0.0,2,0.153846153846154,0.4556,0.0,1.0,0.5062,1.5312896800000002,2.9790772700000003,4.26495881,5.320377479999999,-0.656305798,-1.27636667,-0.1061045686399999,-0.301409406,0.629125862,-1.3598072000000003,0.0950880193,-0.2935664064
156,ARG,2.463,0.7345660602445571,4.292269999999999,0.55786,0.3321400000000001,1,0.333333333333333,2,0.666666666666667,0.0,0.7346,0.9398,0.6914,0.55634587,1.07953897,1.5386822100000002,1.9072157,-0.2107261172,-0.411719485,-0.03130589265,-0.0893083464,0.5884031459999999,-0.6884466280000001,0.0998936108,-0.160902922
157,SER,1.163,0.5344669117647058,1.33034,0.8172899999999998,0.1957100000000002,2,0.666666666666667,3,1.0,0.4111,0.1877,0.8514,0.5309,0.69447088,1.34200602,1.8993251,2.3301451,-0.219818326,-0.43106728,-0.0302120629999999,-0.0865037849999999,0.236208906,-0.64669355,0.0328650038999999,-0.13000406
158,TYR,2.751,0.8072183098591549,4.49114,0.63714,0.0198599999999999,2,0.666666666666667,3,1.0,0.3556,0.8063,0.502,0.1605,0.69437914,1.34127353,1.89686615,2.32436424,-0.167627535,-0.327683061,-0.02480219,-0.0708326025,0.235920456,-0.4666859519999999,0.0356575017,-0.101044159
159,ASN,1.325,0.5419222903885481,2.4281200000000003,0.98031,0.1396899999999998,2,0.333333333333333,4,0.666666666666667,0.1111,0.3976,0.6747,0.8272,0.69398286,1.33817532,1.88668905,2.3011103200000003,-0.172568664,-0.33261545,-0.0320914347,-0.090519848,0.234788787,-0.45653438,0.0444121005,-0.124474835
160,ASN,1.404,0.5742331288343558,2.4772,0.8673899999999999,0.17361,1,0.2,2,0.4,0.1111,0.3976,0.6747,0.8272,0.97347948,1.88824468,2.68969684,3.33113919,-0.23952547,-0.469411651,-0.0335021289999999,-0.0958838929999999,0.07862673,-0.14691754,0.012057323,-0.032933992
161,ASP,1.093,0.4076837001118985,2.32331,1.06786,0.52014,0,0.0,0,0.0,0.1111,0.3239,0.8675,1.0,0.83399079,1.61525266,2.29494909,2.83170568,-0.3817204713,-0.736320549,-0.0703580824,-0.1986294705,0.077955328,-0.16245441,0.017045034,-0.052201384
162,ARG,2.504,0.7467939158962124,3.94619,0.81392,0.0350800000000002,0,0.0,0,0.0,0.0,0.7346,0.9398,0.6914,0.6946606,1.34348005,1.90413426,2.34103292,-0.5139305549000001,-0.988795609,-0.09745293783,-0.2743731043,0.3955223777142856,-0.4747254596214285,0.0633152792999999,-0.1078505914835714
163,ARG,1.611,0.4804652549955263,3.79014,1.253,0.4890000000000003,0,0.0,1,0.2,0.0,0.7346,0.9398,0.6914,0.97311779,1.88543931,2.6805612300000004,3.31051217,-0.3494383703,-0.6828225259999999,-0.0519546248,-0.1482903669,0.3732425235510203,-0.4856583564515305,0.0601079949071428,-0.1093131212323979
164,ASP,1.462,0.5453189108541588,2.39337,0.83035,0.38865,0,0.0,0,0.0,0.1111,0.3239,0.8675,1.0,0.55490336,1.06836706,1.50234273,1.82526734,-0.404270258,-0.777967595,-0.0767422542,-0.216183484,0.3549974787332361,-0.4706150232409256,0.0574233290862244,-0.1063827275632835
165,ASN,1.066,0.4359918200408998,2.26636,1.08813,0.2908699999999997,0,0.0,1,0.2,0.1111,0.3976,0.6747,0.8272,0.83393813,1.61484922,2.29365159,2.82882664,-0.2253137727999999,-0.4380389625,-0.0367649324,-0.10445382916,0.3353920522141815,-0.4253929883509917,0.0549620405209548,-0.097455636648518
166,GLY,0.654,0.3617256637168141,0.8572299999999999,0.8723800000000002,0.2816199999999997,0,0.0,1,0.142857142857143,0.4556,0.0,1.0,0.5062,0.83381111,1.61382943,2.29020822,2.8206707000000004,-0.143200136,-0.278982038,-0.0226972966,-0.0646421356,0.313089696,-0.119143924,0.0588792988,-0.0319099464
167,GLY,0.774,0.4280973451327434,0.8669499999999999,0.8689,0.1651,0,0.0,0,0.0,0.4556,0.0,1.0,0.5062,0.69429019,1.3405986900000002,1.89472173,2.31968757,-0.214356471,-0.417130503,-0.033932217,-0.0963520283999999,0.15714106,-0.14362348,0.025126066,-0.033584764
168,ASP,1.512,0.5639686684073107,2.66234,0.62358,0.54542,0,0.0,0,0.0,0.1111,0.3239,0.8675,1.0,0.5552707800000001,1.07125089,1.51185466,1.84712127,-0.0787618571,-0.1539207812,-0.01168463259,-0.0333521622,0.6282390200000001,-0.0862175408,0.10066515,-0.0217875776
169,GLY,1.638,0.9059734513274336,1.46435,0.39971,-0.2297099999999998,0,0.0,0,0.0,0.4556,0.0,1.0,0.5062,0.41668856,0.80523251,1.13962928,1.39798206,-0.088453202,-0.172351545,-0.01388365334,-0.039524192,0.39222736,-0.2479783928,0.066932856,-0.0584224264
