2,MET,2.366,0.7934272300469484,2.87475,0.6682600000000001,-0.0522599999999999,0,0.0,1,0.5,0.7111,0.6196,0.0,0.0988,0.55603007,1.07708895,1.5307015599999998,1.889188,-0.228096754,-0.446612768,-0.032359063,-0.092496409,0.7476884639999998,-1.946435177,0.1064524075999999,-0.391995372
3,GLU,1.737,0.6367302052785924,3.1019400000000004,0.6737399999999999,0.3172600000000002,1,0.333333333333333,1,0.333333333333333,0.1111,0.4884,0.8112,0.9136,0.5549078,1.0684268,1.50262619,1.82618302,-0.255529699,-0.496782731,-0.0411523017,-0.116764764,0.7466609860000003,-2.0280090050000004,0.1142798619999999,-0.4535156639999998
4,SER,0.965,0.4434742647058823,1.6063999999999998,0.87593,0.3350700000000003,1,0.2,1,0.2,0.4111,0.1877,0.8514,0.5309,0.69392453,1.33772996,1.88526301,2.29796517,-0.17879965,-0.348944101,-0.0273905884,-0.078121401,1.0218450449999996,-2.3762585,0.1589032822,-0.5323719959999998
5,ASN,1.441,0.5893660531697342,2.38959,0.8982199999999999,0.1057799999999998,1,0.25,0,0.0,0.1111,0.3976,0.6747,0.8272,0.69376883,1.33650897,1.88123906,2.28873032,-0.211038055,-0.406096976,-0.0400698835,-0.112867771,1.017541512,-2.6970629180000008,0.1913577210999999,-0.749596161
6,GLN,1.652,0.5746086956521739,2.87364,1.05587,0.16713,0,0.0,0,0.0,0.1111,0.5388,0.7952,0.6914,0.97374233,1.89032312,2.69660662,3.34718294,-0.295718603,-0.5790244290000001,-0.0420670333,-0.1202764319999999,2.3611071800000016,-6.951572889999992,0.3375012770000002,-1.4491432370000004
7,SER,0.983,0.4517463235294117,1.59628,0.92487,0.2681300000000001,0,0.0,0,0.0,0.4111,0.1877,0.8514,0.5309,0.6943880499999999,1.34134041,1.8970748,2.32480645,-0.50665571,-0.97947942,-0.0901301357,-0.254778612,2.3490884400000023,-5.806608224000003,0.4358610949999999,-1.5809206819999997
8,ASN,1.681,0.6875255623721882,2.3906,0.8809800000000001,-0.1169800000000003,0,0.0,0,0.0,0.1111,0.3976,0.6747,0.8272,0.6944212499999999,1.34160017,1.89792814,2.32675673,-0.6706448779999999,-1.302711826,-0.1111167095,-0.315455323,2.9440820540000043,-5.598400408999997,0.4828252804999993,-1.3090021749999994
9,ASN,1.382,0.5652351738241309,2.40724,1.05378,0.00922,0,0.0,0,0.0,0.1111,0.3976,0.6747,0.8272,0.8338759000000001,1.61436159,2.29204537,2.8251421,-0.813349069,-1.582409964,-0.1295126617,-0.3677513957999999,2.5471657120000035,-4.8056773480000015,0.4509204406000007,-1.252643711800001
10,GLY,0.692,0.3827433628318584,0.95385,0.7949599999999999,0.3210400000000002,1,0.111111111111111,0,0.0,0.4556,0.0,1.0,0.5062,1.25266179,2.43587437,3.48475351,4.343196679999999,-1.189215397,-2.3211680130000003,-0.1792986024499999,-0.5108258902999999,3.581621639999996,-6.1099315369999925,0.5063269733999994,-1.2706880929000002
11,GLY,1.066,0.5896017699115045,1.02617,0.6231199999999999,0.1188800000000001,0,0.0,0,0.0,0.4556,0.0,1.0,0.5062,0.8337932699999999,1.61370952,2.28988276,2.8201375900000003,-0.9301270909,-1.8006257686,-0.1617620407199999,-0.4576979746,2.943749622000001,-4.496165640000007,0.4815535428,-1.2002264696999991
12,SER,1.111,0.5105698529411764,1.25865,0.92008,0.1449200000000001,0,0.0,0,0.0,0.4111,0.1877,0.8514,0.5309,1.11316766,2.16283051,3.08980235,3.84319427,-1.11279257538,-2.16813267865,-0.1729253385569999,-0.4917219988099998,4.517150880000001,-6.245347887469992,0.7127060421999994,-1.5246665581499983
13,GLY,0.744,0.411504424778761,0.94047,0.7453499999999998,0.3186500000000002,0,0.0,0,0.0,0.4556,0.0,1.0,0.5062,1.3925959799999998,2.71238886,3.89121467,4.86983589,-1.3944341385,-2.7237240903,-0.20691592321,-0.5898380933299998,5.780209877999999,-8.118063522599996,0.8582428636000006,-1.8742284640799995
14,ASN,1.67,0.6830265848670757,2.58024,0.7856899999999999,-0.0106899999999999,0,0.0,0,0.0,0.1111,0.3976,0.6747,0.8272,1.11308059,2.16213284,3.08745003,3.83763274,-1.3255963771000006,-2.577731846800001,-0.2145732444599999,-0.6094477001000002,5.301770418999991,-7.368968152400007,0.8455837148000003,-1.8569886843000003
15,ALA,0.564,0.2585969738651994,1.22804,0.96938,0.64762,0,0.0,0,0.0,0.7,0.1645,0.249,0.3951,1.39116735,2.70121184,3.85447491,4.78581006,-1.4277256000999998,-2.7827038103,-0.22128442975,-0.6296721022,6.322761731999995,-9.925207919899991,1.0116429491,-2.2942082258800003
16,ALA,0.478,0.2191655204034846,1.14987,1.0007,0.7023000000000001,1,0.0625,0,0.0,0.7,0.1645,0.249,0.3951,1.52825381,2.95561517,4.18881523,5.149199529999999,-1.664053150184,-3.23339463875,-0.2725489381959999,-0.7735507356617,7.063083114000009,-14.264615335284978,1.176024746499999,-3.4677068895035044
17,LEU,1.016,0.382242287434161,2.36906,1.26564,0.3763599999999998,1,0.0714285714285714,0,0.0,0.9222,0.663,0.2811,0.0,1.52974409,2.96708088,4.22585045,5.23192033,-1.3967371602999996,-2.7093421510000004,-0.23542514359,-0.6672362908100001,6.356757073999994,-12.76874556039999,1.062364978200002,-3.2053593085200025
18,ASN,0.721,0.2948875255623722,2.19316,1.3101000000000005,0.4138999999999992,0,0.0,0,0.0,0.1111,0.3976,0.6747,0.8272,1.80851346,3.51151442,5.0105185400000005,6.2205723,-1.31781523328,-2.5719038339200004,-0.199477422156,-0.5683685136360003,5.148960334999986,-9.84418623986,0.7863253682999989,-2.208771298848
19,ARG,1.437,0.4285714285714285,3.38287,1.52688,0.3891200000000001,4,0.166666666666667,0,0.0,0.0,0.7346,0.9398,0.6914,1.52869184,2.95886994,4.19893434,5.17058735,-1.1015315689399998,-2.1412899276500004,-0.180072772104,-0.5115352398049999,4.632024649999997,-7.344341673650005,0.7604256958000007,-1.6846388523249995
20,GLY,0.326,0.1803097345132743,0.6770099999999999,0.95886,0.5231399999999999,3,0.136363636363636,0,0.0,0.4556,0.0,1.0,0.5062,1.52909994,2.96213051,4.20987806,5.19629773,-1.1285198766,-2.1932479926999995,-0.18349893938,-0.5206730186999998,4.353464463999991,-7.077905763999997,0.7448585002000001,-1.8192809357999984
21,GLY,0.604,0.3340707964601769,0.8769899999999999,0.8218199999999999,0.3821800000000003,1,0.0666666666666667,0,0.0,0.4556,0.0,1.0,0.5062,1.5301604800000002,2.9703768100000003,4.236814610000001,5.25739044,-1.2945047359,-2.5267664556,-0.1961068836999999,-0.5590203393000001,5.57830039,-10.865485960199988,0.880436445799998,-2.4932808973999974
22,ARG,1.618,0.4825529376677602,3.54666,1.29416,0.4408400000000001,0,0.0,0,0.0,0.0,0.7346,0.9398,0.6914,1.11236298,2.15652031,3.0690085000000003,3.79547818,-1.1653870513000002,-2.260382067,-0.197342043,-0.5594187744999999,4.871278978999994,-6.837891636500014,0.7715611209000003,-1.6698760245999984
23,TYR,1.843,0.5407863849765259,3.89372,1.24909,0.3159099999999999,0,0.0,2,0.4,0.3556,0.8063,0.502,0.1605,0.8338027600000001,1.61377952,2.29009845,2.82058649,-0.8871493009199999,-1.7173116387699998,-0.154461765192,-0.4370313826259999,3.215730282,-5.512922620960005,0.5499550035000005,-1.488518245007999
24,VAL,1.291,0.5301848049281314,1.82366,0.95278,0.1912200000000001,0,0.0,2,0.4,0.9667,0.4924,0.3655,0.1235,0.83413258,1.61635819,2.29856887,2.83993993,-0.8349316029999999,-1.631297146,-0.1235334208,-0.3523065259,2.749863125999998,-6.118653608999998,0.4310049088000001,-1.4376757143
25,PRO,0.901,0.4040358744394619,1.69923,1.13114,0.1978599999999999,0,0.0,2,0.4,0.3222,0.3764,0.8594,0.3827,0.69434468,1.34101596,1.89606137,2.32265272,-0.475624188,-0.920485412,-0.0831181882999999,-0.235137818,2.0363452189999984,-5.381266221999998,0.3736885027000001,-1.4192275720000007
26,PRO,1.349,0.604932735426009,1.96081,0.8533200000000001,0.0276799999999999,0,0.0,1,0.166666666666667,0.3222,0.3764,0.8594,0.3827,0.8338875700000001,1.61443612,2.29223176,2.8253877,-0.430366357,-0.842153229,-0.0622782935999999,-0.178012748,1.8481995899999983,-4.468960404000001,0.2778811294999999,-0.96202063
27,HIS,1.549,0.5602169981916817,3.10294,1.05481,0.1611900000000001,0,0.0,0,0.0,0.1444,0.561,0.1124,0.679,0.6942789600000001,1.34049108,1.89429749,2.31849994,-0.455585436,-0.884360416,-0.0761232165,-0.2159277339999999,1.5301875749999987,-3.517417651000001,0.2563874083,-0.8505873290000001
28,LEU,1.532,0.5763732129420617,2.5144,0.94514,0.1808599999999999,0,0.0,0,0.0,0.9222,0.663,0.2811,0.0,0.69451972,1.3423811,1.90053298,2.33283049,-0.416485697,-0.804786152,-0.0746911131,-0.2110896994,1.805474323999999,-2.6446121,0.2962229689999999,-0.6730796088000002
29,ARG,2.411,0.7190575603936773,3.96313,0.84639,0.0956100000000002,0,0.0,0,0.0,0.0,0.7346,0.9398,0.6914,0.83416109,1.61658242,2.2993099800000003,2.84164738,-0.5747054779999999,-1.119072296,-0.0903801471,-0.256890764,1.5327780869999998,-3.194433653,0.2349413382999999,-0.7261347419999996
30,GLY,0.819,0.4529867256637168,0.93412,0.8383499999999999,0.1506500000000001,0,0.0,1,0.333333333333333,0.4556,0.0,1.0,0.5062,0.6943147299999999,1.34078142,1.89528903,2.32088212,-0.3389856669,-0.655170023,-0.060656654,-0.17147281804,1.0978160720000003,-1.807856986,0.1903921832000001,-0.46625327258
31,GLY,0.848,0.4690265486725663,0.91759,0.72926,0.23074,0,0.0,1,0.25,0.4556,0.0,1.0,0.5062,0.6945661099999999,1.34273987,1.90169697,2.33544578,-0.463046716,-0.89890665,-0.0769879961,-0.21831661,0.8632495150000002,-2.44683965,0.1436834622,-0.5885006639999999
32,ASP,1.568,0.5848563968668408,2.45381,0.91095,0.2020499999999999,1,0.25,2,0.5,0.1111,0.3239,0.8675,1.0,0.83391888,1.61470403,2.2931947900000003,2.82784515,-0.4270746569999999,-0.8363236959999999,-0.0603141787,-0.172408809,1.1417339570000005,-3.4711008299999984,0.1573148741,-0.7036904100000003
33,GLY,0.924,0.5110619469026548,0.9217,0.69907,0.18493,1,0.25,1,0.25,0.4556,0.0,1.0,0.5062,0.69466154,1.3434871199999998,1.90415597,2.34107859,-0.421633259,-0.8187155840000001,-0.069572735,-0.197263823,1.255369374,-3.7487585000000014,0.2122574565999998,-0.9195956680000008
34,GLY,0.926,0.5121681415929203,0.96999,0.73158,0.15042,1,0.25,1,0.25,0.4556,0.0,1.0,0.5062,0.69439156,1.34137828,1.89723656,2.32529184,-0.3372996482,-0.6551451460000001,-0.05598859863,-0.1589519674999999,2.3131787280000013,-5.704909293000003,0.4031213159999997,-1.4291482490000007
35,ALA,1.14,0.5226960110041264,1.33577,0.7457900000000001,0.2952100000000001,0,0.0,0,0.0,0.7,0.1645,0.249,0.3951,0.69465544,1.34344104,1.90401118,2.34076767,-0.589283019,-1.141926593,-0.1005375555,-0.284591667,2.389212168000001,-6.1684916940000045,0.4337451918999998,-1.6988616849999991
36,ALA,0.965,0.442457588262265,1.30106,0.80891,0.4070900000000002,0,0.0,0,0.0,0.7,0.1645,0.249,0.3951,0.6944763700000001,1.34203488,1.89936987,2.33009305,-0.642850228,-1.246621582,-0.1088746236,-0.3084891812999999,3.1387494799999995,-5.886512881999998,0.5252185929000004,-1.4492680079999998
37,ALA,1.118,0.5126088950022926,1.22635,0.8560400000000001,0.2069599999999998,0,0.0,0,0.0,0.7,0.1645,0.249,0.3951,0.83420916,1.6169641899999998,2.30058557,2.84462919,-0.8636203578000001,-1.6855922854500005,-0.1300183500699999,-0.3703460880299999,3.422342490000003,-5.554476742999999,0.4965479773,-1.2229123634
38,ALA,0.993,0.4552957359009628,1.25285,0.79289,0.3951100000000002,0,0.0,0,0.0,0.7,0.1645,0.249,0.3951,0.6943739099999999,1.34123471,1.89674504,2.32410669,-0.7609638138,-1.4750465070999998,-0.12996454401,-0.3681851472499999,3.682115613999998,-5.633623381400002,0.6661527542000011,-1.5191260533499995
39,ALA,1.028,0.4713434204493352,1.20863,0.87569,0.27731,0,0.0,0,0.0,0.7,0.1645,0.249,0.3951,1.11302898,2.16173608,3.08617151,3.83478764,-1.0836479790000002,-2.104698674,-0.17879035717,-0.5072199615999999,3.692958359999997,-6.208543599000001,0.5766012993999995,-1.4931997538000006
40,SER,1.018,0.4678308823529411,1.44124,0.8045199999999999,0.3534800000000002,0,0.0,0,0.0,0.4111,0.1877,0.8514,0.5309,1.6719107800000002,3.2610307900000004,4.68951322,5.889042489999999,-1.0832666567000002,-2.114722869,-0.1621615455,-0.4618916869499999,4.761052839999995,-5.9770437990000005,0.6809035239999998,-1.3155440216000016
41,ALA,0.939,0.4305364511691884,1.30346,0.86476,0.37724,2,0.333333333333333,0,0.0,0.7,0.1645,0.249,0.3951,1.11249111,2.15752348,3.07230762,3.80302849,-0.6989990755499998,-1.3555320843599998,-0.1180610936969999,-0.33444210489,4.470766075999997,-6.195382497250001,0.7660468357999994,-1.5795806409400015
42,GLY,1.008,0.5575221238938053,1.01389,0.62529,0.17471,3,0.5,0,0.0,0.4556,0.0,1.0,0.5062,0.83400184,1.6153242499999998,2.29513017,2.83195202,-0.6331418298999999,-1.2284474429000003,-0.106573540114,-0.30216950894,3.5331644680000016,-5.098482138599996,0.5789071816,-1.2879414123999988
43,GLY,0.584,0.323008849557522,0.97052,0.8517199999999999,0.3722800000000003,3,0.5,0,0.0,0.4556,0.0,1.0,0.5062,0.97342282,1.88782257,2.68838366,3.32836575,-0.749362176,-1.466178654,-0.1078071949999999,-0.3078952966,3.856630334000005,-7.648068071000003,0.5471610314000003,-1.6111162317999987
44,ASP,0.996,0.371503170458784,2.23576,1.11443,0.57057,3,0.428571428571429,0,0.0,0.1111,0.3239,0.8675,1.0,0.8334666199999999,1.611157,2.281503,2.80100395,-0.5506886889999999,-1.070817017,-0.0894207414,-0.254037027,4.238766489999998,-8.845160189000005,0.7019347771000011,-2.104774480000001
45,ASP,1.544,0.5759045132413279,2.64311,0.7057100000000001,0.4312899999999999,1,0.166666666666667,0,0.0,0.1111,0.3239,0.8675,1.0,0.83380301,1.61376948,2.29002197,2.82027616,-0.4448800163,-0.8618021269999999,-0.07692659882,-0.2178644148,4.239685542,-7.200172315999998,0.6958316964999998,-1.835766426000002
46,ARG,2.183,0.6510587533552042,3.5532100000000004,1.2474,-0.0773999999999996,0,0.0,0,0.0,0.0,0.7346,0.9398,0.6914,0.8334960299999999,1.61138863,2.28226906,2.80277066,-0.6019132074599999,-1.1695225861,-0.09891860003,-0.2807975699299999,3.8030534709999992,-7.183380757099996,0.6608840932999996,-1.7811748219300014
47,ARG,2.242,0.6686549358783179,3.90413,0.94263,0.1683700000000002,1,0.2,1,0.2,0.0,0.7346,0.9398,0.6914,0.8335696300000001,1.61195974,2.28413041,2.8069784600000003,-0.40783952543,-0.78663755364,-0.0749403887799999,-0.21145481368,4.589781800999997,-6.154052187999997,0.7768820447999999,-1.624195054499998
48,GLY,0.908,0.5022123893805309,1.06025,0.6536,0.2464,2,0.285714285714286,1,0.142857142857143,0.4556,0.0,1.0,0.5062,0.97353838,1.88870778,2.6912274700000003,3.33466585,-0.7917735608,-1.5446995425,-0.1206695322,-0.3436836536,3.3812912889999964,-6.506542127299998,0.5086878933000006,-1.4458965717999983
49,GLY,0.731,0.4043141592920354,0.88227,0.84034,0.2366599999999999,2,0.222222222222222,1,0.111111111111111,0.4556,0.0,1.0,0.5062,0.83334608,1.6102087799999998,2.27836735,2.79377544,-0.8525022715999998,-1.6601536070000005,-0.1356680344,-0.3861322814,2.749611081999994,-7.059572169999996,0.4398489569999999,-1.6394317044
50,ALA,1.291,0.5919303071985328,1.3715000000000002,0.71101,0.1789900000000001,2,0.333333333333333,0,0.0,0.7,0.1645,0.249,0.3951,0.69432019,1.34081044,1.8953357,2.32083786,-0.8435363279999999,-1.631528677,-0.1490534050999999,-0.4215227229999999,2.54598786,-6.383163339999999,0.462247054,-1.7243189620000008
51,GLY,0.499,0.2759955752212389,0.96232,0.91057,0.3984300000000002,1,0.111111111111111,0,0.0,0.4556,0.0,1.0,0.5062,1.11274087,2.15948041,3.07875149,3.817801100000001,-1.07879460776,-2.0978083058,-0.17476888842,-0.49645456744,2.629138939999999,-3.375722140700001,0.4387473594000003,-0.8780363549800004
52,GLY,0.369,0.2040929203539823,0.7415600000000001,0.95475,0.48425,4,0.235294117647059,0,0.0,0.4556,0.0,1.0,0.5062,1.53014916,2.97027047,4.23640145,5.25624834,-1.1145543263,-2.170730062900001,-0.1759884835999999,-0.5006895027,2.003238004,-2.795997894900001,0.3189117292999999,-0.6869533696800002
53,GLY,0.772,0.4269911504424779,0.8759600000000001,0.69604,0.33996,5,0.357142857142857,0,0.0,0.4556,0.0,1.0,0.5062,1.2522716,2.43282298,3.47472803,4.32028167,-0.9691761548,-1.879746868,-0.1634406481799999,-0.4630947840399999,2.1577854749999994,-2.5656996960000007,0.3632315830000003,-0.7123949712999998
54,GLY,0.28,0.1548672566371681,0.6634,0.9131899999999998,0.6148100000000002,8,0.333333333333333,0,0.0,0.4556,0.0,1.0,0.5062,1.52919617,2.96282627,4.211974950000001,5.20052107,-1.29676140064,-2.5245211444599995,-0.207474941821,-0.5903636563699999,1.6887435410000005,-3.032257210719999,0.2706871622,-0.7025323094200004
55,TYR,1.377,0.4040492957746479,3.61324,1.50946,0.5215399999999997,9,0.36,0,0.0,0.3556,0.8063,0.502,0.1605,1.80795928,3.50722029,4.99654604,6.18905378,-1.4049870267000002,-2.7336473613,-0.22537285972,-0.6405194437000001,1.5317336360000016,-2.5052830869999982,0.2442111019999999,-0.6361105538999998
56,ARG,1.879,0.5603936773039069,3.56734,1.1897,0.2843000000000002,5,0.25,1,0.05,0.0,0.7346,0.9398,0.6914,1.8088317600000003,3.5139720800000003,5.0184862500000005,6.23845874,-1.3435420106,-2.6097588775000005,-0.2213810788,-0.62816902917,1.7683426819999992,-3.805527111,0.2738900346000001,-0.8559954545
57,ARG,1.296,0.3865195347450044,3.16598,1.66222,0.3947800000000003,9,0.310344827586207,3,0.103448275862069,0.0,0.7346,0.9398,0.6914,1.80741942,3.5029349000000005,4.98224505,6.155690810000001,-1.13985647385,-2.2140588679000004,-0.1894190799,-0.5378829409,1.5685354119999997,-3.254609285100001,0.2716362856,-0.8280402682900002
58,GLY,0.303,0.1675884955752212,0.6883400000000001,0.9383,0.5667000000000001,6,0.214285714285714,3,0.107142857142857,0.4556,0.0,1.0,0.5062,1.66771547,3.2283320300000007,4.58245266,5.64548234,-1.219533226445,-2.3691264123999995,-0.200463702995,-0.568838763986,1.843401509000001,-4.195080490000002,0.3149056632999999,-1.0598390974499996
59,GLY,0.417,0.2306415929203539,0.76589,0.93679,0.45421,4,0.16,2,0.08,0.4556,0.0,1.0,0.5062,1.66801249,3.23065582,4.5900838,5.66290274,-0.6230171351500002,-1.2128385579999998,-0.098929229027,-0.28127846538,3.413508447999998,-5.193815120659998,0.5730137670000001,-1.2586687977999995
60,GLY,0.649,0.3589601769911504,0.94446,0.85353,0.30547,3,0.15,2,0.1,0.4556,0.0,1.0,0.5062,1.66958117,3.2427878000000003,4.62948615,5.7515707,-0.3899600784,-0.7610259606,-0.05969813869,-0.1702499559399999,2.7498020140000023,-2.026304994,0.4376279337999996,-0.4838461657200001
61,ASN,1.538,0.6290388548057261,2.36354,0.97309,-0.0660900000000002,0,0.0,0,0.0,0.1111,0.3976,0.6747,0.8272,1.1124062300000002,2.1568892,3.07032892,3.79883159,-0.6189017225000002,-1.198888085,-0.10606694726,-0.3001349737,3.536631537000001,-4.002510936999999,0.5443485181999997,-0.9698683113999996
62,SER,1.247,0.5730698529411765,1.59853,0.7675299999999999,0.1614700000000001,0,0.0,0,0.0,0.4111,0.1877,0.8514,0.5309,0.83382642,1.61396991,2.29074196,2.82211185,-0.8327162763999997,-1.6210360733,-0.13284396521,-0.3778440741,3.573535802000001,-6.205982398100001,0.5746244922000001,-1.485007684899999
63,GLY,1.08,0.5973451327433629,1.0124,0.62747,0.10053,0,0.0,0,0.0,0.4556,0.0,1.0,0.5062,0.83379457,1.6137066699999998,2.28982868,2.81987585,-0.5255711902,-1.0123137028,-0.09806872252,-0.27630002422,3.569278127000004,-4.7916563496,0.6083553034000009,-1.3215886032600004
64,GLY,0.416,0.2300884955752212,0.81707,0.97578,0.4162200000000001,1,0.0476190476190476,0,0.0,0.4556,0.0,1.0,0.5062,1.52873253,2.9591861,4.199964650000001,5.17291604,-0.5968319370999999,-1.1661509855,-0.08923218041,-0.2547450685999999,3.812989453999995,-5.5448163115,0.5851742313000002,-1.218653989500002
65,GLY,0.652,0.3606194690265487,0.95989,0.77907,0.3769300000000001,2,0.08,0,0.0,0.4556,0.0,1.0,0.5062,1.5287420100000002,2.95933993,4.20073498,5.1754738,-0.7167302029,-1.393984054,-0.1165743707699999,-0.33141314944,3.805784261999996,-6.925413221,0.6433960022000014,-1.65988151808
66,GLY,0.684,0.3783185840707965,0.8922199999999999,0.7693099999999999,0.3546900000000001,1,0.0625,0,0.0,0.4556,0.0,1.0,0.5062,1.25110248,2.4237232200000003,3.444977450000001,4.25273127,-1.1737353307999998,-2.2772083254,-0.19705422182,-0.5585203829,3.4149855290000017,-6.3625049812000025,0.5601480977999997,-1.5564311677999991
67,GLY,0.444,0.245575221238938,0.83285,0.8667900000000001,0.49721,3,0.125,1,0.0416666666666667,0.4556,0.0,1.0,0.5062,1.5293051,2.963661,4.214655390000001,5.206455930000001,-1.235504513,-2.4041871640000005,-0.1988242083299999,-0.5653939575000001,1.842983852,-3.620616466,0.3195049808999998,-0.9219075202
68,GLY,0.378,0.2090707964601769,0.80935,0.92128,0.5087200000000002,7,0.28,1,0.04,0.4556,0.0,1.0,0.5062,1.94766298,3.78182552,5.39635915,6.69934693,-0.8590360285299998,-1.6651633092,-0.14675643448,-0.41576950389,1.5701775460000005,-2.532249382,0.2583345527,-0.6454540258000001
69,GLY,0.381,0.2107300884955752,0.8761,0.97969,0.4473100000000001,9,0.409090909090909,0,0.0,0.4556,0.0,1.0,0.5062,1.80804688,3.5078693900000006,4.99855476,6.1932644,-1.0106521534,-1.9591895128,-0.17146317362,-0.48551721055,1.4933382409999996,-2.498281869999999,0.2306355408000001,-0.5601007846000001
70,TYR,0.805,0.2362089201877934,3.18879,1.84876,0.7542399999999998,6,0.4,0,0.0,0.3556,0.8063,0.502,0.1605,1.52997251,2.96887363,4.23176075,5.24548843,-1.0807953493399998,-2.10219000777,-0.1748579747099999,-0.4969157696399999,1.8848761500000013,-2.6612797449999985,0.3035408389999999,-0.6368826501999993
71,ASP,1.721,0.6419246549794853,2.67395,0.63186,0.32814,0,0.0,0,0.0,0.1111,0.3239,0.8675,1.0,1.11359811,2.16619514,3.10085158,3.868431779999999,-0.7477887344,-1.4484641369999995,-0.12834812662,-0.36315399194,3.181723699999996,-3.0531556667999995,0.4975921344,-0.7964465036799995
72,ARG,1.228,0.3662391887861616,3.2703800000000003,1.69209,0.4329099999999999,0,0.0,0,0.0,0.0,0.7346,0.9398,0.6914,1.39148582,2.7036845300000003,3.8625344900000007,4.804030849999999,-1.09007081436,-2.1312526663,-0.1603405263,-0.45789132067,2.752420214000002,-4.398524795599999,0.4149337379999999,-0.9899370838599996
73,GLY,0.785,0.4341814159292035,0.94488,0.71914,0.3038600000000001,0,0.0,0,0.0,0.4556,0.0,1.0,0.5062,0.6946207799999999,1.34317083,1.90312542,2.33874936,-0.722416087,-1.39662816,-0.1273812935,-0.3597895904,3.291173557999999,-6.151860433999998,0.5876793001000002,-1.6797298291000011
74,TYR,1.896,0.5563380281690141,3.97464,1.27385,0.23815,1,0.2,1,0.2,0.3556,0.8063,0.502,0.1605,0.8337642700000001,1.61348212,2.28913335,2.8184175,-0.6560875309000002,-1.27099672,-0.1135234636,-0.3215767771,4.120648546000003,-5.938281658999999,0.6836568174,-1.5528175214999986
75,ASN,0.869,0.3554192229038855,2.22023,1.18269,0.3933099999999998,0,0.0,1,0.25,0.1111,0.3976,0.6747,0.8272,0.83395355,1.61495169,2.29392423,2.8292514099999995,-0.7645509396,-1.489732014,-0.1194697057999999,-0.3399443946,3.888397586999996,-6.356297040000003,0.6185605201999989,-1.4585734943999986
76,ASP,0.761,0.2838493099589705,2.18977,1.16916,0.75084,0,0.0,1,0.25,0.1111,0.3239,0.8675,1.0,0.69418077,1.3397373,1.89186967,2.31310067,-0.7368711109999998,-1.4191326089999998,-0.1381240524999999,-0.389251913,3.055627604999996,-6.147216598999993,0.5514509396999999,-1.681521724
77,ASN,0.966,0.3950920245398773,2.51293,1.0889,0.3900999999999999,1,0.0909090909090909,0,0.0,0.1111,0.3976,0.6747,0.8272,1.25248337,2.43446986,3.4801078599999995,4.33248145,-0.6525102719,-1.2677718132,-0.10750004625,-0.30519801535,4.080582265999994,-7.489996351600008,0.6837219246999997,-1.832744248550001
78,ARG,1.869,0.55741127348643,3.6751,1.18762,0.2963800000000003,0,0.0,0,0.0,0.0,0.7346,0.9398,0.6914,1.11277559,2.15976494,3.0797314099999995,3.82017995,-0.69870108894,-1.3560612118300004,-0.116217568184,-0.3293867368569999,4.086573421999996,-6.805805189959991,0.6335023607000009,-1.617064535661998
79,ASP,1.458,0.5438269302499067,2.47936,0.8950699999999999,0.3279300000000001,0,0.0,0,0.0,0.1111,0.3239,0.8675,1.0,0.83400959,1.6153936299999998,2.29538958,2.8326414900000003,-0.57117365624,-1.1094085622999998,-0.09436232091,-0.26777362214,4.513142485999994,-7.670706773599995,0.7465123774000016,-1.8658462479000029
80,ASP,1.459,0.5441999254009698,2.482,0.7693,0.4527,0,0.0,0,0.0,0.1111,0.3239,0.8675,1.0,0.55493704,1.0686302799999998,1.5032069,1.82724034,-0.6778850750000001,-1.30965232,-0.1219474337,-0.3445994262,3.6043366560000014,-8.004411729000001,0.6492094246000012,-2.146022476
81,ARG,2.178,0.6495675514464658,3.79317,1.10369,0.0713100000000002,0,0.0,0,0.0,0.0,0.7346,0.9398,0.6914,0.69455298,1.34264087,1.90138635,2.33478131,-0.6699635773999998,-1.29929164,-0.11340642816,-0.3213784417700001,3.294672616000001,-7.373736623000011,0.5589647679999997,-1.9106799499
82,ASP,1.019,0.3800820589332338,2.1633,1.08135,0.5806500000000001,0,0.0,1,0.166666666666667,0.1111,0.3239,0.8675,1.0,0.8335150900000001,1.61152723,2.28268847,2.80361954,-0.6812395059999999,-1.32172721,-0.1142388105999999,-0.323774037,4.4723294240000016,-7.913351942000009,0.7548680537000005,-2.0555970657
83,ASN,1.079,0.4413087934560327,2.44899,0.99432,0.3716799999999999,0,0.0,1,0.0909090909090909,0.1111,0.3976,0.6747,0.8272,0.97251236,1.88067225,2.664785,3.27410361,-1.0616960012,-2.0633058064000003,-0.17548606956,-0.4986784701,3.4144841520000053,-6.880021508100004,0.5705442217999995,-1.698504398600001
84,ARG,2.243,0.6689531762600656,3.83658,0.93844,0.1715600000000002,0,0.0,1,0.0833333333333333,0.0,0.7346,0.9398,0.6914,1.11205254,2.1541221,3.06123287,3.77802688,-1.0282125784999998,-2.002503389,-0.1633952596999999,-0.4651190328,3.418419112,-6.746156752000004,0.5359938612000003,-1.5713704840000005
85,GLY,0.742,0.4103982300884956,0.91939,0.6948300000000001,0.37117,0,0.0,1,0.0909090909090909,0.4556,0.0,1.0,0.5062,0.97290776,1.88377772,2.6750351400000003,3.29767542,-0.9386656532999998,-1.8218832247,-0.1566972061099999,-0.4443197283000001,3.3343886089999994,-6.315566965800004,0.5648756125999999,-1.6148956702999988
86,GLY,0.636,0.3517699115044247,0.80963,0.8793700000000001,0.29263,1,0.0666666666666667,0,0.0,0.4556,0.0,1.0,0.5062,1.5299036600000002,2.9682917900000003,4.22969939,5.24031788,-0.9981560487,-1.941139165,-0.1628877418999999,-0.4631087862999999,3.886976312999999,-6.891514450999998,0.6345189705,-1.6387879533
87,SER,0.558,0.2564338235294118,1.6121299999999998,1.12114,0.4968600000000001,3,0.130434782608696,0,0.0,0.4111,0.1877,0.8514,0.5309,1.66865833,3.23558372,4.60586111,5.697711099999999,-0.8710138070600001,-1.686140329,-0.15175974851,-0.4294633502900001,3.180389077999997,-5.702818537500002,0.5161319233999996,-1.3659291890999987
88,GLY,0.675,0.3733407079646018,0.95735,0.7548,0.3782,3,0.176470588235294,0,0.0,0.4556,0.0,1.0,0.5062,1.81022458,3.52484444,5.05414034,6.319740929999999,-1.0645096474,-2.0744313943000003,-0.1649809722499999,-0.4692378793799999,3.4970245140000005,-3.427813051000002,0.5446026761,-0.8136712025900006
89,GLY,0.638,0.3528761061946903,0.88531,0.74055,0.4294499999999999,4,0.266666666666667,0,0.0,0.4556,0.0,1.0,0.5062,1.25138036,2.42583978,3.45173825,4.26759414,-1.0214525707,-1.9745220351,-0.18216173373,-0.5149740524,3.489307719,-4.579782036500003,0.6078095241000007,-1.220457559110001
90,TYR,0.349,0.1024061032863849,3.00568,2.2575,0.8015000000000003,7,0.388888888888889,0,0.0,0.3556,0.8063,0.502,0.1605,1.6691484500000002,3.23943486,4.6185773800000005,5.726966869999999,-1.0681191233000005,-2.080453641,-0.1689642508,-0.4808993201,2.8295642569999995,-5.538782877000003,0.4369820684000006,-1.2232130054
91,GLY,0.917,0.5071902654867256,0.93884,0.6855900000000001,0.2054099999999998,1,0.1,0,0.0,0.4556,0.0,1.0,0.5062,1.3920962200000002,2.7084472399999995,3.87814619,4.839601229999999,-1.0892866539,-2.1291668553999994,-0.160594318,-0.4583741532800001,3.2243937219999976,-6.592509194900002,0.4802102399999998,-1.4159879173000007
92,ARG,1.775,0.5293766776021472,3.53042,1.27388,0.3041200000000004,1,0.1,0,0.0,0.0,0.7346,0.9398,0.6914,0.97291812,1.88385451,2.6752714400000004,3.2981656699999995,-0.9628592637,-1.867943135,-0.1630388004199999,-0.46241333374,4.665619528000005,-7.834348194000001,0.8128772788999996,-2.002616724419999
93,ASP,1.263,0.4710928757926146,2.44937,0.86897,0.5490300000000001,1,0.0833333333333333,0,0.0,0.1111,0.3239,0.8675,1.0,1.25206264,2.43116647,3.46920704,4.30742216,-0.9969896732,-1.939937652,-0.16012475597,-0.4551754139999998,6.08492168799999,-9.353865634499996,0.9966417769000008,-2.362743577499998
94,ARG,1.221,0.3641515061139278,3.40132,1.66441,0.4675900000000001,1,0.166666666666667,0,0.0,0.0,0.7346,0.9398,0.6914,1.11324849,2.16346801,3.09191616,3.84808554,-0.8597028999,-1.6740764865999995,-0.13461042624,-0.3824859053,4.872132677999989,-6.2987485942,0.7536436772,-1.5662342720800002
95,ASN,1.327,0.5427402862985685,2.52898,0.8654600000000001,0.2525399999999997,0,0.0,0,0.0,0.1111,0.3976,0.6747,0.8272,0.6943752999999999,1.34124553,1.89678002,2.32418538,-0.8168158120000001,-1.579291839,-0.1451380740399999,-0.4103518223,2.7819906539999995,-5.575076459799996,0.4966936120000001,-1.5353641712999997
96,TYR,2.035,0.59712441314554,3.96915,1.07748,0.2955199999999998,0,0.0,1,0.25,0.3556,0.8063,0.502,0.1605,0.6940195,1.33847372,1.88771139,2.30357578,-0.9264019165,-1.795194029,-0.15888093865,-0.4499760220000001,2.4703462560000014,-4.874629420000001,0.4279108149999996,-1.2804383287999992
97,GLU,0.994,0.3643695014662756,2.72003,1.25585,0.4781500000000003,1,0.142857142857143,2,0.285714285714286,0.1111,0.4884,0.8112,0.9136,1.1124857,2.1575084,3.07235298,3.80342514,-1.0085919039900002,-1.9687092121,-0.1532092227639999,-0.4368666989959999,2.712292207000001,-4.7741042452,0.4121083817999999,-1.0052268719000008
98,ASP,0.889,0.3315926892950391,2.01664,1.12866,0.66334,0,0.0,1,0.25,0.1111,0.3239,0.8675,1.0,1.1132637099999998,2.16359505,3.09236191,3.84919156,-1.1716216289599994,-2.2749238259,-0.19292208029,-0.5468348170699999,2.864809752999997,-6.173177962000004,0.4717357368000001,-1.4653854776
99,ARG,1.642,0.4897107068297047,3.44556,1.44536,0.2656400000000003,0,0.0,3,0.25,0.0,0.7346,0.9398,0.6914,1.80949431,3.51913551,5.035390710000001,6.27691081,-0.9180125929000004,-1.7858157299999995,-0.14807257884,-0.4208499144,2.944870887999999,-6.066671600000002,0.4759515675,-1.4614163363999992
100,GLY,0.027,0.014933628318584,0.56702,1.0866600000000002,0.69434,6,0.176470588235294,5,0.147058823529412,0.4556,0.0,1.0,0.5062,1.8057125,3.48972745,4.939327959999999,6.0590461200000005,-0.82671446686,-1.5977197970000003,-0.1478098998299999,-0.41774225152,3.059599055999997,-4.813585642799995,0.5206712390000002,-1.24018531992
101,TYR,0.527,0.1546361502347417,2.97904,2.0396400000000003,0.8413599999999994,13,0.382352941176471,5,0.147058823529412,0.3556,0.8063,0.502,0.1605,2.36496455,4.59176106,6.55113626,8.13103391,-0.487006387,-0.9524455776999998,-0.07139889776,-0.2039933810999999,2.202817362,-3.5411105628000024,0.3241711596000001,-0.7553869089999999
102,ASN,0.747,0.305521472392638,1.89369,1.31413,0.3838699999999999,8,0.285714285714286,2,0.0714285714285714,0.1111,0.3976,0.6747,0.8272,1.94708174,3.77730474,5.3815924200000005,6.665863100000001,-0.5960227105999999,-1.152371638,-0.1055397579,-0.29827987616,2.316225186999999,-2.911158745,0.3769129110000001,-0.7568049878800006
103,GLY,0.655,0.3622787610619469,0.86234,0.77066,0.38234,2,0.142857142857143,0,0.0,0.4556,0.0,1.0,0.5062,1.53133235,2.97948374,4.266539849999999,5.32473191,-1.0544614696,-2.0476115865,-0.1739254143859999,-0.49317263042,2.319289476,-2.8316477057000005,0.3516193904000002,-0.6678070775999995
104,GLY,0.809,0.4474557522123894,0.8902899999999999,0.7133400000000001,0.2856599999999999,2,0.222222222222222,0,0.0,0.4556,0.0,1.0,0.5062,0.97326522,1.88660328,2.68442393,3.3194563900000005,-1.4103269956500004,-2.7369993115,-0.23561230475,-0.6679622301939999,1.9234512450000003,-2.78932551469,0.3131640875000001,-0.7027951558119994
105,GLY,0.689,0.3810840707964601,0.87682,0.8168600000000001,0.3021400000000001,3,0.214285714285714,0,0.0,0.4556,0.0,1.0,0.5062,1.11219527,2.15523492,3.0648767500000007,3.78631664,-1.03507891187,-2.0079148298,-0.1755321307,-0.4978611365399999,2.0424290150000006,-1.6039630547,0.3247798728999999,-0.4022393768
106,GLY,0.524,0.2898230088495575,0.87698,0.86798,0.41602,3,0.142857142857143,2,0.0952380952380952,0.4556,0.0,1.0,0.5062,1.53005737,2.96952191,4.23384008,5.250089029999999,-0.8668214003299999,-1.6812005360999998,-0.14762067388,-0.41868414366,2.436010979000001,-2.9293518343,0.3829169860999996,-0.6879113017500005
107,GLY,0.263,0.1454646017699115,0.72624,1.0017299999999998,0.5432700000000001,5,0.161290322580645,3,0.0967741935483871,0.4556,0.0,1.0,0.5062,1.80697575,3.49957853,4.971602859999999,6.13253597,-0.6577871509999998,-1.2732474547,-0.11513158812,-0.3259103726,2.669813861,-4.0705095893,0.4325789155999998,-1.0257543462999996
108,GLY,0.741,0.4098451327433628,0.88854,0.8042699999999999,0.2627300000000002,1,0.0666666666666667,1,0.0666666666666667,0.4556,0.0,1.0,0.5062,1.25089029,2.42205638,3.4394740399999995,4.24007117,-1.0924473675,-2.1190310382,-0.1847720850899999,-0.52381085674,2.8266647879999995,-4.939594198600001,0.4621917088,-1.2101133725999993
109,GLY,0.994,0.5497787610619469,1.03941,0.5889800000000001,0.22502,1,0.125,0,0.0,0.4556,0.0,1.0,0.5062,0.97267231,1.88194039,2.66901227,3.28395114,-1.07281524981,-2.0817264910800004,-0.1809884854619999,-0.51342174493,2.98268033,-4.206275790399999,0.4962541220999999,-1.0387792651999992
110,ASN,0.867,0.354601226993865,2.16671,1.20683,0.3711699999999998,4,0.25,1,0.0625,0.1111,0.3976,0.6747,0.8272,1.38977233,2.6903286800000004,3.8188059500000007,4.7045540400000005,-0.8995558438000001,-1.7445229670999995,-0.15362482969,-0.4357360374499999,3.0606288220000004,-3.5582808182000014,0.5136696146999999,-0.9167655461199996
111,ARG,1.719,0.5126752162242768,3.43455,1.37905,0.25495,5,0.454545454545455,2,0.181818181818182,0.0,0.7346,0.9398,0.6914,1.53065733,2.9742306000000003,4.249366460000001,5.285743429999999,-1.0579372839,-2.0529675046,-0.1773898149599999,-0.5029959581999999,2.120641545999999,-3.1520634240000005,0.3381084697999998,-0.7606266396000005
112,GLY,0.373,0.2063053097345132,0.74744,0.9018,0.5332,5,0.5,3,0.3,0.4556,0.0,1.0,0.5062,1.25197794,2.43052402,3.46716699,4.3029777,-1.2686736036,-2.4619773822,-0.21316214365,-0.60458443228,2.592025438,-3.7716588033,0.4134614812999999,-0.8762516421800003
113,TYR,1.988,0.5833333333333334,3.68488,1.1375099999999998,0.2824900000000001,5,0.714285714285714,4,0.571428571428571,0.3556,0.8063,0.502,0.1605,1.11291694,2.16085199,3.08323942,3.8280022,-1.3292213672300002,-2.590656969600001,-0.206860053526,-0.5887836918199999,1.9635989229999984,-3.4792890510000003,0.3129508236999999,-0.8158776319999999
114,ASN,0.814,0.3329243353783231,2.115,1.2685799999999998,0.3624199999999999,2,0.333333333333333,2,0.333333333333333,0.1111,0.3976,0.6747,0.8272,1.25242798,2.43404513,3.47874277,4.329456309999999,-1.2237870914999998,-2.3906981893,-0.18276728053,-0.5214573878900001,2.280380910999998,-3.581772329999999,0.3436813006999998,-0.8322152982599992
115,ASN,1.053,0.4306748466257669,2.41612,1.04022,0.35178,1,0.333333333333333,1,0.333333333333333,0.1111,0.3976,0.6747,0.8272,0.83401596,1.6154520999999995,2.29561304,2.83324957,-1.013358788,-1.9641605865,-0.17170514684,-0.4859871969999999,2.157572445999999,-4.839922782500002,0.3630146665000001,-1.2514821410000003
116,ASN,1.12,0.458077709611452,2.36923,1.00636,0.3186399999999998,0,0.0,0,0.0,0.1111,0.3976,0.6747,0.8272,1.11332112,2.16403238,3.09375829,3.85225827,-1.0379953026,-2.0324024777,-0.1466771362499999,-0.4191212718000001,2.7931724919999965,-5.865426367500003,0.4039416818000001,-1.2400264859
117,ARG,2.32,0.6919176856546375,3.99305,0.92849,0.1045100000000003,0,0.0,0,0.0,0.0,0.7346,0.9398,0.6914,0.83392292,1.6147226,2.29320962,2.82773598,-0.989840184,-1.928382767,-0.1543034478,-0.4387876475,3.098685834000004,-7.813272405000005,0.5262939306999999,-1.9500235729999984
118,GLY,0.915,0.5060840707964602,0.92083,0.7301500000000001,0.1628499999999999,0,0.0,0,0.0,0.4556,0.0,1.0,0.5062,0.6944351400000001,1.34171527,1.8983301,2.32774869,-0.7713020730000002,-1.4967509689999998,-0.1297516841,-0.368022273,3.7260763840000033,-8.935910581000002,0.6360663799000008,-2.2580803109999987
119,GLY,0.975,0.5392699115044247,0.99545,0.71027,0.1227300000000001,0,0.0,0,0.0,0.4556,0.0,1.0,0.5062,0.83365646,1.6126286899999998,2.28629283,2.81181189,-1.031037424,-2.003284873,-0.1687040983999999,-0.4786796229999999,4.278172099,-10.327761633,0.7057686270000014,-2.515945693000001
120,GLY,0.614,0.3396017699115044,0.93122,0.7681699999999998,0.4258300000000001,1,0.1,0,0.0,0.4556,0.0,1.0,0.5062,1.3920176400000002,2.70786551,3.87634981,4.83584851,-1.2760964617999997,-2.4978102719,-0.18238171453,-0.521185494,6.808374137999989,-13.509538398600004,0.9663068954000013,-2.818015163300003
121,GLY,0.95,0.5254424778761062,1.0506,0.6593499999999999,0.1986500000000002,0,0.0,0,0.0,0.4556,0.0,1.0,0.5062,0.97302157,1.88466164,2.6779172,3.30419404,-1.14432528184,-2.21228742794,-0.20365458606,-0.5757478538800002,5.685715127999986,-11.439714125699998,0.9838359244000002,-2.978365835040001
122,GLY,0.336,0.1858407079646017,0.89203,0.94567,0.52633,3,0.142857142857143,0,0.0,0.4556,0.0,1.0,0.5062,1.52868873,2.9589715400000003,4.19969337,5.173612019999999,-1.3544654189999998,-2.635626334,-0.2160836529,-0.6139742185000001,4.629939154,-10.424766393000004,0.7747143609000007,-2.5304263260000006
123,GLY,0.485,0.2682522123893805,0.8856,0.8821299999999999,0.4408700000000001,3,0.166666666666667,0,0.0,0.4556,0.0,1.0,0.5062,1.66929585,3.2405911200000004,4.622390719999999,5.73572916,-1.360556506,-2.656722437,-0.2046842829,-0.5837120379999999,4.245339299000004,-9.271481054,0.6467719193999993,-2.039209346999997
124,TYR,1.326,0.3890845070422535,3.85885,1.37502,0.7069799999999999,4,0.266666666666667,0,0.0,0.3556,0.8063,0.502,0.1605,1.39027246,2.6942367500000004,3.8316339200000007,4.733835490000001,-1.2185070457,-2.362915361,-0.2061137786299999,-0.5839506039600001,4.276518989000001,-7.225197324199999,0.7203417310999995,-1.7788316339
125,ASN,0.835,0.3415132924335378,2.38494,1.1141,0.4958999999999998,2,0.133333333333333,0,0.0,0.1111,0.3976,0.6747,0.8272,1.6691832800000002,3.2397630199999994,4.61984829,5.730462559999999,-1.6344545971999995,-3.1860866642000003,-0.2522283805999999,-0.7177157911300001,6.325782022999997,-13.915469092799997,0.9844366465000012,-3.183715272120008
126,ARG,1.627,0.4852371011034894,3.51157,1.29344,0.4325600000000003,2,0.153846153846154,0,0.0,0.0,0.7346,0.9398,0.6914,1.52983226,2.96779158,4.2282575200000005,5.23764068,-1.5475996292000005,-3.0139880042,-0.2444453036999999,-0.6953826932299999,6.360846234000003,-13.165387548600002,1.0286969023999986,-3.112706548850001
127,GLN,1.118,0.3888695652173913,2.84305,1.2779900000000002,0.4790099999999997,1,0.0833333333333333,0,0.0,0.1111,0.5388,0.7952,0.6914,1.3899266899999998,2.69159112,3.82313429,4.714986679999999,-1.15266744534,-2.234775155200001,-0.195806249307,-0.5546898223600001,7.726922266999984,-9.538594013800004,1.3146225785999972,-2.428122040533
128,ASP,0.64,0.2387168966803431,2.00532,1.28372,0.75728,1,0.0625,0,0.0,0.1111,0.3239,0.8675,1.0,2.0880174300000003,4.06167818,5.81396399,7.25199242,-1.25234451197,-2.4535115920699995,-0.175631690493,-0.502349636565,6.098527723000011,-10.983013981069988,0.8777716709000001,-2.277557235265001
129,ARG,1.713,0.5108857739337906,3.7321,1.35078,0.28922,0,0.0,2,0.166666666666667,0.0,0.7346,0.9398,0.6914,1.80929328,3.51759213,5.03041946,6.265855670000001,-1.154446137,-2.249431806,-0.17972468532,-0.51125214737,6.131210375,-9.839306926500006,0.9407482409999994,-2.23943622057
130,GLY,0.765,0.4231194690265487,0.89278,0.75596,0.2870400000000002,0,0.0,2,0.2,0.4556,0.0,1.0,0.5062,0.97273822,1.88247844,2.67086039,3.2884238100000003,-0.9051682184220002,-1.754014759931,-0.1556739800808999,-0.4410192948106,4.944261746999996,-7.010381881651998,0.8228386691999989,-1.7309250504293998
131,ASP,1.547,0.577023498694517,2.4871700000000003,0.8347200000000001,0.29928,0,0.0,1,0.2,0.1111,0.3239,0.8675,1.0,0.83386324,1.61426607,2.29174516,2.82449847,-1.2207900190699998,-2.3785358643600003,-0.1908880095539999,-0.5431382282400001,4.553848411999993,-9.433461825300006,0.7409111675999999,-2.322313374210002
132,GLY,0.658,0.3639380530973451,0.90882,0.8034300000000001,0.3465699999999998,0,0.0,2,0.222222222222222,0.4556,0.0,1.0,0.5062,0.97261945,1.88154603,2.66778358,3.28135004,-1.2065639215,-2.3450366855,-0.1970728855599999,-0.5595433915999998,4.592345498000007,-8.661293799500006,0.7583155608000006,-2.115704525499998
133,GLY,0.5,0.2765486725663716,0.8313299999999999,0.90658,0.40142,0,0.0,2,0.142857142857143,0.4556,0.0,1.0,0.5062,1.5306254300000002,2.97398954,4.2486055700000005,5.28410244,-1.15113936629,-2.2405716535999995,-0.183261169048,-0.52094659766,4.555360557999998,-7.951089829760002,0.7289685180000003,-1.9859832821100016
134,SER,1.017,0.4673713235294117,1.48419,0.8760399999999999,0.2829600000000003,0,0.0,0,0.0,0.4111,0.1877,0.8514,0.5309,1.81099203,3.5308394300000003,5.073813550000001,6.364635729999999,-1.1653843359000002,-2.2757370083,-0.17475334462,-0.4982565932,5.033758193000002,-6.248811217399997,0.746592824199999,-1.4429860537999983
135,SER,0.841,0.3864889705882352,1.2829499999999998,1.12837,0.2066300000000001,1,0.166666666666667,0,0.0,0.4111,0.1877,0.8514,0.5309,0.97383427,1.89103279,2.69890607,3.35233952,-1.10949686955,-2.14753517326,-0.192637961445,-0.54476574344,3.9647273050000034,-3.80484072827,0.6458601168999992,-1.0282336657200002
136,ASN,1.257,0.5141104294478528,2.30534,0.93838,0.2496199999999999,1,0.333333333333333,0,0.0,0.1111,0.3976,0.6747,0.8272,0.83435237,1.6180806,2.30424035,2.8529417,-1.13395740504,-2.1995085336999995,-0.191046630488,-0.54135698732,3.841727501999998,-6.577030228700004,0.6681339128,-1.760567855439999
137,PHE,1.174,0.377613380508202,3.45718,1.50772,0.4272800000000001,2,0.333333333333333,0,0.0,0.8111,0.783,0.0763,0.037,1.1129079700000002,2.16078452,3.08302653,3.82754268,-0.6542182006000001,-1.2657797675,-0.1151640177699999,-0.3258096515,4.4741057240000055,-7.660801440499997,0.7413711289999982,-1.9918839406000008
138,SER,0.865,0.3975183823529411,1.59093,0.88131,0.4296900000000001,1,0.142857142857143,0,0.0,0.4111,0.1877,0.8514,0.5309,1.25262136,2.4355484199999995,3.48364909,4.34056866,-0.5541300629000001,-1.0809810276,-0.08460407103,-0.24095443018,3.573392043999999,-8.009765203300004,0.5737100047000001,-1.9239405049000005
139,ARG,2.466,0.7354607813898002,3.96332,0.9231,-0.0361,1,0.2,0,0.0,0.0,0.7346,0.9398,0.6914,0.83419477,1.6168456399999998,2.30017415,2.84362038,-0.4540141496,-0.8824639742,-0.07359125428,-0.20881239163,3.6924125500000016,-6.447691317599997,0.5810443395000001,-1.447942462689999
140,GLY,0.724,0.4004424778761061,0.99217,0.74925,0.3347500000000001,1,0.2,0,0.0,0.4556,0.0,1.0,0.5062,0.83416793,1.61664436,2.29954361,2.84227487,-0.4863090994,-0.946183656,-0.07750391904,-0.2201250308499999,3.966395661999999,-7.679507823999999,0.6297143726000002,-1.8034130968499968
141,GLY,0.696,0.3849557522123893,0.96134,0.85748,0.2545200000000001,2,0.285714285714286,0,0.0,0.4556,0.0,1.0,0.5062,0.97392872,1.89177305,2.70134348,3.35792702,-0.6062823709999999,-1.185086855,-0.0886334904499999,-0.2528079764,3.655895422000003,-7.014692916000006,0.5516182559999998,-1.5370820611000002
142,TYR,1.619,0.4750586854460094,4.06118,1.4395199999999997,0.3494800000000002,4,0.4,2,0.2,0.3556,0.8063,0.502,0.1605,1.1131437000000002,2.16262818,3.08908446,3.8413894,-0.5304462001,-1.0388064265,-0.07542816477,-0.2157461269999999,3.344804261000001,-4.958919134000001,0.4811757030999998,-1.0386738943999996
143,ASN,1.086,0.4441717791411043,2.2352000000000003,1.09345,0.2655499999999997,1,0.166666666666667,2,0.333333333333333,0.1111,0.3976,0.6747,0.8272,0.97396076,1.89203471,2.70224319,3.3601068,-0.4811861035999999,-0.9344370475,-0.0790535008,-0.2241092643999999,2.8305823040000013,-3.9175761395,0.421499154,-0.9284499886999994
144,ASN,1.098,0.449079754601227,2.35365,1.03948,0.3075199999999998,1,0.166666666666667,3,0.5,0.1111,0.3976,0.6747,0.8272,0.83395691,1.6149760199999998,2.29399816,2.82940274,-0.5635313411,-1.0916101413,-0.0971625847899999,-0.27507282804,2.1971407609999978,-3.5330900419999995,0.3682042744999997,-0.9223379557399998
145,ARG,1.981,0.5908141962421711,3.605,1.30958,0.0624200000000001,0,0.0,2,0.4,0.0,0.7346,0.9398,0.6914,0.83383423,1.61403851,2.29099442,2.82277319,-0.8485686790000001,-1.6547124079999995,-0.1305565607,-0.3717318315,2.160248864000001,-4.231553399999997,0.3410815004000002,-1.0056943264
146,ASP,1.644,0.6132040283476314,2.32148,0.7840400000000001,0.2529600000000001,0,0.0,0,0.0,0.1111,0.3239,0.8675,1.0,0.69449076,1.3421534299999998,1.89978129,2.33110186,-0.8001677720000001,-1.553471366,-0.1328500443,-0.3767504453,3.0232889339999995,-6.184995494999996,0.4880537705000003,-1.5420445179999986
147,GLU,1.434,0.5256598240469208,2.69226,1.19281,0.1011900000000003,0,0.0,2,0.4,0.1111,0.4884,0.8112,0.9136,0.83329445,1.6098116400000002,2.27708574,2.79091773,-0.5507952082,-1.0672640624999998,-0.0953377892999999,-0.270224248,4.120338816000002,-4.532301749999999,0.687791282800001,-1.141637665699998
148,GLY,0.764,0.4225663716814159,0.94467,0.7129700000000001,0.3310299999999999,0,0.0,2,0.4,0.4556,0.0,1.0,0.5062,1.25276655,2.43671483,3.48759149,4.349918580000001,-0.5904524588,-1.1532330966000002,-0.08717418212,-0.2483304380599999,4.994058763000003,-7.248156947200002,0.7387242858999991,-1.5389925234999997
149,SER,0.432,0.1985294117647058,1.35774,1.2202099999999998,0.5237900000000004,0,0.0,2,0.153846153846154,0.4111,0.1877,0.8514,0.5309,1.25095094,2.42252681,3.4410090500000003,4.24354959,-0.6091245407,-1.184584722,-0.0990353302799999,-0.2814777451999999,3.9646997430000015,-6.845393822000003,0.6524275209999995,-1.6352154295000032
150,ASP,1.353,0.5046624393882879,2.30199,0.8653599999999999,0.4626400000000001,0,0.0,1,0.125,0.1111,0.3239,0.8675,1.0,1.25210055,2.43151329,3.47052305,4.31097194,-0.61727984216,-1.2020498494000005,-0.0971101287499999,-0.2760808531500001,4.283058280999996,-6.862070673300007,0.6621616912000003,-1.5805785480500003
151,ASN,1.779,0.7276073619631902,2.54554,0.77473,-0.1087300000000001,0,0.0,0,0.0,0.1111,0.3976,0.6747,0.8272,1.2520545799999998,2.43110703,3.46902457,4.30704394,-0.561951084,-1.0957825099999998,-0.0868239012,-0.2472798114,2.987766583999998,-3.8590435580000046,0.4556312077999996,-0.8689078819999988
152,ARG,2.127,0.6343572919773336,3.64476,1.18553,0.0404700000000004,0,0.0,0,0.0,0.0,0.7346,0.9398,0.6914,1.25104761,2.42328634,3.44351696,4.24931828,-0.4039945731,-0.7848174693,-0.06652285144,-0.1887938002,2.9846560030000022,-3.0501182870000023,0.4792904631999998,-0.7616127899000006
153,GLY,0.612,0.3384955752212389,0.92491,0.81248,0.3835200000000002,0,0.0,0,0.0,0.4556,0.0,1.0,0.5062,1.39181784,2.70627442,3.87102331,4.8233716,-0.4778851529,-0.9359791033,-0.06712197435,-0.1918581688599999,2.713469899000001,-2.9271765612,0.4011258286999998,-0.61946236536
154,SER,1.335,0.6135110294117646,1.7118700000000002,0.72205,0.1189500000000002,0,0.0,0,0.0,0.4111,0.1877,0.8514,0.5309,1.39140444,2.70306607,3.86056628,4.7997289,-0.497720838,-0.9735037757000002,-0.0721753532499999,-0.20607691993,2.594749208,-2.9604423237999984,0.3902950814000006,-0.6408149840000003
155,GLY,0.673,0.3722345132743363,0.91554,0.8046200000000001,0.3303799999999999,0,0.0,0,0.0,0.4556,0.0,1.0,0.5062,1.3911736499999998,2.70123333,3.85444562,4.78543611,-0.4674287203999999,-0.910612167,-0.0729904892,-0.2075896564,2.120619072000001,-3.3635474660000013,0.3398985392000002,-0.8237505439000001
156,ARG,2.106,0.6280942439606322,3.65544,1.10805,0.1389500000000003,1,0.25,1,0.25,0.0,0.7346,0.9398,0.6914,1.11287104,2.16051123,3.0821833200000004,3.82578316,-0.5731956394,-1.1045685445000002,-0.1066521693199999,-0.30072288546,2.392638099999998,-3.0536004625000013,0.4066068115000001,-0.8625387676799999
157,SER,0.686,0.3152573529411764,1.52569,0.99331,0.4966900000000002,1,0.111111111111111,1,0.111111111111111,0.4111,0.1877,0.8514,0.5309,1.39087116,2.69887488,3.846721680000001,4.76785685,-1.1408124797000003,-2.2248065145,-0.17615797327,-0.5018320522399999,3.5355978370000023,-5.453999005600002,0.5584471856999996,-1.2347891547399992
158,TYR,1.898,0.556924882629108,3.74959,1.25438,0.2556199999999999,4,0.666666666666667,2,0.333333333333333,0.3556,0.8063,0.502,0.1605,1.25254359,2.43494426,3.4816784700000003,4.33610834,-1.3498381367000003,-2.6244508811,-0.2181838113699999,-0.6193643828000002,3.729407913999999,-5.882832167799999,0.6067886307,-1.4319066649
159,ASN,0.761,0.3112474437627812,2.06022,1.3473,0.3366999999999998,5,0.5,1,0.1,0.1111,0.3976,0.6747,0.8272,1.39134027,2.7025500800000004,3.85882085,4.795586069999999,-1.2730982618199995,-2.4743094032,-0.20780659745,-0.58993500398,2.946039766000004,-4.949573508599998,0.4669420863999993,-1.1930094511
160,ASN,1.009,0.4126789366053169,2.04913,1.3012,0.1348,3,0.428571428571429,3,0.428571428571429,0.1111,0.3976,0.6747,0.8272,0.97287699,1.88354957,2.67432901,3.29619453,-0.9036525762999996,-1.753208449,-0.15263123353,-0.43285712301,2.316508117,-2.7102033693000003,0.3730389098999999,-0.7242512948600001
161,ASP,1.298,0.484147706079821,2.34771,0.96093,0.42207,2,0.4,1,0.2,0.1111,0.3239,0.8675,1.0,0.6946059200000001,1.34304896,1.90270478,2.33772542,-0.73352451243,-1.4237721955,-0.12234770064,-0.34691940596,2.393791747999998,-2.8311613250000005,0.3961480870999999,-0.7303576774800005
162,ARG,2.064,0.6155681479272294,3.75912,1.01515,0.2738500000000001,0,0.0,2,0.5,0.0,0.7346,0.9398,0.6914,0.8338821700000001,1.61442131,2.29227976,2.82579508,-0.818694026,-1.5942632869999998,-0.1285083496,-0.3652725998999999,2.392814129,-5.28784113,0.4054649569999998,-1.3614943620000008
163,ARG,2.055,0.6128839844915002,3.61334,1.26096,0.0370399999999999,0,0.0,3,0.6,0.0,0.7346,0.9398,0.6914,0.8337121000000001,1.6130671199999995,2.28774537,2.81517081,-0.51690352357,-1.0056949224,-0.08330175258,-0.2368277000999999,2.5109297920000007,-3.701501042800003,0.4251700656999999,-0.8523713632999995
164,ASP,1.425,0.5315180902648265,2.58979,0.77812,0.4778799999999999,0,0.0,1,0.25,0.1111,0.3239,0.8675,1.0,0.69457272,1.3427892,1.90185144,2.33577514,-0.403973757,-0.780079245,-0.072892333,-0.205813396,1.6836498559999982,-3.944478661999999,0.3106632078000001,-1.1158125579999996
165,ASN,1.113,0.4552147239263804,2.25158,1.1932900000000002,0.1387099999999996,0,0.0,1,0.25,0.1111,0.3976,0.6747,0.8272,0.83399004,1.61525836,2.29500821,2.83196586,-0.203086529,-0.396139303,-0.0311762912,-0.0888274194,1.6913956640000014,-3.105849533000001,0.247131159,-0.7211504419999996
166,GLY,0.579,0.3202433628318584,0.90997,0.82548,0.4035200000000001,0,0.0,1,0.25,0.4556,0.0,1.0,0.5062,0.69430808,1.34073264,1.89513993,2.32057589,-0.288345522,-0.56247234,-0.043631975,-0.1241522829999999,1.454249291999999,-4.099140998,0.2202465934999999,-0.8996151969999997
167,GLY,0.975,0.5392699115044247,1.04264,0.62653,0.20647,0,0.0,1,0.5,0.4556,0.0,1.0,0.5062,0.5551388300000001,1.0702193,1.5084662,1.83937887,-0.284788907,-0.5538836749999999,-0.0459808587,-0.130623323,0.9423751960000004,-2.72708744,0.1520886109999999,-0.6336435739999997
168,ASP,1.266,0.4722118612458038,2.3648,0.6539900000000001,0.76101,0,0.0,1,1.0,0.1111,0.3239,0.8675,1.0,0.41683956,0.8064175,1.14353648,1.40695572,-0.338670148,-0.658862316,-0.054133034,-0.153753499,0.7070169820000001,-2.082620368,0.111289193,-0.475022469
169,GLY,1.507,0.8335176991150441,1.17452,0.27087,0.0301300000000001,0,0.0,0,0.0,0.4556,0.0,1.0,0.5062,0.792126668,1.5332054039999998,2.175988203,2.6805123390000003,-0.576473776312,-1.12026851361,-0.0942410125699999,-0.267498175335,1.9038770542,-3.54394573767,0.3108182870399999,-0.8706728388739998
