2,MET,2.426,0.8135479543930249,2.82659,0.4343599999999999,0.1216400000000001,0,0.0,1,1.0,0.7111,0.6196,0.0,0.0988,0.4168010099999999,0.8061058099999999,1.1424772,1.40442583,-0.3730631984999999,-0.7198613651000001,-0.0684607956299999,-0.1933296609,0.9770682120000004,-1.0781882692999998,0.1943400665,-0.3395364746000001
3,GLU,1.477,0.5414222873900293,2.86224,0.8637699999999999,0.3872300000000002,1,0.25,1,0.25,0.1111,0.4884,0.8112,0.9136,0.97401273,1.89243628,2.70354476,3.3630252900000004,-0.2908519032,-0.5610358663999999,-0.0527850550899999,-0.1487708938999999,1.7726112670000014,-1.99947363,0.2363741818000001,-0.3753336094999999
4,SER,0.852,0.3915441176470587,1.51449,1.02479,0.2992100000000002,0,0.0,1,0.111111111111111,0.4111,0.1877,0.8514,0.5309,1.3915217700000002,2.70398743,3.86360589,4.806714979999999,-0.1243658365,-0.2430081,-0.0181538304,-0.0517228488,1.6912973740000004,-1.7211421750000009,0.2458858911999998,-0.3603382229999998
5,ASN,1.642,0.6715746421267894,2.54767,0.7764500000000001,0.0265499999999998,0,0.0,0,0.0,0.1111,0.3976,0.6747,0.8272,0.83401338,1.6154219099999998,2.29547835,2.83283195,-0.373581878,-0.7183092935,-0.07149394306,-0.2012131606,1.4111156540000007,-1.961431105,0.2481392311,-0.551395264
6,GLN,1.245,0.4330434782608696,2.68625,1.1816500000000003,0.4483499999999996,0,0.0,0,0.0,0.1111,0.5388,0.7952,0.6914,0.8336069300000001,1.61227446,2.28524565,2.80977774,-0.2660038721,-0.5142596494999999,-0.04747593154,-0.13427372455,1.5721629940000004,-1.0320592341000008,0.2402134621999999,-0.2596089154500001
7,SER,1.332,0.6121323529411764,1.74116,0.66455,0.1794500000000001,0,0.0,0,0.0,0.4111,0.1877,0.8514,0.5309,0.83385679,1.6141933599999998,2.29142743,2.82352954,-0.2904942556,-0.5653180259,-0.0464994647699999,-0.1321878377499999,1.610681780000001,-1.6071907342,0.2530363277,-0.3590015233499999
8,ASN,1.185,0.4846625766871166,2.40618,1.06272,0.1972799999999996,0,0.0,0,0.0,0.1111,0.3976,0.6747,0.8272,0.97319015,1.88599164,2.6823285500000003,3.31440428,-0.2987616688,-0.5828755235,-0.04585843991,-0.1307068835299999,1.6887256850000003,-2.4188668370999995,0.2705839524,-0.55117600503
9,ASN,1.504,0.6151329243353784,2.50114,0.7027999999999999,0.2381999999999999,0,0.0,0,0.0,0.1111,0.3976,0.6747,0.8272,0.9739416600000002,1.89188075,2.7017209,3.35886121,-0.5609426569999999,-1.092631022,-0.0876188915,-0.2490945626,1.4533632200000008,-4.495442008999999,0.2297792055999999,-1.0332195399999995
10,GLY,0.483,0.267146017699115,0.91162,0.90837,0.4166300000000001,0,0.0,0,0.0,0.4556,0.0,1.0,0.5062,0.97328296,1.88674549,2.68490373,3.32059295,-0.4432416517,-0.8603154792000002,-0.07384725137,-0.20938124986,1.764314985000002,-4.663312628999997,0.3057154306000001,-1.1636027199999992
11,GLY,0.718,0.3971238938053097,1.00542,0.72073,0.3692700000000001,1,0.111111111111111,0,0.0,0.4556,0.0,1.0,0.5062,1.1129844400000002,2.16139208,3.08505697,3.83228841,-0.4441244407999999,-0.866977818,-0.066570946015,-0.18963245523,1.5710975479999991,-3.496719892999999,0.2461313459999998,-0.8114282814999998
12,SER,1.313,0.6034007352941175,1.33184,0.7978700000000001,0.0651300000000001,0,0.0,0,0.0,0.4111,0.1877,0.8514,0.5309,1.1131493200000002,2.16270755,3.08947011,3.84265531,-0.6396005612000001,-1.2509839943,-0.09268595338,-0.26462158255,2.4009270849999984,-4.856427745000007,0.3391569265000003,-0.9904091758000004
13,GLY,0.494,0.2732300884955752,0.8283799999999999,0.88543,0.42857,1,0.2,0,0.0,0.4556,0.0,1.0,0.5062,0.83388069,1.61439638,2.29215133,2.82535906,-0.8932406199999999,-1.732067467,-0.1515601545,-0.4294689214000001,2.388769104,-5.7669112989999975,0.4403203569999999,-1.5343079640000004
14,ASN,1.685,0.6891615541922291,2.5005,0.82953,-0.0695300000000002,0,0.0,0,0.0,0.1111,0.3976,0.6747,0.8272,0.97380487,1.89080124,2.69814065,3.3505754600000004,-1.12718943768,-2.1919900819,-0.18200375959,-0.51687045904,4.360468552000008,-4.72827195008,0.6842498489000002,-1.20018943998
15,ALA,0.674,0.3090325538743695,1.2622,1.0215800000000002,0.4854199999999999,0,0.0,0,0.0,0.7,0.1645,0.249,0.3951,1.25146354,2.42651035,3.45401178,4.27300717,-1.2980264586,-2.5191097199999994,-0.2169211167999999,-0.6150107674,3.647790276999996,-4.954088966999998,0.6246848795000005,-1.2639386137999982
16,ALA,0.596,0.2732691425951398,1.21695,0.99458,0.59042,0,0.0,0,0.0,0.7,0.1645,0.249,0.3951,1.5289065700000002,2.960642809999999,4.205076609999999,5.185590190000001,-1.650371001,-3.213900517,-0.2598172686,-0.7387734743,4.829204337999993,-11.865198772000012,0.7827628015000017,-2.862573780000001
17,LEU,0.766,0.2881866064710308,2.12912,1.54463,0.3473699999999999,0,0.0,0,0.0,0.9222,0.663,0.2811,0.0,1.25042703,2.41839835,3.42733647,4.21196835,-1.28933568825,-2.49882949596,-0.22162095705,-0.6280014576999998,5.371287883999998,-8.52979992982,0.9408977230999992,-2.196684665410002
18,ASN,1.03,0.4212678936605317,2.30936,0.97422,0.4407799999999998,0,0.0,0,0.0,0.1111,0.3976,0.6747,0.8272,1.5302118,2.9707386,4.23786708,5.259380759999999,-0.9827565649,-1.9096224840000005,-0.16192973918,-0.4598559349999999,5.064698274999996,-6.894332904000002,0.8230929988999984,-1.6839888288999991
19,ARG,1.369,0.4082910826125857,3.37957,1.53863,0.4453700000000002,0,0.0,0,0.0,0.0,0.7346,0.9398,0.6914,1.6692218799999998,3.2400145700000005,4.62050263,5.73143282,-0.7568646691,-1.4695436594,-0.12566102206,-0.3564600943000001,4.123059641000001,-5.286891869999992,0.6658874579999998,-1.2275873203599987
20,GLY,0.314,0.1736725663716814,0.92696,0.92172,0.57228,0,0.0,0,0.0,0.4556,0.0,1.0,0.5062,1.80910982,3.51615576,5.02569276,6.25502758,-0.9155234511000002,-1.7858349239000004,-0.139448423664,-0.39699199316,3.771074356000002,-7.224769905000003,0.5942043212999997,-1.6876546593399993
21,GLY,0.924,0.5110619469026548,0.97755,0.64799,0.23601,0,0.0,0,0.0,0.4556,0.0,1.0,0.5062,1.39255247,2.71202823,3.88995685,4.8667351,-1.0505314185,-2.0451477463,-0.1658351945,-0.4712523170699999,4.323342659999995,-8.890561962999994,0.6600470562000006,-2.0682014635200026
22,ARG,1.943,0.579481061735759,3.83406,1.1998,0.2102000000000001,0,0.0,0,0.0,0.0,0.7346,0.9398,0.6914,0.97321966,1.88622289,2.68309057,3.31615422,-1.2887739766000004,-2.5007314645,-0.2168701017199999,-0.6150273143199999,4.164265804,-8.212796234299995,0.6568651129000004,-1.9343379594600003
23,TYR,1.841,0.5401995305164319,4.09038,1.06396,0.5030399999999999,0,0.0,1,0.333333333333333,0.3556,0.8063,0.502,0.1605,0.8343102200000001,1.61775386,2.30317788,2.85054689,-1.2997256249999998,-2.534430303,-0.1987196211,-0.5654396336,3.341434517,-6.563664462,0.5007244851,-1.479777706999999
24,VAL,1.419,0.5827515400410678,1.92802,0.87254,0.14346,0,0.0,1,0.25,0.9667,0.4924,0.3655,0.1235,0.6944212499999999,1.34160017,1.89792814,2.32675673,-0.5311426450000001,-1.029284856,-0.0911594179999999,-0.2582030211,1.9984323459999995,-4.080527342,0.3562717265999999,-1.0532383015
25,PRO,0.859,0.3852017937219731,1.7193,1.16385,0.2071499999999999,0,0.0,2,0.5,0.3222,0.3764,0.8594,0.3827,0.69415,1.33949431,1.89106391,2.31123636,-0.5730042479999999,-1.112627962,-0.095273742,-0.2703338079999999,1.5281855180000006,-4.282373714999999,0.2728919836000001,-1.1030485789999995
26,PRO,1.278,0.5730941704035875,1.82046,0.77997,0.1720299999999999,0,0.0,1,0.2,0.3222,0.3764,0.8594,0.3827,0.6942742399999999,1.3404558,1.89418758,2.31826651,-0.420241442,-0.8173590789999998,-0.0680646759,-0.193434841,1.5680921949999993,-4.242582192999998,0.2749637774999999,-1.0884826259999998
27,HIS,1.318,0.4766726943942134,2.17157,1.37098,0.0760199999999999,0,0.0,1,0.2,0.1444,0.561,0.1124,0.679,0.69399807,1.33830173,1.88712986,2.30219617,-0.4591633049999999,-0.889280965,-0.0796920345,-0.225672977,1.5702101819999992,-4.611695773999998,0.2582658931000001,-1.1007348389999998
28,LEU,1.94,0.7298720842738902,2.58264,0.794,-0.076,0,0.0,0,0.0,0.9222,0.663,0.2811,0.0,0.83391464,1.61465,2.2929420300000003,2.82703474,-0.21188007954,-0.4119388841299999,-0.034247785605,-0.09721289033,1.2564694780000003,-1.8435631418,0.2021340513,-0.4213765026000001
29,ARG,2.13,0.6352520131225767,3.83014,1.1421499999999998,0.0808500000000005,0,0.0,0,0.0,0.0,0.7346,0.9398,0.6914,0.83389582,1.61450892,2.29250107,2.8260966200000004,-0.3945420226,-0.7665477709999999,-0.064868478264,-0.18412415343,1.2957349280000006,-2.657621937,0.2090358154000001,-0.6340908414300005
30,GLY,0.911,0.5038716814159292,1.00869,0.70303,0.1939699999999999,0,0.0,0,0.0,0.4556,0.0,1.0,0.5062,0.69431977,1.34080699,1.8953249000000003,2.32081568,-0.566950706,-1.098761764,-0.0971011085,-0.275028452,1.137725898,-2.875259773000001,0.1921024484,-0.703125604
31,GLY,0.805,0.4452433628318584,1.01714,0.7493,0.2537000000000001,0,0.0,0,0.0,0.4556,0.0,1.0,0.5062,0.8338934600000001,1.61449113,2.2924446,2.82597382,-0.493732037,-0.962665146,-0.0764416409,-0.217702591,1.3759539280000008,-2.8939487340000016,0.2075843037999998,-0.6465573689999998
32,ASP,1.558,0.5811264453562104,2.57113,0.70861,0.41439,0,0.0,0,0.0,0.1111,0.3239,0.8675,1.0,0.8340871500000001,1.6160068199999995,2.2974288,2.83737934,-0.3872297909999999,-0.7530615370000001,-0.0621437958999999,-0.1764030536,1.6886837940000003,-3.5559036080000004,0.2693913854,-0.8395303640000003
33,GLY,0.753,0.4164823008849557,0.96111,0.79251,0.2624900000000001,0,0.0,0,0.0,0.4556,0.0,1.0,0.5062,0.83344054,1.6109492399999998,2.28080692,2.79937204,-0.25031781253,-0.4872704295,-0.0399290068999999,-0.11355245482,1.7251220300000012,-3.5281129331999983,0.2995725530999999,-0.8407917449999995
34,GLY,0.964,0.5331858407079646,1.0411700000000002,0.6118400000000002,0.2321599999999999,0,0.0,0,0.0,0.4556,0.0,1.0,0.5062,0.83405226,1.6157458,2.29661327,2.8356453100000003,-0.441945086,-0.861655834,-0.0676621456,-0.1924884637,1.5336533999999993,-4.10324541,0.2263118075999998,-0.8980935384
35,ALA,1.284,0.5887207702888583,1.3125299999999998,0.7273099999999999,0.1696900000000001,0,0.0,0,0.0,0.7,0.1645,0.249,0.3951,0.69420411,1.33992277,1.89249009,2.31455284,-0.448662723,-0.8699093230000001,-0.0765115068,-0.216865131,1.685295734,-4.439922852,0.2981787029999999,-1.1480973960000005
36,ALA,1.203,0.5515818431911967,1.30232,0.81626,0.16174,0,0.0,0,0.0,0.7,0.1645,0.249,0.3951,0.6941764800000001,1.33969119,1.89167523,2.31252444,-0.6953278159999998,-1.348930419,-0.1175999534,-0.333493625,2.351550636,-5.822552786000001,0.4165818811999994,-1.5118417099999988
37,ALA,1.149,0.5268225584594223,1.2849100000000002,0.7558800000000001,0.2761199999999999,0,0.0,0,0.0,0.7,0.1645,0.249,0.3951,0.8343509500000001,1.61806986,2.3042062,2.85286702,-0.8681410695999998,-1.683658305,-0.1461094098199999,-0.4138289074000001,3.2975717240000053,-4.959908119999999,0.5356285195000005,-1.2766067662999998
38,ALA,1.015,0.4653828519027968,1.3522999999999998,0.7627700000000001,0.4032300000000001,1,0.125,0,0.0,0.7,0.1645,0.249,0.3951,1.1126387,2.1586699099999995,3.07604676,3.81149104,-0.9770832589,-1.8973254665,-0.1628094233799999,-0.4620856312799999,3.5340181270000017,-4.308497600899998,0.5690886924999996,-1.0667309081799998
39,ALA,0.424,0.1944062356717102,1.05536,1.09456,0.6624400000000001,1,0.0588235294117647,0,0.0,0.7,0.1645,0.249,0.3951,1.38935964,2.68717514,3.80868962,4.68217057,-1.0173095680000002,-1.969686399,-0.1772214351,-0.5017045501000001,3.529875932000004,-5.921514048,0.6055328105000002,-1.5137354326000012
40,SER,0.617,0.283547794117647,1.41987,1.09338,0.4656200000000001,2,0.111111111111111,0,0.0,0.4111,0.1877,0.8514,0.5309,1.38952448,2.68840784,3.81254973,4.69041824,-0.9778572518,-1.8983200540000005,-0.16368799327,-0.4645028774999998,3.726166819000003,-7.074481632500002,0.6375725050000001,-1.7376080484000005
41,ALA,0.922,0.4227418615314076,1.27444,0.79366,0.4653399999999998,2,0.2,0,0.0,0.7,0.1645,0.249,0.3951,1.11231254,2.15612031,3.0676726700000003,3.79235852,-0.7034531805999998,-1.3646344856,-0.1189010783,-0.3371261559999999,5.261647691999993,-6.7449607735,0.8533605049999979,-1.7310097987000013
42,GLY,0.993,0.5492256637168141,0.99344,0.62849,0.18651,0,0.0,0,0.0,0.4556,0.0,1.0,0.5062,0.8341791900000001,1.6167294499999998,2.29981188,2.8428532000000004,-0.7366586842000001,-1.4276234624000004,-0.12568624475,-0.35585337904,4.203806085999993,-6.5583188848,0.6535918307999988,-1.644341059679998
43,GLY,0.749,0.4142699115044247,0.98906,0.82081,0.2381900000000001,0,0.0,0,0.0,0.4556,0.0,1.0,0.5062,0.8339030000000001,1.61457527,2.29275392,2.82678146,-0.8122915589999999,-1.5843615800000002,-0.124173642,-0.3535786314999999,2.9844274440000014,-7.238140557999999,0.4779897543999999,-1.6624851598
44,ASP,0.942,0.35136143230138,2.24159,1.21554,0.52346,0,0.0,0,0.0,0.1111,0.3239,0.8675,1.0,0.6943253899999999,1.34084927,1.89545661,2.32109464,-0.552025242,-1.073144989,-0.0903350889,-0.2566546966999999,2.6296514780000004,-5.108210125999999,0.4358142497000002,-1.2261913162
45,ASP,0.88,0.3282357329354718,2.25408,1.04892,0.7520800000000001,0,0.0,0,0.0,0.1111,0.3239,0.8675,1.0,0.5547667199999999,1.06730014,1.49884297,1.81728539,-0.54826114,-1.057706551,-0.1008849288,-0.2848324209999999,2.387900115999998,-5.471124851000001,0.4458125878000001,-1.51263815
46,ARG,1.709,0.5096928124067999,3.58937,1.43112,0.2128800000000001,0,0.0,0,0.0,0.0,0.7346,0.9398,0.6914,0.8341208,1.61626982,2.29829179,2.83934752,-0.5821003530000001,-1.1346726386,-0.0899701075,-0.2560200092,3.460714292000004,-5.503522785800005,0.5126099446000009,-1.191912240700002
47,ARG,2.384,0.7110050700864896,3.81671,1.03249,-0.0634899999999996,0,0.0,0,0.0,0.0,0.7346,0.9398,0.6914,0.8339891199999999,1.6152290699999998,2.2948324400000004,2.8313183899999994,-0.42463588786,-0.82221441003,-0.073740142856,-0.2087048574659999,4.161473381999993,-5.681046283329996,0.6756577250999992,-1.420624508326002
48,GLY,0.724,0.4004424778761061,1.00541,0.7945599999999999,0.2894400000000001,0,0.0,0,0.0,0.4556,0.0,1.0,0.5062,0.8333553899999999,1.61028745,2.2786481,2.79448685,-0.604348909,-1.175566108,-0.097538025,-0.2771950291,2.945192296000001,-6.571947762999999,0.4763386819999999,-1.5749254186
49,GLY,0.894,0.4944690265486726,0.90674,0.68957,0.22443,0,0.0,0,0.0,0.4556,0.0,1.0,0.5062,0.6944157899999999,1.3415711499999998,1.89788147,2.32680099,-0.6585894790000001,-1.2807500605000002,-0.1062581091,-0.3017668536000001,2.863579804000003,-7.734812297000002,0.4852974808000002,-1.9179849428999984
50,ALA,1.133,0.519486474094452,1.27004,0.75927,0.28873,1,0.2,0,0.0,0.7,0.1645,0.249,0.3951,0.8337306200000001,1.61321813,2.28826299,2.81641909,-0.779622582,-1.51591459,-0.1264199187999999,-0.3590604180000001,2.941129289999996,-6.939752909999997,0.5046002260000002,-1.7405274110000022
51,GLY,0.71,0.3926991150442477,0.85271,0.83717,0.2608300000000001,1,0.111111111111111,0,0.0,0.4556,0.0,1.0,0.5062,1.2518875800000002,2.4298381,3.4649859700000003,4.29821617,-0.9734022711,-1.9040739537,-0.14003142209,-0.3996641626499999,3.853127938000004,-5.498645186400003,0.5741798503000001,-1.2283241035000003
52,GLY,0.67,0.370575221238938,0.82452,0.8604900000000001,0.2775099999999998,2,0.222222222222222,0,0.0,0.4556,0.0,1.0,0.5062,1.2525989600000005,2.43539152,3.48319878,4.33974056,-1.21587585399,-2.3681782384,-0.191099064743,-0.5434977343299998,3.690923683999997,-4.322072656900001,0.5960584217999992,-1.08464864704
53,GLY,0.585,0.3235619469026548,0.93203,0.81219,0.4108100000000001,3,0.230769230769231,0,0.0,0.4556,0.0,1.0,0.5062,1.25134478,2.42557778,3.45093293,4.26592479,-1.4644963489999998,-2.843622435200001,-0.24330662843,-0.6902760424999999,3.1780676860000003,-5.336968040400005,0.5360287399999999,-1.347689749399999
54,GLY,0.423,0.2339601769911504,0.701,0.96723,0.41777,3,0.166666666666667,0,0.0,0.4556,0.0,1.0,0.5062,1.6682572000000002,3.23257292,4.596396909999999,5.6773783700000005,-1.7344732201999995,-3.3784616043999995,-0.2732013048399999,-0.7772959574000002,1.997758224,-4.150611948999998,0.3623535955999998,-1.106839067
55,TYR,1.242,0.3644366197183099,3.62641,1.56556,0.6004399999999999,5,0.238095238095238,1,0.0476190476190476,0.3556,0.8063,0.502,0.1605,1.8089256,3.51466489,5.02061937,6.242895699999999,-1.4162355090400005,-2.7547463853000007,-0.2281871406399999,-0.64829980349,1.8862880030000009,-2.6956188721,0.2940562825000001,-0.6076758648000004
56,ARG,1.779,0.530569639129138,3.42097,1.2991,0.2749000000000003,3,0.136363636363636,3,0.136363636363636,0.0,0.7346,0.9398,0.6914,2.22708534,4.33135283,6.19772678,7.72606281,-1.24294371734,-2.4201952357000005,-0.195727611731,-0.55635527749,3.3795780439999987,-6.263432158699999,0.5207875114999998,-1.4508256104000006
57,ARG,1.318,0.3930808231434536,3.48914,1.4826399999999995,0.5523600000000006,0,0.0,4,0.16,0.0,0.7346,0.9398,0.6914,2.0873650500000003,4.05647498,5.79651619,7.211036259999999,-1.03772535046,-2.02045135109,-0.164522773509,-0.467837119166,3.2214892779999937,-6.3631935559999935,0.5057854193000002,-1.4181099010000011
58,GLY,0.284,0.1570796460176991,0.65925,1.06545,0.45855,0,0.0,1,0.0416666666666667,0.4556,0.0,1.0,0.5062,1.80798242,3.50740126,4.997136920000001,6.190389090000001,-0.83531403945,-1.6123137568999997,-0.1525456278559999,-0.43085899404,4.511299249000005,-5.579366657600007,0.7641955829000003,-1.5216470291399986
59,GLY,0.606,0.3351769911504424,0.91318,0.86716,0.3348399999999999,0,0.0,0,0.0,0.4556,0.0,1.0,0.5062,1.52943595,2.96473202,4.21833828,5.21537253,-0.8399748124900001,-1.6356177701200003,-0.1324551577759999,-0.3766018572580001,3.6947216360000015,-6.6896538725000045,0.5623140149999996,-1.4649631859440004
60,GLY,0.903,0.4994469026548672,1.03142,0.67161,0.23339,0,0.0,0,0.0,0.4556,0.0,1.0,0.5062,1.11263016,2.15860743,3.07585699,3.81110478,-0.92529094429,-1.8004844740800003,-0.1481630867119999,-0.42109046441,3.5348228429999984,-6.383595294819997,0.5644580005000003,-1.4908594868199996
61,ASN,1.325,0.5419222903885481,2.33683,1.00336,0.1166399999999998,0,0.0,0,0.0,0.1111,0.3976,0.6747,0.8272,0.97236401,1.879562,2.66131096,3.26669623,-0.4590200385199999,-0.8906919555800001,-0.0774348316029999,-0.2196806986079999,3.3757659960000006,-3.5298490853499995,0.5550947300000003,-0.8774119349020004
62,SER,1.2,0.551470588235294,1.57979,0.76229,0.2137100000000001,0,0.0,0,0.0,0.4111,0.1877,0.8514,0.5309,0.8335909499999999,1.61213246,2.28471811,2.80838394,-0.6753043885000001,-1.3114490489999997,-0.1123019943,-0.3187804748,3.3344610179999976,-4.851919852999999,0.5650237063000009,-1.2178081177999995
63,GLY,0.915,0.5060840707964602,1.02064,0.64221,0.25079,0,0.0,0,0.0,0.4556,0.0,1.0,0.5062,0.97290208,1.88373511,2.6749006900000003,3.29738519,-0.7126797253099999,-1.3732953678100002,-0.132962043453,-0.37497165573,3.372341189999996,-5.62444640348,0.5801516492000003,-1.5347757040699996
64,GLY,0.348,0.1924778761061946,0.68731,1.09133,0.36867,0,0.0,0,0.0,0.4556,0.0,1.0,0.5062,1.80724685,3.5016546299999995,4.978276340000001,6.147343230000001,-0.797472948,-1.560732342,-0.11446798949,-0.3270897011999999,5.151357420999995,-8.611175174000003,0.7667285635999995,-1.8107225176000017
65,GLY,0.345,0.1908185840707964,0.79318,0.93943,0.5235700000000001,0,0.0,1,0.0384615384615385,0.4556,0.0,1.0,0.5062,1.94794231,3.78402798,5.403659330000001,6.71623083,-1.027072317,-2.004338924,-0.1564229331599999,-0.4458505212,4.519287437999999,-9.445971098000006,0.7003403795000008,-2.154912940399998
66,GLY,0.462,0.2555309734513274,0.78145,0.85449,0.4915100000000001,1,0.0416666666666667,2,0.0833333333333333,0.4556,0.0,1.0,0.5062,1.52888141,2.96039809,4.20410735,5.18287065,-1.5495177389699994,-3.0017333054,-0.26738349977,-0.7571902604999999,3.727669546999997,-6.4659595193,0.6245485652999989,-1.5954477824999973
67,GLY,0.353,0.1952433628318584,0.70348,1.0017,0.4533,2,0.0769230769230769,2,0.0769230769230769,0.4556,0.0,1.0,0.5062,1.94784649,3.78329907,5.401339240000001,6.71115969,-1.2446633035000003,-2.4278377172,-0.1912629680599999,-0.5449654907999999,3.224944894999997,-4.858463822000007,0.4758878640000005,-1.0710752783000006
68,GLY,0.729,0.4032079646017699,0.88836,0.7450699999999999,0.3339300000000003,0,0.0,2,0.111111111111111,0.4556,0.0,1.0,0.5062,1.39082489,2.69851537,3.8455499,4.7652090000000005,-0.7869546032000001,-1.5275755017,-0.1318706208,-0.3741692385,5.023712264000004,-5.109570504000004,0.8288184848000001,-1.313934687700001
69,GLY,0.619,0.3423672566371681,0.8009099999999999,0.87732,0.31168,0,0.0,1,0.1,0.4556,0.0,1.0,0.5062,1.53159992,2.98157565,4.27341028,5.340426,-0.7201056754000001,-1.40024529734,-0.1161794429169999,-0.32983560015,5.065735449999994,-6.213635453650002,0.8147167760000011,-1.5781331917500017
70,TYR,0.504,0.1478873239436619,3.21453,1.96318,0.94082,1,0.0454545454545455,3,0.136363636363636,0.3556,0.8063,0.502,0.1605,1.94754731,3.7809495500000008,5.393584500000001,6.693326730000001,-0.8993533363400001,-1.75170837409,-0.142224138056,-0.404762583092,3.1404439080000013,-4.482517090399997,0.5151155200000002,-1.12184089384
71,ASP,1.206,0.4498321521820216,2.59828,0.7632,0.7118000000000001,0,0.0,0,0.0,0.1111,0.3239,0.8675,1.0,1.53108548,2.97754634,4.26014825,5.31004235,-1.1551643429599998,-2.2389866933,-0.19756568549,-0.5596679421499997,2.1587286120000018,-2.2089646539,0.3545416282000002,-0.5949633946799994
72,ARG,1.282,0.3823441694005368,3.24118,1.4475400000000005,0.6234599999999997,3,0.1875,0,0.0,0.0,0.7346,0.9398,0.6914,1.66880878,3.23682006,4.61012714,5.70808131,-1.5716941127399997,-3.063414963599999,-0.24515817896,-0.6980805573000002,1.6469945940000004,-2.9354395349999995,0.2862963593999998,-0.7223820258
73,GLY,0.482,0.2665929203539823,0.74637,0.90526,0.4207400000000001,4,0.307692307692308,0,0.0,0.4556,0.0,1.0,0.5062,1.39046149,2.6957544500000004,3.83675431,4.74594468,-1.5914222050999995,-3.0959723659,-0.25410179917,-0.7216060634600001,2.977767239999999,-5.3735123387,0.5341031168000004,-1.4590046258799994
74,TYR,1.403,0.4116784037558685,3.77843,1.40401,0.6009899999999999,3,0.5,1,0.166666666666667,0.3556,0.8063,0.502,0.1605,1.25265476,2.43582127,3.48458715,4.34284101,-1.3668978486999996,-2.6600868625,-0.2179505009299999,-0.6193753253000002,4.795527198000006,-7.427448949999992,0.7285175818000005,-1.7233059175000005
75,ASN,0.734,0.3002044989775051,2.18038,1.15285,0.5581499999999999,1,0.166666666666667,1,0.166666666666667,0.1111,0.3976,0.6747,0.8272,0.9732044400000002,1.88609607,2.6826466200000003,3.31505515,-1.1845177942700005,-2.3038262629000004,-0.1916793204399999,-0.5446763711,4.941535187999992,-9.7370491981,0.844538974699999,-2.330125080600002
76,ASP,0.916,0.3416635583737411,2.29163,1.05235,0.7126500000000002,0,0.0,1,0.166666666666667,0.1111,0.3239,0.8675,1.0,0.97344082,1.88795576,2.68879516,3.32922616,-0.7707846384999999,-1.4986996540000002,-0.1251616491499999,-0.3555202244,5.420686420999993,-11.216208821000013,0.8582500204000003,-2.704110723499994
77,ASN,1.379,0.5640081799591002,2.32387,0.92077,0.1452299999999998,0,0.0,0,0.0,0.1111,0.3976,0.6747,0.8272,0.6943958499999999,1.3414097399999998,1.89733307,2.32549137,-0.6137494634,-1.186286525,-0.10972259485,-0.3101902163,4.195671125999992,-8.644795971,0.7234660965999996,-2.3469422154999995
78,ARG,1.303,0.3886072174172382,3.5098700000000003,1.75168,0.2983200000000003,0,0.0,0,0.0,0.0,0.7346,0.9398,0.6914,0.83401714,1.6154720399999998,2.2957167600000004,2.83360522,-0.5054786591,-0.9864386493,-0.07620914307,-0.2170313290999999,4.713552672000007,-9.095213126000017,0.7401669722000006,-2.039732586500002
79,ASP,1.023,0.381574039537486,2.23878,0.95862,0.6993800000000001,0,0.0,0,0.0,0.1111,0.3239,0.8675,1.0,0.8341067000000001,1.6161640199999998,2.29796074,2.83864283,-0.590255253,-1.152414108,-0.0882080108,-0.2513036296,5.02506636799999,-10.449467241999985,0.8137255394000013,-2.4228341568000014
80,ASP,1.26,0.4699738903394256,2.462,0.9451,0.4759,0,0.0,0,0.0,0.1111,0.3239,0.8675,1.0,0.69451786,1.34236711,1.90048984,2.33274122,-0.8331342953840001,-1.62154144474,-0.132256717704,-0.37581755832,4.235182632,-10.906180199249995,0.7264699100000006,-2.7463222270700003
81,ARG,1.938,0.5779898598270206,3.75201,1.21598,0.1990200000000002,0,0.0,0,0.0,0.0,0.7346,0.9398,0.6914,0.83413333,1.61637416,2.29865788,2.8402571,-0.8786072193000001,-1.7116206743000004,-0.13736087109,-0.3906925105,3.970112497999999,-9.955528304500003,0.6022996705000002,-2.2216124358900005
82,ASP,1.005,0.3748601268183513,2.13997,1.06774,0.6082600000000002,0,0.0,1,0.166666666666667,0.1111,0.3239,0.8675,1.0,0.97308541,1.88517332,2.67964387,3.30828138,-1.2314012609999998,-2.387271674,-0.2092681257999999,-0.5927687131,4.711169444,-10.874794199000013,0.765679345100002,-2.5505045730000018
83,ASN,1.305,0.5337423312883436,2.49826,0.9142,0.2257999999999999,0,0.0,1,0.1,0.1111,0.3976,0.6747,0.8272,1.67139541,3.25699502,4.67623494,5.858635550000001,-1.3075594539,-2.554143356400001,-0.19528659953,-0.5570542127299998,4.678529078000001,-6.235226192000001,0.7035375838999999,-1.4171241664999994
84,ARG,2.146,0.6400238592305397,3.86383,0.90677,0.3002300000000003,0,0.0,1,0.1,0.0,0.7346,0.9398,0.6914,1.53133334,2.979527,4.26680726,5.325730139999999,-1.0391911634000004,-2.02398387064,-0.1626707911259999,-0.4624556671499997,3.694364398000001,-3.7288694423199993,0.5643389844000003,-0.8718301436800002
85,GLY,0.715,0.3954646017699115,0.89346,0.7777999999999999,0.3152,0,0.0,1,0.0909090909090909,0.4556,0.0,1.0,0.5062,1.2520394500000005,2.43101644,3.46882512,4.306892079999999,-1.0959902898,-2.1242478580999995,-0.18814368016,-0.5331802614,5.2247952339999975,-6.104364475000004,0.8186345703999991,-1.4750957467
86,GLY,0.563,0.3113938053097345,0.91228,0.76663,0.4783700000000001,1,0.0714285714285714,0,0.0,0.4556,0.0,1.0,0.5062,1.39071414,2.69765718,3.84275629,4.7589017,-0.98950867306,-1.9176131490000003,-0.1696041627,-0.4803918522399999,5.064209887999989,-5.812713415700007,0.829363214000001,-1.4520894128000008
87,SER,0.279,0.1282169117647059,1.30109,1.28212,0.6148800000000003,3,0.136363636363636,0,0.0,0.4111,0.1877,0.8514,0.5309,1.80739102,3.50275489,4.98180005,6.15512098,-0.99331270819,-1.9383134209,-0.1515460656199999,-0.43194079729,3.7313643290000025,-4.757379291499997,0.5960351087000003,-1.0892295770900005
88,GLY,1.119,0.6189159292035398,1.00877,0.6094299999999999,0.0795700000000001,2,0.166666666666667,0,0.0,0.4556,0.0,1.0,0.5062,1.53125963,2.97894161,4.2648513,5.3211589,-0.9856622389,-1.9219994459,-0.15168438937,-0.4318706785999999,4.519946743000002,-4.661271624400002,0.6901368695000009,-1.0675568726
89,GLY,0.621,0.3434734513274336,0.83295,0.77828,0.4087200000000001,4,0.285714285714286,0,0.0,0.4556,0.0,1.0,0.5062,1.3911712900000002,2.70124552,3.85459119,4.7860916200000005,-1.17943067699,-2.2940458622600004,-0.18955108742,-0.5383570053299999,4.632439018999993,-6.2761544523,0.7547362086999998,-1.5294419159
90,TYR,0.812,0.2382629107981221,3.34547,1.90739,0.6886100000000002,4,0.181818181818182,0,0.0,0.3556,0.8063,0.502,0.1605,1.52924133,2.9631716800000008,4.21308287,5.20297091,-0.9940386931000004,-1.9329408364,-0.1614366938399999,-0.4586717831,5.257841624000007,-6.828025963500006,0.8821991661000007,-1.6368618192000008
91,GLY,0.514,0.2842920353982301,0.98337,0.81509,0.47891,3,0.157894736842105,0,0.0,0.4556,0.0,1.0,0.5062,1.6691577,3.23955148,4.6191106500000005,5.728642739999999,-1.0605159802000002,-2.062103776,-0.17188800085,-0.4882072024699998,4.633743282999994,-7.111405768299994,0.7444693900999998,-1.7819963936800003
92,ARG,1.795,0.535341485237101,3.63074,1.3209,0.2371000000000003,0,0.0,0,0.0,0.0,0.7346,0.9398,0.6914,1.53195909,2.98440909,4.28280723,5.36217485,-1.1833275739,-2.3046330080000006,-0.18555899483,-0.5275339883700001,5.971428115999997,-10.009420008200008,0.9313518982,-2.438506022580002
93,ASP,1.191,0.4442372249160761,2.3747,0.88594,0.60406,0,0.0,1,0.2,0.1111,0.3239,0.8675,1.0,1.1136503599999998,2.16660858,3.10222657,3.87162557,-0.96134096536,-1.8733147709,-0.148713659924,-0.4228480831699999,7.854389356999993,-10.157422669000006,1.2471156748999994,-2.407275852239999
94,ARG,1.46,0.4354309573516253,3.81583,1.3979499999999998,0.4950500000000004,0,0.0,1,0.25,0.0,0.7346,0.9398,0.6914,0.8339614399999999,1.61503517,2.29427594,2.83029491,-1.0764545345,-2.096093193,-0.1694357985099999,-0.4816505863999999,4.439210592000003,-8.472557144,0.6975667738000001,-2.025703918399999
95,ASN,1.721,0.7038854805725973,2.55961,0.70846,0.0155399999999997,1,0.25,1,0.25,0.1111,0.3976,0.6747,0.8272,0.55493656,1.06862682,1.50319607,1.82721762,-0.78320691,-1.5160490359999998,-0.1371163445,-0.388118413,2.389471501,-5.833878075999998,0.4329130896999998,-1.5726399320000004
96,TYR,1.654,0.4853286384976525,4.2715,1.2085199999999998,0.5454800000000002,1,0.333333333333333,1,0.333333333333333,0.3556,0.8063,0.502,0.1605,0.83396097,1.61503157,2.29426459,2.83027005,-1.0743961515999998,-2.0907712493300004,-0.17023868023,-0.48345589161,2.9060507840000023,-5.2736909530800045,0.4640143999999995,-1.2925507100599996
97,GLU,1.041,0.3815982404692081,2.68897,1.2978199999999998,0.3891800000000005,1,0.166666666666667,1,0.166666666666667,0.1111,0.4884,0.8112,0.9136,1.2528519,2.4373743299999995,3.48972971,4.354718190000001,-1.0033095526999998,-1.9553059658000005,-0.1554902418999999,-0.4423286140999999,2.3564523519999985,-4.077353177000003,0.3726177492,-1.0237178101999995
98,ASP,1.093,0.4076837001118985,2.31863,0.98009,0.6079100000000001,0,0.0,1,0.142857142857143,0.1111,0.3239,0.8675,1.0,1.25272383,2.43634831,3.4862719,4.34654678,-0.8700015887199999,-1.68383701115,-0.151995038376,-0.4300111010199999,2.000210786,-4.394824584549998,0.3419742927,-1.1509405000700004
99,ARG,1.961,0.5848493886072174,3.78276,1.04449,0.3475100000000002,0,0.0,1,0.0909090909090909,0.0,0.7346,0.9398,0.6914,1.66974637,3.2440636300000003,4.63362279,5.760856929999999,-0.7566386464999999,-1.4726754373,-0.1209074319349999,-0.3437946726699999,2.004666218,-4.430202936,0.3056653132999999,-0.9658546535000008
100,GLY,0.087,0.0481194690265486,0.69682,1.06996,0.6510400000000001,5,0.142857142857143,1,0.0285714285714286,0.4556,0.0,1.0,0.5062,1.94517197,3.7625380799999992,5.3336485,6.55802513,-0.5991021115,-1.1652557810000004,-0.0960993132,-0.2728706231,1.492741907,-4.020596110000002,0.2338668936,-0.9018763970000002
101,TYR,1.256,0.3685446009389671,3.81811,1.39973,0.7522700000000002,8,0.32,1,0.04,0.3556,0.8063,0.502,0.1605,2.08712559,4.05463317,5.790572780000001,7.197782940000001,-0.461472509,-0.901221529,-0.0687229338,-0.1958647238999999,1.495803256,-3.0699708409999995,0.2093832238,-0.6101310259999999
102,ASN,1.007,0.4118609406952965,2.17309,1.30264,0.1353599999999999,5,0.227272727272727,0,0.0,0.1111,0.3976,0.6747,0.8272,1.8089080100000003,3.5145509300000004,5.02032679,6.24247624,-0.5045663727599999,-0.9772308587699998,-0.086824957752,-0.2456722287999999,1.5712631460000006,-2.11123560071,0.2471215815,-0.5313879340600001
103,GLY,0.603,0.3335176991150442,0.81413,0.8496,0.3554,1,0.111111111111111,0,0.0,0.4556,0.0,1.0,0.5062,0.972969,1.88427293,2.67671877,3.30169576,-1.0485265635,-2.032411837,-0.17826642733,-0.5047586180999998,1.6872877249999991,-2.8687479632,0.2804990065000001,-0.7579111860999999
104,GLY,1.193,0.6598451327433629,1.08779,0.54671,0.0682899999999999,0,0.0,0,0.0,0.4556,0.0,1.0,0.5062,0.69440146,1.34145205,1.8974659300000003,2.32577569,-0.842099609,-1.636677269,-0.1385079785,-0.3935017387999999,2.587738406,-3.940616153,0.4487155972000004,-1.0078685724000005
105,GLY,0.688,0.3805309734513274,0.92775,0.78963,0.33037,0,0.0,0,0.0,0.4556,0.0,1.0,0.5062,0.97279616,1.88291232,2.67221644,3.2913082199999995,-1.10304539004,-2.1444303672,-0.17919954519,-0.50882619436,1.6887504939999998,-2.8045029969000006,0.2709558829999999,-0.6764949584500003
106,GLY,0.288,0.15929203539823,0.84294,0.9834,0.5366,2,0.0869565217391304,0,0.0,0.4556,0.0,1.0,0.5062,1.52898168,2.96115548,4.20650729,5.188090329999999,-0.6085504535,-1.1772321622000004,-0.108462499,-0.3071571722,2.316707133000002,-2.417332794500001,0.3757865423000001,-0.6361898411999994
107,GLY,0.488,0.2699115044247787,0.79202,0.87731,0.44269,1,0.0454545454545455,0,0.0,0.4556,0.0,1.0,0.5062,1.5298261700000002,2.96774649,4.22811254,5.23731297,-0.6761552643,-1.3096647139999995,-0.11747015912,-0.3327689606999999,2.3136882319999983,-3.2895626998,0.4003780177999999,-0.8401709338000001
108,GLY,0.662,0.3661504424778761,0.85264,0.8178899999999999,0.32811,2,0.125,0,0.0,0.4556,0.0,1.0,0.5062,1.39058157,2.69665295,3.83956689,4.751947199999999,-0.8593713217,-1.6690902554999998,-0.14199450855,-0.40290378217,1.6896272810000013,-3.1183772219000008,0.2634951269,-0.7032711291999998
109,GLY,0.987,0.5459070796460177,1.06551,0.61363,0.20737,2,0.166666666666667,0,0.0,0.4556,0.0,1.0,0.5062,1.39128856,2.7021388600000003,3.85744601,4.79237069,-0.8191736357,-1.5967242132,-0.1274192415599999,-0.3627592203000001,1.687748698,-1.5664432377000004,0.2796149364999999,-0.3919414277
110,ASN,0.741,0.3030674846625767,1.98188,1.27875,0.4252499999999997,4,0.210526315789474,0,0.0,0.1111,0.3976,0.6747,0.8272,1.6684347700000002,3.2339162600000004,4.60065857,5.686660249999999,-0.8277305818,-1.6108419837999997,-0.13227640876,-0.3760106021,1.4938611979999994,-3.3233378404000007,0.2251121975999999,-0.701208715
111,ARG,1.182,0.3525201312257679,3.18681,1.58388,0.5871200000000003,6,0.428571428571429,1,0.0714285714285714,0.0,0.7346,0.9398,0.6914,1.53068708,2.974421510000001,4.2498477900000005,5.286396160000001,-1.0589500973,-2.0575213099000003,-0.1745944048699999,-0.4957717001599999,1.4933583639999992,-2.6295967815000005,0.2321707073999999,-0.6216731950000002
112,GLY,0.31,0.1714601769911504,0.79337,1.08699,0.4110100000000001,3,0.375,1,0.125,0.4556,0.0,1.0,0.5062,0.97306157,1.88498404,2.6790108,3.30679897,-1.2370517707300002,-2.395833470300001,-0.21422704263,-0.60650950928,1.6073221610000006,-2.0450237166999994,0.280852232,-0.5914234378999998
113,TYR,1.586,0.4653755868544601,3.9013,1.27483,0.5471699999999999,4,0.8,3,0.6,0.3556,0.8063,0.502,0.1605,0.8340437700000001,1.61566038,2.29626451,2.8346370800000003,-1.0797506759999995,-2.1006130253,-0.17308659591,-0.4917197792500001,1.7257530670000012,-3.314921388499999,0.2937483175000003,-0.8790511408000001
114,ASN,1.225,0.5010224948875256,2.35084,0.98547,0.2345299999999998,2,0.4,2,0.4,0.1111,0.3976,0.6747,0.8272,0.6943449599999999,1.3410067799999998,1.89599122,2.32236865,-0.3826042799999999,-0.7402996540000001,-0.0674195339,-0.1907809867,1.921637376,-2.335604956000002,0.3297722021999997,-0.6293648696000007
115,ASN,0.82,0.3353783231083844,2.05655,1.36656,0.25844,2,0.333333333333333,3,0.5,0.1111,0.3976,0.6747,0.8272,0.69402516,1.33851601,1.88784288,2.30385371,-0.3564239874999999,-0.690061857,-0.0623435472,-0.1765406104999999,2.1158489120000006,-3.633121813999999,0.3787252479999998,-0.9738513840000004
116,ASN,1.482,0.6061349693251534,2.53269,0.7985800000000001,0.1644199999999998,1,0.166666666666667,2,0.333333333333333,0.1111,0.3976,0.6747,0.8272,0.83416719,1.61662859,2.29945578,2.84196281,-0.495781032,-0.971872529,-0.0685660316999999,-0.1962055039,2.318989363999999,-4.322184059999998,0.3533242016000003,-0.9115783296
117,ARG,2.127,0.6343572919773336,3.62129,1.19097,0.0350300000000003,0,0.0,1,0.2,0.0,0.7346,0.9398,0.6914,0.8337249,1.6131766,2.28813817,2.81616844,-0.70540221,-1.3755023249999998,-0.1091302211,-0.3108483176,3.101698836000001,-7.621375018000004,0.5037573707000003,-1.8135616266
118,GLY,0.83,0.4590707964601769,0.92416,0.75606,0.2219400000000001,0,0.0,0,0.0,0.4556,0.0,1.0,0.5062,0.69448534,1.34210199,1.8995793,2.33053872,-0.5957828929999999,-1.1474273329999998,-0.111621318,-0.3145467281,2.782442438000001,-5.484525448,0.4925589484999998,-1.4588900014
119,GLY,0.923,0.5105088495575222,0.91277,0.7983699999999999,0.0866300000000001,0,0.0,0,0.0,0.4556,0.0,1.0,0.5062,1.25289645,2.43771861,3.4908466500000004,4.357226659999999,-0.563809669,-1.1027658969,-0.08149115187,-0.2326066387299999,4.210210401999996,-3.7428291888,0.6009090611000001,-0.7866592906800013
120,GLY,0.88,0.4867256637168141,1.00362,0.6916,0.2364,0,0.0,0,0.0,0.4556,0.0,1.0,0.5062,1.1134214,2.1648067500000003,3.09626676,3.85788073,-0.6892466528999999,-1.3502299266,-0.09657877499,-0.2761424798299999,4.012237456000003,-4.805573625000003,0.5850104756999998,-0.9819534538300004
121,GLY,0.464,0.2566371681415929,0.74749,0.9352,0.4088,0,0.0,0,0.0,0.4556,0.0,1.0,0.5062,0.97285812,1.88340876,2.67389035,3.2952661,-1.0408476323999998,-2.022389916,-0.1717287484,-0.4877000319000001,3.6516913780000007,-6.284701170799998,0.5914356019000002,-1.5094087915000003
122,GLY,1.106,0.6117256637168141,1.09062,0.56469,0.1373099999999999,0,0.0,0,0.0,0.4556,0.0,1.0,0.5062,1.11299086,2.16142788,3.08512202,3.83227653,-0.9835117277,-1.915247034,-0.15553365496,-0.4423802159,4.086490934999999,-7.234900925500006,0.6349773625000006,-1.7128848340999976
123,GLY,0.575,0.3180309734513274,0.8960899999999999,0.856,0.3770000000000001,0,0.0,0,0.0,0.4556,0.0,1.0,0.5062,1.53003918,2.96940547,4.23354632,5.2496870300000005,-1.060981519826,-2.06642602088,-0.1668569230829999,-0.474548486314,4.158009013000002,-7.310665490649998,0.7090036647999987,-1.8109876493249983
124,TYR,0.946,0.2775821596244131,3.62827,1.7676200000000004,0.6943799999999993,0,0.0,0,0.0,0.3556,0.8063,0.502,0.1605,1.66924157,3.24017852,4.621073600000001,5.732835679999999,-0.8851673064000001,-1.7196419847,-0.1455413603749999,-0.41305969563,4.593042355000006,-7.562803525999994,0.7483040757999996,-1.8211750545100005
125,ASN,1.375,0.5623721881390593,2.39096,1.05588,0.0141199999999999,0,0.0,0,0.0,0.1111,0.3976,0.6747,0.8272,1.38990626,2.6913582000000003,3.82212735,4.711959589999999,-1.3440000012,-2.6066665859,-0.22709928783,-0.6435858739,5.023843699000008,-8.998141347399997,0.82927174,-2.189161393800001
126,ARG,1.828,0.5451834178347749,3.66976,1.1871800000000003,0.3378199999999998,0,0.0,0,0.0,0.0,0.7346,0.9398,0.6914,1.52977482,2.9673235800000004,4.22665453,5.23377737,-1.4001251078199997,-2.726645484540001,-0.22176354007,-0.630940399813,4.594234872000009,-9.796562097189998,0.7423596979999997,-2.2909662798680004
127,GLN,1.189,0.4135652173913043,2.67692,1.30906,0.37694,0,0.0,0,0.0,0.1111,0.5388,0.7952,0.6914,1.38965796,2.6894871899999995,3.81621689,4.699165499999999,-1.1066823071,-2.1426049405000005,-0.19212676238,-0.5436370923199999,4.980762857000003,-9.742193473300006,0.852057683699999,-2.499006744149999
128,ASP,0.716,0.2670645281611339,2.39115,1.2386399999999995,0.7263600000000006,0,0.0,0,0.0,0.1111,0.3239,0.8675,1.0,1.66981848,3.24469145,4.63590834,5.766764469999999,-0.90460284775,-1.7679189862000002,-0.1334145319799999,-0.38069565005,4.521796659999995,-5.703687732600001,0.6747225025999991,-1.2350363162000002
129,ARG,2.02,0.602445571130331,3.72848,1.16389,0.1691100000000001,0,0.0,0,0.0,0.0,0.7346,0.9398,0.6914,1.25191656,2.4300447,3.46559402,4.29938629,-1.09279843657,-2.1288384561,-0.171680649145,-0.48847038401,4.986160517999992,-6.664863496899993,0.8117130734000018,-1.6434376073000014
130,GLY,0.864,0.4778761061946902,1.00545,0.75708,0.18692,0,0.0,0,0.0,0.4556,0.0,1.0,0.5062,0.83354159,1.61172383,2.28329722,2.80489676,-1.240862787,-2.409805357,-0.2067849272999999,-0.5870735273,5.333931882000003,-10.323010911999996,0.9149028572999982,-2.5804984177000003
131,ASP,1.079,0.402461767997016,2.4861500000000003,0.93455,0.6674500000000001,0,0.0,0,0.0,0.1111,0.3239,0.8675,1.0,0.97309278,1.88523077,2.6798293600000003,3.30869425,-1.1509110125000002,-2.236048467,-0.1892926007,-0.5372765305000001,4.867250970000005,-9.221506102,0.8017557017999991,-2.2453220172999986
132,GLY,0.584,0.323008849557522,0.95052,0.6815100000000001,0.5424900000000001,0,0.0,0,0.0,0.4556,0.0,1.0,0.5062,1.53017476,2.9704662,4.2370313,5.25765171,-1.3342227279,-2.6069179323,-0.19769845283,-0.563965348,4.563248518,-10.050249500399996,0.664411493399999,-2.096901886899999
133,GLY,0.792,0.4380530973451327,0.91511,0.7596400000000001,0.2563599999999999,0,0.0,0,0.0,0.4556,0.0,1.0,0.5062,1.53036347,2.97191062,4.24167038,5.26793123,-1.2934910090000005,-2.523379223,-0.197686106,-0.5631383318999997,4.836028548000011,-10.880009739000002,0.7267338199999985,-2.349309515099998
134,SER,0.85,0.3906249999999999,1.38398,0.98357,0.34243,0,0.0,0,0.0,0.4111,0.1877,0.8514,0.5309,1.38939017,2.68745013,3.80971613,4.68488986,-0.9427068105999996,-1.8244455082,-0.16432071094,-0.4647340748999999,4.235616645,-6.997527534400001,0.7226907879000007,-1.762306410399999
135,SER,0.535,0.2458639705882352,1.42931,1.09142,0.54958,3,0.25,1,0.0833333333333333,0.4111,0.1877,0.8514,0.5309,1.3907949899999998,2.69830957,3.844969410000001,4.76417541,-0.9357444001999998,-1.8175084,-0.15501346974,-0.4400086047,4.514384871999996,-7.217888129899996,0.7390088227000002,-1.7805292083999993
136,ASN,1.507,0.616359918200409,2.55225,0.7502800000000002,0.1877199999999997,2,0.285714285714286,1,0.142857142857143,0.1111,0.3976,0.6747,0.8272,0.97347147,1.88818505,2.6895115,3.33074889,-1.10286293,-2.1443774027000004,-0.17857634997,-0.5070827320999999,4.671283452000002,-9.586492240400002,0.7641466753999996,-2.344680664799997
137,PHE,1.267,0.4075265358636217,3.19531,1.5793399999999995,0.2626600000000005,2,0.5,1,0.25,0.8111,0.783,0.0763,0.037,0.8338533,1.61419225,2.2915157400000004,2.82401472,-0.6940436583999999,-1.3478161855999995,-0.11488701187,-0.3259604402,4.670841468999992,-8.073842315999993,0.7639973513999996,-2.009328776500001
138,SER,0.959,0.4407169117647058,1.14643,0.9585,0.2585,1,0.166666666666667,0,0.0,0.4111,0.1877,0.8514,0.5309,0.83404567,1.61567427,2.29630636,2.83472142,-0.7512491692999999,-1.4679150565,-0.1110019079899999,-0.3165949768,3.852440018000004,-7.857168577000008,0.5842658885999998,-1.7239150301999993
139,ARG,2.452,0.7312854160453325,4.05324,0.90673,-0.0057299999999997,1,0.25,0,0.0,0.0,0.7346,0.9398,0.6914,0.83384586,1.6141130499999998,2.29118137,2.82302138,-0.6018978949999999,-1.174502486,-0.0920308894999999,-0.262346894,3.295948572999998,-5.367068812000002,0.5532646722000004,-1.2401215921999995
140,GLY,0.668,0.3694690265486726,0.8525400000000001,0.8517899999999999,0.2882100000000002,1,0.2,0,0.0,0.4556,0.0,1.0,0.5062,0.83414791,1.61648369,2.2990015,2.84099197,-0.6725091858,-1.3009883738,-0.1177570667999999,-0.33287328645,3.725803925999999,-5.647392558799999,0.6311335800999998,-1.4779833873000003
141,GLY,0.693,0.3832964601769911,0.91876,0.70796,0.4070400000000002,2,0.2,0,0.0,0.4556,0.0,1.0,0.5062,1.39216259,2.70896676,3.879853400000001,4.843504279999999,-0.936899903,-1.8324624548,-0.13577673081,-0.38762924478,5.347871070999996,-11.4948804916,0.7957556236999996,-2.4374656605600022
142,TYR,1.873,0.5495892018779343,3.95311,1.27381,0.2611899999999998,2,0.4,2,0.4,0.3556,0.8063,0.502,0.1605,0.83402398,1.61551218,2.295801,2.8336503,-0.5039648465,-0.977825221,-0.0839793521499999,-0.2378906371,3.5677870979999966,-5.022112698999998,0.6172578605000005,-1.2455594851000005
143,ASN,1.058,0.432719836400818,2.25419,1.15875,0.2282499999999998,1,0.2,3,0.6,0.1111,0.3976,0.6747,0.8272,0.55476578,1.06729313,1.4988213900000005,1.81724089,-0.578841515,-1.1161339549999998,-0.10719812297,-0.30251601,2.351930484999999,-4.0809425520000016,0.4150165370000001,-1.1197295817999997
144,ASN,1.132,0.4629856850715746,2.40569,0.93972,0.3732799999999999,2,0.285714285714286,4,0.571428571428571,0.1111,0.3976,0.6747,0.8272,0.83383297,1.61400452,2.29079719,2.82205916,-0.414859719,-0.8101249175,-0.06263577978,-0.1786959931,3.026849538000003,-4.299551901499999,0.4606233002999996,-0.9572641144999996
145,ARG,1.568,0.4676409185803757,3.64362,1.3917,0.3933000000000002,1,0.2,3,0.6,0.0,0.7346,0.9398,0.6914,0.83371891,1.61314444,2.28808402,2.81620395,-0.658765427,-1.285246074,-0.0999860103,-0.284716252,3.496997843999992,-9.452002562000004,0.5416274218999996,-2.167878361999999
146,ASP,1.608,0.5997762029093622,2.472,0.7268300000000001,0.3461699999999998,0,0.0,0,0.0,0.1111,0.3239,0.8675,1.0,0.5550034399999999,1.0691498,1.5049135800000002,1.8311409,-0.6486026170000001,-1.254274745,-0.1149728147,-0.325109156,2.9389951680000026,-8.240327769000004,0.5235338933999998,-2.1368685429999985
147,GLU,1.427,0.5230938416422287,2.78316,1.11266,0.1883400000000001,1,0.2,1,0.2,0.1111,0.4884,0.8112,0.9136,0.83350814,1.61148815,2.28261336,2.80361179,-0.5714881922999999,-1.1066917955000002,-0.0991043572,-0.2805459057,4.550676772000004,-7.884614279000005,0.7652377898999997,-2.0653250494
148,GLY,0.771,0.4264380530973451,0.98393,0.7469500000000001,0.2900499999999998,0,0.0,0,0.0,0.4556,0.0,1.0,0.5062,1.11292479,2.16091266,3.08343323,3.82842773,-0.7097516036,-1.3862031457000004,-0.1064209067899999,-0.30354269589,4.246079904999992,-7.692514456499997,0.642337115299999,-1.7024776255000007
149,SER,0.399,0.1833639705882352,1.42614,1.19002,0.5869800000000001,0,0.0,0,0.0,0.4111,0.1877,0.8514,0.5309,0.83273772,1.60545838,2.26278458,2.75823566,-0.92065560696,-1.7795206192,-0.16570313383,-0.46881987297,3.5257791780000014,-6.550300079000008,0.6406387040000013,-1.733512809549998
150,ASP,1.339,0.4994405072734054,2.41796,0.8129500000000001,0.52905,0,0.0,0,0.0,0.1111,0.3239,0.8675,1.0,1.11278425,2.1598559,3.08011108,3.82129426,-0.95834253371,-1.8653753176,-0.1516959540749999,-0.43103222093,3.417734528000006,-5.734960728999998,0.534304587800001,-1.3585963831499996
151,ASN,0.707,0.289161554192229,2.09085,1.35143,0.3865700000000001,1,0.0909090909090909,2,0.181818181818182,0.1111,0.3976,0.6747,0.8272,1.39002744,2.69228573,3.82510307,4.71853974,-1.0401761805,-2.018287008,-0.1757906985,-0.4987131623999999,3.215255991,-5.750292785999999,0.5602023729000005,-1.4464555450000025
152,ARG,1.871,0.5580077542499254,3.38532,1.28503,0.1969700000000003,0,0.0,0,0.0,0.0,0.7346,0.9398,0.6914,1.6693787300000005,3.24124843,4.624580020000001,5.74082169,-1.101370949,-2.1544814034,-0.1596430002099999,-0.45599546553,3.068549658999999,-5.231306986999997,0.4453668641,-1.1200173558999993
153,GLY,0.693,0.3832964601769911,0.99745,0.7974600000000001,0.3175400000000001,0,0.0,0,0.0,0.4556,0.0,1.0,0.5062,1.39126826,2.70195058,3.85672294,4.79039657,-0.7534987485000001,-1.4720617477,-0.1127126119249999,-0.32166312202,2.985994857999997,-4.325126170950001,0.4680415095999997,-0.9651278064080006
154,SER,1.441,0.6622242647058824,1.38832,0.69381,0.04119,0,0.0,0,0.0,0.4111,0.1877,0.8514,0.5309,0.97341992,1.88778767,2.6882275400000006,3.3278816200000003,-0.7675016190999999,-1.4957103039999995,-0.1191449426339999,-0.33895729143,3.381475447999996,-4.004132705600003,0.5076417586000005,-0.8836100841300003
155,GLY,0.798,0.4413716814159292,0.9641,0.7568,0.2532,0,0.0,0,0.0,0.4556,0.0,1.0,0.5062,0.83355289,1.6118084,2.28356076,2.80545505,-0.5659773617,-1.0954857596,-0.0990716354,-0.28038057002,3.569045561,-4.0364686992,0.6124413614000007,-1.1240976132799996
156,ARG,1.725,0.5144646585147629,3.76042,1.2522099999999998,0.3757900000000003,1,0.0833333333333333,1,0.0833333333333333,0.0,0.7346,0.9398,0.6914,1.2511607800000002,2.42414523,3.44624864,4.255287709999999,-0.8643294484999999,-1.6765663699000002,-0.1454396603999999,-0.41212374412,3.296082196999995,-4.574166040500002,0.5509262449999998,-1.1384425157399998
157,SER,0.745,0.3423713235294117,1.5983699999999998,1.02216,0.4088400000000001,2,0.166666666666667,2,0.166666666666667,0.4111,0.1877,0.8514,0.5309,2.08900613,4.0693315000000005,5.8388401100000005,7.30802905,-1.2738543848,-2.484487521,-0.19591511773,-0.5580645922999999,4.246983222000002,-6.32688146,0.6308455930000009,-1.4551138162000004
158,TYR,1.573,0.4615610328638497,3.80832,1.2889199999999998,0.5460800000000001,4,0.571428571428571,2,0.285714285714286,0.3556,0.8063,0.502,0.1605,1.53155275,2.98122282,4.272307430000001,5.338080059999999,-1.11631544384,-2.15964213042,-0.195922930582,-0.5540069087599999,4.67450666799999,-4.318570000320002,0.7353614225000001,-1.0847683659199998
159,ASN,0.553,0.2261758691206544,2.00819,1.47187,0.4201299999999999,4,0.266666666666667,1,0.0666666666666667,0.1111,0.3976,0.6747,0.8272,1.80915644,3.5165111200000005,5.026828020000001,6.257523819999999,-1.0445334816,-2.0314007958,-0.16874805907,-0.4793587747,3.693395395000001,-3.879627722900001,0.5760709692999998,-0.9511269578999992
160,ASN,0.937,0.3832310838445808,2.18125,1.20454,0.3034599999999998,2,0.181818181818182,3,0.272727272727273,0.1111,0.3976,0.6747,0.8272,1.53108508,2.97757978,4.26038853,5.310995060000001,-1.3176357614799998,-2.5646692432000004,-0.2089110245819999,-0.5936527016200002,3.771932220000001,-4.961353153200001,0.5824089382999995,-1.2151902433400004
161,ASP,0.773,0.2883252517717269,2.2099100000000003,1.2544499999999998,0.6535500000000001,0,0.0,0,0.0,0.1111,0.3239,0.8675,1.0,1.39264224,2.7127335300000004,3.8922865400000006,4.8720987,-1.2895186000400003,-2.5107538493,-0.203342303113,-0.57798765122,5.863285409999993,-7.676704099050007,0.8333358007999992,-1.6696153308300006
162,ARG,1.98,0.5905159558604235,3.68105,1.1189400000000005,0.2540599999999997,0,0.0,1,0.25,0.0,0.7346,0.9398,0.6914,0.83368331,1.61286722,2.28717689,2.8141419,-1.1505882904,-2.229737087,-0.1961233286,-0.5552089417999998,2.7425809739999987,-4.411101362000002,0.4893643809999998,-1.1632634406000009
163,ARG,2.047,0.6104980614375186,3.636190000000001,1.17277,0.1332299999999999,0,0.0,2,0.333333333333333,0.0,0.7346,0.9398,0.6914,0.83361765,1.6123268599999998,2.28530796,2.80958331,-0.8337302790000002,-1.6235544350000002,-0.13322579164,-0.3793048365,2.629023489,-3.784104708100001,0.4429021381999997,-0.8881746866000003
164,ASP,1.39,0.5184632599776202,2.6180900000000005,0.7867200000000001,0.5042800000000001,0,0.0,1,0.25,0.1111,0.3239,0.8675,1.0,0.6944144000000001,1.34155992,1.89784361,2.32671058,-0.41639781,-0.8028977,-0.0769433742,-0.2170855109999999,1.9171483129999976,-4.845962545000001,0.3661702500000001,-1.3689178000000013
165,ASN,0.942,0.3852760736196319,2.22255,1.22634,0.2766599999999999,0,0.0,1,0.2,0.1111,0.3976,0.6747,0.8272,0.8337937900000001,1.6137126299999998,2.28989002,2.82014536,-0.2414706489999999,-0.47116513,-0.0368878265,-0.105140495,1.9269267560000007,-4.595047229999997,0.2868647153999999,-1.0450675230000004
166,GLY,0.599,0.3313053097345133,0.84249,0.85767,0.35133,0,0.0,1,0.2,0.4556,0.0,1.0,0.5062,0.6941747100000001,1.33969084,1.89172121,2.31277413,-0.282863037,-0.55160879,-0.0431953147,-0.122912175,1.923999781,-5.449066634000002,0.3081863229999999,-1.2502808820000006
167,GLY,1.003,0.5547566371681415,1.02748,0.61721,0.1877900000000001,0,0.0,1,0.333333333333333,0.4556,0.0,1.0,0.5062,0.5552215500000001,1.07087114,1.51062594,1.8443714,-0.172099287,-0.334871804,-0.0275234177,-0.0782143525,2.0418422299999985,-3.582219172000002,0.3276594663,-0.8307492870000002
168,ASP,1.266,0.4722118612458038,2.61015,0.73809,0.67691,0,0.0,1,0.5,0.1111,0.3239,0.8675,1.0,0.4166591,0.8050010400000001,1.13886426,1.3962199,-0.3278372639999999,-0.6376784360000001,-0.052961944,-0.150506435,1.3747496579999994,-3.7663370659999993,0.2189016175999998,-0.8559548490000003
169,GLY,1.52,0.8407079646017699,1.43934,0.28928,-0.0012799999999999,0,0.0,0,0.0,0.4556,0.0,1.0,0.5062,0.959444827,1.860285408,2.648093298,3.276456416,-0.7076674459519999,-1.3758337270300005,-0.1147862384105,-0.3259371874339999,2.788488422599999,-4.695152369225001,0.4431864599899997,-1.1238341000270005
