2,MET,2.7,0.9054325955734408,2.59123,0.5179400000000001,-0.23594,0,0.0,1,1.0,0.7111,0.6196,0.0,0.0988,0.4168949899999999,0.8068422599999999,1.14490182,1.40998272,-0.451351806,-0.8801134899999999,-0.0693854077,-0.197523319,3.0997241090000047,-8.94625551999999,0.5187474731000012,-2.1763027519999985
3,GLU,1.535,0.562683284457478,2.51946,1.00921,0.1837900000000003,1,0.5,2,1.0,0.1111,0.4884,0.8112,0.9136,0.55474399,1.06714725,1.49842735,1.8166013,-0.4301136795,-0.8344237024999999,-0.07268870262,-0.206141135,2.940381102000006,-6.310653327799997,0.5113543684999997,-1.615314285300001
4,SER,0.732,0.3363970588235294,1.52139,0.97987,0.4641300000000001,1,0.333333333333333,2,0.666666666666667,0.4111,0.1877,0.8514,0.5309,0.69400531,1.33836813,1.88738285,2.30288152,-0.6491209638000001,-1.257719473,-0.11111118976,-0.31454195727,3.019301828000003,-7.433370014999998,0.5201727252000005,-1.8918423115399967
5,ASN,0.986,0.4032719836400818,2.56311,0.96309,0.4959099999999998,1,0.25,1,0.25,0.1111,0.3976,0.6747,0.8272,1.11268889,2.15910886,3.07765272,3.81566463,-1.0749982342000002,-2.1042804321000004,-0.1534604267399999,-0.4385412159800001,6.567307684999999,-10.85769559479999,0.9697862046000012,-2.3005766794500007
6,GLN,1.792,0.623304347826087,3.00392,0.98202,0.1009799999999999,0,0.0,0,0.0,0.1111,0.5388,0.7952,0.6914,1.2526902,2.43612165,3.48565657,4.34553876,-1.7861246379200006,-3.4887547525,-0.26536297352,-0.75650963122,7.987173295999996,-13.177350659999997,1.1439432234000009,-2.8905888585000024
7,SER,1.003,0.4609374999999999,1.6444,0.8148700000000001,0.3581300000000001,0,0.0,0,0.0,0.4111,0.1877,0.8514,0.5309,1.3915708000000002,2.7043387,3.86464769,4.808749349999999,-1.7482726519000005,-3.3936912068,-0.292186052286,-0.8288550909200003,8.91291702299998,-13.966505747499983,1.4421044098000029,-3.5719266176799995
8,ASN,0.89,0.3640081799591002,2.08225,1.2086099999999995,0.3463900000000002,0,0.0,0,0.0,0.1111,0.3976,0.6747,0.8272,2.2289338200000004,4.34577366,6.244987569999999,7.83371591,-1.67128371355,-3.2513550053,-0.26776389116,-0.7606510734600004,8.647875081999974,-8.99301784429999,1.310222557700003,-2.06958636568
9,ASN,0.159,0.0650306748466257,1.67349,1.5776600000000005,0.7083399999999995,3,0.0882352941176471,0,0.0,0.1111,0.3976,0.6747,0.8272,3.2034063,6.2416104400000005,8.959051180000001,11.21881027,-1.4206405216999998,-2.770796153599999,-0.217116423523,-0.6180925608100001,6.135832097,-8.995073969999998,0.9005462072999976,-1.9942591778700007
10,GLY,0.133,0.0735619469026548,0.75531,1.05019,0.6248100000000001,1,0.0416666666666667,0,0.0,0.4556,0.0,1.0,0.5062,2.64619669,5.155398259999999,7.39871302,9.26290436,-2.1983634398000005,-4.2789852767,-0.3491661659499999,-0.9923718671600004,5.387320954000006,-9.215475398799994,0.8038545185000001,-2.027891397479999
11,GLY,0.888,0.4911504424778761,1.05697,0.6182799999999999,0.3017200000000001,0,0.0,0,0.0,0.4556,0.0,1.0,0.5062,1.53093976,2.976414879999999,4.2564599,5.301702120000001,-1.9239451386,-3.7320680841,-0.3247073019349999,-0.9204123717400002,7.141136486000005,-8.163431859000001,1.1958934538000017,-2.1514155725200013
12,SER,0.553,0.2541360294117647,1.41296,1.1339,0.4891000000000003,0,0.0,0,0.0,0.4111,0.1877,0.8514,0.5309,1.6699871200000005,3.246021069999999,4.64031625,5.77696125,-1.5240239953399997,-2.968133815670001,-0.2399729830239999,-0.6825289226800001,8.999286771999987,-5.024986756060006,1.3891465917999957,-1.3249530465499997
13,GLY,0.832,0.4601769911504424,0.82624,0.7794099999999999,0.1965900000000001,0,0.0,0,0.0,0.4556,0.0,1.0,0.5062,0.97275019,1.8825576,2.67106823,3.2887362100000006,-1.65282068826,-3.2144551252,-0.26831630964,-0.7625672274,8.244028283999992,-14.631213342400022,1.3507019084000007,-3.561084769199999
14,ASN,1.824,0.7460122699386503,2.57421,0.6811299999999999,-0.0601300000000001,0,0.0,0,0.0,0.1111,0.3976,0.6747,0.8272,0.97333685,1.88714574,2.68614449,3.32320014,-1.6092876756,-3.129411869,-0.25979653019,-0.7377300900399999,8.995310211999984,-15.41430594800002,1.4184091627999995,-3.613963671399999
15,ALA,0.332,0.1522237505731316,1.02923,1.2243799999999998,0.6246200000000002,0,0.0,0,0.0,0.7,0.1645,0.249,0.3951,1.94807257,3.78504441,5.40699414,6.72384002,-1.5723594717000002,-3.062143431100001,-0.24792955297,-0.7051630156500001,11.475738298999984,-12.881440491099989,1.7741701483000063,-2.9708522996900086
16,ALA,0.757,0.3470884915176525,1.13957,0.88092,0.5430799999999999,0,0.0,0,0.0,0.7,0.1645,0.249,0.3951,1.94847836,3.7882115,5.41737896,6.74750978,-1.2883242963,-2.5017286375999994,-0.21479784355,-0.6097618371999999,12.677484740000024,-13.408281965999985,2.102367042699997,-3.394372951500005
17,LEU,1.436,0.5402558314522197,2.42826,0.95299,0.2690099999999999,1,0.0555555555555556,2,0.111111111111111,0.9222,0.663,0.2811,0.0,1.80890529,3.5145368299999995,5.020302500000001,6.242486669999999,-1.955859314,-3.7993083382,-0.3217303379299999,-0.91281639611,12.52679120599996,-21.138373614199995,2.0188013564000005,-5.098306847599994
18,ASN,0.419,0.1713701431492842,2.03602,1.27462,0.7513799999999997,6,0.193548387096774,2,0.0645161290322581,0.1111,0.3976,0.6747,0.8272,2.36482893,4.59075287,6.548008770000001,8.12445601,-1.4603368898000002,-2.843956999259999,-0.2308396221919999,-0.65670167566,9.269426333999986,-9.14654295470001,1.4762979623999966,-2.2086952404699987
19,ARG,0.494,0.1473307485833581,2.96188,2.05259,0.8064100000000001,8,0.228571428571429,1,0.0285714285714286,0.0,0.7346,0.9398,0.6914,2.22529803,4.31744197,6.15224957,7.622816379999999,-1.3147982291499998,-2.552458787500001,-0.21944718386,-0.62261460218,10.689284604999964,-8.5173696906,1.6511383953999994,-2.0829029428400005
20,GLY,0.605,0.3346238938053097,0.8833,0.77486,0.4281400000000001,2,0.111111111111111,2,0.111111111111111,0.4556,0.0,1.0,0.5062,1.39014681,2.69326526,3.82848195,4.726754499999999,-2.165872243299999,-4.202121767099999,-0.3646090464430001,-1.03377721181,11.146331341999954,-17.981931754699993,1.8351302877,-4.50935249011
21,GLY,0.789,0.4363938053097345,0.90542,0.73421,0.2847900000000001,3,0.214285714285714,2,0.142857142857143,0.4556,0.0,1.0,0.5062,1.5303585300000002,2.97192962,4.2419342,5.2691512,-1.9472352202,-3.7886931627,-0.3123297327799998,-0.88770609902,9.315555008999985,-12.611735076300004,1.4186547097000024,-2.9749961527
22,ARG,1.323,0.394572025052192,3.11497,1.54515,0.4848500000000002,5,0.25,0,0.0,0.0,0.7346,0.9398,0.6914,1.52883404,2.96000954,4.202771650000001,5.17964224,-1.7360870525,-3.3618785459,-0.30193667424,-0.8549608934000003,8.982324462000005,-9.747663233099978,1.5314281873999984,-2.6381025057000027
23,TYR,0.427,0.1252934272300469,3.0766500000000003,2.08708,0.89392,9,0.321428571428571,0,0.0,0.3556,0.8063,0.502,0.1605,2.50451543,4.86531575,6.9479964,8.63609977,-1.8234219561,-3.553854346700001,-0.28464285896,-0.8104431294500001,4.909708449000001,-7.201652553200001,0.7818320799000011,-1.6949254660999995
24,VAL,0.606,0.248870636550308,1.68051,1.27988,0.5491200000000003,1,0.0526315789473684,0,0.0,0.9667,0.4924,0.3655,0.1235,2.36684522,4.60647297,6.59949349,8.241622710000001,-2.3734895954700006,-4.6293655009,-0.363514520994,-1.0351558724699996,3.614713881999995,-5.958594882899999,0.5655917116999998,-1.390360430899999
25,PRO,0.851,0.3816143497757847,1.66181,1.13003,0.2489699999999999,0,0.0,0,0.0,0.3222,0.3764,0.8594,0.3827,1.94885257,3.79114386,5.42702885,6.769607940000001,-2.28756099005,-4.456843760750001,-0.3578716291440001,-1.01813525037,3.961054261000001,-3.371604980700001,0.6793436975000012,-0.90487703039
26,PRO,0.418,0.1874439461883408,1.52568,1.53055,0.28145,0,0.0,0,0.0,0.3222,0.3764,0.8594,0.3827,1.66839291,3.23363194,4.59986828,5.6852862,-1.92428418076,-3.731029688200001,-0.3267305780449999,-0.925709855114,5.923351283000001,-3.8442738552000018,1.0012164963999988,-1.078003248397999
27,HIS,1.399,0.5059674502712477,3.09996,1.01011,0.35589,0,0.0,1,0.1,0.1444,0.561,0.1124,0.679,1.53112895,2.97788558,4.26125994,5.31257428,-1.9748200457,-3.849761021900001,-0.306039286134,-0.8712063588299997,5.541556461000003,-6.6784381648000055,0.852649376800001,-1.605190279439998
28,LEU,1.204,0.4529721595184349,2.41654,1.13691,0.3170899999999998,0,0.0,1,0.1,0.9222,0.663,0.2811,0.0,1.39197835,2.70754375,3.87524179,4.83316119,-1.26517475435,-2.4702506865,-0.189354801446,-0.5396146825300001,5.730479334000001,-11.779147794800002,0.9383350801999978,-2.8879398191700005
29,ARG,2.069,0.6170593498359678,3.67047,1.15631,0.1276900000000003,0,0.0,1,0.166666666666667,0.0,0.7346,0.9398,0.6914,0.8333448200000001,1.61021221,2.2784263,2.7940569,-1.01986040297,-1.9801301001,-0.16936560175,-0.4804159836499999,5.959918996000007,-15.214982495,1.031228107799998,-3.840590827499996
30,GLY,0.726,0.4015486725663716,0.92108,0.7235699999999999,0.3584300000000001,0,0.0,0,0.0,0.4556,0.0,1.0,0.5062,0.6941579200000001,1.33954016,1.89115821,2.31127813,-0.8989078699999999,-1.7435698760000002,-0.1524202573,-0.4321594831999998,5.416951605999993,-13.193700138,0.8945517915000002,-3.1040862439999994
31,GLY,0.853,0.47179203539823,0.90875,0.7856700000000001,0.1693299999999999,0,0.0,0,0.0,0.4556,0.0,1.0,0.5062,1.1125605799999998,2.15807667,3.07416017,3.80737081,-0.6429396832,-1.2578542797,-0.09336870042,-0.2668100033699999,5.623848847999992,-11.936806450399992,0.8378169004000005,-2.564967268040001
32,ASP,1.362,0.5080193957478553,2.53125,0.78638,0.53262,0,0.0,0,0.0,0.1111,0.3239,0.8675,1.0,0.97311557,1.88541357,2.6804464,3.3101545,-0.670163004,-1.306742953,-0.1033716731,-0.2943416204999999,4.755335795999999,-10.495437846000002,0.7315704665999997,-2.346471085000002
33,GLY,1.001,0.553650442477876,0.99504,0.6566000000000001,0.1504000000000001,0,0.0,0,0.0,0.4556,0.0,1.0,0.5062,0.55497024,1.06889004,1.50406024,1.82919062,-0.6499566869,-1.2504204663999998,-0.12370891157,-0.3483808428,3.563084584000001,-7.037611279999997,0.6569290948000012,-2.002538118799999
34,GLY,0.858,0.4745575221238938,1.03223,0.7366699999999999,0.2133300000000001,0,0.0,0,0.0,0.4556,0.0,1.0,0.5062,0.97306111,1.88499511,2.67909736,3.3071508400000003,-0.30235741568,-0.59116041584,-0.044496968616,-0.12708492456,5.502273114999995,-4.520962083999999,0.8449514914999992,-0.9027821096999996
35,ALA,1.151,0.5277395690050436,1.33039,0.75989,0.2701100000000001,0,0.0,0,0.0,0.7,0.1645,0.249,0.3951,1.11328202,2.16371815,3.09269608,3.84973868,-0.45599781396,-0.8926215521,-0.06491053176,-0.18545667743,5.937622698000007,-8.080937636799987,0.8831653832000026,-1.7618137142200012
36,ALA,0.784,0.3594681338835396,1.25353,0.81944,0.5775600000000001,0,0.0,0,0.0,0.7,0.1645,0.249,0.3951,0.69419951,1.33988627,1.89236933,2.31427472,-0.6309847605,-1.220845908,-0.1103666120999999,-0.3120693737999999,4.197597027999999,-8.212045781999999,0.7038782786000003,-2.0249105180000004
37,ALA,1.162,0.5327831270059605,1.36419,0.64874,0.3702600000000001,0,0.0,0,0.0,0.7,0.1645,0.249,0.3951,0.83379412,1.61370264,2.28981353,2.81983525,-0.68048680313,-1.3271331771,-0.10532613057,-0.30014686336,4.7883561240000025,-7.063471755000003,0.7955613167999998,-1.7033340166000004
38,ALA,0.665,0.3049060064190738,1.07981,1.01466,0.5013400000000001,0,0.0,0,0.0,0.7,0.1645,0.249,0.3951,0.9729691,1.88428743,2.67681452,3.30206316,-0.8774659989000001,-1.7031989046,-0.1460534739699999,-0.4141084099000001,4.308847165999998,-8.654744671999998,0.7792344754000015,-2.3188218652999986
39,ALA,1.157,0.5304906006419073,1.30429,0.69842,0.32558,0,0.0,0,0.0,0.7,0.1645,0.249,0.3951,1.25271578,2.43631113,3.48624243,4.346765799999999,-1.93158511688,-3.765264384700001,-0.298017962575,-0.8479279396200001,5.308271224000004,-9.774069726700011,0.7891182790000004,-2.20766500756
40,SER,0.446,0.2049632352941176,1.33755,1.21887,0.5111300000000003,0,0.0,0,0.0,0.4111,0.1877,0.8514,0.5309,1.53048307,2.97284438,4.24473091,5.27489945,-1.7508729641399998,-3.410254904659999,-0.2764745223099999,-0.7866757583599998,5.655937611999997,-6.449338102300004,0.9021289186999992,-1.6143724351
41,ALA,0.891,0.4085281980742778,1.15979,0.9492000000000002,0.3407999999999999,0,0.0,0,0.0,0.7,0.1645,0.249,0.3951,1.80885867,3.5141724999999995,5.0191092600000005,6.239772439999999,-2.0432861596,-3.972247217299999,-0.33231994198,-0.9437028782,5.966213274999993,-5.248559689700001,0.9812577040999988,-1.4302558086
42,GLY,0.239,0.1321902654867256,0.73897,1.0965699999999998,0.4724300000000001,1,0.04,0,0.0,0.4556,0.0,1.0,0.5062,2.5052202400000003,4.870917820000001,6.966710670000001,8.679811519999998,-2.3838626602,-4.65533704386,-0.35703134851,-1.01800163085,2.5956733729999977,-4.5905073124000015,0.3829473457000002,-0.9745894251799996
43,GLY,0.087,0.0481194690265486,0.61248,1.0395299999999998,0.6814700000000002,2,0.1,0,0.0,0.4556,0.0,1.0,0.5062,1.9478660800000005,3.78341888,5.401614980000001,6.71142655,-2.21796340283,-4.3114420574,-0.3615895084499999,-1.0268360711150002,4.591578766000005,-6.720051633300003,0.7643207836999996,-1.6521711237700003
44,ASP,0.421,0.1570309585975382,1.7888,1.42371,0.8362900000000002,3,0.166666666666667,0,0.0,0.1111,0.3239,0.8675,1.0,2.08775378,4.05965102,5.8074216000000005,7.237397229999999,-2.13349513686,-4.1556882892,-0.334428906091,-0.9510667941200002,7.2660532079999935,-10.897611584899998,1.150077531199998,-2.652926112219997
45,ASP,0.842,0.3140619171950764,2.14142,1.25788,0.5811199999999999,0,0.0,0,0.0,0.1111,0.3239,0.8675,1.0,1.39098192,2.69975379,3.84965625,4.77471188,-2.5878754414,-5.02821742977,-0.4256594655049999,-1.208470836,7.337096083999996,-13.926658494389995,1.2339797386000009,-3.459697771299998
46,ARG,2.085,0.6218311959439308,3.86851,1.08243,0.1855700000000002,0,0.0,0,0.0,0.0,0.7346,0.9398,0.6914,1.53138891,2.97992868,4.26801073,5.32812185,-2.30734635036,-4.49506471597,-0.3619610543190002,-1.0298568814799998,8.368274097999999,-11.999291325099998,1.3119191783000006,-2.928639823749999
47,ARG,2.266,0.6758127050402624,3.871070000000001,1.04009,0.0469100000000002,0,0.0,0,0.0,0.0,0.7346,0.9398,0.6914,1.5302812,2.97126253,4.23952359,5.26296943,-1.3485734595000003,-2.6120950152999995,-0.2320397938899999,-0.6566867148499999,8.391638359000009,-14.969784576200006,1.4457778895999964,-4.031788004300005
48,GLY,0.235,0.1299778761061946,0.7299500000000001,1.07252,0.50048,2,0.0833333333333333,0,0.0,0.4556,0.0,1.0,0.5062,1.80806081,3.50799932,4.999047459999999,6.194584689999999,-1.4175748043999996,-2.7700195769,-0.2105342430299999,-0.60081448028,6.994010904999986,-16.14198234739999,1.0902481847000012,-3.646406920680001
49,GLY,0.922,0.5099557522123894,1.06197,0.6401200000000001,0.2458799999999998,3,0.157894736842105,0,0.0,0.4556,0.0,1.0,0.5062,1.5303028000000003,2.97141089,4.239939650000001,5.26370026,-0.7887746144599999,-1.5358291305000005,-0.125592255066,-0.35732762484,7.762352571999992,-9.722023471300004,1.3577695403000003,-2.502677041490003
50,ALA,0.618,0.2833562585969738,1.12104,1.05813,0.5048700000000002,5,0.263157894736842,0,0.0,0.7,0.1645,0.249,0.3951,1.38976698,2.69032105,3.81889701,4.70511624,-0.9088466556999998,-1.7736425083,-0.1369847872799999,-0.3901062948,7.034610833999997,-13.198824147800009,1.0828011545999991,-2.9464464601000016
51,GLY,0.885,0.4894911504424779,0.89503,0.6770799999999999,0.2459200000000001,3,0.214285714285714,0,0.0,0.4556,0.0,1.0,0.5062,1.11151203,2.14987931,3.0472344,3.74585071,-0.88885306297,-1.7287902949999998,-0.14475627113,-0.41160322538,7.146085369999992,-11.443186518,1.1670805587999995,-2.7303386323599934
52,GLY,0.995,0.5503318584070797,1.01144,0.62607,0.18693,2,0.285714285714286,0,0.0,0.4556,0.0,1.0,0.5062,0.97340106,1.88766132,2.68788563,3.3273250299999995,-0.53178289393,-1.03088225915,-0.090233340008,-0.25551146386,8.681376087999993,-8.491913061800014,1.364978342999998,-2.072397320290001
53,GLY,0.356,0.1969026548672566,0.84004,0.98499,0.4670099999999999,5,0.277777777777778,1,0.0555555555555556,0.4556,0.0,1.0,0.5062,1.25017116,2.41644884,3.42110484,4.19825309,-0.793233382,-1.5436865749999995,-0.12766358346,-0.3630992510999999,8.551117081999998,-12.267318130500014,1.4601803649000031,-2.889655584300004
54,GLY,0.193,0.1067477876106194,0.6476900000000001,1.06608,0.5489200000000001,4,0.153846153846154,1,0.0384615384615385,0.4556,0.0,1.0,0.5062,1.66780343,3.2289847500000004,4.58447306,5.649717819999999,-1.1485338623,-2.2388664454,-0.17779489646,-0.5060423208700001,6.945869730000012,-14.788924688000009,1.1574802912000035,-3.497552984200001
55,TYR,1.784,0.5234741784037559,3.93501,1.1221,0.5018999999999998,2,0.1,3,0.15,0.3556,0.8063,0.502,0.1605,1.5293415700000002,2.96393114,4.21549108,5.20820659,-1.2052768938,-2.3366941379,-0.20618256815,-0.58444198362,6.783639502999989,-10.577315452999995,1.1752168722999965,-2.728168690080003
56,ARG,1.794,0.5350432448553534,3.55371,1.29766,0.2613400000000001,4,0.235294117647059,4,0.235294117647059,0.0,0.7346,0.9398,0.6914,1.66900785,3.2383412,4.61500279,5.71885334,-1.2578280339,-2.4433243942,-0.2077031710699999,-0.58950425844,6.520972910000006,-11.610114466800006,1.0340409136000015,-2.7956417027000016
57,ARG,1.395,0.4160453325380256,3.67056,1.32438,0.6336200000000003,4,0.235294117647059,5,0.294117647058824,0.0,0.7346,0.9398,0.6914,1.5296611700000002,2.96643846,4.2237617300000005,5.22721459,-1.5676114503099996,-3.0513858061000003,-0.24920133513,-0.7084071961799999,4.4757905930000055,-7.910294669699991,0.7271319958999999,-1.8738894259600007
58,GLY,0.347,0.1919247787610619,0.78181,0.8935600000000001,0.5674399999999999,4,0.25,4,0.25,0.4556,0.0,1.0,0.5062,1.11073861,2.14385229,3.0275071,3.70099217,-1.566829672,-3.0327652790000004,-0.27599849645,-0.7816988844,3.839345421,-7.245321752999994,0.6962136125000008,-1.8855867036000007
59,GLY,0.448,0.247787610619469,0.88644,0.8300799999999998,0.5299200000000003,5,0.25,3,0.15,0.4556,0.0,1.0,0.5062,1.38958217,2.68884375,3.81393198,4.693427229999999,-1.54280065646,-2.9957650052,-0.2572592013299999,-0.7301831284299998,5.380521632999997,-8.554146557999998,0.8632159137000002,-2.0322787382000014
60,GLY,0.478,0.2643805309734513,0.84358,0.90689,0.4231100000000001,4,0.222222222222222,2,0.111111111111111,0.4556,0.0,1.0,0.5062,1.80916251,3.51652833,5.0267808,6.25709706,-0.8960297339999999,-1.7452493066,-0.1410936184099999,-0.4013548938199999,4.481689096999991,-7.478778640100002,0.6823912264999993,-1.590473483899999
61,ASN,0.725,0.2965235173824131,2.1572,1.44282,0.2771799999999997,3,0.136363636363636,1,0.0454545454545455,0.1111,0.3976,0.6747,0.8272,1.80818225,3.50883422,5.00140153,6.1987837400000005,-1.402808564,-2.7280403233,-0.22797252342,-0.6478520771999999,2.512268369999997,-4.030906635000001,0.4134912162,-1.0316795250999995
62,SER,0.645,0.2964154411764705,1.4418,1.1913,0.3397000000000001,1,0.0625,2,0.125,0.4111,0.1877,0.8514,0.5309,1.80892799,3.5147276999999995,5.02097924,6.24418744,-1.6822298349,-3.2767228495,-0.2651111971799999,-0.7543391085,2.515311320999999,-5.964725369000001,0.3889955807,-1.3571361472999997
63,GLY,0.873,0.4828539823008849,1.05699,0.6495200000000001,0.2854799999999999,2,0.153846153846154,2,0.153846153846154,0.4556,0.0,1.0,0.5062,1.67125625,3.2558972799999992,4.672593879999999,5.8502096,-1.05449921855,-2.0450140134000003,-0.1784742080759999,-0.5057396637499999,2.982329334999998,-4.566272521999995,0.4964882958999999,-1.1155295123999998
64,GLY,0.12,0.0663716814159292,0.82097,1.04094,0.6470600000000002,1,0.0384615384615385,0,0.0,0.4556,0.0,1.0,0.5062,1.80771579,3.5052562000000003,4.98988188,6.17317515,-0.6799119401,-1.3252429356999995,-0.1061641649199999,-0.3023253113,3.179777924000001,-3.3866903982000016,0.5220468995,-0.7983022685000002
65,GLY,0.17,0.0940265486725663,0.59686,0.98219,0.6558100000000001,1,0.0344827586206897,1,0.0344827586206897,0.4556,0.0,1.0,0.5062,1.6677048400000003,3.22825794,4.58223295,5.64504273,-0.5384614213,-1.0525597323,-0.0790724102699999,-0.22564609885,3.341275803000004,-2.3615091419000023,0.5081697605999996,-0.5209075445500002
66,GLY,0.464,0.2566371681415929,0.8015399999999999,0.81844,0.5255600000000001,0,0.0,1,0.05,0.4556,0.0,1.0,0.5062,1.11056965,2.14257788,3.02348135,3.69228351,-0.6737678383000001,-1.3018686836999998,-0.1209778269499999,-0.3419141723999999,4.980146276000005,-7.409082434000001,0.8603347454000018,-1.9610941019000017
67,GLY,1.019,0.5636061946902654,1.02742,0.61425,0.1747500000000001,0,0.0,0,0.0,0.4556,0.0,1.0,0.5062,1.11174759,2.15171606,3.05325235,3.75955402,-0.8042651943,-1.5647493120000002,-0.13013627456,-0.3700997608,4.986539606,-8.876237739999999,0.8139380100000009,-2.1277321469
68,GLY,0.424,0.2345132743362831,0.79818,0.8561000000000001,0.5279,0,0.0,1,0.05,0.4556,0.0,1.0,0.5062,1.24999102,2.4150509400000004,3.4165543,4.18798642,-0.7988964763000002,-1.555602381,-0.1269218127,-0.3611171459,3.966151674000002,-7.414023085999997,0.6414567407999999,-1.7999164826999992
69,GLY,0.741,0.4098451327433628,0.94263,0.69201,0.3749900000000001,0,0.0,1,0.0769230769230769,0.4556,0.0,1.0,0.5062,1.11127911,2.14810281,3.04155377,3.73334515,-0.9874738190000004,-1.924568438,-0.1542243392999999,-0.4391216649,4.123426459999997,-8.969432371,0.6648495461999995,-2.1267139960000008
70,TYR,1.756,0.5152582159624414,3.8702,1.16059,0.4914099999999999,0,0.0,2,0.117647058823529,0.3556,0.8063,0.502,0.1605,1.11044503,2.1415897200000003,3.0201854200000007,3.68459794,-0.70889127501,-1.3658685364599998,-0.1329352485459999,-0.37503430884,4.112074367999996,-5.664878121760001,0.7558917584999991,-1.6218212529999996
71,ASP,0.801,0.298769116001492,2.0673,1.2286100000000002,0.6513899999999997,2,0.0769230769230769,2,0.0769230769230769,0.1111,0.3239,0.8675,1.0,1.6671068800000002,3.22360756,4.56703913,5.610572879999999,-0.6272020468,-1.2171775047,-0.1049193287599999,-0.2974502206,3.9644797779999976,-4.066890102299998,0.6507420826999996,-0.9996561930999992
72,ARG,2.079,0.6200417536534447,3.6571,1.18762,0.0863800000000001,1,0.0909090909090909,1,0.0909090909090909,0.0,0.7346,0.9398,0.6914,1.81053127,3.52723476,5.06196403,6.33753346,-1.2080044605999998,-2.357321572,-0.18304873734,-0.5214459282,2.794046214000001,-4.9961632904,0.3991684275999999,-1.0475052212000002
73,GLY,0.571,0.3158185840707964,0.85568,0.79571,0.44129,1,0.0833333333333333,0,0.0,0.4556,0.0,1.0,0.5062,1.11250774,2.15766044,3.0727813200000007,3.80418463,-1.5872091096,-3.0823757664,-0.2633514594999999,-0.7473281688000001,2.356337593,-5.009966412000001,0.3790278193999999,-1.2154328006
74,TYR,1.81,0.5311032863849765,3.90241,1.26373,0.3342699999999998,1,0.1,0,0.0,0.3556,0.8063,0.502,0.1605,0.97304303,1.8848332,2.6784943,3.305555,-1.3980411408,-2.7134844785,-0.23525896773,-0.6676065777,2.159944460000001,-3.5243474930000014,0.3466515228000001,-0.8989266280999997
75,ASN,1.28,0.523517382413088,2.30717,0.95301,0.2119899999999998,0,0.0,0,0.0,0.1111,0.3976,0.6747,0.8272,0.8341835,1.6167610499999998,2.29990936,2.84305692,-0.838121887,-1.6290773685999995,-0.13553368187,-0.3845029488,2.8240244909999976,-3.507839953799999,0.4777607157000001,-1.0410534418999993
76,ASP,0.934,0.3483774710928758,2.36969,1.11835,0.6286499999999999,0,0.0,0,0.0,0.1111,0.3239,0.8675,1.0,0.69439671,1.3414171599999998,1.89735861,2.32555317,-0.5581080109999998,-1.082204456,-0.0945863682,-0.267971687,2.351088076999999,-5.491385510000003,0.4183671391000005,-1.452794574
77,ASN,1.482,0.6061349693251534,2.4109800000000003,0.83727,0.1257299999999999,0,0.0,0,0.0,0.1111,0.3976,0.6747,0.8272,0.6941855,1.33975773,1.8918804300000005,2.31295203,-0.472917231,-0.919509343,-0.0772872131,-0.21964993,1.9202654479999977,-5.141585251000002,0.3425222256,-1.33840004
78,ARG,1.86,0.5547271100507009,3.61012,1.21888,0.2741200000000001,0,0.0,0,0.0,0.0,0.7346,0.9398,0.6914,0.69438545,1.34133234,1.89709229,2.32498306,-0.541869788,-1.053607796,-0.0876028519999999,-0.248735916,1.925462062,-5.891595891999999,0.2974804231999998,-1.3127342939999993
79,ASP,0.984,0.3670272286460276,2.26813,1.13602,0.56098,0,0.0,0,0.0,0.1111,0.3239,0.8675,1.0,0.83412644,1.6163123499999998,2.29842583,2.83963666,-0.530776486,-1.034634412,-0.0817477987,-0.2325448695,2.120514363999999,-4.395147277999999,0.3386577580000001,-1.0044318094999998
80,ASP,1.251,0.4666169339798582,2.40646,0.93809,0.4919100000000002,0,0.0,0,0.0,0.1111,0.3239,0.8675,1.0,0.83386147,1.61422925,2.29154316,2.82378669,-0.541640643,-1.055583423,-0.0844237279,-0.240282526,2.3181472389999973,-3.706755995999999,0.3627015922000003,-0.8270168259999997
81,ARG,1.956,0.5833581866984789,3.57416,1.19947,0.1975300000000002,0,0.0,1,0.25,0.0,0.7346,0.9398,0.6914,0.6942524600000001,1.3402944799999998,1.89368874,2.31722272,-0.6145260907400001,-1.18738853635,-0.1103566158029999,-0.31189420024,2.353665990000003,-3.934271050100001,0.3987201955000006,-1.03149398104
82,ASP,1.339,0.4994405072734054,2.48508,0.78548,0.5565200000000001,0,0.0,1,0.25,0.1111,0.3239,0.8675,1.0,0.97359909,1.88920714,2.69295561,3.3388863900000003,-0.6259819615,-1.218266497,-0.0992886262999999,-0.2820561211,2.553178376000002,-4.797973885999999,0.4013370036000002,-1.1764660791
83,ASN,1.067,0.43640081799591,2.23421,1.12265,0.2553499999999999,0,0.0,2,0.25,0.1111,0.3976,0.6747,0.8272,1.1120360500000002,2.15397652,3.06069426,3.77660967,-0.539517964,-1.050351441,-0.08580005214,-0.2440123518,1.7678874299999996,-3.470072619,0.2796417884000001,-0.8022991176000001
84,ARG,2.361,0.7041455413062929,3.88298,0.94041,0.05159,0,0.0,1,0.142857142857143,0.0,0.7346,0.9398,0.6914,0.97254242,1.88095055,2.66584959,3.27699668,-0.5300525119999999,-1.028034954,-0.0900496630999999,-0.2553428084,1.64664786,-3.5047323619999995,0.2868952170000002,-0.8801701929999993
85,GLY,0.722,0.3993362831858407,0.92019,0.7401900000000001,0.3458099999999999,0,0.0,1,0.142857142857143,0.4556,0.0,1.0,0.5062,0.9733607,1.8873496800000005,2.6868758999999995,3.3250602500000004,-0.5237228,-1.0185546010000002,-0.0838698652,-0.2380568515999999,1.530133898000001,-3.049216652,0.2555506841000001,-0.7786142330000001
86,GLY,0.684,0.3783185840707965,0.86773,0.7759200000000002,0.3480799999999999,1,0.1,0,0.0,0.4556,0.0,1.0,0.5062,0.97217115,1.87803926,2.65625568,3.2549806400000003,-0.6417783289999999,-1.250551965,-0.1007045202,-0.286683801,1.9637701299999983,-3.892250460000001,0.3141306244000003,-0.8919467319999992
87,SER,0.892,0.4099264705882353,1.4330500000000002,1.0015,0.2825000000000002,0,0.0,1,0.0833333333333333,0.4111,0.1877,0.8514,0.5309,1.11108436,2.1465885900000004,3.0366112600000004,3.72214995,-0.4884509173,-0.9548254004,-0.07172343353,-0.20470599244,1.6918959480000006,-2.1731978712,0.2428399306000001,-0.4702126951200001
88,GLY,0.915,0.5060840707964602,1.01646,0.6316199999999998,0.2613800000000001,2,0.25,0,0.0,0.4556,0.0,1.0,0.5062,0.97322285,1.88624835,2.68317512,3.3163483900000004,-0.3985630309999999,-0.7727670802,-0.06800608903,-0.192754221,1.962925920000001,-0.7592152224000001,0.3218047560999998,-0.2282740678000001
89,GLY,0.586,0.3241150442477876,0.8759999999999999,0.8294699999999999,0.39253,2,0.25,0,0.0,0.4556,0.0,1.0,0.5062,0.83299596,1.60749383,2.26952807,2.77382011,-0.7589510857,-1.4616794057000009,-0.14293149892,-0.4030238999,2.739244468000002,-2.1843520695,0.5170918480000001,-0.7061981770999988
90,TYR,1.344,0.3943661971830986,3.64135,1.70512,0.3588800000000001,2,0.285714285714286,2,0.285714285714286,0.3556,0.8063,0.502,0.1605,1.39228136,2.70989946,3.88293212,4.85058551,-0.9058748328,-1.7664023020000004,-0.1392666302,-0.3964432974,4.289406194999998,-6.332898224000003,0.6124060287,-1.3131149781000009
91,GLY,0.748,0.413716814159292,0.92066,0.7538499999999999,0.3061500000000001,1,0.166666666666667,1,0.166666666666667,0.4556,0.0,1.0,0.5062,1.11348033,2.1652693,3.09779294,3.86138905,-0.557488074,-1.081070256,-0.093888761,-0.2658761623,3.851636902000004,-5.379606978000005,0.5860246541999992,-1.2370190774999994
92,ARG,1.857,0.5538323889054577,3.5348200000000003,1.4319499999999998,0.0640500000000003,2,0.222222222222222,3,0.333333333333333,0.0,0.7346,0.9398,0.6914,0.97291887,1.88387095,2.6753645300000004,3.29849956,-0.599544491,-1.169014652,-0.0925295707,-0.2634686242999999,3.578919056000004,-6.390090036000006,0.5292471599999995,-1.381050712300001
93,ASP,1.378,0.5139873181648638,2.44559,0.7700200000000001,0.53298,0,0.0,0,0.0,0.1111,0.3239,0.8675,1.0,0.69428991,1.34058604,1.89464207,2.31938683,-0.4440560443,-0.8623581556000002,-0.07347216167,-0.20843736326,4.827307595000009,-8.8898844078,0.7993100045000008,-2.134252993480003
94,ARG,2.589,0.7721443483447659,3.94525,0.6685000000000001,0.0955000000000001,1,0.333333333333333,1,0.333333333333333,0.0,0.7346,0.9398,0.6914,0.6945239599999999,1.34241319,1.90063463,2.33305214,-0.420224368,-0.813288583,-0.0732952831,-0.2073103532,4.82540447999999,-7.450057710000007,0.8132558944000015,-2.022597671
95,ASN,0.734,0.3002044989775051,2.16618,1.38929,0.3217099999999999,2,0.25,3,0.375,0.1111,0.3976,0.6747,0.8272,1.11265476,2.15882683,3.07667376,3.8132673,-0.5883668364,-1.1517586560000002,-0.08325373837,-0.2377581168,3.970281265000001,-7.854635702499993,0.5994150381,-1.7526253145
96,TYR,1.601,0.4697769953051643,3.83391,1.38833,0.4186699999999999,5,0.5,5,0.5,0.3556,0.8063,0.502,0.1605,1.25184806,2.42949734,3.46375297,4.29504727,-0.63949809072,-1.2410821142999997,-0.10772379754,-0.30564807186,3.249289283999999,-6.373044090500007,0.6060973538000001,-1.736902821460001
97,GLU,0.78,0.2859237536656891,2.62128,1.4241100000000002,0.52389,3,0.333333333333333,4,0.444444444444444,0.1111,0.4884,0.8112,0.9136,1.39279093,2.71390102,3.89613986,4.880959509999999,-1.1527035855600003,-2.2490217643,-0.1751790842749999,-0.4989152723999999,4.3286421320000015,-3.6541824168,0.6146149535999995,-0.8133100639999998
98,ASP,0.984,0.3670272286460276,2.21196,1.11301,0.58399,2,0.25,3,0.375,0.1111,0.3239,0.8675,1.0,1.11284549,2.1603221,3.0815990200000005,3.82456233,-1.10401688614,-2.1426744117000003,-0.1844390043699999,-0.5229640501,5.388350452999994,-4.502603375,0.7920476687999984,-1.0338824410000005
99,ARG,1.946,0.580375782881002,3.6419,1.17155,0.2354500000000001,1,0.142857142857143,3,0.428571428571429,0.0,0.7346,0.9398,0.6914,0.97358038,1.88904285,2.69235259,3.33731356,-1.1093744608499998,-2.1585739976000005,-0.177730390096,-0.5050884410899998,4.166299057000005,-5.000435598400001,0.6299603784999995,-1.1242729451400004
100,GLY,0.712,0.3938053097345132,0.91555,0.79471,0.30129,0,0.0,2,0.25,0.4556,0.0,1.0,0.5062,1.2529619500000002,2.43823079,3.49252928,4.36107245,-1.0520553270299997,-2.0349417066,-0.18441183637,-0.5211643343499998,5.117210805999986,-6.214506128999995,0.7141143255999981,-1.2640323127000013
101,TYR,1.034,0.3034037558685446,3.41342,1.7473499999999995,0.6266500000000002,7,0.5,1,0.0714285714285714,0.3556,0.8063,0.502,0.1605,1.81040716,3.52625099,5.058686649999999,6.3299028900000005,-0.424326377,-0.8204170409999999,-0.07508135657,-0.2121841405,4.750021416999991,-6.788705448000002,0.7714140729000015,-1.8098100838000009
102,ASN,1.017,0.4159509202453987,2.05595,1.10589,0.3221099999999999,3,0.2,0,0.0,0.1111,0.3976,0.6747,0.8272,1.5298526,2.96794276,4.22872705,5.23863167,-0.5523579288999999,-1.075433265,-0.08724840998,-0.2480103678,3.734985118,-7.594974956999998,0.5628726265999998,-1.7161800245000014
103,GLY,0.476,0.2632743362831858,0.77113,0.8898900000000001,0.44211,3,0.176470588235294,0,0.0,0.4556,0.0,1.0,0.5062,1.24981737,2.4137498,3.41246537,4.17919766,-0.4683012654999999,-0.908465251,-0.0788432887,-0.223463236,3.609643029,-7.187645033999993,0.6052191747000003,-1.887713223999999
104,GLY,0.832,0.4601769911504424,0.9305,0.63611,0.3398900000000001,0,0.0,0,0.0,0.4556,0.0,1.0,0.5062,0.97289544,1.88370873,2.67490643,3.29768367,-0.6418263129999999,-1.2463157589999998,-0.1060295727,-0.3007138812999999,3.614000647999999,-7.634791469999995,0.5694997304000002,-1.8060126029000003
105,GLY,0.578,0.3196902654867256,0.8088299999999999,0.8347499999999999,0.3952500000000001,1,0.0909090909090909,0,0.0,0.4556,0.0,1.0,0.5062,0.97195488,1.87638528,2.65095143,3.2432570300000005,-0.5035479489999999,-0.9750334965000002,-0.08759192509,-0.2479880743999999,3.608932821000001,-4.779919637000002,0.6140835135999998,-1.210981843899999
106,GLY,0.555,0.3069690265486726,0.87947,0.8083199999999999,0.4446800000000002,2,0.125,0,0.0,0.4556,0.0,1.0,0.5062,1.25078214,2.42119126,3.43656826,4.23323999,-0.1534443004,-0.2993322499999999,-0.02367351828,-0.0674883867,3.615152572000004,-2.021510405099999,0.5653338696999998,-0.4787393422999993
107,GLY,0.738,0.4081858407079646,0.98106,0.76228,0.3077200000000001,2,0.125,0,0.0,0.4556,0.0,1.0,0.5062,1.24989587,2.41433996,3.4143246599999992,4.18320401,-0.3783005508,-0.736588385,-0.0601585403,-0.1711431272999999,3.614531623,-5.946379790999999,0.5694368560000006,-1.3871763350000006
108,GLY,0.634,0.3506637168141593,1.02867,0.80535,0.3686499999999999,2,0.2,0,0.0,0.4556,0.0,1.0,0.5062,1.39224784,2.7096497799999995,3.88215638,4.84894999,-0.35811021,-0.700239983,-0.0521370353,-0.1487971602,3.855730731,-6.0410043080000015,0.5550553855000004,-1.2630072827999983
109,GLY,0.404,0.2234513274336283,0.6670099999999999,0.95238,0.4516199999999999,4,0.363636363636364,2,0.181818181818182,0.4556,0.0,1.0,0.5062,1.25224555,2.43261521,3.47403193,4.31864934,-0.7321134444999997,-1.4262395668,-0.11481728438,-0.3266587665300001,4.875402408000003,-10.114705705699992,0.7304574432000006,-2.2161235496700016
110,ASN,1.286,0.5259713701431493,2.2158,1.00006,0.1589399999999998,6,0.5,2,0.166666666666667,0.1111,0.3976,0.6747,0.8272,1.39188934,2.7068335,3.87285827,4.82755969,-0.7762022223999999,-1.5129001910000004,-0.1207795639,-0.3438202314,4.591443434999998,-8.577235579999995,0.765479674700002,-2.1236263491999985
111,ARG,2.259,0.6737250223680286,3.87878,1.05319,0.0408100000000002,4,0.666666666666667,3,0.5,0.0,0.7346,0.9398,0.6914,1.1132878000000002,2.16377401,3.09291665,3.85035642,-1.2120419670000002,-2.3591202763,-0.19186738814,-0.5451061853999999,7.43055826999999,-17.90015456699999,1.1167035654999984,-4.044875710800001
112,GLY,0.419,0.2317477876106194,0.96451,0.90094,0.48806,2,0.4,1,0.2,0.4556,0.0,1.0,0.5062,1.1129033700000002,2.16077853,3.08311179,3.82805985,-1.0455171236999996,-2.0309033952,-0.17186028323,-0.4875704332,7.999640739999971,-12.388787676499994,1.3720720222999965,-3.4290420997000046
113,TYR,1.679,0.4926643192488263,3.84907,1.17825,0.5507499999999999,5,0.714285714285714,2,0.285714285714286,0.3556,0.8063,0.502,0.1605,0.97358665,1.88908026,2.69243297,3.33736433,-1.5847241419999998,-3.080390601,-0.25745130266,-0.7307333535000001,4.624779809999994,-8.032306756999994,0.8148925923000001,-2.103661544000002
114,ASN,1.271,0.5198364008179959,2.17186,1.10576,0.0682399999999998,2,0.4,1,0.2,0.1111,0.3976,0.6747,0.8272,1.53125188,2.9789027799999994,4.26479905,5.32126806,-1.7913584521,-3.49561913494,-0.272619771615,-0.7768717194800001,2.942367282,-4.727814646000001,0.4932284966999994,-1.2462805712999991
115,ASN,1.451,0.5934560327198365,2.48747,0.8598800000000001,0.1341199999999996,1,0.142857142857143,1,0.142857142857143,0.1111,0.3976,0.6747,0.8272,1.39233029,2.71028904,3.884236789999999,4.85364289,-1.7973408908,-3.501329634600001,-0.28070989633,-0.7982597061000002,3.725942674999995,-4.796525052399998,0.6304924338000002,-1.3164465248
116,ASN,0.514,0.2102249488752556,1.86639,1.4664,0.4645999999999999,1,0.0714285714285714,0,0.0,0.1111,0.3976,0.6747,0.8272,1.5292642200000002,2.963391309999999,4.213941350000001,5.20534939,-1.64910285608,-3.19918736804,-0.2776603879640001,-0.7870378466920002,3.640964770000001,-5.2058025895399975,0.6764753441000002,-1.3972212735919989
117,ARG,1.361,0.4059051595586042,3.47817,1.5469499999999998,0.4450500000000004,0,0.0,2,0.133333333333333,0.0,0.7346,0.9398,0.6914,2.22866213,4.34361207,6.23775568,7.81678924,-1.50063722745,-2.9219956588000007,-0.236448583118,-0.6721296201700001,3.182822993000002,-2.1283872896999982,0.4975456167,-0.5100515279000001
118,GLY,0.151,0.0835176991150442,1.01211,1.01514,0.6418600000000001,6,0.181818181818182,2,0.0606060606060606,0.4556,0.0,1.0,0.5062,2.7850582800000008,5.423475540000001,7.77727288,9.725216359999996,-1.2235822392999998,-2.381015619,-0.1961866408899999,-0.5577039355900001,3.184732828,-4.482289269299997,0.4768527807999997,-1.074397913899999
119,GLY,0.167,0.0923672566371681,0.73673,1.03814,0.60286,7,0.21875,0,0.0,0.4556,0.0,1.0,0.5062,2.5062327,4.878647399999999,6.99146348,8.734427759999999,-0.8780001064999999,-1.69904297072,-0.154366357081,-0.4368596053600001,4.829329934000005,-5.234462767000003,0.7824538882999995,-1.3501715025000005
120,GLY,0.742,0.4103982300884956,0.82982,0.7641899999999999,0.3018100000000001,4,0.235294117647059,0,0.0,0.4556,0.0,1.0,0.5062,1.81030976,3.525490649999999,5.05619234,6.32421285,-1.5938972643700002,-3.100940567959999,-0.2552680061840001,-0.72517557281,2.948096454999998,-6.480523331600005,0.4502919620999997,-1.4782416063399997
121,GLY,0.552,0.3053097345132743,0.79482,0.88552,0.37048,3,0.214285714285714,0,0.0,0.4556,0.0,1.0,0.5062,1.11158371,2.15045256,3.04916306,3.75039685,-1.6037980521400002,-3.1176856173499994,-0.26258913179,-0.7460288937700001,5.531224079999995,-7.956016026799995,0.9416384400000004,-1.9121552664999983
122,GLY,1.015,0.5613938053097345,0.92489,0.6604499999999999,0.1325500000000002,2,0.222222222222222,0,0.0,0.4556,0.0,1.0,0.5062,1.11291756,2.1608841,3.08343997,3.82875256,-2.0226271909,-3.9573626067,-0.2916737094,-0.8331417103999998,3.968445605999999,-7.858727567000002,0.6154787973000004,-1.7683193212000008
123,GLY,0.45,0.2488938053097345,0.88113,1.00399,0.3540100000000001,2,0.133333333333333,2,0.133333333333333,0.4556,0.0,1.0,0.5062,1.2516346,2.42781923,3.45821005,4.2822893,-1.94684939533,-3.78941526104,-0.31219643509,-0.8880776083100002,3.4547895900000003,-6.023063545000006,0.5658393841000001,-1.4702008693000013
124,TYR,0.406,0.119131455399061,3.03681,2.16676,0.8352399999999998,6,0.214285714285714,4,0.142857142857143,0.3556,0.8063,0.502,0.1605,1.52850458,2.9574499700000003,4.194419470000001,5.16072695,-1.24621116158,-2.4099645159000014,-0.2219881126169998,-0.6281135591599999,4.352399858999996,-5.035062058900009,0.7517720997999998,-1.4319808500800009
125,ASN,1.05,0.4294478527607362,2.18464,0.99531,0.3996899999999997,1,0.1,2,0.2,0.1111,0.3976,0.6747,0.8272,1.6707287,3.2517628000000003,4.65897701,5.818985339999999,-0.7020612136000002,-1.3652522133000011,-0.1138151370669999,-0.3233291896060001,5.461370518999995,-4.189609283600004,0.8521492989999978,-1.1104340519359996
126,ARG,1.487,0.443483447658813,3.56617,1.34192,0.5240800000000001,1,0.0769230769230769,2,0.153846153846154,0.0,0.7346,0.9398,0.6914,1.6706011200000002,3.25073987,4.65552729,5.810824510000001,-1.3806248260999998,-2.69340187253,-0.212241819393,-0.6049003661099999,5.8186768980000005,-6.768751658710005,0.8816242853999987,-1.5952575027499991
127,GLN,1.648,0.5732173913043478,2.81163,0.91776,0.30924,1,0.2,1,0.2,0.1111,0.5388,0.7952,0.6914,0.97331936,1.88701558,2.68573923,3.32234329,-1.4099614884799998,-2.7443014044000003,-0.223855251937,-0.6361446059650003,5.7724921700000085,-7.967782266660001,0.9254966219999998,-1.9715879613500005
128,ASP,0.849,0.3166728832525177,2.00759,1.19962,0.6323800000000002,0,0.0,0,0.0,0.1111,0.3239,0.8675,1.0,0.83411065,1.61618336,2.29798202,2.83856036,-1.5179811010999995,-2.9500340036999995,-0.24784483152,-0.7034508663300002,4.831574714000007,-7.123594301399997,0.7652912454000014,-1.7151808711900014
129,ARG,1.806,0.5386221294363257,3.60606,1.23959,0.3074100000000002,0,0.0,0,0.0,0.0,0.7346,0.9398,0.6914,1.81088411,3.53000933,5.0711361,6.358668739999999,-1.88570099106,-3.681112930289999,-0.283206720159,-0.8068768781039999,5.858791346999987,-6.5463008864000125,0.8685600298000015,-1.5592118817600014
130,GLY,0.215,0.1189159292035398,0.8356699999999999,1.0532199999999998,0.5397800000000001,3,0.125,0,0.0,0.4556,0.0,1.0,0.5062,2.50605406,4.87729717,6.98718927,8.725157079999999,-1.5898545503,-3.0886163733,-0.2632716317799999,-0.74769155187,5.233327701999984,-6.660176465999998,0.7524990203000008,-1.4013800620000008
131,ASP,1.192,0.4446102200671391,2.48445,1.00046,0.4885400000000002,0,0.0,0,0.0,0.1111,0.3239,0.8675,1.0,1.6682856299999995,3.232723,4.596640990000001,5.67717465,-2.1926930558999995,-4.2444981972,-0.3830263782500001,-1.08404400237,4.552750526999995,-5.676135584500007,0.7545123586000004,-1.494316627677999
132,GLY,0.14,0.077433628318584,0.69416,1.05959,0.6084100000000001,1,0.0555555555555556,0,0.0,0.4556,0.0,1.0,0.5062,1.80874382,3.5133046,5.01635832,6.23378927,-2.2981711298,-4.485692591199999,-0.34956671928,-0.9967159859999996,3.5401931509999978,-7.6557037215,0.5217513500999995,-1.645415760600001
133,GLY,0.607,0.3357300884955752,0.96781,0.75171,0.4492900000000001,2,0.142857142857143,0,0.0,0.4556,0.0,1.0,0.5062,1.6705662000000003,3.2505165900000006,4.65496988,5.81009472,-2.1620132221300006,-4.219249630199999,-0.3261090079899999,-0.9287274713,3.424610748000002,-5.749628485700004,0.4818978035000003,-1.194174184800001
134,SER,0.733,0.3368566176470587,1.57124,0.97828,0.46472,0,0.0,0,0.0,0.4111,0.1877,0.8514,0.5309,1.94869079,3.78985344,5.422703720000001,6.75946728,-2.21644860469,-4.318697676099999,-0.347544320887,-0.98921923478,4.354595291999995,-6.429097543000004,0.7388854404999986,-1.6606292176000017
135,SER,0.811,0.3727022058823529,1.6425800000000002,0.91836,0.4466400000000002,0,0.0,0,0.0,0.4111,0.1877,0.8514,0.5309,2.0877130900000003,4.05928249,5.80603407,7.2336846,-2.1427197372000006,-4.172596236500001,-0.3391659398099999,-0.9647730421999996,4.405167882000002,-8.914592946000003,0.6509452873000012,-1.9551458761
136,ASN,0.387,0.158282208588957,1.81689,1.61711,0.4408899999999998,2,0.0833333333333333,0,0.0,0.1111,0.3976,0.6747,0.8272,2.78508504,5.423714479999999,7.778162419999997,9.72756855,-1.4590642190500007,-2.8348579711700004,-0.239739352,-0.680515061875,4.912899695999992,-8.219120023219997,0.7539151377999989,-1.7914774735899996
137,PHE,0.863,0.2775812158250241,3.20947,1.80216,0.44384,3,0.166666666666667,0,0.0,0.8111,0.783,0.0763,0.037,2.36709999,4.6084555400000005,6.605972220000001,8.256322970000001,-1.2034668182,-2.3312296805099995,-0.208271581387,-0.5898802987400001,7.421302962000013,-9.74210497921003,1.199499227200001,-2.401434457430001
138,SER,0.425,0.1953124999999999,1.33245,1.22769,0.5233100000000002,1,0.111111111111111,1,0.111111111111111,0.4111,0.1877,0.8514,0.5309,1.39218866,2.70917383,3.8805435,4.84511182,-1.4789457185,-2.8709345012,-0.24641062903,-0.69879823641,4.599889177999994,-7.592231554800005,0.6944249875999999,-1.7362135526900009
139,ARG,0.624,0.1861019982105577,3.1748000000000003,1.7804100000000005,0.9485899999999996,0,0.0,2,0.181818181818182,0.0,0.7346,0.9398,0.6914,1.39255187,2.71193509,3.8893509,4.86444284,-1.5030906217100004,-2.926593828710001,-0.2396436446979999,-0.6818657199,3.694330055999999,-7.245181932780006,0.5708689042999998,-1.6609838628099995
140,GLY,0.524,0.2898230088495575,1.06756,0.6253700000000001,0.6586299999999999,0,0.0,1,0.25,0.4556,0.0,1.0,0.5062,0.55594555,1.0764222599999995,1.52849122,1.88407494,-0.249129345,-0.487167109,-0.03646309,-0.1041347785,0.550032945,-0.55816454,0.0869783125,-0.1313244012
141,GLY,0.617,0.3412610619469026,0.84775,0.7763899999999999,0.4146100000000001,0,0.0,1,0.142857142857143,0.4556,0.0,1.0,0.5062,0.5552521699999999,1.07110071,1.5113445900000002,1.84590406,-0.2816420874999999,-0.549424896,-0.0429286014,-0.1222420634,0.5493027659999999,-0.663691236,0.091835842,-0.1752387897999999
142,TYR,0.49,0.1437793427230047,2.89787,2.15456,0.7634400000000001,0,0.0,1,0.0833333333333333,0.3556,0.8063,0.502,0.1605,0.6942200399999999,1.33995991,1.8923192,2.31327795,-0.5741687107,-1.1166051519999998,-0.0938306396,-0.2668149938999999,0.274760933,0.037964449,0.0457171604,0.0012375285
143,ASN,1.164,0.4760736196319018,2.34952,1.0299699999999998,0.2510300000000001,0,0.0,0,0.0,0.1111,0.3976,0.6747,0.8272,0.97546442,1.9036883,2.74017756,3.44573723,-0.4585367895999999,-0.8947230262000002,-0.06950270849,-0.19795254056,6.568468317999978,-6.9522804068,0.9623988668999984,-1.6273328280400037
144,ASN,0.14,0.0572597137014315,1.81668,1.6639099999999998,0.6410899999999999,0,0.0,1,0.111111111111111,0.1111,0.3976,0.6747,0.8272,1.11147568,2.1496086200000004,3.04639337,3.74407754,-0.6128222681,-1.197314989,-0.0909900983449999,-0.2595577013399999,4.940563573999991,-4.522803928000003,0.8582781486,-1.1062527144199974
145,ARG,2.229,0.664777810915598,3.91141,0.84714,0.2768600000000001,0,0.0,0,0.0,0.0,0.7346,0.9398,0.6914,1.11305672,2.16196698,3.08697997,3.83678932,-0.8595780108299997,-1.6836583310000002,-0.12004433858,-0.34299821162,5.034335864000004,-4.754296864859996,0.7379644315999996,-0.9962824233700014
146,ASP,0.951,0.3547183886609474,2.25912,1.0620699999999998,0.6679300000000001,0,0.0,0,0.0,0.1111,0.3239,0.8675,1.0,1.11242702,2.15702159,3.07065575,3.79924383,-1.0865675624,-2.1166777437999995,-0.1722465829399999,-0.4904625414199999,5.028242968999996,-5.401984115600009,0.7989121708999993,-1.2587399613000014
147,GLU,1.579,0.5788123167155425,2.5946,0.90796,0.2410400000000002,0,0.0,0,0.0,0.1111,0.4884,0.8112,0.9136,1.5311741099999998,2.97826873,4.262626050000001,5.3160278,-1.3887089184000003,-2.718951304999999,-0.1981669955399999,-0.5666121311999999,4.328008145999991,-8.072925649000005,0.6235800223999998,-1.6916472035000008
148,GLY,0.398,0.2201327433628318,0.7468600000000001,0.86179,0.5482100000000002,0,0.0,0,0.0,0.4556,0.0,1.0,0.5062,1.39219163,2.7092095800000005,3.880706590000001,4.84562434,-1.0218990330000002,-2.0013024312000005,-0.14379890303,-0.41096261622,4.363881336999995,-5.090224995099995,0.655121214799999,-1.1548218905600007
149,SER,0.785,0.3607536764705882,1.63042,0.97788,0.41312,1,0.125,2,0.25,0.4111,0.1877,0.8514,0.5309,1.11318429,2.1628623099999995,3.089575,3.84167023,-1.270063032,-2.4745757530000003,-0.2000034658,-0.5694273736000001,3.339755824,-5.953881287999996,0.5253356137999999,-1.3530687327999995
150,ASP,0.469,0.1749347258485639,2.18902,1.37521,0.8367900000000001,0,0.0,1,0.0909090909090909,0.1111,0.3239,0.8675,1.0,0.83418469,1.61667487,2.29930473,2.84070365,-0.4234029736,-0.8208390509000002,-0.07228985899,-0.20486864634,0.431969928,-0.279300182,0.0689953469999999,-0.0723049518
151,ASN,0.581,0.2376278118609407,2.15405,1.06322,0.8007799999999998,0,0.0,0,0.0,0.1111,0.3976,0.6747,0.8272,1.25213464,2.43176637,3.47130849,4.312625649999999,-0.3877194504999999,-0.7464764855000001,-0.07315624791,-0.2061662976999999,0.5888865499999999,-0.2505369943999999,0.0949727151999999,-0.0751632973999999
152,ARG,1.228,0.3662391887861616,3.17393,1.82539,0.2996099999999999,0,0.0,0,0.0,0.0,0.7346,0.9398,0.6914,1.6699873799999998,3.24598125,4.64003893,5.775877749999999,-0.2108833345,-0.4111802640000001,-0.0323726402299999,-0.0921264025,0.235826036,0.0361413119999999,0.036320909,0.0082363547999999
153,GLY,0.315,0.1742256637168141,0.87106,0.92448,0.5685200000000001,1,0.0625,1,0.0625,0.4556,0.0,1.0,0.5062,1.2490445600000002,2.40776278,3.39298885,4.13527335,-0.4523551619999999,-0.8758782034,-0.0784680339,-0.2220691131999999,0.548013988,-0.6180228379999998,0.1022061549999999,-0.1797406257999999
154,SER,1.167,0.5363051470588235,1.45051,0.89669,0.1123100000000001,0,0.0,1,0.1,0.4111,0.1877,0.8514,0.5309,0.97224389,1.87858833,2.65799317,3.2587493600000004,-0.6481912895999999,-1.2594292037,-0.1073809784,-0.305055404,0.5883585950000001,-1.3773335800000002,0.1006782191999999,-0.355151165
155,GLY,0.931,0.5149336283185841,0.99833,0.66354,0.2134599999999999,0,0.0,1,0.166666666666667,0.4556,0.0,1.0,0.5062,0.83388584,1.61443541,2.29227479,2.82562585,-0.5475139474999999,-1.0677427130000003,-0.083891473,-0.238817485,0.590018024,-1.562073774,0.086758692,-0.33445343
156,ARG,2.461,0.7339695794810617,3.97216,0.86878,0.0232200000000003,1,0.125,1,0.125,0.0,0.7346,0.9398,0.6914,0.83268896,1.60509802,2.26167436,2.75592532,-0.5565384838999999,-1.078784207,-0.09546496224,-0.27058026994,0.5880232710000002,-1.255141873,0.1031746735,-0.3168533395
157,SER,1.091,0.5013786764705882,1.52533,0.7297700000000001,0.35523,1,0.0714285714285714,1,0.0714285714285714,0.4111,0.1877,0.8514,0.5309,1.11095169,2.14557144,3.0333305600000005,3.71482771,-0.5272834228,-1.0225477083,-0.0893940375799999,-0.2533432044,0.548622164,-1.2819284860000002,0.0980794714,-0.343889006
158,TYR,1.605,0.4709507042253521,4.021240000000001,1.30727,0.49573,1,0.0833333333333333,2,0.166666666666667,0.3556,0.8063,0.502,0.1605,1.39055016,2.6964387600000004,3.83897146,4.75091655,-0.3617702873000001,-0.704560733,-0.0567991686,-0.1614970643999999,0.7062598820000002,-0.691111052,0.1181122719999999,-0.1679916459999999
159,ASN,1.006,0.4114519427402863,2.24434,1.13272,0.3062799999999999,0,0.0,1,0.142857142857143,0.1111,0.3976,0.6747,0.8272,0.97310363,1.88529729,2.67998542,3.30885876,-0.8835654565,-1.7153487309999995,-0.1472872522,-0.4178167417,0.15706344,-0.352665272,0.0257988776,-0.084742582
160,ASN,1.496,0.6118609406952965,2.41991,0.90871,0.0402899999999998,0,0.0,1,0.25,0.1111,0.3976,0.6747,0.8272,0.69465496,1.34343758,1.90400035,2.34074495,-0.880117492,-1.7072818594000003,-0.1481372551699999,-0.4198159591,0.311821312,-0.883932728,0.068180136,-0.2840336099999999
161,ASP,0.879,0.3278627377844088,2.28336,1.12208,0.6799200000000001,0,0.0,0,0.0,0.1111,0.3239,0.8675,1.0,0.8340435300000001,1.6156695200000002,2.29633371,2.83491656,-0.6008238410999999,-1.1741180445,-0.08870635379,-0.2530737356499999,0.391505816,-0.285330252,0.0727883843999999,-0.0650292998
162,ARG,1.536,0.4580972263644497,3.56883,1.49066,0.3263400000000001,0,0.0,0,0.0,0.0,0.7346,0.9398,0.6914,0.97375743,1.89043609,2.69696013,3.34793646,-0.7512838513000001,-1.4687738620000004,-0.10934625914,-0.3119208985,0.39280934,-0.4528296859999999,0.0618878015999999,-0.1012335151999999
163,ARG,1.849,0.5514464658514763,3.75297,1.16647,0.3375300000000003,0,0.0,1,0.25,0.0,0.7346,0.9398,0.6914,0.6940413400000001,1.3386487800000002,1.88830055,2.30496527,-0.550408195,-1.0619626910000002,-0.101126444,-0.2855527715,0.391922648,-0.8792902659999999,0.0699857379999999,-0.227476968
164,ASP,1.498,0.5587467362924282,2.4319800000000003,0.82341,0.3595900000000001,0,0.0,1,0.25,0.1111,0.3239,0.8675,1.0,0.83397281,1.61511854,2.29453007,2.8308144200000003,-0.512164537,-0.994112909,-0.0851090323999999,-0.2412583706,0.393802518,-0.798655014,0.0533215983999999,-0.155023946
165,ASN,0.912,0.3730061349693251,2.37161,1.14273,0.3902699999999999,0,0.0,1,0.142857142857143,0.1111,0.3976,0.6747,0.8272,0.97298711,1.88442006,2.67722088,3.30290198,-0.290817546,-0.5673789,-0.0441184082,-0.1256199599999999,0.5478251060000001,-1.2538713299999995,0.103712402,-0.3408806100000001
166,GLY,0.982,0.5431415929203539,1.01751,0.6581800000000001,0.1678199999999999,0,0.0,0,0.0,0.4556,0.0,1.0,0.5062,0.8340964700000001,1.6160776099999998,2.2976521400000003,2.8378606700000004,-0.279051483,-0.5426384550000001,-0.04513196,-0.128181975,1.4517087859999989,-3.9637293600000008,0.2430752202,-0.9523737890000002
167,GLY,0.604,0.3340707964601769,0.94493,0.8586300000000001,0.34537,0,0.0,0,0.0,0.4556,0.0,1.0,0.5062,0.69410733,1.33916421,1.88999156,2.30882317,-0.308747208,-0.6003992229999999,-0.049915663,-0.141779565,1.0995326579999996,-3.072270454,0.176149286,-0.7136741850000003
168,ASP,1.701,0.6344647519582246,2.62306,0.69042,0.2895799999999999,0,0.0,0,0.0,0.1111,0.3239,0.8675,1.0,0.55513154,1.07015347,1.5082175400000002,1.83871118,-0.265303874,-0.516939077,-0.0416381702,-0.118518895,0.903086732,-1.944289293,0.1465206301,-0.4475916100000001
169,GLY,1.425,0.7881637168141593,1.49481,0.4404,-0.0574,0,0.0,0,0.0,0.4556,0.0,1.0,0.5062,0.55656626,1.08127836,1.54445288,1.92057672,-0.1876988967,-0.368076235,-0.0258526382,-0.0740286559,0.905378002,-1.3730036060000008,0.1267823039999999,-0.2764120048000001
